10  2.093792585e-07
4 3  4.542880783e-01  1.333333333e+00  7.295959932e-01  5.052231281e-01  3.879825658e+08 -2.816549030e-02  3.504518750e+06  4.241704496e+02  1.387083784e+00  1.429241215e-03 -1.682652517e-02 -2.630045416e-02 -3.700143587e+00 -4.935599471e+00  8.437484346e-03  2.165323682e-03  9.910607403e-01  1.015898060e+00  2.784240345e+00
5 3  5.934136550e-01  1.666666667e+00  6.500155330e-01  5.052231281e-01  2.603307607e+08 -2.040223914e-02  3.504518750e+06  2.816799906e+02  1.282104685e+00  1.684567246e-03 -1.058941087e-02 -1.872780891e-02 -2.515411184e+00 -5.329756520e+00  8.444055532e-03  2.168468568e-03  1.058294366e+00  1.008348795e+00  2.887909357e+00
6 3  6.969433941e-01  2.000000000e+00  6.085088482e-01  5.052231281e-01  1.999853444e+08 -1.250565034e-02  3.504518750e+06  2.225045168e+02  1.251236536e+00  1.897812117e-03 -5.308525755e-03 -1.216371668e-02 -1.862275669e+00 -4.729936834e+00  8.434457706e-03  2.196040023e-03  1.153076642e+00  1.004555438e+00  2.815823362e+00
7 3  7.797775558e-01  2.333333333e+00  5.827520686e-01  5.052231281e-01  1.711721334e+08 -6.700460035e-03  3.504518750e+06  1.835027716e+02  1.261302054e+00  2.137928301e-03 -6.737850173e-04 -6.676320096e-03 -1.532171987e+00 -4.117191626e+00  8.576275868e-03  2.247304262e-03  1.263653548e+00  1.002354801e+00  2.694507574e+00
8 3  8.514504027e-01  2.666666667e+00  5.631930746e-01  5.052231281e-01  1.442293320e+08 -6.283077323e-03  3.504518750e+06  1.523572259e+02  1.259876824e+00  2.318536059e-03 -8.136806327e-04 -6.065208099e-03 -1.298234281e+00 -3.516033946e+00  8.614377202e-03  2.274408827e-03  1.408766825e+00  1.000888921e+00  2.570635456e+00
9 3  9.010973483e-01  3.000000000e+00  5.840812520e-01  5.052231281e-01  1.074737722e+08  7.774971679e-03  3.504518750e+06  1.234001728e+02  1.040286992e+00  1.088077109e-03 -1.384926479e-03  6.559564117e-04  1.200458972e+01 -3.333357285e+00  7.596695792e-03  2.002600476e-03  1.635797767e+00  1.000014298e+00  2.416131986e+00
10 3  9.276815504e-01  3.333333333e+00  6.884775097e-01  5.052231281e-01  9.310404891e+07  1.732860088e-02  3.504518750e+06  1.013566444e+02  8.622744765e-01  1.340982968e-03  9.003458177e-04  7.081593983e-03  2.049944271e+01 -2.342008049e+00  6.683090852e-03  1.741115162e-03  2.092421054e+00  9.995150921e-01  2.237553966e+00
11 3  9.582199653e-01  3.666666667e+00  5.233831825e-01  5.052231281e-01  2.031871766e+08  1.457664306e-02  3.504518750e+06  9.929457947e+01  1.811644008e+00  1.299762712e-02  6.110329952e-02  1.701411722e-02 -6.531565921e+01 -1.181207910e+00  1.121693101e-02  2.803383243e-03  2.441980213e+00  9.994191035e-01  2.100900187e+00
12 3  9.874768603e-01  4.000000000e+00  2.928519221e-01  5.052231281e-01  1.430943018e+07  2.029282296e-02  3.504518750e+06  1.107794248e+02  7.298788078e-01  8.384507443e-03  5.975388493e-02  8.911067662e-03 -2.261186049e+01 -2.728505162e+01  6.348159864e-03  1.938713913e-03  3.437144240e+00  9.998739700e-01  1.985528782e+00
13 3  9.945639605e-01  4.333333333e+00  2.668665612e-01  5.052231281e-01  5.034991330e+06  1.733957986e-02  3.504518750e+06  1.056671607e+02  5.077134177e-01  4.768965858e-03  2.863219041e-02  5.599161630e-03 -1.776067638e+01 -1.141311344e+01  4.934259251e-03  1.659657518e-03  6.205410151e+00  9.999738751e-01  1.846134177e+00
