 1.695500020e+00 -1.815741320e+00  8.540079511e-01  3.683850121e+00  9.338223982e-01  4.684866941e+00  9.952571074e-01  9.707681400e-01  6.919678610e+00 512 3 11
 0.000000000e+00  0.000000000e+00 -6.019360144e-06
 1.956947162e-03  2.911146728e-02  1.344497013e-01
 3.913894325e-03  4.116929201e-02  1.901455788e-01
 5.870841487e-03  5.042141306e-02  2.328816281e-01
 7.827788650e-03  5.822131868e-02  2.689055530e-01
 9.784735812e-03  6.509331149e-02  3.006365274e-01
 1.174168297e-02  7.130631087e-02  3.293147319e-01
 1.369863014e-02  7.702008479e-02  3.556765269e-01
 1.565557730e-02  8.233874401e-02  3.802014206e-01
 1.761252446e-02  8.733461432e-02  4.032222696e-01
 1.956947162e-02  9.206036391e-02  4.249813391e-01
 2.152641879e-02  9.655575979e-02  4.456611703e-01
 2.348336595e-02  1.008517069e-01  4.654018039e-01
 2.544031311e-02  1.049727989e-01  4.843175920e-01
 2.739726027e-02  1.089389591e-01  5.025011601e-01
 2.935420744e-02  1.127666061e-01  5.200281428e-01
 3.131115460e-02  1.164694612e-01  5.369620435e-01
 3.326810176e-02  1.200591287e-01  5.533570390e-01
 3.522504892e-02  1.235455262e-01  5.692579170e-01
 3.718199609e-02  1.269372185e-01  5.847033991e-01
 3.913894325e-02  1.302416595e-01  5.997274169e-01
 4.109589041e-02  1.334653835e-01  6.143596665e-01
 4.305283757e-02  1.366141574e-01  6.286263016e-01
 4.500978474e-02  1.396931011e-01  6.425503642e-01
 4.696673190e-02  1.427067862e-01  6.561523930e-01
 4.892367906e-02  1.456593140e-01  6.694511746e-01
 5.088062622e-02  1.485543787e-01  6.824640120e-01
 5.283757339e-02  1.513953215e-01  6.952061022e-01
 5.479452055e-02  1.541851790e-01  7.076905498e-01
 5.675146771e-02  1.569267224e-01  7.199289317e-01
 5.870841487e-02  1.596224894e-01  7.319328120e-01
 6.066536204e-02  1.622748065e-01  7.437134543e-01
 6.262230920e-02  1.648858123e-01  7.552805064e-01
 6.457925636e-02  1.674574814e-01  7.666420709e-01
 6.653620352e-02  1.699916434e-01  7.778058217e-01
 6.849315068e-02  1.724899955e-01  7.887792033e-01
 7.045009785e-02  1.749541154e-01  7.995691499e-01
 7.240704501e-02  1.773854720e-01  8.101830089e-01
 7.436399217e-02  1.797854336e-01  8.206274133e-01
 7.632093933e-02  1.821552794e-01  8.309065727e-01
 7.827788650e-02  1.844962131e-01  8.410248751e-01
 8.023483366e-02  1.868093643e-01  8.509876734e-01
 8.219178082e-02  1.890957933e-01  8.608000678e-01
 8.414872798e-02  1.913564968e-01  8.704671584e-01
 8.610567515e-02  1.935924135e-01  8.799922113e-01
 8.806262231e-02  1.958044327e-01  8.893778388e-01
 9.001956947e-02  1.979933972e-01  8.986276197e-01
 9.197651663e-02  2.001601037e-01  9.077457240e-01
 9.393346380e-02  2.023053049e-01  9.167368275e-01
 9.589041096e-02  2.044297132e-01  9.256025365e-01
 9.784735812e-02  2.065340100e-01  9.343443611e-01
 9.980430528e-02  2.086188450e-01  9.429650521e-01
 1.017612524e-01  2.106848353e-01  9.514684272e-01
 1.037181996e-01  2.127325664e-01  9.598574059e-01
 1.056751468e-01  2.147625972e-01  9.681335874e-01
 1.076320939e-01  2.167754631e-01  9.762981484e-01
 1.095890411e-01  2.187716777e-01  9.843530163e-01
 1.115459883e-01  2.207517314e-01  9.923007599e-01
 1.135029354e-01  2.227160925e-01  1.000144173e+00
 1.154598826e-01  2.246652086e-01  1.007884412e+00
 1.174168297e-01  2.265995107e-01  1.015522624e+00
 1.193737769e-01  2.285194134e-01  1.023060199e+00
 1.213307241e-01  2.304253148e-01  1.030498376e+00
 1.232876712e-01  2.323175979e-01  1.037839374e+00
 1.252446184e-01  2.341966292e-01  1.045085653e+00
 1.272015656e-01  2.360627606e-01  1.052237607e+00
 1.291585127e-01  2.379163335e-01  1.059295198e+00
 1.311154599e-01  2.397576784e-01  1.066259910e+00
 1.330724070e-01  2.415871129e-01  1.073133701e+00
 1.350293542e-01  2.434049419e-01  1.079918780e+00
 1.369863014e-01  2.452114590e-01  1.086615101e+00
 1.389432485e-01  2.470069503e-01  1.093222789e+00
 1.409001957e-01  2.487916932e-01  1.099743082e+00
 1.428571429e-01  2.505659550e-01  1.106177397e+00
 1.448140900e-01  2.523299937e-01  1.112527130e+00
 1.467710372e-01  2.540840586e-01  1.118793161e+00
 1.487279843e-01  2.558283918e-01  1.124975550e+00
 1.506849315e-01  2.575632289e-01  1.131074919e+00
 1.526418787e-01  2.592887986e-01  1.137091960e+00
 1.545988258e-01  2.610053225e-01  1.143028009e+00
 1.565557730e-01  2.627130146e-01  1.148884322e+00
 1.585127202e-01  2.644120825e-01  1.154661271e+00
 1.604696673e-01  2.661027289e-01  1.160358658e+00
 1.624266145e-01  2.677851516e-01  1.165977036e+00
 1.643835616e-01  2.694595429e-01  1.171517208e+00
 1.663405088e-01  2.711260891e-01  1.176980947e+00
 1.682974560e-01  2.727849701e-01  1.182368863e+00
 1.702544031e-01  2.744363620e-01  1.187680322e+00
 1.722113503e-01  2.760804377e-01  1.192915523e+00
 1.741682975e-01  2.777173657e-01  1.198075360e+00
 1.761252446e-01  2.793473095e-01  1.203161124e+00
 1.780821918e-01  2.809704274e-01  1.208173448e+00
 1.800391389e-01  2.825868744e-01  1.213112482e+00
 1.819960861e-01  2.841968022e-01  1.217977782e+00
 1.839530333e-01  2.858003599e-01  1.222770183e+00
 1.859099804e-01  2.873976920e-01  1.227490648e+00
 1.878669276e-01  2.889889394e-01  1.232139502e+00
 1.898238748e-01  2.905742400e-01  1.236717500e+00
 1.917808219e-01  2.921537282e-01  1.241224532e+00
 1.937377691e-01  2.937275361e-01  1.245660921e+00
 1.956947162e-01  2.952957932e-01  1.250026808e+00
 1.976516634e-01  2.968586261e-01  1.254323035e+00
 1.996086106e-01  2.984161579e-01  1.258550491e+00
 2.015655577e-01  2.999685089e-01  1.262709384e+00
 2.035225049e-01  3.015157975e-01  1.266799515e+00
 2.054794521e-01  3.030581400e-01  1.270820979e+00
 2.074363992e-01  3.045956506e-01  1.274774501e+00
 2.093933464e-01  3.061284407e-01  1.278660948e+00
 2.113502935e-01  3.076566187e-01  1.282480686e+00
 2.133072407e-01  3.091802916e-01  1.286233737e+00
 2.152641879e-01  3.106995643e-01  1.289919970e+00
 2.172211350e-01  3.122145406e-01  1.293539681e+00
 2.191780822e-01  3.137253218e-01  1.297093889e+00
 2.211350294e-01  3.152320066e-01  1.300583166e+00
 2.230919765e-01  3.167346920e-01  1.304007565e+00
 2.250489237e-01  3.182334737e-01  1.307367023e+00
 2.270058708e-01  3.197284459e-01  1.310661751e+00
 2.289628180e-01  3.212197013e-01  1.313892357e+00
 2.309197652e-01  3.227073304e-01  1.317059579e+00
 2.328767123e-01  3.241914221e-01  1.320163323e+00
 2.348336595e-01  3.256720640e-01  1.323204087e+00
 2.367906067e-01  3.271493423e-01  1.326181988e+00
 2.387475538e-01  3.286233419e-01  1.329097297e+00
 2.407045010e-01  3.300941463e-01  1.331950379e+00
 2.426614481e-01  3.315618375e-01  1.334741882e+00
 2.446183953e-01  3.330264961e-01  1.337471904e+00
 2.465753425e-01  3.344882014e-01  1.340140956e+00
 2.485322896e-01  3.359470315e-01  1.342749063e+00
 2.504892368e-01  3.374030637e-01  1.345296390e+00
 2.524461840e-01  3.388563740e-01  1.347783731e+00
 2.544031311e-01  3.403070368e-01  1.350211168e+00
 2.563600783e-01  3.417551258e-01  1.352579270e+00
 2.583170254e-01  3.432007133e-01  1.354888264e+00
 2.602739726e-01  3.446438707e-01  1.357138188e+00
 2.622309198e-01  3.460846686e-01  1.359329484e+00
 2.641878669e-01  3.475231766e-01  1.361462726e+00
 2.661448141e-01  3.489594628e-01  1.363538148e+00
 2.681017613e-01  3.503935948e-01  1.365556173e+00
 2.700587084e-01  3.518256389e-01  1.367517003e+00
 2.720156556e-01  3.532556609e-01  1.369420842e+00
 2.739726027e-01  3.546837257e-01  1.371268292e+00
 2.759295499e-01  3.561098969e-01  1.373059773e+00
 2.778864971e-01  3.575342374e-01  1.374795364e+00
 2.798434442e-01  3.589568097e-01  1.376475609e+00
 2.818003914e-01  3.603776749e-01  1.378100744e+00
 2.837573386e-01  3.617968938e-01  1.379671149e+00
 2.857142857e-01  3.632145260e-01  1.381187358e+00
 2.876712329e-01  3.646306305e-01  1.382649570e+00
 2.896281800e-01  3.660452656e-01  1.384058131e+00
 2.915851272e-01  3.674584890e-01  1.385413535e+00
 2.935420744e-01  3.688703574e-01  1.386716125e+00
 2.954990215e-01  3.702809269e-01  1.387966276e+00
 2.974559687e-01  3.716902528e-01  1.389164372e+00
 2.994129159e-01  3.730983901e-01  1.390310727e+00
 3.013698630e-01  3.745053927e-01  1.391405746e+00
 3.033268102e-01  3.759113143e-01  1.392449869e+00
 3.052837573e-01  3.773162075e-01  1.393443443e+00
 3.072407045e-01  3.787201247e-01  1.394386796e+00
 3.091976517e-01  3.801231174e-01  1.395280302e+00
 3.111545988e-01  3.815252369e-01  1.396124346e+00
 3.131115460e-01  3.829265337e-01  1.396919311e+00
 3.150684932e-01  3.843270576e-01  1.397665581e+00
 3.170254403e-01  3.857268582e-01  1.398363502e+00
 3.189823875e-01  3.871259843e-01  1.399013405e+00
 3.209393346e-01  3.885244845e-01  1.399615684e+00
 3.228962818e-01  3.899224066e-01  1.400170754e+00
 3.248532290e-01  3.913197980e-01  1.400678937e+00
 3.268101761e-01  3.927167058e-01  1.401140607e+00
 3.287671233e-01  3.941131764e-01  1.401556097e+00
 3.307240705e-01  3.955092560e-01  1.401925787e+00
 3.326810176e-01  3.969049900e-01  1.402250129e+00
 3.346379648e-01  3.983004236e-01  1.402529510e+00
 3.365949119e-01  3.996956016e-01  1.402764130e+00
 3.385518591e-01  4.010905683e-01  1.402954403e+00
 3.405088063e-01  4.024853677e-01  1.403100715e+00
 3.424657534e-01  4.038800434e-01  1.403203497e+00
 3.444227006e-01  4.052746384e-01  1.403263178e+00
 3.463796477e-01  4.066691953e-01  1.403280064e+00
 3.483365949e-01  4.080637566e-01  1.403254418e+00
 3.502935421e-01  4.094583644e-01  1.403186656e+00
 3.522504892e-01  4.108530602e-01  1.403077135e+00
 3.542074364e-01  4.122478855e-01  1.402926360e+00
 3.561643836e-01  4.136428811e-01  1.402734763e+00
 3.581213307e-01  4.150380874e-01  1.402502637e+00
 3.600782779e-01  4.164335447e-01  1.402230218e+00
 3.620352250e-01  4.178292930e-01  1.401917816e+00
 3.639921722e-01  4.192253721e-01  1.401566029e+00
 3.659491194e-01  4.206218210e-01  1.401175343e+00
 3.679060665e-01  4.220186787e-01  1.400746129e+00
 3.698630137e-01  4.234159835e-01  1.400278607e+00
 3.718199609e-01  4.248137739e-01  1.399773076e+00
 3.737769080e-01  4.262120881e-01  1.399229858e+00
 3.757338552e-01  4.276109638e-01  1.398649677e+00
 3.776908023e-01  4.290104383e-01  1.398032904e+00
 3.796477495e-01  4.304105484e-01  1.397379937e+00
 3.816046967e-01  4.318113310e-01  1.396691018e+00
 3.835616438e-01  4.332128227e-01  1.395966229e+00
 3.855185910e-01  4.346150600e-01  1.395206272e+00
 3.874755382e-01  4.360180787e-01  1.394411784e+00
 3.894324853e-01  4.374219142e-01  1.393583143e+00
 3.913894325e-01  4.388266018e-01  1.392720751e+00
 3.933463796e-01  4.402321765e-01  1.391824570e+00
 3.953033268e-01  4.416386735e-01  1.390894879e+00
 3.972602740e-01  4.430461275e-01  1.389932667e+00
 3.992172211e-01  4.444545724e-01  1.388938413e+00
 4.011741683e-01  4.458640421e-01  1.387912405e+00
 4.031311155e-01  4.472745701e-01  1.386855082e+00
 4.050880626e-01  4.486861898e-01  1.385766174e+00
 4.070450098e-01  4.500989350e-01  1.384646502e+00
 4.090019569e-01  4.515128384e-01  1.383496890e+00
 4.109589041e-01  4.529279324e-01  1.382317629e+00
 4.129158513e-01  4.543442492e-01  1.381109172e+00
 4.148727984e-01  4.557618206e-01  1.379871761e+00
 4.168297456e-01  4.571806787e-01  1.378605274e+00
 4.187866928e-01  4.586008555e-01  1.377310721e+00
 4.207436399e-01  4.600223819e-01  1.375988801e+00
 4.227005871e-01  4.614452887e-01  1.374639878e+00
 4.246575342e-01  4.628696063e-01  1.373264339e+00
 4.266144814e-01  4.642953651e-01  1.371862076e+00
 4.285714286e-01  4.657225958e-01  1.370433470e+00
 4.305283757e-01  4.671513283e-01  1.368979637e+00
 4.324853229e-01  4.685815919e-01  1.367501090e+00
 4.344422701e-01  4.700134156e-01  1.365998168e+00
 4.363992172e-01  4.714468282e-01  1.364470921e+00
 4.383561644e-01  4.728818587e-01  1.362919710e+00
 4.403131115e-01  4.743185359e-01  1.361345089e+00
 4.422700587e-01  4.757568878e-01  1.359747933e+00
 4.442270059e-01  4.771969419e-01  1.358128658e+00
 4.461839530e-01  4.786387257e-01  1.356487557e+00
 4.481409002e-01  4.800822663e-01  1.354824835e+00
 4.500978474e-01  4.815275908e-01  1.353141085e+00
 4.520547945e-01  4.829747261e-01  1.351436639e+00
 4.540117417e-01  4.844236983e-01  1.349712383e+00
 4.559686888e-01  4.858745333e-01  1.347968836e+00
 4.579256360e-01  4.873272564e-01  1.346205961e+00
 4.598825832e-01  4.887818933e-01  1.344424493e+00
 4.618395303e-01  4.902384689e-01  1.342624676e+00
 4.637964775e-01  4.916970082e-01  1.340807097e+00
 4.657534247e-01  4.931575353e-01  1.338972639e+00
 4.677103718e-01  4.946200738e-01  1.337121347e+00
 4.696673190e-01  4.960846478e-01  1.335253637e+00
 4.716242661e-01  4.975512805e-01  1.333370326e+00
 4.735812133e-01  4.990199947e-01  1.331471564e+00
 4.755381605e-01  5.004908131e-01  1.329558036e+00
 4.774951076e-01  5.019637578e-01  1.327630150e+00
 4.794520548e-01  5.034388509e-01  1.325688239e+00
 4.814090020e-01  5.049161137e-01  1.323733216e+00
 4.833659491e-01  5.063955670e-01  1.321765455e+00
 4.853228963e-01  5.078772316e-01  1.319785111e+00
 4.872798434e-01  5.093611279e-01  1.317792738e+00
 4.892367906e-01  5.108472759e-01  1.315788818e+00
 4.911937378e-01  5.123356952e-01  1.313774229e+00
 4.931506849e-01  5.138264045e-01  1.311749553e+00
 4.951076321e-01  5.153194221e-01  1.309714879e+00
 4.970645793e-01  5.168147665e-01  1.307670480e+00
 4.990215264e-01  5.183124558e-01  1.305616892e+00
 5.009784736e-01  5.198125076e-01  1.303555139e+00
 5.029354207e-01  5.213149382e-01  1.301485777e+00
 5.048923679e-01  5.228197638e-01  1.299409154e+00
 5.068493151e-01  5.243270003e-01  1.297325600e+00
 5.088062622e-01  5.258366634e-01  1.295234961e+00
 5.107632094e-01  5.273487689e-01  1.293138533e+00
 5.127201566e-01  5.288633308e-01  1.291037069e+00
 5.146771037e-01  5.303803628e-01  1.288930942e+00
 5.166340509e-01  5.318998782e-01  1.286820745e+00
 5.185909980e-01  5.334218898e-01  1.284706105e+00
 5.205479452e-01  5.349464110e-01  1.282587865e+00
 5.225048924e-01  5.364734538e-01  1.280467064e+00
 5.244618395e-01  5.380030291e-01  1.278344275e+00
 5.264187867e-01  5.395351475e-01  1.276219996e+00
 5.283757339e-01  5.410698191e-01  1.274094324e+00
 5.303326810e-01  5.426070539e-01  1.271967235e+00
 5.322896282e-01  5.441468621e-01  1.269839814e+00
 5.342465753e-01  5.456892518e-01  1.267712945e+00
 5.362035225e-01  5.472342309e-01  1.265587042e+00
 5.381604697e-01  5.487818068e-01  1.263462093e+00
 5.401174168e-01  5.503319868e-01  1.261338565e+00
 5.420743640e-01  5.518847778e-01  1.259216797e+00
 5.440313112e-01  5.534401859e-01  1.257097601e+00
 5.459882583e-01  5.549982164e-01  1.254981617e+00
 5.479452055e-01  5.565588741e-01  1.252868848e+00
 5.499021526e-01  5.581221635e-01  1.250759714e+00
 5.518590998e-01  5.596880888e-01  1.248654903e+00
 5.538160470e-01  5.612566530e-01  1.246554489e+00
 5.557729941e-01  5.628278594e-01  1.244459196e+00
 5.577299413e-01  5.644017101e-01  1.242369213e+00
 5.596868885e-01  5.659782070e-01  1.240284932e+00
 5.616438356e-01  5.675573515e-01  1.238207054e+00
 5.636007828e-01  5.691391440e-01  1.236135817e+00
 5.655577299e-01  5.707235847e-01  1.234071421e+00
 5.675146771e-01  5.723106736e-01  1.232014124e+00
 5.694716243e-01  5.739004101e-01  1.229964473e+00
 5.714285714e-01  5.754927927e-01  1.227923111e+00
 5.733855186e-01  5.770878192e-01  1.225890384e+00
 5.753424658e-01  5.786854870e-01  1.223866452e+00
 5.772994129e-01  5.802857933e-01  1.221851197e+00
 5.792563601e-01  5.818887352e-01  1.219845378e+00
 5.812133072e-01  5.834943085e-01  1.217849594e+00
 5.831702544e-01  5.851025083e-01  1.215864109e+00
 5.851272016e-01  5.867133295e-01  1.213889191e+00
 5.870841487e-01  5.883267665e-01  1.211924748e+00
 5.890410959e-01  5.899428137e-01  1.209971055e+00
 5.909980431e-01  5.915614649e-01  1.208028735e+00
 5.929549902e-01  5.931827130e-01  1.206097963e+00
 5.949119374e-01  5.948065507e-01  1.204178773e+00
 5.968688845e-01  5.964329707e-01  1.202271227e+00
 5.988258317e-01  5.980619653e-01  1.200375406e+00
 6.007827789e-01  5.996935266e-01  1.198491437e+00
 6.027397260e-01  6.013276465e-01  1.196619407e+00
 6.046966732e-01  6.029643168e-01  1.194759318e+00
 6.066536204e-01  6.046035289e-01  1.192911152e+00
 6.086105675e-01  6.062452744e-01  1.191074880e+00
 6.105675147e-01  6.078895447e-01  1.189250498e+00
 6.125244618e-01  6.095363312e-01  1.187437972e+00
 6.144814090e-01  6.111856250e-01  1.185637236e+00
 6.164383562e-01  6.128374176e-01  1.183848195e+00
 6.183953033e-01  6.144917001e-01  1.182070719e+00
 6.203522505e-01  6.161484640e-01  1.180304678e+00
 6.223091977e-01  6.178077006e-01  1.178550004e+00
 6.242661448e-01  6.194694015e-01  1.176806709e+00
 6.262230920e-01  6.211335579e-01  1.175074457e+00
 6.281800391e-01  6.228001617e-01  1.173353005e+00
 6.301369863e-01  6.244692048e-01  1.171642201e+00
 6.320939335e-01  6.261406792e-01  1.169941831e+00
 6.340508806e-01  6.278145774e-01  1.168251845e+00
 6.360078278e-01  6.294908913e-01  1.166572138e+00
 6.379647750e-01  6.311696135e-01  1.164902176e+00
 6.399217221e-01  6.328507372e-01  1.163241688e+00
 6.418786693e-01  6.345342555e-01  1.161590469e+00
 6.438356164e-01  6.362201621e-01  1.159948394e+00
 6.457925636e-01  6.379084506e-01  1.158315022e+00
 6.477495108e-01  6.395991152e-01  1.156690180e+00
 6.497064579e-01  6.412921504e-01  1.155073568e+00
 6.516634051e-01  6.429875509e-01  1.153464872e+00
 6.536203523e-01  6.446853120e-01  1.151863723e+00
 6.555772994e-01  6.463854294e-01  1.150269634e+00
 6.575342466e-01  6.480878995e-01  1.148682239e+00
 6.594911937e-01  6.497927190e-01  1.147101477e+00
 6.614481409e-01  6.514998847e-01  1.145527296e+00
 6.634050881e-01  6.532093934e-01  1.143958884e+00
 6.653620352e-01  6.549212435e-01  1.142395694e+00
 6.673189824e-01  6.566354340e-01  1.140837424e+00
 6.692759295e-01  6.583519639e-01  1.139283692e+00
 6.712328767e-01  6.600708331e-01  1.137734503e+00
 6.731898239e-01  6.617920411e-01  1.136189652e+00
 6.751467710e-01  6.635155882e-01  1.134648144e+00
 6.771037182e-01  6.652414762e-01  1.133109432e+00
 6.790606654e-01  6.669697075e-01  1.131573395e+00
 6.810176125e-01  6.687002846e-01  1.130039730e+00
 6.829745597e-01  6.704332104e-01  1.128507827e+00
 6.849315068e-01  6.721684890e-01  1.126977494e+00
 6.868884540e-01  6.739061247e-01  1.125448357e+00
 6.888454012e-01  6.756461223e-01  1.123919737e+00
 6.908023483e-01  6.773884879e-01  1.122391311e+00
 6.927592955e-01  6.791332280e-01  1.120862364e+00
 6.947162427e-01  6.808803505e-01  1.119332449e+00
 6.966731898e-01  6.826298634e-01  1.117801352e+00
 6.986301370e-01  6.843817754e-01  1.116269277e+00
 7.005870841e-01  6.861360947e-01  1.114735240e+00
 7.025440313e-01  6.878928320e-01  1.113198357e+00
 7.045009785e-01  6.896519989e-01  1.111658218e+00
 7.064579256e-01  6.914136075e-01  1.110114542e+00
 7.084148728e-01  6.931776703e-01  1.108567237e+00
 7.103718200e-01  6.949442004e-01  1.107015612e+00
 7.123287671e-01  6.967132120e-01  1.105459206e+00
 7.142857143e-01  6.984847201e-01  1.103897641e+00
 7.162426614e-01  7.002587405e-01  1.102330268e+00
 7.181996086e-01  7.020352901e-01  1.100756696e+00
 7.201565558e-01  7.038143866e-01  1.099176265e+00
 7.221135029e-01  7.055960488e-01  1.097588621e+00
 7.240704501e-01  7.073802962e-01  1.095993160e+00
 7.260273973e-01  7.091671493e-01  1.094390005e+00
 7.279843444e-01  7.109566285e-01  1.092778548e+00
 7.299412916e-01  7.127487560e-01  1.091157737e+00
 7.318982387e-01  7.145435555e-01  1.089527065e+00
 7.338551859e-01  7.163410517e-01  1.087886215e+00
 7.358121331e-01  7.181412696e-01  1.086235175e+00
 7.377690802e-01  7.199442347e-01  1.084573150e+00
 7.397260274e-01  7.217499745e-01  1.082899467e+00
 7.416829746e-01  7.235585174e-01  1.081213819e+00
 7.436399217e-01  7.253698924e-01  1.079515698e+00
 7.455968689e-01  7.271841299e-01  1.077804486e+00
 7.475538160e-01  7.290012616e-01  1.076079592e+00
 7.495107632e-01  7.308213204e-01  1.074340556e+00
 7.514677104e-01  7.326443400e-01  1.072586792e+00
 7.534246575e-01  7.344703558e-01  1.070817783e+00
 7.553816047e-01  7.362994039e-01  1.069033385e+00
 7.573385519e-01  7.381315211e-01  1.067233131e+00
 7.592954990e-01  7.399667457e-01  1.065415797e+00
 7.612524462e-01  7.418051188e-01  1.063580759e+00
 7.632093933e-01  7.436466818e-01  1.061727960e+00
 7.651663405e-01  7.454914773e-01  1.059856737e+00
 7.671232877e-01  7.473395493e-01  1.057966221e+00
 7.690802348e-01  7.491909441e-01  1.056055670e+00
 7.710371820e-01  7.510457093e-01  1.054124793e+00
 7.729941292e-01  7.529038932e-01  1.052173381e+00
 7.749510763e-01  7.547655456e-01  1.050200076e+00
 7.769080235e-01  7.566307195e-01  1.048204020e+00
 7.788649706e-01  7.584994692e-01  1.046184662e+00
 7.808219178e-01  7.603718509e-01  1.044141379e+00
 7.827788650e-01  7.622479225e-01  1.042073273e+00
 7.847358121e-01  7.641277441e-01  1.039979400e+00
 7.866927593e-01  7.660113785e-01  1.037858884e+00
 7.886497065e-01  7.678988908e-01  1.035709949e+00
 7.906066536e-01  7.697903502e-01  1.033531481e+00
 7.925636008e-01  7.716858274e-01  1.031323974e+00
 7.945205479e-01  7.735853924e-01  1.029088218e+00
 7.964774951e-01  7.754891146e-01  1.026824391e+00
 7.984344423e-01  7.773970639e-01  1.024533845e+00
 8.003913894e-01  7.793093080e-01  1.022216029e+00
 8.023483366e-01  7.812259152e-01  1.019875619e+00
 8.043052838e-01  7.831469415e-01  1.017521015e+00
 8.062622309e-01  7.850724297e-01  1.015153357e+00
 8.082191781e-01  7.870024241e-01  1.012775355e+00
 8.101761252e-01  7.889369602e-01  1.010394132e+00
 8.121330724e-01  7.908760583e-01  1.008017491e+00
 8.140900196e-01  7.928197272e-01  1.005647567e+00
 8.160469667e-01  7.947679751e-01  1.003285058e+00
 8.180039139e-01  7.967208085e-01  1.000930280e+00
 8.199608611e-01  7.986782343e-01  9.985823889e-01
 8.219178082e-01  8.006402600e-01  9.962450470e-01
 8.238747554e-01  8.026068880e-01  9.939119146e-01
 8.258317025e-01  8.045781409e-01  9.915688463e-01
 8.277886497e-01  8.065540565e-01  9.892336661e-01
 8.297455969e-01  8.085346191e-01  9.869242335e-01
 8.317025440e-01  8.105197887e-01  9.846493112e-01
 8.336594912e-01  8.125095127e-01  9.824095752e-01
 8.356164384e-01  8.145037350e-01  9.802136647e-01
 8.375733855e-01  8.165023714e-01  9.780771637e-01
 8.395303327e-01  8.185052989e-01  9.760253942e-01
 8.414872798e-01  8.205123437e-01  9.740720608e-01
 8.434442270e-01  8.225233206e-01  9.722022220e-01
 8.454011742e-01  8.245380688e-01  9.704350345e-01
 8.473581213e-01  8.265563537e-01  9.688045065e-01
 8.493150685e-01  8.285778706e-01  9.673417082e-01
 8.512720157e-01  8.306022568e-01  9.660639282e-01
 8.532289628e-01  8.326291267e-01  9.649663312e-01
 8.551859100e-01  8.346580992e-01  9.640682448e-01
 8.571428571e-01  8.366887276e-01  9.634025541e-01
 8.590998043e-01  8.387205060e-01  9.629771421e-01
 8.610567515e-01  8.407529315e-01  9.627905362e-01
 8.630136986e-01  8.427855086e-01  9.628303897e-01
 8.649706458e-01  8.448177750e-01  9.630819527e-01
 8.669275930e-01  8.468492966e-01  9.635375003e-01
 8.688845401e-01  8.488796587e-01  9.641773785e-01
 8.708414873e-01  8.509084983e-01  9.649869620e-01
 8.727984344e-01  8.529354934e-01  9.659268331e-01
 8.747553816e-01  8.549604375e-01  9.669231095e-01
 8.767123288e-01  8.569832763e-01  9.679312071e-01
 8.786692759e-01  8.590040114e-01  9.689386785e-01
 8.806262231e-01  8.610226646e-01  9.699236590e-01
 8.825831703e-01  8.630393136e-01  9.708633324e-01
 8.845401174e-01  8.650540840e-01  9.717307160e-01
 8.864970646e-01  8.670671694e-01  9.724772060e-01
 8.884540117e-01  8.690788678e-01  9.730593068e-01
 8.904109589e-01  8.710895367e-01  9.734769035e-01
 8.923679061e-01  8.730995071e-01  9.737392381e-01
 8.943248532e-01  8.751091024e-01  9.738360758e-01
 8.962818004e-01  8.771186752e-01  9.737622458e-01
 8.982387476e-01  8.791285846e-01  9.735080834e-01
 9.001956947e-01  8.811392186e-01  9.730566623e-01
 9.021526419e-01  8.831510006e-01  9.723922976e-01
 9.041095890e-01  8.851643772e-01  9.715172544e-01
 9.060665362e-01  8.871797791e-01  9.704414110e-01
 9.080234834e-01  8.891976209e-01  9.691699190e-01
 9.099804305e-01  8.912183144e-01  9.677023722e-01
 9.119373777e-01  8.932422729e-01  9.660504625e-01
 9.138943249e-01  8.952698873e-01  9.642143926e-01
 9.158512720e-01  8.973015633e-01  9.621900127e-01
 9.178082192e-01  8.993377158e-01  9.599804179e-01
 9.197651663e-01  9.013787533e-01  9.575895896e-01
 9.217221135e-01  9.034250811e-01  9.550200137e-01
 9.236790607e-01  9.054770930e-01  9.523061656e-01
 9.256360078e-01  9.075351143e-01  9.494477393e-01
 9.275929550e-01  9.095995145e-01  9.464223000e-01
 9.295499022e-01  9.116707084e-01  9.432307740e-01
 9.315068493e-01  9.137490959e-01  9.398899561e-01
 9.334637965e-01  9.158350598e-01  9.363824607e-01
 9.354207436e-01  9.179290474e-01  9.326915258e-01
 9.373776908e-01  9.200315119e-01  9.288676845e-01
 9.393346380e-01  9.221427834e-01  9.249340934e-01
 9.412915851e-01  9.242632202e-01  9.208335006e-01
 9.432485323e-01  9.263933415e-01  9.165267403e-01
 9.452054795e-01  9.285336856e-01  9.120663300e-01
 9.471624266e-01  9.306845909e-01  9.076385155e-01
 9.491193738e-01  9.328460885e-01  9.030629366e-01
 9.510763209e-01  9.350188832e-01  8.982104052e-01
 9.530332681e-01  9.372038070e-01  8.928042599e-01
 9.549902153e-01  9.394017290e-01  8.874887648e-01
 9.569471624e-01  9.416096399e-01  8.871710653e-01
 9.589041096e-01  9.438146638e-01  8.878086817e-01
 9.608610568e-01  9.460206226e-01  8.859948600e-01
 9.628180039e-01  9.482350663e-01  8.808640618e-01
 9.647749511e-01  9.504668992e-01  8.721564872e-01
 9.667318982e-01  9.527256508e-01  8.603799481e-01
 9.686888454e-01  9.550208543e-01  8.437426190e-01
 9.706457926e-01  9.573686500e-01  8.220575137e-01
 9.726027397e-01  9.597833074e-01  7.988108491e-01
 9.745596869e-01  9.622690837e-01  7.758516817e-01
 9.765166341e-01  9.648281974e-01  7.538076851e-01
 9.784735812e-01  9.674609956e-01  7.331252750e-01
 9.804305284e-01  9.701661185e-01  7.141067460e-01
 9.823874755e-01  9.729406635e-01  6.969448587e-01
 9.843444227e-01  9.757803487e-01  6.817525669e-01
 9.863013699e-01  9.786796746e-01  6.685872188e-01
 9.882583170e-01  9.816320841e-01  6.574694990e-01
 9.902152642e-01  9.846301199e-01  6.483978293e-01
 9.921722114e-01  9.876655802e-01  6.413590550e-01
 9.941291585e-01  9.907296706e-01  6.363362057e-01
 9.960861057e-01  9.938131534e-01  6.333140144e-01
 9.980430528e-01  9.969064934e-01  6.326153794e-01
 1.000000000e+00  1.000000000e+00  6.325812949e-01
4  4.145273840e-01  6.887871363e-01  1.013850972e+00  7.528443585e-01  9.542994373e-01  5.237315476e+01  4.432877038e-01  9.963644021e-01  3.574050447e-01  2.742091927e+00
5  5.397584990e-01  9.971850222e-01  1.008685438e+00  6.184367446e-01  9.280900437e-01  3.183681094e+01  3.910226340e-01  1.054091624e+00  5.267037977e-01  2.841841751e+00
6  6.384807886e-01  1.169215629e+00  1.005663772e+00  5.279308378e-01  9.070210176e-01  2.371808595e+01  3.621689638e-01  1.138029981e+00  6.464553535e-01  2.792955674e+00
7  7.242894193e-01  1.274078853e+00  1.003458825e+00  4.629654562e-01  8.947790165e-01  1.933250194e+01  3.428475775e-01  1.230204706e+00  7.424729859e-01  2.709744301e+00
8  8.003419664e-01  1.428741653e+00  1.001674634e+00  4.139082004e-01  8.997477803e-01  1.704261924e+01  3.293162149e-01  1.339065009e+00  8.216205823e-01  2.615332635e+00
9  8.615042625e-01  1.885715434e+00  1.000460860e+00  3.749262919e-01  9.369352421e-01  1.670919670e+01  3.211389845e-01  1.494072386e+00  8.810933915e-01  2.499364965e+00
10  9.029524974e-01  2.693983178e+00  9.998042908e-01  3.426869497e-01  1.026453672e+00  1.865843177e+01  3.175055484e-01  1.737593356e+00  9.212706401e-01  2.356104527e+00
11  9.324085903e-01  3.108076125e+00  9.994350412e-01  3.155753236e-01  1.179590105e+00  2.322434315e+01  3.167320734e-01  2.128651126e+00  9.487240810e-01  2.210969782e+00
12  9.726278272e-01  3.194496084e+00  9.997599613e-01  2.950292226e-01  1.377269028e+00  2.922450219e+01  3.200927581e-01  2.485543769e+00  9.821691677e-01  2.114831832e+00
13  9.874869767e-01  8.358451043e+00  9.999248206e-01  2.749519599e-01  1.619068464e+00  3.839573469e+01  3.239815398e-01  3.790622818e+00  9.920576334e-01  1.982302949e+00
14  9.947129976e-01  1.546694589e+01  9.999762369e-01  2.542498535e-01  1.811100869e+00  4.534694321e+01  3.285526161e-01  7.351109768e+00  9.966557495e-01  1.854274776e+00
0 0 -1.241574736e-01  7.945607659e-18
0 1  1.369482020e-02 -5.301307622e-03
0 2 -1.461018351e-02  6.462047098e-03
0 3  4.052137143e-03 -7.478123040e-03
0 4 -9.781416392e-05  6.634074360e-03
0 5 -4.735541835e-03 -2.783958320e-03
0 6  3.057286988e-03 -2.953687141e-03
0 7  2.707855497e-03  2.490529660e-03
0 8 -5.563624226e-04  3.219415501e-03
0 9 -2.204324208e-03  2.037862205e-03
0 10 -2.686468007e-03  8.293383959e-04
1 0 -1.103020205e-01 -4.269825625e-02
1 1 -9.582087447e-02  2.418470384e-18
1 2  9.318951663e-03 -7.617637981e-03
1 3 -1.311346762e-02  9.344536127e-03
1 4 -8.297018201e-04 -9.324222391e-03
1 5  4.475183119e-03  4.725155046e-03
1 6 -5.543184352e-03  3.213568143e-03
1 7 -3.609100377e-03 -3.942571598e-03
1 8  1.061559047e-03 -4.127757509e-03
1 9  3.019433258e-03 -2.213096680e-03
1 10  3.266808933e-03 -7.378333164e-04
2 0  1.176746199e-01  5.204718582e-02
2 1 -9.725387829e-02 -7.949873160e-02
2 2 -7.670634176e-02 -9.838436469e-18
2 3  4.770142641e-03 -9.415295419e-03
2 4 -8.386888407e-03  1.042717059e-02
2 5 -6.875032877e-03 -7.111766882e-03
2 6  5.129913983e-03 -2.084437757e-03
2 7  1.383846077e-03  5.284434279e-03
2 8 -3.286142077e-03  4.040501179e-03
2 9 -4.639768406e-03  1.398144205e-03
2 10 -4.563075307e-03 -7.304123147e-04
3 0 -3.263707794e-02 -6.023095368e-02
3 1  1.368539756e-01  9.752088132e-02
3 2 -6.218706995e-02 -1.227446806e-01
3 3 -6.331034104e-02 -9.351630260e-18
3 4  6.630744992e-04 -1.093091752e-02
3 5 -3.127721578e-03  9.565244273e-03
3 6 -1.056836725e-02 -1.031949763e-03
3 7 -1.878103987e-03 -6.556622257e-03
3 8  3.236236501e-03 -2.849214732e-03
3 9  3.706549944e-03  4.705179544e-04
3 10  2.738802601e-03  1.643406768e-03
4 0  7.878234076e-04  5.343274286e-02
4 1  8.658883826e-03 -9.730888434e-02
4 2  1.093376143e-01  1.359362258e-01
4 3 -1.047339958e-02 -1.726561149e-01
4 4 -5.346922360e-02 -2.257697456e-17
4 5 -3.709779506e-03 -1.228518958e-02
4 6  1.368233129e-03  5.813079401e-03
4 7 -8.073147821e-03  5.718313905e-03
4 8 -8.224699058e-03 -5.561070657e-04
4 9 -5.788247742e-03 -3.611144182e-03
4 10 -3.551347839e-03 -5.495295964e-03
5 0  3.814141588e-02 -2.242280097e-02
5 1 -4.670363472e-02  4.931237658e-02
5 2  8.962795930e-02 -9.271419701e-02
5 3  4.940301262e-02  1.510850221e-01
5 4  6.938158544e-02 -2.297618845e-01
5 5 -4.539908681e-02 -2.168733427e-18
5 6 -8.607267861e-03 -1.264135768e-02
5 7  2.498466585e-03 -1.105862912e-03
5 8 -8.440640047e-05  4.871355576e-03
5 9 -3.349930740e-03  5.325740606e-03
5 10 -4.806689088e-03  2.763200603e-03
6 0 -2.462426868e-02 -2.378984572e-02
6 1  5.784944442e-02  3.353724500e-02
6 2 -6.687731242e-02 -2.717425586e-02
6 3  1.669295580e-01 -1.629986107e-02
6 4 -2.558917143e-02  1.087182310e-01
6 5  1.895912113e-01 -2.784496027e-01
6 6 -3.806751756e-02 -4.268511545e-17
6 7 -1.235113814e-02 -1.076152217e-02
6 8 -1.213151132e-03 -6.357300180e-03
6 9  1.411752367e-03 -2.345200479e-03
6 10  2.269900009e-03 -1.738615474e-03
7 0 -2.180984695e-02  2.005944216e-02
7 1  3.766507451e-02 -4.114522665e-02
7 2 -1.804083007e-02  6.889175207e-02
7 3  2.966504296e-02 -1.035632118e-01
7 4  1.509868159e-01  1.069458937e-01
7 5 -5.503341060e-02 -2.435870388e-02
7 6  3.244534692e-01 -2.826956645e-01
7 7 -3.172857320e-02 -1.059881585e-16
7 8 -1.136629192e-02 -5.742984018e-03
7 9 -6.122564288e-03 -6.592581142e-03
7 10 -2.038810984e-03 -7.886646387e-03
8 0  4.481102962e-03  2.593009835e-02
8 1 -1.107857816e-02 -4.307785263e-02
8 2  4.284055270e-02  5.267492995e-02
8 3 -5.111702840e-02 -4.500393909e-02
8 4  1.538211798e-01 -1.040050758e-02
8 5  1.859209213e-03  1.073007392e-01
8 6  3.186840670e-02 -1.670006501e-01
8 7  3.582352050e-01 -1.810035384e-01
8 8 -2.947673460e-02 -1.023221014e-16
8 9 -1.588061544e-02 -4.643844763e-03
8 10 -9.646050600e-03 -9.718710776e-03
9 0  1.775426113e-02  1.641352829e-02
9 1 -3.151122628e-02 -2.309618538e-02
9 2  6.048741602e-02  1.822723093e-02
9 3 -5.854572702e-02  7.431928918e-03
9 4  1.082538206e-01 -6.753687333e-02
9 5  7.378850490e-02  1.173094214e-01
9 6 -3.708548541e-02 -6.160634130e-02
9 7  1.929668961e-01 -2.077805737e-01
9 8  5.387508372e-01 -1.575427138e-01
9 9 -2.088144003e-02  1.373752924e-16
9 10 -8.904067782e-03 -4.738051730e-03
10 0  2.163758596e-02  6.679729958e-03
10 1 -3.409287330e-02 -7.700131318e-03
10 2  5.948758868e-02 -9.522189404e-03
10 3 -4.325995652e-02  2.595795159e-02
10 4  6.641854135e-02 -1.027749347e-01
10 5  1.058763386e-01  6.086467365e-02
10 6 -5.962826459e-02 -4.567189000e-02
10 7  6.425788425e-02 -2.485660587e-01
10 8  3.272428487e-01 -3.297078496e-01
10 9  4.264106195e-01 -2.269025375e-01
10 10 -1.728456045e-02  1.411348857e-16
0 0 -8.411819478e+00  4.329801870e-16
0 1 -8.576238809e-01  4.722067435e-01
0 2  1.280360011e+00 -4.693130239e-01
0 3 -2.134686894e-01  3.753327057e-01
0 4  3.076906741e-02 -2.835304286e-01
0 5  1.690142121e-01  1.177650225e-01
0 6 -1.094804286e-01  1.027972940e-01
0 7 -7.283619057e-02 -7.490583023e-02
0 8 -1.099126047e-02 -8.214980361e-02
0 9  7.556527117e-02 -6.057615863e-03
0 10  9.598493146e-02 -2.011477429e-03
1 0 -8.576238809e-01 -4.722067435e-01
1 1 -1.114003670e+01  1.136693457e-15
1 2 -7.770617392e-01  1.108630776e+00
1 3  1.940530376e+00 -1.141274163e+00
1 4  4.628258681e-02  7.634473056e-01
1 5 -2.643024768e-01 -3.691404047e-01
1 6  3.420764257e-01 -1.853286147e-01
1 7  1.520082479e-01  2.116396278e-01
1 8 -2.336916236e-02  1.881996773e-01
1 9 -2.033235040e-01 -6.180476000e-03
1 10 -8.668182161e-02  8.004306998e-03
2 0  1.280360011e+00  4.693130239e-01
2 1 -7.770617392e-01 -1.108630776e+00
2 2 -1.409151870e+01  1.255120643e-14
2 3 -3.241155921e-01  2.065892457e+00
2 4  2.027221504e+00 -1.977978196e+00
2 5  8.127198824e-01  9.338626317e-01
2 6 -5.533357817e-01  1.559560874e-01
2 7 -5.666612826e-02 -4.709046195e-01
2 8  1.412045136e-01 -2.687340439e-01
2 9  2.504669511e-01  1.172102138e-01
2 10  3.686454241e-01  1.305341441e-01
3 0 -2.134686894e-01 -3.753327057e-01
3 1  1.940530376e+00  1.141274163e+00
3 2 -3.241155921e-01 -2.065892457e+00
3 3 -1.737297600e+01  4.593158058e-15
3 4  6.628243264e-01  3.408255904e+00
3 5  1.513371134e+00 -2.853525777e+00
3 6  1.975125574e+00  2.712528355e-01
3 7  6.198919932e-02  8.663740045e-01
3 8 -3.534582250e-01  3.276781642e-01
3 9 -3.631152645e-01 -4.063684158e-01
3 10 -2.840369030e-02 -2.446241127e-01
4 0  3.076906741e-02  2.835304286e-01
4 1  4.628258681e-02 -7.634473056e-01
4 2  2.027221504e+00  1.977978196e+00
4 3  6.628243264e-01 -3.408255904e+00
4 4 -2.132093388e+01  2.597274315e-14
4 5  2.605364709e+00  5.358895910e+00
4 6  1.635974936e-01 -3.080244866e+00
4 7  2.405287588e+00 -1.356808794e+00
4 8  1.222644681e+00  7.518033923e-02
4 9  9.885155499e-02  7.631665200e-01
4 10  4.958882827e-01  8.130198367e-01
5 0  1.690142121e-01 -1.177650225e-01
5 1 -2.643024768e-01  3.691404047e-01
5 2  8.127198824e-01 -9.338626317e-01
5 3  1.513371134e+00  2.853525777e+00
5 4  2.605364709e+00 -5.358895910e+00
5 5 -2.610783986e+01  2.296005583e-14
5 6  6.424801742e+00  7.898887836e+00
5 7 -9.567810290e-01 -2.115045104e+00
5 8  1.006247676e-01 -1.631693250e+00
5 9  1.596318165e+00 -1.325166162e+00
5 10  1.739989889e+00 -4.857441490e-01
6 0 -1.094804286e-01 -1.027972940e-01
6 1  3.420764257e-01  1.853286147e-01
6 2 -5.533357817e-01 -1.559560874e-01
6 3  1.975125574e+00 -2.712528355e-01
6 4  1.635974936e-01  3.080244866e+00
6 5  6.424801742e+00 -7.898887836e+00
6 6 -3.234605874e+01  1.404897930e-13
6 7  1.080332381e+01  8.647742444e+00
6 8  9.884806231e-03  1.694026699e+00
6 9 -8.377170395e-01 -2.479459928e+00
6 10 -5.985955974e-02 -8.323745088e-01
7 0 -7.283619057e-02  7.490583023e-02
7 1  1.520082479e-01 -2.116396278e-01
7 2 -5.666612826e-02  4.709046195e-01
7 3  6.198919932e-02 -8.663740045e-01
7 4  2.405287588e+00  1.356808794e+00
7 5 -9.567810290e-01  2.115045104e+00
7 6  1.080332381e+01 -8.647742444e+00
7 7 -3.726385667e+01  2.357371923e-13
7 8  1.062063103e+01  4.699348329e+00
7 9  6.481193555e-01  1.635350464e+00
7 10  3.919287026e-01  2.418661426e+00
8 0 -1.099126047e-02  8.214980361e-02
8 1 -2.336916236e-02 -1.881996773e-01
8 2  1.412045136e-01  2.687340439e-01
8 3 -3.534582250e-01 -3.276781642e-01
8 4  1.222644681e+00 -7.518033923e-02
8 5  1.006247676e-01  1.631693250e+00
8 6  9.884806231e-03 -1.694026699e+00
8 7  1.062063103e+01 -4.699348329e+00
8 8 -5.117969487e+01 -6.919805628e-14
8 9  2.067131995e+01  5.833142838e+00
8 10  7.709806235e+00  8.116262586e+00
9 0  7.556527117e-02  6.057615863e-03
9 1 -2.033235040e-01  6.180476000e-03
9 2  2.504669511e-01 -1.172102138e-01
9 3 -3.631152645e-01  4.063684158e-01
9 4  9.885155499e-02 -7.631665200e-01
9 5  1.596318165e+00  1.325166162e+00
9 6 -8.377170395e-01  2.479459928e+00
9 7  6.481193555e-01 -1.635350464e+00
9 8  2.067131995e+01 -5.833142838e+00
9 9 -6.138763626e+01 -8.319758290e-13
9 10  2.467002969e+01  1.312746934e+01
10 0  9.598493146e-02  2.011477429e-03
10 1 -8.668182161e-02 -8.004306998e-03
10 2  3.686454241e-01 -1.305341441e-01
10 3 -2.840369030e-02  2.446241127e-01
10 4  4.958882827e-01 -8.130198367e-01
10 5  1.739989889e+00  4.857441490e-01
10 6 -5.985955974e-02  8.323745088e-01
10 7  3.919287026e-01 -2.418661426e+00
10 8  7.709806235e+00 -8.116262586e+00
10 9  2.467002969e+01 -1.312746934e+01
10 10 -5.785510153e+01 -4.724084923e-13
0  3.960388973e-02 -1.836216939e-03 -1.317441424e-01 -1.664532669e-02
1  6.703004492e-02 -2.355275376e-03  1.593292299e-01  5.110317939e-02
2  9.210174824e-02 -4.744521547e-03 -1.506139481e-01 -1.037590022e-01
3  1.261983672e-01 -5.709532887e-03  9.433957893e-02  1.670871247e-01
4  1.672439569e-01 -1.016462117e-02  3.061111261e-02 -1.942440497e-01
5  2.065411323e-01 -1.235708022e-02 -1.754346974e-01  8.794549210e-02
6  2.364685945e-01 -1.475300939e-02  1.288120026e-01  1.409945178e-01
7  2.542895330e-01 -1.760855172e-02  1.477948179e-01 -1.083633446e-01
8  2.879628798e-01 -2.134389738e-02 -1.006849636e-02 -1.753447803e-01
9  2.830199960e-01 -2.150433057e-02 -1.083052824e-01 -1.238703088e-01
10  1.918230444e-01 -1.146766497e-01 -1.407174150e-01 -6.251680344e-02
