10  2.057815629e-07
4 3  4.740024567e-01  1.333333333e+00  7.484781906e-01  5.062440388e-01  3.522235350e+08 -2.392289783e-02  3.580213961e+06  4.335307091e+02  1.375943934e+00  1.564254450e-03 -1.333467296e-02 -2.195500696e-02 -3.444943284e+00 -5.004553995e+00  8.550222619e-03  2.212199996e-03  9.944250288e-01  1.015744879e+00  2.849578613e+00
5 3  6.137356199e-01  1.666666667e+00  6.673798034e-01  5.062440388e-01  2.331783909e+08 -1.356774093e-02  3.580213961e+06  2.959567225e+02  1.253889411e+00  1.735228321e-03 -4.770662886e-03 -1.185541200e-02 -2.533325056e+00 -4.801912313e+00  8.429440421e-03  2.190333256e-03  1.066972640e+00  1.007765338e+00  2.928506159e+00
6 3  7.148797038e-01  2.000000000e+00  6.231752970e-01  5.062440388e-01  1.801161241e+08 -6.872387821e-03  3.580213961e+06  2.240251540e+02  1.210131230e+00  1.850628740e-03 -1.185241517e-04 -6.055276549e-03 -2.003622968e+00 -4.108318206e+00  8.387003838e-03  2.189915650e-03  1.170071608e+00  1.004128020e+00  2.832345329e+00
7 3  7.934360225e-01  2.333333333e+00  5.949830731e-01  5.062440388e-01  1.584949839e+08 -2.956834053e-03  3.580213961e+06  1.820997897e+02  1.217300407e+00  1.989257209e-03  2.632249685e-03 -2.556478297e-03 -1.687718103e+00 -3.511311823e+00  8.505156246e-03  2.222047419e-03  1.295598530e+00  1.002207844e+00  2.689348421e+00
8 3  8.604848878e-01  2.666666667e+00  5.768623715e-01  5.062440388e-01  1.363090275e+08 -2.669797912e-03  3.580213961e+06  1.553246523e+02  1.192300442e+00  1.911213667e-03  1.629684475e-03 -2.571553433e-03 -5.292822685e-01 -3.136785130e+00  8.361791591e-03  2.203909374e-03  1.461173880e+00  1.000861919e+00  2.548606731e+00
9 3  9.052234236e-01  3.000000000e+00  6.183559104e-01  5.062440388e-01  1.071935807e+08  1.312230167e-02  3.580213961e+06  1.291801471e+02  9.917916608e-01  1.535564457e-03 -3.182867659e-03  1.734578127e-03  1.635898358e+01 -2.947390794e+00  7.331595482e-03  1.938019069e-03  1.721793437e+00  9.999440445e-01  2.381027283e+00
10 3  9.301396119e-01  3.333333333e+00  7.336116971e-01  5.062440388e-01  9.811091687e+07  2.026889757e-02  3.580213961e+06  1.068189645e+02  8.557309118e-01  1.133485293e-03  4.651009453e-03  9.320818473e-03  1.723144134e+01 -2.348406046e+00  6.597105344e-03  1.726166506e-03  2.238086143e+00  9.994293431e-01  2.200774960e+00
11 3  9.732145818e-01  3.666666667e+00  3.636481967e-01  5.062440388e-01  6.402399304e+07  4.155832734e-02  3.580213961e+06  1.154211567e+02  1.159772095e+00  1.131666143e-02  9.751463563e-02  1.798532936e-02 -4.429237136e+01 -3.642321527e+01  8.595128829e-03  2.288747445e-03  2.477353191e+00  9.996892726e-01  2.093902011e+00
12 3  9.894959342e-01  4.000000000e+00  2.625253866e-01  5.062440388e-01  9.604647061e+06  3.849796430e-02  3.580213961e+06  1.193983039e+02  6.565285588e-01  6.832884720e-03  4.323406384e-02  1.006753025e-02 -2.302130330e+01 -1.718531834e+01  5.962844948e-03  1.888533602e-03  3.987028369e+00  9.999111250e-01  1.951953953e+00
13 3  9.960059251e-01  4.333333333e+00  2.368341630e-01  5.062440388e-01  4.006180215e+06  3.534265454e-02  3.580213961e+06  1.136742775e+02  4.723780645e-01  3.874946655e-03  2.488424868e-02  7.402901433e-03 -1.804810021e+01 -8.328676545e+00  4.740558945e-03  1.613917988e-03  8.219840364e+00  9.999726132e-01  1.813769420e+00
