10  2.098912421e-07
4 3  4.954143834e-01  1.333333333e+00  6.900864954e-01  5.123577619e-01  2.298631968e+08 -1.642077375e-02  3.595405850e+06  3.975345158e+02  1.258606550e+00  1.755664580e-03 -5.636261387e-03 -1.412723584e-02 -3.450995873e+00 -5.504191198e+00  8.363952503e-03  2.197995251e-03  1.005992063e+00  1.015511428e+00  2.880641841e+00
5 3  6.192073478e-01  1.666666667e+00  6.202692122e-01  5.123577619e-01  1.595467215e+08 -6.659001873e-03  3.595405850e+06  2.630233621e+02  1.189555479e+00  1.747460856e-03  4.321882401e-04 -5.008798263e-03 -2.416726026e+00 -3.574957546e+00  8.388498416e-03  2.201871434e-03  1.090819174e+00  1.008718353e+00  2.861092172e+00
6 3  7.154283262e-01  2.000000000e+00  5.803845336e-01  5.123577619e-01  1.401782451e+08 -4.831928008e-05  3.595405850e+06  1.943978485e+02  1.212048428e+00  1.849036206e-03  4.460429630e-03  3.100290679e-04 -1.879642804e+00 -2.656894429e+00  8.704366424e-03  2.260482699e-03  1.194329979e+00  1.005207164e+00  2.745151300e+00
7 3  7.960954249e-01  2.333333333e+00  5.539499316e-01  5.123577619e-01  1.324627446e+08 -9.866356892e-04  3.595405850e+06  1.694212529e+02  1.221940869e+00  1.826626640e-03  2.528721196e-03 -8.508870075e-04 -1.468399300e+00 -2.111459940e+00  8.743549400e-03  2.281715328e-03  1.314233948e+00  1.002741882e+00  2.611873098e+00
8 3  8.590279840e-01  2.666666667e+00  5.422278648e-01  5.123577619e-01  1.172222611e+08  1.570564002e-03  3.595405850e+06  1.480764859e+02  1.142524521e+00  1.373780432e-03  3.117442836e-03  8.139931810e-04  2.615150045e-01 -1.963907840e+00  8.270387796e-03  2.171816668e-03  1.471682620e+00  1.001067558e+00  2.461934768e+00
9 3  9.032272570e-01  3.000000000e+00  5.683243289e-01  5.123577619e-01  1.070106987e+08  9.280979947e-03  3.595405850e+06  1.236645221e+02  1.049182771e+00  7.122734018e-04  4.241995610e-03  5.087409341e-03  5.338115947e+00 -1.650326608e+00  7.770840631e-03  2.026853804e-03  1.714911378e+00  1.000053840e+00  2.298654699e+00
10 3  9.435090243e-01  3.333333333e+00  4.644844478e-01  5.123577619e-01  1.189177050e+08 -1.697072587e-03  3.595405850e+06  1.087226963e+02  1.384493236e+00  9.779898764e-03  6.231973350e-02  1.215712546e-02 -4.212854601e+01 -1.632560086e+01  9.608449098e-03  2.451935903e-03  2.027690587e+00  9.996349026e-01  2.160146965e+00
11 3  9.751824608e-01  3.666666667e+00  2.518505476e-01  5.123577619e-01  1.633054254e+07  2.934429945e-02  3.595405850e+06  1.247580219e+02  8.729025869e-01  9.012178563e-03  4.486095326e-02  1.420484049e-02 -2.017991155e+01 -1.588829855e+01  7.334686408e-03  2.212649858e-03  2.717832372e+00  9.999034930e-01  2.030238745e+00
12 3  9.882455792e-01  4.000000000e+00  2.106331144e-01  5.123577619e-01  6.692675553e+06  2.652234882e-02  3.595405850e+06  1.277557687e+02  6.592983965e-01  5.540910433e-03  2.263705834e-02  9.082761656e-03 -1.323117096e+01 -6.562470792e+00  6.066289443e-03  2.001197045e-03  4.348614385e+00  9.999581252e-01  1.886085071e+00
13 3  9.956072042e-01  4.333333333e+00  1.936948876e-01  5.123577619e-01  3.821272994e+06  2.278716368e-02  3.595405850e+06  1.236615457e+02  4.984778512e-01  2.987176958e-03  1.364432990e-02  5.189494889e-03 -1.063417617e+01 -3.685465665e+00  4.971468346e-03  1.703008176e-03  9.468838189e+00  9.999827885e-01  1.754013909e+00
