13  2.425669552e-07
4 3  3.680123322e-01  1.333333333e+00  7.526628948e-01  5.105298670e-01  2.468718118e+08 -4.448152062e-02  1.231023008e+06  2.190302738e+02  1.341945356e+00  1.560970993e-03 -2.827077040e-02 -4.229550415e-02 -6.162796852e+00 -5.120088015e+00  1.035900835e-02  2.708847357e-03  9.904849627e-01  1.007986473e+00  2.657899196e+00  3.203648434e-01
5 3  4.766248651e-01  1.666666667e+00  6.750873211e-01  5.105298670e-01  2.051551261e+08 -3.625467668e-02  4.512638197e+05  1.575507861e+02  1.300212010e+00  1.702858859e-03 -2.204602506e-02 -3.291820591e-02 -4.429476225e+00 -4.573899963e+00  1.495345001e-02  3.864829247e-03  1.038363270e+00  1.005443992e+00  2.746919894e+00  4.691701983e-01
6 3  5.670429477e-01  2.000000000e+00  6.282761688e-01  5.105298670e-01  1.796737622e+08 -2.575576660e-02  1.888010240e+06  1.252670857e+02  1.335580594e+00  1.967433786e-03 -1.495224419e-02 -2.369731097e-02 -3.306846849e+00 -3.899365916e+00  9.623861863e-03  2.498568111e-03  1.109551395e+00  1.003754470e+00  2.718777177e+00  5.806841612e-01
7 3  6.469261681e-01  2.333333333e+00  5.964652894e-01  5.105298670e-01  1.662669777e+08 -2.094300844e-02  1.471298734e+06  1.072052592e+02  1.379124525e+00  2.227979977e-03 -1.283979916e-02 -2.028032118e-02 -2.630067414e+00 -3.402391631e+00  1.077902239e-02  2.816923990e-03  1.187153914e+00  1.002414859e+00  2.655128803e+00  6.706348678e-01
8 3  7.190133252e-01  2.666666667e+00  5.732109203e-01  5.105298670e-01  1.620628066e+08 -1.630578954e-02  9.167660346e+05  9.607943938e+01  1.432732370e+00  2.483076112e-03 -1.043059952e-02 -1.693631247e-02 -2.143846724e+00 -3.007781038e+00  1.303278667e-02  3.422033750e-03  1.265471506e+00  1.001230405e+00  2.579065677e+00  7.469565863e-01
9 3  7.855140240e-01  3.000000000e+00  5.565317513e-01  5.105298670e-01  1.544297686e+08 -1.485241166e-02  1.697539919e+06  8.660141162e+01  1.464006404e+00  2.623971156e-03 -8.905660844e-03 -1.444765973e-02 -1.473806600e+00 -2.654552931e+00  1.080717667e-02  2.853455416e-03  1.350769163e+00  1.000155823e+00  2.501845701e+00  8.132008700e-01
10 3  8.401104081e-01  3.333333333e+00  5.513841937e-01  5.105298670e-01  1.324838983e+08 -8.721494440e-03  4.072462020e+06  7.595120793e+01  1.355528061e+00  2.154858466e-03 -5.059204555e-03 -9.416577551e-03  5.460808471e-01 -2.602420522e+00  7.675424304e-03  2.031759108e-03  1.455264022e+00  9.993589197e-01  2.406241863e+00  8.663528032e-01
11 3  8.794632608e-01  3.666666667e+00  5.596622948e-01  5.105298670e-01  1.161460371e+08 -2.774354857e-03  5.567883952e+06  6.621167855e+01  1.262077310e+00  2.311437128e-03  2.103491384e-03 -3.891119392e-03  1.371791993e+00 -3.582984871e+00  6.588416147e-03  1.741451447e-03  1.612318917e+00  9.989341917e-01  2.288986943e+00  9.041316630e-01
12 3  9.181125878e-01  4.000000000e+00  5.161713001e-01  5.105298670e-01  1.227827154e+08 -7.550562470e-03  3.568097143e+06  5.898235778e+01  1.683917712e+00  1.168121797e-02  4.455458086e-02  9.423165393e-03 -2.645370479e+01 -1.067177942e+01  9.429995698e-03  2.499006723e-03  1.782935706e+00  9.989723969e-01  2.190532018e+00  9.394192954e-01
13 3  9.574922053e-01  4.333333333e+00  3.057415173e-01  5.105298670e-01  3.116392081e+07  1.963351004e-02  8.153579825e+05  6.322391766e+01  1.159562859e+00  1.225654239e-02  6.739360794e-02  2.300731560e-02 -3.692061546e+01 -1.491030067e+01  1.283365162e-02  3.665401413e-03  2.027932003e+00  9.996640045e-01  2.110218228e+00  9.725521905e-01
14 3  9.751992137e-01  4.666666667e+00  2.341370273e-01  5.105298670e-01  1.387647882e+07  2.747412044e-02  4.548048041e+05  6.692322051e+01  9.559651959e-01  9.567971593e-03  4.202568185e-02  1.876445953e-02 -2.359516769e+01 -7.842325490e+00  1.405222699e-02  4.294872403e-03  2.661292830e+00  9.998538033e-01  1.996104301e+00  9.848436764e-01
15 3  9.859388835e-01  5.000000000e+00  2.041481447e-01  5.105298670e-01  7.945602298e+06  2.435441071e-02  3.483054285e+05  6.747631203e+01  7.909690340e-01  6.876467244e-03  2.860340959e-02  1.320455957e-02 -1.814493905e+01 -4.967326546e+00  1.361474192e-02  4.326075549e-03  3.798913813e+00  9.999267575e-01  1.883685290e+00  9.915427232e-01
16 3  9.923235080e-01  5.333333333e+00  1.896380143e-01  5.105298670e-01  5.167535359e+06  2.109800639e-02  3.026868609e+05  6.539133835e+01  6.395516620e-01  4.544615162e-03  2.174176124e-02  9.429115008e-03 -1.568130324e+01 -3.749677793e+00  1.232020220e-02  3.997231087e-03  5.814580435e+00  9.999618717e-01  1.777453135e+00  9.954001925e-01
