12  2.184905660e-07
4 3  3.798106275e-01  1.333333333e+00  8.160846768e-01  5.047898524e-01  3.385127776e+08 -4.078687066e-02  1.400204528e+06  3.023097661e+02  1.401945078e+00  1.478723133e-03 -2.645939553e-02 -3.927710660e-02 -4.171778024e+00 -5.972919442e+00  1.051005698e-02  2.734021143e-03  9.924446418e-01  1.009935990e+00  2.666580545e+00  3.170580756e-01
5 3  4.979283683e-01  1.666666667e+00  7.434990252e-01  5.047898524e-01  2.530699882e+08 -3.166495526e-02  5.647041716e+05  2.012075719e+02  1.311757198e+00  1.641080562e-03 -1.926597208e-02 -2.936747787e-02 -3.281448437e+00 -5.299678365e+00  1.450799707e-02  3.728007681e-03  1.041251533e+00  1.006941683e+00  2.788399016e+00  4.784735679e-01
6 3  5.940989367e-01  2.000000000e+00  6.970540194e-01  5.047898524e-01  2.119048077e+08 -2.257804660e-02  2.113083705e+06  1.602413323e+02  1.348103810e+00  1.996573378e-03 -1.278634783e-02 -2.100595081e-02 -2.646394373e+00 -4.465065481e+00  9.674510445e-03  2.516583195e-03  1.113292031e+00  1.004677967e+00  2.766229057e+00  5.976160849e-01
7 3  6.804907041e-01  2.333333333e+00  6.625758338e-01  5.047898524e-01  1.877296812e+08 -1.744712300e-02  1.304600196e+06  1.343065715e+02  1.403746503e+00  2.402852922e-03 -9.935328211e-03 -1.687835027e-02 -2.234023722e+00 -3.808029182e+00  1.181477813e-02  3.103161893e-03  1.190906667e+00  1.002746580e+00  2.710622770e+00  6.962072768e-01
8 3  7.574048335e-01  2.666666667e+00  6.363299962e-01  5.047898524e-01  1.704075580e+08 -1.306804638e-02  1.137447193e+06  1.167273419e+02  1.413133720e+00  2.584341205e-03 -7.039235773e-03 -1.302164965e-02 -1.929083577e+00 -3.261391137e+00  1.259091891e-02  3.316328258e-03  1.278025975e+00  1.001274158e+00  2.635996498e+00  7.782432970e-01
9 3  8.222251391e-01  3.000000000e+00  6.170724379e-01  5.047898524e-01  1.506935008e+08 -9.963374059e-03  3.031357268e+06  1.015963436e+02  1.383340437e+00  2.587952550e-03 -3.970646155e-03 -9.277400704e-03 -1.703751282e+00 -2.832853821e+00  9.009432751e-03  2.379886161e-03  1.389091369e+00  1.000293214e+00  2.541144140e+00  8.429693669e-01
10 3  8.725569460e-01  3.333333333e+00  6.033307631e-01  5.047898524e-01  1.274984730e+08 -7.320179315e-03  5.837864586e+06  8.865209140e+01  1.276986945e+00  2.346978860e-03 -1.122094178e-03 -6.387299710e-03 -1.617392730e+00 -2.728249380e+00  6.868599573e-03  1.816040690e-03  1.537919789e+00  9.996489187e-01  2.425465025e+00  8.919448100e-01
11 3  9.090968402e-01  3.666666667e+00  5.946398388e-01  5.047898524e-01  1.092721774e+08  4.778581480e-04  5.097774481e+06  7.783953707e+01  1.170507539e+00  2.312031916e-03  7.430452273e-03  6.815197549e-04 -1.247285278e+00 -3.594318048e+00  6.784175217e-03  1.785769042e-03  1.761766379e+00  9.992191074e-01  2.296317467e+00  9.270978009e-01
12 3  9.398864426e-01  4.000000000e+00  5.629280896e-01  5.047898524e-01  1.130842232e+08  9.899744082e-03  2.391083657e+06  7.099149972e+01  1.417408488e+00  8.529006986e-03  4.850155596e-02  1.422392246e-02 -2.093993312e+01 -1.326196687e+01  1.009673208e-02  2.648159090e-03  2.061304184e+00  9.990238794e-01  2.175823907e+00  9.551307503e-01
13 3  9.759260418e-01  4.333333333e+00  2.504672405e-01  5.047898524e-01  1.770736885e+07  2.691878836e-02  5.091510347e+05  8.635240439e+01  9.769100442e-01  1.079785072e-02  5.015499204e-02  1.591127625e-02 -2.835238545e+01 -1.365594417e+01  1.412077200e-02  4.262884336e-03  2.502652697e+00  9.998408094e-01  2.087171565e+00  9.841155368e-01
14 3  9.875939132e-01  4.666666667e+00  2.185438927e-01  5.047898524e-01  7.915245277e+06  1.987719894e-02  3.723371367e+05  8.683351630e+01  7.346850805e-01  6.252886277e-03  2.505195599e-02  9.525824768e-03 -1.134326878e+01 -6.617487753e+00  1.306437595e-02  4.212372087e-03  3.688472997e+00  9.999005379e-01  1.961376226e+00  9.919487362e-01
15 3  9.936683034e-01  5.000000000e+00  2.092687157e-01  5.047898524e-01  4.868195156e+06  1.569620441e-02  3.227807389e+05  8.287305633e+01  5.709974873e-01  3.684721370e-03  1.664238763e-02  5.866233540e-03 -8.436009820e+00 -4.367931348e+00  1.150661495e-02  3.809207097e-03  5.948466327e+00  9.999262248e-01  1.841924702e+00  9.959026680e-01
