12  2.175896343e-07
4 3  3.841376486e-01  1.333333333e+00  7.907988347e-01  5.051483436e-01  3.250865163e+08 -3.794072056e-02  1.233890482e+06  2.999558209e+02  1.377677056e+00  1.471693023e-03 -2.332197280e-02 -3.633654210e-02 -4.145578844e+00 -6.204723810e+00  1.098895881e-02  2.845055887e-03  9.932002939e-01  1.011242350e+00  2.669826274e+00  3.261540646e-01
5 3  5.022930329e-01  1.666666667e+00  7.212143274e-01  5.051483436e-01  2.436780813e+08 -2.847767943e-02  6.415580452e+05  2.026616482e+02  1.313262979e+00  1.652101441e-03 -1.675350366e-02 -2.635537419e-02 -2.950967656e+00 -5.201079756e+00  1.404335974e-02  3.608947893e-03  1.042856662e+00  1.007694052e+00  2.783022488e+00  4.865654644e-01
6 3  5.994096431e-01  2.000000000e+00  6.802125167e-01  5.051483436e-01  2.036380317e+08 -2.059505577e-02  2.128505377e+06  1.589966793e+02  1.344597258e+00  1.961593526e-03 -1.191281665e-02 -1.943108012e-02 -2.183224318e+00 -4.269873625e+00  9.752445405e-03  2.529729062e-03  1.116364565e+00  1.005144433e+00  2.760589410e+00  6.059783500e-01
7 3  6.853368165e-01  2.333333333e+00  6.526283467e-01  5.051483436e-01  1.818676997e+08 -1.553162381e-02  1.244849489e+06  1.322791083e+02  1.391080101e+00  2.290613096e-03 -9.274282783e-03 -1.551031789e-02 -1.703813653e+00 -3.607752847e+00  1.209119174e-02  3.157656635e-03  1.196445355e+00  1.003117404e+00  2.699968265e+00  7.033681336e-01
8 3  7.623266380e-01  2.666666667e+00  6.331244554e-01  5.051483436e-01  1.691005940e+08 -1.194727403e-02  1.231235066e+06  1.164743224e+02  1.418438595e+00  2.493794977e-03 -6.880371531e-03 -1.215976959e-02 -1.352063763e+00 -3.062709002e+00  1.241470036e-02  3.259310334e-03  1.284854133e+00  1.001476037e+00  2.623569310e+00  7.850851745e-01
9 3  8.281188221e-01  3.000000000e+00  6.198387186e-01  5.051483436e-01  1.498455850e+08 -9.269683793e-03  3.430277119e+06  1.020967522e+02  1.381542505e+00  2.444993122e-03 -4.357093878e-03 -8.944350338e-03 -1.095155603e+00 -2.627410188e+00  8.700141253e-03  2.295132815e-03  1.400606834e+00  1.000301109e+00  2.530356818e+00  8.500026916e-01
10 3  8.772962172e-01  3.333333333e+00  6.112826529e-01  5.051483436e-01  1.252049545e+08 -6.038969017e-03  6.010189027e+06  8.902243197e+01  1.243431283e+00  2.078915761e-03 -9.867856473e-04 -5.496064112e-03 -9.940871106e-01 -2.501725437e+00  6.722152815e-03  1.773506429e-03  1.563399017e+00  9.996197647e-01  2.410915352e+00  8.974756429e-01
11 3  9.114937919e-01  3.666666667e+00  6.059603418e-01  5.051483436e-01  1.077742693e+08  8.983598602e-04  4.869496262e+06  7.820553975e+01  1.119539213e+00  1.867046880e-03  6.308305220e-03  9.311057023e-04 -8.988551756e-01 -2.913403033e+00  6.719152084e-03  1.760393692e-03  1.819131340e+00  9.992969887e-01  2.276441424e+00  9.301516871e-01
12 3  9.384991995e-01  4.000000000e+00  5.898085453e-01  5.051483436e-01  1.228098982e+08  6.171477900e-03  2.455946869e+06  7.130783622e+01  1.383060275e+00  6.825117992e-03  3.864480353e-02  1.048315215e-02 -1.802133052e+01 -1.043568807e+01  9.810198328e-03  2.549731125e-03  2.190476096e+00  9.992080459e-01  2.148371855e+00  9.546821463e-01
13 3  9.773434641e-01  4.333333333e+00  2.610897476e-01  5.051483436e-01  1.950475892e+07  2.524815668e-02  4.821413162e+05  8.788045177e+01  9.636795152e-01  9.911968292e-03  5.130264048e-02  1.512403523e-02 -2.150450711e+01 -1.568013116e+01  1.411881783e-02  4.237218175e-03  2.613155422e+00  9.998734220e-01  2.066568266e+00  9.855371405e-01
14 3  9.885617134e-01  4.666666667e+00  2.323638813e-01  5.051483436e-01  8.387795618e+06  1.941865321e-02  3.626612249e+05  8.827834523e+01  7.174099717e-01  6.336036335e-03  2.804928836e-02  8.923478765e-03 -1.247116828e+01 -8.339935969e+00  1.278966988e-02  4.145268513e-03  3.945081377e+00  9.999180389e-01  1.941069229e+00  9.928093867e-01
15 3  9.952931090e-01  5.000000000e+00  2.199181890e-01  5.051483436e-01  4.704749967e+06  1.581572384e-02  3.119406407e+05  8.544104593e+01  5.585358096e-01  3.967339339e-03  1.784840159e-02  5.286955352e-03 -1.021681688e+01 -5.140293454e+00  1.130658346e-02  3.817513153e-03  7.953685801e+00  9.999528292e-01  1.824064213e+00  9.970483995e-01
