11  2.140707960e-07
4 3  3.974712898e-01  1.333333333e+00  8.048323584e-01  5.050261301e-01  3.259220160e+08 -3.484801966e-02  1.063848495e+06  3.142006218e+02  1.406858940e+00  1.590844672e-03 -2.153489159e-02 -3.335838058e-02 -3.863079405e+00 -5.967860172e+00  1.199072404e-02  3.105887594e-03  9.950200693e-01  1.012617527e+00  2.700515378e+00  3.362002193e-01
5 3  5.214963395e-01  1.666666667e+00  7.307448370e-01  5.050261301e-01  2.315801149e+08 -2.526479623e-02  8.674478782e+05  2.157209844e+02  1.303005996e+00  1.725727056e-03 -1.442439654e-02 -2.319825343e-02 -2.960936318e+00 -4.925756249e+00  1.290596826e-02  3.336205597e-03  1.047034952e+00  1.008043977e+00  2.821734813e+00  5.051348305e-01
6 3  6.190529563e-01  2.000000000e+00  6.859357967e-01  5.050261301e-01  1.908249498e+08 -1.896579406e-02  2.109446072e+06  1.716220102e+02  1.314971542e+00  1.981411151e-03 -1.077246421e-02 -1.772502447e-02 -2.346306778e+00 -3.997846259e+00  9.803574705e-03  2.564176250e-03  1.126716372e+00  1.005270035e+00  2.783650719e+00  6.246562328e-01
7 3  7.030568321e-01  2.333333333e+00  6.544071702e-01  5.050261301e-01  1.708814954e+08 -1.340349092e-02  1.140419304e+06  1.409349185e+02  1.353045383e+00  2.267567936e-03 -7.276478867e-03 -1.316582081e-02 -1.975765230e+00 -3.378552914e+00  1.244115931e-02  3.263348873e-03  1.215668676e+00  1.003319236e+00  2.704499916e+00  7.190879629e-01
8 3  7.779085061e-01  2.666666667e+00  6.304558932e-01  5.050261301e-01  1.590011458e+08 -9.324466365e-03  1.485506385e+06  1.215395598e+02  1.387897412e+00  2.493391561e-03 -3.950585524e-03 -9.037176528e-03 -1.695021481e+00 -2.878433384e+00  1.170775475e-02  3.076541755e-03  1.314230293e+00  1.001759947e+00  2.614313263e+00  7.978893987e-01
9 3  8.412137493e-01  3.000000000e+00  6.127620055e-01  5.050261301e-01  1.381794949e+08 -6.752441039e-03  4.169150895e+06  1.068990086e+02  1.324891647e+00  2.376199690e-03 -1.529387847e-03 -6.176901291e-03 -1.519798093e+00 -2.566262580e+00  8.053179698e-03  2.127344666e-03  1.438600309e+00  1.000546953e+00  2.509901910e+00  8.610793343e-01
10 3  8.875021437e-01  3.333333333e+00  6.023217126e-01  5.050261301e-01  1.179598225e+08 -2.355308669e-03  6.159944749e+06  9.409699945e+01  1.204291844e+00  1.896735046e-03  1.839499692e-03 -2.170224575e-03 -8.693345282e-01 -2.269190276e+00  6.608693720e-03  1.746667708e-03  1.619649227e+00  9.997381050e-01  2.381283357e+00  9.068626600e-01
11 3  9.241653789e-01  3.666666667e+00  5.843363892e-01  5.050261301e-01  1.209320735e+08 -6.134319267e-04  3.798625811e+06  8.307957527e+01  1.339029055e+00  5.282013903e-03  2.396623914e-02  5.307769491e-03 -1.211910175e+01 -7.285259792e+00  8.386861429e-03  2.200662804e-03  1.881221308e+00  9.992866809e-01  2.253214474e+00  9.415041885e-01
12 3  9.657637472e-01  4.000000000e+00  3.191713498e-01  5.050261301e-01  2.793485454e+07  2.065107981e-02  7.130331700e+05  8.932916486e+01  1.093051545e+00  1.240590014e-02  5.939876140e-02  1.711429825e-02 -3.289555967e+01 -1.784418226e+01  1.353188936e-02  3.965791649e-03  2.214066101e+00  9.997819787e-01  2.159485932e+00  9.772095412e-01
13 3  9.824865930e-01  4.333333333e+00  2.483906291e-01  5.050261301e-01  1.011807024e+07  2.357342909e-02  4.292141104e+05  9.376171814e+01  8.179896167e-01  8.027282515e-03  3.127491828e-02  1.318730908e-02 -1.784616698e+01 -7.716541976e+00  1.339188442e-02  4.311562513e-03  3.167413878e+00  9.999118060e-01  2.028151531e+00  9.887972318e-01
14 3  9.911436096e-01  4.666666667e+00  2.249421566e-01  5.050261301e-01  5.702414485e+06  2.015177102e-02  3.480245151e+05  9.202079354e+01  6.393544240e-01  4.976678633e-03  2.113200760e-02  9.262129784e-03 -1.384558187e+01 -4.761071879e+00  1.213444782e-02  4.065736007e-03  5.025354057e+00  9.999513416e-01  1.899952927e+00  9.943796629e-01
