11  2.218548383e-07
4 3  4.087779555e-01  1.333333333e+00  7.281578445e-01  5.071935855e-01  3.178092773e+08 -3.277766713e-02  8.010473671e+05  3.077006202e+02  1.409334297e+00  1.647964385e-03 -1.809644378e-02 -3.046589247e-02 -4.463170435e+00 -5.819152840e+00  1.330036339e-02  3.425233863e-03  9.955878023e-01  1.013964759e+00  2.698585106e+00  3.500395573e-01
5 3  5.378851641e-01  1.666666667e+00  6.525701378e-01  5.071935855e-01  2.207075972e+08 -2.351683845e-02  1.168522336e+06  2.136151172e+02  1.307404381e+00  1.789142441e-03 -1.263145870e-02 -2.147844606e-02 -2.714590719e+00 -5.071802456e+00  1.181020518e-02  3.042967514e-03  1.051231434e+00  1.008488818e+00  2.825377167e+00  5.247835521e-01
6 3  6.381269548e-01  2.000000000e+00  6.164630500e-01  5.071935855e-01  1.753187063e+08 -1.790015867e-02  1.881359766e+06  1.688199821e+02  1.302968722e+00  2.017510961e-03 -1.040338562e-02 -1.719191024e-02 -1.739318115e+00 -4.182273799e+00  1.021754480e-02  2.668359199e-03  1.135034053e+00  1.005357981e+00  2.784597004e+00  6.466643785e-01
7 3  7.214439566e-01  2.333333333e+00  5.964152778e-01  5.071935855e-01  1.542230446e+08 -1.017443698e-02  1.004666234e+06  1.373188010e+02  1.318042599e+00  2.237510637e-03 -5.232748120e-03 -1.092668465e-02 -1.236994812e+00 -3.573320283e+00  1.290876236e-02  3.374187622e-03  1.231105430e+00  1.003313803e+00  2.692942801e+00  7.394067059e-01
8 3  7.940672775e-01  2.666666667e+00  5.822652664e-01  5.071935855e-01  1.419992016e+08 -7.814717683e-03  1.896644966e+06  1.180082862e+02  1.354717999e+00  2.549042342e-03 -2.630239665e-03 -7.748804910e-03 -1.261276014e+00 -3.070872331e+00  1.072961133e-02  2.815751026e-03  1.338814683e+00  1.001724946e+00  2.589414553e+00  8.153112536e-01
9 3  8.552199577e-01  3.000000000e+00  5.674911194e-01  5.071935855e-01  1.204846545e+08 -7.943107755e-03  5.062397854e+06  1.037944743e+02  1.292789700e+00  2.498013666e-03 -2.530468794e-03 -7.345617162e-03 -1.312871136e+00 -2.743123716e+00  7.478030628e-03  1.981304438e-03  1.470517086e+00  1.000487415e+00  2.475897893e+00  8.769168446e-01
10 3  8.991847544e-01  3.333333333e+00  5.737387270e-01  5.071935855e-01  1.022854453e+08  2.708844568e-03  5.469784440e+06  8.915047931e+01  1.166248697e+00  1.427235896e-03  1.886543580e-03 -2.584205751e-04  3.652453005e+00 -2.572799731e+00  6.806571004e-03  1.796500149e-03  1.684706190e+00  9.996729422e-01  2.340952785e+00  9.203123397e-01
11 3  9.462104216e-01  3.666666667e+00  4.394716002e-01  5.071935855e-01  8.685823299e+07  6.444428597e-04  1.514524247e+06  8.302993954e+01  1.427974168e+00  1.455688172e-02  8.092034933e-02  1.814610037e-02 -6.529156348e+01 -1.899508459e+01  1.283232529e-02  3.320789056e-03  1.886447859e+00  9.995765073e-01  2.239220515e+00  9.631840744e-01
12 3  9.727163645e-01  4.000000000e+00  2.902473856e-01  5.071935855e-01  2.104393673e+07  1.370234303e-02  5.229523699e+05  9.115949599e+01  9.226758508e-01  8.514198965e-03  3.608332368e-02  8.162251310e-03 -1.817361592e+01 -1.302309822e+01  1.450350008e-02  4.103973737e-03  2.567688450e+00  9.998802843e-01  2.110759553e+00  9.833608067e-01
13 3  9.856853457e-01  4.333333333e+00  2.542667337e-01  5.071935855e-01  9.550650699e+06  9.316843495e-03  3.768052534e+05  9.084093622e+01  7.337700740e-01  6.334427365e-03  1.817591394e-02  2.353360032e-03 -1.529846601e+01 -6.887398259e+00  1.401891731e-02  4.236140733e-03  3.979629255e+00  9.999301837e-01  1.974469402e+00  9.914760300e-01
14 3  9.927276395e-01  4.666666667e+00  2.374632784e-01  5.071935855e-01  5.499651069e+06  7.807834781e-03  3.233198253e+05  8.701308091e+01  5.731409568e-01  4.012855519e-03  1.216476263e-02  6.619540423e-04 -1.367444866e+01 -4.619615014e+00  1.241761300e-02  3.876975768e-03  6.676879352e+00  9.999577891e-01  1.846585955e+00  9.956900993e-01
