10  2.176589859e-07
4 3  4.404894144e-01  1.333333333e+00  7.013060635e-01  5.064547494e-01  3.535188784e+08 -3.156829992e-02  3.779218582e+05  3.743472354e+02  1.375303260e+00  1.499564706e-03 -1.787153118e-02 -2.892389828e-02 -4.175823688e+00 -5.466074975e+00  1.733324011e-02  4.443810514e-03  9.920988004e-01  1.015851854e+00  2.742453548e+00  3.865809091e-01
5 3  5.741902503e-01  1.666666667e+00  6.240061642e-01  5.064547494e-01  2.411401779e+08 -2.548596418e-02  1.915605457e+06  2.557459256e+02  1.287724473e+00  1.703506446e-03 -1.497986898e-02 -2.343865689e-02 -2.620191277e+00 -5.150485173e+00  1.014387000e-02  2.611820801e-03  1.056341540e+00  1.009026008e+00  2.840675249e+00  5.644331827e-01
6 3  6.774995128e-01  2.000000000e+00  5.853156186e-01  5.064547494e-01  1.913575882e+08 -1.681792395e-02  1.404530639e+06  1.997361046e+02  1.284302629e+00  1.958791483e-03 -9.492461042e-03 -1.631671985e-02 -1.796054384e+00 -4.441376230e+00  1.144059809e-02  2.976720940e-03  1.143699768e+00  1.005236019e+00  2.782653918e+00  6.879178987e-01
7 3  7.646422360e-01  2.333333333e+00  5.622111391e-01  5.064547494e-01  1.681510502e+08 -9.738036915e-03  1.221115374e+06  1.683500185e+02  1.314282057e+00  2.244596775e-03 -4.081496480e-03 -9.816574208e-03 -1.314780462e+00 -3.799175357e+00  1.231664621e-02  3.231677723e-03  1.239851137e+00  1.002670884e+00  2.685048065e+00  7.839588048e-01
8 3  8.390490001e-01  2.666666667e+00  5.468475588e-01  5.064547494e-01  1.416363755e+08 -8.903422877e-03  3.974669025e+06  1.414003589e+02  1.289812362e+00  2.328259374e-03 -3.473917981e-03 -8.410496789e-03 -1.113396439e+00 -3.193682335e+00  8.253999571e-03  2.182495718e-03  1.364398736e+00  1.000916130e+00  2.573525305e+00  8.587390175e-01
9 3  8.921512716e-01  3.000000000e+00  5.487345146e-01  5.064547494e-01  1.102504725e+08  2.462633649e-03  6.042595552e+06  1.155387711e+02  1.113206938e+00  1.153055706e-03  1.050477566e-03 -7.825845533e-04  4.185882973e+00 -2.967368583e+00  6.538402577e-03  1.722378220e-03  1.555148737e+00  9.999717132e-01  2.430060701e+00  9.097674513e-01
10 3  9.238707791e-01  3.333333333e+00  5.962489730e-01  5.064547494e-01  9.635519010e+07  1.115917711e-02  3.895061496e+06  9.530429964e+01  9.716630991e-01  5.247887743e-04  6.270451073e-03  5.646866177e-03  6.398354218e+00 -2.596194090e+00  6.937647045e-03  1.800291098e-03  1.901679843e+00  9.995074559e-01  2.263761590e+00  9.396297031e-01
11 3  9.554307766e-01  3.666666667e+00  4.501311818e-01  5.064547494e-01  1.299100001e+08  4.995788850e-03  1.171143523e+06  9.319315640e+01  1.347520653e+00  7.117454927e-03  5.490319900e-02  1.366857200e-02 -5.159008537e+01 -3.508482595e+00  1.318790684e-02  3.305505108e-03  2.324514806e+00  9.994662054e-01  2.128178607e+00  9.677130531e-01
12 3  9.839852586e-01  4.000000000e+00  2.765039058e-01  5.064547494e-01  1.783038053e+07  2.137296887e-02  4.173140775e+05  1.039200400e+02  8.359693534e-01  9.918726503e-03  6.547743423e-02  1.110789593e-02 -2.041819795e+01 -2.816012208e+01  1.394930027e-02  4.174459540e-03  3.148136983e+00  9.998486003e-01  2.009902576e+00  9.892343119e-01
13 3  9.929613286e-01  4.333333333e+00  2.492384752e-01  5.064547494e-01  5.549345939e+06  1.740365703e-02  3.331754032e+05  1.013526283e+02  5.608463632e-01  5.388953333e-03  2.787379789e-02  6.359067898e-03 -1.566069543e+01 -1.029161707e+01  1.143877258e-02  3.830405598e-03  5.329341276e+00  9.999681133e-01  1.872442766e+00  9.952967478e-01
