10  2.084310981e-07
4 3  4.570607500e-01  1.333333333e+00  7.343395773e-01  5.051180370e-01  3.886175813e+08 -2.795749385e-02  3.048996298e+05  4.293666425e+02  1.389001372e+00  1.436570793e-03 -1.653211146e-02 -2.579857901e-02 -3.645114974e+00 -4.884982626e+00  1.911694798e-02  4.910502268e-03  9.912019086e-01  1.015880461e+00  2.793837838e+00  4.023492221e-01
5 3  5.969551459e-01  1.666666667e+00  6.541517385e-01  5.051180370e-01  2.598892452e+08 -1.947421303e-02  2.198545337e+06  2.855408755e+02  1.279635101e+00  1.690160125e-03 -9.625444301e-03 -1.766127284e-02 -2.517004259e+00 -5.308751089e+00  9.880606893e-03  2.540014018e-03  1.059032882e+00  1.008215590e+00  2.897141820e+00  5.895484055e-01
6 3  7.003379050e-01  2.000000000e+00  6.120381145e-01  5.051180370e-01  1.988499160e+08 -1.189058857e-02  1.219410403e+06  2.248909348e+02  1.244209663e+00  1.889502435e-03 -4.492804835e-03 -1.128350886e-02 -1.888255007e+00 -4.708433945e+00  1.198267570e-02  3.121771402e-03  1.155275861e+00  1.004436679e+00  2.821782895e+00  7.126576736e-01
7 3  7.823335682e-01  2.333333333e+00  5.857565741e-01  5.051180370e-01  1.700937401e+08 -6.372080056e-03  1.619016289e+06  1.844359498e+02  1.252172135e+00  2.116277339e-03 -8.002001508e-05 -6.046491267e-03 -1.573176227e+00 -4.097611567e+00  1.107496702e-02  2.900927066e-03  1.268685200e+00  1.002306824e+00  2.696120281e+00  8.018426281e-01
8 3  8.533551511e-01  2.666666667e+00  5.659253732e-01  5.051180370e-01  1.436133458e+08 -6.314582982e-03  4.951900269e+06  1.534159510e+02  1.250646314e+00  2.279925069e-03 -3.717654252e-04 -5.564176956e-03 -1.236689549e+00 -3.520487223e+00  7.656692453e-03  2.021063771e-03  1.417805359e+00  1.000883955e+00  2.569615867e+00  8.709549507e-01
9 3  9.021861358e-01  3.000000000e+00  5.911670923e-01  5.051180370e-01  1.071570940e+08  1.005594879e-02  5.944374945e+06  1.246237559e+02  1.028995573e+00  1.234621156e-03 -1.970402139e-03  7.620165132e-04  1.331536437e+01 -3.338227502e+00  6.327862710e-03  1.669353164e-03  1.651760040e+00  1.000009375e+00  2.412694653e+00  9.175628147e-01
10 3  9.281583572e-01  3.333333333e+00  7.021155132e-01  5.051180370e-01  9.308262074e+07  2.040844777e-02  3.873933309e+06  1.024631448e+02  8.505676198e-01  1.379881970e-03  4.635127856e-04  7.360280227e-03  2.198334757e+01 -2.266825772e+00  6.401203047e-03  1.669964641e-03  2.127067757e+00  9.995049553e-01  2.232809554e+00  9.419254952e-01
11 3  9.601677443e-01  3.666666667e+00  5.114017996e-01  5.051180370e-01  2.133774246e+08  1.280761064e-02  1.052624352e+06  1.012223610e+02  1.901979351e+00  1.525415220e-02  6.876761192e-02  1.790277920e-02 -6.588950954e+01 -4.607417873e+00  1.735984864e-02  4.333487914e-03  2.427573689e+00  9.994325944e-01  2.099677462e+00  9.702554826e-01
12 3  9.879690282e-01  4.000000000e+00  2.914368347e-01  5.051180370e-01  1.343994561e+07  2.173424235e-02  3.979914406e+05  1.120087159e+02  7.114625902e-01  8.074421358e-03  5.763530201e-02  8.911943185e-03 -2.309722041e+01 -2.612820882e+01  1.291484003e-02  3.965939232e-03  3.510703181e+00  9.998801043e-01  1.981320174e+00  9.914630307e-01
13 3  9.949521625e-01  4.333333333e+00  2.650260310e-01  5.051180370e-01  4.807517125e+06  1.882471457e-02  3.326891023e+05  1.068378270e+02  4.993662897e-01  4.633653859e-03  2.792784776e-02  5.778004392e-03 -1.810123553e+01 -1.094960538e+01  1.072197608e-02  3.618526826e-03  6.588877179e+00  9.999747433e-01  1.842012317e+00  9.964251403e-01
