11  2.170447751e-07
4 3  3.901139904e-01  1.333333333e+00  7.871082440e-01  5.041983775e-01  3.314543250e+08 -2.209292890e-02  3.367046782e+06  3.085297097e+02  1.386600879e+00  1.516110147e-03 -2.209292890e-02 -3.519187746e-02 -4.238186186e+00 -6.301085332e+00  7.947329805e-03  2.055564439e-03  9.936114112e-01  1.011765366e+00  2.678422075e+00
5 3  5.106763965e-01  1.666666667e+00  7.131246390e-01  5.041983775e-01  2.422552698e+08 -1.567785521e-02  3.367046782e+06  2.082397118e+02  1.311599082e+00  1.701435696e-03 -1.567785521e-02 -2.539501214e-02 -3.101700405e+00 -5.289511195e+00  8.132931230e-03  2.090393306e-03  1.045199239e+00  1.008054252e+00  2.794649581e+00
6 3  6.090848607e-01  2.000000000e+00  6.685577442e-01  5.041983775e-01  1.995226409e+08 -1.143452851e-02  3.367046782e+06  1.650505267e+02  1.342882769e+00  2.041800630e-03 -1.143452851e-02 -1.908162367e-02 -2.367329918e+00 -4.340863521e+00  8.409086291e-03  2.188418947e-03  1.120262406e+00  1.005381803e+00  2.770290086e+00
7 3  6.963010199e-01  2.333333333e+00  6.375721646e-01  5.041983775e-01  1.753346309e+08 -8.440778654e-03  3.367046782e+06  1.369976937e+02  1.389606066e+00  2.408243091e-03 -8.440778654e-03 -1.477974504e-02 -1.904772594e+00 -3.649707712e+00  8.724994209e-03  2.288360882e-03  1.201940646e+00  1.003240233e+00  2.708766716e+00
8 3  7.736284906e-01  2.666666667e+00  6.151636346e-01  5.041983775e-01  1.590470422e+08 -5.692962442e-03  3.367046782e+06  1.194272790e+02  1.403326428e+00  2.590660584e-03 -5.692962442e-03 -1.106327641e-02 -1.572430611e+00 -3.081979248e+00  8.882581255e-03  2.340435815e-03  1.295000456e+00  1.001559027e+00  2.628976420e+00
9 3  8.383329293e-01  3.000000000e+00  5.992715407e-01  5.041983775e-01  1.385723869e+08 -3.135499718e-03  3.367046782e+06  1.040872398e+02  1.353613603e+00  2.514000797e-03 -3.135499718e-03 -7.891163475e-03 -1.408899677e+00 -2.653617843e+00  8.710657558e-03  2.303895590e-03  1.419988452e+00  1.000408433e+00  2.529408845e+00
10 3  8.860335697e-01  3.333333333e+00  5.879374024e-01  5.041983775e-01  1.156590145e+08  2.936004892e-04  3.367046782e+06  9.056669143e+01  1.217798795e+00  2.089123882e-03  2.936004892e-04 -4.225318958e-03 -1.351211790e+00 -2.403982739e+00  8.120652887e-03  2.144397489e-03  1.598950344e+00  9.997328682e-01  2.404372876e+00
11 3  9.190669232e-01  3.666666667e+00  5.830880809e-01  5.041983775e-01  1.017183823e+08  7.562860049e-03  3.367046782e+06  7.937229009e+01  1.106514572e+00  1.761755348e-03  7.562860049e-03  2.882265432e-03 -1.155059108e-01 -2.773546431e+00  7.637243775e-03  1.993782322e-03  1.888825313e+00  9.993620727e-01  2.266443971e+00
12 3  9.493270896e-01  4.000000000e+00  5.450174786e-01  5.041983775e-01  1.353746907e+08  6.856108583e-02  3.367046782e+06  7.376981650e+01  1.757251483e+00  1.730816719e-02  6.856108583e-02  1.375020934e-02 -4.379899892e+01 -1.873765688e+01  1.064377594e-02  2.767608508e-03  2.236396622e+00  9.992812628e-01  2.145803972e+00
13 3  9.814436728e-01  4.333333333e+00  2.380758220e-01  5.041983775e-01  1.336999336e+07  4.136217218e-02  3.367046782e+06  9.098047813e+01  8.669758358e-01  9.003060859e-03  4.136217218e-02  1.222302403e-02 -2.112448297e+01 -1.253774214e+01  7.002427199e-03  2.159369948e-03  2.884914013e+00  9.998811994e-01  2.048981808e+00
14 3  9.906438065e-01  4.666666667e+00  2.157083487e-01  5.041983775e-01  6.410369450e+06  2.378555376e-02  3.367046782e+06  9.013913262e+01  6.465084623e-01  5.232195634e-03  2.378555376e-02  7.995738851e-03 -1.162144644e+01 -6.800482924e+00  5.747570406e-03  1.881937042e-03  4.539242175e+00  9.999302234e-01  1.920555497e+00
