10  2.142569808e-07
4 3  4.678801435e-01  1.333333333e+00  7.011861680e-01  5.100136904e-01  2.846309705e+08 -1.020726545e-02  3.489990830e+06  4.017686079e+02  1.334633008e+00  1.662091398e-03 -1.020726545e-02 -1.949947677e-02 -3.540916827e+00 -5.376172422e+00  8.376715934e-03  2.194414365e-03  9.962146985e-01  1.015841411e+00  2.809944202e+00
5 3  5.993074472e-01  1.666666667e+00  6.324257730e-01  5.100136904e-01  1.969073335e+08 -7.595916255e-03  3.489990830e+06  2.765288164e+02  1.241260158e+00  1.691480966e-03 -7.595916255e-03 -1.384694471e-02 -2.225095548e+00 -4.047748774e+00  8.329641484e-03  2.191199362e-03  1.071230711e+00  1.008608477e+00  2.858903157e+00
6 3  6.988413450e-01  2.000000000e+00  5.982983544e-01  5.100136904e-01  1.658835865e+08 -3.714031697e-03  3.489990830e+06  2.060093858e+02  1.237194257e+00  1.789970453e-03 -3.714031697e-03 -8.567817384e-03 -1.555150158e+00 -3.233758601e+00  8.500853925e-03  2.227963998e-03  1.169881167e+00  1.004995167e+00  2.768142696e+00
7 3  7.815292603e-01  2.333333333e+00  5.779474744e-01  5.100136904e-01  1.557836180e+08  3.194112329e-04  3.489990830e+06  1.730295601e+02  1.259589483e+00  1.875155714e-03  3.194112329e-04 -3.701001485e-03 -1.134054105e+00 -2.682066958e+00  8.674879158e-03  2.274252379e-03  1.281901577e+00  1.002521693e+00  2.646903703e+00
8 3  8.489230538e-01  2.666666667e+00  5.659840235e-01  5.100136904e-01  1.375703724e+08  1.692364322e-03  3.489990830e+06  1.501664056e+02  1.197867069e+00  1.714458269e-03  1.692364322e-03 -1.873548078e-03 -7.660480639e-01 -2.387144364e+00  8.346132763e-03  2.201486126e-03  1.424174120e+00  1.000775933e+00  2.511379550e+00
9 3  8.965685645e-01  3.000000000e+00  5.632305775e-01  5.100136904e-01  1.188369611e+08  5.463218140e-03  3.489990830e+06  1.273164180e+02  1.089233333e+00  1.315250387e-03  5.463218140e-03  2.550380079e-03  4.489515108e-01 -2.297926339e+00  7.785637373e-03  2.049612196e-03  1.639390730e+00  9.998118969e-01  2.355355460e+00
10 3  9.339814315e-01  3.333333333e+00  5.292980539e-01  5.100136904e-01  1.262826704e+08  3.953235314e-02  3.489990830e+06  1.053655008e+02  1.262695241e+00  5.537946025e-03  3.953235314e-02  1.214879551e-02 -2.411703944e+01 -8.529653138e+00  8.756204557e-03  2.253359584e-03  1.952559357e+00  9.994428375e-01  2.207462640e+00
11 3  9.703164380e-01  3.666666667e+00  2.872961300e-01  5.100136904e-01  2.549829922e+07  6.129935425e-02  3.489990830e+06  1.119068069e+02  9.706739059e-01  1.030688834e-02  6.129935425e-02  1.660180626e-02 -3.013174804e+01 -2.131724944e+01  7.824652476e-03  2.248998417e-03  2.486591832e+00  9.997943702e-01  2.085588150e+00
12 3  9.862623009e-01  4.000000000e+00  2.237064060e-01  5.100136904e-01  8.281271417e+06  2.733931665e-02  3.489990830e+06  1.162428338e+02  7.218607649e-01  6.723062137e-03  2.733931665e-02  1.082548051e-02 -1.523758732e+01 -7.868093198e+00  6.488932956e-03  2.085313213e-03  3.771111263e+00  9.999412084e-01  1.943492250e+00
13 3  9.948694388e-01  4.333333333e+00  2.033055689e-01  5.100136904e-01  4.377907610e+06  1.590283594e-02  3.489990830e+06  1.136903382e+02  5.423902032e-01  3.647829675e-03  1.590283594e-02  6.558626251e-03 -1.124606236e+01 -4.076376842e+00  5.324555506e-03  1.789461862e-03  7.826171531e+00  9.999888796e-01  1.809735344e+00
