10  2.095981979e-07
4 3  4.835892591e-01  1.333333333e+00  7.104422292e-01  5.140502144e-01  2.957638869e+08 -9.531464878e-03  3.624258310e+06  4.624406064e+02  1.306469389e+00  1.496672545e-03 -9.531464878e-03 -1.747385799e-02 -2.892170331e+00 -4.970733396e+00  8.278731769e-03  2.183096626e-03  9.966288860e-01  1.015202749e+00  2.838255233e+00
5 3  6.134602923e-01  1.666666667e+00  6.525481797e-01  5.140502144e-01  2.079982760e+08 -4.642051720e-03  3.624258310e+06  3.010260121e+02  1.221000686e+00  1.557185029e-03 -4.642051720e-03 -1.034292595e-02 -1.717756240e+00 -4.077006325e+00  8.257927130e-03  2.173517478e-03  1.075363145e+00  1.007737214e+00  2.859208042e+00
6 3  7.115675098e-01  2.000000000e+00  6.254622635e-01  5.140502144e-01  1.778636996e+08 -1.425037037e-03  3.624258310e+06  2.210626257e+02  1.211826232e+00  1.636928945e-03 -1.425037037e-03 -5.987833331e-03 -1.131930322e+00 -3.371445526e+00  8.411414257e-03  2.198157955e-03  1.175689049e+00  1.004145448e+00  2.753870352e+00
7 3  7.912181563e-01  2.333333333e+00  6.104010141e-01  5.140502144e-01  1.675400955e+08  2.066616518e-03  3.624258310e+06  1.869362875e+02  1.221932503e+00  1.686528472e-03  2.066616518e-03 -1.820977454e-03 -8.186859123e-01 -2.844604479e+00  8.496947594e-03  2.223959768e-03  1.291746292e+00  1.001967113e+00  2.618989028e+00
8 3  8.546722031e-01  2.666666667e+00  6.005199884e-01  5.140502144e-01  1.460940966e+08  2.946437319e-03  3.624258310e+06  1.617196170e+02  1.155142322e+00  1.572893430e-03  2.946437319e-03 -7.594356091e-04 -7.634428477e-01 -2.580585223e+00  8.099718917e-03  2.139171195e-03  1.438623642e+00  1.000482510e+00  2.471730409e+00
9 3  8.989388226e-01  3.000000000e+00  6.017010189e-01  5.140502144e-01  1.252031990e+08  5.074429695e-03  3.624258310e+06  1.367048533e+02  1.035675522e+00  7.349588497e-04  5.074429695e-03  3.861133484e-03  2.281666719e+00 -1.954431573e+00  7.448907093e-03  1.967233214e-03  1.647777966e+00  9.995361124e-01  2.308703301e+00
10 3  9.356387904e-01  3.333333333e+00  5.643895002e-01  5.140502144e-01  1.577505774e+08  5.820819606e-02  3.624258310e+06  1.143393265e+02  1.387544961e+00  7.495885224e-03  5.820819606e-02  1.936345124e-02 -3.582946183e+01 -1.125726954e+01  9.229083250e-03  2.379254490e-03  2.010216184e+00  9.991635349e-01  2.161856196e+00
11 3  9.746968948e-01  3.666666667e+00  2.520156172e-01  5.140502144e-01  1.895346771e+07  4.744546705e-02  3.624258310e+06  1.352818348e+02  8.688267140e-01  7.790896602e-03  4.744546705e-02  1.854571755e-02 -9.267598073e+00 -1.700446693e+01  7.327659073e-03  2.184434644e-03  2.504744392e+00  9.999103310e-01  2.048896214e+00
12 3  9.873410183e-01  4.000000000e+00  2.277206738e-01  5.140502144e-01  7.955245245e+06  2.310030296e-02  3.624258310e+06  1.309176568e+02  6.473570015e-01  4.994414707e-03  2.310030296e-02  8.936898553e-03 -1.049107704e+01 -7.335955873e+00  6.064917156e-03  1.956393061e-03  4.023112295e+00  9.999255337e-01  1.902547898e+00
13 3  9.936375750e-01  4.333333333e+00  2.145147060e-01  5.140502144e-01  4.716633269e+06  1.416695475e-02  3.624258310e+06  1.224597194e+02  4.970393121e-01  2.943968205e-03  1.416695475e-02  3.997950075e-03 -1.036003569e+01 -4.714449500e+00  5.033679311e-03  1.675225166e-03  6.937138513e+00  9.999374464e-01  1.767418895e+00
