11  2.192162400e-07
4 3  4.027381810e-01  1.333333333e+00  7.569301690e-01  5.076235474e-01  3.121143055e+08 -3.235693277e-02  3.379141619e+06  3.063230222e+02  1.401177494e+00  1.594206013e-03 -1.872860331e-02 -3.040820789e-02 -4.196817333e+00 -5.562357522e+00  8.163954294e-03  2.112761019e-03  9.923839429e-01  1.013491359e+00  2.684121344e+00
5 3  5.298577207e-01  1.666666667e+00  6.826728588e-01  5.076235474e-01  2.272822957e+08 -2.353269253e-02  3.379141619e+06  2.117852527e+02  1.313185888e+00  1.745040144e-03 -1.300565416e-02 -2.155406779e-02 -2.775951444e+00 -4.818353604e+00  8.297699614e-03  2.137381615e-03  1.047155209e+00  1.008288520e+00  2.810563278e+00
6 3  6.299232432e-01  2.000000000e+00  6.435480866e-01  5.076235474e-01  1.841926826e+08 -1.883417519e-02  3.379141619e+06  1.676408133e+02  1.313087027e+00  1.969256889e-03 -1.121073456e-02 -1.786641988e-02 -1.928764802e+00 -3.981607192e+00  8.433125446e-03  2.198046957e-03  1.128980380e+00  1.005207924e+00  2.775949549e+00
7 3  7.135712347e-01  2.333333333e+00  6.199718622e-01  5.076235474e-01  1.631327235e+08 -1.142077849e-02  3.379141619e+06  1.376556128e+02  1.326361493e+00  2.159739722e-03 -6.357576051e-03 -1.195644783e-02 -1.455636597e+00 -3.400197518e+00  8.611010676e-03  2.249461841e-03  1.223000032e+00  1.003174821e+00  2.689894210e+00
8 3  7.856398505e-01  2.666666667e+00  6.037606503e-01  5.076235474e-01  1.524513637e+08 -8.698520484e-03  3.379141619e+06  1.197537711e+02  1.351522602e+00  2.353541397e-03 -3.833381841e-03 -8.792507229e-03 -1.265773028e+00 -2.949189289e+00  8.779871649e-03  2.301404625e-03  1.328718795e+00  1.001624826e+00  2.587366081e+00
9 3  8.467735837e-01  3.000000000e+00  5.902220922e-01  5.076235474e-01  1.341554836e+08 -8.173178870e-03  3.379141619e+06  1.054248628e+02  1.307147324e+00  2.342985037e-03 -2.965614618e-03 -7.671496040e-03 -1.350307567e+00 -2.644891312e+00  8.571390143e-03  2.262124294e-03  1.457279125e+00  1.000426249e+00  2.475877494e+00
10 3  8.931300716e-01  3.333333333e+00  5.847922800e-01  5.076235474e-01  1.161734489e+08 -6.840008220e-04  3.379141619e+06  9.101952628e+01  1.211934215e+00  1.919912933e-03  2.532343315e-03 -1.351637547e-03  5.967200936e-01 -2.692532024e+00  8.152551745e-03  2.145109736e-03  1.642742291e+00  9.996265397e-01  2.348398383e+00
11 3  9.318512253e-01  3.666666667e+00  5.789896476e-01  5.076235474e-01  1.350238129e+08  9.258142949e-03  3.379141619e+06  7.751845973e+01  1.680092050e+00  1.260692433e-02  4.587455644e-02  1.318760531e-02 -1.866053136e+01 -1.441264664e+01  1.049547134e-02  2.720198305e-03  1.907642356e+00  9.992551746e-01  2.226637832e+00
12 3  9.691741652e-01  4.000000000e+00  2.933972018e-01  5.076235474e-01  2.304901973e+07  1.751852624e-02  3.379141619e+06  9.073583927e+01  9.781582348e-01  9.178624356e-03  4.054708547e-02  1.240828804e-02 -1.893096877e+01 -1.296521420e+01  7.972917083e-03  2.275389774e-03  2.342053044e+00  9.998617227e-01  2.124123717e+00
13 3  9.835138342e-01  4.333333333e+00  2.518536896e-01  5.076235474e-01  1.044201341e+07  1.232986396e-02  3.379141619e+06  9.135553690e+01  7.740196622e-01  6.686726579e-03  2.066425034e-02  5.089344473e-03 -1.582099089e+01 -6.679838295e+00  6.903969092e-03  2.106852481e-03  3.495285384e+00  9.999144108e-01  1.989844921e+00
14 3  9.914496113e-01  4.666666667e+00  2.316694082e-01  5.076235474e-01  6.084751470e+06  9.877844253e-03  3.379141619e+06  8.835256517e+01  6.147832006e-01  4.389014001e-03  1.345588986e-02  2.171737292e-03 -1.428755608e+01 -4.443829647e+00  5.884789057e-03  1.858051230e-03  5.705577947e+00  9.999414082e-01  1.862672260e+00
