11  2.169166480e-07
4 3  3.998797943e-01  1.333333333e+00  7.779928321e-01  5.069733957e-01  3.105210832e+08 -3.239522968e-02  3.406222810e+06  3.070190674e+02  1.394366780e+00  1.562624385e-03 -1.933285268e-02 -3.068596636e-02 -3.999209600e+00 -5.512073060e+00  8.103429548e-03  2.101122232e-03  9.913050840e-01  1.013328977e+00  2.677481135e+00
5 3  5.256288929e-01  1.666666667e+00  7.047003751e-01  5.069733957e-01  2.306877864e+08 -2.374920902e-02  3.406222810e+06  2.121960535e+02  1.315305049e+00  1.728757185e-03 -1.339532844e-02 -2.181710358e-02 -2.818828395e+00 -4.718970215e+00  8.271173334e-03  2.131967458e-03  1.045407017e+00  1.008304944e+00  2.801609560e+00
6 3  6.256524330e-01  2.000000000e+00  6.631811789e-01  5.069733957e-01  1.893900669e+08 -1.891075138e-02  3.406222810e+06  1.684140317e+02  1.320062140e+00  1.963047434e-03 -1.119655767e-02 -1.782327883e-02 -2.076074037e+00 -3.894632878e+00  8.430404776e-03  2.196734205e-03  1.126007727e+00  1.005256902e+00  2.770546477e+00
7 3  7.099900329e-01  2.333333333e+00  6.365220764e-01  5.069733957e-01  1.685744144e+08 -1.190798679e-02  3.406222810e+06  1.389161876e+02  1.338005663e+00  2.167555986e-03 -6.582266646e-03 -1.217886546e-02 -1.640667198e+00 -3.322752393e+00  8.622187405e-03  2.253019020e-03  1.217940130e+00  1.003195730e+00  2.689344111e+00
8 3  7.830154134e-01  2.666666667e+00  6.177967959e-01  5.069733957e-01  1.578513415e+08 -9.164283400e-03  3.406222810e+06  1.213929556e+02  1.361470652e+00  2.337053591e-03 -4.284040061e-03 -9.190743014e-03 -1.369933136e+00 -2.880415895e+00  8.781041477e-03  2.302746069e-03  1.320852222e+00  1.001600067e+00  2.591082003e+00
9 3  8.449304257e-01  3.000000000e+00  6.039413528e-01  5.069733957e-01  1.397519045e+08 -7.862344029e-03  3.406222810e+06  1.068869168e+02  1.315901771e+00  2.286126737e-03 -2.912025406e-03 -7.452351004e-03 -1.266935031e+00 -2.578597368e+00  8.575711757e-03  2.261810110e-03  1.447676722e+00  1.000374561e+00  2.482261708e+00
10 3  8.918006417e-01  3.333333333e+00  5.952260128e-01  5.069733957e-01  1.215946880e+08 -1.566883962e-03  3.406222810e+06  9.259306357e+01  1.223749601e+00  2.046616486e-03  3.184464472e-03 -1.268296244e-03 -7.180392503e-01 -2.601451091e+00  8.170567663e-03  2.148671901e-03  1.627029860e+00  9.995819723e-01  2.356094383e+00
11 3  9.276456767e-01  3.666666667e+00  5.916011298e-01  5.069733957e-01  1.180386384e+08  1.076406659e-02  3.406222810e+06  7.897501511e+01  1.356086206e+00  6.294520770e-03  3.231991292e-02  9.883880640e-03 -5.373265160e+00 -1.196631157e+01  8.941280666e-03  2.321497881e-03  1.907906870e+00  9.991908991e-01  2.227124001e+00
12 3  9.682937781e-01  4.000000000e+00  2.909069324e-01  5.069733957e-01  2.287873563e+07  1.969904329e-02  3.406222810e+06  9.167585957e+01  1.011131515e+00  1.029162133e-02  4.521662677e-02  1.465905287e-02 -2.341841430e+01 -1.355708344e+01  7.984023570e-03  2.319188754e-03  2.279900256e+00  9.998449376e-01  2.132382138e+00
13 3  9.832530444e-01  4.333333333e+00  2.435363369e-01  5.069733957e-01  9.990974790e+06  1.581787148e-02  3.406222810e+06  9.345938266e+01  7.846256567e-01  6.891629437e-03  2.289316210e-02  7.755304968e-03 -1.560673051e+01 -6.469548683e+00  6.823721893e-03  2.129446510e-03  3.340080596e+00  9.999107946e-01  1.998893672e+00
14 3  9.913645722e-01  4.666666667e+00  2.234264617e-01  5.069733957e-01  5.894278746e+06  1.293061220e-02  3.406222810e+06  9.051730104e+01  6.218040973e-01  4.414323052e-03  1.512426436e-02  4.372267542e-03 -1.351689192e+01 -4.235771435e+00  5.809046873e-03  1.874241197e-03  5.387672956e+00  9.999372089e-01  1.871477358e+00
