 1.695500020e+00 -1.834525820e+00  8.568408132e-01  3.929595712e+00  9.329433381e-01  5.059398603e+00  9.952030078e-01  9.640800240e-01  7.452724360e+00 512 3 12
 0.000000000e+00  0.000000000e+00 -2.785648822e-06
 1.956947162e-03  2.816539317e-02  1.389642726e-01
 3.913894325e-03  3.983164715e-02  1.965254571e-01
 5.870841487e-03  4.878352148e-02  2.406895728e-01
 7.827788650e-03  5.633049404e-02  2.779142130e-01
 9.784735812e-03  6.297981737e-02  3.106998910e-01
 1.174168297e-02  6.899166526e-02  3.403284844e-01
 1.369863014e-02  7.452060974e-02  3.675611058e-01
 1.565557730e-02  7.966737576e-02  3.928933749e-01
 1.761252446e-02  8.450193714e-02  4.166693271e-01
 1.956947162e-02  8.907524946e-02  4.391393206e-01
 2.152641879e-02  9.342578681e-02  4.604920873e-01
 2.348336595e-02  9.758344767e-02  4.808731750e-01
 2.544031311e-02  1.015720198e-01  5.004000024e-01
 2.739726027e-02  1.054107831e-01  5.191676805e-01
 2.935420744e-02  1.091156279e-01  5.372541406e-01
 3.131115460e-02  1.126998356e-01  5.547247260e-01
 3.326810176e-02  1.161746402e-01  5.716350442e-01
 3.522504892e-02  1.195496446e-01  5.880313740e-01
 3.718199609e-02  1.228331414e-01  6.039537379e-01
 3.913894325e-02  1.260323479e-01  6.194367357e-01
 4.109589041e-02  1.291535934e-01  6.345109207e-01
 4.305283757e-02  1.322024631e-01  6.492037354e-01
 4.500978474e-02  1.351839132e-01  6.635397256e-01
 4.696673190e-02  1.381023658e-01  6.775406973e-01
 4.892367906e-02  1.409617876e-01  6.912252936e-01
 5.088062622e-02  1.437657564e-01  7.046100082e-01
 5.283757339e-02  1.465175128e-01  7.177101344e-01
 5.479452055e-02  1.492200009e-01  7.305400272e-01
 5.675146771e-02  1.518759038e-01  7.431129817e-01
 5.870841487e-02  1.544876753e-01  7.554404579e-01
 6.066536204e-02  1.570575694e-01  7.675320534e-01
 6.262230920e-02  1.595876637e-01  7.793975630e-01
 6.457925636e-02  1.620798736e-01  7.910477945e-01
 6.653620352e-02  1.645359656e-01  8.024920560e-01
 6.849315068e-02  1.669575784e-01  8.137360563e-01
 7.045009785e-02  1.693462427e-01  8.247852923e-01
 7.240704501e-02  1.717033863e-01  8.356475095e-01
 7.436399217e-02  1.740303374e-01  8.463298689e-01
 7.632093933e-02  1.763283367e-01  8.568381954e-01
 7.827788650e-02  1.785985475e-01  8.671776075e-01
 8.023483366e-02  1.808420626e-01  8.773517594e-01
 8.219178082e-02  1.830599128e-01  8.873652471e-01
 8.414872798e-02  1.852530671e-01  8.972237027e-01
 8.610567515e-02  1.874224362e-01  9.069317151e-01
 8.806262231e-02  1.895688802e-01  9.164932202e-01
 9.001956947e-02  1.916932128e-01  9.259104483e-01
 9.197651663e-02  1.937962084e-01  9.351861882e-01
 9.393346380e-02  1.958786009e-01  9.443238708e-01
 9.589041096e-02  1.979410857e-01  9.533286614e-01
 9.784735812e-02  1.999843188e-01  9.622039693e-01
 9.980430528e-02  2.020089262e-01  9.709500363e-01
 1.017612524e-01  2.040155090e-01  9.795690648e-01
 1.037181996e-01  2.060046391e-01  9.880640710e-01
 1.056751468e-01  2.079768611e-01  9.964378179e-01
 1.076320939e-01  2.099326941e-01  1.004693872e+00
 1.095890411e-01  2.118726324e-01  1.012833568e+00
 1.115459883e-01  2.137971520e-01  1.020857261e+00
 1.135029354e-01  2.157067109e-01  1.028766867e+00
 1.154598826e-01  2.176017469e-01  1.036564946e+00
 1.174168297e-01  2.194826785e-01  1.044254532e+00
 1.193737769e-01  2.213499054e-01  1.051837297e+00
 1.213307241e-01  2.232038133e-01  1.059312736e+00
 1.232876712e-01  2.250447762e-01  1.066682373e+00
 1.252446184e-01  2.268731526e-01  1.073948013e+00
 1.272015656e-01  2.286892870e-01  1.081112003e+00
 1.291585127e-01  2.304935098e-01  1.088176026e+00
 1.311154599e-01  2.322861397e-01  1.095140271e+00
 1.330724070e-01  2.340674862e-01  1.102005666e+00
 1.350293542e-01  2.358378480e-01  1.108773043e+00
 1.369863014e-01  2.375975138e-01  1.115443252e+00
 1.389432485e-01  2.393467627e-01  1.122019449e+00
 1.409001957e-01  2.410858610e-01  1.128502512e+00
 1.428571429e-01  2.428150683e-01  1.134891670e+00
 1.448140900e-01  2.445346385e-01  1.141187515e+00
 1.467710372e-01  2.462448168e-01  1.147391294e+00
 1.487279843e-01  2.479458403e-01  1.153504791e+00
 1.506849315e-01  2.496379374e-01  1.159529820e+00
 1.526418787e-01  2.513213290e-01  1.165465689e+00
 1.545988258e-01  2.529962325e-01  1.171312496e+00
 1.565557730e-01  2.546628587e-01  1.177071373e+00
 1.585127202e-01  2.563214119e-01  1.182743203e+00
 1.604696673e-01  2.579720903e-01  1.188329399e+00
 1.624266145e-01  2.596150858e-01  1.193830949e+00
 1.643835616e-01  2.612505851e-01  1.199247311e+00
 1.663405088e-01  2.628787718e-01  1.204579023e+00
 1.682974560e-01  2.644998242e-01  1.209826610e+00
 1.702544031e-01  2.661139159e-01  1.214990927e+00
 1.722113503e-01  2.677212157e-01  1.220073629e+00
 1.741682975e-01  2.693218866e-01  1.225075111e+00
 1.761252446e-01  2.709160889e-01  1.229994613e+00
 1.780821918e-01  2.725039804e-01  1.234832679e+00
 1.800391389e-01  2.740857142e-01  1.239589890e+00
 1.819960861e-01  2.756614400e-01  1.244267449e+00
 1.839530333e-01  2.772313029e-01  1.248866727e+00
 1.859099804e-01  2.787954441e-01  1.253387158e+00
 1.878669276e-01  2.803540032e-01  1.257828464e+00
 1.898238748e-01  2.819071172e-01  1.262191254e+00
 1.917808219e-01  2.834549197e-01  1.266476443e+00
 1.937377691e-01  2.849975406e-01  1.270685244e+00
 1.956947162e-01  2.865351065e-01  1.274817677e+00
 1.976516634e-01  2.880677422e-01  1.278873410e+00
 1.996086106e-01  2.895955706e-01  1.282852990e+00
 2.015655577e-01  2.911187115e-01  1.286756978e+00
 2.035225049e-01  2.926372826e-01  1.290586023e+00
 2.054794521e-01  2.941513985e-01  1.294340507e+00
 2.074363992e-01  2.956611719e-01  1.298021142e+00
 2.093933464e-01  2.971667130e-01  1.301627832e+00
 2.113502935e-01  2.986681307e-01  1.305160660e+00
 2.133072407e-01  3.001655319e-01  1.308620025e+00
 2.152641879e-01  3.016590213e-01  1.312006933e+00
 2.172211350e-01  3.031487012e-01  1.315321701e+00
 2.191780822e-01  3.046346721e-01  1.318564929e+00
 2.211350294e-01  3.061170327e-01  1.321736173e+00
 2.230919765e-01  3.075958810e-01  1.324835847e+00
 2.250489237e-01  3.090713129e-01  1.327864580e+00
 2.270058708e-01  3.105434221e-01  1.330823208e+00
 2.289628180e-01  3.120123008e-01  1.333711952e+00
 2.309197652e-01  3.134780397e-01  1.336530931e+00
 2.328767123e-01  3.149407284e-01  1.339280256e+00
 2.348336595e-01  3.164004552e-01  1.341960377e+00
 2.367906067e-01  3.178573068e-01  1.344572103e+00
 2.387475538e-01  3.193113680e-01  1.347115716e+00
 2.407045010e-01  3.207627229e-01  1.349591577e+00
 2.426614481e-01  3.222114538e-01  1.351999841e+00
 2.446183953e-01  3.236576424e-01  1.354340925e+00
 2.465753425e-01  3.251013689e-01  1.356615281e+00
 2.485322896e-01  3.265427122e-01  1.358823407e+00
 2.504892368e-01  3.279817500e-01  1.360965556e+00
 2.524461840e-01  3.294185592e-01  1.363042294e+00
 2.544031311e-01  3.308532152e-01  1.365053944e+00
 2.563600783e-01  3.322857925e-01  1.367000805e+00
 2.583170254e-01  3.337163646e-01  1.368883264e+00
 2.602739726e-01  3.351450042e-01  1.370701885e+00
 2.622309198e-01  3.365717826e-01  1.372456963e+00
 2.641878669e-01  3.379967703e-01  1.374149106e+00
 2.661448141e-01  3.394200368e-01  1.375778622e+00
 2.681017613e-01  3.408416507e-01  1.377345879e+00
 2.700587084e-01  3.422616797e-01  1.378851294e+00
 2.720156556e-01  3.436801908e-01  1.380295422e+00
 2.739726027e-01  3.450972498e-01  1.381678782e+00
 2.759295499e-01  3.465129216e-01  1.383001720e+00
 2.778864971e-01  3.479272706e-01  1.384264609e+00
 2.798434442e-01  3.493403603e-01  1.385467976e+00
 2.818003914e-01  3.507522533e-01  1.386612342e+00
 2.837573386e-01  3.521630112e-01  1.387698278e+00
 2.857142857e-01  3.535726952e-01  1.388726038e+00
 2.876712329e-01  3.549813655e-01  1.389696201e+00
 2.896281800e-01  3.563890817e-01  1.390609391e+00
 2.915851272e-01  3.577959023e-01  1.391466105e+00
 2.935420744e-01  3.592018854e-01  1.392266680e+00
 2.954990215e-01  3.606070883e-01  1.393011785e+00
 2.974559687e-01  3.620115675e-01  1.393701871e+00
 2.994129159e-01  3.634153790e-01  1.394337492e+00
 3.013698630e-01  3.648185778e-01  1.394919234e+00
 3.033268102e-01  3.662212184e-01  1.395447504e+00
 3.052837573e-01  3.676233548e-01  1.395922887e+00
 3.072407045e-01  3.690250401e-01  1.396346013e+00
 3.091976517e-01  3.704263267e-01  1.396717057e+00
 3.111545988e-01  3.718272670e-01  1.397036878e+00
 3.131115460e-01  3.732279120e-01  1.397306074e+00
 3.150684932e-01  3.746283125e-01  1.397524878e+00
 3.170254403e-01  3.760285187e-01  1.397693848e+00
 3.189823875e-01  3.774285803e-01  1.397813596e+00
 3.209393346e-01  3.788285465e-01  1.397884600e+00
 3.228962818e-01  3.802284657e-01  1.397907604e+00
 3.248532290e-01  3.816283857e-01  1.397882797e+00
 3.268101761e-01  3.830283543e-01  1.397810740e+00
 3.287671233e-01  3.844284185e-01  1.397692246e+00
 3.307240705e-01  3.858286244e-01  1.397527725e+00
 3.326810176e-01  3.872290181e-01  1.397317404e+00
 3.346379648e-01  3.886296452e-01  1.397062169e+00
 3.365949119e-01  3.900305506e-01  1.396762306e+00
 3.385518591e-01  3.914317789e-01  1.396418490e+00
 3.405088063e-01  3.928333741e-01  1.396031308e+00
 3.424657534e-01  3.942353797e-01  1.395601088e+00
 3.444227006e-01  3.956378389e-01  1.395128472e+00
 3.463796477e-01  3.970407944e-01  1.394614063e+00
 3.483365949e-01  3.984442884e-01  1.394058029e+00
 3.502935421e-01  3.998483629e-01  1.393461299e+00
 3.522504892e-01  4.012530590e-01  1.392824546e+00
 3.542074364e-01  4.026584176e-01  1.392147904e+00
 3.561643836e-01  4.040644793e-01  1.391431957e+00
 3.581213307e-01  4.054712844e-01  1.390677132e+00
 3.600782779e-01  4.068788726e-01  1.389884260e+00
 3.620352250e-01  4.082872830e-01  1.389054045e+00
 3.639921722e-01  4.096965543e-01  1.388186794e+00
 3.659491194e-01  4.111067249e-01  1.387282701e+00
 3.679060665e-01  4.125178333e-01  1.386342596e+00
 3.698630137e-01  4.139299171e-01  1.385366981e+00
 3.718199609e-01  4.153430134e-01  1.384356523e+00
 3.737769080e-01  4.167571592e-01  1.383311853e+00
 3.757338552e-01  4.181723905e-01  1.382233473e+00
 3.776908023e-01  4.195887437e-01  1.381121559e+00
 3.796477495e-01  4.210062545e-01  1.379976550e+00
 3.816046967e-01  4.224249587e-01  1.378799401e+00
 3.835616438e-01  4.238448908e-01  1.377590893e+00
 3.855185910e-01  4.252660851e-01  1.376351524e+00
 3.874755382e-01  4.266885756e-01  1.375081435e+00
 3.894324853e-01  4.281123963e-01  1.373780855e+00
 3.913894325e-01  4.295375811e-01  1.372450749e+00
 3.933463796e-01  4.309641628e-01  1.371092006e+00
 3.953033268e-01  4.323921736e-01  1.369705062e+00
 3.972602740e-01  4.338216457e-01  1.368290334e+00
 3.992172211e-01  4.352526110e-01  1.366848008e+00
 4.011741683e-01  4.366851012e-01  1.365378661e+00
 4.031311155e-01  4.381191477e-01  1.363883276e+00
 4.050880626e-01  4.395547808e-01  1.362362429e+00
 4.070450098e-01  4.409920306e-01  1.360816718e+00
 4.090019569e-01  4.424309269e-01  1.359246616e+00
 4.109589041e-01  4.438714991e-01  1.357651849e+00
 4.129158513e-01  4.453137773e-01  1.356033448e+00
 4.148727984e-01  4.467577899e-01  1.354392483e+00
 4.168297456e-01  4.482035650e-01  1.352729487e+00
 4.187866928e-01  4.496511301e-01  1.351044957e+00
 4.207436399e-01  4.511005128e-01  1.349338830e+00
 4.227005871e-01  4.525517407e-01  1.347611330e+00
 4.246575342e-01  4.540048411e-01  1.345864011e+00
 4.266144814e-01  4.554598397e-01  1.344097492e+00
 4.285714286e-01  4.569167621e-01  1.342312055e+00
 4.305283757e-01  4.583756338e-01  1.340508225e+00
 4.324853229e-01  4.598364798e-01  1.338685778e+00
 4.344422701e-01  4.612993258e-01  1.336845965e+00
 4.363992172e-01  4.627641955e-01  1.334989528e+00
 4.383561644e-01  4.642311125e-01  1.333116982e+00
 4.403131115e-01  4.657001001e-01  1.331228975e+00
 4.422700587e-01  4.671711811e-01  1.329325409e+00
 4.442270059e-01  4.686443786e-01  1.327406787e+00
 4.461839530e-01  4.701197149e-01  1.325474205e+00
 4.481409002e-01  4.715972112e-01  1.323528367e+00
 4.500978474e-01  4.730768886e-01  1.321569818e+00
 4.520547945e-01  4.745587675e-01  1.319598573e+00
 4.540117417e-01  4.760428687e-01  1.317615016e+00
 4.559686888e-01  4.775292124e-01  1.315619994e+00
 4.579256360e-01  4.790178177e-01  1.313614418e+00
 4.598825832e-01  4.805087033e-01  1.311598856e+00
 4.618395303e-01  4.820018874e-01  1.309573304e+00
 4.637964775e-01  4.834973882e-01  1.307538352e+00
 4.657534247e-01  4.849952234e-01  1.305494614e+00
 4.677103718e-01  4.864954101e-01  1.303442847e+00
 4.696673190e-01  4.879979644e-01  1.301383594e+00
 4.716242661e-01  4.895029023e-01  1.299317183e+00
 4.735812133e-01  4.910102395e-01  1.297244121e+00
 4.755381605e-01  4.925199909e-01  1.295165181e+00
 4.774951076e-01  4.940321710e-01  1.293080483e+00
 4.794520548e-01  4.955467940e-01  1.290990949e+00
 4.814090020e-01  4.970638731e-01  1.288896921e+00
 4.833659491e-01  4.985834213e-01  1.286798881e+00
 4.853228963e-01  5.001054512e-01  1.284697683e+00
 4.872798434e-01  5.016299741e-01  1.282593381e+00
 4.892367906e-01  5.031570020e-01  1.280486674e+00
 4.911937378e-01  5.046865453e-01  1.278378153e+00
 4.931506849e-01  5.062186145e-01  1.276268058e+00
 4.951076321e-01  5.077532193e-01  1.274157265e+00
 4.970645793e-01  5.092903686e-01  1.272046378e+00
 4.990215264e-01  5.108300709e-01  1.269935414e+00
 5.009784736e-01  5.123723344e-01  1.267825015e+00
 5.029354207e-01  5.139171667e-01  1.265715644e+00
 5.048923679e-01  5.154645747e-01  1.263608016e+00
 5.068493151e-01  5.170145644e-01  1.261502854e+00
 5.088062622e-01  5.185671412e-01  1.259400340e+00
 5.107632094e-01  5.201223104e-01  1.257300622e+00
 5.127201566e-01  5.216800769e-01  1.255204250e+00
 5.146771037e-01  5.232404448e-01  1.253112220e+00
 5.166340509e-01  5.248034168e-01  1.251024998e+00
 5.185909980e-01  5.263689955e-01  1.248943112e+00
 5.205479452e-01  5.279371827e-01  1.246866194e+00
 5.225048924e-01  5.295079809e-01  1.244794908e+00
 5.244618395e-01  5.310813908e-01  1.242730328e+00
 5.264187867e-01  5.326574125e-01  1.240672772e+00
 5.283757339e-01  5.342360454e-01  1.238622490e+00
 5.303326810e-01  5.358172889e-01  1.236579521e+00
 5.322896282e-01  5.374011421e-01  1.234544100e+00
 5.342465753e-01  5.389876036e-01  1.232517075e+00
 5.362035225e-01  5.405766707e-01  1.230498803e+00
 5.381604697e-01  5.421683406e-01  1.228489405e+00
 5.401174168e-01  5.437626103e-01  1.226488896e+00
 5.420743640e-01  5.453594766e-01  1.224497548e+00
 5.440313112e-01  5.469589357e-01  1.222515770e+00
 5.459882583e-01  5.485609833e-01  1.220543896e+00
 5.479452055e-01  5.501656146e-01  1.218582020e+00
 5.499021526e-01  5.517728248e-01  1.216630200e+00
 5.518590998e-01  5.533826087e-01  1.214688625e+00
 5.538160470e-01  5.549949608e-01  1.212757415e+00
 5.557729941e-01  5.566098756e-01  1.210836796e+00
 5.577299413e-01  5.582273468e-01  1.208926878e+00
 5.596868885e-01  5.598473682e-01  1.207027661e+00
 5.616438356e-01  5.614699333e-01  1.205139309e+00
 5.636007828e-01  5.630950356e-01  1.203261833e+00
 5.655577299e-01  5.647226681e-01  1.201395230e+00
 5.675146771e-01  5.663528240e-01  1.199539589e+00
 5.694716243e-01  5.679854962e-01  1.197694909e+00
 5.714285714e-01  5.696206775e-01  1.195861228e+00
 5.733855186e-01  5.712583604e-01  1.194038530e+00
 5.753424658e-01  5.728985377e-01  1.192226770e+00
 5.772994129e-01  5.745412018e-01  1.190425875e+00
 5.792563601e-01  5.761863454e-01  1.188635809e+00
 5.812133072e-01  5.778339609e-01  1.186856513e+00
 5.831702544e-01  5.794840409e-01  1.185087923e+00
 5.851272016e-01  5.811365778e-01  1.183329949e+00
 5.870841487e-01  5.827915643e-01  1.181582534e+00
 5.890410959e-01  5.844489927e-01  1.179845505e+00
 5.909980431e-01  5.861088558e-01  1.178118699e+00
 5.929549902e-01  5.877711465e-01  1.176402018e+00
 5.949119374e-01  5.894358576e-01  1.174695374e+00
 5.968688845e-01  5.911029819e-01  1.172998607e+00
 5.988258317e-01  5.927725126e-01  1.171311569e+00
 6.007827789e-01  5.944444428e-01  1.169634009e+00
 6.027397260e-01  5.961187661e-01  1.167965737e+00
 6.046966732e-01  5.977954760e-01  1.166306661e+00
 6.066536204e-01  5.994745662e-01  1.164656576e+00
 6.086105675e-01  6.011560307e-01  1.163015198e+00
 6.105675147e-01  6.028398637e-01  1.161382435e+00
 6.125244618e-01  6.045260595e-01  1.159757999e+00
 6.144814090e-01  6.062146128e-01  1.158141776e+00
 6.164383562e-01  6.079055184e-01  1.156533465e+00
 6.183953033e-01  6.095987713e-01  1.154932795e+00
 6.203522505e-01  6.112943672e-01  1.153339612e+00
 6.223091977e-01  6.129923014e-01  1.151753814e+00
 6.242661448e-01  6.146925698e-01  1.150175200e+00
 6.262230920e-01  6.163951683e-01  1.148603357e+00
 6.281800391e-01  6.181000934e-01  1.147038061e+00
 6.301369863e-01  6.198073421e-01  1.145479062e+00
 6.320939335e-01  6.215169112e-01  1.143926368e+00
 6.340508806e-01  6.232287977e-01  1.142379832e+00
 6.360078278e-01  6.249429990e-01  1.140838953e+00
 6.379647750e-01  6.266595130e-01  1.139303444e+00
 6.399217221e-01  6.283783382e-01  1.137773101e+00
 6.418786693e-01  6.300994729e-01  1.136247835e+00
 6.438356164e-01  6.318229159e-01  1.134727419e+00
 6.457925636e-01  6.335486661e-01  1.133211657e+00
 6.477495108e-01  6.352767229e-01  1.131700080e+00
 6.497064579e-01  6.370070863e-01  1.130192405e+00
 6.516634051e-01  6.387397567e-01  1.128688566e+00
 6.536203523e-01  6.404747344e-01  1.127188176e+00
 6.555772994e-01  6.422120206e-01  1.125691052e+00
 6.575342466e-01  6.439516164e-01  1.124196969e+00
 6.594911937e-01  6.456935236e-01  1.122705636e+00
 6.614481409e-01  6.474377442e-01  1.121216721e+00
 6.634050881e-01  6.491842809e-01  1.119729872e+00
 6.653620352e-01  6.509331369e-01  1.118244882e+00
 6.673189824e-01  6.526843155e-01  1.116761457e+00
 6.692759295e-01  6.544378206e-01  1.115279677e+00
 6.712328767e-01  6.561936560e-01  1.113798999e+00
 6.731898239e-01  6.579518266e-01  1.112318935e+00
 6.751467710e-01  6.597123379e-01  1.110839259e+00
 6.771037182e-01  6.614751955e-01  1.109359901e+00
 6.790606654e-01  6.632404055e-01  1.107880585e+00
 6.810176125e-01  6.650079742e-01  1.106401004e+00
 6.829745597e-01  6.667779087e-01  1.104920834e+00
 6.849315068e-01  6.685502165e-01  1.103439669e+00
 6.868884540e-01  6.703249059e-01  1.101957338e+00
 6.888454012e-01  6.721019852e-01  1.100473664e+00
 6.908023483e-01  6.738814634e-01  1.098988186e+00
 6.927592955e-01  6.756633502e-01  1.097500540e+00
 6.947162427e-01  6.774476557e-01  1.096010788e+00
 6.966731898e-01  6.792343901e-01  1.094518695e+00
 6.986301370e-01  6.810235642e-01  1.093023638e+00
 7.005870841e-01  6.828151898e-01  1.091525378e+00
 7.025440313e-01  6.846092792e-01  1.090023614e+00
 7.045009785e-01  6.864058452e-01  1.088518082e+00
 7.064579256e-01  6.882049008e-01  1.087008740e+00
 7.084148728e-01  6.900064597e-01  1.085495304e+00
 7.103718200e-01  6.918105358e-01  1.083977224e+00
 7.123287671e-01  6.936171442e-01  1.082454259e+00
 7.142857143e-01  6.954263005e-01  1.080926313e+00
 7.162426614e-01  6.972380204e-01  1.079393008e+00
 7.181996086e-01  6.990523205e-01  1.077853885e+00
 7.201565558e-01  7.008692181e-01  1.076308856e+00
 7.221135029e-01  7.026887309e-01  1.074757738e+00
 7.240704501e-01  7.045108770e-01  1.073200227e+00
 7.260273973e-01  7.063356751e-01  1.071635940e+00
 7.279843444e-01  7.081631449e-01  1.070064481e+00
 7.299412916e-01  7.099933068e-01  1.068485603e+00
 7.318982387e-01  7.118261815e-01  1.066899123e+00
 7.338551859e-01  7.136617905e-01  1.065304869e+00
 7.358121331e-01  7.155001554e-01  1.063702531e+00
 7.377690802e-01  7.173412990e-01  1.062091735e+00
 7.397260274e-01  7.191852447e-01  1.060472101e+00
 7.416829746e-01  7.210320166e-01  1.058843437e+00
 7.436399217e-01  7.228816394e-01  1.057205445e+00
 7.455968689e-01  7.247341386e-01  1.055557727e+00
 7.475538160e-01  7.265895405e-01  1.053900044e+00
 7.495107632e-01  7.284478720e-01  1.052232309e+00
 7.514677104e-01  7.303091603e-01  1.050554319e+00
 7.534246575e-01  7.321734333e-01  1.048865519e+00
 7.553816047e-01  7.340407205e-01  1.047165460e+00
 7.573385519e-01  7.359110519e-01  1.045453880e+00
 7.592954990e-01  7.377844583e-01  1.043730548e+00
 7.612524462e-01  7.396609713e-01  1.041995182e+00
 7.632093933e-01  7.415406232e-01  1.040247484e+00
 7.651663405e-01  7.434234471e-01  1.038487229e+00
 7.671232877e-01  7.453094769e-01  1.036713980e+00
 7.690802348e-01  7.471987475e-01  1.034927308e+00
 7.710371820e-01  7.490912952e-01  1.033126843e+00
 7.729941292e-01  7.509871569e-01  1.031312103e+00
 7.749510763e-01  7.528863712e-01  1.029482647e+00
 7.769080235e-01  7.547889774e-01  1.027638046e+00
 7.788649706e-01  7.566950161e-01  1.025778000e+00
 7.808219178e-01  7.586045290e-01  1.023902036e+00
 7.827788650e-01  7.605175591e-01  1.022009430e+00
 7.847358121e-01  7.624341513e-01  1.020099446e+00
 7.866927593e-01  7.643543523e-01  1.018171437e+00
 7.886497065e-01  7.662782105e-01  1.016224679e+00
 7.906066536e-01  7.682057759e-01  1.014258569e+00
 7.925636008e-01  7.701371004e-01  1.012272947e+00
 7.945205479e-01  7.720722372e-01  1.010265609e+00
 7.964774951e-01  7.740112454e-01  1.008232750e+00
 7.984344423e-01  7.759541884e-01  1.006179173e+00
 8.003913894e-01  7.779011144e-01  1.004113421e+00
 8.023483366e-01  7.798520556e-01  1.002043593e+00
 8.043052838e-01  7.818070313e-01  9.999744200e-01
 8.062622309e-01  7.837660556e-01  9.979014869e-01
 8.082191781e-01  7.857291454e-01  9.958433196e-01
 8.101761252e-01  7.876962675e-01  9.938189559e-01
 8.121330724e-01  7.896673640e-01  9.918330834e-01
 8.140900196e-01  7.916423794e-01  9.898695255e-01
 8.160469667e-01  7.936212829e-01  9.879467524e-01
 8.180039139e-01  7.956039815e-01  9.860898328e-01
 8.199608611e-01  7.975903450e-01  9.843035803e-01
 8.219178082e-01  7.995802426e-01  9.825898476e-01
 8.238747554e-01  8.015735319e-01  9.809585777e-01
 8.258317025e-01  8.035700425e-01  9.794249631e-01
 8.277886497e-01  8.055695711e-01  9.780030593e-01
 8.297455969e-01  8.075718904e-01  9.766974498e-01
 8.317025440e-01  8.095767691e-01  9.755068710e-01
 8.336594912e-01  8.115839779e-01  9.744283883e-01
 8.356164384e-01  8.135932832e-01  9.734749176e-01
 8.375733855e-01  8.156044098e-01  9.726734224e-01
 8.395303327e-01  8.176170336e-01  9.720232448e-01
 8.414872798e-01  8.196308478e-01  9.715231950e-01
 8.434442270e-01  8.216455333e-01  9.711869694e-01
 8.454011742e-01  8.236607393e-01  9.710223356e-01
 8.473581213e-01  8.256761065e-01  9.710318584e-01
 8.493150685e-01  8.276912714e-01  9.712190691e-01
 8.512720157e-01  8.297058660e-01  9.715808288e-01
 8.532289628e-01  8.317195353e-01  9.721163842e-01
 8.551859100e-01  8.337319393e-01  9.727956701e-01
 8.571428571e-01  8.357428244e-01  9.735734918e-01
 8.590998043e-01  8.377520185e-01  9.744358500e-01
 8.610567515e-01  8.397593625e-01  9.753719883e-01
 8.630136986e-01  8.417647474e-01  9.763246348e-01
 8.649706458e-01  8.437682011e-01  9.772450056e-01
 8.669275930e-01  8.457698259e-01  9.781035734e-01
 8.688845401e-01  8.477697702e-01  9.788830753e-01
 8.708414873e-01  8.497682013e-01  9.795940931e-01
 8.727984344e-01  8.517652650e-01  9.802222371e-01
 8.747553816e-01  8.537611711e-01  9.807134461e-01
 8.767123288e-01  8.557562354e-01  9.810460185e-01
 8.786692759e-01  8.577507753e-01  9.812372699e-01
 8.806262231e-01  8.597450691e-01  9.812882296e-01
 8.825831703e-01  8.617394160e-01  9.811789862e-01
 8.845401174e-01  8.637341581e-01  9.808970131e-01
 8.864970646e-01  8.657296508e-01  9.804415607e-01
 8.884540117e-01  8.677262465e-01  9.798132306e-01
 8.904109589e-01  8.697242984e-01  9.790129519e-01
 8.923679061e-01  8.717241578e-01  9.780434978e-01
 8.943248532e-01  8.737261713e-01  9.769071888e-01
 8.962818004e-01  8.757306829e-01  9.756082128e-01
 8.982387476e-01  8.777380289e-01  9.741504158e-01
 9.001956947e-01  8.797485404e-01  9.725392078e-01
 9.021526419e-01  8.817625381e-01  9.707845060e-01
 9.041095890e-01  8.837803288e-01  9.688838177e-01
 9.060665362e-01  8.858022349e-01  9.668370749e-01
 9.080234834e-01  8.878285775e-01  9.646461418e-01
 9.099804305e-01  8.898596782e-01  9.623117961e-01
 9.119373777e-01  8.918958600e-01  9.598390680e-01
 9.138943249e-01  8.939374374e-01  9.572320342e-01
 9.158512720e-01  8.959847214e-01  9.544945456e-01
 9.178082192e-01  8.980380127e-01  9.516474347e-01
 9.197651663e-01  9.000975741e-01  9.486884224e-01
 9.217221135e-01  9.021636979e-01  9.456075187e-01
 9.236790607e-01  9.042366902e-01  9.424197437e-01
 9.256360078e-01  9.063168245e-01  9.391229185e-01
 9.275929550e-01  9.084044055e-01  9.357023138e-01
 9.295499022e-01  9.104997662e-01  9.321648446e-01
 9.315068493e-01  9.126032128e-01  9.285324701e-01
 9.334637965e-01  9.147150272e-01  9.247807036e-01
 9.354207436e-01  9.168355788e-01  9.208859881e-01
 9.373776908e-01  9.189652512e-01  9.168981029e-01
 9.393346380e-01  9.211043005e-01  9.128374606e-01
 9.412915851e-01  9.232530215e-01  9.086385923e-01
 9.432485323e-01  9.254118936e-01  9.042562860e-01
 9.452054795e-01  9.275814257e-01  8.997387229e-01
 9.471624266e-01  9.297619301e-01  8.952680215e-01
 9.491193738e-01  9.319534115e-01  8.906612443e-01
 9.510763209e-01  9.341565715e-01  8.857870927e-01
 9.530332681e-01  9.363722470e-01  8.803750560e-01
 9.549902153e-01  9.386013175e-01  8.750486264e-01
 9.569471624e-01  9.408407994e-01  8.745582581e-01
 9.589041096e-01  9.430778773e-01  8.749865389e-01
 9.608610568e-01  9.453163791e-01  8.730355206e-01
 9.628180039e-01  9.475638458e-01  8.678717271e-01
 9.647749511e-01  9.498291638e-01  8.592481359e-01
 9.667318982e-01  9.521218375e-01  8.476601773e-01
 9.686888454e-01  9.544513684e-01  8.313720434e-01
 9.706457926e-01  9.568338483e-01  8.101992226e-01
 9.726027397e-01  9.592834944e-01  7.875188155e-01
 9.745596869e-01  9.618045236e-01  7.651219929e-01
 9.765166341e-01  9.643991136e-01  7.436176358e-01
 9.784735812e-01  9.670675705e-01  7.234397587e-01
 9.804305284e-01  9.698084937e-01  7.048831730e-01
 9.823874755e-01  9.726189408e-01  6.881367152e-01
 9.843444227e-01  9.754945907e-01  6.733118612e-01
 9.863013699e-01  9.784299060e-01  6.604660450e-01
 9.882583170e-01  9.814182931e-01  6.496209540e-01
 9.902152642e-01  9.844522600e-01  6.407764621e-01
 9.921722114e-01  9.875235717e-01  6.339209925e-01
 9.941291585e-01  9.906234023e-01  6.290390636e-01
 9.960861057e-01  9.937424847e-01  6.261166533e-01
 9.980430528e-01  9.968712561e-01  6.254710002e-01
 1.000000000e+00  1.000000000e+00  6.254764898e-01
4  3.802768701e-01  6.961058410e-01  1.010510409e+00  7.476037786e-01  9.582105894e-01  6.091038886e+01  4.600643780e-01  9.915702528e-01  3.229639468e-01  2.661196437e+00
5  4.962560341e-01  9.679448093e-01  1.007444026e+00  6.133084474e-01  9.306126660e-01  3.654323388e+01  4.085622598e-01  1.041903312e+00  4.803673303e-01  2.769828914e+00
6  5.916546086e-01  1.099193528e+00  1.005098676e+00  5.230135171e-01  9.084750887e-01  2.664864163e+01  3.777062043e-01  1.114926850e+00  5.975157877e-01  2.745503011e+00
7  6.773832649e-01  1.181576720e+00  1.003116289e+00  4.582778024e-01  8.920294528e-01  2.113304109e+01  3.558163803e-01  1.192936185e+00  6.946456680e-01  2.688957437e+00
8  7.548003981e-01  1.303121760e+00  1.001514876e+00  4.095932049e-01  8.853481347e-01  1.788288352e+01  3.399512400e-01  1.278085723e+00  7.769197598e-01  2.617554665e+00
9  8.210243076e-01  1.545028156e+00  1.000374135e+00  3.712579609e-01  8.974234850e-01  1.636941166e+01  3.293549290e-01  1.386453163e+00  8.428408746e-01  2.527971553e+00
10  8.713537857e-01  2.058411449e+00  9.996554271e-01  3.398321908e-01  9.411680449e-01  1.652381469e+01  3.231888425e-01  1.534382534e+00  8.920056302e-01  2.412909719e+00
11  9.074798078e-01  2.663244135e+00  9.992379764e-01  3.133171484e-01  1.031144962e+00  1.857766719e+01  3.203641528e-01  1.761584909e+00  9.267270963e-01  2.283544287e+00
12  9.433699595e-01  1.217133297e+00  9.992041749e-01  2.918654078e-01  1.165146888e+00  2.214459996e+01  3.204723445e-01  2.018145492e+00  9.591596645e-01  2.175961759e+00
13  9.756984247e-01  4.708842426e+00  9.998692003e-01  2.740100170e-01  1.360271534e+00  2.822857353e+01  3.246068928e-01  2.529022842e+00  9.844815679e-01  2.078795004e+00
14  9.872797289e-01  8.519134359e+00  9.999207953e-01  2.563529663e-01  1.583276264e+00  3.658099889e+01  3.276986746e-01  3.753715610e+00  9.920175809e-01  1.953322745e+00
15  9.934740823e-01  1.495831079e+01  9.999449676e-01  2.406487850e-01  1.749170519e+00  4.266122917e+01  3.311171981e-01  6.072557951e+00  9.959180327e-01  1.834584010e+00
0 0 -1.254514848e-01 -2.822097348e-18
0 1  1.393194184e-02 -4.512106594e-03
0 2 -1.428125665e-02  5.215280340e-03
0 3  5.077828059e-03 -6.038422283e-03
0 4 -1.956853402e-03  5.883735634e-03
0 5 -2.369827608e-03 -4.185149557e-03
0 6  3.714863994e-03  3.081300360e-04
0 7 -1.124285319e-03  3.073166867e-03
0 8 -2.794410728e-03 -6.011891154e-04
0 9 -8.528473128e-04 -2.352019667e-03
0 10  8.585841946e-04 -2.107207139e-03
0 11  1.541847498e-03 -1.427341645e-03
1 0 -1.110544197e-01 -3.596694454e-02
1 1 -9.700130797e-02 -4.238268654e-18
1 2  9.944738495e-03 -6.219043284e-03
1 3 -1.345038885e-02  7.464246244e-03
1 4  1.973154637e-03 -8.072996375e-03
1 5  1.521855641e-03  6.159330656e-03
1 6 -5.517413230e-03 -1.179792664e-03
1 7  1.774263860e-03 -3.974139121e-03
1 8  3.414251432e-03  1.299087750e-03
1 9  5.497314348e-04  3.243388588e-03
1 10 -1.640860704e-03  2.597847731e-03
1 11 -2.402186043e-03  1.573189674e-03
2 0  1.138388810e-01  4.157208940e-02
2 1 -1.025216948e-01 -6.411298377e-02
2 2 -7.800767582e-02 -4.113596345e-17
2 3  6.011657955e-03 -7.571293325e-03
2 4 -1.005186633e-02  8.774002339e-03
2 5 -2.700769403e-03 -7.912035788e-03
2 6  4.664795795e-03  2.650686941e-03
2 7 -3.908160303e-03  3.981046834e-03
2 8 -4.062204636e-03 -2.386302488e-03
2 9 -1.612428633e-04 -3.774863739e-03
2 10  2.158668271e-03 -2.500085474e-03
2 11  2.775113012e-03 -1.175313976e-03
3 0 -4.047642855e-02 -4.813352584e-02
3 1  1.386619329e-01  7.694995460e-02
3 2 -7.706495408e-02 -9.705831183e-02
3 3 -6.479061389e-02 -7.268458661e-18
3 4  2.738517219e-03 -8.888908002e-03
3 5 -6.068145747e-03  9.238296229e-03
3 6 -7.330106926e-03 -5.223958105e-03
3 7  3.781268243e-03 -3.099351318e-03
3 8  2.160071930e-03  3.912403876e-03
3 9 -2.086713469e-03  3.904055852e-03
3 10 -3.890231064e-03  1.712749433e-03
3 11 -3.956755923e-03  1.033208163e-04
4 0  1.559848738e-02  4.690048624e-02
4 1 -2.034152609e-02 -8.322564453e-02
4 2  1.288574006e-01  1.124761409e-01
4 3 -4.226719049e-02 -1.371943784e-01
4 4 -5.508874479e-02 -4.174910575e-17
4 5 -5.591113448e-04 -1.024823149e-02
4 6 -1.915863793e-03  8.208934737e-03
4 7 -9.704823084e-03  1.826983810e-04
4 8 -2.607316336e-03 -5.631174807e-03
4 9  2.441546813e-03 -3.035914587e-03
4 10  3.304840393e-03  1.443819269e-04
4 11  2.667406726e-03  1.774534747e-03
5 0  1.889039108e-02 -3.336070167e-02
5 1 -1.568902186e-02  6.349739798e-02
5 2  3.462184169e-02 -1.014263751e-01
5 3  9.365779057e-02  1.425869532e-01
5 4  1.014928452e-02 -1.860313124e-01
5 5 -4.736902005e-02 -1.473507059e-17
5 6 -4.312223225e-03 -1.127890265e-02
5 7  1.496443923e-03  4.564333721e-03
5 8 -6.410374957e-03  5.269164357e-03
5 9 -7.216972537e-03 -1.071324737e-04
5 10 -5.148392435e-03 -3.201428383e-03
5 11 -3.160888766e-03 -4.022439056e-03
6 0 -2.961195718e-02  2.456168906e-03
6 1  5.687978178e-02 -1.216264696e-02
6 2 -5.979918958e-02  3.397982203e-02
6 3  1.131353214e-01 -8.062831622e-02
6 4  3.477777177e-02  1.490129203e-01
6 5  9.103467246e-02 -2.381071560e-01
6 6 -4.070130854e-02  2.937752589e-17
6 7 -8.221059078e-03 -1.124436777e-02
6 8  2.150345577e-03 -1.216863012e-03
6 9 -1.425454056e-05  4.166738738e-03
6 10 -3.212748628e-03  4.647872466e-03
6 11 -4.678486484e-03  3.630819750e-03
7 0  8.961913213e-03  2.449685528e-02
7 1 -1.829113336e-02 -4.096995396e-02
7 2  5.009968906e-02  5.103403982e-02
7 3 -5.836135847e-02 -4.783642463e-02
7 4  1.761670759e-01  3.316437536e-03
7 5 -3.159119444e-02  9.635693783e-02
7 6  2.019851295e-01 -2.762655103e-01
7 7 -3.469020742e-02 -1.019766975e-17
7 8 -1.011143095e-02 -8.800311769e-03
7 9 -9.233796270e-04 -5.268322764e-03
7 10  1.362251960e-03 -1.518248016e-03
7 11  1.334397970e-03  5.921731889e-04
8 0  2.227483185e-02 -4.792204066e-03
8 1 -3.519799376e-02  1.339247663e-02
8 2  5.207442208e-02 -3.059061128e-02
8 3 -3.333927248e-02  6.038534969e-02
8 4  4.732938363e-02 -1.022200602e-01
8 5  1.353284267e-01  1.112365076e-01
8 6 -5.283234504e-02 -2.989739288e-02
8 7  2.914779617e-01 -2.536828812e-01
8 8 -3.064068068e-02  6.685786196e-17
8 9 -1.169691166e-02 -6.007142069e-03
8 10 -5.713392621e-03 -6.858963601e-03
8 11 -2.649890313e-03 -5.831817534e-03
9 0  6.798224146e-03 -1.874844026e-02
9 1 -5.667257961e-03  3.343654489e-02
9 2  2.067012786e-03 -4.839092691e-02
9 3  3.220703345e-02  6.025650349e-02
9 4 -4.432024768e-02 -5.510952553e-02
9 5  1.523563825e-01 -2.261656957e-03
9 6  3.502231519e-04  1.023735818e-01
9 7  2.661787564e-02 -1.518677216e-01
9 8  3.817445108e-01 -1.960511952e-01
9 9 -2.673529106e-02 -1.830517669e-17
9 10 -1.436671184e-02 -4.644021558e-03
9 11 -1.038448272e-02 -5.984427691e-03
10 0 -6.843954030e-03 -1.679698844e-02
10 1  1.691586163e-02  2.678157425e-02
10 2 -2.767251105e-02 -3.204922398e-02
10 3  6.004312709e-02  2.643514747e-02
10 4 -5.999120884e-02  2.620897017e-03
10 5  1.086869103e-01 -6.758485565e-02
10 6  7.893477491e-02  1.141946692e-01
10 7 -3.926906355e-02 -4.376589616e-02
10 8  1.864642852e-01 -2.238515414e-01
10 9  5.373688212e-01 -1.737037965e-01
10 10 -1.955376023e-02 -1.614522822e-16
10 11 -1.065952476e-02 -1.799142095e-03
11 0 -1.229038860e-02 -1.137763851e-02
11 1  2.476447064e-02  1.621823156e-02
11 2 -3.557487110e-02 -1.506664522e-02
11 3  6.106989401e-02  1.594688028e-03
11 4 -4.842017614e-02  3.221229225e-02
11 5  6.672903012e-02 -8.491708402e-02
11 6  1.149468322e-01  8.920646241e-02
11 7 -3.846612832e-02  1.707032713e-02
11 8  8.648274955e-02 -1.903292422e-01
11 9  3.884185402e-01 -2.238400053e-01
11 10  5.451393817e-01 -9.201003151e-02
11 11 -1.609629214e-02  9.542709154e-18
0 0 -8.292271435e+00  3.617810013e-16
0 1 -8.841089421e-01  3.899404528e-01
0 2  1.207065369e+00 -3.660862854e-01
0 3 -2.627491185e-01  2.964457734e-01
0 4  1.041761545e-01 -2.450533051e-01
0 5  7.755477999e-02  1.562054795e-01
0 6 -1.218056699e-01 -1.793203862e-02
0 7  4.113087916e-02 -9.137718091e-02
0 8  7.931833607e-02  1.287772727e-02
0 9  4.438715095e-02  6.057218942e-02
0 10 -3.440575559e-02  4.376579432e-02
0 11 -7.518056028e-02  9.354701396e-03
1 0 -8.841089421e-01 -3.899404528e-01
1 1 -1.091401559e+01  1.852926265e-15
1 2 -8.818738299e-01  8.721087804e-01
1 3  1.875033543e+00 -8.689632623e-01
1 4 -1.777450065e-01  6.398174448e-01
1 5 -5.793915752e-02 -4.202286877e-01
1 6  3.099525514e-01  9.075911991e-02
1 7 -1.117546386e-01  1.960875505e-01
1 8 -1.598081120e-01 -5.428038763e-02
1 9 -6.770559437e-02 -1.325720583e-01
1 10  8.471655115e-02 -7.502786163e-02
1 11  1.584531143e-01  7.068913541e-03
2 0  1.207065369e+00  3.660862854e-01
2 1 -8.818738299e-01 -8.721087804e-01
2 2 -1.369873248e+01  1.430648547e-14
2 3 -6.052326003e-01  1.585095340e+00
2 4  2.178680776e+00 -1.561806954e+00
2 5  2.794587662e-01  9.478372265e-01
2 6 -4.224334174e-01 -3.214735986e-01
2 7  3.640391030e-01 -3.042858714e-01
2 8  2.817896946e-01  1.785271186e-01
2 9  5.890644450e-02  2.452926747e-01
2 10 -1.588090346e-01  8.953014162e-02
2 11 -2.376613382e-01 -6.781278606e-02
3 0 -2.627491185e-01 -2.964457734e-01
3 1  1.875033543e+00  8.689632623e-01
3 2 -6.052326003e-01 -1.585095340e+00
3 3 -1.670100112e+01  1.390522987e-14
3 4 -3.234787742e-03  2.625914304e+00
3 5  2.082890130e+00 -2.419817056e+00
3 6  1.200626763e+00  9.551057813e-01
3 7 -5.919627270e-01  2.953586820e-01
3 8 -2.173708641e-01 -4.770938218e-01
3 9  1.036359432e-01 -3.830703614e-01
3 10  3.212282975e-01 -3.956868610e-02
3 11  3.636033559e-01  2.370006859e-01
4 0  1.041761545e-01  2.450533051e-01
4 1 -1.777450065e-01 -6.398174448e-01
4 2  2.178680776e+00  1.561806954e+00
4 3 -3.234787742e-03 -2.625914304e+00
4 4 -2.008991454e+01  1.152487970e-14
4 5  1.192776116e+00  4.127708095e+00
4 6  1.405009901e+00 -3.269232952e+00
4 7  2.353338880e+00  1.428763257e-01
4 8  3.076301716e-01  9.740005782e-01
4 9 -3.345707114e-01  4.708912858e-01
4 10 -3.772457509e-01 -2.315411968e-01
4 11 -1.671677510e-01 -6.530311001e-01
5 0  7.755477999e-02 -1.562054795e-01
5 1 -5.793915752e-02  4.202286877e-01
5 2  2.794587662e-01 -9.478372265e-01
5 3  2.082890130e+00  2.419817056e+00
5 4  1.192776116e+00 -4.127708095e+00
5 5 -2.412747472e+01 -3.233357781e-14
5 6  3.466385070e+00  6.241723695e+00
5 7  1.670796535e-01 -3.525457085e+00
5 8  2.315145634e+00 -1.629526096e+00
5 9  1.419312364e+00 -5.178685413e-02
5 10  5.202914513e-01  6.600205591e-01
5 11 -9.683488372e-02  8.839176763e-01
6 0 -1.218056699e-01  1.793203862e-02
6 1  3.099525514e-01 -9.075911991e-02
6 2 -4.224334174e-01  3.214735986e-01
6 3  1.200626763e+00 -9.551057813e-01
6 4  1.405009901e+00  3.269232952e+00
6 5  3.466385070e+00 -6.241723695e+00
6 6 -2.901244098e+01 -1.323726067e-14
6 7  6.975948984e+00  8.152254212e+00
6 8 -1.027654186e+00 -1.605664961e+00
6 9  5.101074366e-03 -1.690310192e+00
6 10  1.356596238e+00 -1.373383711e+00
6 11  2.338857022e+00 -7.834488030e-01
7 0  4.113087916e-02  9.137718091e-02
7 1 -1.117546386e-01 -1.960875505e-01
7 2  3.640391030e-01  3.042858714e-01
7 3 -5.919627270e-01 -2.953586820e-01
7 4  2.353338880e+00 -1.428763257e-01
7 5  1.670796535e-01  3.525457085e+00
7 6  6.975948984e+00 -8.152254212e+00
7 7 -3.411596199e+01 -8.861155961e-14
7 8  1.020496220e+01  7.985035440e+00
7 9 -1.628580688e-02  1.809864917e+00
7 10 -7.242445412e-01 -1.424360502e+00
7 11  1.293480652e-01 -3.142395338e+00
8 0  7.931833607e-02 -1.287772727e-02
8 1 -1.598081120e-01  5.428038763e-02
8 2  2.817896946e-01 -1.785271186e-01
8 3 -2.173708641e-01  4.770938218e-01
8 4  3.076301716e-01 -9.740005782e-01
8 5  2.315145634e+00  1.629526096e+00
8 6 -1.027654186e+00  1.605664961e+00
8 7  1.020496220e+01 -7.985035440e+00
8 8 -3.970498174e+01 -6.634325524e-14
8 9  1.354680219e+01  5.936884074e+00
8 10  1.521030906e+00  2.584631220e+00
8 11 -1.335272343e+00 -7.057846512e-02
9 0  4.438715095e-02 -6.057218942e-02
9 1 -6.770559437e-02  1.325720583e-01
9 2  5.890644450e-02 -2.452926747e-01
9 3  1.036359432e-01  3.830703614e-01
9 4 -3.345707114e-01 -4.708912858e-01
9 5  1.419312364e+00  5.178685413e-02
9 6  5.101074366e-03  1.690310192e+00
9 7 -1.628580688e-02 -1.809864917e+00
9 8  1.354680219e+01 -5.936884074e+00
9 9 -5.488106916e+01  3.346957665e-13
9 10  2.325114161e+01  6.821164185e+00
9 11  6.924583877e+00  4.951693356e+00
10 0 -3.440575559e-02 -4.376579432e-02
10 1  8.471655115e-02  7.502786163e-02
10 2 -1.588090346e-01 -8.953014162e-02
10 3  3.212282975e-01  3.956868610e-02
10 4 -3.772457509e-01  2.315411968e-01
10 5  5.202914513e-01 -6.600205591e-01
10 6  1.356596238e+00  1.373383711e+00
10 7 -7.242445412e-01  1.424360502e+00
10 8  1.521030906e+00 -2.584631220e+00
10 9  2.325114161e+01 -6.821164185e+00
10 10 -7.012945609e+01  5.772507065e-13
10 11  3.386738864e+01  5.716225246e+00
11 0 -7.518056028e-02 -9.354701396e-03
11 1  1.584531143e-01 -7.068913541e-03
11 2 -2.376613382e-01  6.781278606e-02
11 3  3.636033559e-01 -2.370006859e-01
11 4 -1.671677510e-01  6.530311001e-01
11 5 -9.683488372e-02 -8.839176763e-01
11 6  2.338857022e+00  7.834488030e-01
11 7  1.293480652e-01  3.142395338e+00
11 8 -1.335272343e+00  7.057846512e-02
11 9  6.924583877e+00 -4.951693356e+00
11 10  3.386738864e+01 -5.716225246e+00
11 11 -6.212610899e+01 -3.683155000e-14
0  2.708951887e-02 -1.428135199e-03 -1.146524800e-01 -1.055933783e-02
1  4.318863258e-02 -1.701109583e-03  1.436340506e-01  3.665727890e-02
2  5.884561971e-02 -3.203401886e-03 -1.457712323e-01 -7.769410410e-02
3  8.316875018e-02 -3.802954307e-03  1.164902480e-01  1.327928177e-01
4  1.138334818e-01 -7.188811239e-03 -3.561898436e-02 -1.808791364e-01
5  1.493109394e-01 -8.717108643e-03 -9.721041576e-02  1.604148598e-01
6  1.837202608e-01 -1.221669992e-02  1.862196948e-01 -3.747334310e-03
7  2.085955699e-01 -1.529953761e-02 -4.802973797e-02 -1.750054749e-01
8  2.383496946e-01 -1.765656362e-02 -1.738668368e-01  2.644876460e-02
9  2.634664672e-01 -2.017206076e-02 -6.500558203e-02  1.543229416e-01
10  2.587040045e-01 -2.027780048e-02  5.207433871e-02  1.486577275e-01
11  2.478516409e-01 -2.141583553e-02  1.035694887e-01  1.063925191e-01
