 1.695500020e+00 -1.817120160e+00  8.551866689e-01  3.703994286e+00  9.339342738e-01  4.751968186e+00  9.952794048e-01  1.003693700e+00  6.976959120e+00 512 3 11
 0.000000000e+00  0.000000000e+00  5.920932186e-06
 1.956947162e-03  2.938546320e-02  1.331894198e-01
 3.913894325e-03  4.155786172e-02  1.883486682e-01
 5.870841487e-03  5.089854598e-02  2.306660230e-01
 7.827788650e-03  5.877358620e-02  2.663325395e-01
 9.784735812e-03  6.571212837e-02  2.977461383e-01
 1.174168297e-02  7.198555860e-02  3.261364307e-01
 1.369863014e-02  7.775509880e-02  3.522337180e-01
 1.565557730e-02  8.312579890e-02  3.765137187e-01
 1.761252446e-02  8.817063083e-02  3.993067776e-01
 1.956947162e-02  9.294272835e-02  4.208532843e-01
 2.152641879e-02  9.748220603e-02  4.413348025e-01
 2.348336595e-02  1.018202282e-01  4.608935173e-01
 2.544031311e-02  1.059815720e-01  4.796402707e-01
 2.739726027e-02  1.099863436e-01  4.976649020e-01
 2.935420744e-02  1.138511188e-01  5.150418453e-01
 3.131115460e-02  1.175897540e-01  5.318331405e-01
 3.326810176e-02  1.212139743e-01  5.480910197e-01
 3.522504892e-02  1.247338066e-01  5.638606243e-01
 3.718199609e-02  1.281579023e-01  5.791808049e-01
 3.913894325e-02  1.314937896e-01  5.940852529e-01
 4.109589041e-02  1.347480675e-01  6.086034243e-01
 4.305283757e-02  1.379265598e-01  6.227612406e-01
 4.500978474e-02  1.410344372e-01  6.365815132e-01
 4.696673190e-02  1.440763163e-01  6.500845799e-01
 4.892367906e-02  1.470563384e-01  6.632891256e-01
 5.088062622e-02  1.499782337e-01  6.762124726e-01
 5.283757339e-02  1.528453751e-01  6.888697206e-01
 5.479452055e-02  1.556608279e-01  7.012736870e-01
 5.675146771e-02  1.584273907e-01  7.134355706e-01
 5.870841487e-02  1.611476267e-01  7.253669234e-01
 6.066536204e-02  1.638238848e-01  7.370792280e-01
 6.262230920e-02  1.664583232e-01  7.485821100e-01
 6.457925636e-02  1.690529353e-01  7.598833468e-01
 6.653620352e-02  1.716095682e-01  7.709903983e-01
 6.849315068e-02  1.741299359e-01  7.819109825e-01
 7.045009785e-02  1.766156301e-01  7.926522377e-01
 7.240704501e-02  1.790681325e-01  8.032208997e-01
 7.436399217e-02  1.814888256e-01  8.136231192e-01
 7.632093933e-02  1.838790025e-01  8.238633410e-01
 7.827788650e-02  1.862398778e-01  8.339462036e-01
 8.023483366e-02  1.885725915e-01  8.438776843e-01
 8.219178082e-02  1.908782115e-01  8.536626038e-01
 8.414872798e-02  1.931577438e-01  8.633046802e-01
 8.610567515e-02  1.954121388e-01  8.728072986e-01
 8.806262231e-02  1.976422949e-01  8.821737473e-01
 9.001956947e-02  1.998490617e-01  8.914084267e-01
 9.197651663e-02  2.020332411e-01  9.005151306e-01
 9.393346380e-02  2.041955929e-01  9.094969043e-01
 9.589041096e-02  2.063368387e-01  9.183557279e-01
 9.784735812e-02  2.084576669e-01  9.270939089e-01
 9.980430528e-02  2.105587320e-01  9.357145373e-01
 1.017612524e-01  2.126406558e-01  9.442208670e-01
 1.037181996e-01  2.147040298e-01  9.526152503e-01
 1.056751468e-01  2.167494191e-01  9.608990935e-01
 1.076320939e-01  2.187773652e-01  9.690740595e-01
 1.095890411e-01  2.207883859e-01  9.771423846e-01
 1.115459883e-01  2.227829757e-01  9.851066037e-01
 1.135029354e-01  2.247616069e-01  9.929692447e-01
 1.154598826e-01  2.267247314e-01  1.000730853e+00
 1.174168297e-01  2.286727858e-01  1.008392242e+00
 1.193737769e-01  2.306061896e-01  1.015955394e+00
 1.213307241e-01  2.325253441e-01  1.023422801e+00
 1.232876712e-01  2.344306338e-01  1.030796034e+00
 1.252446184e-01  2.363224290e-01  1.038075510e+00
 1.272015656e-01  2.382010881e-01  1.045262163e+00
 1.291585127e-01  2.400669562e-01  1.052357324e+00
 1.311154599e-01  2.419203656e-01  1.059362310e+00
 1.330724070e-01  2.437616366e-01  1.066279029e+00
 1.350293542e-01  2.455910768e-01  1.073108580e+00
 1.369863014e-01  2.474089841e-01  1.079851117e+00
 1.389432485e-01  2.492156479e-01  1.086507047e+00
 1.409001957e-01  2.510113482e-01  1.093077724e+00
 1.428571429e-01  2.527963548e-01  1.099564690e+00
 1.448140900e-01  2.545709282e-01  1.105969085e+00
 1.467710372e-01  2.563353203e-01  1.112291241e+00
 1.487279843e-01  2.580897768e-01  1.118531010e+00
 1.506849315e-01  2.598345366e-01  1.124689486e+00
 1.526418787e-01  2.615698302e-01  1.130768093e+00
 1.545988258e-01  2.632958806e-01  1.136767631e+00
 1.565557730e-01  2.650129045e-01  1.142688905e+00
 1.585127202e-01  2.667211123e-01  1.148531542e+00
 1.604696673e-01  2.684207101e-01  1.154295907e+00
 1.624266145e-01  2.701118979e-01  1.159983222e+00
 1.643835616e-01  2.717948692e-01  1.165594938e+00
 1.663405088e-01  2.734698113e-01  1.171131199e+00
 1.682974560e-01  2.751369077e-01  1.176591697e+00
 1.702544031e-01  2.767963381e-01  1.181977016e+00
 1.722113503e-01  2.784482769e-01  1.187287848e+00
 1.741682975e-01  2.800928939e-01  1.192525136e+00
 1.761252446e-01  2.817303541e-01  1.197689084e+00
 1.780821918e-01  2.833608188e-01  1.202780583e+00
 1.800391389e-01  2.849844448e-01  1.207799463e+00
 1.819960861e-01  2.866013865e-01  1.212745602e+00
 1.839530333e-01  2.882117946e-01  1.217620117e+00
 1.859099804e-01  2.898158152e-01  1.222423686e+00
 1.878669276e-01  2.914135911e-01  1.227156999e+00
 1.898238748e-01  2.930052615e-01  1.231819722e+00
 1.917808219e-01  2.945909638e-01  1.236411688e+00
 1.937377691e-01  2.961708325e-01  1.240933619e+00
 1.956947162e-01  2.977449984e-01  1.245386824e+00
 1.976516634e-01  2.993135886e-01  1.249771150e+00
 1.996086106e-01  3.008767287e-01  1.254086828e+00
 2.015655577e-01  3.024345412e-01  1.258333783e+00
 2.035225049e-01  3.039871470e-01  1.262512414e+00
 2.054794521e-01  3.055346638e-01  1.266623612e+00
 2.074363992e-01  3.070772068e-01  1.270667463e+00
 2.093933464e-01  3.086148889e-01  1.274644286e+00
 2.113502935e-01  3.101478211e-01  1.278554552e+00
 2.133072407e-01  3.116761119e-01  1.282398119e+00
 2.152641879e-01  3.131998684e-01  1.286175250e+00
 2.172211350e-01  3.147191954e-01  1.289886861e+00
 2.191780822e-01  3.162341952e-01  1.293532802e+00
 2.211350294e-01  3.177449690e-01  1.297113645e+00
 2.230919765e-01  3.192516154e-01  1.300629499e+00
 2.250489237e-01  3.207542321e-01  1.304080329e+00
 2.270058708e-01  3.222529149e-01  1.307466713e+00
 2.289628180e-01  3.237477575e-01  1.310789191e+00
 2.309197652e-01  3.252388522e-01  1.314047935e+00
 2.328767123e-01  3.267262895e-01  1.317243385e+00
 2.348336595e-01  3.282101584e-01  1.320375300e+00
 2.367906067e-01  3.296905473e-01  1.323443850e+00
 2.387475538e-01  3.311675426e-01  1.326450027e+00
 2.407045010e-01  3.326412288e-01  1.329394003e+00
 2.426614481e-01  3.341116894e-01  1.332275879e+00
 2.446183953e-01  3.355790067e-01  1.335095971e+00
 2.465753425e-01  3.370432617e-01  1.337854221e+00
 2.485322896e-01  3.385045344e-01  1.340551314e+00
 2.504892368e-01  3.399629030e-01  1.343187792e+00
 2.524461840e-01  3.414184448e-01  1.345763431e+00
 2.544031311e-01  3.428712360e-01  1.348278793e+00
 2.563600783e-01  3.443213517e-01  1.350734051e+00
 2.583170254e-01  3.457688660e-01  1.353129501e+00
 2.602739726e-01  3.472138516e-01  1.355465659e+00
 2.622309198e-01  3.486563804e-01  1.357742664e+00
 2.641878669e-01  3.500965232e-01  1.359960729e+00
 2.661448141e-01  3.515343500e-01  1.362120476e+00
 2.681017613e-01  3.529699294e-01  1.364222046e+00
 2.700587084e-01  3.544033295e-01  1.366265662e+00
 2.720156556e-01  3.558346172e-01  1.368251854e+00
 2.739726027e-01  3.572638586e-01  1.370180700e+00
 2.759295499e-01  3.586911192e-01  1.372052627e+00
 2.778864971e-01  3.601164631e-01  1.373868246e+00
 2.798434442e-01  3.615399537e-01  1.375627539e+00
 2.818003914e-01  3.629616539e-01  1.377330929e+00
 2.837573386e-01  3.643816256e-01  1.378978824e+00
 2.857142857e-01  3.657999297e-01  1.380571474e+00
 2.876712329e-01  3.672166268e-01  1.382109428e+00
 2.896281800e-01  3.686317761e-01  1.383592954e+00
 2.915851272e-01  3.700454366e-01  1.385022324e+00
 2.935420744e-01  3.714576662e-01  1.386397978e+00
 2.954990215e-01  3.728685225e-01  1.387720300e+00
 2.974559687e-01  3.742780619e-01  1.388989681e+00
 2.994129159e-01  3.756863404e-01  1.390206468e+00
 3.013698630e-01  3.770934133e-01  1.391370991e+00
 3.033268102e-01  3.784993353e-01  1.392483628e+00
 3.052837573e-01  3.799041603e-01  1.393544828e+00
 3.072407045e-01  3.813079417e-01  1.394554965e+00
 3.091976517e-01  3.827107321e-01  1.395514354e+00
 3.111545988e-01  3.841125838e-01  1.396423346e+00
 3.131115460e-01  3.855135484e-01  1.397282353e+00
 3.150684932e-01  3.869136769e-01  1.398091759e+00
 3.170254403e-01  3.883130197e-01  1.398851940e+00
 3.189823875e-01  3.897116266e-01  1.399563222e+00
 3.209393346e-01  3.911095473e-01  1.400225993e+00
 3.228962818e-01  3.925068304e-01  1.400840602e+00
 3.248532290e-01  3.939035245e-01  1.401407479e+00
 3.268101761e-01  3.952996773e-01  1.401926935e+00
 3.287671233e-01  3.966953363e-01  1.402399405e+00
 3.307240705e-01  3.980905485e-01  1.402825294e+00
 3.326810176e-01  3.994853601e-01  1.403204915e+00
 3.346379648e-01  4.008798173e-01  1.403538619e+00
 3.365949119e-01  4.022739656e-01  1.403826803e+00
 3.385518591e-01  4.036678501e-01  1.404069875e+00
 3.405088063e-01  4.050615156e-01  1.404268261e+00
 3.424657534e-01  4.064550062e-01  1.404422301e+00
 3.444227006e-01  4.078483659e-01  1.404532343e+00
 3.463796477e-01  4.092416380e-01  1.404598751e+00
 3.483365949e-01  4.106348658e-01  1.404621878e+00
 3.502935421e-01  4.120280919e-01  1.404602195e+00
 3.522504892e-01  4.134213586e-01  1.404540174e+00
 3.542074364e-01  4.148147076e-01  1.404436223e+00
 3.561643836e-01  4.162081805e-01  1.404290557e+00
 3.581213307e-01  4.176018185e-01  1.404103451e+00
 3.600782779e-01  4.189956626e-01  1.403875434e+00
 3.620352250e-01  4.203897532e-01  1.403607098e+00
 3.639921722e-01  4.217841302e-01  1.403298805e+00
 3.659491194e-01  4.231788333e-01  1.402950890e+00
 3.679060665e-01  4.245739019e-01  1.402563533e+00
 3.698630137e-01  4.259693753e-01  1.402137078e+00
 3.718199609e-01  4.273652924e-01  1.401672290e+00
 3.737769080e-01  4.287616914e-01  1.401169566e+00
 3.757338552e-01  4.301586102e-01  1.400629255e+00
 3.776908023e-01  4.315560866e-01  1.400051817e+00
 3.796477495e-01  4.329541580e-01  1.399437181e+00
 3.816046967e-01  4.343528620e-01  1.398785975e+00
 3.835616438e-01  4.357522353e-01  1.398098928e+00
 3.855185910e-01  4.371523142e-01  1.397376456e+00
 3.874755382e-01  4.385531347e-01  1.396618938e+00
 3.894324853e-01  4.399547328e-01  1.395826684e+00
 3.913894325e-01  4.413571440e-01  1.394999517e+00
 3.933463796e-01  4.427604043e-01  1.394138523e+00
 3.953033268e-01  4.441645482e-01  1.393244303e+00
 3.972602740e-01  4.455696102e-01  1.392317156e+00
 3.992172211e-01  4.469756247e-01  1.391357477e+00
 4.011741683e-01  4.483826257e-01  1.390365290e+00
 4.031311155e-01  4.497906474e-01  1.389341054e+00
 4.050880626e-01  4.511997234e-01  1.388285662e+00
 4.070450098e-01  4.526098867e-01  1.387199489e+00
 4.090019569e-01  4.540211700e-01  1.386082986e+00
 4.109589041e-01  4.554336059e-01  1.384936525e+00
 4.129158513e-01  4.568472268e-01  1.383760091e+00
 4.148727984e-01  4.582620651e-01  1.382554355e+00
 4.168297456e-01  4.596781525e-01  1.381320113e+00
 4.187866928e-01  4.610955202e-01  1.380057799e+00
 4.207436399e-01  4.625141992e-01  1.378767885e+00
 4.227005871e-01  4.639342203e-01  1.377450373e+00
 4.246575342e-01  4.653556143e-01  1.376105537e+00
 4.266144814e-01  4.667784119e-01  1.374734307e+00
 4.285714286e-01  4.682026428e-01  1.373337312e+00
 4.305283757e-01  4.696283364e-01  1.371914993e+00
 4.324853229e-01  4.710555220e-01  1.370467456e+00
 4.344422701e-01  4.724842287e-01  1.368995093e+00
 4.363992172e-01  4.739144857e-01  1.367498399e+00
 4.383561644e-01  4.753463213e-01  1.365978123e+00
 4.403131115e-01  4.767797635e-01  1.364434725e+00
 4.422700587e-01  4.782148402e-01  1.362868621e+00
 4.442270059e-01  4.796515787e-01  1.361280022e+00
 4.461839530e-01  4.810900065e-01  1.359669598e+00
 4.481409002e-01  4.825301503e-01  1.358037616e+00
 4.500978474e-01  4.839720371e-01  1.356384750e+00
 4.520547945e-01  4.854156929e-01  1.354711685e+00
 4.540117417e-01  4.868611433e-01  1.353018534e+00
 4.559686888e-01  4.883084143e-01  1.351305873e+00
 4.579256360e-01  4.897575309e-01  1.349574163e+00
 4.598825832e-01  4.912085182e-01  1.347823755e+00
 4.618395303e-01  4.926614009e-01  1.346055448e+00
 4.637964775e-01  4.941162030e-01  1.344269620e+00
 4.657534247e-01  4.955729485e-01  1.342466434e+00
 4.677103718e-01  4.970316610e-01  1.340646818e+00
 4.696673190e-01  4.984923636e-01  1.338811060e+00
 4.716242661e-01  4.999550790e-01  1.336959539e+00
 4.735812133e-01  5.014198299e-01  1.335092919e+00
 4.755381605e-01  5.028866383e-01  1.333211295e+00
 4.774951076e-01  5.043555263e-01  1.331315627e+00
 4.794520548e-01  5.058265148e-01  1.329406608e+00
 4.814090020e-01  5.072996245e-01  1.327484198e+00
 4.833659491e-01  5.087748763e-01  1.325548842e+00
 4.853228963e-01  5.102522906e-01  1.323600958e+00
 4.872798434e-01  5.117318873e-01  1.321641480e+00
 4.892367906e-01  5.132136856e-01  1.319671054e+00
 4.911937378e-01  5.146977040e-01  1.317690078e+00
 4.931506849e-01  5.161839610e-01  1.315698451e+00
 4.951076321e-01  5.176724754e-01  1.313696601e+00
 4.970645793e-01  5.191632652e-01  1.311685536e+00
 4.990215264e-01  5.206563472e-01  1.309666022e+00
 5.009784736e-01  5.221517381e-01  1.307638373e+00
 5.029354207e-01  5.236494540e-01  1.305602986e+00
 5.048923679e-01  5.251495111e-01  1.303559683e+00
 5.068493151e-01  5.266519255e-01  1.301509410e+00
 5.088062622e-01  5.281567121e-01  1.299453116e+00
 5.107632094e-01  5.296638851e-01  1.297391153e+00
 5.127201566e-01  5.311734585e-01  1.295324107e+00
 5.146771037e-01  5.326854456e-01  1.293252060e+00
 5.166340509e-01  5.341998600e-01  1.291175019e+00
 5.185909980e-01  5.357167150e-01  1.289094336e+00
 5.205479452e-01  5.372360220e-01  1.287010509e+00
 5.225048924e-01  5.387577927e-01  1.284924110e+00
 5.244618395e-01  5.402820377e-01  1.282835303e+00
 5.264187867e-01  5.418087680e-01  1.280744237e+00
 5.283757339e-01  5.433379940e-01  1.278651537e+00
 5.303326810e-01  5.448697255e-01  1.276558088e+00
 5.322896282e-01  5.464039711e-01  1.274464336e+00
 5.342465753e-01  5.479407395e-01  1.272370500e+00
 5.362035225e-01  5.494800387e-01  1.270276890e+00
 5.381604697e-01  5.510218768e-01  1.268183810e+00
 5.401174168e-01  5.525662610e-01  1.266091945e+00
 5.420743640e-01  5.541131979e-01  1.264001955e+00
 5.440313112e-01  5.556626936e-01  1.261913965e+00
 5.459882583e-01  5.572147538e-01  1.259828108e+00
 5.479452055e-01  5.587693843e-01  1.257745140e+00
 5.499021526e-01  5.603265895e-01  1.255665251e+00
 5.518590998e-01  5.618863742e-01  1.253588937e+00
 5.538160470e-01  5.634487420e-01  1.251516537e+00
 5.557729941e-01  5.650136966e-01  1.249448125e+00
 5.577299413e-01  5.665812413e-01  1.247384324e+00
 5.596868885e-01  5.681513785e-01  1.245325615e+00
 5.616438356e-01  5.697241103e-01  1.243271923e+00
 5.636007828e-01  5.712994388e-01  1.241223620e+00
 5.655577299e-01  5.728773654e-01  1.239181004e+00
 5.675146771e-01  5.744578914e-01  1.237144595e+00
 5.694716243e-01  5.760410170e-01  1.235114672e+00
 5.714285714e-01  5.776267423e-01  1.233091486e+00
 5.733855186e-01  5.792150672e-01  1.231074916e+00
 5.753424658e-01  5.808059915e-01  1.229065350e+00
 5.772994129e-01  5.823995144e-01  1.227063344e+00
 5.792563601e-01  5.839956342e-01  1.225069120e+00
 5.812133072e-01  5.855943493e-01  1.223082815e+00
 5.831702544e-01  5.871956575e-01  1.221104417e+00
 5.851272016e-01  5.887995571e-01  1.219134013e+00
 5.870841487e-01  5.904060455e-01  1.217172055e+00
 5.890410959e-01  5.920151198e-01  1.215218751e+00
 5.909980431e-01  5.936267767e-01  1.213274178e+00
 5.929549902e-01  5.952410130e-01  1.211338333e+00
 5.949119374e-01  5.968578252e-01  1.209411304e+00
 5.968688845e-01  5.984772096e-01  1.207493214e+00
 5.988258317e-01  6.000991624e-01  1.205584248e+00
 6.007827789e-01  6.017236792e-01  1.203684472e+00
 6.027397260e-01  6.033507559e-01  1.201793850e+00
 6.046966732e-01  6.049803880e-01  1.199912437e+00
 6.066536204e-01  6.066125710e-01  1.198040273e+00
 6.086105675e-01  6.082473003e-01  1.196177343e+00
 6.105675147e-01  6.098845711e-01  1.194323650e+00
 6.125244618e-01  6.115243788e-01  1.192479165e+00
 6.144814090e-01  6.131667186e-01  1.190643841e+00
 6.164383562e-01  6.148115856e-01  1.188817618e+00
 6.183953033e-01  6.164589750e-01  1.187000448e+00
 6.203522505e-01  6.181088821e-01  1.185192305e+00
 6.223091977e-01  6.197613020e-01  1.183393077e+00
 6.242661448e-01  6.214162299e-01  1.181602608e+00
 6.262230920e-01  6.230736614e-01  1.179820802e+00
 6.281800391e-01  6.247335919e-01  1.178047539e+00
 6.301369863e-01  6.263960168e-01  1.176282758e+00
 6.320939335e-01  6.280609318e-01  1.174526400e+00
 6.340508806e-01  6.297283326e-01  1.172778179e+00
 6.360078278e-01  6.313982150e-01  1.171037914e+00
 6.379647750e-01  6.330705752e-01  1.169305488e+00
 6.399217221e-01  6.347454095e-01  1.167580790e+00
 6.418786693e-01  6.364227142e-01  1.165863587e+00
 6.438356164e-01  6.381024859e-01  1.164153757e+00
 6.457925636e-01  6.397847213e-01  1.162451044e+00
 6.477495108e-01  6.414694176e-01  1.160755245e+00
 6.497064579e-01  6.431565720e-01  1.159066218e+00
 6.516634051e-01  6.448461820e-01  1.157383669e+00
 6.536203523e-01  6.465382454e-01  1.155707299e+00
 6.555772994e-01  6.482327606e-01  1.154037004e+00
 6.575342466e-01  6.499297257e-01  1.152372737e+00
 6.594911937e-01  6.516291391e-01  1.150714123e+00
 6.614481409e-01  6.533309998e-01  1.149060741e+00
 6.634050881e-01  6.550353074e-01  1.147412338e+00
 6.653620352e-01  6.567420616e-01  1.145768673e+00
 6.673189824e-01  6.584512625e-01  1.144129685e+00
 6.692759295e-01  6.601629102e-01  1.142495384e+00
 6.712328767e-01  6.618770049e-01  1.140865132e+00
 6.731898239e-01  6.635935479e-01  1.139238477e+00
 6.751467710e-01  6.653125411e-01  1.137615240e+00
 6.771037182e-01  6.670339863e-01  1.135995321e+00
 6.790606654e-01  6.687578858e-01  1.134378336e+00
 6.810176125e-01  6.704842421e-01  1.132764118e+00
 6.829745597e-01  6.722130584e-01  1.131152463e+00
 6.849315068e-01  6.739443379e-01  1.129542866e+00
 6.868884540e-01  6.756780849e-01  1.127935152e+00
 6.888454012e-01  6.774143036e-01  1.126328865e+00
 6.908023483e-01  6.791529993e-01  1.124723679e+00
 6.927592955e-01  6.808941775e-01  1.123119312e+00
 6.947162427e-01  6.826378441e-01  1.121515977e+00
 6.966731898e-01  6.843840046e-01  1.119913196e+00
 6.986301370e-01  6.861326660e-01  1.118310273e+00
 7.005870841e-01  6.878838359e-01  1.116706969e+00
 7.025440313e-01  6.896375223e-01  1.115103007e+00
 7.045009785e-01  6.913937337e-01  1.113498247e+00
 7.064579256e-01  6.931524787e-01  1.111892432e+00
 7.084148728e-01  6.949137666e-01  1.110285271e+00
 7.103718200e-01  6.966776071e-01  1.108676327e+00
 7.123287671e-01  6.984440110e-01  1.107065187e+00
 7.142857143e-01  7.002129894e-01  1.105451666e+00
 7.162426614e-01  7.019845537e-01  1.103835404e+00
 7.181996086e-01  7.037587164e-01  1.102216096e+00
 7.201565558e-01  7.055354901e-01  1.100593360e+00
 7.221135029e-01  7.073148883e-01  1.098967275e+00
 7.240704501e-01  7.090969242e-01  1.097337470e+00
 7.260273973e-01  7.108816124e-01  1.095703235e+00
 7.279843444e-01  7.126689682e-01  1.094064232e+00
 7.299412916e-01  7.144590077e-01  1.092420194e+00
 7.318982387e-01  7.162517474e-01  1.090771097e+00
 7.338551859e-01  7.180472039e-01  1.089116541e+00
 7.358121331e-01  7.198453948e-01  1.087456281e+00
 7.377690802e-01  7.216463381e-01  1.085789990e+00
 7.397260274e-01  7.234500527e-01  1.084117077e+00
 7.416829746e-01  7.252565585e-01  1.082437380e+00
 7.436399217e-01  7.270658756e-01  1.080750584e+00
 7.455968689e-01  7.288780251e-01  1.079056268e+00
 7.475538160e-01  7.306930288e-01  1.077354132e+00
 7.495107632e-01  7.325109091e-01  1.075643949e+00
 7.514677104e-01  7.343316888e-01  1.073925619e+00
 7.534246575e-01  7.361553915e-01  1.072198683e+00
 7.553816047e-01  7.379820416e-01  1.070462482e+00
 7.573385519e-01  7.398116650e-01  1.068716821e+00
 7.592954990e-01  7.416442876e-01  1.066961400e+00
 7.612524462e-01  7.434799364e-01  1.065196014e+00
 7.632093933e-01  7.453186390e-01  1.063420194e+00
 7.651663405e-01  7.471604239e-01  1.061633454e+00
 7.671232877e-01  7.490053208e-01  1.059835785e+00
 7.690802348e-01  7.508533594e-01  1.058026936e+00
 7.710371820e-01  7.527045703e-01  1.056206229e+00
 7.729941292e-01  7.545589860e-01  1.054373183e+00
 7.749510763e-01  7.564166395e-01  1.052527525e+00
 7.769080235e-01  7.582775646e-01  1.050669082e+00
 7.788649706e-01  7.601417959e-01  1.048797564e+00
 7.808219178e-01  7.620093688e-01  1.046912352e+00
 7.827788650e-01  7.638803202e-01  1.045013267e+00
 7.847358121e-01  7.657546873e-01  1.043100149e+00
 7.866927593e-01  7.676325087e-01  1.041171982e+00
 7.886497065e-01  7.695138248e-01  1.039228369e+00
 7.906066536e-01  7.713986774e-01  1.037268471e+00
 7.925636008e-01  7.732871103e-01  1.035291411e+00
 7.945205479e-01  7.751791692e-01  1.033296412e+00
 7.964774951e-01  7.770749021e-01  1.031282332e+00
 7.984344423e-01  7.789743598e-01  1.029247617e+00
 8.003913894e-01  7.808775967e-01  1.027190373e+00
 8.023483366e-01  7.827846718e-01  1.025108475e+00
 8.043052838e-01  7.846956483e-01  1.023000029e+00
 8.062622309e-01  7.866105932e-01  1.020864230e+00
 8.082191781e-01  7.885295758e-01  1.018699044e+00
 8.101761252e-01  7.904526707e-01  1.016502590e+00
 8.121330724e-01  7.923799560e-01  1.014273841e+00
 8.140900196e-01  7.943115123e-01  1.012011171e+00
 8.160469667e-01  7.962474225e-01  1.009719250e+00
 8.180039139e-01  7.981877614e-01  1.007396268e+00
 8.199608611e-01  8.001326163e-01  1.005025953e+00
 8.219178082e-01  8.020820938e-01  1.002635411e+00
 8.238747554e-01  8.040362264e-01  1.000245806e+00
 8.258317025e-01  8.059950241e-01  9.978594589e-01
 8.277886497e-01  8.079584800e-01  9.955173720e-01
 8.297455969e-01  8.099264826e-01  9.932612827e-01
 8.317025440e-01  8.118988518e-01  9.911215326e-01
 8.336594912e-01  8.138753566e-01  9.891015505e-01
 8.356164384e-01  8.158557515e-01  9.872396801e-01
 8.375733855e-01  8.178396727e-01  9.856095589e-01
 8.395303327e-01  8.198266173e-01  9.842385184e-01
 8.414872798e-01  8.218160611e-01  9.831364862e-01
 8.434442270e-01  8.238074532e-01  9.823206370e-01
 8.454011742e-01  8.258002131e-01  9.817844278e-01
 8.473581213e-01  8.277937911e-01  9.815097202e-01
 8.493150685e-01  8.297876671e-01  9.814964963e-01
 8.512720157e-01  8.317813228e-01  9.817234448e-01
 8.532289628e-01  8.337743126e-01  9.821438219e-01
 8.551859100e-01  8.357662981e-01  9.827034656e-01
 8.571428571e-01  8.377570496e-01  9.833421340e-01
 8.590998043e-01  8.397464304e-01  9.840690961e-01
 8.610567515e-01  8.417342505e-01  9.848991016e-01
 8.630136986e-01  8.437203467e-01  9.857521914e-01
 8.649706458e-01  8.457047560e-01  9.865621831e-01
 8.669275930e-01  8.476876001e-01  9.873060505e-01
 8.688845401e-01  8.496690242e-01  9.879730199e-01
 8.708414873e-01  8.516491848e-01  9.885739042e-01
 8.727984344e-01  8.536282166e-01  9.890986189e-01
 8.747553816e-01  8.556063011e-01  9.895103882e-01
 8.767123288e-01  8.575836921e-01  9.897899526e-01
 8.786692759e-01  8.595606614e-01  9.899316811e-01
 8.806262231e-01  8.615374869e-01  9.899327142e-01
 8.825831703e-01  8.635144488e-01  9.897973767e-01
 8.845401174e-01  8.654918172e-01  9.895260104e-01
 8.864970646e-01  8.674698697e-01  9.891105724e-01
 8.884540117e-01  8.694489025e-01  9.885449703e-01
 8.904109589e-01  8.714292216e-01  9.878252045e-01
 8.923679061e-01  8.734111410e-01  9.869480826e-01
 8.943248532e-01  8.753949801e-01  9.859143019e-01
 8.962818004e-01  8.773810551e-01  9.847284865e-01
 8.982387476e-01  8.793696743e-01  9.833930799e-01
 9.001956947e-01  8.813611452e-01  9.819104259e-01
 9.021526419e-01  8.833557711e-01  9.802871122e-01
 9.041095890e-01  8.853538469e-01  9.785210027e-01
 9.060665362e-01  8.873556802e-01  9.766095848e-01
 9.080234834e-01  8.893615827e-01  9.745549024e-01
 9.099804305e-01  8.913718613e-01  9.723617556e-01
 9.119373777e-01  8.933868107e-01  9.700496622e-01
 9.138943249e-01  8.954066913e-01  9.676174309e-01
 9.158512720e-01  8.974317881e-01  9.650556540e-01
 9.178082192e-01  8.994624035e-01  9.623677948e-01
 9.197651663e-01  9.014988325e-01  9.595515925e-01
 9.217221135e-01  9.035413855e-01  9.566023752e-01
 9.236790607e-01  9.055903774e-01  9.535388620e-01
 9.256360078e-01  9.076460854e-01  9.503596364e-01
 9.275929550e-01  9.097088178e-01  9.470494022e-01
 9.295499022e-01  9.117789119e-01  9.436149317e-01
 9.315068493e-01  9.138566784e-01  9.400782829e-01
 9.334637965e-01  9.159424044e-01  9.364151155e-01
 9.354207436e-01  9.180364620e-01  9.326017252e-01
 9.373776908e-01  9.201392367e-01  9.286895537e-01
 9.393346380e-01  9.222509860e-01  9.246996162e-01
 9.412915851e-01  9.243720061e-01  9.205641728e-01
 9.432485323e-01  9.265027793e-01  9.162361361e-01
 9.452054795e-01  9.286438184e-01  9.117650220e-01
 9.471624266e-01  9.307954386e-01  9.073392404e-01
 9.491193738e-01  9.329576456e-01  9.027684124e-01
 9.510763209e-01  9.351311506e-01  8.979155855e-01
 9.530332681e-01  9.373168030e-01  8.925087325e-01
 9.549902153e-01  9.395154975e-01  8.871700804e-01
 9.569471624e-01  9.417243765e-01  8.866448288e-01
 9.589041096e-01  9.439310279e-01  8.870208577e-01
 9.608610568e-01  9.461392111e-01  8.850053088e-01
 9.628180039e-01  9.483562925e-01  8.797673048e-01
 9.647749511e-01  9.505909440e-01  8.710615989e-01
 9.667318982e-01  9.528524351e-01  8.593850509e-01
 9.686888454e-01  9.551500297e-01  8.429998296e-01
 9.706457926e-01  9.574994037e-01  8.217175182e-01
 9.726027397e-01  9.599144072e-01  7.989171455e-01
 9.745596869e-01  9.623991520e-01  7.763922741e-01
 9.765166341e-01  9.649557628e-01  7.547546885e-01
 9.784735812e-01  9.675845387e-01  7.344417017e-01
 9.804305284e-01  9.702841152e-01  7.157514689e-01
 9.823874755e-01  9.730516232e-01  6.988759649e-01
 9.843444227e-01  9.758828492e-01  6.839294524e-01
 9.863013699e-01  9.787723921e-01  6.709717376e-01
 9.882583170e-01  9.817138196e-01  6.600264573e-01
 9.902152642e-01  9.846998219e-01  6.510950358e-01
 9.921722114e-01  9.877223631e-01  6.441670940e-01
 9.941291585e-01  9.907728291e-01  6.392280348e-01
 9.960861057e-01  9.938421736e-01  6.362644582e-01
 9.980430528e-01  9.969210600e-01  6.355967354e-01
 1.000000000e+00  1.000000000e+00  6.355856700e-01
4  4.064524612e-01  6.515812432e-01  1.013818097e+00  7.521945307e-01  9.573618492e-01  5.448432913e+01  4.465503319e-01  9.929466169e-01  3.424621791e-01  2.719919590e+00
5  5.341311211e-01  9.770201164e-01  1.008449755e+00  6.178774414e-01  9.303354471e-01  3.240820407e+01  3.921287636e-01  1.046781359e+00  5.165452936e-01  2.844319659e+00
6  6.336039900e-01  1.153604550e+00  1.005324187e+00  5.273787222e-01  9.086191794e-01  2.397060777e+01  3.625164847e-01  1.128344799e+00  6.385883529e-01  2.802973838e+00
7  7.194232559e-01  1.275846327e+00  1.003170666e+00  4.624137347e-01  8.950225999e-01  1.946348557e+01  3.430881414e-01  1.219914495e+00  7.353529932e-01  2.722121568e+00
8  7.944491732e-01  1.438111694e+00  1.001564939e+00  4.133819589e-01  8.974791260e-01  1.708983145e+01  3.298606062e-01  1.327128313e+00  8.142293228e-01  2.626041006e+00
9  8.556330847e-01  1.831765809e+00  1.000435749e+00  3.745353975e-01  9.296100988e-01  1.656246327e+01  3.216417911e-01  1.471807850e+00  8.747818843e-01  2.511195482e+00
10  8.994269593e-01  2.458450246e+00  9.997118298e-01  3.425189897e-01  1.009100151e+00  1.809200914e+01  3.174764471e-01  1.687025980e+00  9.177741080e-01  2.374034314e+00
11  9.303441444e-01  2.829746188e+00  9.993024805e-01  3.154893438e-01  1.150603564e+00  2.214319473e+01  3.163439812e-01  2.043489308e+00  9.467527611e-01  2.231486010e+00
12  9.710527938e-01  3.647301824e+00  9.997893122e-01  2.950561828e-01  1.341547805e+00  2.780998473e+01  3.198383918e-01  2.426924475e+00  9.809788087e-01  2.136074254e+00
13  9.859191268e-01  7.602330028e+00  9.999010144e-01  2.748732746e-01  1.577871489e+00  3.667304654e+01  3.232976202e-01  3.608878197e+00  9.910072537e-01  2.002171192e+00
14  9.931612563e-01  1.416956622e+01  9.999437403e-01  2.569044468e-01  1.763057469e+00  4.359884222e+01  3.270353556e-01  5.974805793e+00  9.956527052e-01  1.872895556e+00
0 0 -1.243789938e-01 -4.408566968e-18
0 1  1.335054236e-02 -5.008575447e-03
0 2 -1.409521834e-02  6.017620821e-03
0 3  4.087066036e-03 -6.979212202e-03
0 4 -4.297904489e-04  6.333834085e-03
0 5 -4.249855749e-03 -3.001536666e-03
0 6  3.243818264e-03 -2.343618244e-03
0 7  2.038296594e-03  2.822250172e-03
0 8 -1.259694922e-03  2.815948302e-03
0 9 -2.586793735e-03  1.144480261e-03
0 10 -2.611827641e-03 -3.837453739e-05
1 0 -1.073375974e-01 -4.026866029e-02
1 1 -9.606072547e-02  4.860229779e-18
1 2  9.462272585e-03 -7.323727381e-03
1 3 -1.322859074e-02  9.020863486e-03
1 4 -3.410964444e-04 -9.183336101e-03
1 5  4.030233295e-03  5.100270731e-03
1 6 -5.802150008e-03  2.471370341e-03
1 7 -2.709826158e-03 -4.392148986e-03
1 8  2.000484925e-03 -3.586406948e-03
1 9  3.489085872e-03 -1.012765128e-03
1 10  3.288090841e-03  5.956883087e-04
2 0  1.133247498e-01  4.838132742e-02
2 1 -9.850303065e-02 -7.624060036e-02
2 2 -7.700875990e-02  6.767070040e-18
2 3  5.055425359e-03 -9.166956383e-03
2 4 -8.814161906e-03  1.033438616e-02
2 5 -6.305613387e-03 -7.445985208e-03
2 6  5.355724500e-03 -1.244148690e-03
2 7  4.056876943e-04  5.576674772e-03
2 8 -4.082613683e-03  3.255345375e-03
2 9 -4.784928261e-03  1.532293550e-05
2 10 -4.014939036e-03 -1.679754115e-03
3 0 -3.285977730e-02 -5.611246716e-02
3 1  1.377107103e-01  9.390792586e-02
3 2 -6.564740643e-02 -1.190378393e-01
3 3 -6.353744554e-02  1.746855852e-17
3 4  1.017904984e-03 -1.071655490e-02
3 5 -3.649069307e-03  9.711057877e-03
3 6 -1.028109122e-02 -1.857034742e-03
3 7 -6.901608179e-04 -6.384502546e-03
3 8  3.772766125e-03 -1.743475060e-03
3 9  3.357954430e-03  1.870087340e-03
3 10  2.007563125e-03  3.229991563e-03
4 0  3.455490642e-03  5.092366399e-02
4 1  3.550841853e-03 -9.559927906e-02
4 2  1.144566140e-01  1.341975403e-01
4 3 -1.602055254e-02 -1.686651832e-01
4 4 -5.363805653e-02 -8.435248651e-17
4 5 -3.189166226e-03 -1.200083399e-02
4 6  8.981758121e-04  6.345683423e-03
4 7 -8.654342227e-03  4.931767778e-03
4 8 -7.755097233e-03 -1.687242824e-03
4 9 -4.455981452e-03 -4.473538637e-03
4 10 -2.063700095e-03 -4.771735780e-03
5 0  3.416859729e-02 -2.413218322e-02
5 1 -4.195505786e-02  5.309423499e-02
5 2  8.188176767e-02 -9.669010665e-02
5 3  5.743179122e-02  1.528399166e-01
5 4  5.945715473e-02 -2.237373008e-01
5 5 -4.564597000e-02 -1.504474683e-17
5 6 -7.755129375e-03 -1.237693238e-02
5 7  2.566785692e-03 -4.445310061e-05
5 8 -9.171815425e-04  5.380078817e-03
5 9 -4.588332184e-03  5.024216058e-03
5 10 -5.968667694e-03  3.437233964e-03
6 0 -2.608011342e-02 -1.884255672e-02
6 1  6.040085560e-02  2.572716715e-02
6 2 -6.954695164e-02 -1.615593722e-02
6 3  1.618115291e-01 -2.922740639e-02
6 4 -1.674512222e-02  1.183056180e-01
6 5  1.698973508e-01 -2.711506051e-01
6 6 -3.858499481e-02 -4.397423863e-17
6 7 -1.170195171e-02 -1.097079404e-02
6 8 -4.446961901e-04 -5.760917292e-03
6 9  1.766712780e-03 -1.086096184e-03
6 10  1.423398733e-03  1.252732882e-03
7 0 -1.638778811e-02  2.269073006e-02
7 1  2.820951169e-02 -4.572262977e-02
7 2 -5.268072032e-03  7.241610927e-02
7 3  1.086226889e-02 -1.004840924e-01
7 4  1.613470507e-01  9.194531080e-02
7 5 -5.623247117e-02 -9.738669287e-04
7 6  3.032772653e-01 -2.843279906e-01
7 7 -3.223841775e-02 -2.195576801e-17
7 8 -1.128363114e-02 -6.116441953e-03
7 9 -5.368952000e-03 -6.826454791e-03
7 10 -2.424486535e-03 -5.825739112e-03
8 0  1.012787517e-02  2.264006338e-02
8 1 -2.082521150e-02 -3.733478933e-02
8 2  5.301492568e-02  4.227240355e-02
8 3 -5.937862458e-02 -2.744011890e-02
8 4  1.445819952e-01 -3.145607678e-02
8 5  2.009337391e-02  1.178653629e-01
8 6  1.152510690e-02 -1.493046020e-01
8 7  3.500057361e-01 -1.897252527e-01
8 8 -2.973034983e-02 -4.540424450e-18
8 9 -1.567527098e-02 -5.296373936e-03
8 10 -1.109800660e-02 -6.794084939e-03
9 0  2.079767377e-02  9.201555880e-03
9 1 -3.632166898e-02 -1.054296772e-02
9 2  6.213485670e-02  1.989765258e-04
9 3 -5.285000681e-02  2.943283798e-02
9 4  8.307499825e-02 -8.340232527e-02
9 5  1.005199842e-01  1.100692144e-01
9 6 -4.578756038e-02 -2.814814903e-02
9 7  1.665389425e-01 -2.117490642e-01
9 8  5.272481176e-01 -1.781470439e-01
9 9 -2.128054858e-02  5.037255189e-17
9 10 -1.168892616e-02 -2.073165914e-03
10 0  2.099894494e-02 -3.085290870e-04
10 1 -3.422929428e-02  6.201163959e-03
10 2  5.213613414e-02 -2.181250701e-02
10 3 -3.159653506e-02  5.083603119e-02
10 4  3.847455013e-02 -8.896175755e-02
10 5  1.307600144e-01  7.530202479e-02
10 6 -3.688995527e-02  3.246684075e-02
10 7  7.520488610e-02 -1.807079726e-01
10 8  3.732887997e-01 -2.285235450e-01
10 9  5.492774829e-01 -9.742069880e-02
10 10 -1.706668528e-02  5.124292461e-17
0 0 -8.368325611e+00  2.054648214e-15
0 1 -8.410424080e-01  4.429739498e-01
0 2  1.225399740e+00 -4.329952533e-01
0 3 -2.102077473e-01  3.451054262e-01
0 4  4.357656549e-02 -2.666980305e-01
0 5  1.481682173e-01  1.208624880e-01
0 6 -1.131392045e-01  7.710757111e-02
0 7 -5.265810407e-02 -8.635544762e-02
0 8  9.925024155e-03 -9.010022694e-02
0 9  6.644960897e-02 -1.186017116e-02
0 10  7.592990372e-02  5.529983378e-02
1 0 -8.410424080e-01 -4.429739498e-01
1 1 -1.109529316e+01 -9.680808381e-16
1 2 -7.951154187e-01  1.058470888e+00
1 3  1.933541812e+00 -1.088899826e+00
1 4  8.967230921e-03  7.425686339e-01
1 5 -2.258577203e-01 -3.810063024e-01
1 6  3.498864767e-01 -1.304285243e-01
1 7  1.072074626e-01  2.315977645e-01
1 8 -5.243500388e-02  1.932460667e-01
1 9 -1.425132747e-01  1.484352958e-03
1 10 -1.299468074e-01 -1.436435210e-01
2 0  1.225399740e+00  4.329952533e-01
2 1 -7.951154187e-01 -1.058470888e+00
2 2 -1.403105252e+01  9.169562894e-15
2 3 -3.737328247e-01  1.997680764e+00
2 4  2.093588369e+00 -1.942376781e+00
2 5  7.341512560e-01  9.561721433e-01
2 6 -5.538560702e-01  5.789855893e-02
2 7  3.468982145e-02 -4.930720950e-01
2 8  2.234959105e-01 -2.767600655e-01
2 9  2.551909506e-01  7.004708451e-02
2 10  1.820005123e-01  2.967267210e-01
3 0 -2.102077473e-01 -3.451054262e-01
3 1  1.933541812e+00  1.088899826e+00
3 2 -3.737328247e-01 -1.997680764e+00
3 3 -1.729628117e+01  4.611598473e-15
3 4  5.570563126e-01  3.326237538e+00
3 5  1.645062461e+00 -2.834771375e+00
3 6  1.870358662e+00  4.246897480e-01
3 7 -9.687536708e-02  8.126734124e-01
3 8 -4.077943516e-01  2.654705687e-01
3 9 -2.480770415e-01 -3.047484272e-01
3 10  5.808240311e-02 -5.956162392e-01
4 0  4.357656549e-02  2.666980305e-01
4 1  8.967230921e-03 -7.425686339e-01
4 2  2.093588369e+00  1.942376781e+00
4 3  5.570563126e-01 -3.326237538e+00
4 4 -2.112990589e+01  5.846296821e-14
4 5  2.364248594e+00  5.173572825e+00
4 6  3.901726660e-01 -3.152551083e+00
4 7  2.513844057e+00 -1.118016455e+00
4 8  1.300991133e+00  2.021173514e-01
4 9  2.747748116e-01  6.269171416e-01
4 10 -3.333682042e-01  6.380304708e-01
5 0  1.481682173e-01 -1.208624880e-01
5 1 -2.258577203e-01  3.810063024e-01
5 2  7.341512560e-01 -9.561721433e-01
5 3  1.645062461e+00  2.834771375e+00
5 4  2.364248594e+00 -5.173572825e+00
5 5 -2.574437116e+01  6.535649951e-14
5 6  5.765450327e+00  7.514788599e+00
5 7 -8.009971611e-01 -2.469370599e+00
5 8  2.766192349e-01 -1.752413308e+00
5 9  1.359647228e+00 -1.087462984e+00
5 10  2.131946729e+00 -3.927162431e-01
6 0 -1.131392045e-01 -7.710757111e-02
6 1  3.498864767e-01  1.304285243e-01
6 2 -5.538560702e-01 -5.789855893e-02
6 3  1.870358662e+00 -4.246897480e-01
6 4  3.901726660e-01  3.152551083e+00
6 5  5.765450327e+00 -7.514788599e+00
6 6 -3.177342616e+01  5.278195815e-14
6 7  1.012528256e+01  8.616326640e+00
6 8 -1.515410217e-01  1.750602533e+00
6 9 -6.583880134e-01 -1.568273629e+00
6 10  4.027532690e-01 -3.240656051e+00
7 0 -5.265810407e-02  8.635544762e-02
7 1  1.072074626e-01 -2.315977645e-01
7 2  3.468982145e-02  4.930720950e-01
7 3 -9.687536708e-02 -8.126734124e-01
7 4  2.513844057e+00  1.118016455e+00
7 5 -8.009971611e-01  2.469370599e+00
7 6  1.012528256e+01 -8.616326640e+00
7 7 -3.649138826e+01  2.486658269e-14
7 8  1.105670547e+01  5.209184274e+00
7 9  1.248913057e+00  2.188441926e+00
7 10 -9.351591952e-01  7.308710661e-02
8 0  9.925024155e-03  9.010022694e-02
8 1 -5.243500388e-02 -1.932460667e-01
8 2  2.234959105e-01  2.767600655e-01
8 3 -4.077943516e-01 -2.654705687e-01
8 4  1.300991133e+00 -2.021173514e-01
8 5  2.766192349e-01  1.752413308e+00
8 6 -1.515410217e-01 -1.750602533e+00
8 7  1.105670547e+01 -5.209184274e+00
8 8 -4.915682069e+01 -1.547907823e-13
8 9  2.107151594e+01  6.395691717e+00
8 10  5.920217583e+00  4.646860466e+00
9 0  6.644960897e-02  1.186017116e-02
9 1 -1.425132747e-01 -1.484352958e-03
9 2  2.551909506e-01 -7.004708451e-02
9 3 -2.480770415e-01  3.047484272e-01
9 4  2.747748116e-01 -6.269171416e-01
9 5  1.359647228e+00  1.087462984e+00
9 6 -6.583880134e-01  1.568273629e+00
9 7  1.248913057e+00 -2.188441926e+00
9 8  2.107151594e+01 -6.395691717e+00
9 9 -6.522542251e+01 -2.004935645e-13
9 10  3.218419241e+01  5.708237844e+00
10 0  7.592990372e-02 -5.529983378e-02
10 1 -1.299468074e-01  1.436435210e-01
10 2  1.820005123e-01 -2.967267210e-01
10 3  5.808240311e-02  5.956162392e-01
10 4 -3.333682042e-01 -6.380304708e-01
10 5  2.131946729e+00  3.927162431e-01
10 6  4.027532690e-01  3.240656051e+00
10 7 -9.351591952e-01 -7.308710661e-02
10 8  5.920217583e+00 -4.646860466e+00
10 9  3.218419241e+01 -5.708237844e+00
10 10 -5.859368609e+01 -1.759282362e-13
0  3.724190680e-02 -1.576514002e-03 -1.239909566e-01 -1.478035808e-02
1  6.491883297e-02 -2.042335020e-03  1.554085475e-01  4.778192936e-02
2  9.002128738e-02 -4.224912459e-03 -1.501523436e-01 -9.860057853e-02
3  1.232367798e-01 -5.039059394e-03  9.922335898e-02  1.612093931e-01
4  1.621923843e-01 -9.099160487e-03  1.866720968e-02 -1.932463142e-01
5  2.012560977e-01 -1.099686586e-02 -1.646712144e-01  1.028602041e-01
6  2.343770218e-01 -1.358409255e-02  1.469408589e-01  1.202330450e-01
7  2.542290461e-01 -1.655694264e-02  1.223134189e-01 -1.357988817e-01
8  2.891859693e-01 -2.008846839e-02 -5.446975298e-02 -1.664712645e-01
9  2.845618795e-01 -2.019078842e-02 -1.434619990e-01 -8.020491916e-02
10  2.702980339e-01 -2.303493410e-02 -1.535406904e-01 -1.075207966e-02
