 1.695500020e+00 -1.812512780e+00  8.582848268e-01  3.489222572e+00  9.329066557e-01  4.593771984e+00  9.951178473e-01  9.679921030e-01  7.002413200e+00 512 3 11
 0.000000000e+00  0.000000000e+00  1.387013539e-06
 1.956947162e-03  2.930443579e-02  1.335603861e-01
 3.913894325e-03  4.144285659e-02  1.888785495e-01
 5.870841487e-03  5.075723875e-02  2.313199383e-01
 7.827788650e-03  5.860995394e-02  2.670919162e-01
 9.784735812e-03  6.552873026e-02  2.985984014e-01
 1.174168297e-02  7.178423530e-02  3.270719135e-01
 1.369863014e-02  7.753726997e-02  3.532443675e-01
 1.565557730e-02  8.289261415e-02  3.775924503e-01
 1.761252446e-02  8.792305545e-02  4.004471159e-01
 1.956947162e-02  9.268159602e-02  4.220492023e-01
 2.152641879e-02  9.720825315e-02  4.425804297e-01
 2.348336595e-02  1.015341203e-01  4.621819617e-01
 2.544031311e-02  1.056839276e-01  4.809658571e-01
 2.739726027e-02  1.096777300e-01  4.990229124e-01
 2.935420744e-02  1.135320589e-01  5.164279265e-01
 3.131115460e-02  1.172607323e-01  5.332433746e-01
 3.326810176e-02  1.208754408e-01  5.495220717e-01
 3.522504892e-02  1.243861799e-01  5.653090826e-01
 3.718199609e-02  1.278015762e-01  5.806432614e-01
 3.913894325e-02  1.311291360e-01  5.955583756e-01
 4.109589041e-02  1.343754397e-01  6.100839978e-01
 4.305283757e-02  1.375462940e-01  6.242461753e-01
 4.500978474e-02  1.406468541e-01  6.380681504e-01
 4.696673190e-02  1.436817206e-01  6.515706338e-01
 4.892367906e-02  1.466550211e-01  6.647717340e-01
 5.088062622e-02  1.495704773e-01  6.776874348e-01
 5.283757339e-02  1.524314595e-01  6.903325199e-01
 5.479452055e-02  1.552410293e-01  7.027208993e-01
 5.675146771e-02  1.580019768e-01  7.148654482e-01
 5.870841487e-02  1.607168529e-01  7.267772620e-01
 6.066536204e-02  1.633880002e-01  7.384660428e-01
 6.262230920e-02  1.660175767e-01  7.499411653e-01
 6.457925636e-02  1.686075732e-01  7.612118980e-01
 6.653620352e-02  1.711598297e-01  7.722865970e-01
 6.849315068e-02  1.736760524e-01  7.831723118e-01
 7.045009785e-02  1.761578291e-01  7.938756042e-01
 7.240704501e-02  1.786066396e-01  8.044027738e-01
 7.436399217e-02  1.810238649e-01  8.147597254e-01
 7.632093933e-02  1.834107966e-01  8.249525265e-01
 7.827788650e-02  1.857686430e-01  8.349865324e-01
 8.023483366e-02  1.880985389e-01  8.448655634e-01
 8.219178082e-02  1.904015535e-01  8.545940609e-01
 8.414872798e-02  1.926786925e-01  8.641772751e-01
 8.610567515e-02  1.949309017e-01  8.736191157e-01
 8.806262231e-02  1.971590755e-01  8.829228461e-01
 9.001956947e-02  1.993640605e-01  8.920917142e-01
 9.197651663e-02  2.015466587e-01  9.011291523e-01
 9.393346380e-02  2.037076295e-01  9.100387644e-01
 9.589041096e-02  2.058476928e-01  9.188233029e-01
 9.784735812e-02  2.079675337e-01  9.274853921e-01
 9.980430528e-02  2.100678036e-01  9.360279361e-01
 1.017612524e-01  2.121491225e-01  9.444529587e-01
 1.037181996e-01  2.142120826e-01  9.527627082e-01
 1.056751468e-01  2.162572487e-01  9.609600136e-01
 1.076320939e-01  2.182851585e-01  9.690473900e-01
 1.095890411e-01  2.202963263e-01  9.770262591e-01
 1.115459883e-01  2.222912454e-01  9.848979339e-01
 1.135029354e-01  2.242703890e-01  9.926648132e-01
 1.154598826e-01  2.262342088e-01  1.000328884e+00
 1.174168297e-01  2.281831383e-01  1.007891895e+00
 1.193737769e-01  2.301175933e-01  1.015355230e+00
 1.213307241e-01  2.320379740e-01  1.022719843e+00
 1.232876712e-01  2.339446658e-01  1.029987720e+00
 1.252446184e-01  2.358380379e-01  1.037160308e+00
 1.272015656e-01  2.377184464e-01  1.044238799e+00
 1.291585127e-01  2.395862340e-01  1.051224472e+00
 1.311154599e-01  2.414417315e-01  1.058118388e+00
 1.330724070e-01  2.432852579e-01  1.064921558e+00
 1.350293542e-01  2.451171211e-01  1.071635800e+00
 1.369863014e-01  2.469376174e-01  1.078261349e+00
 1.389432485e-01  2.487470348e-01  1.084799859e+00
 1.409001957e-01  2.505456500e-01  1.091252296e+00
 1.428571429e-01  2.523337315e-01  1.097618922e+00
 1.448140900e-01  2.541115397e-01  1.103900989e+00
 1.467710372e-01  2.558793262e-01  1.110099628e+00
 1.487279843e-01  2.576373344e-01  1.116215566e+00
 1.506849315e-01  2.593858003e-01  1.122249922e+00
 1.526418787e-01  2.611249527e-01  1.128202586e+00
 1.545988258e-01  2.628550148e-01  1.134074650e+00
 1.565557730e-01  2.645762022e-01  1.139867607e+00
 1.585127202e-01  2.662887235e-01  1.145581298e+00
 1.604696673e-01  2.679927829e-01  1.151216837e+00
 1.624266145e-01  2.696885778e-01  1.156774488e+00
 1.643835616e-01  2.713763012e-01  1.162254927e+00
 1.663405088e-01  2.730561400e-01  1.167659538e+00
 1.682974560e-01  2.747282755e-01  1.172988020e+00
 1.702544031e-01  2.763928858e-01  1.178241124e+00
 1.722113503e-01  2.780501433e-01  1.183419769e+00
 1.741682975e-01  2.797002160e-01  1.188524322e+00
 1.761252446e-01  2.813432678e-01  1.193555388e+00
 1.780821918e-01  2.829794584e-01  1.198513190e+00
 1.800391389e-01  2.846089440e-01  1.203398224e+00
 1.819960861e-01  2.862318768e-01  1.208211558e+00
 1.839530333e-01  2.878484046e-01  1.212953139e+00
 1.859099804e-01  2.894586728e-01  1.217623608e+00
 1.878669276e-01  2.910628226e-01  1.222223430e+00
 1.898238748e-01  2.926609925e-01  1.226752828e+00
 1.917808219e-01  2.942533177e-01  1.231212725e+00
 1.937377691e-01  2.958399299e-01  1.235603270e+00
 1.956947162e-01  2.974209584e-01  1.239924598e+00
 1.976516634e-01  2.989965298e-01  1.244177657e+00
 1.996086106e-01  3.005667674e-01  1.248362646e+00
 2.015655577e-01  3.021317922e-01  1.252479634e+00
 2.035225049e-01  3.036917229e-01  1.256529570e+00
 2.054794521e-01  3.052466752e-01  1.260512432e+00
 2.074363992e-01  3.067967629e-01  1.264428867e+00
 2.093933464e-01  3.083420971e-01  1.268279445e+00
 2.113502935e-01  3.098827866e-01  1.272063797e+00
 2.133072407e-01  3.114189390e-01  1.275782727e+00
 2.152641879e-01  3.129506589e-01  1.279436685e+00
 2.172211350e-01  3.144780492e-01  1.283026025e+00
 2.191780822e-01  3.160012105e-01  1.286551314e+00
 2.211350294e-01  3.175202416e-01  1.290012356e+00
 2.230919765e-01  3.190352402e-01  1.293409472e+00
 2.250489237e-01  3.205463018e-01  1.296743635e+00
 2.270058708e-01  3.220535196e-01  1.300014964e+00
 2.289628180e-01  3.235569855e-01  1.303223814e+00
 2.309197652e-01  3.250567898e-01  1.306370468e+00
 2.328767123e-01  3.265530214e-01  1.309454904e+00
 2.348336595e-01  3.280457679e-01  1.312477889e+00
 2.367906067e-01  3.295351147e-01  1.315440038e+00
 2.387475538e-01  3.310211457e-01  1.318341260e+00
 2.407045010e-01  3.325039442e-01  1.321182051e+00
 2.426614481e-01  3.339835914e-01  1.323962495e+00
 2.446183953e-01  3.354601679e-01  1.326683099e+00
 2.465753425e-01  3.369337525e-01  1.329344485e+00
 2.485322896e-01  3.384044225e-01  1.331946668e+00
 2.504892368e-01  3.398722545e-01  1.334490200e+00
 2.524461840e-01  3.413373234e-01  1.336975327e+00
 2.544031311e-01  3.427997035e-01  1.339402362e+00
 2.563600783e-01  3.442594675e-01  1.341771485e+00
 2.583170254e-01  3.457166875e-01  1.344083425e+00
 2.602739726e-01  3.471714339e-01  1.346338400e+00
 2.622309198e-01  3.486237763e-01  1.348536860e+00
 2.641878669e-01  3.500737832e-01  1.350678972e+00
 2.661448141e-01  3.515215223e-01  1.352764975e+00
 2.681017613e-01  3.529670605e-01  1.354795409e+00
 2.700587084e-01  3.544104631e-01  1.356770692e+00
 2.720156556e-01  3.558517950e-01  1.358691271e+00
 2.739726027e-01  3.572911198e-01  1.360557401e+00
 2.759295499e-01  3.587285003e-01  1.362369288e+00
 2.778864971e-01  3.601639989e-01  1.364127323e+00
 2.798434442e-01  3.615976767e-01  1.365832045e+00
 2.818003914e-01  3.630295939e-01  1.367483899e+00
 2.837573386e-01  3.644598100e-01  1.369083221e+00
 2.857142857e-01  3.658883836e-01  1.370630228e+00
 2.876712329e-01  3.673153727e-01  1.372125311e+00
 2.896281800e-01  3.687408346e-01  1.373568907e+00
 2.915851272e-01  3.701648256e-01  1.374961518e+00
 2.935420744e-01  3.715874013e-01  1.376303503e+00
 2.954990215e-01  3.730086165e-01  1.377595188e+00
 2.974559687e-01  3.744285254e-01  1.378836958e+00
 2.994129159e-01  3.758471817e-01  1.380029224e+00
 3.013698630e-01  3.772646381e-01  1.381172438e+00
 3.033268102e-01  3.786809467e-01  1.382266953e+00
 3.052837573e-01  3.800961591e-01  1.383313104e+00
 3.072407045e-01  3.815103261e-01  1.384311273e+00
 3.091976517e-01  3.829234982e-01  1.385261872e+00
 3.111545988e-01  3.843357248e-01  1.386165327e+00
 3.131115460e-01  3.857470552e-01  1.387021932e+00
 3.150684932e-01  3.871575379e-01  1.387832052e+00
 3.170254403e-01  3.885672209e-01  1.388596105e+00
 3.189823875e-01  3.899761516e-01  1.389314463e+00
 3.209393346e-01  3.913843771e-01  1.389987519e+00
 3.228962818e-01  3.927919436e-01  1.390615613e+00
 3.248532290e-01  3.941988971e-01  1.391199007e+00
 3.268101761e-01  3.956052832e-01  1.391738091e+00
 3.287671233e-01  3.970111468e-01  1.392233314e+00
 3.307240705e-01  3.984165323e-01  1.392685072e+00
 3.326810176e-01  3.998214839e-01  1.393093705e+00
 3.346379648e-01  4.012260450e-01  1.393459528e+00
 3.365949119e-01  4.026302589e-01  1.393782729e+00
 3.385518591e-01  4.040341685e-01  1.394063819e+00
 3.405088063e-01  4.054378160e-01  1.394303260e+00
 3.424657534e-01  4.068412433e-01  1.394501374e+00
 3.444227006e-01  4.082444919e-01  1.394658506e+00
 3.463796477e-01  4.096476030e-01  1.394774894e+00
 3.483365949e-01  4.110506173e-01  1.394850772e+00
 3.502935421e-01  4.124535754e-01  1.394886768e+00
 3.522504892e-01  4.138565173e-01  1.394883258e+00
 3.542074364e-01  4.152594824e-01  1.394840512e+00
 3.561643836e-01  4.166625101e-01  1.394758913e+00
 3.581213307e-01  4.180656393e-01  1.394638529e+00
 3.600782779e-01  4.194689090e-01  1.394479927e+00
 3.620352250e-01  4.208723573e-01  1.394283562e+00
 3.639921722e-01  4.222760222e-01  1.394049800e+00
 3.659491194e-01  4.236799411e-01  1.393778974e+00
 3.679060665e-01  4.250841515e-01  1.393471282e+00
 3.698630137e-01  4.264886904e-01  1.393126882e+00
 3.718199609e-01  4.278935949e-01  1.392746463e+00
 3.737769080e-01  4.292989011e-01  1.392330470e+00
 3.757338552e-01  4.307046451e-01  1.391879217e+00
 3.776908023e-01  4.321108626e-01  1.391392972e+00
 3.796477495e-01  4.335175893e-01  1.390871895e+00
 3.816046967e-01  4.349248605e-01  1.390316320e+00
 3.835616438e-01  4.363327114e-01  1.389726925e+00
 3.855185910e-01  4.377411765e-01  1.389104052e+00
 3.874755382e-01  4.391502902e-01  1.388448043e+00
 3.894324853e-01  4.405600865e-01  1.387759075e+00
 3.913894325e-01  4.419705996e-01  1.387037411e+00
 3.933463796e-01  4.433818631e-01  1.386283497e+00
 3.953033268e-01  4.447939106e-01  1.385497916e+00
 3.972602740e-01  4.462067749e-01  1.384681060e+00
 3.992172211e-01  4.476204889e-01  1.383833142e+00
 4.011741683e-01  4.490350851e-01  1.382954351e+00
 4.031311155e-01  4.504505961e-01  1.382045014e+00
 4.050880626e-01  4.518670542e-01  1.381105742e+00
 4.070450098e-01  4.532844912e-01  1.380137015e+00
 4.090019569e-01  4.547029384e-01  1.379139135e+00
 4.109589041e-01  4.561224273e-01  1.378112163e+00
 4.129158513e-01  4.575429891e-01  1.377056616e+00
 4.148727984e-01  4.589646549e-01  1.375972778e+00
 4.168297456e-01  4.603874554e-01  1.374861242e+00
 4.187866928e-01  4.618114208e-01  1.373722421e+00
 4.207436399e-01  4.632365812e-01  1.372556524e+00
 4.227005871e-01  4.646629667e-01  1.371363787e+00
 4.246575342e-01  4.660906071e-01  1.370144750e+00
 4.266144814e-01  4.675195318e-01  1.368899623e+00
 4.285714286e-01  4.689497703e-01  1.367629042e+00
 4.305283757e-01  4.703813512e-01  1.366333411e+00
 4.324853229e-01  4.718143034e-01  1.365012744e+00
 4.344422701e-01  4.732486556e-01  1.363667737e+00
 4.363992172e-01  4.746844360e-01  1.362298526e+00
 4.383561644e-01  4.761216727e-01  1.360905548e+00
 4.403131115e-01  4.775603936e-01  1.359489474e+00
 4.422700587e-01  4.790006260e-01  1.358050297e+00
 4.442270059e-01  4.804423977e-01  1.356588530e+00
 4.461839530e-01  4.818857355e-01  1.355104766e+00
 4.481409002e-01  4.833306662e-01  1.353599029e+00
 4.500978474e-01  4.847772166e-01  1.352071921e+00
 4.520547945e-01  4.862254131e-01  1.350523685e+00
 4.540117417e-01  4.876752820e-01  1.348954746e+00
 4.559686888e-01  4.891268490e-01  1.347365748e+00
 4.579256360e-01  4.905801396e-01  1.345756957e+00
 4.598825832e-01  4.920351792e-01  1.344128504e+00
 4.618395303e-01  4.934919932e-01  1.342480831e+00
 4.637964775e-01  4.949506066e-01  1.340814375e+00
 4.657534247e-01  4.964110439e-01  1.339129786e+00
 4.677103718e-01  4.978733292e-01  1.337427483e+00
 4.696673190e-01  4.993374866e-01  1.335707522e+00
 4.716242661e-01  5.008035402e-01  1.333970215e+00
 4.735812133e-01  5.022715137e-01  1.332216009e+00
 4.755381605e-01  5.037414304e-01  1.330445614e+00
 4.774951076e-01  5.052133132e-01  1.328659436e+00
 4.794520548e-01  5.066871847e-01  1.326857833e+00
 4.814090020e-01  5.081630672e-01  1.325040903e+00
 4.833659491e-01  5.096409834e-01  1.323208810e+00
 4.853228963e-01  5.111209554e-01  1.321362463e+00
 4.872798434e-01  5.126030046e-01  1.319502327e+00
 4.892367906e-01  5.140871521e-01  1.317628799e+00
 4.911937378e-01  5.155734188e-01  1.315742340e+00
 4.931506849e-01  5.170618254e-01  1.313842542e+00
 4.951076321e-01  5.185523930e-01  1.311930168e+00
 4.970645793e-01  5.200451418e-01  1.310006075e+00
 4.990215264e-01  5.215400911e-01  1.308070693e+00
 5.009784736e-01  5.230372603e-01  1.306124402e+00
 5.029354207e-01  5.245366684e-01  1.304167219e+00
 5.048923679e-01  5.260383345e-01  1.302199035e+00
 5.068493151e-01  5.275422780e-01  1.300221091e+00
 5.088062622e-01  5.290485164e-01  1.298233981e+00
 5.107632094e-01  5.305570672e-01  1.296237982e+00
 5.127201566e-01  5.320679479e-01  1.294233217e+00
 5.146771037e-01  5.335811757e-01  1.292219795e+00
 5.166340509e-01  5.350967680e-01  1.290198283e+00
 5.185909980e-01  5.366147412e-01  1.288169575e+00
 5.205479452e-01  5.381351110e-01  1.286134103e+00
 5.225048924e-01  5.396578928e-01  1.284091956e+00
 5.244618395e-01  5.411831020e-01  1.282043325e+00
 5.264187867e-01  5.427107541e-01  1.279988795e+00
 5.283757339e-01  5.442408634e-01  1.277928846e+00
 5.303326810e-01  5.457734442e-01  1.275864149e+00
 5.322896282e-01  5.473085098e-01  1.273794864e+00
 5.342465753e-01  5.488460738e-01  1.271721246e+00
 5.362035225e-01  5.503861493e-01  1.269644101e+00
 5.381604697e-01  5.519287484e-01  1.267563511e+00
 5.401174168e-01  5.534738835e-01  1.265479946e+00
 5.420743640e-01  5.550215662e-01  1.263394031e+00
 5.440313112e-01  5.565718077e-01  1.261305793e+00
 5.459882583e-01  5.581246190e-01  1.259216102e+00
 5.479452055e-01  5.596800100e-01  1.257125419e+00
 5.499021526e-01  5.612379905e-01  1.255033690e+00
 5.518590998e-01  5.627985702e-01  1.252941517e+00
 5.538160470e-01  5.643617580e-01  1.250849156e+00
 5.557729941e-01  5.659275625e-01  1.248757471e+00
 5.577299413e-01  5.674959913e-01  1.246666958e+00
 5.596868885e-01  5.690670516e-01  1.244577732e+00
 5.616438356e-01  5.706407504e-01  1.242489896e+00
 5.636007828e-01  5.722170948e-01  1.240403957e+00
 5.655577299e-01  5.737960906e-01  1.238320782e+00
 5.675146771e-01  5.753777429e-01  1.236240849e+00
 5.694716243e-01  5.769620563e-01  1.234164427e+00
 5.714285714e-01  5.785490350e-01  1.232091763e+00
 5.733855186e-01  5.801386833e-01  1.230022723e+00
 5.753424658e-01  5.817310048e-01  1.227958571e+00
 5.772994129e-01  5.833260018e-01  1.225899797e+00
 5.792563601e-01  5.849236760e-01  1.223846557e+00
 5.812133072e-01  5.865240291e-01  1.221799299e+00
 5.831702544e-01  5.881270620e-01  1.219757925e+00
 5.851272016e-01  5.897327758e-01  1.217723192e+00
 5.870841487e-01  5.913411701e-01  1.215695877e+00
 5.890410959e-01  5.929522437e-01  1.213676254e+00
 5.909980431e-01  5.945659952e-01  1.211664471e+00
 5.929549902e-01  5.961824228e-01  1.209660956e+00
 5.949119374e-01  5.978015242e-01  1.207666138e+00
 5.968688845e-01  5.994232961e-01  1.205680438e+00
 5.988258317e-01  6.010477347e-01  1.203704383e+00
 6.007827789e-01  6.026748357e-01  1.201738107e+00
 6.027397260e-01  6.043045942e-01  1.199781999e+00
 6.046966732e-01  6.059370049e-01  1.197836577e+00
 6.066536204e-01  6.075720615e-01  1.195901917e+00
 6.086105675e-01  6.092097579e-01  1.193978257e+00
 6.105675147e-01  6.108500873e-01  1.192065875e+00
 6.125244618e-01  6.124930423e-01  1.190165108e+00
 6.144814090e-01  6.141386151e-01  1.188276282e+00
 6.164383562e-01  6.157867973e-01  1.186399583e+00
 6.183953033e-01  6.174375803e-01  1.184535013e+00
 6.203522505e-01  6.190909553e-01  1.182682569e+00
 6.223091977e-01  6.207469134e-01  1.180842602e+00
 6.242661448e-01  6.224054449e-01  1.179015265e+00
 6.262230920e-01  6.240665400e-01  1.177200567e+00
 6.281800391e-01  6.257301888e-01  1.175398491e+00
 6.301369863e-01  6.273963813e-01  1.173609025e+00
 6.320939335e-01  6.290651072e-01  1.171832181e+00
 6.340508806e-01  6.307363564e-01  1.170067873e+00
 6.360078278e-01  6.324101187e-01  1.168315982e+00
 6.379647750e-01  6.340863837e-01  1.166576432e+00
 6.399217221e-01  6.357651413e-01  1.164849157e+00
 6.418786693e-01  6.374463814e-01  1.163133928e+00
 6.438356164e-01  6.391300939e-01  1.161430729e+00
 6.457925636e-01  6.408162687e-01  1.159739131e+00
 6.477495108e-01  6.425048965e-01  1.158059018e+00
 6.497064579e-01  6.441959676e-01  1.156390214e+00
 6.516634051e-01  6.458894729e-01  1.154732341e+00
 6.536203523e-01  6.475854034e-01  1.153085114e+00
 6.555772994e-01  6.492837506e-01  1.151448398e+00
 6.575342466e-01  6.509845060e-01  1.149821944e+00
 6.594911937e-01  6.526876616e-01  1.148205251e+00
 6.614481409e-01  6.543932099e-01  1.146597831e+00
 6.634050881e-01  6.561011442e-01  1.144999463e+00
 6.653620352e-01  6.578114579e-01  1.143409620e+00
 6.673189824e-01  6.595241449e-01  1.141828517e+00
 6.692759295e-01  6.612391989e-01  1.140255587e+00
 6.712328767e-01  6.629566147e-01  1.138689884e+00
 6.731898239e-01  6.646763884e-01  1.137131012e+00
 6.751467710e-01  6.663985163e-01  1.135578789e+00
 6.771037182e-01  6.681229949e-01  1.134032907e+00
 6.790606654e-01  6.698498214e-01  1.132492734e+00
 6.810176125e-01  6.715789938e-01  1.130958201e+00
 6.829745597e-01  6.733105101e-01  1.129428363e+00
 6.849315068e-01  6.750443702e-01  1.127902590e+00
 6.868884540e-01  6.767805743e-01  1.126380979e+00
 6.888454012e-01  6.785191227e-01  1.124862569e+00
 6.908023483e-01  6.802600175e-01  1.123346640e+00
 6.927592955e-01  6.820032613e-01  1.121833084e+00
 6.947162427e-01  6.837488570e-01  1.120321729e+00
 6.966731898e-01  6.854968078e-01  1.118811880e+00
 6.986301370e-01  6.872471185e-01  1.117302708e+00
 7.005870841e-01  6.889997949e-01  1.115793450e+00
 7.025440313e-01  6.907548440e-01  1.114283569e+00
 7.045009785e-01  6.925122736e-01  1.112772694e+00
 7.064579256e-01  6.942720918e-01  1.111260986e+00
 7.084148728e-01  6.960343067e-01  1.109747727e+00
 7.103718200e-01  6.977989282e-01  1.108231607e+00
 7.123287671e-01  6.995659681e-01  1.106712177e+00
 7.142857143e-01  7.013354385e-01  1.105189259e+00
 7.162426614e-01  7.031073520e-01  1.103662325e+00
 7.181996086e-01  7.048817225e-01  1.102130266e+00
 7.201565558e-01  7.066585655e-01  1.100593016e+00
 7.221135029e-01  7.084378966e-01  1.099050021e+00
 7.240704501e-01  7.102197326e-01  1.097500930e+00
 7.260273973e-01  7.120040907e-01  1.095944898e+00
 7.279843444e-01  7.137909905e-01  1.094380867e+00
 7.299412916e-01  7.155804528e-01  1.092808338e+00
 7.318982387e-01  7.173724991e-01  1.091226861e+00
 7.338551859e-01  7.191671518e-01  1.089636602e+00
 7.358121331e-01  7.209644333e-01  1.088036975e+00
 7.377690802e-01  7.227643676e-01  1.086426861e+00
 7.397260274e-01  7.245669807e-01  1.084805350e+00
 7.416829746e-01  7.263723001e-01  1.083171897e+00
 7.436399217e-01  7.281803543e-01  1.081526251e+00
 7.455968689e-01  7.299911723e-01  1.079867878e+00
 7.475538160e-01  7.318047845e-01  1.078195962e+00
 7.495107632e-01  7.336212227e-01  1.076510423e+00
 7.514677104e-01  7.354405189e-01  1.074811185e+00
 7.534246575e-01  7.372627060e-01  1.073097051e+00
 7.553816047e-01  7.390878193e-01  1.071367245e+00
 7.573385519e-01  7.409158955e-01  1.069621348e+00
 7.592954990e-01  7.427469721e-01  1.067859005e+00
 7.612524462e-01  7.445810875e-01  1.066080002e+00
 7.632093933e-01  7.464182809e-01  1.064283584e+00
 7.651663405e-01  7.482585938e-01  1.062468126e+00
 7.671232877e-01  7.501020693e-01  1.060635367e+00
 7.690802348e-01  7.519487458e-01  1.058789318e+00
 7.710371820e-01  7.537986558e-01  1.056930322e+00
 7.729941292e-01  7.556518335e-01  1.055057590e+00
 7.749510763e-01  7.575083114e-01  1.053178441e+00
 7.769080235e-01  7.593681062e-01  1.051298028e+00
 7.788649706e-01  7.612312293e-01  1.049421207e+00
 7.808219178e-01  7.630976864e-01  1.047542032e+00
 7.827788650e-01  7.649674950e-01  1.045662888e+00
 7.847358121e-01  7.668406581e-01  1.043797592e+00
 7.866927593e-01  7.687171534e-01  1.041953239e+00
 7.886497065e-01  7.705969521e-01  1.040133324e+00
 7.906066536e-01  7.724800205e-01  1.038336381e+00
 7.925636008e-01  7.743663265e-01  1.036566997e+00
 7.945205479e-01  7.762558244e-01  1.034833606e+00
 7.964774951e-01  7.781484540e-01  1.033140106e+00
 7.984344423e-01  7.800441515e-01  1.031485509e+00
 8.003913894e-01  7.819428536e-01  1.029873473e+00
 8.023483366e-01  7.838444835e-01  1.028313798e+00
 8.043052838e-01  7.857489439e-01  1.026817192e+00
 8.062622309e-01  7.876561196e-01  1.025387987e+00
 8.082191781e-01  7.895658901e-01  1.024030073e+00
 8.101761252e-01  7.914781274e-01  1.022743741e+00
 8.121330724e-01  7.933927035e-01  1.021528121e+00
 8.140900196e-01  7.953094862e-01  1.020395257e+00
 8.160469667e-01  7.972283174e-01  1.019347097e+00
 8.180039139e-01  7.991490427e-01  1.018383010e+00
 8.199608611e-01  8.010715038e-01  1.017509410e+00
 8.219178082e-01  8.029955273e-01  1.016730168e+00
 8.238747554e-01  8.049209353e-01  1.016047038e+00
 8.258317025e-01  8.068475467e-01  1.015461159e+00
 8.277886497e-01  8.087751796e-01  1.014969076e+00
 8.297455969e-01  8.107036595e-01  1.014569686e+00
 8.317025440e-01  8.126328117e-01  1.014264113e+00
 8.336594912e-01  8.145624651e-01  1.014036852e+00
 8.356164384e-01  8.164924824e-01  1.013880852e+00
 8.375733855e-01  8.184227276e-01  1.013801269e+00
 8.395303327e-01  8.203530585e-01  1.013788312e+00
 8.414872798e-01  8.222833641e-01  1.013825075e+00
 8.434442270e-01  8.242135670e-01  1.013891967e+00
 8.454011742e-01  8.261436260e-01  1.013973701e+00
 8.473581213e-01  8.280735238e-01  1.014058345e+00
 8.493150685e-01  8.300032614e-01  1.014143009e+00
 8.512720157e-01  8.319328424e-01  1.014221774e+00
 8.532289628e-01  8.338622867e-01  1.014287441e+00
 8.551859100e-01  8.357916330e-01  1.014320272e+00
 8.571428571e-01  8.377209655e-01  1.014293092e+00
 8.590998043e-01  8.396504078e-01  1.014208720e+00
 8.610567515e-01  8.415800615e-01  1.014074014e+00
 8.630136986e-01  8.435100290e-01  1.013874909e+00
 8.649706458e-01  8.454404500e-01  1.013595643e+00
 8.669275930e-01  8.473714924e-01  1.013217159e+00
 8.688845401e-01  8.493033583e-01  1.012729879e+00
 8.708414873e-01  8.512362576e-01  1.012135029e+00
 8.727984344e-01  8.531703948e-01  1.011433530e+00
 8.747553816e-01  8.551059745e-01  1.010628594e+00
 8.767123288e-01  8.570431964e-01  1.009719102e+00
 8.786692759e-01  8.589822681e-01  1.008699532e+00
 8.806262231e-01  8.609234087e-01  1.007567289e+00
 8.825831703e-01  8.628668398e-01  1.006323902e+00
 8.845401174e-01  8.648127803e-01  1.004970480e+00
 8.864970646e-01  8.667614497e-01  1.003506987e+00
 8.884540117e-01  8.687130697e-01  1.001934357e+00
 8.904109589e-01  8.706678610e-01  1.000253171e+00
 8.923679061e-01  8.726260453e-01  9.984663492e-01
 8.943248532e-01  8.745878403e-01  9.965736076e-01
 8.962818004e-01  8.765534677e-01  9.945782643e-01
 8.982387476e-01  8.785231437e-01  9.924806852e-01
 9.001956947e-01  8.804970905e-01  9.902783053e-01
 9.021526419e-01  8.824755372e-01  9.879707129e-01
 9.041095890e-01  8.844587143e-01  9.855590858e-01
 9.060665362e-01  8.864468491e-01  9.830531323e-01
 9.080234834e-01  8.884401515e-01  9.804561944e-01
 9.099804305e-01  8.904388375e-01  9.777614955e-01
 9.119373777e-01  8.924431409e-01  9.749693354e-01
 9.138943249e-01  8.944532934e-01  9.720785102e-01
 9.158512720e-01  8.964695352e-01  9.690870719e-01
 9.178082192e-01  8.984921075e-01  9.660102254e-01
 9.197651663e-01  9.005212244e-01  9.628421087e-01
 9.217221135e-01  9.025571341e-01  9.595704227e-01
 9.236790607e-01  9.046001037e-01  9.562045511e-01
 9.256360078e-01  9.066503798e-01  9.527412945e-01
 9.275929550e-01  9.087082359e-01  9.491673794e-01
 9.295499022e-01  9.107739693e-01  9.454923951e-01
 9.315068493e-01  9.128478439e-01  9.417420051e-01
 9.334637965e-01  9.149300968e-01  9.378849154e-01
 9.354207436e-01  9.170210700e-01  9.338923103e-01
 9.373776908e-01  9.191211268e-01  9.298092773e-01
 9.393346380e-01  9.212305167e-01  9.256534243e-01
 9.412915851e-01  9.233495293e-01  9.213602291e-01
 9.432485323e-01  9.254786307e-01  9.168840443e-01
 9.452054795e-01  9.276183160e-01  9.122755869e-01
 9.471624266e-01  9.297688789e-01  9.077264447e-01
 9.491193738e-01  9.319302982e-01  9.030427050e-01
 9.510763209e-01  9.341032701e-01  8.980846192e-01
 9.530332681e-01  9.362886318e-01  8.925382231e-01
 9.549902153e-01  9.384872679e-01  8.871246480e-01
 9.569471624e-01  9.406956916e-01  8.873849181e-01
 9.589041096e-01  9.428992882e-01  8.887520212e-01
 9.608610568e-01  9.451023075e-01  8.873668863e-01
 9.628180039e-01  9.473132231e-01  8.822356181e-01
 9.647749511e-01  9.495420546e-01  8.730575870e-01
 9.667318982e-01  9.517995453e-01  8.604067130e-01
 9.686888454e-01  9.540964610e-01  8.422963184e-01
 9.706457926e-01  9.564510216e-01  8.185772297e-01
 9.726027397e-01  9.588793563e-01  7.931871154e-01
 9.745596869e-01  9.613863375e-01  7.682040245e-01
 9.765166341e-01  9.639745555e-01  7.443147411e-01
 9.784735812e-01  9.666445044e-01  7.219938242e-01
 9.804305284e-01  9.693947669e-01  7.015502639e-01
 9.823874755e-01  9.722221982e-01  6.831699379e-01
 9.843444227e-01  9.751221094e-01  6.669512870e-01
 9.863013699e-01  9.780884486e-01  6.529336987e-01
 9.882583170e-01  9.811139811e-01  6.411192319e-01
 9.902152642e-01  9.841904661e-01  6.314887554e-01
 9.921722114e-01  9.873088311e-01  6.240136554e-01
 9.941291585e-01  9.904593430e-01  6.186641593e-01
 9.960861057e-01  9.936317749e-01  6.154151218e-01
 9.980430528e-01  9.968155699e-01  6.145973695e-01
 1.000000000e+00  1.000000000e+00  6.144747564e-01
4  4.197603552e-01  6.764074306e-01  1.014737675e+00  7.523532587e-01  9.590063359e-01  5.220334012e+01  4.410683677e-01  9.969973046e-01  3.604846884e-01  2.718467372e+00
5  5.489716353e-01  9.866455774e-01  1.008935482e+00  6.182404650e-01  9.346320766e-01  3.163773098e+01  3.875245254e-01  1.054844251e+00  5.344062439e-01  2.827953142e+00
6  6.495697617e-01  1.181658654e+00  1.005597761e+00  5.278597069e-01  9.151150503e-01  2.366346353e+01  3.584852046e-01  1.138780960e+00  6.559065872e-01  2.779250929e+00
7  7.350152986e-01  1.305319634e+00  1.003307332e+00  4.628807503e-01  9.042750773e-01  1.944286398e+01  3.396857761e-01  1.230943993e+00  7.510105942e-01  2.689436142e+00
8  8.102614932e-01  1.485519039e+00  1.001498635e+00  4.139013296e-01  9.095188995e-01  1.720409110e+01  3.267439832e-01  1.337202287e+00  8.292969702e-01  2.589491483e+00
9  8.681963562e-01  2.010156373e+00  1.000210511e+00  3.749845543e-01  9.459516441e-01  1.686430283e+01  3.190059676e-01  1.482369774e+00  8.879361881e-01  2.463177880e+00
10  9.106350117e-01  2.175147484e+00  9.994481255e-01  3.430781774e-01  1.031283700e+00  1.861260772e+01  3.156416670e-01  1.710653695e+00  9.294185011e-01  2.323450979e+00
11  9.565600208e-01  2.784938020e+00  9.996976891e-01  3.187602896e-01  1.183978620e+00  2.256077443e+01  3.176124173e-01  2.020641716e+00  9.707349541e-01  2.219305764e+00
12  9.781683735e-01  5.421789984e+00  9.998980193e-01  2.958568045e-01  1.429424210e+00  3.124491807e+01  3.214044532e-01  2.865475286e+00  9.863535418e-01  2.080736049e+00
13  9.892227476e-01  9.750657363e+00  9.999539209e-01  2.755029461e-01  1.688607622e+00  4.155994986e+01  3.257177596e-01  4.572599713e+00  9.933630299e-01  1.942493804e+00
14  9.958158472e-01  1.789133992e+01  9.999820249e-01  2.533123272e-01  1.873409928e+00  4.798301681e+01  3.315711085e-01  9.708589263e+00  9.974289199e-01  1.815817107e+00
0 0 -1.241240309e-01  9.364766548e-18
0 1  1.317720263e-02 -5.668645599e-03
0 2 -1.432746697e-02  6.727996268e-03
0 3  3.509261626e-03 -7.762869009e-03
0 4  4.087699927e-04  6.554694497e-03
0 5 -5.059390144e-03 -2.303590459e-03
0 6  2.619639323e-03 -3.368291358e-03
0 7  3.247718512e-03  1.496985032e-03
0 8  6.130668127e-04  3.206293516e-03
0 9 -1.151758950e-03  2.797594852e-03
0 10 -1.985704559e-03  1.948584363e-03
1 0 -1.061615752e-01 -4.566920329e-02
1 1 -9.581713263e-02 -3.898311520e-17
1 2  8.913320305e-03 -8.144063167e-03
1 3 -1.286061791e-02  9.716199809e-03
1 4 -1.603179389e-03 -9.478112320e-03
1 5  4.882517043e-03  4.205967807e-03
1 6 -5.220870943e-03  3.796420337e-03
1 7 -4.493020880e-03 -2.818829148e-03
1 8 -4.752448305e-04 -4.422277796e-03
1 9  1.810411361e-03 -3.457736727e-03
1 10  2.616593100e-03 -2.538914761e-03
2 0  1.154286311e-01  5.420381711e-02
2 1 -9.302428554e-02 -8.499589733e-02
2 2 -7.666050139e-02  1.836143975e-17
2 3  4.387708122e-03 -9.960701497e-03
2 4 -8.022516105e-03  1.064238719e-02
2 5 -7.583651036e-03 -6.857927941e-03
2 6  4.856028879e-03 -2.782209469e-03
2 7  2.632264614e-03  4.303658968e-03
2 8 -1.908143215e-03  4.748082300e-03
2 9 -3.891378964e-03  2.992832378e-03
2 10 -4.411892377e-03  9.393713332e-04
3 0 -2.827221773e-02 -6.254122553e-02
3 1  1.342204422e-01  1.014035752e-01
3 2 -5.723557820e-02 -1.299326422e-01
3 3 -6.316677888e-02  1.473048752e-17
3 4  2.855870350e-04 -1.135605090e-02
3 5 -2.690799956e-03  9.423340106e-03
3 6 -1.066301116e-02 -4.698991493e-04
3 7 -3.165251483e-03 -6.053405326e-03
3 8  2.124740911e-03 -4.152998369e-03
3 9  3.528570034e-03 -1.432041977e-03
3 10  3.550323022e-03 -5.796049228e-04
4 0 -3.293238141e-03  5.280761873e-02
4 1  1.673165691e-02 -9.891876390e-02
4 2  1.046499300e-01  1.388249098e-01
4 3 -4.521158749e-03 -1.797788506e-01
4 4 -5.325906489e-02  3.917013173e-17
4 5 -4.074896022e-03 -1.256253407e-02
4 6  1.659033569e-03  5.316981770e-03
4 7 -6.005641614e-03  6.040027816e-03
4 8 -8.210625921e-03  1.084531656e-03
4 9 -7.016608570e-03 -2.068812084e-03
4 10 -4.968264671e-03 -4.904444783e-03
5 0  4.076076251e-02 -1.855877901e-02
5 1 -5.095661819e-02  4.389578035e-02
5 2  9.892514266e-02 -8.945842797e-02
5 3  4.259834051e-02  1.491819003e-01
5 4  7.651084431e-02 -2.358759789e-01
5 5 -4.516646378e-02  1.706084115e-17
5 6 -8.738933421e-03 -1.264179668e-02
5 7  2.477658677e-03 -2.435534272e-03
5 8  1.160673277e-03  3.757982833e-03
5 9 -1.539653733e-03  5.192274805e-03
5 10 -2.197899826e-03  2.870190779e-03
6 0 -2.110501331e-02 -2.713649673e-02
6 1  5.448786454e-02  3.962151896e-02
6 2 -6.334460109e-02 -3.629260725e-02
6 3  1.688072647e-01 -7.439023449e-03
6 4 -3.115025719e-02  9.983242817e-02
6 5  1.934827899e-01 -2.798934348e-01
6 6 -3.796861540e-02  8.059443401e-17
6 7 -1.159477229e-02 -8.895173671e-03
6 8 -2.548888750e-03 -7.365501610e-03
6 9  7.063036003e-04 -4.213632033e-03
6 10  3.438849574e-03 -4.410426052e-03
7 0 -2.616510670e-02  1.206039654e-02
7 1  4.689162320e-02 -2.941884265e-02
7 2 -3.433664751e-02  5.613919673e-02
7 3  5.010943314e-02 -9.583210406e-02
7 4  1.127628062e-01  1.134084466e-01
7 5 -5.485615809e-02 -5.392351024e-02
7 6  3.053778012e-01 -2.342770095e-01
7 7 -3.313656182e-02 -3.744508309e-18
7 8 -1.583112640e-02 -7.309429817e-03
7 9 -9.286255216e-03 -8.486519430e-03
7 10 -2.292819605e-03 -1.140072706e-02
8 0 -4.939146823e-03  2.583136798e-02
8 1  4.959914970e-03 -4.615330969e-02
8 2  2.489082618e-02  6.193648899e-02
8 3 -3.363699952e-02 -6.574655923e-02
8 4  1.541639144e-01  2.036332515e-02
8 5 -2.569767876e-02  8.320294568e-02
8 6  6.713146432e-02 -1.939892075e-01
8 7  4.777540436e-01 -2.205850400e-01
8 8 -2.486945692e-02  2.848373098e-17
8 9 -1.377175568e-02 -3.400828968e-03
8 10 -6.537265501e-03 -7.616558831e-03
9 0  9.279097225e-03  2.253870449e-02
9 1 -1.889444311e-02 -3.608683157e-02
9 2  5.076119897e-02  3.904008354e-02
9 3 -5.586116779e-02 -2.267080897e-02
9 4  1.317448698e-01 -3.884431858e-02
9 5  3.408842766e-02  1.149586302e-01
9 6 -1.860230069e-02 -1.109767103e-01
9 7  2.802419655e-01 -2.561074222e-01
9 8  5.537618181e-01 -1.367472148e-01
9 9 -1.950060434e-02 -1.650221558e-16
9 10 -5.791158654e-03 -3.868102476e-03
10 0  1.599774471e-02  1.569868743e-02
10 1 -2.730819665e-02 -2.649750301e-02
10 2  5.755105037e-02  1.225365496e-02
10 3 -5.620554167e-02 -9.175787228e-03
10 4  9.328486485e-02 -9.208657330e-02
10 5  4.866220735e-02  6.354694477e-02
10 6 -9.057084485e-02 -1.161597811e-01
10 7  6.919304475e-02 -3.440528055e-01
10 8  2.628632190e-01 -3.062615663e-01
10 9  2.969732913e-01 -1.983580820e-01
10 10 -1.947877412e-02 -1.398015412e-17
0 0 -8.407127740e+00  1.680733512e-15
0 1 -8.167999460e-01  5.058169775e-01
0 2  1.267248035e+00 -4.884063637e-01
0 3 -1.851312835e-01  3.945050157e-01
0 4  1.210974302e-02 -2.859250420e-01
0 5  1.906823194e-01  1.012697820e-01
0 6 -9.560951157e-02  1.095276612e-01
0 7 -1.107133887e-01 -1.282343992e-02
0 8 -9.811938577e-03 -6.979562009e-02
0 9  8.246759662e-02 -4.150544187e-02
0 10  8.033030899e-02 -3.887619790e-02
1 0 -8.167999460e-01 -5.058169775e-01
1 1 -1.115317378e+01  2.373967283e-15
1 2 -7.184154480e-01  1.186701571e+00
1 3  1.929932145e+00 -1.191400826e+00
1 4  1.087722848e-01  7.866804594e-01
1 5 -3.036594615e-01 -3.420643605e-01
1 6  3.347850496e-01 -1.983650871e-01
1 7  2.387367737e-01  1.024884116e-01
1 8 -2.947930277e-02  1.637890385e-01
1 9 -2.299114283e-01  5.525945826e-02
1 10 -4.418644592e-02  1.391904989e-01
2 0  1.267248035e+00  4.884063637e-01
2 1 -7.184154480e-01 -1.186701571e+00
2 2 -1.413571791e+01 -1.277165529e-14
2 3 -2.411550398e-01  2.194936653e+00
2 4  2.001472637e+00 -2.048970217e+00
2 5  9.368176471e-01  9.239004307e-01
2 6 -5.282778246e-01  1.748537638e-01
2 7 -2.771346509e-01 -2.710848983e-01
2 8  1.215779744e-01 -2.371350298e-01
2 9  3.468438978e-01  1.510709580e-02
2 10  4.132671322e-01  7.441135573e-03
3 0 -1.851312835e-01 -3.945050157e-01
3 1  1.929932145e+00  1.191400826e+00
3 2 -2.411550398e-01 -2.194936653e+00
3 3 -1.745626863e+01 -1.259213674e-14
3 4  7.580413110e-01  3.575573694e+00
3 5  1.418264792e+00 -2.890272336e+00
3 6  2.009714535e+00  2.410345928e-01
3 7  4.364559428e-01  7.561647337e-01
3 8 -3.386811629e-01  2.584531778e-01
3 9 -5.206920139e-01 -3.685634320e-01
3 10 -1.571662978e-01  9.294849276e-02
4 0  1.210974302e-02  2.859250420e-01
4 1  1.087722848e-01 -7.866804594e-01
4 2  2.001472637e+00  2.048970217e+00
4 3  7.580413110e-01 -3.575573694e+00
4 4 -2.136728933e+01 -4.521808541e-14
4 5  2.797881021e+00  5.635596328e+00
4 6  2.757629245e-01 -3.202999758e+00
4 7  1.309350633e+00 -1.365041254e+00
4 8  1.079193158e+00  2.546386781e-02
4 9  5.226229903e-01  8.294966509e-01
4 10  9.506532151e-01  8.528568474e-01
5 0  1.906823194e-01 -1.012697820e-01
5 1 -3.036594615e-01  3.420643605e-01
5 2  9.368176471e-01 -9.239004307e-01
5 3  1.418264792e+00  2.890272336e+00
5 4  2.797881021e+00 -5.635596328e+00
5 5 -2.602914085e+01 -8.964358715e-14
5 6  6.153251147e+00  7.512584087e+00
5 7 -9.086962455e-01  1.694683407e-02
5 8  1.218099570e-01 -1.784101193e+00
5 9  1.775873611e+00 -2.101259201e+00
5 10  1.058355113e+00 -7.219647541e-01
6 0 -9.560951157e-02 -1.095276612e-01
6 1  3.347850496e-01  1.983650871e-01
6 2 -5.282778246e-01 -1.748537638e-01
6 3  2.009714535e+00 -2.410345928e-01
6 4  2.757629245e-01  3.202999758e+00
6 5  6.153251147e+00 -7.512584087e+00
6 6 -3.098662129e+01 -2.683686663e-14
6 7  9.722299799e+00  6.423982378e+00
6 8 -6.084739638e-02  1.208252258e+00
6 9 -1.267431300e+00 -2.346230476e+00
6 10 -9.656168764e-01  8.105506685e-01
7 0 -1.107133887e-01  1.282343992e-02
7 1  2.387367737e-01 -1.024884116e-01
7 2 -2.771346509e-01  2.710848983e-01
7 3  4.364559428e-01 -7.561647337e-01
7 4  1.309350633e+00  1.365041254e+00
7 5 -9.086962455e-01 -1.694683407e-02
7 6  9.722299799e+00 -6.423982378e+00
7 7 -4.229255879e+01  2.182602488e-14
7 8  1.647335082e+01  6.621043298e+00
7 9  1.057729477e+00  1.951465888e+00
7 10  5.731069928e-01  5.661455494e+00
8 0 -9.811938577e-03  6.979562009e-02
8 1 -2.947930277e-02 -1.637890385e-01
8 2  1.215779744e-01  2.371350298e-01
8 3 -3.386811629e-01 -2.584531778e-01
8 4  1.079193158e+00 -2.546386781e-02
8 5  1.218099570e-01  1.784101193e+00
8 6 -6.084739638e-02 -1.208252258e+00
8 7  1.647335082e+01 -6.621043298e+00
8 8 -5.894949772e+01  2.903439036e-13
8 9  2.489660544e+01  5.915376446e+00
8 10  6.444741528e+00  7.998869066e+00
9 0  8.246759662e-02  4.150544187e-02
9 1 -2.299114283e-01 -5.525945826e-02
9 2  3.468438978e-01 -1.510709580e-02
9 3 -5.206920139e-01  3.685634320e-01
9 4  5.226229903e-01 -8.294966509e-01
9 5  1.775873611e+00  2.101259201e+00
9 6 -1.267431300e+00  2.346230476e+00
9 7  1.057729477e+00 -1.951465888e+00
9 8  2.489660544e+01 -5.915376446e+00
9 9 -5.782805394e+01  1.937041545e-13
9 10  1.524599492e+01  1.018329392e+01
10 0  8.033030899e-02  3.887619790e-02
10 1 -4.418644592e-02 -1.391904989e-01
10 2  4.132671322e-01 -7.441135573e-03
10 3 -1.571662978e-01 -9.294849276e-02
10 4  9.506532151e-01 -8.528568474e-01
10 5  1.058355113e+00  7.219647541e-01
10 6 -9.656168764e-01 -8.105506685e-01
10 7  5.731069928e-01 -5.661455494e+00
10 8  6.444741528e+00 -7.998869066e+00
10 9  1.524599492e+01 -1.018329392e+01
10 10 -5.133793297e+01  3.684586160e-14
0  4.256290232e-02  2.322901029e-03 -1.332560753e-01 -3.319349241e-02
1  7.283476917e-02  4.476581729e-03  1.562250076e-01  7.421705506e-02
2  1.012702423e-01  5.136943829e-03 -1.365944265e-01 -1.292670591e-01
3  1.359690107e-01  7.382130911e-03  6.437659339e-02  1.847223435e-01
4  1.778479058e-01  7.890117550e-03  7.026533321e-02 -1.863597635e-01
5  2.170494569e-01  9.445755281e-03 -1.924453067e-01  4.617358204e-02
6  2.484222416e-01  1.037574715e-02  9.019206420e-02  1.702993197e-01
7  2.895341853e-01  1.063662242e-02  1.816377006e-01 -3.884775423e-02
8  2.921101490e-01  1.010046957e-02  7.222570649e-02 -1.587648294e-01
9  2.811996144e-01  8.483787991e-03 -2.499469482e-02 -1.610243893e-01
10  1.623659837e-01 -1.190940484e-01 -7.679328811e-02 -1.320692984e-01
