 9.383375810e-01  4.076016205e+00  8.125363290e+00  5.481972298e+00  2.450000000e+03
 9.405863060e-01  4.072576111e+00  8.129080560e+00  5.475094628e+00  2.455000000e+03
 9.432252240e-01  4.071001370e+00  8.131410240e+00  5.467448037e+00  2.460000000e+03
 9.461654870e-01  4.071093235e+00  8.132475330e+00  5.459167617e+00  2.465000000e+03
 9.493182460e-01  4.072696138e+00  8.132398860e+00  5.450397797e+00  2.470000000e+03
 9.525946530e-01  4.075628704e+00  8.131303830e+00  5.441290315e+00  2.475000000e+03
 9.559058610e-01  4.079689880e+00  8.129313240e+00  5.432015028e+00  2.480000000e+03
 9.591630210e-01  4.084662495e+00  8.126550110e+00  5.422765030e+00  2.485000000e+03
 9.622772860e-01  4.090304900e+00  8.123137440e+00  5.413727721e+00  2.490000000e+03
 9.651598070e-01  4.096391115e+00  8.119198250e+00  5.405131199e+00  2.495000000e+03
 9.677217360e-01  4.102666103e+00  8.114855540e+00  5.397451994e+00  2.500000000e+03
 9.672997010e-01  4.106140745e+00  8.113097960e+00  5.395223331e+00  2.505000000e+03
 9.665354100e-01  4.109409462e+00  8.111009210e+00  5.393749368e+00  2.510000000e+03
 9.654960470e-01  4.112375534e+00  8.108538620e+00  5.392938977e+00  2.515000000e+03
 9.642487960e-01  4.114947266e+00  8.105635530e+00  5.392706193e+00  2.520000000e+03
 9.628608400e-01  4.117033811e+00  8.102249260e+00  5.392960772e+00  2.525000000e+03
 9.613993620e-01  4.118545236e+00  8.098329150e+00  5.393605933e+00  2.530000000e+03
 9.599315480e-01  4.119393046e+00  8.093824540e+00  5.394560331e+00  2.535000000e+03
 9.585245800e-01  4.119490140e+00  8.088684760e+00  5.395732476e+00  2.540000000e+03
 9.572456430e-01  4.118751005e+00  8.082859140e+00  5.397019373e+00  2.545000000e+03
 9.561619190e-01  4.117092604e+00  8.076297020e+00  5.398322507e+00  2.550000000e+03
 9.567667340e-01  4.109935027e+00  8.069407590e+00  5.398023346e+00  2.555000000e+03
 9.576146970e-01  4.102030646e+00  8.061652460e+00  5.397595501e+00  2.560000000e+03
 9.586865600e-01  4.093555140e+00  8.052953080e+00  5.397037028e+00  2.565000000e+03
 9.599630740e-01  4.084754990e+00  8.043230920e+00  5.396309596e+00  2.570000000e+03
 9.614249890e-01  4.075866495e+00  8.032407450e+00  5.395405659e+00  2.575000000e+03
 9.630530580e-01  4.067073838e+00  8.020404130e+00  5.396248292e+00  2.580000000e+03
 9.648280300e-01  4.058557252e+00  8.007142420e+00  5.395267135e+00  2.585000000e+03
 9.667306570e-01  4.050484263e+00  7.992543790e+00  5.394001786e+00  2.590000000e+03
 9.687416900e-01  4.043008786e+00  7.976529690e+00  5.392425986e+00  2.595000000e+03
 9.708418800e-01  4.036273566e+00  7.959021600e+00  5.390528017e+00  2.600000000e+03
 9.731337490e-01  4.035812675e+00  7.926119450e+00  5.387336545e+00  2.605000000e+03
 9.754688970e-01  4.035975703e+00  7.892403900e+00  5.383825393e+00  2.610000000e+03
 9.778206950e-01  4.036602580e+00  7.858634070e+00  5.380032920e+00  2.615000000e+03
 9.801625130e-01  4.037535177e+00  7.825569110e+00  5.376000072e+00  2.620000000e+03
 9.824677230e-01  4.038615451e+00  7.793968140e+00  5.371774961e+00  2.625000000e+03
 9.847096950e-01  4.039683875e+00  7.764590300e+00  5.367402378e+00  2.630000000e+03
 9.868618000e-01  4.040582748e+00  7.738194710e+00  5.362940914e+00  2.635000000e+03
 9.888974090e-01  4.041141108e+00  7.715540510e+00  5.358443034e+00  2.640000000e+03
 9.907898930e-01  4.041191734e+00  7.697386830e+00  5.353958517e+00  2.645000000e+03
 9.925126230e-01  4.040564154e+00  7.684492800e+00  5.349554301e+00  2.650000000e+03
 9.936780840e-01  4.032587386e+00  7.708254620e+00  5.346549267e+00  2.655000000e+03
 9.946424050e-01  4.024002205e+00  7.736937570e+00  5.343654837e+00  2.660000000e+03
 9.954008280e-01  4.015040605e+00  7.769443980e+00  5.340844123e+00  2.665000000e+03
 9.959485960e-01  4.005932580e+00  7.804676180e+00  5.338090465e+00  2.670000000e+03
 9.962809520e-01  3.996904267e+00  7.841536540e+00  5.335358811e+00  2.675000000e+03
 9.963931380e-01  3.988177470e+00  7.878927370e+00  5.332617230e+00  2.680000000e+03
 9.962803980e-01  3.979969234e+00  7.915751020e+00  5.329842922e+00  2.685000000e+03
 9.959379730e-01  3.972487268e+00  7.950909830e+00  5.327005736e+00  2.690000000e+03
 9.953611070e-01  3.965919322e+00  7.983306140e+00  5.324068310e+00  2.695000000e+03
 9.945450430e-01  3.960508821e+00  8.011842290e+00  5.320996809e+00  2.700000000e+03
 9.922741730e-01  3.963718764e+00  8.005758660e+00  5.317150474e+00  2.705000000e+03
 9.898279740e-01  3.967996873e+00  7.995417230e+00  5.313126954e+00  2.710000000e+03
 9.872750750e-01  3.973163590e+00  7.981518060e+00  5.308926793e+00  2.715000000e+03
 9.846841030e-01  3.978994957e+00  7.964761170e+00  5.304547510e+00  2.720000000e+03
 9.821236850e-01  3.985270756e+00  7.945846590e+00  5.299990020e+00  2.725000000e+03
 9.796624500e-01  3.991769382e+00  7.925474360e+00  5.295260662e+00  2.730000000e+03
 9.773690250e-01  3.998269427e+00  7.904344520e+00  5.290354931e+00  2.735000000e+03
 9.753120370e-01  4.004551062e+00  7.883157100e+00  5.285278321e+00  2.740000000e+03
 9.735601140e-01  4.010396119e+00  7.862612130e+00  5.280031562e+00  2.745000000e+03
 9.721818840e-01  4.015588301e+00  7.843409650e+00  5.274617702e+00  2.750000000e+03
 9.733358450e-01  4.013949838e+00  7.848952700e+00  5.269022274e+00  2.755000000e+03
 9.748740960e-01  4.011556271e+00  7.855862380e+00  5.263277301e+00  2.760000000e+03
 9.767386040e-01  4.008533657e+00  7.863462760e+00  5.257387912e+00  2.765000000e+03
 9.788713390e-01  4.005011375e+00  7.871077940e+00  5.251355231e+00  2.770000000e+03
 9.812142690e-01  4.001123380e+00  7.878032030e+00  5.245191698e+00  2.775000000e+03
 9.837093630e-01  3.997008688e+00  7.883649100e+00  5.238899451e+00  2.780000000e+03
 9.862985900e-01  3.992811965e+00  7.887253270e+00  5.232482380e+00  2.785000000e+03
 9.889239180e-01  3.988683422e+00  7.888168610e+00  5.225947892e+00  2.790000000e+03
 9.915273160e-01  3.984778095e+00  7.885719230e+00  5.219299277e+00  2.795000000e+03
 9.940507540e-01  3.981254511e+00  7.879229220e+00  5.212541005e+00  2.800000000e+03
 9.961891260e-01  3.982050965e+00  7.846227380e+00  5.205259761e+00  2.805000000e+03
 9.981464490e-01  3.983343280e+00  7.809154030e+00  5.197916946e+00  2.810000000e+03
 9.998796650e-01  3.985047678e+00  7.768654180e+00  5.190531875e+00  2.815000000e+03
 1.001345720e+00  3.987062035e+00  7.725372860e+00  5.183133481e+00  2.820000000e+03
 1.002501550e+00  3.989315631e+00  7.679955080e+00  5.175741658e+00  2.825000000e+03
 1.003304100e+00  3.991705966e+00  7.633045870e+00  5.168383308e+00  2.830000000e+03
 1.003710320e+00  3.994127523e+00  7.585290250e+00  5.161069824e+00  2.835000000e+03
 1.003677150e+00  3.996474437e+00  7.537333230e+00  5.153814911e+00  2.840000000e+03
 1.003161530e+00  3.998636581e+00  7.489819850e+00  5.146640748e+00  2.845000000e+03
 1.002120400e+00  4.000504689e+00  7.443395120e+00  5.139558013e+00  2.850000000e+03
 9.981030270e-01  4.000852379e+00  7.400959430e+00  5.132456857e+00  2.855000000e+03
 9.936199530e-01  4.000706211e+00  7.360765740e+00  5.125492897e+00  2.860000000e+03
 9.887740430e-01  4.000062222e+00  7.323322390e+00  5.118712314e+00  2.865000000e+03
 9.836681570e-01  3.998902692e+00  7.289137700e+00  5.112167492e+00  2.870000000e+03
 9.784051610e-01  3.997258414e+00  7.258720010e+00  5.105910701e+00  2.875000000e+03
 9.730879160e-01  3.995169342e+00  7.232577650e+00  5.099984997e+00  2.880000000e+03
 9.678192860e-01  3.992641642e+00  7.211218960e+00  5.094428999e+00  2.885000000e+03
 9.627021340e-01  3.989711785e+00  7.195152260e+00  5.089285903e+00  2.890000000e+03
 9.578393230e-01  3.986417611e+00  7.184885880e+00  5.084583574e+00  2.895000000e+03
 9.533337150e-01  3.982795519e+00  7.180928160e+00  5.080362211e+00  2.900000000e+03
 9.511808620e-01  3.977322713e+00  7.216974790e+00  5.078771703e+00  2.905000000e+03
 9.494762300e-01  3.971637184e+00  7.258335390e+00  5.077653121e+00  2.910000000e+03
 9.482079740e-01  3.965693080e+00  7.303506920e+00  5.076933607e+00  2.915000000e+03
 9.473642490e-01  3.959595153e+00  7.350986380e+00  5.076515007e+00  2.920000000e+03
 9.469332090e-01  3.953428422e+00  7.399270730e+00  5.076316201e+00  2.925000000e+03
 9.469030090e-01  3.947311770e+00  7.446856960e+00  5.076259226e+00  2.930000000e+03
 9.472618040e-01  3.941370085e+00  7.492242030e+00  5.076509348e+00  2.935000000e+03
 9.479977490e-01  3.935739552e+00  7.533922930e+00  5.076452148e+00  2.940000000e+03
 9.490989970e-01  3.930571042e+00  7.570396630e+00  5.076218596e+00  2.945000000e+03
 9.505537040e-01  3.926021986e+00  7.600160110e+00  5.073817594e+00  2.950000000e+03
 9.536493440e-01  3.926075936e+00  7.571819360e+00  5.070821080e+00  2.955000000e+03
 9.569960050e-01  3.926777543e+00  7.536786030e+00  5.067687418e+00  2.960000000e+03
 9.605030960e-01  3.927993990e+00  7.496580810e+00  5.063754391e+00  2.965000000e+03
 9.640800240e-01  3.929595712e+00  7.452724360e+00  5.059398603e+00  2.970000000e+03
 9.676361970e-01  3.931459984e+00  7.406737350e+00  5.054625528e+00  2.975000000e+03
 9.710810240e-01  3.933474068e+00  7.360140470e+00  5.049500334e+00  2.980000000e+03
 9.743239120e-01  3.935537244e+00  7.314454370e+00  5.044037400e+00  2.985000000e+03
 9.772742700e-01  3.937565960e+00  7.271199740e+00  5.038249860e+00  2.990000000e+03
 9.798415050e-01  3.939475140e+00  7.231897240e+00  5.032162993e+00  2.995000000e+03
 9.819350260e-01  3.941211420e+00  7.198067560e+00  5.025805496e+00  3.000000000e+03
 9.805534550e-01  3.942239082e+00  7.220981470e+00  5.018462362e+00  3.005000000e+03
 9.786933970e-01  3.943145282e+00  7.249394370e+00  5.010926314e+00  3.010000000e+03
 9.764406700e-01  3.943894472e+00  7.281811790e+00  5.003278353e+00  3.015000000e+03
 9.738810950e-01  3.944446126e+00  7.316739230e+00  4.995609577e+00  3.020000000e+03
 9.711004910e-01  3.944755688e+00  7.352682210e+00  4.988016897e+00  3.025000000e+03
 9.681846760e-01  3.944775327e+00  7.388146250e+00  4.980604669e+00  3.030000000e+03
 9.652194700e-01  3.944453707e+00  7.421636850e+00  4.973474430e+00  3.035000000e+03
 9.622906930e-01  3.943737690e+00  7.451659540e+00  4.966741654e+00  3.040000000e+03
 9.594841620e-01  3.942573093e+00  7.476719830e+00  4.960534502e+00  3.045000000e+03
 9.568856990e-01  3.940907600e+00  7.495323230e+00  4.954964522e+00  3.050000000e+03
 9.564458170e-01  3.937784692e+00  7.459278580e+00  4.953338364e+00  3.055000000e+03
 9.562726290e-01  3.934121808e+00  7.416618180e+00  4.954610059e+00  3.060000000e+03
 9.563389410e-01  3.929947564e+00  7.368677630e+00  4.954196991e+00  3.065000000e+03
 9.566175620e-01  3.925287659e+00  7.316792560e+00  4.954264456e+00  3.070000000e+03
 9.570812980e-01  3.920178554e+00  7.262298590e+00  4.954728343e+00  3.075000000e+03
 9.577029570e-01  3.914685426e+00  7.206531320e+00  4.955492500e+00  3.080000000e+03
 9.584553460e-01  3.908814050e+00  7.150826370e+00  4.956533785e+00  3.085000000e+03
 9.593112730e-01  3.902584249e+00  7.096519370e+00  4.957681722e+00  3.090000000e+03
 9.602435450e-01  3.896003832e+00  7.044945920e+00  4.958859129e+00  3.095000000e+03
 9.612249690e-01  3.889068286e+00  6.997441650e+00  4.960001922e+00  3.100000000e+03
 9.615880580e-01  3.880452743e+00  6.985692780e+00  4.960707930e+00  3.105000000e+03
 9.619847200e-01  3.871336399e+00  6.978844880e+00  4.961265142e+00  3.110000000e+03
 9.624265680e-01  3.861738429e+00  6.976394140e+00  4.961624695e+00  3.115000000e+03
 9.629252160e-01  3.851728327e+00  6.977836740e+00  4.961723003e+00  3.120000000e+03
 9.634922750e-01  3.841400114e+00  6.982668870e+00  4.961505785e+00  3.125000000e+03
 9.641393600e-01  3.830863239e+00  6.990386720e+00  4.960911545e+00  3.130000000e+03
 9.648780840e-01  3.820242178e+00  7.000486470e+00  4.959878714e+00  3.135000000e+03
 9.657200590e-01  3.809672983e+00  7.012464300e+00  4.958340700e+00  3.140000000e+03
 9.666769000e-01  3.799299873e+00  7.025816410e+00  4.956237600e+00  3.145000000e+03
 9.677602180e-01  3.789273114e+00  7.040038970e+00  4.953239921e+00  3.150000000e+03
 9.702056900e-01  3.781632808e+00  7.050114370e+00  4.947203711e+00  3.155000000e+03
 9.727266810e-01  3.774536375e+00  7.060326160e+00  4.940569207e+00  3.160000000e+03
 9.752606180e-01  3.767976943e+00  7.070444080e+00  4.931751116e+00  3.165000000e+03
 9.777449290e-01  3.761942185e+00  7.080237900e+00  4.926160858e+00  3.170000000e+03
 9.801170410e-01  3.756418757e+00  7.089477350e+00  4.918319199e+00  3.175000000e+03
 9.823143810e-01  3.751392356e+00  7.097932190e+00  4.910275481e+00  3.180000000e+03
 9.842743780e-01  3.746848248e+00  7.105372160e+00  4.902123790e+00  3.185000000e+03
 9.859344580e-01  3.742772270e+00  7.111567020e+00  4.893957403e+00  3.190000000e+03
 9.872320500e-01  3.739152083e+00  7.116286510e+00  4.885873174e+00  3.195000000e+03
 9.881045800e-01  3.735977833e+00  7.119300380e+00  4.877970115e+00  3.200000000e+03
 9.863088420e-01  3.734272029e+00  7.107331420e+00  4.871244683e+00  3.205000000e+03
 9.840950570e-01  3.732981067e+00  7.093987070e+00  4.863471025e+00  3.210000000e+03
 9.815328130e-01  3.732048066e+00  7.079827800e+00  4.857528694e+00  3.215000000e+03
 9.786916960e-01  3.731413662e+00  7.065414070e+00  4.851996562e+00  3.220000000e+03
 9.756412940e-01  3.731016140e+00  7.051306380e+00  4.846911000e+00  3.225000000e+03
 9.724511950e-01  3.730791655e+00  7.038065180e+00  4.842308638e+00  3.230000000e+03
 9.691909840e-01  3.730673048e+00  7.026250960e+00  4.838224708e+00  3.235000000e+03
 9.659302510e-01  3.730590586e+00  7.016424190e+00  4.834673109e+00  3.240000000e+03
 9.627385800e-01  3.730477458e+00  7.009145340e+00  4.831695500e+00  3.245000000e+03
 9.596855610e-01  3.730264337e+00  7.004974880e+00  4.829308928e+00  3.250000000e+03
 9.573993770e-01  3.728616835e+00  7.025784290e+00  4.830081682e+00  3.255000000e+03
 9.553571630e-01  3.726834460e+00  7.049531480e+00  4.831297993e+00  3.260000000e+03
 9.535946530e-01  3.724945452e+00  7.075485320e+00  4.832821725e+00  3.265000000e+03
 9.521475800e-01  3.722961537e+00  7.102914730e+00  4.834531011e+00  3.270000000e+03
 9.510516750e-01  3.720893300e+00  7.131088600e+00  4.836342085e+00  3.275000000e+03
 9.503426730e-01  3.718747495e+00  7.159275840e+00  4.837805100e+00  3.280000000e+03
 9.500563060e-01  3.716526036e+00  7.186745320e+00  4.839408285e+00  3.285000000e+03
 9.502283070e-01  3.714226427e+00  7.212765970e+00  4.840771808e+00  3.290000000e+03
 9.508944080e-01  3.711841918e+00  7.236606660e+00  4.841745098e+00  3.295000000e+03
 9.520903420e-01  3.709361944e+00  7.257536310e+00  4.842229508e+00  3.300000000e+03
 9.562915490e-01  3.705198833e+00  7.259857520e+00  4.839539537e+00  3.305000000e+03
 9.609461930e-01  3.701020910e+00  7.258712520e+00  4.836353960e+00  3.310000000e+03
 9.659421480e-01  3.696927886e+00  7.254277270e+00  4.832706404e+00  3.315000000e+03
 9.711672840e-01  3.693016316e+00  7.246727700e+00  4.828624436e+00  3.320000000e+03
 9.765094730e-01  3.689378661e+00  7.236239760e+00  4.824351599e+00  3.325000000e+03
 9.818565880e-01  3.686102278e+00  7.222989400e+00  4.819482358e+00  3.330000000e+03
 9.870965010e-01  3.683270300e+00  7.207152570e+00  4.814226246e+00  3.335000000e+03
 9.921170820e-01  3.680961654e+00  7.188905200e+00  4.808612835e+00  3.340000000e+03
 9.968062050e-01  3.679251887e+00  7.168423250e+00  4.802594993e+00  3.345000000e+03
 1.001051740e+00  3.678215284e+00  7.145882660e+00  4.796161454e+00  3.350000000e+03
 1.002627600e+00  3.682540405e+00  7.113143610e+00  4.788405686e+00  3.355000000e+03
 1.003663740e+00  3.687483217e+00  7.079201800e+00  4.780024549e+00  3.360000000e+03
 1.004176140e+00  3.692847027e+00  7.044737160e+00  4.771091214e+00  3.365000000e+03
 1.004180790e+00  3.698422824e+00  7.010429630e+00  4.761695461e+00  3.370000000e+03
 1.003693700e+00  3.703994286e+00  6.976959120e+00  4.751968186e+00  3.375000000e+03
 1.002730840e+00  3.709318194e+00  6.945005580e+00  4.742038999e+00  3.380000000e+03
 1.001308210e+00  3.714225243e+00  6.915248930e+00  4.732061085e+00  3.385000000e+03
 9.994418030e-01  3.718420052e+00  6.888369110e+00  4.722228941e+00  3.390000000e+03
 9.971476030e-01  3.721652816e+00  6.865046050e+00  4.712697575e+00  3.395000000e+03
 9.944416030e-01  3.723676121e+00  6.845959680e+00  4.705755901e+00  3.400000000e+03
 9.901448930e-01  3.717643641e+00  6.853385880e+00  4.700885542e+00  3.405000000e+03
 9.855407830e-01  3.710414806e+00  6.865099790e+00  4.696597606e+00  3.410000000e+03
 9.807176820e-01  3.702221388e+00  6.880472490e+00  4.692799413e+00  3.415000000e+03
 9.757639980e-01  3.693292753e+00  6.898875070e+00  4.689412319e+00  3.420000000e+03
 9.707681400e-01  3.683850121e+00  6.919678610e+00  4.684866941e+00  3.425000000e+03
 9.658185180e-01  3.674105542e+00  6.942254210e+00  4.682255200e+00  3.430000000e+03
 9.610035400e-01  3.664259737e+00  6.965972950e+00  4.679807505e+00  3.435000000e+03
 9.564116140e-01  3.654503722e+00  6.990205900e+00  4.677446453e+00  3.440000000e+03
 9.521311500e-01  3.645007822e+00  7.014324170e+00  4.675091827e+00  3.445000000e+03
 9.482505570e-01  3.635940823e+00  7.037698830e+00  4.672685296e+00  3.450000000e+03
 9.464656970e-01  3.631624137e+00  7.053671790e+00  4.667175665e+00  3.455000000e+03
 9.451601050e-01  3.627717710e+00  7.068008730e+00  4.661712613e+00  3.460000000e+03
 9.443247660e-01  3.624130403e+00  7.080446130e+00  4.656386740e+00  3.465000000e+03
 9.439506690e-01  3.620769686e+00  7.090720480e+00  4.651282774e+00  3.470000000e+03
 9.440288010e-01  3.617542046e+00  7.098568270e+00  4.646468382e+00  3.475000000e+03
 9.445501490e-01  3.614351919e+00  7.103726000e+00  4.641997602e+00  3.480000000e+03
 9.455057010e-01  3.611101623e+00  7.105930160e+00  4.637915141e+00  3.485000000e+03
 9.468864450e-01  3.607691435e+00  7.104917230e+00  4.635978228e+00  3.490000000e+03
 9.486833660e-01  3.604018332e+00  7.100423710e+00  4.633093511e+00  3.495000000e+03
 9.508874540e-01  3.599975512e+00  7.092186090e+00  4.630726013e+00  3.500000000e+03
 9.550938710e-01  3.592330343e+00  7.058814610e+00  4.634084450e+00  3.505000000e+03
 9.595922050e-01  3.584248140e+00  7.022452380e+00  4.637488394e+00  3.510000000e+03
 9.642762220e-01  3.575666150e+00  6.984116290e+00  4.640659812e+00  3.515000000e+03
 9.690396860e-01  3.566631949e+00  6.944823190e+00  4.643529260e+00  3.520000000e+03
 9.737763620e-01  3.557241044e+00  6.905589960e+00  4.646027699e+00  3.525000000e+03
 9.783800150e-01  3.547573812e+00  6.867433460e+00  4.648095088e+00  3.530000000e+03
 9.827444090e-01  3.537770545e+00  6.831370580e+00  4.649716927e+00  3.535000000e+03
 9.867633080e-01  3.527989974e+00  6.798418170e+00  4.650868251e+00  3.540000000e+03
 9.903304770e-01  3.518391912e+00  6.769593110e+00  4.651515206e+00  3.545000000e+03
 9.933396820e-01  3.509156425e+00  6.745912260e+00  4.651615901e+00  3.550000000e+03
 9.926344200e-01  3.504840816e+00  6.763254330e+00  4.645019622e+00  3.555000000e+03
 9.913435870e-01  3.501317589e+00  6.785661510e+00  4.638184213e+00  3.560000000e+03
 9.895458120e-01  3.498529246e+00  6.812037850e+00  4.631296154e+00  3.565000000e+03
 9.873197250e-01  3.496383789e+00  6.841287360e+00  4.624508042e+00  3.570000000e+03
 9.847439530e-01  3.494804975e+00  6.872314090e+00  4.617960520e+00  3.575000000e+03
 9.818971280e-01  3.493702688e+00  6.904022060e+00  4.611772244e+00  3.580000000e+03
 9.788578770e-01  3.492974653e+00  6.935315300e+00  4.606024424e+00  3.585000000e+03
 9.757048310e-01  3.492490609e+00  6.965097850e+00  4.600802031e+00  3.590000000e+03
 9.725166170e-01  3.492166748e+00  6.992273740e+00  4.596186731e+00  3.595000000e+03
 9.693718670e-01  3.491874611e+00  7.015747000e+00  4.592257641e+00  3.600000000e+03
 9.679921030e-01  3.489222572e+00  7.002413200e+00  4.593771984e+00  3.605000000e+03
 9.667134900e-01  3.486573262e+00  6.985124740e+00  4.595832638e+00  3.610000000e+03
 9.655150890e-01  3.483953932e+00  6.964725560e+00  4.598303626e+00  3.615000000e+03
 9.643759600e-01  3.481370490e+00  6.942059600e+00  4.601073897e+00  3.620000000e+03
 9.632751610e-01  3.478895612e+00  6.917970790e+00  4.604071798e+00  3.625000000e+03
 9.621917540e-01  3.476571119e+00  6.893303070e+00  4.607144042e+00  3.630000000e+03
 9.611047980e-01  3.474442724e+00  6.868900370e+00  4.610269731e+00  3.635000000e+03
 9.599933530e-01  3.472539906e+00  6.845606650e+00  4.612497425e+00  3.640000000e+03
 9.588364790e-01  3.470896979e+00  6.824265830e+00  4.616262475e+00  3.645000000e+03
 9.576132350e-01  3.469501071e+00  6.805721860e+00  4.619878644e+00  3.650000000e+03
 9.547615540e-01  3.468659659e+00  6.815892710e+00  4.622853203e+00  3.655000000e+03
 9.518950260e-01  3.468071647e+00  6.829028630e+00  4.625503205e+00  3.660000000e+03
 9.490861110e-01  3.467623372e+00  6.844453940e+00  4.627764400e+00  3.665000000e+03
 9.464072710e-01  3.467428965e+00  6.861492930e+00  4.629580967e+00  3.670000000e+03
 9.439309670e-01  3.467460232e+00  6.879469890e+00  4.630891761e+00  3.675000000e+03
 9.417296620e-01  3.467708254e+00  6.897709140e+00  4.631644032e+00  3.680000000e+03
 9.398758160e-01  3.468168508e+00  6.915534960e+00  4.631789576e+00  3.685000000e+03
 9.384418920e-01  3.468840412e+00  6.932271660e+00  4.631292397e+00  3.690000000e+03
 9.375003500e-01  3.469724878e+00  6.947243540e+00  4.630117782e+00  3.695000000e+03
 9.371236520e-01  3.470825098e+00  6.959774900e+00  4.628229177e+00  3.700000000e+03
 9.405711810e-01  3.473151698e+00  6.951051110e+00  4.623470096e+00  3.705000000e+03
 9.445353300e-01  3.475682952e+00  6.939634730e+00  4.618062538e+00  3.710000000e+03
 9.488954150e-01  3.478375700e+00  6.925949370e+00  4.612069003e+00  3.715000000e+03
 9.535307500e-01  3.481182593e+00  6.910418680e+00  4.605566872e+00  3.720000000e+03
 9.583206490e-01  3.484051121e+00  6.893466280e+00  4.598617675e+00  3.725000000e+03
 9.631444280e-01  3.486923348e+00  6.875515790e+00  4.591289741e+00  3.730000000e+03
 9.678814020e-01  3.489735464e+00  6.856990840e+00  4.583661817e+00  3.735000000e+03
 9.724108840e-01  3.492418026e+00  6.838315070e+00  4.575816060e+00  3.740000000e+03
 9.766121910e-01  3.494898186e+00  6.819912100e+00  4.567830338e+00  3.745000000e+03
 9.803646360e-01  3.497095958e+00  6.802205550e+00  4.559806868e+00  3.750000000e+03
 9.807402620e-01  3.497126695e+00  6.798276600e+00  4.552913273e+00  3.755000000e+03
 9.805957940e-01  3.496765646e+00  6.795124200e+00  4.546136426e+00  3.760000000e+03
 9.799806850e-01  3.496045642e+00  6.792404870e+00  4.539502778e+00  3.765000000e+03
 9.789443870e-01  3.494988822e+00  6.789775110e+00  4.533047850e+00  3.770000000e+03
 9.775363520e-01  3.493642722e+00  6.786891430e+00  4.526808035e+00  3.775000000e+03
 9.758060330e-01  3.492054712e+00  6.783410320e+00  4.520814937e+00  3.780000000e+03
 9.738028830e-01  3.490272936e+00  6.778988290e+00  4.515101566e+00  3.785000000e+03
 9.715763530e-01  3.488350127e+00  6.773281860e+00  4.509707279e+00  3.790000000e+03
 9.691758980e-01  3.486342858e+00  6.765947520e+00  4.504674021e+00  3.795000000e+03
 9.666509680e-01  3.484311737e+00  6.756641770e+00  4.500041797e+00  3.800000000e+03
 9.648672360e-01  3.485399703e+00  6.724008240e+00  4.496441078e+00  3.805000000e+03
 9.630084660e-01  3.486400068e+00  6.689989830e+00  4.493329699e+00  3.810000000e+03
 9.610746450e-01  3.487197269e+00  6.655516550e+00  4.490719663e+00  3.815000000e+03
 9.590657570e-01  3.487681048e+00  6.621518410e+00  4.488625000e+00  3.820000000e+03
 9.569817850e-01  3.487732265e+00  6.588925410e+00  4.487051652e+00  3.825000000e+03
 9.548227160e-01  3.487241349e+00  6.558667590e+00  4.486006318e+00  3.830000000e+03
 9.525885340e-01  3.486100004e+00  6.531674930e+00  4.485496617e+00  3.835000000e+03
 9.502792230e-01  3.484199866e+00  6.508877470e+00  4.485520188e+00  3.840000000e+03
 9.478947680e-01  3.481431951e+00  6.491205210e+00  4.486079101e+00  3.845000000e+03
 9.454351540e-01  3.477683219e+00  6.479588170e+00  4.487165504e+00  3.850000000e+03
 9.418401700e-01  3.466568730e+00  6.513307450e+00  4.491826703e+00  3.855000000e+03
 9.382342510e-01  3.454511695e+00  6.552617670e+00  4.496696794e+00  3.860000000e+03
 9.346816350e-01  3.441765456e+00  6.596124510e+00  4.501583817e+00  3.865000000e+03
 9.312465620e-01  3.428586594e+00  6.642433700e+00  4.506458503e+00  3.870000000e+03
 9.279932700e-01  3.415291455e+00  6.690150930e+00  4.510917716e+00  3.875000000e+03
 9.249859980e-01  3.402185374e+00  6.737881900e+00  4.514773414e+00  3.880000000e+03
 9.222889860e-01  3.389565627e+00  6.784232310e+00  4.517838830e+00  3.885000000e+03
 9.199664730e-01  3.377724338e+00  6.827807880e+00  4.519968739e+00  3.890000000e+03
 9.180826960e-01  3.366934282e+00  6.867214310e+00  4.520994291e+00  3.895000000e+03
 9.167018960e-01  3.357452223e+00  6.901057290e+00  4.520779079e+00  3.900000000e+03
 9.174153070e-01  3.357823582e+00  6.892547230e+00  4.512195320e+00  3.905000000e+03
 9.186676280e-01  3.359381313e+00  6.877830300e+00  4.502296076e+00  3.910000000e+03
 9.204305510e-01  3.361853173e+00  6.857657390e+00  4.491280153e+00  3.915000000e+03
 9.226757710e-01  3.364964184e+00  6.832779350e+00  4.479368512e+00  3.920000000e+03
 9.253749800e-01  3.368451203e+00  6.803947070e+00  4.466824631e+00  3.925000000e+03
 9.284998740e-01  3.371986266e+00  6.771911420e+00  4.453963033e+00  3.930000000e+03
 9.320221460e-01  3.375350005e+00  6.737423270e+00  4.441127685e+00  3.935000000e+03
 9.359134890e-01  3.378311620e+00  6.701233500e+00  4.428692713e+00  3.940000000e+03
 9.401455970e-01  3.380696263e+00  6.664092970e+00  4.417014624e+00  3.945000000e+03
 9.446901640e-01  3.382349929e+00  6.626752570e+00  4.406459249e+00  3.950000000e+03
 9.511063190e-01  3.377576289e+00  6.595227400e+00  4.405645992e+00  3.955000000e+03
 9.576821110e-01  3.372242482e+00  6.564685060e+00  4.406034319e+00  3.960000000e+03
 9.642930280e-01  3.366474066e+00  6.535557360e+00  4.407414641e+00  3.965000000e+03
 9.708145540e-01  3.360393355e+00  6.508276150e+00  4.409557463e+00  3.970000000e+03
 9.771221750e-01  3.354125210e+00  6.483273250e+00  4.412262651e+00  3.975000000e+03
 9.830913770e-01  3.347804498e+00  6.460980490e+00  4.415503687e+00  3.980000000e+03
 9.885976450e-01  3.341568738e+00  6.441829700e+00  4.418755698e+00  3.985000000e+03
 9.935164640e-01  3.335568957e+00  6.426252710e+00  4.421982133e+00  3.990000000e+03
 9.977233210e-01  3.329923911e+00  6.414681340e+00  4.425023787e+00  3.995000000e+03
 1.001093700e+00  3.324869795e+00  6.407547420e+00  4.427744656e+00  4.000000000e+03
 9.996368980e-01  3.325144081e+00  6.423656690e+00  4.425953872e+00  4.005000000e+03
 9.973289050e-01  3.326079757e+00  6.443953500e+00  4.423865431e+00  4.010000000e+03
 9.942795210e-01  3.327560942e+00  6.467756120e+00  4.420180573e+00  4.015000000e+03
 9.905985450e-01  3.329471319e+00  6.494382790e+00  4.417862412e+00  4.020000000e+03
 9.863957780e-01  3.331693860e+00  6.523151780e+00  4.415413976e+00  4.025000000e+03
 9.817810190e-01  3.334111959e+00  6.553381340e+00  4.412916472e+00  4.030000000e+03
 9.768640700e-01  3.336608942e+00  6.584389750e+00  4.410442142e+00  4.035000000e+03
 9.717547290e-01  3.339068589e+00  6.615495240e+00  4.408070538e+00  4.040000000e+03
 9.665627980e-01  3.341375378e+00  6.646016090e+00  4.405900999e+00  4.045000000e+03
 9.613980750e-01  3.343413464e+00  6.675270550e+00  4.404028151e+00  4.050000000e+03
 9.583404150e-01  3.342965252e+00  6.691635860e+00  4.405945489e+00  4.055000000e+03
 9.554101670e-01  3.342151039e+00  6.706034390e+00  4.408221480e+00  4.060000000e+03
 9.525977340e-01  3.340979469e+00  6.718447490e+00  4.410764741e+00  4.065000000e+03
 9.498935190e-01  3.339461496e+00  6.728856520e+00  4.413471299e+00  4.070000000e+03
 9.472879250e-01  3.337608545e+00  6.737242820e+00  4.416248583e+00  4.075000000e+03
 9.447713540e-01  3.335431442e+00  6.743587740e+00  4.419024637e+00  4.080000000e+03
 9.423342100e-01  3.332940474e+00  6.747872640e+00  4.421649901e+00  4.085000000e+03
 9.399668960e-01  3.330144819e+00  6.750078870e+00  4.424040892e+00  4.090000000e+03
 9.376598140e-01  3.327052509e+00  6.750187780e+00  4.426117897e+00  4.095000000e+03
 9.354033670e-01  3.323670424e+00  6.748180710e+00  4.427768447e+00  4.100000000e+03
 9.324641780e-01  3.318225649e+00  6.740931340e+00  4.426499656e+00  4.105000000e+03
 9.296002960e-01  3.312618976e+00  6.731717050e+00  4.424718327e+00  4.110000000e+03
 9.268459880e-01  3.306967762e+00  6.720707530e+00  4.422463183e+00  4.115000000e+03
 9.242355240e-01  3.301388448e+00  6.708072470e+00  4.419781126e+00  4.120000000e+03
 9.218031720e-01  3.295995432e+00  6.693981580e+00  4.416694586e+00  4.125000000e+03
 9.195832000e-01  3.290901743e+00  6.678604540e+00  4.413249987e+00  4.130000000e+03
 9.176098760e-01  3.286218309e+00  6.662111050e+00  4.409488713e+00  4.135000000e+03
 9.159174700e-01  3.282054369e+00  6.644670810e+00  4.405448549e+00  4.140000000e+03
 9.145402490e-01  3.278518586e+00  6.626453510e+00  4.401185946e+00  4.145000000e+03
 9.135124810e-01  3.275719533e+00  6.607628850e+00  4.396748540e+00  4.150000000e+03
 9.136740370e-01  3.277233503e+00  6.591173650e+00  4.393248134e+00  4.155000000e+03
 9.142047580e-01  3.279533639e+00  6.574280360e+00  4.389767308e+00  4.160000000e+03
 9.150900900e-01  3.282537879e+00  6.556948520e+00  4.386320731e+00  4.165000000e+03
 9.163154770e-01  3.286160498e+00  6.539177720e+00  4.382907153e+00  4.170000000e+03
 9.178663610e-01  3.290311699e+00  6.520967520e+00  4.379526456e+00  4.175000000e+03
 9.197281890e-01  3.294896561e+00  6.502317480e+00  4.376153662e+00  4.180000000e+03
 9.218864030e-01  3.299816076e+00  6.483227170e+00  4.372753904e+00  4.185000000e+03
 9.243264470e-01  3.304966555e+00  6.463696150e+00  4.369285842e+00  4.190000000e+03
 9.270337670e-01  3.310240648e+00  6.443724000e+00  4.365681049e+00  4.195000000e+03
 9.299938050e-01  3.315527726e+00  6.423310270e+00  4.361863785e+00  4.200000000e+03
 9.345537170e-01  3.320481511e+00  6.390842370e+00  4.355301736e+00  4.205000000e+03
 9.392547080e-01  3.325246744e+00  6.358635790e+00  4.348255396e+00  4.210000000e+03
 9.439996950e-01  3.329707981e+00  6.327393880e+00  4.340791624e+00  4.215000000e+03
 9.486915920e-01  3.333750430e+00  6.297819960e+00  4.333026433e+00  4.220000000e+03
 9.532333180e-01  3.337250229e+00  6.270617370e+00  4.325112207e+00  4.225000000e+03
 9.575277870e-01  3.340081436e+00  6.246489450e+00  4.317216551e+00  4.230000000e+03
 9.614779160e-01  3.342125395e+00  6.226139530e+00  4.309520974e+00  4.235000000e+03
 9.649866210e-01  3.343274889e+00  6.210270940e+00  4.302225092e+00  4.240000000e+03
 9.679568180e-01  3.343434876e+00  6.199587010e+00  4.295525626e+00  4.245000000e+03
 9.702914230e-01  3.342523359e+00  6.194791090e+00  4.289622868e+00  4.250000000e+03
 9.691314920e-01  3.336181501e+00  6.232019250e+00  4.290115512e+00  4.255000000e+03
 9.673091870e-01  3.328977652e+00  6.274394630e+00  4.291418071e+00  4.260000000e+03
 9.648948090e-01  3.321104402e+00  6.320473150e+00  4.293308609e+00  4.265000000e+03
 9.619586620e-01  3.312752986e+00  6.368810680e+00  4.295580741e+00  4.270000000e+03
 9.585710450e-01  3.304110478e+00  6.417963130e+00  4.298018549e+00  4.275000000e+03
 9.548022610e-01  3.295362012e+00  6.466486390e+00  4.300437864e+00  4.280000000e+03
 9.507226120e-01  3.286684560e+00  6.512936350e+00  4.302670288e+00  4.285000000e+03
 9.464023990e-01  3.278223944e+00  6.555868920e+00  4.304575766e+00  4.290000000e+03
 9.419119240e-01  3.270128766e+00  6.593839980e+00  4.306064644e+00  4.295000000e+03
 9.373214880e-01  3.262527445e+00  6.625405430e+00  4.307002679e+00  4.300000000e+03
 9.339467110e-01  3.260481323e+00  6.601182290e+00  4.303357309e+00  4.305000000e+03
 9.305371030e-01  3.258761347e+00  6.570570720e+00  4.299307652e+00  4.310000000e+03
 9.270874920e-01  3.257210331e+00  6.535031990e+00  4.294947760e+00  4.315000000e+03
 9.235927060e-01  3.255672470e+00  6.496027400e+00  4.290400809e+00  4.320000000e+03
 9.200475730e-01  3.253993083e+00  6.455018220e+00  4.285790936e+00  4.325000000e+03
 9.164469200e-01  3.252017857e+00  6.413465740e+00  4.281240160e+00  4.330000000e+03
 9.127855770e-01  3.249585936e+00  6.372831230e+00  4.276881791e+00  4.335000000e+03
 9.090583690e-01  3.246535282e+00  6.334575980e+00  4.272866270e+00  4.340000000e+03
 9.052601260e-01  3.242709552e+00  6.300161270e+00  4.269355374e+00  4.345000000e+03
 9.013856760e-01  3.237931670e+00  6.271048380e+00  4.266518487e+00  4.350000000e+03
