 1.695500020e+00 -1.807362210e+00  8.595781190e-01  3.477246220e+00  9.345046219e-01  4.484583612e+00  9.953764251e-01  9.430969170e-01  6.425941210e+00 512 3 10
 0.000000000e+00  0.000000000e+00  3.974724648e-06
 1.956947162e-03  2.932938473e-02  1.334455674e-01
 3.913894325e-03  4.147837553e-02  1.887125345e-01
 5.870841487e-03  5.080103931e-02  2.311122655e-01
 7.827788650e-03  5.866088727e-02  2.668468788e-01
 9.784735812e-03  6.558608729e-02  2.983183166e-01
 1.174168297e-02  7.184753203e-02  3.267580867e-01
 1.369863014e-02  7.760615594e-02  3.528975011e-01
 1.565557730e-02  8.296682590e-02  3.772128508e-01
 1.761252446e-02  8.800238999e-02  4.000348113e-01
 1.956947162e-02  9.276589451e-02  4.216039957e-01
 2.152641879e-02  9.729739014e-02  4.421020018e-01
 2.348336595e-02  1.016279953e-01  4.616702856e-01
 2.544031311e-02  1.057824575e-01  4.804204141e-01
 2.739726027e-02  1.097808506e-01  4.984427852e-01
 2.935420744e-02  1.136397230e-01  5.158120054e-01
 3.131115460e-02  1.173729077e-01  5.325903613e-01
 3.326810176e-02  1.209921090e-01  5.488304591e-01
 3.522504892e-02  1.245073348e-01  5.645772623e-01
 3.718199609e-02  1.279272225e-01  5.798694968e-01
 3.913894325e-02  1.312592887e-01  5.947408896e-01
 4.109589041e-02  1.345101224e-01  6.092208867e-01
 4.305283757e-02  1.376855391e-01  6.233353223e-01
 4.500978474e-02  1.407907027e-01  6.371068305e-01
 4.696673190e-02  1.438302249e-01  6.505556027e-01
 4.892367906e-02  1.468082433e-01  6.637005087e-01
 5.088062622e-02  1.497284833e-01  6.765591976e-01
 5.283757339e-02  1.525943125e-01  6.891468706e-01
 5.479452055e-02  1.554087917e-01  7.014761858e-01
 5.675146771e-02  1.581747164e-01  7.135580645e-01
 5.870841487e-02  1.608946478e-01  7.254041934e-01
 6.066536204e-02  1.635709320e-01  7.370265348e-01
 6.262230920e-02  1.662057232e-01  7.484347908e-01
 6.457925636e-02  1.688010116e-01  7.596361833e-01
 6.653620352e-02  1.713586439e-01  7.706378787e-01
 6.849315068e-02  1.738803332e-01  7.814484257e-01
 7.045009785e-02  1.763676673e-01  7.920756356e-01
 7.240704501e-02  1.788221244e-01  8.025253026e-01
 7.436399217e-02  1.812450868e-01  8.128028419e-01
 7.632093933e-02  1.836378481e-01  8.229136288e-01
 7.827788650e-02  1.860016206e-01  8.328629357e-01
 8.023483366e-02  1.883375409e-01  8.426565725e-01
 8.219178082e-02  1.906466749e-01  8.522991774e-01
 8.414872798e-02  1.929300273e-01  8.617942717e-01
 8.610567515e-02  1.951885475e-01  8.711453826e-01
 8.806262231e-02  1.974231325e-01  8.803560506e-01
 9.001956947e-02  1.996346300e-01  8.894312170e-01
 9.197651663e-02  2.018238388e-01  8.983745600e-01
 9.393346380e-02  2.039915171e-01  9.071882751e-01
 9.589041096e-02  2.061383870e-01  9.158747811e-01
 9.784735812e-02  2.082651349e-01  9.244370494e-01
 9.980430528e-02  2.103724126e-01  9.328785803e-01
 1.017612524e-01  2.124608389e-01  9.412023745e-01
 1.037181996e-01  2.145310037e-01  9.494104373e-01
 1.056751468e-01  2.165834707e-01  9.575040396e-01
 1.076320939e-01  2.186187804e-01  9.654855256e-01
 1.095890411e-01  2.206374479e-01  9.733577386e-01
 1.115459883e-01  2.226399643e-01  9.811231138e-01
 1.135029354e-01  2.246267999e-01  9.887831133e-01
 1.154598826e-01  2.265984063e-01  9.963391201e-01
 1.174168297e-01  2.285552172e-01  1.003792609e+00
 1.193737769e-01  2.304976489e-01  1.011145387e+00
 1.213307241e-01  2.324261007e-01  1.018399742e+00
 1.232876712e-01  2.343409549e-01  1.025557679e+00
 1.252446184e-01  2.362425791e-01  1.032619597e+00
 1.272015656e-01  2.381313293e-01  1.039586255e+00
 1.291585127e-01  2.400075488e-01  1.046459467e+00
 1.311154599e-01  2.418715668e-01  1.053241366e+00
 1.330724070e-01  2.437236996e-01  1.059933565e+00
 1.350293542e-01  2.455642524e-01  1.066536040e+00
 1.369863014e-01  2.473935223e-01  1.073049522e+00
 1.389432485e-01  2.492117961e-01  1.079475505e+00
 1.409001957e-01  2.510193498e-01  1.085815703e+00
 1.428571429e-01  2.528164494e-01  1.092071498e+00
 1.448140900e-01  2.546033524e-01  1.098243252e+00
 1.467710372e-01  2.563803092e-01  1.104331290e+00
 1.487279843e-01  2.581475627e-01  1.110336870e+00
 1.506849315e-01  2.599053475e-01  1.116260888e+00
 1.526418787e-01  2.616538912e-01  1.122104944e+00
 1.545988258e-01  2.633934131e-01  1.127869795e+00
 1.565557730e-01  2.651241269e-01  1.133555552e+00
 1.585127202e-01  2.668462409e-01  1.139162696e+00
 1.604696673e-01  2.685599575e-01  1.144692106e+00
 1.624266145e-01  2.702654728e-01  1.150145392e+00
 1.643835616e-01  2.719629761e-01  1.155523468e+00
 1.663405088e-01  2.736526520e-01  1.160826100e+00
 1.682974560e-01  2.753346814e-01  1.166053652e+00
 1.702544031e-01  2.770092401e-01  1.171206985e+00
 1.722113503e-01  2.786764988e-01  1.176287338e+00
 1.741682975e-01  2.803366231e-01  1.181295680e+00
 1.761252446e-01  2.819897739e-01  1.186232036e+00
 1.780821918e-01  2.836361093e-01  1.191096445e+00
 1.800391389e-01  2.852757839e-01  1.195889619e+00
 1.819960861e-01  2.869089475e-01  1.200612690e+00
 1.839530333e-01  2.885357461e-01  1.205266471e+00
 1.859099804e-01  2.901563217e-01  1.209851074e+00
 1.878669276e-01  2.917708138e-01  1.214366619e+00
 1.898238748e-01  2.933793590e-01  1.218813785e+00
 1.917808219e-01  2.949820901e-01  1.223193131e+00
 1.937377691e-01  2.965791370e-01  1.227505601e+00
 1.956947162e-01  2.981706261e-01  1.231751482e+00
 1.976516634e-01  2.997566812e-01  1.235931113e+00
 1.996086106e-01  3.013374239e-01  1.240044818e+00
 2.015655577e-01  3.029129728e-01  1.244092868e+00
 2.035225049e-01  3.044834445e-01  1.248076154e+00
 2.054794521e-01  3.060489523e-01  1.251995083e+00
 2.074363992e-01  3.076096071e-01  1.255850425e+00
 2.093933464e-01  3.091655175e-01  1.259641975e+00
 2.113502935e-01  3.107167907e-01  1.263369944e+00
 2.133072407e-01  3.122635316e-01  1.267035072e+00
 2.152641879e-01  3.138058426e-01  1.270638087e+00
 2.172211350e-01  3.153438236e-01  1.274179580e+00
 2.191780822e-01  3.168775728e-01  1.277659478e+00
 2.211350294e-01  3.184071870e-01  1.281077909e+00
 2.230919765e-01  3.199327613e-01  1.284435327e+00
 2.250489237e-01  3.214543887e-01  1.287732699e+00
 2.270058708e-01  3.229721600e-01  1.290970232e+00
 2.289628180e-01  3.244861647e-01  1.294148214e+00
 2.309197652e-01  3.259964907e-01  1.297266779e+00
 2.328767123e-01  3.275032245e-01  1.300326225e+00
 2.348336595e-01  3.290064512e-01  1.303327362e+00
 2.367906067e-01  3.305062538e-01  1.306270544e+00
 2.387475538e-01  3.320027139e-01  1.309155998e+00
 2.407045010e-01  3.334959122e-01  1.311983997e+00
 2.426614481e-01  3.349859277e-01  1.314754877e+00
 2.446183953e-01  3.364728383e-01  1.317469020e+00
 2.465753425e-01  3.379567205e-01  1.320126982e+00
 2.485322896e-01  3.394376495e-01  1.322728919e+00
 2.504892368e-01  3.409156992e-01  1.325275275e+00
 2.524461840e-01  3.423909425e-01  1.327766420e+00
 2.544031311e-01  3.438634510e-01  1.330202509e+00
 2.563600783e-01  3.453332955e-01  1.332584041e+00
 2.583170254e-01  3.468005453e-01  1.334911380e+00
 2.602739726e-01  3.482652688e-01  1.337184851e+00
 2.622309198e-01  3.497275333e-01  1.339404955e+00
 2.641878669e-01  3.511874051e-01  1.341571763e+00
 2.661448141e-01  3.526449497e-01  1.343685580e+00
 2.681017613e-01  3.541002315e-01  1.345746966e+00
 2.700587084e-01  3.555533141e-01  1.347756188e+00
 2.720156556e-01  3.570042599e-01  1.349713738e+00
 2.739726027e-01  3.584531304e-01  1.351619806e+00
 2.759295499e-01  3.598999866e-01  1.353474596e+00
 2.778864971e-01  3.613448885e-01  1.355278577e+00
 2.798434442e-01  3.627878953e-01  1.357032178e+00
 2.818003914e-01  3.642290651e-01  1.358735681e+00
 2.837573386e-01  3.656684557e-01  1.360389432e+00
 2.857142857e-01  3.671061236e-01  1.361993692e+00
 2.876712329e-01  3.685421251e-01  1.363548781e+00
 2.896281800e-01  3.699765154e-01  1.365055245e+00
 2.915851272e-01  3.714093489e-01  1.366513306e+00
 2.935420744e-01  3.728406797e-01  1.367923257e+00
 2.954990215e-01  3.742705609e-01  1.369285474e+00
 2.974559687e-01  3.756990450e-01  1.370600268e+00
 2.994129159e-01  3.771261840e-01  1.371868069e+00
 3.013698630e-01  3.785520290e-01  1.373089203e+00
 3.033268102e-01  3.799766305e-01  1.374263921e+00
 3.052837573e-01  3.814000387e-01  1.375392587e+00
 3.072407045e-01  3.828223030e-01  1.376475529e+00
 3.091976517e-01  3.842434722e-01  1.377513116e+00
 3.111545988e-01  3.856635945e-01  1.378505670e+00
 3.131115460e-01  3.870827177e-01  1.379453488e+00
 3.150684932e-01  3.885008890e-01  1.380356913e+00
 3.170254403e-01  3.899181551e-01  1.381216268e+00
 3.189823875e-01  3.913345621e-01  1.382031931e+00
 3.209393346e-01  3.927501557e-01  1.382804199e+00
 3.228962818e-01  3.941649809e-01  1.383533375e+00
 3.248532290e-01  3.955790826e-01  1.384219794e+00
 3.268101761e-01  3.969925048e-01  1.384863758e+00
 3.287671233e-01  3.984052915e-01  1.385465619e+00
 3.307240705e-01  3.998174859e-01  1.386025715e+00
 3.326810176e-01  4.012291309e-01  1.386544321e+00
 3.346379648e-01  4.026402689e-01  1.387021783e+00
 3.365949119e-01  4.040509421e-01  1.387458455e+00
 3.385518591e-01  4.054611919e-01  1.387854629e+00
 3.405088063e-01  4.068710597e-01  1.388210641e+00
 3.424657534e-01  4.082805861e-01  1.388526803e+00
 3.444227006e-01  4.096898118e-01  1.388803380e+00
 3.463796477e-01  4.110987768e-01  1.389040774e+00
 3.483365949e-01  4.125075207e-01  1.389239345e+00
 3.502935421e-01  4.139160828e-01  1.389399281e+00
 3.522504892e-01  4.153245023e-01  1.389520996e+00
 3.542074364e-01  4.167328176e-01  1.389604756e+00
 3.561643836e-01  4.181410671e-01  1.389650960e+00
 3.581213307e-01  4.195492887e-01  1.389659949e+00
 3.600782779e-01  4.209575199e-01  1.389631993e+00
 3.620352250e-01  4.223657980e-01  1.389567362e+00
 3.639921722e-01  4.237741601e-01  1.389466393e+00
 3.659491194e-01  4.251826428e-01  1.389329448e+00
 3.679060665e-01  4.265912824e-01  1.389156898e+00
 3.698630137e-01  4.280001149e-01  1.388949100e+00
 3.718199609e-01  4.294091760e-01  1.388706253e+00
 3.737769080e-01  4.308185011e-01  1.388428696e+00
 3.757338552e-01  4.322281255e-01  1.388116716e+00
 3.776908023e-01  4.336380841e-01  1.387770786e+00
 3.796477495e-01  4.350484112e-01  1.387391274e+00
 3.816046967e-01  4.364591412e-01  1.386978490e+00
 3.835616438e-01  4.378703079e-01  1.386532560e+00
 3.855185910e-01  4.392819453e-01  1.386053810e+00
 3.874755382e-01  4.406940869e-01  1.385542675e+00
 3.894324853e-01  4.421067658e-01  1.384999669e+00
 3.913894325e-01  4.435200149e-01  1.384425030e+00
 3.933463796e-01  4.449338667e-01  1.383819099e+00
 3.953033268e-01  4.463483537e-01  1.383181946e+00
 3.972602740e-01  4.477635082e-01  1.382513992e+00
 3.992172211e-01  4.491793621e-01  1.381815791e+00
 4.011741683e-01  4.505959470e-01  1.381087663e+00
 4.031311155e-01  4.520132942e-01  1.380329982e+00
 4.050880626e-01  4.534314346e-01  1.379542973e+00
 4.070450098e-01  4.548503994e-01  1.378726684e+00
 4.090019569e-01  4.562702193e-01  1.377881700e+00
 4.109589041e-01  4.576909248e-01  1.377008561e+00
 4.129158513e-01  4.591125459e-01  1.376107597e+00
 4.148727984e-01  4.605351122e-01  1.375179138e+00
 4.168297456e-01  4.619586535e-01  1.374223204e+00
 4.187866928e-01  4.633831996e-01  1.373240054e+00
 4.207436399e-01  4.648087797e-01  1.372230478e+00
 4.227005871e-01  4.662354226e-01  1.371194840e+00
 4.246575342e-01  4.676631569e-01  1.370133427e+00
 4.266144814e-01  4.690920110e-01  1.369046541e+00
 4.285714286e-01  4.705220131e-01  1.367934079e+00
 4.305283757e-01  4.719531919e-01  1.366796786e+00
 4.324853229e-01  4.733855747e-01  1.365635182e+00
 4.344422701e-01  4.748191891e-01  1.364449574e+00
 4.363992172e-01  4.762540622e-01  1.363240359e+00
 4.383561644e-01  4.776902210e-01  1.362007632e+00
 4.403131115e-01  4.791276926e-01  1.360751503e+00
 4.422700587e-01  4.805665038e-01  1.359472768e+00
 4.442270059e-01  4.820066807e-01  1.358171885e+00
 4.461839530e-01  4.834482494e-01  1.356849195e+00
 4.481409002e-01  4.848912355e-01  1.355505056e+00
 4.500978474e-01  4.863356647e-01  1.354139275e+00
 4.520547945e-01  4.877815628e-01  1.352752421e+00
 4.540117417e-01  4.892289549e-01  1.351345280e+00
 4.559686888e-01  4.906778657e-01  1.349918192e+00
 4.579256360e-01  4.921283197e-01  1.348471483e+00
 4.598825832e-01  4.935803411e-01  1.347005160e+00
 4.618395303e-01  4.950339544e-01  1.345519602e+00
 4.637964775e-01  4.964891838e-01  1.344015371e+00
 4.657534247e-01  4.979460526e-01  1.342493043e+00
 4.677103718e-01  4.994045840e-01  1.340952943e+00
 4.696673190e-01  5.008648012e-01  1.339395216e+00
 4.716242661e-01  5.023267271e-01  1.337820218e+00
 4.735812133e-01  5.037903843e-01  1.336228323e+00
 4.755381605e-01  5.052557954e-01  1.334620077e+00
 4.774951076e-01  5.067229821e-01  1.332995896e+00
 4.794520548e-01  5.081919663e-01  1.331356139e+00
 4.814090020e-01  5.096627694e-01  1.329700961e+00
 4.833659491e-01  5.111354127e-01  1.328030939e+00
 4.853228963e-01  5.126099172e-01  1.326346228e+00
 4.872798434e-01  5.140863038e-01  1.324647471e+00
 4.892367906e-01  5.155645925e-01  1.322935139e+00
 4.911937378e-01  5.170448034e-01  1.321209253e+00
 4.931506849e-01  5.185269565e-01  1.319470448e+00
 4.951076321e-01  5.200110712e-01  1.317719040e+00
 4.970645793e-01  5.214971668e-01  1.315955299e+00
 4.990215264e-01  5.229852622e-01  1.314179931e+00
 5.009784736e-01  5.244753757e-01  1.312392988e+00
 5.029354207e-01  5.259675260e-01  1.310594900e+00
 5.048923679e-01  5.274617309e-01  1.308786350e+00
 5.068493151e-01  5.289580079e-01  1.306967513e+00
 5.088062622e-01  5.304563744e-01  1.305138753e+00
 5.107632094e-01  5.319568473e-01  1.303300509e+00
 5.127201566e-01  5.334594435e-01  1.301452914e+00
 5.146771037e-01  5.349641793e-01  1.299596846e+00
 5.166340509e-01  5.364710705e-01  1.297732776e+00
 5.185909980e-01  5.379801323e-01  1.295860695e+00
 5.205479452e-01  5.394913803e-01  1.293981002e+00
 5.225048924e-01  5.410048294e-01  1.292094072e+00
 5.244618395e-01  5.425204943e-01  1.290200658e+00
 5.264187867e-01  5.440383886e-01  1.288301288e+00
 5.283757339e-01  5.455585258e-01  1.286396365e+00
 5.303326810e-01  5.470809190e-01  1.284485649e+00
 5.322896282e-01  5.486055818e-01  1.282569647e+00
 5.342465753e-01  5.501325266e-01  1.280649359e+00
 5.362035225e-01  5.516617650e-01  1.278725215e+00
 5.381604697e-01  5.531933085e-01  1.276797617e+00
 5.401174168e-01  5.547271678e-01  1.274866732e+00
 5.420743640e-01  5.562633540e-01  1.272932501e+00
 5.440313112e-01  5.578018778e-01  1.270995938e+00
 5.459882583e-01  5.593427486e-01  1.269057812e+00
 5.479452055e-01  5.608859753e-01  1.267118346e+00
 5.499021526e-01  5.624315665e-01  1.265177918e+00
 5.518590998e-01  5.639795305e-01  1.263236603e+00
 5.538160470e-01  5.655298756e-01  1.261294741e+00
 5.557729941e-01  5.670826093e-01  1.259353468e+00
 5.577299413e-01  5.686377377e-01  1.257413207e+00
 5.596868885e-01  5.701952668e-01  1.255474186e+00
 5.616438356e-01  5.717552025e-01  1.253536628e+00
 5.636007828e-01  5.733175500e-01  1.251600911e+00
 5.655577299e-01  5.748823143e-01  1.249667645e+00
 5.675146771e-01  5.764494993e-01  1.247737492e+00
 5.694716243e-01  5.780191084e-01  1.245810812e+00
 5.714285714e-01  5.795911444e-01  1.243887806e+00
 5.733855186e-01  5.811656102e-01  1.241968874e+00
 5.753424658e-01  5.827425076e-01  1.240054440e+00
 5.772994129e-01  5.843218383e-01  1.238144934e+00
 5.792563601e-01  5.859036031e-01  1.236240904e+00
 5.812133072e-01  5.874878024e-01  1.234342652e+00
 5.831702544e-01  5.890744359e-01  1.232450468e+00
 5.851272016e-01  5.906635030e-01  1.230564980e+00
 5.870841487e-01  5.922550024e-01  1.228686273e+00
 5.890410959e-01  5.938489325e-01  1.226814654e+00
 5.909980431e-01  5.954452914e-01  1.224950580e+00
 5.929549902e-01  5.970440762e-01  1.223094276e+00
 5.949119374e-01  5.986452842e-01  1.221246110e+00
 5.968688845e-01  6.002489117e-01  1.219406285e+00
 5.988258317e-01  6.018549550e-01  1.217574813e+00
 6.007827789e-01  6.034634104e-01  1.215751801e+00
 6.027397260e-01  6.050742737e-01  1.213937526e+00
 6.046966732e-01  6.066875404e-01  1.212132181e+00
 6.066536204e-01  6.083032057e-01  1.210335839e+00
 6.086105675e-01  6.099212647e-01  1.208548517e+00
 6.105675147e-01  6.115417123e-01  1.206770250e+00
 6.125244618e-01  6.131645434e-01  1.205001055e+00
 6.144814090e-01  6.147897527e-01  1.203240975e+00
 6.164383562e-01  6.164173350e-01  1.201489993e+00
 6.183953033e-01  6.180472848e-01  1.199748074e+00
 6.203522505e-01  6.196795967e-01  1.198015173e+00
 6.223091977e-01  6.213142653e-01  1.196291265e+00
 6.242661448e-01  6.229512851e-01  1.194576283e+00
 6.262230920e-01  6.245906507e-01  1.192869989e+00
 6.281800391e-01  6.262323571e-01  1.191172277e+00
 6.301369863e-01  6.278763991e-01  1.189483110e+00
 6.320939335e-01  6.295227715e-01  1.187802335e+00
 6.340508806e-01  6.311714696e-01  1.186129681e+00
 6.360078278e-01  6.328224887e-01  1.184465131e+00
 6.379647750e-01  6.344758242e-01  1.182808272e+00
 6.399217221e-01  6.361314719e-01  1.181159020e+00
 6.418786693e-01  6.377894278e-01  1.179517237e+00
 6.438356164e-01  6.394496880e-01  1.177882474e+00
 6.457925636e-01  6.411122493e-01  1.176254477e+00
 6.477495108e-01  6.427771084e-01  1.174633175e+00
 6.497064579e-01  6.444442626e-01  1.173018253e+00
 6.516634051e-01  6.461137091e-01  1.171409543e+00
 6.536203523e-01  6.477854457e-01  1.169806457e+00
 6.555772994e-01  6.494594710e-01  1.168208610e+00
 6.575342466e-01  6.511357840e-01  1.166615766e+00
 6.594911937e-01  6.528143837e-01  1.165027864e+00
 6.614481409e-01  6.544952694e-01  1.163444854e+00
 6.634050881e-01  6.561784406e-01  1.161865923e+00
 6.653620352e-01  6.578638981e-01  1.160290477e+00
 6.673189824e-01  6.595516433e-01  1.158718240e+00
 6.692759295e-01  6.612416779e-01  1.157148910e+00
 6.712328767e-01  6.629340041e-01  1.155582511e+00
 6.731898239e-01  6.646286238e-01  1.154018808e+00
 6.751467710e-01  6.663255397e-01  1.152456958e+00
 6.771037182e-01  6.680247559e-01  1.150896295e+00
 6.790606654e-01  6.697262772e-01  1.149336629e+00
 6.810176125e-01  6.714301084e-01  1.147777803e+00
 6.829745597e-01  6.731362550e-01  1.146219137e+00
 6.849315068e-01  6.748447233e-01  1.144660248e+00
 6.868884540e-01  6.765555201e-01  1.143101311e+00
 6.888454012e-01  6.782686522e-01  1.141541349e+00
 6.908023483e-01  6.799841280e-01  1.139980043e+00
 6.927592955e-01  6.817019562e-01  1.138416737e+00
 6.947162427e-01  6.834221469e-01  1.136850910e+00
 6.966731898e-01  6.851447107e-01  1.135282145e+00
 6.986301370e-01  6.868696586e-01  1.133710624e+00
 7.005870841e-01  6.885970015e-01  1.132136133e+00
 7.025440313e-01  6.903267513e-01  1.130557377e+00
 7.045009785e-01  6.920589220e-01  1.128973728e+00
 7.064579256e-01  6.937935281e-01  1.127384901e+00
 7.084148728e-01  6.955305848e-01  1.125790567e+00
 7.103718200e-01  6.972701076e-01  1.124190541e+00
 7.123287671e-01  6.990121125e-01  1.122584563e+00
 7.142857143e-01  7.007566165e-01  1.120971906e+00
 7.162426614e-01  7.025036378e-01  1.119351532e+00
 7.181996086e-01  7.042531962e-01  1.117723017e+00
 7.201565558e-01  7.060053120e-01  1.116086399e+00
 7.221135029e-01  7.077600058e-01  1.114441035e+00
 7.240704501e-01  7.095172993e-01  1.112786311e+00
 7.260273973e-01  7.112772155e-01  1.111122094e+00
 7.279843444e-01  7.130397776e-01  1.109447686e+00
 7.299412916e-01  7.148050102e-01  1.107762720e+00
 7.318982387e-01  7.165729388e-01  1.106066448e+00
 7.338551859e-01  7.183435903e-01  1.104358089e+00
 7.358121331e-01  7.201169930e-01  1.102637206e+00
 7.377690802e-01  7.218931759e-01  1.100903537e+00
 7.397260274e-01  7.236721685e-01  1.099156925e+00
 7.416829746e-01  7.254540010e-01  1.097397157e+00
 7.436399217e-01  7.272387045e-01  1.095623214e+00
 7.455968689e-01  7.290263122e-01  1.093834045e+00
 7.475538160e-01  7.308168590e-01  1.092029176e+00
 7.495107632e-01  7.326103807e-01  1.090208467e+00
 7.514677104e-01  7.344069135e-01  1.088371740e+00
 7.534246575e-01  7.362064944e-01  1.086517926e+00
 7.553816047e-01  7.380091632e-01  1.084646267e+00
 7.573385519e-01  7.398149603e-01  1.082756885e+00
 7.592954990e-01  7.416239267e-01  1.080848649e+00
 7.612524462e-01  7.434361061e-01  1.078920632e+00
 7.632093933e-01  7.452515440e-01  1.076971985e+00
 7.651663405e-01  7.470702878e-01  1.075001737e+00
 7.671232877e-01  7.488923869e-01  1.073009218e+00
 7.690802348e-01  7.507178920e-01  1.070993934e+00
 7.710371820e-01  7.525468552e-01  1.068955402e+00
 7.729941292e-01  7.543793303e-01  1.066892637e+00
 7.749510763e-01  7.562153740e-01  1.064803645e+00
 7.769080235e-01  7.580550469e-01  1.062687125e+00
 7.788649706e-01  7.598984119e-01  1.060542567e+00
 7.808219178e-01  7.617455334e-01  1.058368929e+00
 7.827788650e-01  7.635964788e-01  1.056164744e+00
 7.847358121e-01  7.654513192e-01  1.053928481e+00
 7.866927593e-01  7.673101289e-01  1.051658509e+00
 7.886497065e-01  7.691729861e-01  1.049353354e+00
 7.906066536e-01  7.710399725e-01  1.047011503e+00
 7.925636008e-01  7.729111732e-01  1.044631483e+00
 7.945205479e-01  7.747866770e-01  1.042212478e+00
 7.964774951e-01  7.766665743e-01  1.039754449e+00
 7.984344423e-01  7.785509567e-01  1.037256948e+00
 8.003913894e-01  7.804399180e-01  1.034718219e+00
 8.023483366e-01  7.823335536e-01  1.032144137e+00
 8.043052838e-01  7.842319443e-01  1.029544253e+00
 8.062622309e-01  7.861351589e-01  1.026915732e+00
 8.082191781e-01  7.880432756e-01  1.024261843e+00
 8.101761252e-01  7.899563583e-01  1.021593152e+00
 8.121330724e-01  7.918744498e-01  1.018921914e+00
 8.140900196e-01  7.937975704e-01  1.016259058e+00
 8.160469667e-01  7.957257226e-01  1.013613297e+00
 8.180039139e-01  7.976588959e-01  1.010987093e+00
 8.199608611e-01  7.995970793e-01  1.008374744e+00
 8.219178082e-01  8.015402644e-01  1.005798047e+00
 8.238747554e-01  8.034883898e-01  1.003268262e+00
 8.258317025e-01  8.054413894e-01  1.000778841e+00
 8.277886497e-01  8.073992041e-01  9.983440600e-01
 8.297455969e-01  8.093617302e-01  9.959828282e-01
 8.317025440e-01  8.113288297e-01  9.937100983e-01
 8.336594912e-01  8.133003354e-01  9.915387321e-01
 8.356164384e-01  8.152760563e-01  9.894756526e-01
 8.375733855e-01  8.172557898e-01  9.875226318e-01
 8.395303327e-01  8.192393259e-01  9.856880283e-01
 8.414872798e-01  8.212264315e-01  9.839794360e-01
 8.434442270e-01  8.232168601e-01  9.824001979e-01
 8.454011742e-01  8.252103580e-01  9.809523103e-01
 8.473581213e-01  8.272066666e-01  9.796366390e-01
 8.493150685e-01  8.292055261e-01  9.784495248e-01
 8.512720157e-01  8.312066857e-01  9.773850512e-01
 8.532289628e-01  8.332099065e-01  9.764347542e-01
 8.551859100e-01  8.352149641e-01  9.755950580e-01
 8.571428571e-01  8.372216361e-01  9.748663222e-01
 8.590998043e-01  8.392297039e-01  9.742357859e-01
 8.610567515e-01  8.412389831e-01  9.736889842e-01
 8.630136986e-01  8.432493159e-01  9.732110574e-01
 8.649706458e-01  8.452605717e-01  9.727920401e-01
 8.669275930e-01  8.472726274e-01  9.724451936e-01
 8.688845401e-01  8.492853317e-01  9.721646810e-01
 8.708414873e-01  8.512985741e-01  9.719152741e-01
 8.727984344e-01  8.533123201e-01  9.716757042e-01
 8.747553816e-01  8.553265610e-01  9.714354011e-01
 8.767123288e-01  8.573413051e-01  9.711886099e-01
 8.786692759e-01  8.593565657e-01  9.709416462e-01
 8.806262231e-01  8.613723437e-01  9.706896509e-01
 8.825831703e-01  8.633886668e-01  9.704099547e-01
 8.845401174e-01  8.654056112e-01  9.700884323e-01
 8.864970646e-01  8.674232654e-01  9.697301663e-01
 8.884540117e-01  8.694417007e-01  9.693403341e-01
 8.904109589e-01  8.714609897e-01  9.689065540e-01
 8.923679061e-01  8.734812400e-01  9.684145733e-01
 8.943248532e-01  8.755025814e-01  9.678597167e-01
 8.962818004e-01  8.775251444e-01  9.672492787e-01
 8.982387476e-01  8.795490466e-01  9.665775070e-01
 9.001956947e-01  8.815744318e-01  9.658297900e-01
 9.021526419e-01  8.836014740e-01  9.649987348e-01
 9.041095890e-01  8.856303629e-01  9.640682698e-01
 9.060665362e-01  8.876613296e-01  9.630215493e-01
 9.080234834e-01  8.896946357e-01  9.618491033e-01
 9.099804305e-01  8.917305568e-01  9.605472206e-01
 9.119373777e-01  8.937693697e-01  9.591300306e-01
 9.138943249e-01  8.958113263e-01  9.575874947e-01
 9.158512720e-01  8.978567241e-01  9.559003120e-01
 9.178082192e-01  8.999058954e-01  9.540666380e-01
 9.197651663e-01  9.019591744e-01  9.520756013e-01
 9.217221135e-01  9.040169318e-01  9.499140669e-01
 9.236790607e-01  9.060795596e-01  9.475898442e-01
 9.256360078e-01  9.081474331e-01  9.450981838e-01
 9.275929550e-01  9.102209587e-01  9.424246553e-01
 9.295499022e-01  9.123005691e-01  9.395790837e-01
 9.315068493e-01  9.143866629e-01  9.365886112e-01
 9.334637965e-01  9.164796102e-01  9.334210063e-01
 9.354207436e-01  9.185798921e-01  9.300483577e-01
 9.373776908e-01  9.206880113e-01  9.265113884e-01
 9.393346380e-01  9.228043688e-01  9.228280545e-01
 9.412915851e-01  9.249293980e-01  9.189448868e-01
 9.432485323e-01  9.270636833e-01  9.148244153e-01
 9.452054795e-01  9.292078273e-01  9.105223591e-01
 9.471624266e-01  9.313622217e-01  9.062340069e-01
 9.491193738e-01  9.335269357e-01  9.017719035e-01
 9.510763209e-01  9.357027430e-01  8.970018631e-01
 9.530332681e-01  9.378905496e-01  8.916822934e-01
 9.549902153e-01  9.400913002e-01  8.863721587e-01
 9.569471624e-01  9.423025864e-01  8.852936404e-01
 9.589041096e-01  9.445134665e-01  8.849702443e-01
 9.608610568e-01  9.467274089e-01  8.824845516e-01
 9.628180039e-01  9.489510825e-01  8.771142821e-01
 9.647749511e-01  9.511923002e-01  8.686536895e-01
 9.667318982e-01  9.534593856e-01  8.575531556e-01
 9.686888454e-01  9.557606338e-01  8.422500561e-01
 9.706457926e-01  9.581100698e-01  8.225451026e-01
 9.726027397e-01  9.605200605e-01  8.014505395e-01
 9.745596869e-01  9.629942195e-01  7.805708131e-01
 9.765166341e-01  9.655343609e-01  7.604640687e-01
 9.784735812e-01  9.681406470e-01  7.415375369e-01
 9.804305284e-01  9.708117335e-01  7.240764420e-01
 9.823874755e-01  9.735449153e-01  7.082714259e-01
 9.843444227e-01  9.763362695e-01  6.942425986e-01
 9.863013699e-01  9.791807988e-01  6.820595246e-01
 9.882583170e-01  9.820725715e-01  6.717572060e-01
 9.902152642e-01  9.850048613e-01  6.633484932e-01
 9.921722114e-01  9.879702835e-01  6.568334931e-01
 9.941291585e-01  9.909609293e-01  6.522065449e-01
 9.960861057e-01  9.939684974e-01  6.494612737e-01
 9.980430528e-01  9.969844222e-01  6.489086695e-01
 1.000000000e+00  1.000000000e+00  6.489833280e-01
4  4.358923789e-01  6.919592371e-01  1.015737286e+00  7.569539107e-01  9.543729234e-01  4.778107913e+01  4.313136700e-01  9.933301939e-01  3.808185612e-01  2.734161519e+00
5  5.680083673e-01  9.949799323e-01  1.009167020e+00  6.227015408e-01  9.275380730e-01  2.916246093e+01  3.791767117e-01  1.056072140e+00  5.569383158e-01  2.831856648e+00
6  6.712403054e-01  1.185782108e+00  1.005377479e+00  5.323428086e-01  9.046996317e-01  2.172584864e+01  3.508442205e-01  1.140934621e+00  6.807997444e-01  2.778301770e+00
7  7.594935334e-01  1.319622871e+00  1.002739943e+00  4.674682513e-01  8.902834750e-01  1.771897824e+01  3.325481195e-01  1.233730182e+00  7.784354839e-01  2.687434216e+00
8  8.340187555e-01  1.605032440e+00  1.000918606e+00  4.182068628e-01  8.944944104e-01  1.578929669e+01  3.210756582e-01  1.353663827e+00  8.540186074e-01  2.577555822e+00
9  8.873029618e-01  2.327195958e+00  9.999188307e-01  3.786947073e-01  9.355938080e-01  1.587653518e+01  3.154579717e-01  1.534552261e+00  9.057213858e-01  2.435104796e+00
10  9.216568368e-01  3.128792094e+00  9.994536609e-01  3.458902579e-01  1.037551842e+00  1.840193529e+01  3.139552519e-01  1.844398751e+00  9.382745110e-01  2.275387664e+00
11  9.551560807e-01  2.169498147e+00  9.994799949e-01  3.198863630e-01  1.211215077e+00  2.346539247e+01  3.159949734e-01  2.248412217e+00  9.681781754e-01  2.143775250e+00
12  9.826715932e-01  5.511443896e+00  9.998542407e-01  2.979077092e-01  1.468721256e+00  3.238472009e+01  3.209358638e-01  3.079439449e+00  9.886601459e-01  2.022494437e+00
13  9.922611576e-01  1.253834889e+01  9.999602174e-01  2.773650994e-01  1.724126689e+00  4.243695131e+01  3.256406276e-01  5.115503175e+00  9.949762139e-01  1.885336381e+00
0 0 -1.231044520e-01  5.948692503e-18
0 1  1.339156326e-02 -5.594629476e-03
0 2 -1.474550614e-02  6.794540625e-03
0 3  3.589002311e-03 -7.932017691e-03
0 4  4.440740291e-04  6.776030687e-03
0 5 -5.465488711e-03 -2.209680048e-03
0 6  2.350494678e-03 -3.932366122e-03
0 7  3.695761138e-03  1.149019910e-03
0 8  1.538324069e-03  3.140326308e-03
0 9 -1.542092909e-04  3.243164855e-03
1 0 -1.087821199e-01 -4.544619941e-02
1 1 -9.486260871e-02  1.540093629e-17
1 2  8.938983527e-03 -8.040804612e-03
1 3 -1.297156391e-02  9.725782654e-03
1 4 -1.818704867e-03 -9.640892219e-03
1 5  5.165705805e-03  4.054359334e-03
1 6 -5.113730845e-03  4.529509658e-03
1 7 -5.330615029e-03 -2.460331240e-03
1 8 -1.841848147e-03 -4.521510217e-03
1 9  4.523151261e-04 -4.258708175e-03
2 0  1.197804457e-01  5.519329733e-02
2 1 -9.423084235e-02 -8.476263430e-02
2 2 -7.570164081e-02  2.813403007e-17
2 3  4.353771931e-03 -9.893232007e-03
2 4 -8.038870188e-03  1.078220071e-02
2 5 -8.301997144e-03 -6.802752421e-03
2 6  4.579937719e-03 -3.707555152e-03
2 7  3.281015773e-03  4.129182471e-03
2 8 -7.422956829e-04  5.251772515e-03
2 9 -2.950353619e-03  4.235021982e-03
3 0 -2.915412279e-02 -6.443323177e-02
3 1  1.367405355e-01  1.025249335e-01
3 2 -5.751225317e-02 -1.306871542e-01
3 3 -6.228275393e-02  3.300102166e-17
3 4  4.773135008e-05 -1.157238123e-02
3 5 -2.528999498e-03  9.673764069e-03
3 6 -1.162906286e-02  4.559422862e-04
3 7 -4.706093497e-03 -6.470497496e-03
3 8  7.510045577e-04 -5.374083984e-03
3 9  2.786802609e-03 -3.251100802e-03
4 0 -3.607294633e-03  5.504293772e-02
4 1  1.917198875e-02 -1.016300558e-01
4 2  1.061914920e-01  1.424302115e-01
4 3 -7.663654394e-04 -1.858039425e-01
4 4 -5.229807772e-02  1.926348512e-18
4 5 -4.882710565e-03 -1.304279386e-02
4 6  2.000998766e-03  4.750455309e-03
4 7 -6.176867619e-03  7.000451009e-03
4 8 -8.558828178e-03  2.750592365e-03
4 9 -8.223660668e-03 -3.118507594e-04
5 0  4.439716534e-02 -1.794963555e-02
5 1 -5.445460413e-02  4.273927724e-02
5 2  1.096673342e-01 -8.986268129e-02
5 3  4.060513286e-02  1.553201080e-01
5 4  9.336309819e-02 -2.493933702e-01
5 5 -4.385162540e-02 -2.264846411e-17
5 6 -1.021177938e-02 -1.292386990e-02
5 7  1.891950710e-03 -3.619208958e-03
5 8  1.762849350e-03  2.425885132e-03
5 9 -1.683205216e-04  4.387479443e-03
6 0 -1.909349856e-02 -3.194332988e-02
6 1  5.390670691e-02  4.774810349e-02
6 2 -6.049984743e-02 -4.897588893e-02
6 3  1.867140119e-01  7.320522254e-03
6 4 -3.826142095e-02  9.083422406e-02
6 5  2.328711715e-01 -2.947181497e-01
6 6 -3.614059778e-02 -2.459438630e-16
6 7 -1.268934711e-02 -9.096700288e-03
6 8 -3.918057170e-03 -7.585674452e-03
6 9 -6.702057781e-04 -5.407268386e-03
7 0 -3.002134428e-02  9.333699073e-03
7 1  5.619300482e-02 -2.593573246e-02
7 2 -4.334140896e-02  5.454548180e-02
7 3  7.556013824e-02 -1.038890718e-01
7 4  1.181088845e-01  1.338567556e-01
7 5 -4.314436904e-02 -8.253306290e-02
7 6  3.511106037e-01 -2.517030942e-01
7 7 -3.098704044e-02  1.645382327e-16
7 8 -1.404573544e-02 -5.211061837e-03
7 9 -9.500098701e-03 -6.762299329e-03
8 0 -1.249608802e-02  2.550944548e-02
8 1  1.941595505e-02 -4.766377689e-02
8 2  9.805542853e-03  6.937461935e-02
8 3 -1.205798572e-02 -8.628526591e-02
8 4  1.636547375e-01  5.259452135e-02
8 5 -4.020031947e-02  5.532030135e-02
8 6  1.084115209e-01 -2.098934416e-01
8 7  4.532777330e-01 -1.681690721e-01
8 8 -2.573560427e-02 -6.517635176e-17
8 9 -1.443545680e-02 -3.022851071e-03
9 0  1.252670300e-03  2.634482183e-02
9 1 -4.768107605e-03 -4.489343307e-02
9 2  3.897344348e-02  5.594359564e-02
9 3 -4.474437036e-02 -5.219905345e-02
9 4  1.572459453e-01 -5.962948792e-03
9 5  3.838410094e-03  1.000528350e-01
9 6  1.854440212e-02 -1.496175691e-01
9 7  3.065829640e-01 -2.182299191e-01
9 8  5.609138472e-01 -1.174579404e-01
9 9 -1.865663099e-02  9.905052486e-17
0 0 -8.497781433e+00 -5.104649861e-15
0 1 -8.400861340e-01  5.088042554e-01
0 2  1.327482031e+00 -5.015235570e-01
0 3 -1.834178483e-01  4.063930868e-01
0 4  1.362102703e-02 -2.957052655e-01
0 5  2.117917253e-01  9.809725021e-02
0 6 -8.307877642e-02  1.329840543e-01
0 7 -1.036484609e-01 -2.511583542e-02
0 8 -4.015914847e-02 -8.139119438e-02
0 9  7.081528014e-02 -9.986244439e-02
1 0 -8.400861340e-01 -5.088042554e-01
1 1 -1.128812532e+01 -4.111790954e-15
1 2 -7.288468344e-01  1.196677344e+00
1 3  1.973268471e+00 -1.208771566e+00
1 4  1.385650588e-01  8.043295382e-01
1 5 -3.323369653e-01 -3.296575762e-01
1 6  3.244615073e-01 -2.555293315e-01
1 7  2.490333247e-01  1.162999932e-01
1 8  6.373567892e-02  1.943399193e-01
1 9 -1.606716475e-01  1.813171236e-01
2 0  1.327482031e+00  5.015235570e-01
2 1 -7.288468344e-01 -1.196677344e+00
2 2 -1.436600644e+01  2.031958917e-15
2 3 -2.096669221e-01  2.235909147e+00
2 4  2.048795482e+00 -2.113378517e+00
2 5  1.073808275e+00  9.408947377e-01
2 6 -5.192756470e-01  3.050453168e-01
2 7 -2.449280163e-01 -3.495917904e-01
2 8  6.896047784e-02 -3.495053644e-01
2 9  4.571326006e-01 -2.202991644e-01
3 0 -1.834178483e-01 -4.063930868e-01
3 1  1.973268471e+00  1.208771566e+00
3 2 -2.096669221e-01 -2.235909147e+00
3 3 -1.791165214e+01 -1.179763719e-14
3 4  9.259190069e-01  3.759875072e+00
3 5  1.404545731e+00 -3.098865723e+00
3 6  2.282438301e+00  4.153159749e-02
3 7  5.151608895e-01  8.479089076e-01
3 8 -1.998450392e-01  4.841337719e-01
3 9 -6.129773956e-01 -9.346330330e-02
4 0  1.362102703e-02  2.957052655e-01
4 1  1.385650588e-01 -8.043295382e-01
4 2  2.048795482e+00  2.113378517e+00
4 3  9.259190069e-01 -3.759875072e+00
4 4 -2.224447517e+01  2.496265927e-14
4 5  3.416989209e+00  6.265798284e+00
4 6 -2.272707297e-02 -3.234537520e+00
4 7  1.830694957e+00 -1.812385467e+00
4 8  1.480709827e+00 -3.692766839e-01
4 9  1.414340869e+00  6.708264763e-01
5 0  2.117917253e-01 -9.809725021e-02
5 1 -3.323369653e-01  3.296575762e-01
5 2  1.073808275e+00 -9.408947377e-01
5 3  1.404545731e+00  3.098865723e+00
5 4  3.416989209e+00 -6.265798284e+00
5 5 -2.752126168e+01  2.176409908e-13
5 6  7.765305578e+00  8.514501706e+00
5 7 -1.046339924e+00 -6.011671607e-01
5 8 -2.561675578e-01 -1.752290603e+00
5 9  1.483117368e+00 -2.907866530e+00
6 0 -8.307877642e-02 -1.329840543e-01
6 1  3.244615073e-01  2.555293315e-01
6 2 -5.192756470e-01 -3.050453168e-01
6 3  2.282438301e+00 -4.153159749e-02
6 4 -2.272707297e-02  3.234537520e+00
6 5  7.765305578e+00 -8.514501706e+00
6 6 -3.381213197e+01  5.130325263e-14
6 7  1.142610570e+01  7.417279227e+00
6 8  5.787745672e-01  1.985586143e+00
6 9 -1.347304611e+00 -1.275807989e+00
7 0 -1.036484609e-01  2.511583542e-02
7 1  2.490333247e-01 -1.162999932e-01
7 2 -2.449280163e-01  3.495917904e-01
7 3  5.151608895e-01 -8.479089076e-01
7 4  1.830694957e+00  1.812385467e+00
7 5 -1.046339924e+00  6.011671607e-01
7 6  1.142610570e+01 -7.417279227e+00
7 7 -4.190012338e+01 -1.222870285e-13
7 8  1.500072864e+01  4.863912030e+00
7 9  3.863827279e+00  3.787419553e+00
8 0 -4.015914847e-02  8.139119438e-02
8 1  6.373567892e-02 -1.943399193e-01
8 2  6.896047784e-02  3.495053644e-01
8 3 -1.998450392e-01 -4.841337719e-01
8 4  1.480709827e+00  3.692766839e-01
8 5 -2.561675578e-01  1.752290603e+00
8 6  5.787745672e-01 -1.985586143e+00
8 7  1.500072864e+01 -4.863912030e+00
8 8 -5.646010533e+01 -2.133446868e-13
8 9  3.006511988e+01  6.295774433e+00
9 0  7.081528014e-02  9.986244439e-02
9 1 -1.606716475e-01 -1.813171236e-01
9 2  4.571326006e-01  2.202991644e-01
9 3 -6.129773956e-01  9.346330330e-02
9 4  1.414340869e+00 -6.708264763e-01
9 5  1.483117368e+00  2.907866530e+00
9 6 -1.347304611e+00  1.275807989e+00
9 7  3.863827279e+00 -3.787419553e+00
9 8  3.006511988e+01 -6.295774433e+00
9 9 -5.360024544e+01 -2.845708021e-13
0  5.345247220e-02 -1.704841258e-03 -1.418407514e-01 -2.058412314e-02
1  9.181772753e-02 -2.472068984e-03  1.676552229e-01  5.952648538e-02
2  1.291791712e-01 -4.816976398e-03 -1.530174876e-01 -1.170594634e-01
3  1.758288403e-01 -6.595744656e-03  8.456099566e-02  1.813573379e-01
4  2.252634710e-01 -1.104816947e-02  5.453975269e-02 -1.943359807e-01
5  2.632142072e-01 -1.364396919e-02 -1.896422094e-01  5.582649570e-02
6  2.849331731e-01 -1.569508135e-02  8.559348709e-02  1.690589530e-01
7  3.089145582e-01 -1.895271007e-02  1.778315226e-01 -3.162052852e-02
8  3.204377924e-01 -2.110726332e-02  9.632085297e-02 -1.398799769e-01
9  3.043852849e-01 -2.520260733e-02  1.656372399e-02 -1.574656794e-01
