13  2.193800538e-07
4 3  3.694345489e-01  1.333333333e+00  8.297980635e-01  5.068073695e-01  3.343774708e+08 -4.336407245e-02  1.674558389e+06  3.064993657e+02  1.404998829e+00  1.746943786e-03 -2.987714887e-02 -4.240132596e-02 -4.336407245e-02 -4.053813724e+00 -5.709498535e+00  4.426372308e-03  1.991404299e-03  9.910863806e-01  1.009243192e+00  2.637059541e+00  3.094590084e-01
5 3  4.874346413e-01  1.666666667e+00  7.588640570e-01  5.068073695e-01  2.620236238e+08 -3.550609584e-02  4.231927967e+05  2.052688343e+02  1.333100027e+00  1.975383335e-03 -2.338458606e-02 -3.328331716e-02 -3.550609584e-02 -3.265712298e+00 -5.067964631e+00  6.461789435e-03  2.501395372e-03  1.036509174e+00  1.006096931e+00  2.774807136e+00  4.709833395e-01
6 3  5.840183640e-01  2.000000000e+00  7.124318253e-01  5.068073695e-01  2.201008761e+08 -2.615553764e-02  2.132051755e+06  1.620160259e+02  1.354714793e+00  2.333395210e-03 -1.643042267e-02 -2.445323998e-02 -2.615553764e-02 -2.649619841e+00 -4.255927679e+00  9.524421039e-03  3.210728445e-03  1.107189033e+00  1.003965784e+00  2.764653813e+00  5.913603697e-01
7 3  6.679294650e-01  2.333333333e+00  6.789749752e-01  5.068073695e-01  1.953602272e+08 -2.050691099e-02  1.450520526e+06  1.352115375e+02  1.383666949e+00  2.659660631e-03 -1.300923510e-02 -1.983912306e-02 -2.050691099e-02 -2.253568133e+00 -3.642159888e+00  9.111492197e-03  3.040268204e-03  1.186783188e+00  1.002350037e+00  2.705817898e+00  6.870131332e-01
8 3  7.416759202e-01  2.666666667e+00  6.535274616e-01  5.068073695e-01  1.844514539e+08 -1.580592727e-02  1.079837797e+06  1.186469152e+02  1.411866051e+00  2.895625987e-03 -1.012000684e-02 -1.611498380e-02 -1.580592727e-02 -1.973684822e+00 -3.163595729e+00  9.416187583e-03  3.208365380e-03  1.272629448e+00  1.001060897e+00  2.625616429e+00  7.656352380e-01
9 3  8.065692770e-01  3.000000000e+00  6.338137616e-01  5.068073695e-01  1.699125144e+08 -1.342934108e-02  2.606345531e+06  1.046931919e+02  1.411567460e+00  2.997923751e-03 -7.415159961e-03 -1.277012077e-02 -1.342934108e-02 -1.759119968e+00 -2.767837303e+00  9.452142740e-03  3.382043934e-03  1.373083250e+00  1.000040525e+00  2.535498488e+00  8.306190059e-01
10 3  8.582418070e-01  3.333333333e+00  6.191809170e-01  5.068073695e-01  1.454019837e+08 -9.407559576e-03  5.565552724e+06  9.175973128e+01  1.310251372e+00  2.722363295e-03 -3.016504120e-03 -8.256091966e-03 -9.407559576e-03 -1.718816021e+00 -2.610267061e+00  7.080309366e-03  2.963943738e-03  1.501940661e+00  9.993586471e-01  2.426485111e+00  8.811680653e-01
11 3  8.965741993e-01  3.666666667e+00  6.078333021e-01  5.068073695e-01  1.256404352e+08 -4.371076886e-03  5.812949172e+06  8.057638297e+01  1.216786634e+00  2.930055238e-03  4.958295071e-03 -2.616404698e-03 -4.371076886e-03 -2.220799370e+00 -3.682961545e+00  4.674012511e-03  2.172209164e-03  1.690631313e+00  9.989991222e-01  2.303590338e+00  9.181161293e-01
12 3  9.309843185e-01  4.000000000e+00  5.595155129e-01  5.068073695e-01  1.315725854e+08 -6.391001294e-03  3.132292030e+06  7.145510109e+01  1.644651927e+00  1.487963508e-02  5.057190103e-02  8.959718077e-03 -6.391001294e-03 -2.894776367e+01 -1.463372681e+01  4.662337679e-03  2.344376316e-03  1.928740862e+00  9.990389663e-01  2.192755128e+00  9.494793039e-01
13 3  9.679510531e-01  4.333333333e+00  2.984940682e-01  5.068073695e-01  2.349923653e+07  2.836067583e-02  6.558031716e+05  7.907426979e+01  1.066313645e+00  1.384562162e-02  5.552521438e-02  2.141782507e-02  2.836067583e-02 -2.687122309e+01 -1.365083299e+01  4.044238014e-03  2.670779344e-03  2.272095130e+00  9.997692157e-01  2.105990436e+00  9.796986282e-01
14 3  9.823653602e-01  4.666666667e+00  2.501497029e-01  5.068073695e-01  1.068828717e+07  2.837567962e-02  2.501208467e+05  8.107744777e+01  8.385474364e-01  9.455635913e-03  3.496787368e-02  1.759966360e-02  2.837567962e-02 -1.586508849e+01 -6.998544810e+00  4.255530098e-03  2.516752580e-03  3.184344532e+00  9.998908794e-01  1.984925454e+00  9.891801858e-01
15 3  9.904578512e-01  5.000000000e+00  2.317721930e-01  5.068073695e-01  6.419623530e+06  2.260337198e-02  1.711189644e+05  7.916606927e+01  6.756717032e-01  6.313375617e-03  2.390980331e-02  1.172993495e-02  2.260337198e-02 -1.250023999e+01 -4.679879631e+00  4.053646287e-03  2.239078946e-03  4.863329527e+00  9.999375978e-01  1.867945614e+00  9.941893617e-01
16 3  9.958107057e-01  5.333333333e+00  2.216141749e-01  5.068073695e-01  4.206892072e+06  1.782939997e-02  1.380686932e+05  7.558918234e+01  5.368488044e-01  3.951901339e-03  1.663475862e-02  7.036953894e-03  1.782939997e-02 -1.080714700e+01 -3.467410412e+00  3.658664634e-03  1.928128693e-03  9.469546604e+00  9.999703576e-01  1.760720918e+00  9.974519281e-01
