11  2.220725422e-07
4 3  4.113319364e-01  1.333333333e+00  7.229824209e-01  5.067067737e-01  3.195096002e+08 -3.288019717e-02  7.912493682e+05  3.093186901e+02  1.409592444e+00  2.022814628e-03 -1.795574168e-02 -3.049909988e-02 -3.288019717e-02 -4.497609203e+00 -5.940362986e+00  4.852786076e-03  2.115699416e-03  9.966817944e-01  1.014168375e+00  2.704273483e+00  3.517279714e-01
5 3  5.408983266e-01  1.666666667e+00  6.471632891e-01  5.067067737e-01  2.184833861e+08 -2.349435512e-02  1.175945558e+06  2.153570665e+02  1.304632990e+00  2.193641177e-03 -1.255906437e-02 -2.145223931e-02 -2.349435512e-02 -2.702718981e+00 -5.134588334e+00  8.620911364e-03  3.028140523e-03  1.052682803e+00  1.008606286e+00  2.829276622e+00  5.270031398e-01
6 3  6.412444344e-01  2.000000000e+00  6.114463541e-01  5.067067737e-01  1.729527903e+08 -1.743625987e-02  1.892592247e+06  1.700911932e+02  1.300362620e+00  2.476812951e-03 -9.993254317e-03 -1.679392460e-02 -1.743625987e-02 -1.714788691e+00 -4.219540955e+00  9.433653236e-03  3.180137110e-03  1.136975752e+00  1.005448077e+00  2.786378521e+00  6.488800587e-01
7 3  7.247872053e-01  2.333333333e+00  5.917570995e-01  5.067067737e-01  1.521723003e+08 -9.810865880e-03  1.025185401e+06  1.379249330e+02  1.319356433e+00  2.770140368e-03 -4.840101831e-03 -1.053599859e-02 -9.810865880e-03 -1.212312947e+00 -3.598792143e+00  9.374023284e-03  3.121293167e-03  1.232934386e+00  1.003372944e+00  2.693909311e+00  7.419513503e-01
8 3  7.981725661e-01  2.666666667e+00  5.776123865e-01  5.067067737e-01  1.389860425e+08 -7.612586976e-03  2.116637158e+06  1.180624964e+02  1.357786370e+00  3.187521813e-03 -2.339313286e-03 -7.456965674e-03 -7.612586976e-03 -1.279909027e+00 -3.077894231e+00  9.788884599e-03  3.447422147e-03  1.340396291e+00  1.001738252e+00  2.591607183e+00  8.186770220e-01
9 3  8.592610915e-01  3.000000000e+00  5.633956415e-01  5.067067737e-01  1.159017818e+08 -7.271529663e-03  5.451104515e+06  1.036606833e+02  1.280549897e+00  2.994726593e-03 -2.297016014e-03 -6.898455316e-03 -7.271529663e-03 -9.554931025e-01 -2.743190109e+00  7.410020947e-03  3.094724187e-03  1.474334979e+00  1.000475173e+00  2.476834913e+00  8.803803345e-01
10 3  9.020463372e-01  3.333333333e+00  5.749314182e-01  5.067067737e-01  9.948507209e+07  3.749419429e-03  5.490111768e+06  8.886501355e+01  1.159052448e+00  1.613077723e-03  2.283108547e-03  4.765443159e-04  3.749419429e-03  3.993006873e+00 -2.439548345e+00  4.593511359e-03  2.143504208e-03  1.701320371e+00  9.996612400e-01  2.338243890e+00  9.226056466e-01
11 3  9.498489102e-01  3.666666667e+00  4.039144873e-01  5.067067737e-01  7.466823973e+07  6.042553242e-03  1.895338532e+06  8.569930772e+01  1.317296213e+00  1.519116517e-02  7.823371417e-02  1.749855782e-02  6.042553242e-03 -5.464214634e+01 -2.047396742e+01  4.397986602e-03  2.477579039e-03  1.920015679e+00  9.996390498e-01  2.238273556e+00  9.661260698e-01
12 3  9.744764665e-01  4.000000000e+00  2.856218439e-01  5.067067737e-01  1.934188558e+07  1.329994223e-02  3.812844670e+05  9.192313909e+01  9.031477943e-01  1.034859381e-02  3.476460297e-02  7.311136451e-03  1.329994223e-02 -1.855553464e+01 -1.279174046e+01  4.416835654e-03  2.565687336e-03  2.671614435e+00  9.998869704e-01  2.105470330e+00  9.844463395e-01
13 3  9.868223725e-01  4.333333333e+00  2.518208275e-01  5.067067737e-01  8.819912656e+06  9.594068325e-03  1.958043842e+05  9.126812823e+01  7.131971078e-01  7.476608603e-03  1.788695268e-02  2.421593948e-03  9.594068325e-03 -1.482300453e+01 -6.773123337e+00  4.446051268e-03  2.364707165e-03  4.189819948e+00  9.999380381e-01  1.968234461e+00  9.921365188e-01
14 3  9.935022040e-01  4.666666667e+00  2.365700619e-01  5.067067737e-01  5.104451466e+06  8.311167295e-03  1.482565276e+05  8.706871576e+01  5.541369805e-01  4.643207489e-03  1.226565027e-02  1.049559500e-03  8.311167295e-03 -1.306456012e+01 -4.539806447e+00  4.014074693e-03  2.031831938e-03  7.188333922e+00  9.999651827e-01  1.840067616e+00  9.961377568e-01
