10  2.149814954e-07
4 3  4.437972539e-01  1.333333333e+00  7.082595059e-01  5.060842788e-01  3.669898100e+08 -3.072995019e-02  3.028777755e+05  3.901349786e+02  1.377107859e+00  1.774411039e-03 -1.763004137e-02 -2.821482268e-02 -3.072995019e-02 -4.019703246e+00 -5.300268941e+00  5.246174930e-03  2.189412818e-03  9.915447745e-01  1.015893323e+00  2.750860374e+00  3.900121529e-01
5 3  5.788769522e-01  1.666666667e+00  6.307189702e-01  5.060842788e-01  2.495172403e+08 -2.452366757e-02  2.011260863e+06  2.630364145e+02  1.287242387e+00  2.050640564e-03 -1.411520292e-02 -2.253113046e-02 -2.452366757e-02 -2.567583700e+00 -5.243906240e+00  9.688954671e-03  3.216693713e-03  1.056598563e+00  1.008880577e+00  2.850702116e+00  5.697288828e-01
6 3  6.823318096e-01  2.000000000e+00  5.915658551e-01  5.060842788e-01  1.960681734e+08 -1.586935971e-02  1.406848783e+06  2.066397411e+02  1.276656152e+00  2.355447820e-03 -8.501493255e-03 -1.539937922e-02 -1.586935971e-02 -1.793620677e+00 -4.583239277e+00  9.155318752e-03  3.014469088e-03  1.145721762e+00  1.005082098e+00  2.789598672e+00  6.932278274e-01
7 3  7.685111135e-01  2.333333333e+00  5.678993523e-01  5.060842788e-01  1.707663045e+08 -9.093509665e-03  1.366135231e+06  1.739687248e+02  1.301624513e+00  2.700834119e-03 -3.200963004e-03 -9.081078058e-03 -9.093509665e-03 -1.359995274e+00 -3.952204220e+00  9.543258404e-03  3.285377267e-03  1.245067611e+00  1.002593885e+00  2.686414273e+00  7.879642218e-01
8 3  8.424392663e-01  2.666666667e+00  5.511472593e-01  5.060842788e-01  1.434407611e+08 -8.592963679e-03  4.396067281e+06  1.451893871e+02  1.286437168e+00  2.872247601e-03 -2.808768445e-03 -7.932833653e-03 -8.592963679e-03 -1.243137056e+00 -3.326411617e+00  8.641873151e-03  3.312478924e-03  1.374152102e+00  1.000910074e+00  2.572405901e+00  8.617449001e-01
9 3  8.949567570e-01  3.000000000e+00  5.562751700e-01  5.060842788e-01  1.094743195e+08  4.295902230e-03  6.222763757e+06  1.177193432e+02  1.094283219e+00  9.858763683e-04  7.741411047e-04 -1.822712543e-04  4.295902230e-03  6.040009779e+00 -3.113181572e+00  4.980302086e-03  2.281199457e-03  1.573242375e+00  9.999958303e-01  2.426909342e+00  9.119960720e-01
10 3  9.250771333e-01  3.333333333e+00  6.210116523e-01  5.060842788e-01  9.495170850e+07  1.381970292e-02  3.992160630e+06  9.673713960e+01  9.362211179e-01  9.277107061e-04  4.519905780e-03  6.014388550e-03  1.381970292e-02  1.071377340e+01 -2.590746096e+00  3.551710244e-03  1.689520737e-03  1.947071814e+00  9.995239799e-01  2.256664444e+00  9.402902758e-01
11 3  9.556567897e-01  3.666666667e+00  4.776936839e-01  5.060842788e-01  1.439623888e+08  5.164866233e-03  1.862830249e+06  9.471308917e+01  1.411905701e+00  9.120173615e-03  5.266815310e-02  1.411404379e-02  5.164866233e-03 -5.541481448e+01 -9.411380905e-01  4.448903849e-03  2.456226819e-03  2.372221482e+00  9.994507097e-01  2.119173272e+00  9.674755509e-01
12 3  9.849545081e-01  4.000000000e+00  2.848891771e-01  5.060842788e-01  1.751626744e+07  2.072475757e-02  2.434952466e+05  1.057480081e+02  8.106809342e-01  1.160659410e-02  6.565637549e-02  1.012110122e-02  2.072475757e-02 -2.068022435e+01 -2.925381705e+01  4.342087854e-03  2.385563090e-03  3.204583481e+00  9.998516127e-01  2.002932438e+00  9.897186122e-01
13 3  9.934037178e-01  4.333333333e+00  2.582352139e-01  5.060842788e-01  5.470478984e+06  1.696615753e-02  1.591653823e+05  1.023482210e+02  5.423053254e-01  6.318214976e-03  2.833956079e-02  5.688522197e-03  1.696615753e-02 -1.596778827e+01 -1.104113904e+01  3.679021288e-03  2.009354327e-03  5.518575137e+00  9.999712676e-01  1.864943902e+00  9.955137680e-01
