12  2.155954415e-07
4 3  3.691054779e-01  1.333333333e+00  8.580145266e-01  5.065241323e-01  3.416417089e+08 -4.236395848e-02  3.421025466e+06  3.139899065e+02  1.419674147e+00  1.453457932e-03 -2.997244625e-02 -4.200080668e-02 -3.515561190e+00 -5.866637268e+00  7.770275349e-03  2.043833989e-03  9.910810912e-01  1.009469568e+00  2.633349073e+00
5 3  4.889115155e-01  1.666666667e+00  7.912875942e-01  5.065241323e-01  2.661026853e+08 -3.480561399e-02  3.421025466e+06  2.079295986e+02  1.339242774e+00  1.630125081e-03 -2.356481347e-02 -3.290025260e-02 -3.015674898e+00 -4.972696871e+00  8.023555207e-03  2.075128964e-03  1.035437572e+00  1.006151223e+00  2.781302484e+00
6 3  5.865351248e-01  2.000000000e+00  7.454625698e-01  5.065241323e-01  2.243997266e+08 -2.559717828e-02  3.421025466e+06  1.649796278e+02  1.357867026e+00  1.908289399e-03 -1.654819881e-02 -2.405982837e-02 -2.553815482e+00 -4.076608592e+00  8.250909980e-03  2.154713876e-03  1.105657330e+00  1.003897866e+00  2.774322906e+00
7 3  6.709958765e-01  2.333333333e+00  7.113421489e-01  5.065241323e-01  2.007246822e+08 -1.981251078e-02  3.421025466e+06  1.380209644e+02  1.382835074e+00  2.142891211e-03 -1.284421710e-02 -1.921957206e-02 -2.239897240e+00 -3.437991623e+00  8.445665217e-03  2.219785448e-03  1.185828674e+00  1.002213121e+00  2.715855115e+00
8 3  7.444605761e-01  2.666666667e+00  6.849052110e-01  5.065241323e-01  1.902668442e+08 -1.517813766e-02  3.421025466e+06  1.206166556e+02  1.400034616e+00  2.276351351e-03 -9.736681991e-03 -1.536201874e-02 -2.017660810e+00 -2.973986623e+00  8.605883765e-03  2.262403475e-03  1.273993045e+00  1.000928010e+00  2.633172202e+00
9 3  8.083683937e-01  3.000000000e+00  6.641308466e-01  5.065241323e-01  1.772692879e+08 -1.261708120e-02  3.421025466e+06  1.059607574e+02  1.401610816e+00  2.345478388e-03 -6.800681681e-03 -1.187676149e-02 -1.842728412e+00 -2.608700617e+00  8.648507273e-03  2.277207502e-03  1.378095756e+00  9.999607599e-01  2.539068837e+00
10 3  8.597702424e-01  3.333333333e+00  6.482089542e-01  5.065241323e-01  1.538198920e+08 -8.668940857e-03  3.421025466e+06  9.288394582e+01  1.310080463e+00  2.180838507e-03 -2.331316858e-03 -7.477514260e-03 -1.808581623e+00 -2.565831102e+00  8.253332012e-03  2.176636790e-03  1.507974094e+00  9.993015998e-01  2.428866776e+00
11 3  8.977904033e-01  3.666666667e+00  6.368416071e-01  5.065241323e-01  1.305304756e+08 -3.052328997e-03  3.421025466e+06  8.177802407e+01  1.199322415e+00  2.434225726e-03  6.638399678e-03 -1.780976953e-03 -1.861919635e+00 -4.382392738e+00  7.754331812e-03  2.045148794e-03  1.701108874e+00  9.989468810e-01  2.304885580e+00
12 3  9.356907849e-01  4.000000000e+00  5.501443515e-01  5.065241323e-01  1.461118688e+08 -1.313123536e-02  3.421025466e+06  7.420548596e+01  1.984550462e+00  2.290213207e-02  7.051571781e-02  1.232884454e-02 -5.086643722e+01 -1.857988830e+01  1.110100756e-02  2.982724983e-03  1.908965492e+00  9.990977362e-01  2.202337041e+00
13 3  9.696688671e-01  4.333333333e+00  2.901408086e-01  5.065241323e-01  2.043771423e+07  2.994531684e-02  3.421025466e+06  8.417037597e+01  1.021080416e+00  1.030663565e-02  4.896488712e-02  2.156054243e-02 -1.839935416e+01 -1.196864488e+01  7.583963762e-03  2.306652164e-03  2.319291162e+00  9.998019296e-01  2.108233803e+00
14 3  9.831379917e-01  4.666666667e+00  2.575686549e-01  5.065241323e-01  1.012143848e+07  2.673966215e-02  3.421025466e+06  8.434821508e+01  8.162188599e-01  7.181173681e-03  3.123925179e-02  1.658610126e-02 -1.187956663e+01 -6.273848515e+00  6.609800010e-03  2.132820713e-03  3.295071736e+00  9.998897941e-01  1.985012660e+00
15 3  9.908728706e-01  5.000000000e+00  2.433073813e-01  5.065241323e-01  6.282370699e+06  2.098769720e-02  3.421025466e+06  8.141346059e+01  6.606913454e-01  4.829427298e-03  2.138024542e-02  1.073304198e-02 -1.026742221e+01 -4.275896267e+00  5.723970433e-03  1.900965606e-03  5.092638160e+00  9.999298023e-01  1.867329221e+00
