12  2.179445720e-07
4 3  3.802768701e-01  1.333333333e+00  8.069769958e-01  5.053617240e-01  3.238593920e+08 -3.833357726e-02  3.368637137e+06  2.957724353e+02  1.376769808e+00  1.479966929e-03 -2.340249018e-02 -3.676245504e-02 -4.098570787e+00 -6.427867268e+00  7.801358550e-03  2.025102570e-03  9.915702528e-01  1.010510409e+00  2.661196437e+00
5 3  4.962560341e-01  1.666666667e+00  7.376875111e-01  5.053617240e-01  2.427994488e+08 -2.959749624e-02  3.368637137e+06  1.979284008e+02  1.307340196e+00  1.644522372e-03 -1.754743241e-02 -2.742582559e-02 -3.105496477e+00 -5.255192320e+00  8.008096134e-03  2.059146488e-03  1.041903312e+00  1.007444026e+00  2.769828914e+00
6 3  5.916546086e-01  2.000000000e+00  6.943263785e-01  5.053617240e-01  2.051398419e+08 -2.119641045e-02  3.368637137e+06  1.563485038e+02  1.345468598e+00  1.964728156e-03 -1.201173100e-02 -1.979293483e-02 -2.433034462e+00 -4.268841135e+00  8.311422872e-03  2.158201571e-03  1.114926850e+00  1.005098676e+00  2.745503011e+00
7 3  6.773832649e-01  2.333333333e+00  6.629665129e-01  5.053617240e-01  1.843536154e+08 -1.646705423e-02  3.368637137e+06  1.311030616e+02  1.403077914e+00  2.332802940e-03 -9.539256428e-03 -1.601527995e-02 -2.006704481e+00 -3.584833523e+00  8.647733977e-03  2.264766724e-03  1.192936185e+00  1.003116289e+00  2.688957437e+00
8 3  7.548003981e-01  2.666666667e+00  6.393233146e-01  5.053617240e-01  1.710309850e+08 -1.247033348e-02  3.368637137e+06  1.153267729e+02  1.429430898e+00  2.539367820e-03 -7.071698240e-03 -1.258097409e-02 -1.688054498e+00 -3.038703968e+00  8.846657762e-03  2.328238698e-03  1.278085723e+00  1.001514876e+00  2.617554665e+00
9 3  8.210243076e-01  3.000000000e+00  6.221720794e-01  5.053617240e-01  1.524713409e+08 -9.904507908e-03  3.368637137e+06  1.013317565e+02  1.393192735e+00  2.497032457e-03 -4.596462696e-03 -9.442476984e-03 -1.459696855e+00 -2.625897854e+00  8.739129656e-03  2.308362016e-03  1.386453163e+00  1.000374135e+00  2.527971553e+00
10 3  8.713537857e-01  3.333333333e+00  6.103539378e-01  5.053617240e-01  1.296151644e+08 -6.887707441e-03  3.368637137e+06  8.841447910e+01  1.272764678e+00  2.175886242e-03 -1.488529288e-03 -6.213980435e-03 -1.372498925e+00 -2.476044597e+00  8.233781297e-03  2.173042956e-03  1.534382534e+00  9.996554271e-01  2.412909719e+00
11 3  9.074798078e-01  3.666666667e+00  6.024441500e-01  5.053617240e-01  1.132228326e+08  2.592541838e-04  3.368637137e+06  7.756118055e+01  1.173804473e+00  2.317300401e-03  7.527846132e-03  4.772535003e-04 -1.378115052e+00 -3.728355509e+00  7.811763964e-03  2.047837455e-03  1.761584909e+00  9.992379764e-01  2.283544287e+00
12 3  9.433699595e-01  4.000000000e+00  5.393294729e-01  5.053617240e-01  1.282170193e+08 -2.237972316e-03  3.368637137e+06  7.172491520e+01  1.813567832e+00  1.939150572e-02  6.818759893e-02  1.329834492e-02 -4.522363082e+01 -1.868569178e+01  1.071328217e-02  2.837985202e-03  2.018145492e+00  9.992041749e-01  2.175961759e+00
13 3  9.756984247e-01  4.333333333e+00  2.444278558e-01  5.053617240e-01  1.599703076e+07  2.686456586e-02  3.368637137e+06  8.645321865e+01  9.593616960e-01  1.016129029e-02  4.705771677e-02  1.717690906e-02 -2.356361635e+01 -1.215465773e+01  7.363386279e-03  2.258174882e-03  2.529022842e+00  9.998692003e-01  2.078795004e+00
14 3  9.872797289e-01  4.666666667e+00  2.131184753e-01  5.053617240e-01  7.642209217e+06  2.288144391e-02  3.368637137e+06  8.758855062e+01  7.401553052e-01  6.356679578e-03  2.801425603e-02  1.252657853e-02 -1.262783442e+01 -6.418845114e+00  6.215124496e-03  2.031388890e-03  3.753715610e+00  9.999207953e-01  1.953322745e+00
15 3  9.934740823e-01  5.000000000e+00  2.017763494e-01  5.053617240e-01  4.722982405e+06  1.931213205e-02  3.368637137e+06  8.413785220e+01  5.781701639e-01  3.852250999e-03  2.018392999e-02  8.937654894e-03 -1.020070226e+01 -4.399227329e+00  5.228889040e-03  1.757926074e-03  6.072557951e+00  9.999449676e-01  1.834584010e+00
