10  2.120605910e-07
4 3  4.578740990e-01  1.333333333e+00  7.160227797e-01  5.099329823e-01  3.038018743e+08 -2.579064580e-02  3.525022040e+06  4.341588684e+02  1.317728712e+00  1.585078366e-03 -1.302590198e-02 -2.326638861e-02 -3.683087971e+00 -5.943974203e+00  8.212292172e-03  2.152684735e-03  9.977241783e-01  1.016140201e+00  2.770875887e+00
5 3  5.858209620e-01  1.666666667e+00  6.420214102e-01  5.099329823e-01  2.108807941e+08 -1.926390320e-02  3.525022040e+06  2.948708730e+02  1.251462547e+00  1.687449780e-03 -1.074410167e-02 -1.756721740e-02 -2.551834409e+00 -4.243537124e+00  8.278523156e-03  2.181719860e-03  1.070075465e+00  1.009445147e+00  2.817441982e+00
6 3  6.867682379e-01  2.000000000e+00  5.999628048e-01  5.099329823e-01  1.790727659e+08 -1.410512747e-02  3.525022040e+06  2.239683047e+02  1.270763814e+00  1.864460203e-03 -8.088192395e-03 -1.334161911e-02 -1.944209660e+00 -3.298559310e+00  8.544040598e-03  2.252253750e-03  1.161679357e+00  1.005647717e+00  2.742092982e+00
7 3  7.738474601e-01  2.333333333e+00  5.718803288e-01  5.099329823e-01  1.656759151e+08 -7.337846797e-03  3.525022040e+06  1.886983879e+02  1.303400966e+00  1.995766973e-03 -3.111583722e-03 -7.353433575e-03 -1.477662434e+00 -2.668171175e+00  8.771286917e-03  2.319080880e-03  1.261036994e+00  1.002859336e+00  2.641038287e+00
8 3  8.446499876e-01  2.666666667e+00  5.582931816e-01  5.099329823e-01  1.451951393e+08 -3.434437181e-03  3.525022040e+06  1.587592703e+02  1.226315178e+00  1.629467462e-03 -9.785694508e-04 -4.072882839e-03 -1.911397355e-01 -2.304666837e+00  8.463548982e-03  2.233870657e-03  1.386725788e+00  1.000911726e+00  2.517444613e+00
9 3  8.946833082e-01  3.000000000e+00  5.618451114e-01  5.099329823e-01  1.301768783e+08  1.094048135e-03  3.525022040e+06  1.288017346e+02  1.145976129e+00  1.836279220e-03  5.970536902e-03  1.158087066e-03 -1.225938063e+00 -2.967870051e+00  8.147315690e-03  2.122098919e-03  1.579940686e+00  9.998496099e-01  2.367766441e+00
10 3  9.397531622e-01  3.333333333e+00  4.330997875e-01  5.099329823e-01  9.029900835e+07 -7.151089566e-03  3.525022040e+06  1.106716374e+02  1.268423260e+00  8.954285518e-03  5.395303551e-02  7.434996428e-03 -3.158552201e+01 -1.936898295e+01  8.990821861e-03  2.362533340e-03  1.849164735e+00  9.996155222e-01  2.237814796e+00
11 3  9.697232309e-01  3.666666667e+00  2.705246663e-01  5.099329823e-01  1.794389153e+07  1.680074310e-02  3.525022040e+06  1.109804210e+02  9.235138537e-01  9.265575271e-03  4.037692641e-02  1.198012782e-02 -2.063504971e+01 -1.393476363e+01  7.491788892e-03  2.248281506e-03  2.436457372e+00  9.998733752e-01  2.099797782e+00
12 3  9.850062567e-01  4.000000000e+00  2.220713491e-01  5.099329823e-01  7.614429833e+06  1.949072195e-02  3.525022040e+06  1.132760873e+02  7.301421192e-01  6.594835588e-03  2.503212696e-02  1.100884679e-02 -1.388284754e+01 -6.581510269e+00  6.421904020e-03  2.098027439e-03  3.719707264e+00  9.999414799e-01  1.955283257e+00
13 3  9.929611661e-01  4.333333333e+00  2.032899558e-01  5.099329823e-01  4.385894888e+06  1.621570708e-02  3.525022040e+06  1.102649025e+02  5.567446228e-01  3.857644230e-03  1.720512915e-02  7.329116171e-03 -1.153856737e+01 -4.289238505e+00  5.305220600e-03  1.799165630e-03  6.292893779e+00  9.999695265e-01  1.819504068e+00
