12  2.140874233e-07
4 3  3.840292661e-01  1.333333333e+00  8.092404268e-01  5.053063246e-01  3.196831705e+08 -2.241098229e-02  3.428577032e+06  3.024113939e+02  1.386291827e+00  1.492619999e-03 -2.241098229e-02 -3.464240962e-02 -3.682497756e+00 -6.139306560e+00  7.905011685e-03  2.051245673e-03  9.916600604e-01  1.012162532e+00  2.653592976e+00  3.262311526e-01
5 3  5.052307714e-01  1.666666667e+00  7.430428031e-01  5.053063246e-01  2.410321471e+08 -1.595598986e-02  3.428577032e+06  2.055083005e+02  1.328827201e+00  1.691975920e-03 -1.595598986e-02 -2.471636883e-02 -2.662753684e+00 -4.931073221e+00  8.165238332e-03  2.105094656e-03  1.040433959e+00  1.008006497e+00  2.781396097e+00  4.901542045e-01
6 3  6.046637947e-01  2.000000000e+00  7.036132924e-01  5.053063246e-01  2.016373046e+08 -1.168827177e-02  3.428577032e+06  1.608486354e+02  1.347505661e+00  1.950909735e-03 -1.168827177e-02 -1.842523305e-02 -1.984144510e+00 -3.949360357e+00  8.422330737e-03  2.187311704e-03  1.114503009e+00  1.005183655e+00  2.766227232e+00  6.123520980e-01
7 3  6.905181390e-01  2.333333333e+00  6.775172048e-01  5.053063246e-01  1.818328078e+08 -8.841558288e-03  3.428577032e+06  1.337422701e+02  1.377554303e+00  2.185477877e-03 -8.841558288e-03 -1.441551742e-02 -1.565247997e+00 -3.303664441e+00  8.669076571e-03  2.260006928e-03  1.197590085e+00  1.003110298e+00  2.702125153e+00  7.094077635e-01
8 3  7.666341355e-01  2.666666667e+00  6.590387733e-01  5.053063246e-01  1.725924236e+08 -7.069416885e-03  3.428577032e+06  1.186453287e+02  1.409220209e+00  2.358886343e-03 -7.069416885e-03 -1.180702197e-02 -1.256919983e+00 -2.798554693e+00  8.861183309e-03  2.322434101e-03  1.289463169e+00  1.001426556e+00  2.620577391e+00  7.899638477e-01
9 3  8.321942800e-01  3.000000000e+00  6.462418619e-01  5.053063246e-01  1.551091690e+08 -4.554621528e-03  3.428577032e+06  1.047214500e+02  1.373535439e+00  2.291346820e-03 -4.554621528e-03 -8.691619401e-03 -1.028649625e+00 -2.405196811e+00  8.718483880e-03  2.296973251e-03  1.409559452e+00  1.000189134e+00  2.525480789e+00  8.542753482e-01
10 3  8.806083270e-01  3.333333333e+00  6.379987058e-01  5.053063246e-01  1.300990535e+08 -3.605882116e-05  3.428577032e+06  9.158686147e+01  1.225847826e+00  1.905836244e-03 -3.605882116e-05 -4.163249750e-03 -9.420262922e-01 -2.321406249e+00  8.062900975e-03  2.123255112e-03  1.580381169e+00  9.995105941e-01  2.403532005e+00  9.009008061e-01
11 3  9.135151956e-01  3.666666667e+00  6.330062211e-01  5.053063246e-01  1.112655571e+08  6.930962647e-03  3.428577032e+06  8.048267777e+01  1.085905416e+00  1.702976213e-03  6.930962647e-03  1.622342836e-03 -8.366511211e-01 -2.941323085e+00  7.429110391e-03  1.940246916e-03  1.856021762e+00  9.992498207e-01  2.266088619e+00  9.322092224e-01
12 3  9.397023246e-01  4.000000000e+00  6.103794694e-01  5.053063246e-01  1.364140440e+08  4.254771132e-02  3.428577032e+06  7.372628808e+01  1.441147308e+00  7.777391863e-03  4.254771132e-02  9.441616553e-03 -2.538721472e+01 -1.100998391e+01  9.055898939e-03  2.344752437e-03  2.254931419e+00  9.992493528e-01  2.136793977e+00  9.559072002e-01
13 3  9.783723136e-01  4.333333333e+00  2.818550593e-01  5.053063246e-01  2.002025218e+07  5.317516132e-02  3.428577032e+06  9.019519722e+01  9.482882540e-01  9.799655219e-03  5.317516132e-02  1.652566177e-02 -2.131784584e+01 -1.642811434e+01  7.265598499e-03  2.190798159e-03  2.693243258e+00  9.998696458e-01  2.054867894e+00  9.863162671e-01
14 3  9.892003426e-01  4.666666667e+00  2.510585074e-01  5.053063246e-01  8.406050277e+06  3.061727537e-02  3.428577032e+06  9.013549260e+01  7.015460512e-01  6.341905029e-03  3.061727537e-02  1.073362473e-02 -1.379899093e+01 -8.802227172e+00  5.945729188e-03  1.942884141e-03  4.118366298e+00  9.999216077e-01  1.929309469e+00  9.932616675e-01
15 3  9.956773999e-01  5.000000000e+00  2.371551441e-01  5.053063246e-01  4.622501905e+06  1.992394701e-02  3.428577032e+06  8.682829106e+01  5.442058325e-01  3.972867020e-03  1.992394701e-02  6.929708879e-03 -1.143405951e+01 -5.386082248e+00  4.979453921e-03  1.699339830e-03  8.549370145e+00  9.999598368e-01  1.812548632e+00  9.973085634e-01
