12  2.138247718e-07
4 3  3.843325791e-01  1.333333333e+00  8.248116138e-01  5.047552896e-01  3.215266083e+08 -2.326653637e-02  3.425305713e+06  3.050182303e+02  1.403596768e+00  1.511175260e-03 -2.326653637e-02 -3.483948488e-02 -3.612602182e+00 -5.765141035e+00  7.950221425e-03  2.070692355e-03  9.894073844e-01  1.012158409e+00  2.643970850e+00  3.234861809e-01
5 3  5.072351838e-01  1.666666667e+00  7.564480950e-01  5.047552896e-01  2.426139084e+08 -1.578766272e-02  3.425305713e+06  2.068901825e+02  1.330871103e+00  1.711694519e-03 -1.578766272e-02 -2.449941630e-02 -2.804768092e+00 -4.849956394e+00  8.173906436e-03  2.110355215e-03  1.038990121e+00  1.007991159e+00  2.780078482e+00  4.894851366e-01
6 3  6.073974381e-01  2.000000000e+00  7.131899683e-01  5.047552896e-01  2.031425624e+08 -1.108305823e-02  3.425305713e+06  1.654301151e+02  1.351354584e+00  2.008512809e-03 -1.108305823e-02 -1.799416327e-02 -2.227265760e+00 -3.978362561e+00  8.409916123e-03  2.195457648e-03  1.113358764e+00  1.005136327e+00  2.766353285e+00  6.126076379e-01
7 3  6.943782810e-01  2.333333333e+00  6.825869890e-01  5.047552896e-01  1.815720434e+08 -8.290916541e-03  3.425305713e+06  1.372893539e+02  1.382026329e+00  2.283172580e-03 -8.290916541e-03 -1.410380433e-02 -1.861818254e+00 -3.362761676e+00  8.665482585e-03  2.271659411e-03  1.196511046e+00  1.003023114e+00  2.705016987e+00  7.110345427e-01
8 3  7.708229587e-01  2.666666667e+00  6.598143368e-01  5.047552896e-01  1.691215706e+08 -5.987027338e-03  3.425305713e+06  1.196880469e+02  1.404131580e+00  2.459998273e-03 -5.987027338e-03 -1.099508819e-02 -1.587626861e+00 -2.868102259e+00  8.848029788e-03  2.325599946e-03  1.289811195e+00  1.001391761e+00  2.623189320e+00  7.919878373e-01
9 3  8.358820307e-01  3.000000000e+00  6.431884013e-01  5.047552896e-01  1.501179560e+08 -3.406372401e-03  3.425305713e+06  1.051761274e+02  1.361853991e+00  2.393503575e-03 -3.406372401e-03 -7.867997746e-03 -1.391303079e+00 -2.497434875e+00  8.686309190e-03  2.293497127e-03  1.410762752e+00  1.000219513e+00  2.525566274e+00  8.562073031e-01
10 3  8.840738608e-01  3.333333333e+00  6.318189690e-01  5.047552896e-01  1.262022306e+08  1.411719568e-03  3.425305713e+06  9.217532149e+01  1.224829915e+00  2.023034351e-03  1.411719568e-03 -3.032898263e-03 -1.342840722e+00 -2.391092646e+00  8.073490054e-03  2.131962497e-03  1.582747924e+00  9.995241785e-01  2.402386182e+00  9.028558202e-01
11 3  9.176175893e-01  3.666666667e+00  6.230162048e-01  5.047552896e-01  1.107095161e+08  1.123883492e-02  3.425305713e+06  8.054210042e+01  1.122473894e+00  2.177812469e-03  1.123883492e-02  4.081066624e-03 -2.496909110e+00 -3.517218001e+00  7.638218656e-03  1.995803128e-03  1.857704040e+00  9.991805770e-01  2.266073515e+00  9.346749740e-01
12 3  9.497903406e-01  4.000000000e+00  5.358013139e-01  5.047552896e-01  1.282860963e+08  7.362802038e-02  3.425305713e+06  7.611130281e+01  1.656095518e+00  1.566018137e-02  7.362802038e-02  1.519435318e-02 -4.660708482e+01 -1.979082307e+01  1.022313713e-02  2.658671781e-03  2.183042931e+00  9.992589274e-01  2.150232895e+00  9.634587990e-01
13 3  9.800920261e-01  4.333333333e+00  2.671103604e-01  5.047552896e-01  1.646106759e+07  4.950071041e-02  3.425305713e+06  9.100104236e+01  9.056150092e-01  9.648425659e-03  4.950071041e-02  1.672014001e-02 -2.500411420e+01 -1.410219901e+01  7.197692071e-03  2.185620422e-03  2.786006132e+00  9.998615020e-01  2.049388607e+00  9.868109452e-01
14 3  9.900767548e-01  4.666666667e+00  2.364790694e-01  5.047552896e-01  7.324090686e+06  2.885526241e-02  3.425305713e+06  9.039283521e+01  6.737050482e-01  5.788143691e-03  2.885526241e-02  1.178365601e-02 -1.376421333e+01 -7.388816993e+00  5.909350794e-03  1.921779838e-03  4.276636464e+00  9.999206282e-01  1.922504316e+00  9.934938491e-01
15 3  9.958129480e-01  5.000000000e+00  2.248386619e-01  5.047552896e-01  4.294590076e+06  1.958292397e-02  3.425305713e+06  8.633250057e+01  5.204273528e-01  3.394716162e-03  1.958292397e-02  8.239711184e-03 -1.022811854e+01 -4.647565981e+00  4.929144287e-03  1.657027907e-03  8.403550681e+00  9.999577478e-01  1.804800184e+00  9.972583005e-01
