11  2.190750532e-07
4 3  4.221143507e-01  1.333333333e+00  7.506707273e-01  5.078404243e-01  3.078735444e+08 -1.694331597e-02  3.384209253e+06  3.247287363e+02  1.377502436e+00  1.672348253e-03 -1.694331597e-02 -2.874086884e-02 -4.105527531e+00 -6.137419962e+00  8.251208839e-03  2.134086660e-03  9.941996676e-01  1.014836369e+00  2.710288337e+00  3.662670966e-01
5 3  5.504729773e-01  1.666666667e+00  6.750970839e-01  5.078404243e-01  2.171301288e+08 -1.294168737e-02  3.384209253e+06  2.306731301e+02  1.292922715e+00  1.773660437e-03 -1.294168737e-02 -2.085030353e-02 -2.837000480e+00 -4.549601765e+00  8.307675867e-03  2.159978150e-03  1.053315723e+00  1.008968422e+00  2.811207623e+00  5.381009898e-01
6 3  6.515187814e-01  2.000000000e+00  6.330882744e-01  5.078404243e-01  1.792302559e+08 -1.020499868e-02  3.384209253e+06  1.799352390e+02  1.300845616e+00  1.960740367e-03 -1.020499868e-02 -1.619665829e-02 -2.097050609e+00 -3.541943284e+00  8.491039273e-03  2.224246764e-03  1.135923604e+00  1.005456239e+00  2.763046603e+00  6.596103561e-01
7 3  7.379933235e-01  2.333333333e+00  6.061227831e-01  5.078404243e-01  1.646381618e+08 -6.519920708e-03  3.384209253e+06  1.477786028e+02  1.339276340e+00  2.146675169e-03 -6.519920708e-03 -1.134112478e-02 -1.530591054e+00 -2.898832151e+00  8.787574177e-03  2.300942699e-03  1.225786509e+00  1.003016519e+00  2.676158464e+00  7.553315445e-01
8 3  8.125813152e-01  2.666666667e+00  5.935141344e-01  5.078404243e-01  1.497508947e+08 -4.460168673e-03  3.384209253e+06  1.280122272e+02  1.313397480e+00  1.933017114e-03 -4.460168673e-03 -7.933212315e-03 -8.299446890e-02 -2.480296092e+00  8.711981506e-03  2.288624192e-03  1.331002279e+00  1.001184500e+00  2.573595623e+00  8.323259379e-01
9 3  8.680106008e-01  3.000000000e+00  6.068854206e-01  5.078404243e-01  1.296060369e+08 -1.057703418e-03  3.384209253e+06  1.089973478e+02  1.198295759e+00  1.246572657e-03 -1.057703418e-03 -2.894209945e-03  2.772876091e+00 -2.331094108e+00  8.163931423e-03  2.147733701e-03  1.474941812e+00  9.999534138e-01  2.440684452e+00  8.882484579e-01
10 3  9.117308866e-01  3.333333333e+00  5.897282761e-01  5.078404243e-01  1.284893651e+08  2.154873293e-02  3.384209253e+06  9.216272496e+01  1.316293723e+00  4.906321643e-03  2.154873293e-02  4.155193197e-03 -1.535029152e+01 -5.816580231e+00  8.737219081e-03  2.283959341e-03  1.685416560e+00  9.992846353e-01  2.305712876e+00  9.305198302e-01
11 3  9.569529112e-01  3.666666667e+00  3.397055084e-01  5.078404243e-01  3.797788985e+07  6.677819376e-02  3.384209253e+06  9.153611525e+01  1.091534028e+00  1.061174076e-02  6.677819376e-02  1.803260363e-02 -3.406572747e+01 -2.096957621e+01  8.163233272e-03  2.277848247e-03  1.997095490e+00  9.997041361e-01  2.200993293e+00  9.707155565e-01
12 3  9.776664500e-01  4.000000000e+00  2.469755171e-01  5.078404243e-01  1.319841122e+07  3.893517339e-02  3.384209253e+06  1.010279364e+02  8.588575571e-01  8.358156278e-03  3.893517339e-02  1.703509863e-02 -1.960841001e+01 -9.716288717e+00  7.106218802e-03  2.204230187e-03  2.805338502e+00  9.998907482e-01  2.061633029e+00  9.857968557e-01
13 3  9.888780272e-01  4.333333333e+00  2.144633297e-01  5.078404243e-01  6.820968267e+06  2.488407614e-02  3.384209253e+06  1.028328979e+02  6.752520473e-01  5.497696256e-03  2.488407614e-02  1.155367457e-02 -1.486023554e+01 -5.587541163e+00  6.045989088e-03  1.984124103e-03  4.414055754e+00  9.999483183e-01  1.924980243e+00  9.930310650e-01
14 3  9.956475518e-01  4.666666667e+00  1.986388345e-01  5.078404243e-01  4.072438585e+06  1.731549271e-02  3.384209253e+06  1.000185801e+02  5.191429628e-01  3.256487194e-03  1.731549271e-02  7.449551240e-03 -1.270579071e+01 -3.830170741e+00  5.023785998e-03  1.699396552e-03  9.204216905e+00  9.999791829e-01  1.799773699e+00  9.972788869e-01
