10  2.276990087e-07
4 3  4.315209483e-01  1.333333333e+00  7.041680861e-01  5.076275343e-01  2.914951610e+08 -2.028912809e-02  3.253305145e+06  3.193175277e+02  1.382813846e+00  1.765928123e-03 -2.028912809e-02 -3.242501560e-02 -4.712942950e+00 -5.838386120e+00  8.305087280e-03  2.160034447e-03  9.956357195e-01  1.015178201e+00  2.743088771e+00  3.727177010e-01
5 3  5.611344917e-01  1.666666667e+00  6.260389516e-01  5.076275343e-01  2.023300335e+08 -1.491784719e-02  3.253305145e+06  2.283860153e+02  1.285393368e+00  1.830430034e-03 -1.491784719e-02 -2.311464586e-02 -2.955188261e+00 -4.562810963e+00  8.287870883e-03  2.169799916e-03  1.056198805e+00  1.009015609e+00  2.836289332e+00  5.471917996e-01
6 3  6.644170137e-01  2.000000000e+00  5.859072759e-01  5.076275343e-01  1.682229183e+08 -1.193315115e-02  3.253305145e+06  1.780176155e+02  1.310804570e+00  2.093462981e-03 -1.193315115e-02 -1.813025603e-02 -2.002590858e+00 -3.654168102e+00  8.565279089e-03  2.258845754e-03  1.137803896e+00  1.005241647e+00  2.788146915e+00  6.724003109e-01
7 3  7.531735497e-01  2.333333333e+00  5.621179669e-01  5.076275343e-01  1.495181546e+08 -6.960660258e-03  3.253305145e+06  1.430918978e+02  1.329187674e+00  2.252635507e-03 -6.960660258e-03 -1.189835998e-02 -1.383934165e+00 -2.991445943e+00  8.815135412e-03  2.319122754e-03  1.229855323e+00  1.002663175e+00  2.702139531e+00  7.710997280e-01
8 3  8.261818187e-01  2.666666667e+00  5.498348060e-01  5.076275343e-01  1.310360327e+08 -3.947318097e-03  3.253305145e+06  1.228211434e+02  1.275139684e+00  2.054333916e-03 -3.947318097e-03 -7.894051052e-03 -5.636847531e-01 -2.548078554e+00  8.605685239e-03  2.272767090e-03  1.348478300e+00  1.000919688e+00  2.589050757e+00  8.458097934e-01
9 3  8.784274237e-01  3.000000000e+00  5.530512113e-01  5.076275343e-01  1.115853754e+08 -1.359555555e-03  3.253305145e+06  1.068761016e+02  1.144802888e+00  1.413693264e-03 -1.359555555e-03 -3.968002495e-03  1.592766728e+00 -2.337046284e+00  7.946829785e-03  2.107361177e-03  1.519274784e+00  9.998581373e-01  2.444316548e+00  8.975829711e-01
10 3  9.162407823e-01  3.333333333e+00  5.501024521e-01  5.076275343e-01  1.084695997e+08  1.205734376e-02  3.253305145e+06  9.258681151e+01  1.138047258e+00  2.460034520e-03  1.205734376e-02  3.943894890e-03 -8.277166922e+00 -2.126786001e+00  7.899125190e-03  2.077360798e-03  1.784126208e+00  9.993101525e-01  2.293324996e+00  9.341008987e-01
11 3  9.563645700e-01  3.666666667e+00  3.616581650e-01  5.076275343e-01  8.560512719e+07  9.667853823e-02  3.253305145e+06  8.737421144e+01  1.376370350e+00  1.288197159e-02  9.667853823e-02  1.688115793e-02 -4.201414605e+01 -3.079769207e+01  9.389867369e-03  2.443917180e-03  2.117307331e+00  9.995183477e-01  2.176593113e+00  9.701240699e-01
12 3  9.811425928e-01  4.000000000e+00  2.333488462e-01  5.076275343e-01  1.015170483e+07  4.229923471e-02  3.253305145e+06  9.735147245e+01  8.287429268e-01  1.000510144e-02  4.229923471e-02  1.683884484e-02 -2.300982006e+01 -1.130102686e+01  6.944146122e-03  2.220461473e-03  2.979294642e+00  9.998822634e-01  2.047648627e+00  9.880860449e-01
13 3  9.910534515e-01  4.333333333e+00  2.017511425e-01  5.076275343e-01  5.096580095e+06  2.432497377e-02  3.253305145e+06  9.885509421e+01  6.214062715e-01  5.069462609e-03  2.432497377e-02  1.249177852e-02 -1.751394428e+01 -4.498110291e+00  5.722742602e-03  1.924208010e-03  4.882055550e+00  9.999440095e-01  1.909348021e+00  9.944068121e-01
