 1.695500020e+00 -1.813747860e+00  8.579351101e-01  3.519121445e+00  9.323659369e-01  4.607745268e+00  9.950256576e-01  9.724674520e-01  7.182483490e+00 512 3 11
 0.000000000e+00  0.000000000e+00 -2.520620266e-07
 1.956947162e-03  2.928420425e-02  1.336535518e-01
 3.913894325e-03  4.141409593e-02  1.890123584e-01
 5.870841487e-03  5.072184134e-02  2.314859734e-01
 7.827788650e-03  5.856889174e-02  2.672858586e-01
 9.784735812e-03  6.548262235e-02  2.988174349e-01
 1.174168297e-02  7.173352188e-02  3.273139538e-01
 1.369863014e-02  7.748228630e-02  3.535077404e-01
 1.565557730e-02  8.283362807e-02  3.778757308e-01
 1.761252446e-02  8.786028868e-02  4.007490386e-01
 1.956947162e-02  9.261523727e-02  4.223686256e-01
 2.152641879e-02  9.713846667e-02  4.429162502e-01
 2.348336595e-02  1.014610526e-01  4.625327326e-01
 2.544031311e-02  1.056077141e-01  4.813305317e-01
 2.739726027e-02  1.095984927e-01  4.994007615e-01
 2.935420744e-02  1.134499075e-01  5.168183403e-01
 3.131115460e-02  1.171757662e-01  5.336459110e-01
 3.326810176e-02  1.207877495e-01  5.499365336e-01
 3.522504892e-02  1.242958436e-01  5.657351819e-01
 3.718199609e-02  1.277086682e-01  5.810806367e-01
 3.913894325e-02  1.310337241e-01  5.960067649e-01
 4.109589041e-02  1.342775861e-01  6.105431427e-01
 4.305283757e-02  1.374460567e-01  6.247156957e-01
 4.500978474e-02  1.405442881e-01  6.385473011e-01
 4.696673190e-02  1.435768804e-01  6.520583678e-01
 4.892367906e-02  1.465479607e-01  6.652675122e-01
 5.088062622e-02  1.494612468e-01  6.781918101e-01
 5.283757339e-02  1.523201019e-01  6.908463255e-01
 5.479452055e-02  1.551275819e-01  7.032441561e-01
 5.675146771e-02  1.578864760e-01  7.153969178e-01
 5.870841487e-02  1.605993376e-01  7.273160737e-01
 6.066536204e-02  1.632685080e-01  7.390127018e-01
 6.262230920e-02  1.658961398e-01  7.504963848e-01
 6.457925636e-02  1.684842204e-01  7.617752405e-01
 6.653620352e-02  1.710345909e-01  7.728569487e-01
 6.849315068e-02  1.735489590e-01  7.837491858e-01
 7.045009785e-02  1.760289112e-01  7.944590440e-01
 7.240704501e-02  1.784759247e-01  8.049931357e-01
 7.436399217e-02  1.808913780e-01  8.153575312e-01
 7.632093933e-02  1.832765607e-01  8.255568166e-01
 7.827788650e-02  1.856326838e-01  8.355957749e-01
 8.023483366e-02  1.879608833e-01  8.454806616e-01
 8.219178082e-02  1.902622231e-01  8.552162439e-01
 8.414872798e-02  1.925377060e-01  8.648057495e-01
 8.610567515e-02  1.947882804e-01  8.742527399e-01
 8.806262231e-02  1.970148419e-01  8.835609025e-01
 9.001956947e-02  1.992182369e-01  8.927347087e-01
 9.197651663e-02  2.013992644e-01  9.017778079e-01
 9.393346380e-02  2.035586819e-01  9.106929140e-01
 9.589041096e-02  2.056972096e-01  9.194822629e-01
 9.784735812e-02  2.078155334e-01  9.281485155e-01
 9.980430528e-02  2.099143051e-01  9.366950645e-01
 1.017612524e-01  2.119941435e-01  9.451245613e-01
 1.037181996e-01  2.140556391e-01  9.534391040e-01
 1.056751468e-01  2.160993559e-01  9.616405834e-01
 1.076320939e-01  2.181258331e-01  9.697307906e-01
 1.095890411e-01  2.201355867e-01  9.777121956e-01
 1.115459883e-01  2.221291086e-01  9.855874411e-01
 1.135029354e-01  2.241068690e-01  9.933585178e-01
 1.154598826e-01  2.260693191e-01  1.001026046e+00
 1.174168297e-01  2.280168940e-01  1.008591118e+00
 1.193737769e-01  2.299500112e-01  1.016055985e+00
 1.213307241e-01  2.318690702e-01  1.023423401e+00
 1.232876712e-01  2.337744529e-01  1.030694419e+00
 1.252446184e-01  2.356665291e-01  1.037869326e+00
 1.272015656e-01  2.375456558e-01  1.044949225e+00
 1.291585127e-01  2.394121767e-01  1.051936055e+00
 1.311154599e-01  2.412664218e-01  1.058831638e+00
 1.330724070e-01  2.431087087e-01  1.065636874e+00
 1.350293542e-01  2.449393449e-01  1.072352230e+00
 1.369863014e-01  2.467586280e-01  1.078978895e+00
 1.389432485e-01  2.485668452e-01  1.085517626e+00
 1.409001957e-01  2.503642747e-01  1.091969924e+00
 1.428571429e-01  2.521511841e-01  1.098337352e+00
 1.448140900e-01  2.539278320e-01  1.104620433e+00
 1.467710372e-01  2.556944700e-01  1.110819381e+00
 1.487279843e-01  2.574513425e-01  1.116934703e+00
 1.506849315e-01  2.591986865e-01  1.122967596e+00
 1.526418787e-01  2.609367310e-01  1.128919923e+00
 1.545988258e-01  2.626656965e-01  1.134792484e+00
 1.565557730e-01  2.643857982e-01  1.140584591e+00
 1.585127202e-01  2.660972467e-01  1.146296837e+00
 1.604696673e-01  2.678002464e-01  1.151930200e+00
 1.624266145e-01  2.694949949e-01  1.157486545e+00
 1.643835616e-01  2.711816832e-01  1.162966312e+00
 1.663405088e-01  2.728604978e-01  1.168369116e+00
 1.682974560e-01  2.745316217e-01  1.173695304e+00
 1.702544031e-01  2.761952328e-01  1.178945867e+00
 1.722113503e-01  2.778515037e-01  1.184121821e+00
 1.741682975e-01  2.795006020e-01  1.189224080e+00
 1.761252446e-01  2.811426907e-01  1.194252673e+00
 1.780821918e-01  2.827779298e-01  1.199207555e+00
 1.800391389e-01  2.844064760e-01  1.204089475e+00
 1.819960861e-01  2.860284813e-01  1.208898946e+00
 1.839530333e-01  2.876440942e-01  1.213637088e+00
 1.859099804e-01  2.892534588e-01  1.218304235e+00
 1.878669276e-01  2.908567165e-01  1.222900512e+00
 1.898238748e-01  2.924540057e-01  1.227426055e+00
 1.917808219e-01  2.940454620e-01  1.231881201e+00
 1.937377691e-01  2.956312178e-01  1.236266947e+00
 1.956947162e-01  2.972114017e-01  1.240584387e+00
 1.976516634e-01  2.987861392e-01  1.244833306e+00
 1.996086106e-01  3.003555540e-01  1.249013400e+00
 2.015655577e-01  3.019197680e-01  1.253125246e+00
 2.035225049e-01  3.034788998e-01  1.257169358e+00
 2.054794521e-01  3.050330653e-01  1.261147311e+00
 2.074363992e-01  3.065823768e-01  1.265059011e+00
 2.093933464e-01  3.081269456e-01  1.268903914e+00
 2.113502935e-01  3.096668816e-01  1.272682454e+00
 2.133072407e-01  3.112022920e-01  1.276395276e+00
 2.152641879e-01  3.127332815e-01  1.280043198e+00
 2.172211350e-01  3.142599525e-01  1.283627003e+00
 2.191780822e-01  3.157824051e-01  1.287146151e+00
 2.211350294e-01  3.173007390e-01  1.290600764e+00
 2.230919765e-01  3.188150515e-01  1.293991608e+00
 2.250489237e-01  3.203254380e-01  1.297319023e+00
 2.270058708e-01  3.218319920e-01  1.300583806e+00
 2.289628180e-01  3.233348049e-01  1.303786257e+00
 2.309197652e-01  3.248339668e-01  1.306926058e+00
 2.328767123e-01  3.263295670e-01  1.310003854e+00
 2.348336595e-01  3.278216925e-01  1.313019862e+00
 2.367906067e-01  3.293104293e-01  1.315974610e+00
 2.387475538e-01  3.307958614e-01  1.318869000e+00
 2.407045010e-01  3.322780710e-01  1.321702846e+00
 2.426614481e-01  3.337571397e-01  1.324476373e+00
 2.446183953e-01  3.352331479e-01  1.327189823e+00
 2.465753425e-01  3.367061745e-01  1.329843573e+00
 2.485322896e-01  3.381762972e-01  1.332438462e+00
 2.504892368e-01  3.396435918e-01  1.334975167e+00
 2.524461840e-01  3.411081328e-01  1.337453272e+00
 2.544031311e-01  3.425699947e-01  1.339873033e+00
 2.563600783e-01  3.440292503e-01  1.342234924e+00
 2.583170254e-01  3.454859716e-01  1.344539422e+00
 2.602739726e-01  3.469402289e-01  1.346787494e+00
 2.622309198e-01  3.483920911e-01  1.348978943e+00
 2.641878669e-01  3.498416270e-01  1.351113922e+00
 2.661448141e-01  3.512889042e-01  1.353192894e+00
 2.681017613e-01  3.527339893e-01  1.355216298e+00
 2.700587084e-01  3.541769476e-01  1.357184830e+00
 2.720156556e-01  3.556178435e-01  1.359098838e+00
 2.739726027e-01  3.570567404e-01  1.360958348e+00
 2.759295499e-01  3.584937013e-01  1.362763699e+00
 2.778864971e-01  3.599287880e-01  1.364515409e+00
 2.798434442e-01  3.613620616e-01  1.366213897e+00
 2.818003914e-01  3.627935820e-01  1.367859668e+00
 2.837573386e-01  3.642234085e-01  1.369453025e+00
 2.857142857e-01  3.656515996e-01  1.370994270e+00
 2.876712329e-01  3.670782129e-01  1.372483855e+00
 2.896281800e-01  3.685033054e-01  1.373922207e+00
 2.915851272e-01  3.699269330e-01  1.375309701e+00
 2.935420744e-01  3.713491513e-01  1.376646735e+00
 2.954990215e-01  3.727700147e-01  1.377933729e+00
 2.974559687e-01  3.741895773e-01  1.379171135e+00
 2.994129159e-01  3.756078921e-01  1.380359370e+00
 3.013698630e-01  3.770250116e-01  1.381498788e+00
 3.033268102e-01  3.784409876e-01  1.382589779e+00
 3.052837573e-01  3.798558713e-01  1.383632733e+00
 3.072407045e-01  3.812697132e-01  1.384628093e+00
 3.091976517e-01  3.826825633e-01  1.385576246e+00
 3.111545988e-01  3.840944707e-01  1.386477567e+00
 3.131115460e-01  3.855054843e-01  1.387332407e+00
 3.150684932e-01  3.869156522e-01  1.388141115e+00
 3.170254403e-01  3.883250220e-01  1.388904114e+00
 3.189823875e-01  3.897336407e-01  1.389621841e+00
 3.209393346e-01  3.911415549e-01  1.390294639e+00
 3.228962818e-01  3.925488105e-01  1.390922855e+00
 3.248532290e-01  3.939554531e-01  1.391506817e+00
 3.268101761e-01  3.953615276e-01  1.392046920e+00
 3.287671233e-01  3.967670787e-01  1.392543577e+00
 3.307240705e-01  3.981721503e-01  1.392997157e+00
 3.326810176e-01  3.995767861e-01  1.393408018e+00
 3.346379648e-01  4.009810291e-01  1.393776452e+00
 3.365949119e-01  4.023849222e-01  1.394102863e+00
 3.385518591e-01  4.037885076e-01  1.394387572e+00
 3.405088063e-01  4.051918273e-01  1.394631004e+00
 3.424657534e-01  4.065949226e-01  1.394833562e+00
 3.444227006e-01  4.079978346e-01  1.394995569e+00
 3.463796477e-01  4.094006040e-01  1.395117263e+00
 3.483365949e-01  4.108032711e-01  1.395199080e+00
 3.502935421e-01  4.122058759e-01  1.395241321e+00
 3.522504892e-01  4.136084579e-01  1.395244447e+00
 3.542074364e-01  4.150110563e-01  1.395208844e+00
 3.561643836e-01  4.164137098e-01  1.395134669e+00
 3.581213307e-01  4.178164572e-01  1.395022388e+00
 3.600782779e-01  4.192193364e-01  1.394872332e+00
 3.620352250e-01  4.206223855e-01  1.394684841e+00
 3.639921722e-01  4.220256418e-01  1.394460355e+00
 3.659491194e-01  4.234291426e-01  1.394199166e+00
 3.679060665e-01  4.248329246e-01  1.393901523e+00
 3.698630137e-01  4.262370246e-01  1.393567952e+00
 3.718199609e-01  4.276414788e-01  1.393198610e+00
 3.737769080e-01  4.290463232e-01  1.392793957e+00
 3.757338552e-01  4.304515934e-01  1.392354452e+00
 3.776908023e-01  4.318573248e-01  1.391880225e+00
 3.796477495e-01  4.332635527e-01  1.391371704e+00
 3.816046967e-01  4.346703117e-01  1.390829368e+00
 3.835616438e-01  4.360776364e-01  1.390253305e+00
 3.855185910e-01  4.374855612e-01  1.389644064e+00
 3.874755382e-01  4.388941201e-01  1.389001959e+00
 3.894324853e-01  4.403033469e-01  1.388327201e+00
 3.913894325e-01  4.417132752e-01  1.387620389e+00
 3.933463796e-01  4.431239379e-01  1.386881820e+00
 3.953033268e-01  4.445353682e-01  1.386111616e+00
 3.972602740e-01  4.459475989e-01  1.385310319e+00
 3.992172211e-01  4.473606624e-01  1.384478095e+00
 4.011741683e-01  4.487745912e-01  1.383615517e+00
 4.031311155e-01  4.501894171e-01  1.382723005e+00
 4.050880626e-01  4.516051718e-01  1.381800680e+00
 4.070450098e-01  4.530218869e-01  1.380848912e+00
 4.090019569e-01  4.544395938e-01  1.379868004e+00
 4.109589041e-01  4.558583237e-01  1.378858403e+00
 4.129158513e-01  4.572781074e-01  1.377820575e+00
 4.148727984e-01  4.586989753e-01  1.376754910e+00
 4.168297456e-01  4.601209578e-01  1.375661534e+00
 4.187866928e-01  4.615440851e-01  1.374540757e+00
 4.207436399e-01  4.629683873e-01  1.373392919e+00
 4.227005871e-01  4.643938942e-01  1.372218642e+00
 4.246575342e-01  4.658206351e-01  1.371018337e+00
 4.266144814e-01  4.672486390e-01  1.369792306e+00
 4.285714286e-01  4.686779351e-01  1.368540581e+00
 4.305283757e-01  4.701085523e-01  1.367263409e+00
 4.324853229e-01  4.715405196e-01  1.365961526e+00
 4.344422701e-01  4.729738651e-01  1.364635446e+00
 4.363992172e-01  4.744086167e-01  1.363285437e+00
 4.383561644e-01  4.758448023e-01  1.361911769e+00
 4.403131115e-01  4.772824497e-01  1.360514330e+00
 4.422700587e-01  4.787215868e-01  1.359093819e+00
 4.442270059e-01  4.801622409e-01  1.357650913e+00
 4.461839530e-01  4.816044386e-01  1.356185869e+00
 4.481409002e-01  4.830482068e-01  1.354699086e+00
 4.500978474e-01  4.844935720e-01  1.353190630e+00
 4.520547945e-01  4.859405608e-01  1.351660573e+00
 4.540117417e-01  4.873891997e-01  1.350109817e+00
 4.559686888e-01  4.888395144e-01  1.348538814e+00
 4.579256360e-01  4.902915304e-01  1.346947910e+00
 4.598825832e-01  4.917452731e-01  1.345337432e+00
 4.618395303e-01  4.932007677e-01  1.343707137e+00
 4.637964775e-01  4.946580397e-01  1.342057686e+00
 4.657534247e-01  4.961171141e-01  1.340389853e+00
 4.677103718e-01  4.975780149e-01  1.338703998e+00
 4.696673190e-01  4.990407663e-01  1.337000468e+00
 4.716242661e-01  5.005053924e-01  1.335279120e+00
 4.735812133e-01  5.019719174e-01  1.333540376e+00
 4.755381605e-01  5.034403651e-01  1.331785000e+00
 4.774951076e-01  5.049107585e-01  1.330013423e+00
 4.794520548e-01  5.063831206e-01  1.328226033e+00
 4.814090020e-01  5.078574741e-01  1.326422798e+00
 4.833659491e-01  5.093338420e-01  1.324604181e+00
 4.853228963e-01  5.108122466e-01  1.322770597e+00
 4.872798434e-01  5.122927102e-01  1.320922651e+00
 4.892367906e-01  5.137752542e-01  1.319060683e+00
 4.911937378e-01  5.152599002e-01  1.317184922e+00
 4.931506849e-01  5.167466696e-01  1.315295649e+00
 4.951076321e-01  5.182355835e-01  1.313393447e+00
 4.970645793e-01  5.197266626e-01  1.311478492e+00
 4.990215264e-01  5.212199275e-01  1.309551403e+00
 5.009784736e-01  5.227153983e-01  1.307612458e+00
 5.029354207e-01  5.242130948e-01  1.305661916e+00
 5.048923679e-01  5.257130369e-01  1.303700462e+00
 5.068493151e-01  5.272152435e-01  1.301728180e+00
 5.088062622e-01  5.287197340e-01  1.299745495e+00
 5.107632094e-01  5.302265271e-01  1.297752907e+00
 5.127201566e-01  5.317356411e-01  1.295750582e+00
 5.146771037e-01  5.332470944e-01  1.293739189e+00
 5.166340509e-01  5.347609045e-01  1.291719141e+00
 5.185909980e-01  5.362770888e-01  1.289690507e+00
 5.205479452e-01  5.377956648e-01  1.287653859e+00
 5.225048924e-01  5.393166491e-01  1.285609343e+00
 5.244618395e-01  5.408400586e-01  1.283557589e+00
 5.264187867e-01  5.423659092e-01  1.281499123e+00
 5.283757339e-01  5.438942166e-01  1.279434381e+00
 5.303326810e-01  5.454249961e-01  1.277363236e+00
 5.322896282e-01  5.469582634e-01  1.275286071e+00
 5.342465753e-01  5.484940333e-01  1.273203645e+00
 5.362035225e-01  5.500323200e-01  1.271116439e+00
 5.381604697e-01  5.515731375e-01  1.269024882e+00
 5.401174168e-01  5.531164991e-01  1.266929119e+00
 5.420743640e-01  5.546624185e-01  1.264829061e+00
 5.440313112e-01  5.562109090e-01  1.262725536e+00
 5.459882583e-01  5.577619830e-01  1.260619273e+00
 5.479452055e-01  5.593156522e-01  1.258510563e+00
 5.499021526e-01  5.608719283e-01  1.256399692e+00
 5.518590998e-01  5.624308226e-01  1.254286583e+00
 5.538160470e-01  5.639923466e-01  1.252171666e+00
 5.557729941e-01  5.655565109e-01  1.250055920e+00
 5.577299413e-01  5.671233251e-01  1.247939736e+00
 5.596868885e-01  5.686927987e-01  1.245823405e+00
 5.616438356e-01  5.702649407e-01  1.243706733e+00
 5.636007828e-01  5.718397606e-01  1.241590333e+00
 5.655577299e-01  5.734172667e-01  1.239474790e+00
 5.675146771e-01  5.749974668e-01  1.237360720e+00
 5.694716243e-01  5.765803679e-01  1.235248406e+00
 5.714285714e-01  5.781659770e-01  1.233137766e+00
 5.733855186e-01  5.797543010e-01  1.231029580e+00
 5.753424658e-01  5.813453455e-01  1.228924113e+00
 5.772994129e-01  5.829391162e-01  1.226821881e+00
 5.792563601e-01  5.845356180e-01  1.224723285e+00
 5.812133072e-01  5.861348553e-01  1.222628431e+00
 5.831702544e-01  5.877368323e-01  1.220538092e+00
 5.851272016e-01  5.893415519e-01  1.218452842e+00
 5.870841487e-01  5.909490168e-01  1.216372742e+00
 5.890410959e-01  5.925592293e-01  1.214298061e+00
 5.909980431e-01  5.941721915e-01  1.212229300e+00
 5.929549902e-01  5.957879042e-01  1.210167348e+00
 5.949119374e-01  5.974063674e-01  1.208112750e+00
 5.968688845e-01  5.990275802e-01  1.206065934e+00
 5.988258317e-01  6.006515414e-01  1.204026800e+00
 6.007827789e-01  6.022782500e-01  1.201995576e+00
 6.027397260e-01  6.039077038e-01  1.199973535e+00
 6.046966732e-01  6.055398991e-01  1.197961247e+00
 6.066536204e-01  6.071748316e-01  1.195959038e+00
 6.086105675e-01  6.088124965e-01  1.193966896e+00
 6.105675147e-01  6.104528891e-01  1.191985106e+00
 6.125244618e-01  6.120960038e-01  1.190014353e+00
 6.144814090e-01  6.137418338e-01  1.188055274e+00
 6.164383562e-01  6.153903717e-01  1.186108187e+00
 6.183953033e-01  6.170416097e-01  1.184173163e+00
 6.203522505e-01  6.186955394e-01  1.182250656e+00
 6.223091977e-01  6.203521519e-01  1.180340827e+00
 6.242661448e-01  6.220114379e-01  1.178444043e+00
 6.262230920e-01  6.236733874e-01  1.176560696e+00
 6.281800391e-01  6.253379898e-01  1.174690710e+00
 6.301369863e-01  6.270052346e-01  1.172834410e+00
 6.320939335e-01  6.286751105e-01  1.170991948e+00
 6.340508806e-01  6.303476059e-01  1.169163339e+00
 6.360078278e-01  6.320227092e-01  1.167348665e+00
 6.379647750e-01  6.337004085e-01  1.165547970e+00
 6.399217221e-01  6.353806916e-01  1.163761300e+00
 6.418786693e-01  6.370635462e-01  1.161988654e+00
 6.438356164e-01  6.387489599e-01  1.160229939e+00
 6.457925636e-01  6.404369202e-01  1.158485157e+00
 6.477495108e-01  6.421274145e-01  1.156754269e+00
 6.497064579e-01  6.438204302e-01  1.155037024e+00
 6.516634051e-01  6.455159549e-01  1.153333252e+00
 6.536203523e-01  6.472139764e-01  1.151642836e+00
 6.555772994e-01  6.489144823e-01  1.149965701e+00
 6.575342466e-01  6.506174603e-01  1.148301564e+00
 6.594911937e-01  6.523228986e-01  1.146650329e+00
 6.614481409e-01  6.540307852e-01  1.145011548e+00
 6.634050881e-01  6.557411088e-01  1.143384923e+00
 6.653620352e-01  6.574538583e-01  1.141770389e+00
 6.673189824e-01  6.591690226e-01  1.140167466e+00
 6.692759295e-01  6.608865914e-01  1.138575702e+00
 6.712328767e-01  6.626065547e-01  1.136994919e+00
 6.731898239e-01  6.643289029e-01  1.135424986e+00
 6.751467710e-01  6.660536261e-01  1.133865545e+00
 6.771037182e-01  6.677807155e-01  1.132315832e+00
 6.790606654e-01  6.695101631e-01  1.130775364e+00
 6.810176125e-01  6.712419615e-01  1.129243744e+00
 6.829745597e-01  6.729761037e-01  1.127720844e+00
 6.849315068e-01  6.747125827e-01  1.126206593e+00
 6.868884540e-01  6.764513919e-01  1.124700021e+00
 6.888454012e-01  6.781925263e-01  1.123200523e+00
 6.908023483e-01  6.799359815e-01  1.121707634e+00
 6.927592955e-01  6.816817537e-01  1.120221252e+00
 6.947162427e-01  6.834298390e-01  1.118740762e+00
 6.966731898e-01  6.851802351e-01  1.117265270e+00
 6.986301370e-01  6.869329405e-01  1.115794938e+00
 7.005870841e-01  6.886879534e-01  1.114328960e+00
 7.025440313e-01  6.904452736e-01  1.112866950e+00
 7.045009785e-01  6.922049012e-01  1.111408020e+00
 7.064579256e-01  6.939668383e-01  1.109951528e+00
 7.084148728e-01  6.957310872e-01  1.108496993e+00
 7.103718200e-01  6.974976512e-01  1.107044278e+00
 7.123287671e-01  6.992665336e-01  1.105593409e+00
 7.142857143e-01  7.010377380e-01  1.104143095e+00
 7.162426614e-01  7.028112707e-01  1.102692377e+00
 7.181996086e-01  7.045871388e-01  1.101240736e+00
 7.201565558e-01  7.063653503e-01  1.099788090e+00
 7.221135029e-01  7.081459132e-01  1.098333971e+00
 7.240704501e-01  7.099288367e-01  1.096877417e+00
 7.260273973e-01  7.117141314e-01  1.095418723e+00
 7.279843444e-01  7.135018072e-01  1.093956925e+00
 7.299412916e-01  7.152918766e-01  1.092491264e+00
 7.318982387e-01  7.170843526e-01  1.091021179e+00
 7.338551859e-01  7.188792498e-01  1.089545778e+00
 7.358121331e-01  7.206765839e-01  1.088064416e+00
 7.377690802e-01  7.224763722e-01  1.086576028e+00
 7.397260274e-01  7.242786329e-01  1.085082123e+00
 7.416829746e-01  7.260833819e-01  1.083581348e+00
 7.436399217e-01  7.278906399e-01  1.082070556e+00
 7.455968689e-01  7.297004324e-01  1.080548597e+00
 7.475538160e-01  7.315127856e-01  1.079014757e+00
 7.495107632e-01  7.333277275e-01  1.077468449e+00
 7.514677104e-01  7.351452881e-01  1.075907372e+00
 7.534246575e-01  7.369655024e-01  1.074328120e+00
 7.553816047e-01  7.387884110e-01  1.072729376e+00
 7.573385519e-01  7.406140562e-01  1.071109061e+00
 7.592954990e-01  7.424424847e-01  1.069466452e+00
 7.612524462e-01  7.442737449e-01  1.067797827e+00
 7.632093933e-01  7.461078933e-01  1.066100684e+00
 7.651663405e-01  7.479449889e-01  1.064374336e+00
 7.671232877e-01  7.497850927e-01  1.062617459e+00
 7.690802348e-01  7.516282681e-01  1.060829341e+00
 7.710371820e-01  7.534745791e-01  1.059011513e+00
 7.729941292e-01  7.553240857e-01  1.057167376e+00
 7.749510763e-01  7.571768420e-01  1.055300600e+00
 7.769080235e-01  7.590328974e-01  1.053412562e+00
 7.788649706e-01  7.608923003e-01  1.051503546e+00
 7.808219178e-01  7.627550968e-01  1.049579532e+00
 7.827788650e-01  7.646213202e-01  1.047646773e+00
 7.847358121e-01  7.664909951e-01  1.045708666e+00
 7.866927593e-01  7.683641431e-01  1.043766221e+00
 7.886497065e-01  7.702407877e-01  1.041809166e+00
 7.906066536e-01  7.721209648e-01  1.039854974e+00
 7.925636008e-01  7.740046654e-01  1.037917996e+00
 7.945205479e-01  7.758918681e-01  1.035998247e+00
 7.964774951e-01  7.777825553e-01  1.034095179e+00
 7.984344423e-01  7.796767067e-01  1.032212553e+00
 8.003913894e-01  7.815742903e-01  1.030360121e+00
 8.023483366e-01  7.834752533e-01  1.028548754e+00
 8.043052838e-01  7.853795269e-01  1.026782152e+00
 8.062622309e-01  7.872870436e-01  1.025044788e+00
 8.082191781e-01  7.891977561e-01  1.023359146e+00
 8.101761252e-01  7.911115510e-01  1.021750649e+00
 8.121330724e-01  7.930282811e-01  1.020227973e+00
 8.140900196e-01  7.949477896e-01  1.018796773e+00
 8.160469667e-01  7.968699099e-01  1.017453747e+00
 8.180039139e-01  7.987944780e-01  1.016207430e+00
 8.199608611e-01  8.007212955e-01  1.015090185e+00
 8.219178082e-01  8.026501021e-01  1.014113172e+00
 8.238747554e-01  8.045806359e-01  1.013273716e+00
 8.258317025e-01  8.065126406e-01  1.012567114e+00
 8.277886497e-01  8.084458620e-01  1.012003526e+00
 8.297455969e-01  8.103800219e-01  1.011584521e+00
 8.317025440e-01  8.123148509e-01  1.011301283e+00
 8.336594912e-01  8.142500962e-01  1.011149857e+00
 8.356164384e-01  8.161855108e-01  1.011123385e+00
 8.375733855e-01  8.181208658e-01  1.011211495e+00
 8.395303327e-01  8.200559576e-01  1.011393605e+00
 8.414872798e-01  8.219906262e-01  1.011650623e+00
 8.434442270e-01  8.239247430e-01  1.011964102e+00
 8.454011742e-01  8.258582040e-01  1.012342848e+00
 8.473581213e-01  8.277908774e-01  1.012800937e+00
 8.493150685e-01  8.297226426e-01  1.013271388e+00
 8.512720157e-01  8.316535375e-01  1.013705850e+00
 8.532289628e-01  8.335836462e-01  1.014097071e+00
 8.551859100e-01  8.355130506e-01  1.014446786e+00
 8.571428571e-01  8.374418291e-01  1.014761364e+00
 8.590998043e-01  8.393700612e-01  1.015013025e+00
 8.610567515e-01  8.412978976e-01  1.015170881e+00
 8.630136986e-01  8.432255316e-01  1.015226035e+00
 8.649706458e-01  8.451531606e-01  1.015174955e+00
 8.669275930e-01  8.470809890e-01  1.015015724e+00
 8.688845401e-01  8.490092224e-01  1.014747422e+00
 8.708414873e-01  8.509380648e-01  1.014380183e+00
 8.727984344e-01  8.528677040e-01  1.013908931e+00
 8.747553816e-01  8.547983562e-01  1.013307266e+00
 8.767123288e-01  8.567302875e-01  1.012565560e+00
 8.786692759e-01  8.586637639e-01  1.011690904e+00
 8.806262231e-01  8.605990366e-01  1.010687032e+00
 8.825831703e-01  8.625363557e-01  1.009554629e+00
 8.845401174e-01  8.644759717e-01  1.008294694e+00
 8.864970646e-01  8.664181341e-01  1.006909462e+00
 8.884540117e-01  8.683630895e-01  1.005402086e+00
 8.904109589e-01  8.703110819e-01  1.003771242e+00
 8.923679061e-01  8.722623624e-01  1.002016073e+00
 8.943248532e-01  8.742171833e-01  1.000138701e+00
 8.962818004e-01  8.761757924e-01  9.981456060e-01
 8.982387476e-01  8.781384276e-01  9.960396319e-01
 9.001956947e-01  8.801053269e-01  9.938222749e-01
 9.021526419e-01  8.820767269e-01  9.914995968e-01
 9.041095890e-01  8.840528570e-01  9.890681232e-01
 9.060665362e-01  8.860339628e-01  9.865247763e-01
 9.080234834e-01  8.880202945e-01  9.838703697e-01
 9.099804305e-01  8.900121017e-01  9.811074182e-01
 9.119373777e-01  8.920096276e-01  9.782513948e-01
 9.138943249e-01  8.940130887e-01  9.753007153e-01
 9.158512720e-01  8.960227236e-01  9.722471091e-01
 9.178082192e-01  8.980387856e-01  9.690955859e-01
 9.197651663e-01  9.000615179e-01  9.658430671e-01
 9.217221135e-01  9.020911826e-01  9.624831296e-01
 9.236790607e-01  9.041280482e-01  9.590352731e-01
 9.256360078e-01  9.061723444e-01  9.554962742e-01
 9.275929550e-01  9.082243372e-01  9.518474069e-01
 9.295499022e-01  9.102843285e-01  9.480931263e-01
 9.315068493e-01  9.123525971e-01  9.442538191e-01
 9.334637965e-01  9.144294020e-01  9.403033427e-01
 9.354207436e-01  9.165150900e-01  9.362162080e-01
 9.373776908e-01  9.186100240e-01  9.320444346e-01
 9.393346380e-01  9.207144375e-01  9.278085278e-01
 9.412915851e-01  9.228286062e-01  9.234372897e-01
 9.432485323e-01  9.249529990e-01  9.188811000e-01
 9.452054795e-01  9.270881185e-01  9.141897347e-01
 9.471624266e-01  9.292342676e-01  9.095553089e-01
 9.491193738e-01  9.313914356e-01  9.047817862e-01
 9.510763209e-01  9.335603333e-01  8.997280964e-01
 9.530332681e-01  9.357418139e-01  8.940556123e-01
 9.549902153e-01  9.379367784e-01  8.885454800e-01
 9.569471624e-01  9.401413992e-01  8.892175449e-01
 9.589041096e-01  9.423398138e-01  8.911124643e-01
 9.608610568e-01  9.445365718e-01  8.900315871e-01
 9.628180039e-01  9.467407999e-01  8.848842010e-01
 9.647749511e-01  9.489633068e-01  8.753394458e-01
 9.667318982e-01  9.512156950e-01  8.620218484e-01
 9.686888454e-01  9.535096039e-01  8.428044786e-01
 9.706457926e-01  9.558647269e-01  8.175738568e-01
 9.726027397e-01  9.582985111e-01  7.906046266e-01
 9.745596869e-01  9.608162668e-01  7.641440011e-01
 9.765166341e-01  9.634208485e-01  7.389197847e-01
 9.784735812e-01  9.661128563e-01  7.154240393e-01
 9.804305284e-01  9.688908334e-01  6.939674607e-01
 9.823874755e-01  9.717514650e-01  6.747280248e-01
 9.843444227e-01  9.746897749e-01  6.577912153e-01
 9.863013699e-01  9.776993216e-01  6.431814978e-01
 9.882583170e-01  9.807723917e-01  6.308860256e-01
 9.902152642e-01  9.839001909e-01  6.208719398e-01
 9.921722114e-01  9.870730318e-01  6.130987588e-01
 9.941291585e-01  9.902805178e-01  6.075269882e-01
 9.960861057e-01  9.935117237e-01  6.041240454e-01
 9.980430528e-01  9.967553711e-01  6.032256203e-01
 1.000000000e+00  1.000000000e+00  6.030431009e-01
4  4.161508868e-01  6.663959727e-01  1.014523816e+00  7.512006308e-01  9.600606634e-01  5.313394761e+01  4.431129315e-01  9.976859806e-01  3.557977078e-01  2.713650149e+00
5  5.459390819e-01  9.790627737e-01  1.008820377e+00  6.173402036e-01  9.357811215e-01  3.199129723e+01  3.888576107e-01  1.054556402e+00  5.309891763e-01  2.831971010e+00
6  6.464849439e-01  1.181242751e+00  1.005581308e+00  5.270863437e-01  9.171103734e-01  2.393740028e+01  3.596589817e-01  1.139066133e+00  6.527805035e-01  2.785640918e+00
7  7.309266429e-01  1.321101723e+00  1.003406099e+00  4.620917004e-01  9.082813770e-01  1.978298272e+01  3.409799845e-01  1.233428178e+00  7.469212138e-01  2.693725055e+00
8  8.057304670e-01  1.450329203e+00  1.001669370e+00  4.131637158e-01  9.155009631e-01  1.757652699e+01  3.280229457e-01  1.340073327e+00  8.250395939e-01  2.593731218e+00
9  8.656895851e-01  1.929916430e+00  1.000377013e+00  3.745047385e-01  9.529935727e-01  1.718978122e+01  3.199601339e-01  1.480638385e+00  8.857632858e-01  2.473911524e+00
10  9.073715463e-01  2.415351511e+00  9.995774397e-01  3.424283891e-01  1.046414111e+00  1.924264022e+01  3.161928392e-01  1.717880237e+00  9.267805736e-01  2.331859496e+00
11  9.547450441e-01  2.545721001e+00  9.996907155e-01  3.182548081e-01  1.190857946e+00  2.288247532e+01  3.177931711e-01  1.991727349e+00  9.697225879e-01  2.230802708e+00
12  9.772402755e-01  5.288038983e+00  9.998973219e-01  2.954365575e-01  1.440727935e+00  3.174357626e+01  3.214977428e-01  2.827768451e+00  9.860056660e-01  2.093516043e+00
13  9.886184437e-01  9.382554963e+00  9.999502412e-01  2.750860013e-01  1.693290186e+00  4.179393450e+01  3.257143723e-01  4.508613576e+00  9.931173386e-01  1.955079952e+00
14  9.956790709e-01  1.699602177e+01  9.999799452e-01  2.520652315e-01  1.875259858e+00  4.795936072e+01  3.317346946e-01  9.937713792e+00  9.973941113e-01  1.828451351e+00
0 0 -1.243746625e-01 -3.814933560e-18
0 1  1.313490067e-02 -5.800757841e-03
0 2 -1.401873699e-02  6.866709017e-03
0 3  3.250547133e-03 -7.851281686e-03
0 4  6.898999124e-04  6.455881495e-03
0 5 -5.080633185e-03 -2.055280599e-03
0 6  2.254917397e-03 -3.588336768e-03
0 7  3.255952021e-03  1.355304462e-03
0 8  8.948566695e-04  3.078406758e-03
0 9 -8.556015433e-04  2.841859605e-03
0 10 -1.786940772e-03  2.033840095e-03
1 0 -1.056075281e-01 -4.663938557e-02
1 1 -9.599432145e-02 -3.674442612e-18
1 2  8.899524397e-03 -8.400545565e-03
1 3 -1.257508433e-02  9.988826802e-03
1 4 -1.914794822e-03 -9.498804498e-03
1 5  5.067893196e-03  3.956075790e-03
1 6 -4.816856090e-03  4.208575058e-03
1 7 -4.537503793e-03 -2.674689121e-03
1 8 -8.340088327e-04 -4.359813746e-03
1 9  1.488955639e-03 -3.606505614e-03
1 10  2.466813963e-03 -2.753081431e-03
2 0  1.127137691e-01  5.520987053e-02
2 1 -9.270886301e-02 -8.751085937e-02
2 2 -7.682286438e-02 -6.886041974e-19
2 3  4.255201034e-03 -1.027890601e-02
2 4 -7.751967532e-03  1.079044447e-02
2 5 -7.731146594e-03 -6.681723744e-03
2 6  4.640760849e-03 -3.297898856e-03
2 7  2.736739380e-03  4.220168189e-03
2 8 -1.512961830e-03  4.807048135e-03
2 9 -3.597353845e-03  3.239087261e-03
2 10 -4.213054260e-03  1.104316610e-03
3 0 -2.613512324e-02 -6.312605417e-02
3 1  1.309982105e-01  1.040564343e-01
3 2 -5.538977319e-02 -1.338000880e-01
3 3 -6.326663078e-02 -7.550331946e-17
3 4  1.644792359e-04 -1.149431503e-02
3 5 -2.445802517e-03  9.308968587e-03
3 6 -1.058365362e-02  6.463573554e-05
3 7 -3.140607174e-03 -5.982003569e-03
3 8  1.873954893e-03 -4.304323039e-03
3 9  3.411730648e-03 -1.720240647e-03
3 10  3.686918081e-03 -8.460300394e-04
4 0 -5.546949019e-03  5.190672571e-02
4 1  1.994695929e-02 -9.895173333e-02
4 2  1.009070359e-01  1.404587626e-01
4 3 -2.599778649e-03 -1.816805303e-01
4 4 -5.334754775e-02  3.173862383e-17
4 5 -4.041806749e-03 -1.247093509e-02
4 6  2.002330277e-03  4.865052693e-03
4 7 -5.908270640e-03  5.955840506e-03
4 8 -7.982588077e-03  1.364371113e-03
4 9 -6.983962262e-03 -1.752947230e-03
4 10 -4.701724511e-03 -4.772680460e-03
5 0  4.084942287e-02 -1.652491397e-02
5 1 -5.279367695e-02  4.121156054e-02
5 2  1.006360106e-01 -8.697571743e-02
5 3  3.865864970e-02  1.471386807e-01
5 4  7.576368397e-02 -2.337677290e-01
5 5 -4.536595152e-02  5.751624303e-17
5 6 -9.400212487e-03 -1.274938196e-02
5 7  2.512369032e-03 -2.350573660e-03
5 8  1.355370136e-03  3.556047681e-03
5 9 -1.254579281e-03  5.117768424e-03
5 10 -1.578225207e-03  2.845960496e-03
6 0 -1.813003831e-02 -2.885102717e-02
6 1  5.017855241e-02  4.384191683e-02
6 2 -6.040858912e-02 -4.292861094e-02
6 3  1.672865061e-01  1.021640235e-03
6 4 -3.753368919e-02  9.119543256e-02
6 5  2.072085379e-01 -2.810341574e-01
6 6 -3.785759680e-02  1.366721273e-17
6 7 -1.101592671e-02 -8.939976722e-03
6 8 -2.509815458e-03 -7.242621241e-03
6 9  6.711246767e-04 -4.204015501e-03
6 10  4.033646568e-03 -4.208423730e-03
7 0 -2.617857974e-02  1.089694987e-02
7 1  4.726846051e-02 -2.786299314e-02
7 2 -3.562402160e-02  5.493375212e-02
7 3  4.964081594e-02 -9.455227021e-02
7 4  1.107505572e-01  1.116422546e-01
7 5 -5.538005812e-02 -5.181360869e-02
7 6  2.909832541e-01 -2.361474969e-01
7 7 -3.359809078e-02 -1.119425789e-16
7 8 -1.629857613e-02 -7.085617922e-03
7 9 -9.771824261e-03 -8.493875706e-03
7 10 -1.495839376e-03 -1.140254319e-02
8 0 -7.194847014e-03  2.475107626e-02
8 1  8.688105922e-03 -4.541741303e-02
8 2  1.969416061e-02  6.257314374e-02
8 3 -2.961995714e-02 -6.803464932e-02
8 4  1.496336460e-01  2.557514207e-02
8 5 -2.987637402e-02  7.838582816e-02
8 6  6.629621715e-02 -1.913122293e-01
8 7  4.851042351e-01 -2.108934692e-01
8 8 -2.484845246e-02  2.951636901e-17
8 9 -1.369516137e-02 -3.360803567e-03
8 10 -5.421722169e-03 -7.256956863e-03
9 0  6.879227053e-03  2.284918445e-02
9 1 -1.551087207e-02 -3.756998913e-02
9 2  4.682660396e-02  4.216306287e-02
9 3 -5.392622628e-02 -2.719033123e-02
9 4  1.309144011e-01 -3.285900297e-02
9 5  2.765464493e-02  1.128107810e-01
9 6 -1.772760908e-02 -1.110481345e-01
9 7  2.908446294e-01 -2.528082849e-01
9 8  5.511474565e-01 -1.352520271e-01
9 9 -1.952044478e-02 -5.657072239e-17
9 10 -4.810307813e-03 -3.432700234e-03
10 0  1.436740197e-02  1.635252754e-02
10 1 -2.569749883e-02 -2.867962802e-02
10 2  5.484115041e-02  1.437484294e-02
10 3 -5.827587205e-02 -1.337245289e-02
10 4  8.813384512e-02 -8.946391467e-02
10 5  3.478876017e-02  6.273340249e-02
10 6 -1.065478770e-01 -1.111645769e-01
10 7  4.452155886e-02 -3.393806888e-01
10 8  2.181915424e-01 -2.920486447e-01
10 9  2.464240886e-01 -1.758515379e-01
10 10 -2.119650191e-02  1.394335691e-16
0 0 -8.383189174e+00  3.741328061e-16
0 1 -8.123031188e-01  5.147140030e-01
0 2  1.234294594e+00 -4.955856831e-01
0 3 -1.732497764e-01  3.981072900e-01
0 4  5.835576037e-04 -2.822127722e-01
0 5  1.910960066e-01  9.046864753e-02
0 6 -8.385570288e-02  1.181266705e-01
0 7 -1.059766433e-01 -1.212765810e-02
0 8 -1.668549849e-02 -6.646757088e-02
0 9  7.879792498e-02 -5.220393272e-02
0 10  7.291874899e-02 -4.303802592e-02
1 0 -8.123031188e-01 -5.147140030e-01
1 1 -1.113401722e+01 -1.406934796e-15
1 2 -7.095598914e-01  1.217738044e+00
1 3  1.892534366e+00 -1.222892179e+00
1 4  1.281608811e-01  7.896285407e-01
1 5 -3.172388732e-01 -3.216225366e-01
1 6  3.135823903e-01 -2.243070928e-01
1 7  2.288367918e-01  1.025193872e-01
1 8 -1.607881223e-02  1.604900937e-01
1 9 -2.230977886e-01  7.417181942e-02
1 10 -3.959343760e-02  1.697209912e-01
2 0  1.234294594e+00  4.955856831e-01
2 1 -7.095598914e-01 -1.217738044e+00
2 2 -1.411665074e+01  9.810682651e-16
2 3 -2.088561515e-01  2.254741556e+00
2 4  1.962185541e+00 -2.082931326e+00
2 5  9.519072633e-01  8.947957341e-01
2 6 -5.178262779e-01  2.296137827e-01
2 7 -2.667077257e-01 -2.707000875e-01
2 8  9.617816103e-02 -2.397912118e-01
2 9  3.576227245e-01 -2.459500729e-02
2 10  4.018782923e-01 -1.557372562e-03
3 0 -1.732497764e-01 -3.981072900e-01
3 1  1.892534366e+00  1.222892179e+00
3 2 -2.088561515e-01 -2.254741556e+00
3 3 -1.741054277e+01  1.366656538e-14
3 4  7.777359107e-01  3.585694213e+00
3 5  1.324503998e+00 -2.829401980e+00
3 6  2.007635069e+00  1.507655411e-01
3 7  3.982232316e-01  7.439295392e-01
3 8 -3.119372584e-01  2.710243807e-01
3 9 -5.367178805e-01 -3.383770240e-01
3 10 -2.043518148e-01  1.750353282e-01
4 0  5.835576037e-04  2.822127722e-01
4 1  1.281608811e-01 -7.896285407e-01
4 2  1.962185541e+00  2.082931326e+00
4 3  7.777359107e-01 -3.585694213e+00
4 4 -2.124643407e+01 -3.612524375e-14
4 5  2.775616552e+00  5.557148331e+00
4 6  1.144035058e-01 -3.075810986e+00
4 7  1.332006462e+00 -1.314487752e+00
4 8  1.036331220e+00 -2.028254805e-02
4 9  6.102431363e-01  7.874836541e-01
4 10  9.390364169e-01  8.658594333e-01
5 0  1.910960066e-01 -9.046864753e-02
5 1 -3.172388732e-01  3.216225366e-01
5 2  9.519072633e-01 -8.947957341e-01
5 3  1.324503998e+00  2.829401980e+00
5 4  2.775616552e+00 -5.557148331e+00
5 5 -2.605795978e+01 -4.544832054e-14
5 6  6.521154467e+00  7.542679273e+00
5 7 -8.845434911e-01 -1.243177332e-01
5 8  7.838345510e-02 -1.699014652e+00
5 9  1.750381501e+00 -2.206300178e+00
5 10  7.845586518e-01 -7.337584259e-01
6 0 -8.385570288e-02 -1.181266705e-01
6 1  3.135823903e-01  2.243070928e-01
6 2 -5.178262779e-01 -2.296137827e-01
6 3  2.007635069e+00 -1.507655411e-01
6 4  1.144035058e-01  3.075810986e+00
6 5  6.521154467e+00 -7.542679273e+00
6 6 -3.079178237e+01  1.141791066e-13
6 7  9.107355671e+00  6.342736529e+00
6 8 -4.061296068e-03  1.138045867e+00
6 9 -1.193731644e+00 -2.327950802e+00
6 10 -1.376769307e+00  9.202870681e-01
7 0 -1.059766433e-01  1.212765810e-02
7 1  2.288367918e-01 -1.025193872e-01
7 2 -2.667077257e-01  2.707000875e-01
7 3  3.982232316e-01 -7.439295392e-01
7 4  1.332006462e+00  1.314487752e+00
7 5 -8.845434911e-01  1.243177332e-01
7 6  9.107355671e+00 -6.342736529e+00
7 7 -4.215831381e+01  7.805110626e-14
7 8  1.660824393e+01  6.217031623e+00
7 9  1.627379794e+00  2.180871175e+00
7 10 -3.256455561e-03  5.899996836e+00
8 0 -1.668549849e-02  6.646757088e-02
8 1 -1.607881223e-02 -1.604900937e-01
8 2  9.617816103e-02  2.397912118e-01
8 3 -3.119372584e-01 -2.710243807e-01
8 4  1.036331220e+00  2.028254805e-02
8 5  7.838345510e-02  1.699014652e+00
8 6 -4.061296068e-03 -1.138045867e+00
8 7  1.660824393e+01 -6.217031623e+00
8 8 -5.850912951e+01  2.031064035e-13
8 9  2.565786139e+01  5.928437726e+00
8 10  5.008364598e+00  7.633295343e+00
9 0  7.879792498e-02  5.220393272e-02
9 1 -2.230977886e-01 -7.417181942e-02
9 2  3.576227245e-01  2.459500730e-02
9 3 -5.367178805e-01  3.383770240e-01
9 4  6.102431363e-01 -7.874836541e-01
9 5  1.750381501e+00  2.206300178e+00
9 6 -1.193731644e+00  2.327950802e+00
9 7  1.627379794e+00 -2.180871175e+00
9 8  2.565786139e+01 -5.928437726e+00
9 9 -5.555210129e+01  1.147101945e-13
9 10  1.162569605e+01  8.296252780e+00
10 0  7.291874899e-02  4.303802592e-02
10 1 -3.959343760e-02 -1.697209912e-01
10 2  4.018782923e-01  1.557372562e-03
10 3 -2.043518148e-01 -1.750353282e-01
10 4  9.390364169e-01 -8.658594333e-01
10 5  7.845586518e-01  7.337584259e-01
10 6 -1.376769307e+00 -9.202870681e-01
10 7 -3.256455562e-03 -5.899996836e+00
10 8  5.008364598e+00 -7.633295343e+00
10 9  1.162569605e+01 -8.296252780e+00
10 10 -4.717759583e+01 -3.103408570e-13
0  4.020208739e-02  3.091045318e-03 -1.314163660e-01 -3.730958684e-02
1  6.958132191e-02  5.936730966e-03  1.538540275e-01  8.032362782e-02
2  9.683500177e-02  7.085295941e-03 -1.309125193e-01 -1.365207485e-01
3  1.292999852e-01  1.016629163e-02  5.283391042e-02  1.893602653e-01
4  1.692819144e-01  1.157997014e-02  8.372808163e-02 -1.818890449e-01
5  2.093096237e-01  1.420670528e-02 -1.970609525e-01  3.192154810e-02
6  2.393090609e-01  1.605915409e-02  6.816964315e-02  1.823056980e-01
7  2.822157485e-01  1.751197899e-02  1.860069054e-01 -2.744424303e-02
8  2.860568915e-01  1.719521946e-02  9.189569918e-02 -1.510295721e-01
9  2.755342726e-01  1.515832332e-02 -4.701362260e-03 -1.654003740e-01
10  1.515111165e-01 -1.241828696e-01 -6.339960830e-02 -1.409366798e-01
