 1.695500020e+00 -1.842128190e+00  8.595764107e-01  4.015040605e+00  9.319758912e-01  5.340844123e+00  9.951665841e-01  9.954008280e-01  7.769443980e+00 512 3 13
 0.000000000e+00  0.000000000e+00  1.101639774e-06
 1.956947162e-03  2.818699556e-02  1.388554105e-01
 3.913894325e-03  3.986252404e-02  1.963671085e-01
 5.870841487e-03  4.882168885e-02  2.404916631e-01
 7.827788650e-03  5.637491516e-02  2.776824889e-01
 9.784735812e-03  6.302980968e-02  3.104387764e-01
 1.174168297e-02  6.904672023e-02  3.400418858e-01
 1.369863014e-02  7.458031709e-02  3.672527314e-01
 1.565557730e-02  7.973138545e-02  3.925668843e-01
 1.761252446e-02  8.456993806e-02  4.163284069e-01
 1.956947162e-02  8.914695658e-02  4.387876816e-01
 2.152641879e-02  9.350093286e-02  4.601336115e-01
 2.348336595e-02  9.766177547e-02  4.805128029e-01
 2.544031311e-02  1.016532730e-01  5.000418861e-01
 2.739726027e-02  1.054947156e-01  5.188153597e-01
 2.935420744e-02  1.092020034e-01  5.369110032e-01
 3.131115460e-02  1.127884269e-01  5.543938922e-01
 3.326810176e-02  1.162652293e-01  5.713191862e-01
 3.522504892e-02  1.196420229e-01  5.877334342e-01
 3.718199609e-02  1.229271058e-01  6.036768087e-01
 3.913894325e-02  1.261276996e-01  6.191841218e-01
 4.109589041e-02  1.292501363e-01  6.342859636e-01
 4.305283757e-02  1.323000037e-01  6.490095368e-01
 4.500978474e-02  1.352822616e-01  6.633789934e-01
 4.696673190e-02  1.382013371e-01  6.774158211e-01
 4.892367906e-02  1.410612014e-01  6.911390142e-01
 5.088062622e-02  1.438654345e-01  7.045655845e-01
 5.283757339e-02  1.466172768e-01  7.177110089e-01
 5.479452055e-02  1.493196725e-01  7.305894562e-01
 5.675146771e-02  1.519753056e-01  7.432139572e-01
 5.870841487e-02  1.545866313e-01  7.555960396e-01
 6.066536204e-02  1.571559038e-01  7.677459628e-01
 6.262230920e-02  1.596851990e-01  7.796734305e-01
 6.457925636e-02  1.621764328e-01  7.913878223e-01
 6.653620352e-02  1.646313765e-01  8.028976449e-01
 6.849315068e-02  1.670516733e-01  8.142100436e-01
 7.045009785e-02  1.694388526e-01  8.253317088e-01
 7.240704501e-02  1.717943395e-01  8.362698429e-01
 7.436399217e-02  1.741194621e-01  8.470310717e-01
 7.632093933e-02  1.764154620e-01  8.576208213e-01
 7.827788650e-02  1.786835040e-01  8.680441264e-01
 8.023483366e-02  1.809246817e-01  8.783057270e-01
 8.219178082e-02  1.831400239e-01  8.884101986e-01
 8.414872798e-02  1.853304992e-01  8.983619760e-01
 8.610567515e-02  1.874970206e-01  9.081654459e-01
 8.806262231e-02  1.896404499e-01  9.178247437e-01
 9.001956947e-02  1.917616016e-01  9.273425269e-01
 9.197651663e-02  1.938612498e-01  9.367221128e-01
 9.393346380e-02  1.959401268e-01  9.459677708e-01
 9.589041096e-02  1.979989260e-01  9.550822233e-01
 9.784735812e-02  2.000383079e-01  9.640678163e-01
 9.980430528e-02  2.020589017e-01  9.729271996e-01
 1.017612524e-01  2.040613060e-01  9.816630272e-01
 1.037181996e-01  2.060460918e-01  9.902777378e-01
 1.056751468e-01  2.080138037e-01  9.987735509e-01
 1.076320939e-01  2.099649620e-01  1.007152873e+00
 1.095890411e-01  2.119000640e-01  1.015417436e+00
 1.115459883e-01  2.138195862e-01  1.023568891e+00
 1.135029354e-01  2.157239851e-01  1.031609745e+00
 1.154598826e-01  2.176136974e-01  1.039541389e+00
 1.174168297e-01  2.194891428e-01  1.047365201e+00
 1.193737769e-01  2.213507247e-01  1.055083090e+00
 1.213307241e-01  2.231988298e-01  1.062696875e+00
 1.232876712e-01  2.250338300e-01  1.070206924e+00
 1.252446184e-01  2.268560849e-01  1.077615467e+00
 1.272015656e-01  2.286659386e-01  1.084923702e+00
 1.291585127e-01  2.304637237e-01  1.092132573e+00
 1.311154599e-01  2.322497609e-01  1.099243866e+00
 1.330724070e-01  2.340243590e-01  1.106257609e+00
 1.350293542e-01  2.357878180e-01  1.113175474e+00
 1.369863014e-01  2.375404261e-01  1.119999065e+00
 1.389432485e-01  2.392824616e-01  1.126728273e+00
 1.409001957e-01  2.410141955e-01  1.133364534e+00
 1.428571429e-01  2.427358885e-01  1.139908989e+00
 1.448140900e-01  2.444477935e-01  1.146362151e+00
 1.467710372e-01  2.461501557e-01  1.152725312e+00
 1.487279843e-01  2.478432121e-01  1.158998352e+00
 1.506849315e-01  2.495271944e-01  1.165182094e+00
 1.526418787e-01  2.512023262e-01  1.171278605e+00
 1.545988258e-01  2.528688233e-01  1.177287591e+00
 1.565557730e-01  2.545268972e-01  1.183209634e+00
 1.585127202e-01  2.561767529e-01  1.189045651e+00
 1.604696673e-01  2.578185897e-01  1.194795751e+00
 1.624266145e-01  2.594526019e-01  1.200461277e+00
 1.643835616e-01  2.610789773e-01  1.206042570e+00
 1.663405088e-01  2.626978999e-01  1.211539697e+00
 1.682974560e-01  2.643095488e-01  1.216954044e+00
 1.702544031e-01  2.659140974e-01  1.222285515e+00
 1.722113503e-01  2.675117163e-01  1.227534337e+00
 1.741682975e-01  2.691025713e-01  1.232701821e+00
 1.761252446e-01  2.706868235e-01  1.237787773e+00
 1.780821918e-01  2.722646309e-01  1.242792756e+00
 1.800391389e-01  2.738361476e-01  1.247718066e+00
 1.819960861e-01  2.754015229e-01  1.252562920e+00
 1.839530333e-01  2.769609049e-01  1.257327953e+00
 1.859099804e-01  2.785144370e-01  1.262013996e+00
 1.878669276e-01  2.800622595e-01  1.266621211e+00
 1.898238748e-01  2.816045096e-01  1.271150599e+00
 1.917808219e-01  2.831413211e-01  1.275601822e+00
 1.937377691e-01  2.846728261e-01  1.279974714e+00
 1.956947162e-01  2.861991539e-01  1.284270298e+00
 1.976516634e-01  2.877204303e-01  1.288489823e+00
 1.996086106e-01  2.892367777e-01  1.292632607e+00
 2.015655577e-01  2.907483177e-01  1.296699127e+00
 2.035225049e-01  2.922551690e-01  1.300689491e+00
 2.054794521e-01  2.937574482e-01  1.304604149e+00
 2.074363992e-01  2.952552694e-01  1.308443944e+00
 2.093933464e-01  2.967487441e-01  1.312208651e+00
 2.113502935e-01  2.982379825e-01  1.315898850e+00
 2.133072407e-01  2.997230922e-01  1.319514954e+00
 2.152641879e-01  3.012041790e-01  1.323056987e+00
 2.172211350e-01  3.026813472e-01  1.326525113e+00
 2.191780822e-01  3.041546992e-01  1.329920173e+00
 2.211350294e-01  3.056243349e-01  1.333242081e+00
 2.230919765e-01  3.070903533e-01  1.336491694e+00
 2.250489237e-01  3.085528509e-01  1.339668957e+00
 2.270058708e-01  3.100119235e-01  1.342773750e+00
 2.289628180e-01  3.114676652e-01  1.345806732e+00
 2.309197652e-01  3.129201683e-01  1.348768438e+00
 2.328767123e-01  3.143695235e-01  1.351659128e+00
 2.348336595e-01  3.158158201e-01  1.354479322e+00
 2.367906067e-01  3.172591461e-01  1.357228781e+00
 2.387475538e-01  3.186995885e-01  1.359907720e+00
 2.407045010e-01  3.201372331e-01  1.362516803e+00
 2.426614481e-01  3.215721638e-01  1.365056820e+00
 2.446183953e-01  3.230044630e-01  1.367527795e+00
 2.465753425e-01  3.244342126e-01  1.369929825e+00
 2.485322896e-01  3.258614933e-01  1.372263089e+00
 2.504892368e-01  3.272863847e-01  1.374528060e+00
 2.524461840e-01  3.287089651e-01  1.376725444e+00
 2.544031311e-01  3.301293114e-01  1.378855414e+00
 2.563600783e-01  3.315474999e-01  1.380918320e+00
 2.583170254e-01  3.329636056e-01  1.382914353e+00
 2.602739726e-01  3.343777028e-01  1.384843901e+00
 2.622309198e-01  3.357898648e-01  1.386707415e+00
 2.641878669e-01  3.372001637e-01  1.388505342e+00
 2.661448141e-01  3.386086707e-01  1.390238013e+00
 2.681017613e-01  3.400154563e-01  1.391905811e+00
 2.700587084e-01  3.414205897e-01  1.393509128e+00
 2.720156556e-01  3.428241397e-01  1.395048329e+00
 2.739726027e-01  3.442261740e-01  1.396523674e+00
 2.759295499e-01  3.456267597e-01  1.397935744e+00
 2.778864971e-01  3.470259628e-01  1.399284962e+00
 2.798434442e-01  3.484238486e-01  1.400571841e+00
 2.818003914e-01  3.498204816e-01  1.401796617e+00
 2.837573386e-01  3.512159255e-01  1.402959740e+00
 2.857142857e-01  3.526102434e-01  1.404061705e+00
 2.876712329e-01  3.540034976e-01  1.405102981e+00
 2.896281800e-01  3.553957495e-01  1.406084013e+00
 2.915851272e-01  3.567870600e-01  1.407005305e+00
 2.935420744e-01  3.581774890e-01  1.407867336e+00
 2.954990215e-01  3.595670960e-01  1.408670577e+00
 2.974559687e-01  3.609559397e-01  1.409415419e+00
 2.994129159e-01  3.623440781e-01  1.410102400e+00
 3.013698630e-01  3.637315686e-01  1.410732001e+00
 3.033268102e-01  3.651184681e-01  1.411304798e+00
 3.052837573e-01  3.665048324e-01  1.411821195e+00
 3.072407045e-01  3.678907173e-01  1.412281745e+00
 3.091976517e-01  3.692761774e-01  1.412687027e+00
 3.111545988e-01  3.706612671e-01  1.413037279e+00
 3.131115460e-01  3.720460402e-01  1.413332993e+00
 3.150684932e-01  3.734305501e-01  1.413574896e+00
 3.170254403e-01  3.748148492e-01  1.413763518e+00
 3.189823875e-01  3.761989895e-01  1.413899404e+00
 3.209393346e-01  3.775830224e-01  1.413982765e+00
 3.228962818e-01  3.789669993e-01  1.414013944e+00
 3.248532290e-01  3.803509709e-01  1.413993847e+00
 3.268101761e-01  3.817349870e-01  1.413923088e+00
 3.287671233e-01  3.831190971e-01  1.413802019e+00
 3.307240705e-01  3.845033500e-01  1.413631245e+00
 3.326810176e-01  3.858877944e-01  1.413410939e+00
 3.346379648e-01  3.872724787e-01  1.413141616e+00
 3.365949119e-01  3.886574506e-01  1.412824084e+00
 3.385518591e-01  3.900427573e-01  1.412458988e+00
 3.405088063e-01  3.914284451e-01  1.412046881e+00
 3.424657534e-01  3.928145603e-01  1.411588330e+00
 3.444227006e-01  3.942011487e-01  1.411083019e+00
 3.463796477e-01  3.955882564e-01  1.410531887e+00
 3.483365949e-01  3.969759282e-01  1.409936001e+00
 3.502935421e-01  3.983642086e-01  1.409295879e+00
 3.522504892e-01  3.997531412e-01  1.408611843e+00
 3.542074364e-01  4.011427701e-01  1.407884278e+00
 3.561643836e-01  4.025331386e-01  1.407113353e+00
 3.581213307e-01  4.039242902e-01  1.406300241e+00
 3.600782779e-01  4.053162669e-01  1.405445570e+00
 3.620352250e-01  4.067091107e-01  1.404549829e+00
 3.639921722e-01  4.081028633e-01  1.403613665e+00
 3.659491194e-01  4.094975658e-01  1.402637175e+00
 3.679060665e-01  4.108932595e-01  1.401620693e+00
 3.698630137e-01  4.122899852e-01  1.400565432e+00
 3.718199609e-01  4.136877827e-01  1.399472143e+00
 3.737769080e-01  4.150866915e-01  1.398341321e+00
 3.757338552e-01  4.164867506e-01  1.397173384e+00
 3.776908023e-01  4.178879991e-01  1.395968153e+00
 3.796477495e-01  4.192904764e-01  1.394726780e+00
 3.816046967e-01  4.206942202e-01  1.393450343e+00
 3.835616438e-01  4.220992679e-01  1.392139323e+00
 3.855185910e-01  4.235056567e-01  1.390794113e+00
 3.874755382e-01  4.249134237e-01  1.389415066e+00
 3.894324853e-01  4.263226055e-01  1.388002654e+00
 3.913894325e-01  4.277332387e-01  1.386557752e+00
 3.933463796e-01  4.291453588e-01  1.385081209e+00
 3.953033268e-01  4.305590010e-01  1.383573770e+00
 3.972602740e-01  4.319741999e-01  1.382035726e+00
 3.992172211e-01  4.333909901e-01  1.380467442e+00
 4.011741683e-01  4.348094061e-01  1.378869354e+00
 4.031311155e-01  4.362294819e-01  1.377242625e+00
 4.050880626e-01  4.376512504e-01  1.375588131e+00
 4.070450098e-01  4.390747442e-01  1.373906472e+00
 4.090019569e-01  4.404999955e-01  1.372197372e+00
 4.109589041e-01  4.419270370e-01  1.370461909e+00
 4.129158513e-01  4.433559001e-01  1.368700712e+00
 4.148727984e-01  4.447866161e-01  1.366914779e+00
 4.168297456e-01  4.462192154e-01  1.365104709e+00
 4.187866928e-01  4.476537280e-01  1.363270690e+00
 4.207436399e-01  4.490901841e-01  1.361413600e+00
 4.227005871e-01  4.505286129e-01  1.359534031e+00
 4.246575342e-01  4.519690434e-01  1.357632426e+00
 4.266144814e-01  4.534115042e-01  1.355709946e+00
 4.285714286e-01  4.548560228e-01  1.353767063e+00
 4.305283757e-01  4.563026268e-01  1.351804127e+00
 4.324853229e-01  4.577513432e-01  1.349822214e+00
 4.344422701e-01  4.592021984e-01  1.347821360e+00
 4.363992172e-01  4.606552188e-01  1.345802713e+00
 4.383561644e-01  4.621104296e-01  1.343767145e+00
 4.403131115e-01  4.635678555e-01  1.341714654e+00
 4.422700587e-01  4.650275214e-01  1.339646323e+00
 4.442270059e-01  4.664894509e-01  1.337563103e+00
 4.461839530e-01  4.679536672e-01  1.335464794e+00
 4.481409002e-01  4.694201938e-01  1.333352780e+00
 4.500978474e-01  4.708890525e-01  1.331227162e+00
 4.520547945e-01  4.723602656e-01  1.329089096e+00
 4.540117417e-01  4.738338538e-01  1.326939570e+00
 4.559686888e-01  4.753098373e-01  1.324778629e+00
 4.579256360e-01  4.767882364e-01  1.322606772e+00
 4.598825832e-01  4.782690710e-01  1.320424725e+00
 4.618395303e-01  4.797523601e-01  1.318233581e+00
 4.637964775e-01  4.812381214e-01  1.316034262e+00
 4.657534247e-01  4.827263721e-01  1.313827268e+00
 4.677103718e-01  4.842171292e-01  1.311612592e+00
 4.696673190e-01  4.857104097e-01  1.309390931e+00
 4.716242661e-01  4.872062294e-01  1.307163433e+00
 4.735812133e-01  4.887046033e-01  1.304931068e+00
 4.755381605e-01  4.902055451e-01  1.302694427e+00
 4.774951076e-01  4.917090684e-01  1.300453992e+00
 4.794520548e-01  4.932151863e-01  1.298209732e+00
 4.814090020e-01  4.947239120e-01  1.295962679e+00
 4.833659491e-01  4.962352570e-01  1.293714061e+00
 4.853228963e-01  4.977492316e-01  1.291464661e+00
 4.872798434e-01  4.992658457e-01  1.289215156e+00
 4.892367906e-01  5.007851085e-01  1.286965203e+00
 4.911937378e-01  5.023070296e-01  1.284715489e+00
 4.931506849e-01  5.038316174e-01  1.282467469e+00
 4.951076321e-01  5.053588786e-01  1.280221913e+00
 4.970645793e-01  5.068888192e-01  1.277979300e+00
 4.990215264e-01  5.084214452e-01  1.275739687e+00
 5.009784736e-01  5.099567622e-01  1.273503078e+00
 5.029354207e-01  5.114947757e-01  1.271270884e+00
 5.048923679e-01  5.130354890e-01  1.269043721e+00
 5.068493151e-01  5.145789054e-01  1.266821994e+00
 5.088062622e-01  5.161250276e-01  1.264605770e+00
 5.107632094e-01  5.176738582e-01  1.262395404e+00
 5.127201566e-01  5.192253992e-01  1.260191419e+00
 5.146771037e-01  5.207796519e-01  1.257994562e+00
 5.166340509e-01  5.223366165e-01  1.255805070e+00
 5.185909980e-01  5.238962934e-01  1.253623099e+00
 5.205479452e-01  5.254586825e-01  1.251449098e+00
 5.225048924e-01  5.270237830e-01  1.249283270e+00
 5.244618395e-01  5.285915938e-01  1.247126092e+00
 5.264187867e-01  5.301621132e-01  1.244977914e+00
 5.283757339e-01  5.317353390e-01  1.242838774e+00
 5.303326810e-01  5.333112691e-01  1.240709035e+00
 5.322896282e-01  5.348899006e-01  1.238589001e+00
 5.342465753e-01  5.364712302e-01  1.236478738e+00
 5.362035225e-01  5.380552544e-01  1.234378629e+00
 5.381604697e-01  5.396419693e-01  1.232288715e+00
 5.401174168e-01  5.412313709e-01  1.230209217e+00
 5.420743640e-01  5.428234545e-01  1.228140395e+00
 5.440313112e-01  5.444182153e-01  1.226082246e+00
 5.459882583e-01  5.460156483e-01  1.224034964e+00
 5.479452055e-01  5.476157482e-01  1.221998604e+00
 5.499021526e-01  5.492185096e-01  1.219973369e+00
 5.518590998e-01  5.508239264e-01  1.217959337e+00
 5.538160470e-01  5.524319928e-01  1.215956536e+00
 5.557729941e-01  5.540427025e-01  1.213964976e+00
 5.577299413e-01  5.556560493e-01  1.211984724e+00
 5.596868885e-01  5.572720267e-01  1.210015881e+00
 5.616438356e-01  5.588906280e-01  1.208058467e+00
 5.636007828e-01  5.605118464e-01  1.206112477e+00
 5.655577299e-01  5.621356750e-01  1.204177844e+00
 5.675146771e-01  5.637621068e-01  1.202254561e+00
 5.694716243e-01  5.653911349e-01  1.200342649e+00
 5.714285714e-01  5.670227520e-01  1.198442069e+00
 5.733855186e-01  5.686569510e-01  1.196552746e+00
 5.753424658e-01  5.702937248e-01  1.194674638e+00
 5.772994129e-01  5.719330660e-01  1.192807665e+00
 5.792563601e-01  5.735749676e-01  1.190951745e+00
 5.812133072e-01  5.752194221e-01  1.189106772e+00
 5.831702544e-01  5.768664226e-01  1.187272643e+00
 5.851272016e-01  5.785159620e-01  1.185449274e+00
 5.870841487e-01  5.801680330e-01  1.183636526e+00
 5.890410959e-01  5.818226288e-01  1.181834321e+00
 5.909980431e-01  5.834797423e-01  1.180042460e+00
 5.929549902e-01  5.851393668e-01  1.178260786e+00
 5.949119374e-01  5.868014957e-01  1.176489193e+00
 5.968688845e-01  5.884661223e-01  1.174727446e+00
 5.988258317e-01  5.901332403e-01  1.172975455e+00
 6.007827789e-01  5.918028434e-01  1.171233048e+00
 6.027397260e-01  5.934749255e-01  1.169500039e+00
 6.046966732e-01  5.951494805e-01  1.167776180e+00
 6.066536204e-01  5.968265028e-01  1.166061232e+00
 6.086105675e-01  5.985059871e-01  1.164355028e+00
 6.105675147e-01  6.001879281e-01  1.162657423e+00
 6.125244618e-01  6.018723204e-01  1.160968330e+00
 6.144814090e-01  6.035591593e-01  1.159287318e+00
 6.164383562e-01  6.052484401e-01  1.157614110e+00
 6.183953033e-01  6.069401588e-01  1.155948560e+00
 6.203522505e-01  6.086343113e-01  1.154290459e+00
 6.223091977e-01  6.103308937e-01  1.152639739e+00
 6.242661448e-01  6.120299023e-01  1.150996039e+00
 6.262230920e-01  6.137313340e-01  1.149358947e+00
 6.281800391e-01  6.154351860e-01  1.147728296e+00
 6.301369863e-01  6.171414559e-01  1.146103924e+00
 6.320939335e-01  6.188501413e-01  1.144485557e+00
 6.340508806e-01  6.205612402e-01  1.142872994e+00
 6.360078278e-01  6.222747509e-01  1.141265906e+00
 6.379647750e-01  6.239906724e-01  1.139663975e+00
 6.399217221e-01  6.257090036e-01  1.138067091e+00
 6.418786693e-01  6.274297441e-01  1.136474842e+00
 6.438356164e-01  6.291528938e-01  1.134886857e+00
 6.457925636e-01  6.308784531e-01  1.133303005e+00
 6.477495108e-01  6.326064226e-01  1.131723237e+00
 6.497064579e-01  6.343368030e-01  1.130147133e+00
 6.516634051e-01  6.360695957e-01  1.128574200e+00
 6.536203523e-01  6.378048029e-01  1.127004132e+00
 6.555772994e-01  6.395424272e-01  1.125436635e+00
 6.575342466e-01  6.412824713e-01  1.123871769e+00
 6.594911937e-01  6.430249380e-01  1.122309293e+00
 6.614481409e-01  6.447698308e-01  1.120748559e+00
 6.634050881e-01  6.465171540e-01  1.119189207e+00
 6.653620352e-01  6.482669126e-01  1.117631053e+00
 6.673189824e-01  6.500191115e-01  1.116073931e+00
 6.692759295e-01  6.517737561e-01  1.114517429e+00
 6.712328767e-01  6.535308525e-01  1.112961579e+00
 6.731898239e-01  6.552904067e-01  1.111405703e+00
 6.751467710e-01  6.570524262e-01  1.109849484e+00
 6.771037182e-01  6.588169185e-01  1.108292784e+00
 6.790606654e-01  6.605838915e-01  1.106735143e+00
 6.810176125e-01  6.623533541e-01  1.105176325e+00
 6.829745597e-01  6.641253153e-01  1.103616327e+00
 6.849315068e-01  6.658997841e-01  1.102054737e+00
 6.868884540e-01  6.676767707e-01  1.100491059e+00
 6.888454012e-01  6.694562860e-01  1.098924896e+00
 6.908023483e-01  6.712383414e-01  1.097355983e+00
 6.927592955e-01  6.730229488e-01  1.095784141e+00
 6.947162427e-01  6.748101204e-01  1.094209361e+00
 6.966731898e-01  6.765998686e-01  1.092631258e+00
 6.986301370e-01  6.783922068e-01  1.091049267e+00
 7.005870841e-01  6.801871491e-01  1.089463015e+00
 7.025440313e-01  6.819847104e-01  1.087872282e+00
 7.045009785e-01  6.837849059e-01  1.086277036e+00
 7.064579256e-01  6.855877510e-01  1.084676813e+00
 7.084148728e-01  6.873932621e-01  1.083071332e+00
 7.103718200e-01  6.892014562e-01  1.081460473e+00
 7.123287671e-01  6.910123504e-01  1.079843737e+00
 7.142857143e-01  6.928259630e-01  1.078220894e+00
 7.162426614e-01  6.946423128e-01  1.076591591e+00
 7.181996086e-01  6.964614191e-01  1.074955568e+00
 7.201565558e-01  6.982833020e-01  1.073312474e+00
 7.221135029e-01  7.001079822e-01  1.071662536e+00
 7.240704501e-01  7.019354800e-01  1.070005100e+00
 7.260273973e-01  7.037658179e-01  1.068339157e+00
 7.279843444e-01  7.055990199e-01  1.066664101e+00
 7.299412916e-01  7.074351109e-01  1.064980096e+00
 7.318982387e-01  7.092741157e-01  1.063286404e+00
 7.338551859e-01  7.111160615e-01  1.061581583e+00
 7.358121331e-01  7.129609777e-01  1.059865541e+00
 7.377690802e-01  7.148088939e-01  1.058136970e+00
 7.397260274e-01  7.166598432e-01  1.056395033e+00
 7.416829746e-01  7.185138597e-01  1.054638413e+00
 7.436399217e-01  7.203709808e-01  1.052865688e+00
 7.455968689e-01  7.222312466e-01  1.051075612e+00
 7.475538160e-01  7.240946995e-01  1.049266895e+00
 7.495107632e-01  7.259613845e-01  1.047439290e+00
 7.514677104e-01  7.278313475e-01  1.045591217e+00
 7.534246575e-01  7.297046390e-01  1.043719362e+00
 7.553816047e-01  7.315813160e-01  1.041822041e+00
 7.573385519e-01  7.334614374e-01  1.039898491e+00
 7.592954990e-01  7.353450647e-01  1.037947332e+00
 7.612524462e-01  7.372322624e-01  1.035966799e+00
 7.632093933e-01  7.391230988e-01  1.033956662e+00
 7.651663405e-01  7.410176430e-01  1.031915124e+00
 7.671232877e-01  7.429159684e-01  1.029840863e+00
 7.690802348e-01  7.448181488e-01  1.027737811e+00
 7.710371820e-01  7.467242486e-01  1.025611231e+00
 7.729941292e-01  7.486343244e-01  1.023463887e+00
 7.749510763e-01  7.505484300e-01  1.021298507e+00
 7.769080235e-01  7.524666164e-01  1.019109572e+00
 7.788649706e-01  7.543889420e-01  1.016911747e+00
 7.808219178e-01  7.563154310e-01  1.014706942e+00
 7.827788650e-01  7.582461146e-01  1.012498509e+00
 7.847358121e-01  7.601810092e-01  1.010298822e+00
 7.866927593e-01  7.621201077e-01  1.008111465e+00
 7.886497065e-01  7.640633990e-01  1.005947336e+00
 7.906066536e-01  7.660108451e-01  1.003816929e+00
 7.925636008e-01  7.679623931e-01  1.001722631e+00
 7.945205479e-01  7.699179885e-01  9.996654505e-01
 7.964774951e-01  7.718775697e-01  9.976526227e-01
 7.984344423e-01  7.738410532e-01  9.956992057e-01
 8.003913894e-01  7.758083219e-01  9.938212963e-01
 8.023483366e-01  7.777792313e-01  9.920235797e-01
 8.043052838e-01  7.797536319e-01  9.903075738e-01
 8.062622309e-01  7.817313594e-01  9.886968198e-01
 8.082191781e-01  7.837121938e-01  9.872053076e-01
 8.101761252e-01  7.856959003e-01  9.858359178e-01
 8.121330724e-01  7.876822386e-01  9.845904105e-01
 8.140900196e-01  7.896709592e-01  9.834770663e-01
 8.160469667e-01  7.916617877e-01  9.825101387e-01
 8.180039139e-01  7.936544203e-01  9.816993679e-01
 8.199608611e-01  7.956485400e-01  9.810450130e-01
 8.219178082e-01  7.976438337e-01  9.805449766e-01
 8.238747554e-01  7.996399943e-01  9.801919306e-01
 8.258317025e-01  8.016367340e-01  9.799741217e-01
 8.277886497e-01  8.036337904e-01  9.798766889e-01
 8.297455969e-01  8.056309263e-01  9.798970543e-01
 8.317025440e-01  8.076279016e-01  9.800400190e-01
 8.336594912e-01  8.096244822e-01  9.802754811e-01
 8.356164384e-01  8.116205157e-01  9.805716165e-01
 8.375733855e-01  8.136159024e-01  9.809037315e-01
 8.395303327e-01  8.156105783e-01  9.812769063e-01
 8.414872798e-01  8.176044612e-01  9.816845990e-01
 8.434442270e-01  8.195975094e-01  9.820869562e-01
 8.454011742e-01  8.215897672e-01  9.824608973e-01
 8.473581213e-01  8.235813039e-01  9.827953820e-01
 8.493150685e-01  8.255722045e-01  9.830913363e-01
 8.512720157e-01  8.275625501e-01  9.833425611e-01
 8.532289628e-01  8.295524453e-01  9.835337032e-01
 8.551859100e-01  8.315420300e-01  9.836459594e-01
 8.571428571e-01  8.335314818e-01  9.836592849e-01
 8.590998043e-01  8.355210105e-01  9.835710981e-01
 8.610567515e-01  8.375108202e-01  9.833825970e-01
 8.630136986e-01  8.395011182e-01  9.830858428e-01
 8.649706458e-01  8.414921314e-01  9.826749787e-01
 8.669275930e-01  8.434840933e-01  9.821498240e-01
 8.688845401e-01  8.454772358e-01  9.815111639e-01
 8.708414873e-01  8.474717894e-01  9.807612886e-01
 8.727984344e-01  8.494679809e-01  9.799012274e-01
 8.747553816e-01  8.514660374e-01  9.789309102e-01
 8.767123288e-01  8.534661873e-01  9.778510368e-01
 8.786692759e-01  8.554686569e-01  9.766654349e-01
 8.806262231e-01  8.574736663e-01  9.753754283e-01
 8.825831703e-01  8.594814380e-01  9.739790126e-01
 8.845401174e-01  8.614922000e-01  9.724760966e-01
 8.864970646e-01  8.635061797e-01  9.708702204e-01
 8.884540117e-01  8.655235972e-01  9.691654656e-01
 8.904109589e-01  8.675446678e-01  9.673633062e-01
 8.923679061e-01  8.695696065e-01  9.654680508e-01
 8.943248532e-01  8.715986219e-01  9.634791162e-01
 8.962818004e-01  8.736319301e-01  9.613951435e-01
 8.982387476e-01  8.756697502e-01  9.592172739e-01
 9.001956947e-01  8.777122984e-01  9.569501393e-01
 9.021526419e-01  8.797597815e-01  9.546021188e-01
 9.041095890e-01  8.818123954e-01  9.521696162e-01
 9.060665362e-01  8.838703526e-01  9.496519022e-01
 9.080234834e-01  8.859338657e-01  9.470491580e-01
 9.099804305e-01  8.880031517e-01  9.443591266e-01
 9.119373777e-01  8.900784338e-01  9.415869568e-01
 9.138943249e-01  8.921599252e-01  9.387320184e-01
 9.158512720e-01  8.942478499e-01  9.357914615e-01
 9.178082192e-01  8.963424348e-01  9.327776677e-01
 9.197651663e-01  8.984438827e-01  9.296859094e-01
 9.217221135e-01  9.005524267e-01  9.265057486e-01
 9.236790607e-01  9.026683152e-01  9.232499719e-01
 9.256360078e-01  9.047917673e-01  9.199147197e-01
 9.275929550e-01  9.069230359e-01  9.164840217e-01
 9.295499022e-01  9.090624056e-01  9.129636290e-01
 9.315068493e-01  9.112101341e-01  9.093744131e-01
 9.334637965e-01  9.133664563e-01  9.056888835e-01
 9.354207436e-01  9.155317052e-01  9.018810334e-01
 9.373776908e-01  9.177062332e-01  8.979960030e-01
 9.393346380e-01  9.198902707e-01  8.940512738e-01
 9.412915851e-01  9.220840901e-01  8.899827008e-01
 9.432485323e-01  9.242881507e-01  8.857451286e-01
 9.452054795e-01  9.265029437e-01  8.813855027e-01
 9.471624266e-01  9.287287578e-01  8.770841888e-01
 9.491193738e-01  9.309655645e-01  8.726572716e-01
 9.510763209e-01  9.332140622e-01  8.679721927e-01
 9.530332681e-01  9.354750930e-01  8.627745581e-01
 9.549902153e-01  9.377495466e-01  8.576421333e-01
 9.569471624e-01  9.400345838e-01  8.569806497e-01
 9.589041096e-01  9.423178687e-01  8.571553366e-01
 9.608610568e-01  9.446031422e-01  8.551100717e-01
 9.628180039e-01  9.468977269e-01  8.500769261e-01
 9.647749511e-01  9.492102373e-01  8.418297425e-01
 9.667318982e-01  9.515498748e-01  8.308299890e-01
 9.686888454e-01  9.539258277e-01  8.154535399e-01
 9.706457926e-01  9.563536573e-01  7.955098045e-01
 9.726027397e-01  9.588470991e-01  7.741377908e-01
 9.745596869e-01  9.614101926e-01  7.530054770e-01
 9.765166341e-01  9.640449958e-01  7.326857750e-01
 9.784735812e-01  9.667517480e-01  7.135915920e-01
 9.804305284e-01  9.695290310e-01  6.960075355e-01
 9.823874755e-01  9.723739288e-01  6.801197059e-01
 9.843444227e-01  9.752821875e-01  6.660415807e-01
 9.863013699e-01  9.782483725e-01  6.538353078e-01
 9.882583170e-01  9.812660244e-01  6.435285433e-01
 9.902152642e-01  9.843278126e-01  6.351274091e-01
 9.921722114e-01  9.874256860e-01  6.286262040e-01
 9.941291585e-01  9.905510213e-01  6.240145355e-01
 9.960861057e-01  9.936947676e-01  6.212824410e-01
 9.980430528e-01  9.968475886e-01  6.207375274e-01
 1.000000000e+00  1.000000000e+00  6.208181558e-01
4  3.696033063e-01  6.707141845e-01  1.008868561e+00  7.454667746e-01  9.602183311e-01  6.472828669e+01  4.669545088e-01  9.952228514e-01  3.096597968e-01  2.663400641e+00
5  4.837404988e-01  9.735267402e-01  1.006162100e+00  6.112087616e-01  9.338883441e-01  3.849080122e+01  4.140974404e-01  1.040266254e+00  4.670850485e-01  2.781227105e+00
6  5.760791535e-01  1.102628027e+00  1.004143344e+00  5.208036492e-01  9.128139866e-01  2.812109137e+01  3.830247749e-01  1.109706364e+00  5.822352071e-01  2.754562801e+00
7  6.595320603e-01  1.178090931e+00  1.002440013e+00  4.560025795e-01  8.963424384e-01  2.228388596e+01  3.608368353e-01  1.183803063e+00  6.778960793e-01  2.698499366e+00
8  7.356124466e-01  1.281052808e+00  1.001029693e+00  4.072831572e-01  8.874295611e-01  1.873012603e+01  3.444205261e-01  1.262064061e+00  7.595729901e-01  2.629856774e+00
9  8.020597861e-01  1.487753182e+00  9.999715106e-01  3.689793617e-01  8.927982438e-01  1.684004496e+01  3.329421680e-01  1.357054490e+00  8.262462761e-01  2.546114410e+00
10  8.538570106e-01  1.939173208e+00  9.992641451e-01  3.376363586e-01  9.222435887e-01  1.644911097e+01  3.257213917e-01  1.479248889e+00  8.770944522e-01  2.437763153e+00
11  8.911809113e-01  2.477274518e+00  9.988902932e-01  3.111750557e-01  9.882869589e-01  1.770170199e+01  3.220392909e-01  1.662485842e+00  9.129746298e-01  2.312155499e+00
12  9.294436863e-01  1.395091543e+00  9.990349930e-01  2.900080396e-01  1.087071537e+00  1.997963368e+01  3.215652262e-01  1.852646062e+00  9.477889817e-01  2.210795598e+00
13  9.637975438e-01  3.596326125e+00  9.996974329e-01  2.723847381e-01  1.237672220e+00  2.422711057e+01  3.245996859e-01  2.185088728e+00  9.763350941e-01  2.117566681e+00
14  9.796215542e-01  5.840811748e+00  9.998676440e-01  2.551484252e-01  1.441659903e+00  3.148249508e+01  3.273223803e-01  2.960072138e+00  9.871957532e-01  1.998935893e+00
15  9.888903859e-01  9.498206185e+00  9.999321180e-01  2.396612650e-01  1.638028353e+00  3.892919092e+01  3.303292197e-01  4.365130152e+00  9.930911476e-01  1.883447283e+00
16  9.950480748e-01  1.587143987e+01  9.999695375e-01  2.225984775e-01  1.789688150e+00  4.392857358e+01  3.343564882e-01  8.128963690e+00  9.969264480e-01  1.776793294e+00
0 0 -1.259317165e-01 -1.453822549e-17
0 1  1.377065272e-02 -4.264135450e-03
0 2 -1.408551220e-02  4.841700436e-03
0 3  5.324583133e-03 -5.585730497e-03
0 4 -2.510263135e-03  5.546069194e-03
0 5 -1.455264159e-03 -4.404802708e-03
0 6  3.312197107e-03  1.457271945e-03
0 7 -2.358577170e-03  2.123384649e-03
0 8 -1.650712895e-03 -2.166014974e-03
0 9  1.432808262e-03 -1.875867307e-03
0 10  2.137089543e-03  1.351309189e-04
0 11  1.497665695e-03  1.294798127e-03
0 12  6.863142336e-04  1.679596722e-03
1 0 -1.093501550e-01 -3.386069505e-02
1 1 -9.748818818e-02 -3.729465301e-18
1 2  1.008867300e-02 -5.844463809e-03
1 3 -1.368319565e-02  6.957068049e-03
1 4  2.831278297e-03 -7.633844548e-03
1 5  3.576792494e-04  6.392910797e-03
1 6 -4.778709652e-03 -2.679727354e-03
1 7  3.350949935e-03 -2.519663201e-03
1 8  1.681351596e-03  3.218561927e-03
1 9 -2.371380385e-03  2.239042583e-03
1 10 -2.922834677e-03 -5.887705584e-04
1 11 -1.842051765e-03 -2.024674692e-03
1 12 -7.639096928e-04 -2.497529340e-03
2 0  1.118503947e-01  3.844702963e-02
2 1 -1.034861063e-01 -5.995048137e-02
2 2 -7.852942776e-02 -7.935648663e-18
2 3  6.328437050e-03 -7.001156896e-03
2 4 -1.065366598e-02  8.169511231e-03
2 5 -1.204976545e-03 -7.875853788e-03
2 6  3.638270690e-03  4.137640740e-03
2 7 -5.188894061e-03  2.004688925e-03
2 8 -1.590804219e-03 -4.077480319e-03
2 9  2.872275876e-03 -1.971026071e-03
2 10  2.873944298e-03  1.296848090e-03
2 11  1.374367584e-03  2.631550278e-03
2 12 -2.403575146e-05  2.666864268e-03
3 0 -4.228151002e-02 -4.435523197e-02
3 1  1.403574721e-01  7.136318952e-02
3 2 -8.058682243e-02 -8.915329063e-02
3 3 -6.530332786e-02  3.654812800e-17
3 4  3.322213871e-03 -8.097399238e-03
3 5 -7.201568289e-03  8.798984453e-03
3 6 -5.516602333e-03 -6.313567676e-03
3 7  4.636587417e-03 -5.914112055e-04
3 8 -7.603665555e-04  4.811408281e-03
3 9 -4.370928994e-03  1.012004889e-03
3 10 -3.095780692e-03 -2.418459384e-03
3 11 -9.837518800e-04 -3.299528093e-03
3 12  4.291672778e-04 -3.326013271e-03
4 0  1.993352592e-02  4.404028904e-02
4 1 -2.904227015e-02 -7.830532797e-02
4 2  1.356646328e-01  1.040312080e-01
4 3 -5.087357688e-02 -1.239967319e-01
4 4 -5.567065094e-02  6.982939369e-17
4 5  4.599495802e-04 -9.291704800e-03
4 6 -3.596003062e-03  8.526566918e-03
4 7 -8.947096499e-03 -2.420894685e-03
4 8  9.525083939e-04 -4.973459308e-03
4 9  3.529754098e-03  8.870486790e-04
4 10  8.588979410e-04  3.756529166e-03
4 11 -1.524618797e-03  3.627308320e-03
4 12 -2.863408964e-03  2.094654655e-03
5 0  1.155597810e-02 -3.497770721e-02
5 1 -3.668949604e-03  6.557626023e-02
5 2  1.534426749e-02 -1.002917507e-01
5 3  1.102787335e-01  1.347402152e-01
5 4 -8.261975968e-03 -1.669049067e-01
5 5 -4.809645848e-02 -7.819505621e-18
5 6 -2.733021066e-03 -1.038709633e-02
5 7 -1.055490083e-04  6.402620233e-03
5 8 -8.319458092e-03  2.878357387e-03
5 9 -5.152554349e-03 -3.713349379e-03
5 10 -3.347011679e-04 -4.381670940e-03
5 11  2.004712424e-03 -2.657463875e-03
5 12  2.718918203e-03 -1.865354557e-03
6 0 -2.630153228e-02  1.157192155e-02
6 1  4.901834511e-02 -2.748771317e-02
6 2 -4.633002932e-02  5.268904738e-02
6 3  8.447658815e-02 -9.668064221e-02
6 4  6.459423415e-02  1.531608985e-01
6 5  5.682374862e-02 -2.159638497e-01
6 6 -4.166245836e-02  5.125834965e-18
6 7 -6.271148212e-03 -1.090095726e-02
6 8  2.104408096e-03  1.891882362e-03
6 9 -3.239583885e-03  5.235773471e-03
6 10 -6.313406640e-03  2.235635666e-03
6 11 -6.116479267e-03 -6.503268618e-04
6 12 -4.652271886e-03 -3.699941194e-03
7 0  1.872901629e-02  1.686139686e-02
7 1 -3.437288145e-02 -2.584583064e-02
7 2  6.607579107e-02  2.552786876e-02
7 3 -7.100078309e-02 -9.056371625e-03
7 4  1.607147814e-01 -4.348601362e-02
7 5  2.194527655e-03  1.331204092e-01
7 6  1.505227598e-01 -2.616494006e-01
7 7 -3.585520536e-02 -7.996343862e-18
7 8 -8.106663427e-03 -9.192573910e-03
7 9  1.221122458e-03 -2.673794946e-03
7 10  9.980210454e-04  2.325875641e-03
7 11 -1.073898792e-03  3.837536990e-03
7 12 -1.996549220e-03  1.968204743e-03
8 0  1.310799964e-02 -1.719991623e-02
8 1 -1.724672114e-02  3.301489121e-02
8 2  2.025742787e-02 -5.192295978e-02
8 3  1.164361114e-02  7.367784213e-02
8 4 -1.710970463e-02 -8.933718619e-02
8 5  1.729744425e-01  5.984551624e-02
8 6 -5.051089587e-02  4.540976305e-02
8 7  2.260944637e-01 -2.563804563e-01
8 8 -3.195202627e-02 -9.663485290e-17
8 9 -9.972433264e-03 -7.265849282e-03
8 10 -2.137559564e-03 -5.906908184e-03
8 11  7.108908735e-04 -2.831852711e-03
8 12  2.658035487e-03 -2.927190974e-03
9 0 -1.137766007e-02 -1.489590834e-02
9 1  2.432479697e-02  2.296732174e-02
9 2 -3.657579022e-02 -2.509920328e-02
9 3  6.693271442e-02  1.549698802e-02
9 4 -6.340421817e-02  1.593386576e-02
9 5  1.071295998e-01 -7.720629537e-02
9 6  7.775786674e-02  1.256712560e-01
9 7 -3.405704822e-02 -7.457201594e-02
9 8  3.121064430e-01 -2.273987015e-01
9 9 -2.830463169e-02  1.139794259e-16
9 10 -1.351333664e-02 -6.170936220e-03
9 11 -7.564523830e-03 -7.142069440e-03
9 12 -1.312762392e-03 -9.564828216e-03
10 0 -1.697022484e-02  1.073049131e-03
10 1  2.998142372e-02 -6.039404049e-03
10 2 -3.659703604e-02  1.651416707e-02
10 3  4.740617046e-02 -3.703424408e-02
10 4 -1.542820008e-02  6.747773024e-02
10 5  6.958956615e-03 -9.110173761e-02
10 6  1.515370645e-01  5.366067567e-02
10 7 -2.783476026e-02  6.486856281e-02
10 8  6.689903000e-02 -1.848680310e-01
10 9  4.774249244e-01 -2.180186016e-01
10 10 -2.189339286e-02  1.769614726e-16
10 11 -1.178139931e-02 -3.109384091e-03
10 12 -5.421477180e-03 -7.084239345e-03
11 0 -1.189268070e-02  1.028174762e-02
11 1  1.889512770e-02 -2.076841031e-02
11 2 -1.750130650e-02  3.351037125e-02
11 3  1.506434530e-02 -5.052618604e-02
11 4  2.738640147e-02  6.515656381e-02
11 5 -4.168108187e-02 -5.525279737e-02
11 6  1.468103302e-01 -1.560942122e-02
11 7  2.995098707e-02  1.070287271e-01
11 8 -2.224869457e-02 -8.862826686e-02
11 9  2.672539220e-01 -2.523286478e-01
11 10  5.381257891e-01 -1.420238568e-01
11 11 -1.800758386e-02  3.444438804e-17
11 12 -5.519191095e-03 -3.966094929e-03
12 0 -5.449891835e-03  1.333736066e-02
12 1  7.835920506e-03 -2.561878918e-02
12 2  3.060731773e-04  3.396006242e-02
12 3 -6.571905167e-03 -5.093175770e-02
12 4  5.143480300e-02  3.762583372e-02
12 5 -5.653052821e-02 -3.878361559e-02
12 6  1.116658034e-01 -8.880755818e-02
12 7  5.568366433e-02  5.489313820e-02
12 8 -8.318832318e-02 -9.161206083e-02
12 9  4.637977297e-02 -3.379244896e-01
12 10  2.476307449e-01 -3.235788711e-01
12 11  3.064925943e-01 -2.202458120e-01
12 12 -1.740872943e-02  3.033241630e-17
0 0 -8.246124082e+00  2.410705828e-16
0 1 -8.694551676e-01  3.644187757e-01
0 2  1.174884004e+00 -3.361055855e-01
0 3 -2.749347617e-01  2.725728980e-01
0 4  1.255679444e-01 -2.285834525e-01
0 5  4.459852927e-02  1.625822400e-01
0 6 -1.042848380e-01 -5.284216203e-02
0 7  7.814312784e-02 -5.527499238e-02
0 8  4.998734453e-02  6.445402026e-02
0 9 -2.654631318e-02  7.148287388e-02
0 10 -4.980915427e-02 -5.786636859e-03
0 11 -1.380149712e-02 -6.081635401e-02
0 12 -1.087568650e-03 -4.128249361e-02
1 0 -8.694551676e-01 -3.644187757e-01
1 1 -1.084642062e+01 -1.285133099e-15
1 2 -8.940785970e-01  8.078439977e-01
1 3  1.870028473e+00 -7.994199942e-01
1 4 -2.476959622e-01  5.977377860e-01
1 5  1.688767887e-02 -4.271633773e-01
1 6  2.563430958e-01  1.686828415e-01
1 7 -1.868956441e-01  1.043527732e-01
1 8 -8.004614112e-02 -1.531397125e-01
1 9  7.528017902e-02 -1.279048707e-01
1 10  8.876078685e-02  3.528047568e-02
1 11 -1.212158310e-02  1.336045702e-01
1 12  4.907801876e-02  1.174126000e-01
2 0  1.174884004e+00  3.361055855e-01
2 1 -8.940785970e-01 -8.078439977e-01
2 2 -1.357782961e+01 -3.795269962e-15
2 3 -6.659177822e-01  1.441652532e+00
2 4  2.229601575e+00 -1.425192133e+00
2 5  9.892007682e-02  9.264883678e-01
2 6 -3.074859816e-01 -4.403271391e-01
2 7  4.483670593e-01 -1.124954644e-01
2 8  9.840098236e-02  3.108781268e-01
2 9 -1.709248392e-01  1.919231341e-01
2 10 -1.472813763e-01 -7.467329616e-02
2 11  2.564668425e-02 -1.978406971e-01
2 12  7.834812022e-02 -1.296173648e-01
3 0 -2.749347617e-01 -2.725728980e-01
3 1  1.870028473e+00  7.994199942e-01
3 2 -6.659177822e-01 -1.441652532e+00
3 3 -1.649974942e+01 -2.119116237e-16
3 4 -1.792686888e-01  2.340497313e+00
3 5  2.280624418e+00 -2.228686137e+00
3 6  8.566287609e-01  1.089805957e+00
3 7 -6.453703526e-01 -7.566217485e-02
3 8  1.350065292e-01 -5.575719562e-01
3 9  3.833148519e-01 -1.536028942e-01
3 10  1.539133671e-01  2.132154445e-01
3 11 -2.025859407e-01  2.873922401e-01
3 12  2.422815821e-02  3.024718223e-01
4 0  1.255679444e-01  2.285834525e-01
4 1 -2.476959622e-01 -5.977377860e-01
4 2  2.229601575e+00  1.425192133e+00
4 3 -1.792686888e-01 -2.340497313e+00
4 4 -1.972600929e+01 -4.296284313e-14
4 5  7.655393413e-01  3.647173067e+00
4 6  1.874831880e+00 -3.145158918e+00
4 7  2.008311680e+00  7.384806827e-01
4 8 -3.178931871e-01  7.958131748e-01
4 9 -5.704381009e-01 -2.542565809e-02
4 10 -6.773939396e-02 -3.949655221e-01
4 11  4.185735402e-01 -2.703746561e-01
4 12  5.493630000e-01 -1.323132161e-01
5 0  4.459852927e-02 -1.625822400e-01
5 1  1.688767887e-02  4.271633773e-01
5 2  9.892007682e-02 -9.264883678e-01
5 3  2.280624418e+00  2.228686137e+00
5 4  7.655393413e-01 -3.647173067e+00
5 5 -2.345928237e+01 -2.148123147e-14
5 6  2.553294642e+00  5.567688556e+00
5 7  1.012385475e+00 -3.937432508e+00
5 8  2.739690906e+00 -7.336707060e-01
5 9  1.074732990e+00  7.819233826e-01
5 10 -2.373475623e-01  5.921641788e-01
5 11 -8.168579649e-01 -1.468340886e-01
5 12 -2.194495169e-01  2.553918738e-01
6 0 -1.042848380e-01  5.284216203e-02
6 1  2.563430958e-01 -1.686828415e-01
6 2 -3.074859816e-01  4.403271391e-01
6 3  8.566287609e-01 -1.089805957e+00
6 4  1.874831880e+00  3.145158918e+00
6 5  2.553294642e+00 -5.567688556e+00
6 6 -2.789879431e+01  1.566224019e-14
6 7  5.353629705e+00  7.492565518e+00
6 8 -5.446822708e-01 -3.010835111e+00
6 9  1.125417219e+00 -1.952068458e+00
6 10  1.428478435e+00 -3.097680143e-01
6 11  9.074721754e-01  8.974560304e-01
6 12  1.348430405e+00  1.150134472e+00
7 0  7.814312784e-02  5.527499238e-02
7 1 -1.868956441e-01 -1.043527732e-01
7 2  4.483670593e-01  1.124954644e-01
7 3 -6.453703526e-01  7.566217485e-02
7 4  2.008311680e+00 -7.384806827e-01
7 5  1.012385475e+00  3.937432508e+00
7 6  5.353629705e+00 -7.492565518e+00
7 7 -3.234915708e+01  1.337672303e-13
7 8  8.039006999e+00  7.973973795e+00
7 9 -9.132006216e-01  4.258567124e-01
7 10 -1.011715793e-01 -1.849265572e+00
7 11  1.654873159e+00 -2.217768340e+00
7 12  1.575363333e+00 -6.735386160e-01
8 0  4.998734453e-02 -6.445402026e-02
8 1 -8.004614112e-02  1.531397125e-01
8 2  9.840098236e-02 -3.108781268e-01
8 3  1.350065292e-01  5.575719562e-01
8 4 -3.178931871e-01 -7.958131748e-01
8 5  2.739690906e+00  7.336707060e-01
8 6 -5.446822708e-01  3.010835111e+00
8 7  8.039006999e+00 -7.973973795e+00
8 8 -3.681902376e+01 -6.487751449e-15
8 9  1.187643069e+01  7.465669714e+00
8 10 -1.784292762e-01  1.506067277e+00
8 11 -1.506999466e+00 -3.079081379e+00
8 12 -7.002701105e-01  3.529400453e-01
9 0 -2.654631318e-02 -7.148287388e-02
9 1  7.528017902e-02  1.279048707e-01
9 2 -1.709248392e-01 -1.919231341e-01
9 3  3.833148519e-01  1.536028942e-01
9 4 -5.704381009e-01  2.542565809e-02
9 5  1.074732990e+00 -7.819233826e-01
9 6  1.125417219e+00  1.952068458e+00
9 7 -9.132006216e-01 -4.258567124e-01
9 8  1.187643069e+01 -7.465669714e+00
9 9 -4.882930018e+01 -5.428187687e-13
9 10  1.911138163e+01  7.630420198e+00
9 11  1.016728615e+00  1.986193486e+00
9 12  4.840375664e-02  5.730353284e+00
10 0 -4.980915427e-02  5.786636859e-03
10 1  8.876078685e-02 -3.528047568e-02
10 2 -1.472813763e-01  7.467329616e-02
10 3  1.539133671e-01 -2.132154445e-01
10 4 -6.773939396e-02  3.949655221e-01
10 5 -2.373475623e-01 -5.921641788e-01
10 6  1.428478435e+00  3.097680143e-01
10 7 -1.011715793e-01  1.849265572e+00
10 8 -1.784292762e-01 -1.506067277e+00
10 9  1.911138163e+01 -7.630420198e+00
10 10 -6.512200458e+01 -4.644493920e-13
10 11  2.583301666e+01  6.485055919e+00
10 12  6.547251813e+00  9.278658736e+00
11 0 -1.380149712e-02  6.081635401e-02
11 1 -1.212158310e-02 -1.336045702e-01
11 2  2.564668425e-02  1.978406971e-01
11 3 -2.025859407e-01 -2.873922401e-01
11 4  4.185735402e-01  2.703746561e-01
11 5 -8.168579649e-01  1.468340886e-01
11 6  9.074721754e-01 -8.974560304e-01
11 7  1.654873159e+00  2.217768340e+00
11 8 -1.506999466e+00  3.079081379e+00
11 9  1.016728615e+00 -1.986193486e+00
11 10  2.583301666e+01 -6.485055919e+00
11 11 -6.371460096e+01 -4.512776301e-13
11 12  1.760568429e+01  1.265145815e+01
12 0 -1.087568650e-03  4.128249361e-02
12 1  4.907801876e-02 -1.174126000e-01
12 2  7.834812022e-02  1.296173648e-01
12 3  2.422815821e-02 -3.024718223e-01
12 4  5.493630000e-01  1.323132161e-01
12 5 -2.194495169e-01 -2.553918738e-01
12 6  1.348430405e+00 -1.150134472e+00
12 7  1.575363333e+00  6.735386160e-01
12 8 -7.002701105e-01 -3.529400453e-01
12 9  4.840375664e-02 -5.730353284e+00
12 10  6.547251813e+00 -9.278658736e+00
12 11  1.760568429e+01 -1.265145815e+01
12 12 -5.744244597e+01 -1.000858903e-13
0  2.322370309e-02 -5.740159630e-04 -1.087883147e-01 -1.292654295e-02
1  3.704945307e-02 -3.596872957e-04  1.376331381e-01  3.793203173e-02
2  4.968621272e-02 -1.199443022e-03 -1.400291528e-01 -7.521432185e-02
3  6.925476503e-02 -1.005543589e-03  1.155542392e-01  1.245496547e-01
4  9.445720705e-02 -2.881544325e-03 -4.853823015e-02 -1.707165954e-01
5  1.249932379e-01 -3.102634030e-03 -6.636398695e-02  1.685723496e-01
6  1.559900157e-01 -5.215721478e-03  1.717163526e-01 -5.635283008e-02
7  1.789016874e-01 -6.743437819e-03 -1.184047247e-01 -1.311275839e-01
8  2.090174658e-01 -7.828442932e-03 -1.148222293e-01  1.280886275e-01
9  2.380026160e-01 -9.795654710e-03  8.958974382e-02  1.384519513e-01
10  2.399578940e-01 -1.064165982e-02  1.560580937e-01  3.305737428e-03
11  2.338278843e-01 -1.197027716e-02  1.196290562e-01 -8.608280838e-02
12  1.479044582e-01 -1.208866181e-01  6.533276093e-02 -1.227685643e-01
