13  2.236318902e-07
4 3  3.660073343e-01  1.333333333e+00  7.981571397e-01  5.071252981e-01  3.252642365e+08 -4.444570661e-02  3.305920578e+06  2.960342748e+02  1.397995641e+00  1.436053089e-03 -2.957067893e-02 -4.289172677e-02 -4.702722357e+00 -5.565591459e+00  7.692448754e-03  2.016555612e-03  9.920426916e-01  1.009150898e+00  2.627643324e+00  3.064830043e-01
5 3  4.823408596e-01  1.666666667e+00  7.227353969e-01  5.071252981e-01  2.567697625e+08 -3.679167209e-02  3.305920578e+06  2.014859811e+02  1.333406592e+00  1.620924992e-03 -2.369781825e-02 -3.418805816e-02 -3.521773900e+00 -5.091989614e+00  7.947628135e-03  2.055649680e-03  1.036157831e+00  1.006168604e+00  2.762074050e+00  4.656337838e-01
6 3  5.781913976e-01  2.000000000e+00  6.762713550e-01  5.071252981e-01  2.159403456e+08 -2.692707680e-02  3.305920578e+06  1.596127471e+02  1.357637265e+00  1.914570292e-03 -1.666941390e-02 -2.511535514e-02 -2.689054404e+00 -4.341074754e+00  8.197171248e-03  2.140883582e-03  1.105713060e+00  1.004084266e+00  2.753411014e+00  5.850724078e-01
7 3  6.617758468e-01  2.333333333e+00  6.445249966e-01  5.071252981e-01  1.914641920e+08 -2.173326950e-02  3.305920578e+06  1.329378073e+02  1.388775856e+00  2.190488461e-03 -1.391942679e-02 -2.106634806e-02 -2.171298478e+00 -3.750144008e+00  8.424332360e-03  2.215792034e-03  1.183964183e+00  1.002491229e+00  2.696956627e+00  6.803865865e-01
8 3  7.356323516e-01  2.666666667e+00  6.213833952e-01  5.071252981e-01  1.800580146e+08 -1.729303387e-02  3.305920578e+06  1.161126940e+02  1.422048297e+00  2.417989940e-03 -1.157195133e-02 -1.782442272e-02 -1.821017156e+00 -3.285577155e+00  8.652538643e-03  2.282129074e-03  1.266603416e+00  1.001194598e+00  2.619810264e+00  7.594210201e-01
9 3  8.015125218e-01  3.000000000e+00  6.039289707e-01  5.071252981e-01  1.664370640e+08 -1.506517361e-02  3.305920578e+06  1.029149957e+02  1.433212082e+00  2.560757769e-03 -9.054026805e-03 -1.460438867e-02 -1.567841805e+00 -2.882934284e+00  8.740083162e-03  2.316652550e-03  1.360573363e+00  1.000122450e+00  2.534553635e+00  8.258837816e-01
10 3  8.552313927e-01  3.333333333e+00  5.909773874e-01  5.071252981e-01  1.425227163e+08 -1.068701487e-02  3.305920578e+06  9.056333291e+01  1.343983800e+00  2.425948619e-03 -4.188383923e-03 -9.700490636e-03 -1.519728819e+00 -2.784982590e+00  8.363369812e-03  2.227569391e-03  1.478745258e+00  9.993585026e-01  2.432122550e+00  8.786677851e-01
11 3  8.944568799e-01  3.666666667e+00  5.799487837e-01  5.071252981e-01  1.193623251e+08 -6.286621430e-03  3.305920578e+06  7.941979489e+01  1.230392959e+00  2.742895845e-03  5.098869635e-03 -3.900756612e-03 -2.855707492e+00 -4.216838087e+00  7.866266660e-03  2.097953262e-03  1.657388677e+00  9.989962743e-01  2.311591565e+00  9.164201241e-01
12 3  9.318790481e-01  4.000000000e+00  5.125118705e-01  5.071252981e-01  1.114233278e+08 -5.733949775e-03  3.305920578e+06  6.971451181e+01  1.615269235e+00  1.276644317e-02  5.158715954e-02  9.873949887e-03 -2.827666648e+01 -1.482300803e+01  9.657025577e-03  2.598404205e-03  1.865780915e+00  9.991383031e-01  2.207925528e+00  9.504001315e-01
13 3  9.653460184e-01  4.333333333e+00  3.027459223e-01  5.071252981e-01  2.471561579e+07  2.433220267e-02  3.305920578e+06  7.389847515e+01  1.089547793e+00  1.190197929e-02  5.734203223e-02  2.032872284e-02 -3.308393646e+01 -1.368810683e+01  7.911340431e-03  2.334847045e-03  2.221243718e+00  9.997479568e-01  2.112567973e+00  9.778977972e-01
14 3  9.806735928e-01  4.666666667e+00  2.413741477e-01  5.071252981e-01  1.116659363e+07  2.850437124e-02  3.305920578e+06  7.708350326e+01  8.733016911e-01  8.405868964e-03  3.691803016e-02  1.810370763e-02 -1.901790675e+01 -7.095364118e+00  6.948554909e-03  2.191058748e-03  3.051810536e+00  9.998982892e-01  1.993116935e+00  9.881281651e-01
15 3  9.894810892e-01  5.000000000e+00  2.189348009e-01  5.071252981e-01  6.612690191e+06  2.369339233e-02  3.305920578e+06  7.634968433e+01  7.057431534e-01  5.624233463e-03  2.600628290e-02  1.313652972e-02 -1.409434137e+01 -4.692996496e+00  6.025134888e-03  1.967336560e-03  4.571836158e+00  9.999500831e-01  1.877046662e+00  9.935988490e-01
16 3  9.955002125e-01  5.333333333e+00  2.068628347e-01  5.071252981e-01  4.286561315e+06  1.873601795e-02  3.305920578e+06  7.392920268e+01  5.641838694e-01  3.570212818e-03  1.844605028e-02  8.525971325e-03 -1.157291322e+01 -3.437154007e+00  5.152751176e-03  1.719586353e-03  9.014647255e+00  9.999791014e-01  1.770487264e+00  9.972663253e-01
