10  2.062318989e-07
4 3  4.675170783e-01  1.333333333e+00  7.466785351e-01  5.053719088e-01  3.745489885e+08 -2.566676801e-02  3.560098004e+06  4.370082584e+02  1.387541107e+00  1.500598731e-03 -1.489577046e-02 -2.365126018e-02 -3.502227556e+00 -4.871279249e+00  8.528976588e-03  2.199768138e-03  9.926704083e-01  1.015789772e+00  2.829709259e+00  4.134620294e-01
5 3  6.084788620e-01  1.666666667e+00  6.650936894e-01  5.053719088e-01  2.481642358e+08 -1.564677407e-02  3.560098004e+06  2.952224431e+02  1.266033881e+00  1.718050803e-03 -6.379322156e-03 -1.390837655e-02 -2.535306847e+00 -5.079039859e+00  8.439956796e-03  2.182879207e-03  1.063132420e+00  1.007836067e+00  2.923249466e+00  6.028311936e-01
6 3  7.107113926e-01  2.000000000e+00  6.211996143e-01  5.053719088e-01  1.894083103e+08 -8.812444097e-03  3.560098004e+06  2.273733619e+02  1.220733769e+00  1.864073058e-03 -1.664689300e-03 -8.033917295e-03 -1.976783322e+00 -4.438078676e+00  8.377426613e-03  2.186396712e-03  1.164213866e+00  1.004144293e+00  2.834905865e+00  7.241518641e-01
7 3  7.901485649e-01  2.333333333e+00  5.934488840e-01  5.053719088e-01  1.638078681e+08 -4.223981182e-03  3.560098004e+06  1.842749156e+02  1.226193241e+00  2.038862366e-03  1.802132622e-03 -3.804857571e-03 -1.676708988e+00 -3.832824299e+00  8.496758060e-03  2.221954444e-03  1.286493287e+00  1.002203095e+00  2.696292145e+00  8.097570680e-01
8 3  8.587125239e-01  2.666666667e+00  5.741144353e-01  5.053719088e-01  1.396968068e+08 -4.135264964e-03  3.560098004e+06  1.554205654e+02  1.214383252e+00  2.075862243e-03  9.614760264e-04 -3.739303649e-03 -8.310188890e-01 -3.377580360e+00  8.442153140e-03  2.226633748e-03  1.447902772e+00  1.000868150e+00  2.560561258e+00  8.757912481e-01
9 3  9.047675899e-01  3.000000000e+00  6.122793458e-01  5.053719088e-01  1.067644920e+08  1.255257590e-02  3.560098004e+06  1.281159150e+02  9.991140322e-01  1.508125037e-03 -3.363133358e-03  1.205908749e-03  1.639384427e+01 -3.184181056e+00  7.369370977e-03  1.948390326e-03  1.702603484e+00  9.999730603e-01  2.395980709e+00  9.199555104e-01
10 3  9.294725310e-01  3.333333333e+00  7.338436730e-01  5.053719088e-01  9.482855184e+07  2.163751518e-02  3.560098004e+06  1.057488969e+02  8.350004384e-01  1.358580841e-03  1.208953577e-03  8.477679914e-03  2.253326481e+01 -2.131680625e+00  6.491418710e-03  1.699421120e-03  2.222620624e+00  9.994580754e-01  2.214122433e+00  9.431201364e-01
11 3  9.698365530e-01  3.666666667e+00  4.107992806e-01  5.053719088e-01  1.157074678e+08  2.551426640e-02  3.560098004e+06  1.107784255e+02  1.419420337e+00  1.325424265e-02  1.051807677e-01  1.862500907e-02 -5.269677330e+01 -3.410725572e+01  9.732625835e-03  2.486964125e-03  2.403871281e+00  9.995906979e-01  2.100528414e+00  9.781091550e-01
12 3  9.892249902e-01  4.000000000e+00  2.771069491e-01  5.053719088e-01  1.086349588e+07  2.350132590e-02  3.560098004e+06  1.164995430e+02  6.706037937e-01  7.288204011e-03  4.901431577e-02  9.503341128e-03 -2.386096119e+01 -2.085348343e+01  6.028074371e-03  1.887821461e-03  3.806014100e+00  9.999002217e-01  1.964585748e+00  9.923938946e-01
13 3  9.958019567e-01  4.333333333e+00  2.505941595e-01  5.053719088e-01  4.218100173e+06  2.081619377e-02  3.560098004e+06  1.108633692e+02  4.770194341e-01  4.141190988e-03  2.627532364e-02  6.864821245e-03 -1.869010508e+01 -9.416780610e+00  4.756668734e-03  1.616424008e-03  7.695140529e+00  9.999736546e-01  1.825654838e+00  9.970406028e-01
