10  2.059493696e-07
4 3  4.792331164e-01  1.333333333e+00  7.448023235e-01  5.076462165e-01  3.239846719e+08 -2.216163134e-02  3.597140812e+06  4.261601952e+02  1.356739573e+00  1.631575654e-03 -1.160726756e-02 -2.020256667e-02 -3.402305610e+00 -5.202010414e+00  8.543504358e-03  2.218236343e-03  9.965384732e-01  1.015749021e+00  2.861887213e+00  4.303195403e-01
5 3  6.163833965e-01  1.666666667e+00  6.655277229e-01  5.076462165e-01  2.153859833e+08 -1.196749755e-02  3.597140812e+06  2.916275727e+02  1.240993521e+00  1.747256830e-03 -3.681229631e-03 -1.027971888e-02 -2.504575277e+00 -4.468281006e+00  8.422710698e-03  2.197314352e-03  1.071248487e+00  1.007879725e+00  2.921923945e+00  6.141066440e-01
6 3  7.164571503e-01  2.000000000e+00  6.218131855e-01  5.076462165e-01  1.703707219e+08 -5.133950876e-03  3.597140812e+06  2.181739620e+02  1.206451229e+00  1.842512745e-03  1.057650146e-03 -4.370849877e-03 -1.990564556e+00 -3.708304941e+00  8.433982589e-03  2.201937169e-03  1.174969639e+00  1.004264622e+00  2.820112325e+00  7.319472715e-01
7 3  7.949588613e-01  2.333333333e+00  5.936674936e-01  5.076462165e-01  1.530289109e+08 -1.982643784e-03  3.597140812e+06  1.792951448e+02  1.215082240e+00  1.940262661e-03  3.036739220e-03 -1.647743141e-03 -1.655445922e+00 -3.123117666e+00  8.544134113e-03  2.230995929e-03  1.300867426e+00  1.002267757e+00  2.676761306e+00  8.156343732e-01
8 3  8.607639719e-01  2.666666667e+00  5.768572164e-01  5.076462165e-01  1.329028401e+08 -1.333541262e-03  3.597140812e+06  1.543410604e+02  1.175360458e+00  1.752211477e-03  2.199793056e-03 -1.466584389e-03 -3.282861483e-01 -2.805917032e+00  8.309130397e-03  2.187761604e-03  1.466467133e+00  1.000861709e+00  2.532488255e+00  8.793327234e-01
9 3  9.048206777e-01  3.000000000e+00  6.166534746e-01  5.076462165e-01  1.082149580e+08  1.277731809e-02  3.597140812e+06  1.290830418e+02  9.960368793e-01  1.470903877e-03 -1.980837057e-03  2.516479600e-03  1.463717076e+01 -2.645234870e+00  7.367441183e-03  1.943327984e-03  1.725126829e+00  9.999202027e-01  2.364093355e+00  9.218138035e-01
10 3  9.310355425e-01  3.333333333e+00  7.132557877e-01  5.076462165e-01  1.038073671e+08  1.563456514e-02  3.597140812e+06  1.069112368e+02  9.118120695e-01  6.712959849e-04  1.151695913e-02  1.022016746e-02  6.453680312e+00 -3.083862282e+00  6.911941656e-03  1.802134008e-03  2.211296409e+00  9.994122573e-01  2.188216074e+00  9.461928788e-01
11 3  9.744804243e-01  3.666666667e+00  3.291012253e-01  5.076462165e-01  4.043881828e+07  2.778011472e-02  3.597140812e+06  1.186502036e+02  1.026692480e+00  1.025621199e-02  8.144209355e-02  1.765881547e-02 -3.763192073e+01 -3.062116497e+01  7.986845245e-03  2.209849285e-03  2.566010099e+00  9.997612631e-01  2.082840487e+00  9.826158851e-01
12 3  9.892843262e-01  4.000000000e+00  2.475002621e-01  5.076462165e-01  8.762089480e+06  2.370651905e-02  3.597140812e+06  1.220328844e+02  6.549004629e-01  6.496070316e-03  3.791095608e-02  1.050483965e-02 -2.113895606e+01 -1.392072527e+01  5.971529270e-03  1.908858827e-03  4.114051575e+00  9.999211310e-01  1.938585233e+00  9.928487290e-01
13 3  9.959813861e-01  4.333333333e+00  2.230144809e-01  5.076462165e-01  3.927503945e+06  2.056141331e-02  3.597140812e+06  1.166537188e+02  4.774641578e-01  3.689064904e-03  2.279989555e-02  7.456615684e-03 -1.655315972e+01 -7.173444861e+00  4.788968803e-03  1.631898768e-03  8.603611437e+00  9.999728445e-01  1.801670417e+00  9.973227544e-01
