 1.259306151e-01  1.445469730e-02  1.456941522e-02  7.673473409e-03  6.063157272e-03  4.642926183e-03  3.624718217e-03  3.175060011e-03  2.752155419e-03  2.357167689e-03  2.132256782e-03  1.969918307e-03  1.838466866e-03 
 1.445469730e-02  9.912407808e-02  1.342086383e-02  1.610366330e-02  8.925136464e-03  7.026489308e-03  5.945264214e-03  4.625512239e-03  4.049721566e-03  3.568706277e-03  3.242066961e-03  2.972016114e-03  2.752840966e-03 
 1.456941522e-02  1.342086383e-02  8.160422499e-02  1.187100607e-02  1.542717310e-02  9.408044306e-03  6.788087955e-03  6.594435746e-03  5.326692439e-03  4.250494950e-03  3.851604718e-03  3.615007021e-03  3.409041692e-03 
 7.673473409e-03  1.610366330e-02  1.187100607e-02  6.925827971e-02  1.100126038e-02  1.389113097e-02  1.009333738e-02  6.280645771e-03  6.410988915e-03  5.634209249e-03  4.890741449e-03  4.310254078e-03  3.908540252e-03 
 6.063157272e-03  8.925136464e-03  1.542717310e-02  1.100126038e-02  6.009367166e-02  1.098493758e-02  1.193378751e-02  1.119373623e-02  6.698778297e-03  5.193189509e-03  5.280604285e-03  5.214512979e-03  4.978302616e-03 
 4.642926183e-03  7.026489308e-03  9.408044306e-03  1.389113097e-02  1.098493758e-02  5.303061830e-02  1.193125083e-02  9.514968181e-03  1.161900929e-02  7.907922051e-03  5.640625402e-03  4.627351602e-03  4.241129385e-03 
 3.624718217e-03  5.945264214e-03  6.788087955e-03  1.009333738e-02  1.193378751e-02  1.193125083e-02  4.747126266e-02  1.391992290e-02  6.195136264e-03  9.121042025e-03  8.981879051e-03  7.900596091e-03  6.901439941e-03 
 3.175060011e-03  4.625512239e-03  6.594435746e-03  6.280645771e-03  1.119373623e-02  9.514968181e-03  1.391992290e-02  4.304853863e-02  1.527996407e-02  4.362550593e-03  5.910859271e-03  7.275539444e-03  7.525482820e-03 
 2.752155419e-03  4.049721566e-03  5.326692439e-03  6.410988915e-03  6.698778297e-03  1.161900929e-02  6.195136264e-03  1.527996407e-02  3.934670352e-02  1.374629078e-02  6.357040747e-03  3.608750875e-03  3.632108145e-03 
 2.357167689e-03  3.568706277e-03  4.250494950e-03  5.634209249e-03  5.193189509e-03  7.907922051e-03  9.121042025e-03  4.362550593e-03  1.374629078e-02  3.593078071e-02  1.873904906e-02  1.211818662e-02  8.367342447e-03 
 2.132256782e-03  3.242066961e-03  3.851604718e-03  4.890741449e-03  5.280604285e-03  5.640625402e-03  8.981879051e-03  5.910859271e-03  6.357040747e-03  1.873904906e-02  3.333027992e-02  2.003336756e-02  1.571695027e-02 
 1.969918307e-03  2.972016114e-03  3.615007021e-03  4.310254078e-03  5.214512979e-03  4.627351602e-03  7.900596091e-03  7.275539444e-03  3.608750875e-03  1.211818662e-02  2.003336756e-02  3.113154165e-02  2.009758268e-02 
 1.838466866e-03  2.752840966e-03  3.409041692e-03  3.908540252e-03  4.978302616e-03  4.241129385e-03  6.901439941e-03  7.525482820e-03  3.632108145e-03  8.367342447e-03  1.571695027e-02  2.009758268e-02  2.920831271e-02 
