12  2.139441500e-07
4 3  3.710538785e-01  1.333333333e+00  8.693334476e-01  5.059859720e-01  3.471180653e+08 -2.962087583e-02  1.646625135e+06  3.167327895e+02  1.426681590e+00  1.467224283e-03 -2.962087583e-02 -4.146497283e-02 -3.318126599e+00 -5.956491662e+00  9.987871315e-03  2.624930010e-03  9.912069709e-01  1.009570699e+00  2.638841936e+00  3.065580263e-01
5 3  4.916167676e-01  1.666666667e+00  8.038578953e-01  5.059859720e-01  2.669439367e+08 -2.296624898e-02  5.245772267e+05  2.082145857e+02  1.336434800e+00  1.633802846e-03 -2.296624898e-02 -3.216697711e-02 -2.948449138e+00 -4.996440843e+00  1.504676982e-02  3.886724499e-03  1.036006346e+00  1.006259409e+00  2.787830032e+00  4.719640254e-01
6 3  5.894217604e-01  2.000000000e+00  7.577806221e-01  5.059859720e-01  2.252170187e+08 -1.591514417e-02  2.163041650e+06  1.658746367e+02  1.357171111e+00  1.922101659e-03 -1.591514417e-02 -2.333797761e-02 -2.559247161e+00 -4.074153399e+00  9.650420047e-03  2.519347223e-03  1.106393364e+00  1.003966811e+00  2.779034425e+00  5.943484235e-01
7 3  6.745346996e-01  2.333333333e+00  7.225160996e-01  5.059859720e-01  2.017825649e+08 -1.214797753e-02  1.384703420e+06  1.390916366e+02  1.386440314e+00  2.175000449e-03 -1.214797753e-02 -1.844764998e-02 -2.283813351e+00 -3.419024165e+00  1.148386743e-02  3.018672323e-03  1.186382431e+00  1.002208810e+00  2.721222965e+00  6.917388905e-01
8 3  7.484699445e-01  2.666666667e+00  6.948283650e-01  5.059859720e-01  1.898832406e+08 -8.905328295e-03  1.094090676e+06  1.211113645e+02  1.395590048e+00  2.285055277e-03 -8.905328295e-03 -1.446379375e-02 -2.084231965e+00 -2.946257558e+00  1.262020374e-02  3.315490516e-03  1.275725551e+00  1.000904346e+00  2.638618536e+00  7.706351814e-01
9 3  8.119802568e-01  3.000000000e+00  6.730797823e-01  5.059859720e-01  1.760221967e+08 -5.744026662e-03  2.686997529e+06  1.058811999e+02  1.391603467e+00  2.336635441e-03 -5.744026662e-03 -1.078289784e-02 -1.927582529e+00 -2.586368533e+00  9.379619874e-03  2.465691139e-03  1.383182894e+00  9.999788561e-01  2.542104695e+00  8.342971406e-01
10 3  8.629307781e-01  3.333333333e+00  6.562653567e-01  5.059859720e-01  1.530433882e+08 -1.606021145e-03  5.668085959e+06  9.271649853e+01  1.302656052e+00  2.190268255e-03 -1.606021145e-03 -6.791092896e-03 -1.897136106e+00 -2.588715916e+00  6.988529759e-03  1.838776989e-03  1.517133161e+00  9.993477880e-01  2.429921649e+00  8.845873913e-01
11 3  9.005271916e-01  3.666666667e+00  6.451340794e-01  5.059859720e-01  1.287590972e+08  7.665747504e-03  5.607875268e+06  8.172127335e+01  1.184349374e+00  2.432875438e-03  7.665747504e-03 -9.422668243e-04 -1.473397629e+00 -4.678581982e+00  6.561211858e-03  1.726347517e-03  1.717504005e+00  9.989767349e-01  2.304406944e+00  9.210819086e-01
12 3  9.399386390e-01  4.000000000e+00  5.284157954e-01  5.059859720e-01  1.389025416e+08  7.944906690e-02  2.252283094e+06  7.608582181e+01  2.024496996e+00  2.646828503e-02  7.944906690e-02  1.512864969e-02 -5.971066106e+01 -2.013600104e+01  1.307523048e-02  3.525132344e-03  1.915924047e+00  9.991368469e-01  2.205174125e+00  9.568729000e-01
13 3  9.717798879e-01  4.333333333e+00  2.807116094e-01  5.059859720e-01  1.858718528e+07  4.645009498e-02  5.683563566e+05  8.749327583e+01  9.927680118e-01  1.005959688e-02  4.645009498e-02  2.059848146e-02 -1.771911306e+01 -1.144716044e+01  1.364118144e-02  4.186083991e-03  2.379740867e+00  9.998176337e-01  2.105935191e+00  9.821818404e-01
14 3  9.844717602e-01  4.666666667e+00  2.538659300e-01  5.059859720e-01  9.350420743e+06  2.790777397e-02  4.046418504e+05  8.671744324e+01  7.903242476e-01  6.724362586e-03  2.790777397e-02  1.459838759e-02 -9.911628444e+00 -5.872516508e+00  1.325499528e-02  4.303777358e-03  3.423959743e+00  9.998888539e-01  1.981192201e+00  9.904288394e-01
15 3  9.916973479e-01  5.000000000e+00  2.426576135e-01  5.059859720e-01  5.899273083e+06  1.878706076e-02  3.429902645e+05  8.301386254e+01  6.354060857e-01  4.387954178e-03  1.878706076e-02  9.077167615e-03 -8.681534470e+00 -4.001823812e+00  1.206189788e-02  4.017905310e-03  5.372546764e+00  9.999230168e-01  1.862748033e+00  9.949108888e-01
