12  2.127342251e-07
4 3  3.826507429e-01  1.333333333e+00  8.344350076e-01  5.048657205e-01  3.199157822e+08 -2.299492364e-02  1.347833387e+06  3.023658845e+02  1.408453935e+00  1.522991684e-03 -2.299492364e-02 -3.446402220e-02 -3.468004787e+00 -5.811336240e+00  1.087924101e-02  2.835024629e-03  9.892194886e-01  1.012296200e+00  2.636814079e+00  3.216399930e-01
5 3  5.067084049e-01  1.666666667e+00  7.668180163e-01  5.048657205e-01  2.412553613e+08 -1.595285379e-02  6.821760686e+05  2.054475282e+02  1.339703185e+00  1.740900981e-03 -1.595285379e-02 -2.448148383e-02 -2.750660489e+00 -4.788450726e+00  1.407502548e-02  3.638513002e-03  1.037656509e+00  1.007977228e+00  2.781430146e+00  4.892253522e-01
6 3  6.077739305e-01  2.000000000e+00  7.232819836e-01  5.048657205e-01  2.015553817e+08 -1.110862549e-02  2.162837490e+06  1.630072196e+02  1.353161998e+00  2.014401679e-03 -1.110862549e-02 -1.781948156e-02 -2.212004236e+00 -3.877648147e+00  9.848318915e-03  2.568533153e-03  1.111619947e+00  1.005061594e+00  2.772125117e+00  6.137164002e-01
7 3  6.944516055e-01  2.333333333e+00  6.925091142e-01  5.048657205e-01  1.808596628e+08 -8.299928028e-03  1.199939893e+06  1.356745407e+02  1.376152466e+00  2.245926617e-03 -8.299928028e-03 -1.393893846e-02 -1.870724905e+00 -3.258752762e+00  1.230291923e-02  3.219248043e-03  1.195508324e+00  1.002966521e+00  2.709316336e+00  7.118387167e-01
8 3  7.702561284e-01  2.666666667e+00  6.694519760e-01  5.048657205e-01  1.701629625e+08 -6.761113474e-03  1.375513195e+06  1.196363315e+02  1.399483983e+00  2.407434998e-03 -6.761113474e-03 -1.163598933e-02 -1.614667493e+00 -2.778104194e+00  1.197895124e-02  3.147033612e-03  1.289497096e+00  1.001344435e+00  2.625173410e+00  7.921072301e-01
9 3  8.351776812e-01  3.000000000e+00  6.523780179e-01  5.048657205e-01  1.530282889e+08 -4.053878259e-03  3.867063095e+06  1.057163307e+02  1.366982545e+00  2.354513279e-03 -4.053878259e-03 -8.370090112e-03 -1.414640864e+00 -2.399540589e+00  8.358959638e-03  2.207426311e-03  1.411136105e+00  1.000169141e+00  2.527197330e+00  8.559912930e-01
10 3  8.836753574e-01  3.333333333e+00  6.405941284e-01  5.048657205e-01  1.291091422e+08  1.087521618e-03  6.203038481e+06  9.271933901e+01  1.228140666e+00  1.975995467e-03  1.087521618e-03 -3.202029604e-03 -1.364245082e+00 -2.291779409e+00  6.632062946e-03  1.750809913e-03  1.583352238e+00  9.994858192e-01  2.404909365e+00  9.026385812e-01
11 3  9.169384156e-01  3.666666667e+00  6.327388444e-01  5.048657205e-01  1.110279734e+08  8.869238962e-03  4.566910508e+06  8.112277957e+01  1.091213519e+00  1.783178945e-03  8.869238962e-03  3.272043315e-03 -1.515571637e+00 -2.905375636e+00  6.799971869e-03  1.775403268e-03  1.859173327e+00  9.991720124e-01  2.267864361e+00  9.341974606e-01
12 3  9.436762051e-01  4.000000000e+00  6.042455444e-01  5.048657205e-01  1.297283031e+08  4.767579148e-02  2.098233820e+06  7.445816620e+01  1.389303973e+00  7.694077944e-03  4.767579148e-02  1.151685596e-02 -2.388528600e+01 -1.339872153e+01  1.052452547e-02  2.713564064e-03  2.255654510e+00  9.991238144e-01  2.139392169e+00  9.582858562e-01
13 3  9.796088708e-01  4.333333333e+00  2.820850922e-01  5.048657205e-01  1.829675930e+07  5.442888966e-02  4.717786579e+05  9.021725776e+01  9.323827800e-01  1.029834677e-02  5.442888966e-02  1.760799750e-02 -2.764655667e+01 -1.585745731e+01  1.408931355e-02  4.265731240e-03  2.735923131e+00  9.998497650e-01  2.051509056e+00  9.865820505e-01
14 3  9.899384189e-01  4.666666667e+00  2.469290819e-01  5.048657205e-01  7.598924623e+06  3.117139138e-02  3.618880424e+05  9.014210145e+01  6.802553910e-01  6.110272195e-03  3.117139138e-02  1.260237500e-02 -1.498654556e+01 -8.091672929e+00  1.247524520e-02  4.078078030e-03  4.193137369e+00  9.999153414e-01  1.925186058e+00  9.934539596e-01
15 3  9.958048893e-01  5.000000000e+00  2.338394102e-01  5.048657205e-01  4.333700165e+06  2.081532320e-02  3.162415625e+05  8.637870420e+01  5.242550654e-01  3.600559015e-03  2.081532320e-02  8.794026262e-03 -1.112750266e+01 -4.953754053e+00  1.086812677e-02  3.686413982e-03  8.336736405e+00  9.999551632e-01  1.807560554e+00  9.972745542e-01
