13  2.306692883e-07
4 3  3.713848576e-01  1.333333333e+00  7.509063931e-01  5.068350353e-01  3.047582178e+08 -4.308260675e-02  1.516278564e+06  2.833721226e+02  1.396387352e+00  1.562930786e-03 -2.847687988e-02 -4.308260675e-02 -5.629500027e+00 -5.756938503e+00  4.446737033e-03  1.997824204e-03  9.959873039e-01  1.008731606e+00  2.676512896e+00  3.130656953e-01
5 3  4.840818426e-01  1.666666667e+00  6.717560246e-01  5.068350353e-01  2.326171020e+08 -3.358488794e-02  3.829098268e+05  1.939889633e+02  1.292918624e+00  1.575698351e-03 -2.283911081e-02 -3.358488794e-02 -3.875181871e+00 -4.909574744e+00  6.292667091e-03  2.444760553e-03  1.042261428e+00  1.006209357e+00  2.783983464e+00  4.685968995e-01
6 3  5.749511065e-01  2.000000000e+00  6.274966435e-01  5.068350353e-01  2.020767467e+08 -2.471110539e-02  1.979908734e+06  1.529268205e+02  1.336653589e+00  1.840797849e-03 -1.626653995e-02 -2.471110539e-02 -2.798368104e+00 -4.086913786e+00  9.452034363e-03  3.176507104e-03  1.112300226e+00  1.004273158e+00  2.750179437e+00  5.816008587e-01
7 3  6.580044143e-01  2.333333333e+00  5.974335864e-01  5.068350353e-01  1.870618583e+08 -2.056696103e-02  1.495605652e+06  1.289155830e+02  1.410588900e+00  2.197952570e-03 -1.355245921e-02 -2.056696103e-02 -2.134089312e+00 -3.509206070e+00  9.290441848e-03  3.108836757e-03  1.185142864e+00  1.002568632e+00  2.693235878e+00  6.767608347e-01
8 3  7.351670910e-01  2.666666667e+00  5.760380815e-01  5.068350353e-01  1.778488799e+08 -1.742882563e-02  9.958530835e+05  1.138242846e+02  1.457930409e+00  2.433080445e-03 -1.155089862e-02 -1.742882563e-02 -1.619674827e+00 -3.006771017e+00  9.596643658e-03  3.258667534e-03  1.260788236e+00  1.001102957e+00  2.629083186e+00  7.596519599e-01
9 3  8.027012552e-01  3.000000000e+00  5.627806868e-01  5.068350353e-01  1.597941769e+08 -1.407253216e-02  2.342261774e+06  9.996912532e+01  1.422377802e+00  2.336627368e-03 -9.188343764e-03 -1.407253216e-02 -9.101827681e-01 -2.629646925e+00  9.534637084e-03  3.401886650e-03  1.354933684e+00  1.000007682e+00  2.548850024e+00  8.271598779e-01
10 3  8.537903354e-01  3.333333333e+00  5.628190146e-01  5.068350353e-01  1.351276834e+08 -1.015693152e-02  5.058290142e+06  8.593677782e+01  1.291891270e+00  1.788090746e-03 -6.493501797e-03 -1.015693152e-02  1.520577346e+00 -2.693436865e+00  7.299933555e-03  2.989366949e-03  1.480593950e+00  9.993216345e-01  2.438293822e+00  8.770042066e-01
11 3  8.903653246e-01  3.666666667e+00  5.784914931e-01  5.068350353e-01  1.193372483e+08 -3.516215956e-03  5.814111635e+06  7.349107029e+01  1.211593144e+00  2.091503403e-03  2.286165970e-03 -3.516215956e-03  3.049024263e+00 -4.199074422e+00  4.983424997e-03  2.282107222e-03  1.666609239e+00  9.989392303e-01  2.310703043e+00  9.120737370e-01
12 3  9.259044985e-01  4.000000000e+00  5.424302128e-01  5.068350353e-01  1.208771247e+08  1.152277299e-02  3.442440787e+06  6.457296191e+01  1.575828845e+00  1.069894784e-02  4.837535162e-02  1.152277299e-02 -2.619755687e+01 -1.240496230e+01  4.684860644e-03  2.290988870e-03  1.875691061e+00  9.989575966e-01  2.202731268e+00  9.445003869e-01
13 3  9.630776536e-01  4.333333333e+00  3.154089060e-01  5.068350353e-01  3.022473894e+07  1.935840647e-02  9.400058944e+05  6.997666144e+01  1.132746624e+00  1.195380724e-02  6.037763823e-02  1.935840647e-02 -3.617758013e+01 -1.441488117e+01  4.007138850e-03  2.617189135e-03  2.164646745e+00  9.996721670e-01  2.116435652e+00  9.756194118e-01
14 3  9.794673822e-01  4.666666667e+00  2.446394348e-01  5.068350353e-01  1.310174854e+07  1.460488554e-02  2.878473765e+05  7.395377692e+01  9.003852114e-01  8.738349258e-03  3.685634170e-02  1.460488554e-02 -2.325873395e+01 -7.893854515e+00  4.306824908e-03  2.574073028e-03  2.914887409e+00  9.998546809e-01  1.999071560e+00  9.869848529e-01
15 3  9.888144458e-01  5.000000000e+00  2.161164128e-01  5.068350353e-01  7.441512830e+06  9.808465505e-03  1.772693264e+05  7.402956309e+01  7.273790076e-01  6.050780435e-03  2.530426623e-02  9.808465505e-03 -1.846683782e+01 -5.263697445e+00  4.207240623e-03  2.322996868e-03  4.288105846e+00  9.999231888e-01  1.883734526e+00  9.929822863e-01
16 3  9.948377699e-01  5.333333333e+00  2.008195901e-01  5.068350353e-01  4.712511948e+06  6.529653492e-03  1.371257311e+05  7.193917924e+01  5.811790990e-01  3.938176536e-03  1.883483927e-02  6.529653492e-03 -1.605094017e+01 -3.940990800e+00  3.853326942e-03  2.020295728e-03  7.717267594e+00  9.999635424e-01  1.776830349e+00  9.967674525e-01
