11  2.142974306e-07
4 3  3.973364400e-01  1.333333333e+00  8.031387992e-01  5.050437488e-01  3.263617378e+08 -3.349442389e-02  1.116829634e+06  3.144469337e+02  1.406014387e+00  1.587400590e-03 -2.161996695e-02 -3.349442389e-02 -3.884596003e+00 -5.976697422e+00  4.662392947e-03  2.070200634e-03  9.950362004e-01  1.012563257e+00  2.700869934e+00  3.361453692e-01
5 3  5.211154011e-01  1.666666667e+00  7.291740338e-01  5.050437488e-01  2.320616909e+08 -2.324725570e-02  8.068399674e+05  2.157216807e+02  1.302247945e+00  1.720121804e-03 -1.443641901e-02 -2.324725570e-02 -2.960206099e+00 -4.941365573e+00  7.660637153e-03  2.808106801e-03  1.047104842e+00  1.008030629e+00  2.821114468e+00  5.047585144e-01
6 3  6.185557896e-01  2.000000000e+00  6.846296773e-01  5.050437488e-01  1.912765364e+08 -1.780191849e-02  2.144069824e+06  1.717216222e+02  1.315337154e+00  1.978996866e-03 -1.082102591e-02 -1.780191849e-02 -2.335981907e+00 -4.014837603e+00  9.506864328e-03  3.212927601e-03  1.126677274e+00  1.005266660e+00  2.782864039e+00  6.241398842e-01
7 3  7.026114279e-01  2.333333333e+00  6.533583129e-01  5.050437488e-01  1.711898792e+08 -1.328054588e-02  1.174822601e+06  1.409479739e+02  1.354281832e+00  2.269552235e-03 -7.372755717e-03 -1.328054588e-02 -1.959083774e+00 -3.393519072e+00  9.237282149e-03  3.058825988e-03  1.215371939e+00  1.003313805e+00  2.704189115e+00  7.186468797e-01
8 3  7.775365210e-01  2.666666667e+00  6.296888081e-01  5.050437488e-01  1.591577934e+08 -9.019750963e-03  1.561583769e+06  1.213937742e+02  1.388743850e+00  2.494997011e-03 -3.923646931e-03 -9.019750963e-03 -1.673914124e+00 -2.890119350e+00  9.710958435e-03  3.372373981e-03  1.313703552e+00  1.001756645e+00  2.614424846e+00  7.975281441e-01
9 3  8.408588953e-01  3.000000000e+00  6.122766667e-01  5.050437488e-01  1.381880831e+08 -6.168626204e-03  4.324891398e+06  1.066802892e+02  1.324958857e+00  2.376904850e-03 -1.512126712e-03 -6.168626204e-03 -1.497361798e+00 -2.578277870e+00  8.588889408e-03  3.277458465e-03  1.437827609e+00  1.000549310e+00  2.510164838e+00  8.607352378e-01
10 3  8.871277257e-01  3.333333333e+00  6.020129058e-01  5.050437488e-01  1.178562659e+08 -2.260501096e-03  6.347558357e+06  9.389263219e+01  1.204049683e+00  1.902516620e-03  1.777239738e-03 -2.260501096e-03 -8.585246907e-01 -2.288816253e+00  5.381870454e-03  2.449219452e-03  1.618381851e+00  9.997436282e-01  2.381540281e+00  9.065122191e-01
11 3  9.238237522e-01  3.666666667e+00  5.844632464e-01  5.050437488e-01  1.212872442e+08  5.315904992e-03  3.921678970e+06  8.285866641e+01  1.345038425e+00  5.310699842e-03  2.380257437e-02  5.315904992e-03 -1.197508374e+01 -7.231074318e+00  4.335132710e-03  2.090788068e-03  1.878542083e+00  9.992890722e-01  2.253568199e+00  9.411952771e-01
12 3  9.656061761e-01  4.000000000e+00  3.180203321e-01  5.050437488e-01  2.813845083e+07  1.721725090e-02  8.701109139e+05  8.922660005e+01  1.092558161e+00  1.226652920e-02  5.938395998e-02  1.721725090e-02 -3.229915013e+01 -1.782347317e+01  4.006349520e-03  2.647922001e-03  2.208445161e+00  9.997828332e-01  2.160267817e+00  9.770862353e-01
13 3  9.823621201e-01  4.333333333e+00  2.482778661e-01  5.050437488e-01  1.026022214e+07  1.313554937e-02  2.644513873e+05  9.359380683e+01  8.200140888e-01  8.016609779e-03  3.135097715e-02  1.313554937e-02 -1.771339435e+01 -7.781320369e+00  4.205238171e-03  2.526752150e-03  3.155914954e+00  9.999117281e-01  2.028957955e+00  9.887118586e-01
14 3  9.910677550e-01  4.666666667e+00  2.248700358e-01  5.050437488e-01  5.773122886e+06  9.164670251e-03  1.722848323e+05  9.186076153e+01  6.416013386e-01  4.997909483e-03  2.112978427e-02  9.164670251e-03 -1.379159105e+01 -4.806615210e+00  3.967000667e-03  2.215905641e-03  4.998483912e+00  9.999514608e-01  1.900804094e+00  9.943293456e-01
