11  2.197601670e-07
4 3  4.035608851e-01  1.333333333e+00  7.516535332e-01  5.076798031e-01  3.128353952e+08 -3.038458005e-02  8.960582047e+05  3.063100732e+02  1.402827664e+00  1.602659902e-03 -1.860077376e-02 -3.038458005e-02 -4.246957537e+00 -5.589329009e+00  4.751093616e-03  2.092561175e-03  9.928022210e-01  1.013549827e+00  2.686108553e+00  3.466061576e-01
5 3  5.310268710e-01  1.666666667e+00  6.771555655e-01  5.076798031e-01  2.263057961e+08 -2.152227545e-02  1.034413592e+06  2.118425573e+02  1.312474269e+00  1.750848538e-03 -1.292761922e-02 -2.152227545e-02 -2.764972529e+00 -4.854752574e+00  8.306357730e-03  2.959652417e-03  1.047717976e+00  1.008302106e+00  2.812979382e+00  5.189920466e-01
6 3  6.311090428e-01  2.000000000e+00  6.386124350e-01  5.076798031e-01  1.827553596e+08 -1.782170734e-02  2.001232338e+06  1.676229745e+02  1.311307995e+00  1.974073107e-03 -1.114750588e-02 -1.782170734e-02 -1.892379906e+00 -4.012292325e+00  9.490138153e-03  3.194979435e-03  1.129868007e+00  1.005214289e+00  2.777417624e+00  6.408223789e-01
7 3  7.146282287e-01  2.333333333e+00  6.157597199e-01  5.076798031e-01  1.616476237e+08 -1.183877985e-02  1.067418159e+06  1.374586629e+02  1.324049260e+00  2.165087325e-03 -6.228163957e-03 -1.183877985e-02 -1.411797753e+00 -3.427395166e+00  9.261448503e-03  3.067391040e-03  1.224361112e+00  1.003185260e+00  2.690250070e+00  7.336934081e-01
8 3  7.866011747e-01  2.666666667e+00  6.000522182e-01  5.076798031e-01  1.508556982e+08 -8.645559800e-03  1.828375360e+06  1.193939955e+02  1.350566942e+00  2.372469347e-03 -3.661647221e-03 -8.645559800e-03 -1.251760084e+00 -2.970909780e+00  9.636770661e-03  3.363694425e-03  1.330646803e+00  1.001638865e+00  2.587051965e+00  8.088075716e-01
9 3  8.476562786e-01  3.000000000e+00  5.863778144e-01  5.076798031e-01  1.322745290e+08 -7.687683045e-03  4.867113295e+06  1.051119827e+02  1.305438731e+00  2.369867461e-03 -2.932761621e-03 -7.687683045e-03 -1.383001710e+00 -2.664100000e+00  8.078232325e-03  3.196740977e-03  1.459621718e+00  1.000440402e+00  2.475129218e+00  8.698720650e-01
10 3  8.937993165e-01  3.333333333e+00  5.821751875e-01  5.076798031e-01  1.141156956e+08 -1.283134087e-03  5.976753916e+06  9.068327828e+01  1.205923010e+00  1.862760432e-03  2.373706288e-03 -1.283134087e-03  1.051481481e+00 -2.702458591e+00  4.988027233e-03  2.296102712e-03  1.647980688e+00  9.996378296e-01  2.346994557e+00  9.154193555e-01
11 3  9.340095042e-01  3.666666667e+00  5.688305217e-01  5.076798031e-01  1.361569739e+08  1.444537428e-02  2.791531054e+06  7.757229580e+01  1.756513262e+00  1.543122543e-02  5.297811807e-02  1.444537428e-02 -2.866021436e+01 -1.525941673e+01  5.183754536e-03  2.566893144e-03  1.900097722e+00  9.992948886e-01  2.228854185e+00  9.524974984e-01
12 3  9.695341483e-01  4.000000000e+00  2.937547180e-01  5.076798031e-01  2.303536308e+07  1.174033351e-02  5.569291940e+05  9.066226619e+01  9.705560519e-01  8.999767009e-03  3.970205341e-02  1.174033351e-02 -1.837571941e+01 -1.295360168e+01  4.252913662e-03  2.617754237e-03  2.366571050e+00  9.998649911e-01  2.122035318e+00  9.811532017e-01
13 3  9.837069574e-01  4.333333333e+00  2.532080417e-01  5.076798031e-01  1.046435075e+07  4.472077998e-03  2.302591201e+05  9.107849249e+01  7.707948730e-01  6.656002898e-03  2.016586976e-02  4.472077998e-03 -1.582205969e+01 -6.742510574e+00  4.460676570e-03  2.460269078e-03  3.552402681e+00  9.999160287e-01  1.987537366e+00  9.902177010e-01
14 3  9.915598369e-01  4.666666667e+00  2.332744128e-01  5.076798031e-01  6.068300422e+06  1.722844528e-03  1.625476937e+05  8.801140567e+01  6.108200436e-01  4.360599873e-03  1.310965293e-02  1.722844528e-03 -1.433531248e+01 -4.493015108e+00  4.156610299e-03  2.155223533e-03  5.827039586e+00  9.999432866e-01  1.860354212e+00  9.949654271e-01
