11  2.203271713e-07
4 3  4.045343505e-01  1.333333333e+00  7.459517759e-01  5.076843051e-01  3.137730953e+08 -3.037778741e-02  8.807085088e+05  3.063775878e+02  1.404614329e+00  1.612314394e-03 -1.847112663e-02 -3.037778741e-02 -4.301123344e+00 -5.626085550e+00  4.766375344e-03  2.096326621e-03  9.933249880e-01  1.013623097e+00  2.688468814e+00  3.473113869e-01
5 3  5.323799312e-01  1.666666667e+00  6.711923350e-01  5.076843051e-01  2.251676502e+08 -2.149968408e-02  1.055963464e+06  2.119862989e+02  1.311568397e+00  1.757968045e-03 -1.284961804e-02 -2.149968408e-02 -2.752993597e+00 -4.899052220e+00  8.358206622e-03  2.970922764e-03  1.048393757e+00  1.008325850e+00  2.815695350e+00  5.202715403e-01
6 3  6.324851969e-01  2.000000000e+00  6.332666721e-01  5.076843051e-01  1.811415165e+08 -1.774299617e-02  1.984005560e+06  1.676827966e+02  1.309440822e+00  1.981151702e-03 -1.104471326e-02 -1.774299617e-02 -1.853491813e+00 -4.048973603e+00  9.480290097e-03  3.191880848e-03  1.130909018e+00  1.005230088e+00  2.779058480e+00  6.421162018e-01
7 3  7.158897179e-01  2.333333333e+00  6.111684602e-01  5.076843051e-01  1.599827611e+08 -1.168148366e-02  1.059726171e+06  1.372885626e+02  1.321872975e+00  2.174564034e-03 -6.054085351e-03 -1.168148366e-02 -1.365785014e+00 -3.459740860e+00  9.269928227e-03  3.071925230e-03  1.225883221e+00  1.003203513e+00  2.690730617e+00  7.348586495e-01
8 3  7.878354654e-01  2.666666667e+00  5.959502265e-01  5.076843051e-01  1.490072867e+08 -8.465820167e-03  1.857332343e+06  1.190092774e+02  1.350271950e+00  2.400284586e-03 -3.451140080e-03 -8.465820167e-03 -1.242579936e+00 -2.995602522e+00  9.653215673e-03  3.372314215e-03  1.332706264e+00  1.001656932e+00  2.587007172e+00  8.099585627e-01
9 3  8.488542982e-01  3.000000000e+00  5.820467448e-01  5.076843051e-01  1.300062778e+08 -7.681798391e-03  4.933960263e+06  1.047723550e+02  1.303698092e+00  2.403447238e-03 -2.877135775e-03 -7.681798391e-03 -1.415076645e+00 -2.685226082e+00  8.013298543e-03  3.189797274e-03  1.462140509e+00  1.000455421e+00  2.474693831e+00  8.710749703e-01
10 3  8.946917323e-01  3.333333333e+00  5.794817420e-01  5.076843051e-01  1.116056419e+08 -1.161208456e-03  5.913953997e+06  9.031416447e+01  1.198006863e+00  1.786029617e-03  2.204915814e-03 -1.161208456e-03  1.605906995e+00 -2.703063632e+00  4.931462418e-03  2.273876984e-03  1.654503050e+00  9.996495527e-01  2.345601827e+00  9.163191196e-01
11 3  9.368655915e-01  3.666666667e+00  5.493943052e-01  5.076843051e-01  1.332658322e+08  1.589487329e-02  2.482356300e+06  7.803316891e+01  1.809268895e+00  1.862411486e-02  6.220895668e-02  1.589487329e-02 -4.283636031e+01 -1.621361097e+01  5.318835169e-03  2.664433743e-03  1.888700246e+00  9.993559194e-01  2.232224566e+00  9.550668879e-01
12 3  9.700203225e-01  4.000000000e+00  2.938650514e-01  5.076843051e-01  2.292122079e+07  1.096485445e-02  5.311749704e+05  9.061991973e+01  9.619309515e-01  8.842848324e-03  3.886406956e-02  1.096485445e-02 -1.800026996e+01 -1.297779075e+01  4.280949753e-03  2.607967125e-03  2.398908135e+00  9.998683413e-01  2.119705350e+00  9.815304394e-01
13 3  9.839932266e-01  4.333333333e+00  2.542949697e-01  5.076843051e-01  1.042022987e+07  3.839126344e-03  2.260159934e+05  9.086523624e+01  7.660636635e-01  6.617480532e-03  1.964716611e-02  3.839126344e-03 -1.578943804e+01 -6.807214547e+00  4.479699352e-03  2.451500189e-03  3.625458845e+00  9.999182265e-01  1.984935196e+00  9.904195286e-01
14 3  9.917293057e-01  4.666666667e+00  2.347764295e-01  5.076843051e-01  6.012330131e+06  1.297744601e-03  1.608787300e+05  8.768248792e+01  6.051140183e-01  4.314781542e-03  1.277324336e-02  1.297744601e-03 -1.431901803e+01 -4.541016868e+00  4.156842528e-03  2.142207024e-03  5.978429673e+00  9.999457638e-01  1.857696006e+00  9.950805377e-01
