11  2.258473957e-07
4 3  4.248169019e-01  1.333333333e+00  7.127188988e-01  5.089402785e-01  3.059039293e+08 -3.067109407e-02  5.067888741e+05  3.187897615e+02  1.368326953e+00  1.617245424e-03 -1.862918060e-02 -3.067109407e-02 -4.522374570e+00 -5.744306646e+00  4.946266265e-03  2.125086611e-03  9.934751109e-01  1.014627770e+00  2.715085758e+00  3.699699315e-01
5 3  5.523258396e-01  1.666666667e+00  6.375308592e-01  5.089402785e-01  2.203882695e+08 -2.245805392e-02  1.452558402e+06  2.236135967e+02  1.290899037e+00  1.736564713e-03 -1.399575523e-02 -2.245805392e-02 -2.849568083e+00 -4.733461296e+00  9.028013849e-03  3.104425402e-03  1.053912227e+00  1.008830700e+00  2.807880743e+00  5.406430005e-01
6 3  6.542124591e-01  2.000000000e+00  5.987517889e-01  5.089402785e-01  1.811679386e+08 -1.702479792e-02  1.709134545e+06  1.751540422e+02  1.306520117e+00  1.980022302e-03 -1.050642073e-02 -1.702479792e-02 -1.926372010e+00 -3.881203978e+00  9.371117994e-03  3.140215301e-03  1.135956500e+00  1.005259587e+00  2.761727317e+00  6.632813736e-01
7 3  7.410872177e-01  2.333333333e+00  5.758329213e-01  5.089402785e-01  1.613286167e+08 -1.091751011e-02  1.024845908e+06  1.430893822e+02  1.332945815e+00  2.191154668e-03 -5.579577765e-03 -1.091751011e-02 -1.355774714e+00 -3.261635890e+00  9.524412570e-03  3.209418415e-03  1.226233525e+00  1.002808946e+00  2.675004355e+00  7.594536517e-01
8 3  8.150826273e-01  2.666666667e+00  5.629980503e-01  5.089402785e-01  1.436320113e+08 -7.792697648e-03  2.773060869e+06  1.234621377e+02  1.307554587e+00  2.145933156e-03 -3.387810477e-03 -7.792697648e-03 -6.634484489e-01 -2.820947308e+00  9.410585925e-03  3.366328911e-03  1.333718945e+00  1.001051228e+00  2.569821534e+00  8.356413484e-01
9 3  8.702406102e-01  3.000000000e+00  5.642118351e-01  5.089402785e-01  1.218070544e+08 -3.694776820e-03  5.908126563e+06  1.064021233e+02  1.190686173e+00  1.645625401e-03 -4.067880262e-04 -3.694776820e-03  1.029928470e+00 -2.600854640e+00  6.377088287e-03  2.759566181e-03  1.480692232e+00  9.999141838e-01  2.436097000e+00  8.909560077e-01
10 3  9.118877379e-01  3.333333333e+00  5.482679282e-01  5.089402785e-01  1.174252853e+08  4.392690478e-03  4.803008529e+06  9.078069415e+01  1.244754981e+00  3.934680317e-03  1.895516527e-02  4.392690478e-03 -1.265277886e+01 -4.576632122e+00  4.474141337e-03  2.104500043e-03  1.702424643e+00  9.993026211e-01  2.296008090e+00  9.310732437e-01
11 3  9.563219665e-01  3.666666667e+00  3.199668654e-01  5.089402785e-01  4.300146837e+07  1.948725657e-02  1.503585049e+06  8.986271137e+01  1.124858379e+00  1.072994893e-02  7.671472199e-02  1.948725657e-02 -3.511890043e+01 -2.380905340e+01  3.920364924e-03  2.432177048e-03  2.009112353e+00  9.996752465e-01  2.189804765e+00  9.705475999e-01
12 3  9.776614957e-01  4.000000000e+00  2.296595620e-01  5.089402785e-01  1.341411447e+07  1.680546606e-02  3.253425228e+05  9.914428350e+01  8.625104363e-01  8.333155128e-03  4.074081558e-02  1.680546606e-02 -1.875418795e+01 -1.049449514e+01  4.241124887e-03  2.572035665e-03  2.809516467e+00  9.998853356e-01  2.052544000e+00  9.859818125e-01
13 3  9.889328522e-01  4.333333333e+00  2.003671550e-01  5.089402785e-01  6.809105565e+06  1.028222371e-02  1.802508061e+05  1.006403033e+02  6.758327562e-01  5.449436505e-03  2.427305989e-02  1.028222371e-02 -1.392151886e+01 -5.803255762e+00  4.166412327e-03  2.319212424e-03  4.426054895e+00  9.999456645e-01  1.916614923e+00  9.931592407e-01
14 3  9.957411844e-01  4.666666667e+00  1.862883427e-01  5.089402785e-01  4.046250522e+06  6.094073868e-03  1.359114694e+05  9.777834821e+01  5.185165469e-01  3.187454837e-03  1.613113627e-02  6.094073868e-03 -1.179821113e+01 -3.847390127e+00  3.737625600e-03  1.968755871e-03  9.374043067e+00  9.999782703e-01  1.792024773e+00  9.973734925e-01
