10  2.096275624e-07
4 3  4.536399214e-01  1.333333333e+00  7.284156393e-01  5.052563448e-01  3.875610622e+08 -2.641583144e-02  2.446640616e+05  4.227416220e+02  1.386559629e+00  1.428283337e-03 -1.688855417e-02 -2.641583144e-02 -3.714388996e+00 -4.950271964e+00  5.399166399e-03  2.241148628e-03  9.910430524e-01  1.015901396e+00  2.782018617e+00  3.991286836e-01
5 3  5.925620274e-01  1.666666667e+00  6.489787458e-01  5.052563448e-01  2.602573165e+08 -1.897799120e-02  2.185797152e+06  2.807139755e+02  1.282609067e+00  1.683462929e-03 -1.081732630e-02 -1.897799120e-02 -2.515596996e+00 -5.332231660e+00  9.783095947e-03  3.243138877e-03  1.058140822e+00  1.008381089e+00  2.885663626e+00  5.847055065e-01
6 3  6.961153795e-01  2.000000000e+00  6.076241070e-01  5.052563448e-01  2.001357621e+08 -1.236936710e-02  1.288370652e+06  2.218338533e+02  1.252844621e+00  1.899726870e-03 -5.501971504e-03 -1.236936710e-02 -1.856361823e+00 -4.731735779e+00  9.040133512e-03  2.970046386e-03  1.152576876e+00  1.004585136e+00  2.814322910e+00  7.081002070e-01
7 3  7.791518720e-01  2.333333333e+00  5.819943187e-01  5.052563448e-01  1.713725400e+08 -6.824823811e-03  1.625774172e+06  1.832057100e+02  1.263556502e+00  2.143078422e-03 -8.175901511e-04 -6.824823811e-03 -1.522010475e+00 -4.118425921e+00  9.403370351e-03  3.259456943e-03  1.262472915e+00  1.002367169e+00  2.694065261e+00  7.986762844e-01
8 3  8.509759884e-01  2.666666667e+00  5.625263302e-01  5.052563448e-01  1.443353922e+08 -6.183398699e-03  4.990858236e+06  1.520694362e+02  1.261952222e+00  2.326286793e-03 -9.229709221e-04 -6.183398699e-03 -1.308709366e+00 -3.512461196e+00  8.175170349e-03  3.222488638e-03  1.406617844e+00  1.000890130e+00  2.570815592e+00  8.689590151e-01
9 3  9.008151088e-01  3.000000000e+00  5.823720075e-01  5.052563448e-01  1.075677311e+08  6.283368893e-04  6.146657918e+06  1.230972483e+02  1.043188933e+00  1.046522180e-03 -1.241121061e-03  6.283368893e-04  1.167467984e+01 -3.329264308e+00  4.617616624e-03  2.131420345e-03  1.631977096e+00  1.000015012e+00  2.416889928e+00  9.164908085e-01
10 3  9.275597719e-01  3.333333333e+00  6.850059641e-01  5.052563448e-01  9.313615325e+07  7.016689242e-03  3.985435482e+06  1.010896095e+02  8.654544358e-01  1.328298498e-03  1.034958855e-03  7.016689242e-03  2.008217739e+01 -2.360363725e+00  3.329888826e-03  1.595459021e-03  2.083941346e+00  9.995171826e-01  2.238666340e+00  9.415753186e-01
11 3  9.578777914e-01  3.666666667e+00  5.241557882e-01  5.052563448e-01  1.994728321e+08  1.680108111e-02  1.815460050e+06  9.892451075e+01  1.782537475e+00  1.245196922e-02  5.981196983e-02  1.680108111e-02 -6.493767944e+01 -7.360083672e-01  5.184342266e-03  2.887176415e-03  2.442843340e+00  9.994181686e-01  2.101463538e+00  9.684836877e-01
12 3  9.873514806e-01  4.000000000e+00  2.930057980e-01  5.052563448e-01  1.452187871e+07  8.925341116e-03  2.235866144e+05  1.104969550e+02  7.345444325e-01  8.460630446e-03  6.023197802e-02  8.925341116e-03 -2.248876250e+01 -2.753144790e+01  4.181476629e-03  2.275510459e-03  3.420896658e+00  9.998725008e-01  1.986517338e+00  9.910714843e-01
13 3  9.944582584e-01  4.333333333e+00  2.671512508e-01  5.052563448e-01  5.094309813e+06  5.573149227e-03  1.565705346e+05  1.053709038e+02  5.098064324e-01  4.800429468e-03  2.883710637e-02  5.573149227e-03 -1.767740042e+01 -1.153152103e+01  3.566383867e-03  1.931437194e-03  6.108396036e+00  9.999735183e-01  1.847093607e+00  9.960974488e-01
