10  2.061694461e-07
4 3  4.811499082e-01  1.333333333e+00  7.415436789e-01  5.084318050e-01  3.101602653e+08 -1.941091118e-02  1.896014908e+05  4.222173773e+02  1.346222362e+00  1.662050051e-03 -1.080736074e-02 -1.941091118e-02 -3.383745657e+00 -5.300930697e+00  6.020679536e-03  2.475353191e-03  9.975651750e-01  1.015771572e+00  2.864708872e+00  4.339970701e-01
5 3  6.167950313e-01  1.666666667e+00  6.635201177e-01  5.084318050e-01  2.068328760e+08 -9.700032453e-03  2.291919762e+06  2.882380318e+02  1.235060707e+00  1.751192875e-03 -3.329596363e-03 -9.700032453e-03 -2.481888240e+00 -4.306865412e+00  9.654951980e-03  3.260030092e-03  1.073270636e+00  1.007989027e+00  2.915349929e+00  6.153934062e-01
6 3  7.164110307e-01  2.000000000e+00  6.202622214e-01  5.084318050e-01  1.659310918e+08 -3.679608950e-03  1.147180680e+06  2.149698829e+02  1.206854048e+00  1.839854349e-03  1.500571803e-03 -3.679608950e-03 -1.971763736e+00 -3.512312262e+00  9.100593083e-03  3.010104391e-03  1.176852340e+00  1.004372405e+00  2.811705366e+00  7.324562288e-01
7 3  7.951463596e-01  2.333333333e+00  5.922734025e-01  5.084318050e-01  1.505512153e+08 -1.344806821e-03  2.204566223e+06  1.779512743e+02  1.216029110e+00  1.917425602e-03  3.090953598e-03 -1.344806821e-03 -1.629862826e+00 -2.932206754e+00  9.392195293e-03  3.281944362e-03  1.302008760e+00  1.002310722e+00  2.669410934e+00  8.162432702e-01
8 3  8.604800740e-01  2.666666667e+00  5.759915013e-01  5.084318050e-01  1.313672860e+08 -9.759644024e-04  5.870147908e+06  1.536756283e+02  1.169189726e+00  1.683217502e-03  2.448892387e-03 -9.759644024e-04 -2.814699403e-01 -2.632900076e+00  7.212397101e-03  2.978097463e-03  1.466339827e+00  1.000863925e+00  2.524003140e+00  8.797167099e-01
9 3  9.044342319e-01  3.000000000e+00  6.135713354e-01  5.084318050e-01  1.088674637e+08  2.957539151e-03  5.982616217e+06  1.286987314e+02  1.001510348e+00  1.410590786e-03 -1.119551304e-03  2.957539151e-03  1.339134625e+01 -2.494843119e+00  4.260031806e-03  1.980206257e-03  1.721876867e+00  9.999117043e-01  2.355917935e+00  9.221225643e-01
10 3  9.317196253e-01  3.333333333e+00  6.962679552e-01  5.084318050e-01  1.089428230e+08  1.064840931e-02  3.589676899e+06  1.067102568e+02  9.672435766e-01  1.566883199e-03  1.627282243e-02  1.064840931e-02 -5.580231903e-01 -3.739784513e+00  3.485665619e-03  1.697699845e-03  2.186329690e+00  9.994103160e-01  2.183197852e+00  9.474011907e-01
11 3  9.746256297e-01  3.666666667e+00  3.153304528e-01  5.084318050e-01  3.402847329e+07  1.758266144e-02  4.799732990e+05  1.197959365e+02  9.874419391e-01  9.901659398e-03  7.446211415e-02  1.758266144e-02 -3.472338739e+01 -2.762394330e+01  4.337329915e-03  2.547793852e-03  2.600940842e+00  9.997885239e-01  2.076908266e+00  9.830264677e-01
12 3  9.890533323e-01  4.000000000e+00  2.408776921e-01  5.084318050e-01  8.468489308e+06  1.064004100e-02  2.018504842e+05  1.231344624e+02  6.578153768e-01  6.380044035e-03  3.556795849e-02  1.064004100e-02 -1.999504254e+01 -1.255233025e+01  4.069961950e-03  2.249454671e-03  4.151295388e+00  9.999260268e-01  1.932281345e+00  9.928264688e-01
13 3  9.959175024e-01  4.333333333e+00  2.170748468e-01  5.084318050e-01  3.923802613e+06  7.301778023e-03  1.489926677e+05  1.180948599e+02  4.826553679e-01  3.623549801e-03  2.157669230e-02  7.301778023e-03 -1.563941432e+01 -6.617840361e+00  3.559064611e-03  1.906919800e-03  8.752451331e+00  9.999735706e-01  1.796108460e+00  9.973299001e-01
