  4  3.682154765e-01  5.147690859e-03  2.450000000e+03
  5  4.749156161e-01  6.035325858e-03  2.450000000e+03
  6  5.640095227e-01  6.861527526e-03  2.450000000e+03
  7  6.430209925e-01  7.834501628e-03  2.450000000e+03
  8  7.148076276e-01  8.710549361e-03  2.450000000e+03
  9  7.818029788e-01  8.869538206e-03  2.450000000e+03
 10  8.372959982e-01  9.151174407e-03  2.450000000e+03
 11  8.776906047e-01  7.266018745e-03  2.450000000e+03
 12  9.173821547e-01  5.461693656e-03  2.450000000e+03
 13  9.567683610e-01  4.296882199e-03  2.450000000e+03
 14  9.745707687e-01  6.202354903e-03  2.450000000e+03
 15  9.854959906e-01  0.000000000e+00  2.450000000e+03
 16  9.920595803e-01  0.000000000e+00  2.450000000e+03
  4  3.682045267e-01  5.151418040e-03  2.451000000e+03
  5  4.750138933e-01  6.042385492e-03  2.451000000e+03
  6  5.641862068e-01  6.867129686e-03  2.451000000e+03
  7  6.432510486e-01  7.833815337e-03  2.451000000e+03
  8  7.150584909e-01  8.703149558e-03  2.451000000e+03
  9  7.820245110e-01  8.865297508e-03  2.451000000e+03
 10  8.374600281e-01  9.149401882e-03  2.451000000e+03
 11  8.777948282e-01  7.281315548e-03  2.451000000e+03
 12  9.174927139e-01  5.451345397e-03  2.451000000e+03
 13  9.568287016e-01  4.396659268e-03  2.451000000e+03
 14  9.746139747e-01  6.150087166e-03  2.451000000e+03
 15  9.855251416e-01  0.000000000e+00  2.451000000e+03
 16  9.920763354e-01  0.000000000e+00  2.451000000e+03
  4  3.681929874e-01  5.155263284e-03  2.452000000e+03
  5  4.751159234e-01  6.049546809e-03  2.452000000e+03
  6  5.643692409e-01  6.872836242e-03  2.452000000e+03
  7  6.434889086e-01  7.833221231e-03  2.452000000e+03
  8  7.153173086e-01  8.695761047e-03  2.452000000e+03
  9  7.822530416e-01  8.860940759e-03  2.452000000e+03
 10  8.376299906e-01  9.147241389e-03  2.452000000e+03
 11  8.779026319e-01  7.295681987e-03  2.452000000e+03
 12  9.175941349e-01  5.438956102e-03  2.452000000e+03
 13  9.568876840e-01  4.494346652e-03  2.452000000e+03
 14  9.746574537e-01  6.101969283e-03  2.452000000e+03
 15  9.855546939e-01  0.000000000e+00  2.452000000e+03
 16  9.920934276e-01  0.000000000e+00  2.452000000e+03
  4  3.681808584e-01  5.159227269e-03  2.453000000e+03
  5  4.752217062e-01  6.056810394e-03  2.453000000e+03
  6  5.645586249e-01  6.878647450e-03  2.453000000e+03
  7  6.437345726e-01  7.832719230e-03  2.453000000e+03
  8  7.155840807e-01  8.688383987e-03  2.453000000e+03
  9  7.824885704e-01  8.856468403e-03  2.453000000e+03
 10  8.378058857e-01  9.144694275e-03  2.453000000e+03
 11  8.780140158e-01  7.309118902e-03  2.453000000e+03
 12  9.176864177e-01  5.424523737e-03  2.453000000e+03
 13  9.569453084e-01  4.590015136e-03  2.453000000e+03
 14  9.747012057e-01  6.058129079e-03  2.453000000e+03
 15  9.855846478e-01  0.000000000e+00  2.453000000e+03
 16  9.921108567e-01  0.000000000e+00  2.453000000e+03
  4  3.681681399e-01  5.163310699e-03  2.454000000e+03
  5  4.753312417e-01  6.064176819e-03  2.454000000e+03
  6  5.647543589e-01  6.884563595e-03  2.454000000e+03
  7  6.439880405e-01  7.832309249e-03  2.454000000e+03
  8  7.158588072e-01  8.681018564e-03  2.454000000e+03
  9  7.827310975e-01  8.851880907e-03  2.454000000e+03
 10  8.379877136e-01  9.141761982e-03  2.454000000e+03
 11  8.781289798e-01  7.321627657e-03  2.454000000e+03
 12  9.177695623e-01  5.408052194e-03  2.454000000e+03
 13  9.570015747e-01  4.683748466e-03  2.454000000e+03
 14  9.747452307e-01  6.018675115e-03  2.454000000e+03
 15  9.856150031e-01  0.000000000e+00  2.454000000e+03
 16  9.921286228e-01  0.000000000e+00  2.454000000e+03
  4  3.681548318e-01  5.167514309e-03  2.455000000e+03
  5  4.754445301e-01  6.071646689e-03  2.455000000e+03
  6  5.649564428e-01  6.890584941e-03  2.455000000e+03
  7  6.442493123e-01  7.831991211e-03  2.455000000e+03
  8  7.161414881e-01  8.673664945e-03  2.455000000e+03
  9  7.829806230e-01  8.847178767e-03  2.455000000e+03
 10  8.381754741e-01  9.138446026e-03  2.455000000e+03
 11  8.782475241e-01  7.333210121e-03  2.455000000e+03
 12  9.178435688e-01  5.389551334e-03  2.455000000e+03
 13  9.570564829e-01  4.775638079e-03  2.455000000e+03
 14  9.747895286e-01  5.983693704e-03  2.455000000e+03
 15  9.856457598e-01  0.000000000e+00  2.455000000e+03
 16  9.921467259e-01  0.000000000e+00  2.455000000e+03
  4  3.681407524e-01  5.171855566e-03  2.456000000e+03
  5  4.755619602e-01  6.079243332e-03  2.456000000e+03
  6  5.651657360e-01  6.896736948e-03  2.456000000e+03
  7  6.445196164e-01  7.831783317e-03  2.456000000e+03
  8  7.164335625e-01  8.666334317e-03  2.456000000e+03
  9  7.832384423e-01  8.842341844e-03  2.456000000e+03
 10  8.383702074e-01  9.134689950e-03  2.456000000e+03
 11  8.783702342e-01  7.343902548e-03  2.456000000e+03
 12  9.179076902e-01  5.368423296e-03  2.456000000e+03
 13  9.571099086e-01  4.865820776e-03  2.456000000e+03
 14  9.748341608e-01  5.953252432e-03  2.456000000e+03
 15  9.856770009e-01  0.000000000e+00  2.456000000e+03
 16  9.921652284e-01  0.000000000e+00  2.456000000e+03
  4  3.681261289e-01  5.176314455e-03  2.457000000e+03
  5  4.756830458e-01  6.086939026e-03  2.457000000e+03
  6  5.653811644e-01  6.902988456e-03  2.457000000e+03
  7  6.447974174e-01  7.831662631e-03  2.457000000e+03
  8  7.167332315e-01  8.659013069e-03  2.457000000e+03
  9  7.835029360e-01  8.837396483e-03  2.457000000e+03
 10  8.385706134e-01  9.130568222e-03  2.457000000e+03
 11  8.784963782e-01  7.353665315e-03  2.457000000e+03
 12  9.179628602e-01  5.345461984e-03  2.457000000e+03
 13  9.571620073e-01  4.954343134e-03  2.457000000e+03
 14  9.748790507e-01  5.927378067e-03  2.457000000e+03
 15  9.857086227e-01  0.000000000e+00  2.457000000e+03
 16  9.921840524e-01  0.000000000e+00  2.457000000e+03
  4  3.681110066e-01  5.180887582e-03  2.458000000e+03
  5  4.758076898e-01  6.094728648e-03  2.458000000e+03
  6  5.656025130e-01  6.909333426e-03  2.458000000e+03
  7  6.450824082e-01  7.831624493e-03  2.458000000e+03
  8  7.170401353e-01  8.651698654e-03  2.458000000e+03
  9  7.837737803e-01  8.832348307e-03  2.458000000e+03
 10  8.387764319e-01  9.126096981e-03  2.458000000e+03
 11  8.786258094e-01  7.362493345e-03  2.458000000e+03
 12  9.180092654e-01  5.320845980e-03  2.458000000e+03
 13  9.572128101e-01  5.041290646e-03  2.458000000e+03
 14  9.749241829e-01  5.906075119e-03  2.458000000e+03
 15  9.857406045e-01  0.000000000e+00  2.458000000e+03
 16  9.922031820e-01  0.000000000e+00  2.458000000e+03
  4  3.680954310e-01  5.185571536e-03  2.459000000e+03
  5  4.759357948e-01  6.102607056e-03  2.459000000e+03
  6  5.658295671e-01  6.915765793e-03  2.459000000e+03
  7  6.453742816e-01  7.831664270e-03  2.459000000e+03
  8  7.173539142e-01  8.644388534e-03  2.459000000e+03
  9  7.840506512e-01  8.827202895e-03  2.459000000e+03
 10  8.389874030e-01  9.121292315e-03  2.459000000e+03
 11  8.787583817e-01  7.370382161e-03  2.459000000e+03
 12  9.180470926e-01  5.294754667e-03  2.459000000e+03
 13  9.572623481e-01  5.126746733e-03  2.459000000e+03
 14  9.749695420e-01  5.889318819e-03  2.459000000e+03
 15  9.857729256e-01  0.000000000e+00  2.459000000e+03
 16  9.922226019e-01  0.000000000e+00  2.459000000e+03
  4  3.680794475e-01  5.190362897e-03  2.460000000e+03
  5  4.760672636e-01  6.110569073e-03  2.460000000e+03
  6  5.660621118e-01  6.922279453e-03  2.460000000e+03
  7  6.456727305e-01  7.831777335e-03  2.460000000e+03
  8  7.176742084e-01  8.637080179e-03  2.460000000e+03
  9  7.843332249e-01  8.821965787e-03  2.460000000e+03
 10  8.392032666e-01  9.116170234e-03  2.460000000e+03
 11  8.788939484e-01  7.377327840e-03  2.460000000e+03
 12  9.180765285e-01  5.267366896e-03  2.460000000e+03
 13  9.573106524e-01  5.210792036e-03  2.460000000e+03
 14  9.750151129e-01  5.877055058e-03  2.460000000e+03
 15  9.858055651e-01  0.000000000e+00  2.460000000e+03
 16  9.922422963e-01  0.000000000e+00  2.460000000e+03
  4  3.680630942e-01  5.195261017e-03  2.461000000e+03
  5  4.762020207e-01  6.118614376e-03  2.461000000e+03
  6  5.662999642e-01  6.928869606e-03  2.461000000e+03
  7  6.459774667e-01  7.831960316e-03  2.461000000e+03
  8  7.180006465e-01  8.629769375e-03  2.461000000e+03
  9  7.846211471e-01  8.816643238e-03  2.461000000e+03
 10  8.394237377e-01  9.110755034e-03  2.461000000e+03
 11  8.790323823e-01  7.383184213e-03  2.461000000e+03
 12  9.180967562e-01  5.240283601e-03  2.461000000e+03
 13  9.573577878e-01  5.293415792e-03  2.461000000e+03
 14  9.750608849e-01  5.869194759e-03  2.461000000e+03
 15  9.858384957e-01  0.000000000e+00  2.461000000e+03
 16  9.922622502e-01  0.000000000e+00  2.461000000e+03
  4  3.680464258e-01  5.200258940e-03  2.462000000e+03
  5  4.763399418e-01  6.126731613e-03  2.462000000e+03
  6  5.665428695e-01  6.935528463e-03  2.462000000e+03
  7  6.462881595e-01  7.832207028e-03  2.462000000e+03
  8  7.183328832e-01  8.622455767e-03  2.462000000e+03
  9  7.849141318e-01  8.811239781e-03  2.462000000e+03
 10  8.396485875e-01  9.105052044e-03  2.462000000e+03
 11  8.791735131e-01  7.388127729e-03  2.462000000e+03
 12  9.181092169e-01  5.211879499e-03  2.462000000e+03
 13  9.574037434e-01  5.374799604e-03  2.462000000e+03
 14  9.751068367e-01  5.865635937e-03  2.462000000e+03
 15  9.858717049e-01  0.000000000e+00  2.462000000e+03
 16  9.922824473e-01  0.000000000e+00  2.462000000e+03
  4  3.680294893e-01  5.205352469e-03  2.463000000e+03
  5  4.764809241e-01  6.134914257e-03  2.463000000e+03
  6  5.667906050e-01  6.942249543e-03  2.463000000e+03
  7  6.466044973e-01  7.832512529e-03  2.463000000e+03
  8  7.186705618e-01  8.615137300e-03  2.463000000e+03
  9  7.852118629e-01  8.805760679e-03  2.463000000e+03
 10  8.398775622e-01  9.099074950e-03  2.463000000e+03
 11  8.793171897e-01  7.392191642e-03  2.463000000e+03
 12  9.181143483e-01  5.181982108e-03  2.463000000e+03
 13  9.574485416e-01  5.455037533e-03  2.463000000e+03
 14  9.751529518e-01  5.866245153e-03  2.463000000e+03
 15  9.859051739e-01  0.000000000e+00  2.463000000e+03
 16  9.923028718e-01  0.000000000e+00  2.463000000e+03
  4  3.680123322e-01  5.210537370e-03  2.464000000e+03
  5  4.766248651e-01  6.143155719e-03  2.464000000e+03
  6  5.670429477e-01  6.949026303e-03  2.464000000e+03
  7  6.469261681e-01  7.832871890e-03  2.464000000e+03
  8  7.190133252e-01  8.607811930e-03  2.464000000e+03
  9  7.855140240e-01  8.800211135e-03  2.464000000e+03
 10  8.401104081e-01  9.092837376e-03  2.464000000e+03
 11  8.794632608e-01  7.395409363e-03  2.464000000e+03
 12  9.181125878e-01  5.150429019e-03  2.464000000e+03
 13  9.574922053e-01  5.534221383e-03  2.464000000e+03
 14  9.751992137e-01  5.870866566e-03  2.464000000e+03
 15  9.859388835e-01  0.000000000e+00  2.464000000e+03
 16  9.923235080e-01  0.000000000e+00  2.464000000e+03
  4  3.679950016e-01  5.215809373e-03  2.465000000e+03
  5  4.767716620e-01  6.151449380e-03  2.465000000e+03
  6  5.672996750e-01  6.955852191e-03  2.465000000e+03
  7  6.472528602e-01  7.833280192e-03  2.465000000e+03
  8  7.193608167e-01  8.600477628e-03  2.465000000e+03
  9  7.858202988e-01  8.794596313e-03  2.465000000e+03
 10  8.403468713e-01  9.086352874e-03  2.465000000e+03
 11  8.796115753e-01  7.397814411e-03  2.465000000e+03
 12  9.181043731e-01  5.117069400e-03  2.465000000e+03
 13  9.575347571e-01  5.612440755e-03  2.465000000e+03
 14  9.752456059e-01  5.879325046e-03  2.465000000e+03
 15  9.859728147e-01  0.000000000e+00  2.465000000e+03
 16  9.923443402e-01  0.000000000e+00  2.465000000e+03
  4  3.679775307e-01  5.221163746e-03  2.466000000e+03
  5  4.769212283e-01  6.159775888e-03  2.466000000e+03
  6  5.675605991e-01  6.962718297e-03  2.466000000e+03
  7  6.475842832e-01  7.833744987e-03  2.466000000e+03
  8  7.197126513e-01  8.593125773e-03  2.466000000e+03
  9  7.861303221e-01  8.788892703e-03  2.466000000e+03
 10  8.405866684e-01  9.079659929e-03  2.466000000e+03
 11  8.797619443e-01  7.399339594e-03  2.466000000e+03
 12  9.180906576e-01  5.080184674e-03  2.466000000e+03
 13  9.575762530e-01  5.690049835e-03  2.466000000e+03
 14  9.752921155e-01  5.891434257e-03  2.466000000e+03
 15  9.860069781e-01  0.000000000e+00  2.466000000e+03
 16  9.923653519e-01  0.000000000e+00  2.466000000e+03
  4  3.679599843e-01  5.226596667e-03  2.467000000e+03
  5  4.770734411e-01  6.168144253e-03  2.467000000e+03
  6  5.678254533e-01  6.969620899e-03  2.467000000e+03
  7  6.479200986e-01  7.834245786e-03  2.467000000e+03
  8  7.200685073e-01  8.585762643e-03  2.467000000e+03
  9  7.864438387e-01  8.783141309e-03  2.467000000e+03
 10  8.408295828e-01  9.072740516e-03  2.467000000e+03
 11  8.799142638e-01  7.400144958e-03  2.467000000e+03
 12  9.180712342e-01  5.041665071e-03  2.467000000e+03
 13  9.576166740e-01  5.766807787e-03  2.467000000e+03
 14  9.753387215e-01  5.906984937e-03  2.467000000e+03
 15  9.860413176e-01  0.000000000e+00  2.467000000e+03
 16  9.923865282e-01  0.000000000e+00  2.467000000e+03
  4  3.679424133e-01  5.232103852e-03  2.468000000e+03
  5  4.772281939e-01  6.176550867e-03  2.468000000e+03
  6  5.680940059e-01  6.976553936e-03  2.468000000e+03
  7  6.482599892e-01  7.834774574e-03  2.468000000e+03
  8  7.204280347e-01  8.578387886e-03  2.468000000e+03
  9  7.867605447e-01  8.777354268e-03  2.468000000e+03
 10  8.410753680e-01  9.065601734e-03  2.468000000e+03
 11  8.800683920e-01  7.400288753e-03  2.468000000e+03
 12  9.180464115e-01  5.001775831e-03  2.468000000e+03
 13  9.576560344e-01  5.842726717e-03  2.468000000e+03
 14  9.753854062e-01  5.925763631e-03  2.468000000e+03
 15  9.860758067e-01  0.000000000e+00  2.468000000e+03
 16  9.924078535e-01  0.000000000e+00  2.468000000e+03
  4  3.679248685e-01  5.237680968e-03  2.469000000e+03
  5  4.773853800e-01  6.184992099e-03  2.469000000e+03
  6  5.683660253e-01  6.983511309e-03  2.469000000e+03
  7  6.486036379e-01  7.835323336e-03  2.469000000e+03
  8  7.207908836e-01  8.571001145e-03  2.469000000e+03
  9  7.870801361e-01  8.771543618e-03  2.469000000e+03
 10  8.413237777e-01  9.058250616e-03  2.469000000e+03
 11  8.802241872e-01  7.399828724e-03  2.469000000e+03
 12  9.180164982e-01  4.960773604e-03  2.469000000e+03
 13  9.576943485e-01  5.917813030e-03  2.469000000e+03
 14  9.754321522e-01  5.947551397e-03  2.469000000e+03
 15  9.861104189e-01  0.000000000e+00  2.469000000e+03
 16  9.924293122e-01  0.000000000e+00  2.469000000e+03
  4  3.679074007e-01  5.243323633e-03  2.470000000e+03
  5  4.775448926e-01  6.193464292e-03  2.470000000e+03
  6  5.686412800e-01  6.990486919e-03  2.470000000e+03
  7  6.489507276e-01  7.835884049e-03  2.470000000e+03
  8  7.211567043e-01  8.563602091e-03  2.470000000e+03
  9  7.874023087e-01  8.765721293e-03  2.470000000e+03
 10  8.415745655e-01  9.050694179e-03  2.470000000e+03
 11  8.803815075e-01  7.398822009e-03  2.470000000e+03
 12  9.179818029e-01  4.918904901e-03  2.470000000e+03
 13  9.577316306e-01  5.992067546e-03  2.470000000e+03
 14  9.754789422e-01  5.972126951e-03  2.470000000e+03
 15  9.861451279e-01  0.000000000e+00  2.470000000e+03
 16  9.924508887e-01  0.000000000e+00  2.470000000e+03
  4  3.678900495e-01  5.249026904e-03  2.471000000e+03
  5  4.777066604e-01  6.201966512e-03  2.471000000e+03
  6  5.689195844e-01  6.997475352e-03  2.471000000e+03
  7  6.493009703e-01  7.836437864e-03  2.471000000e+03
  8  7.215251224e-01  8.556187854e-03  2.471000000e+03
  9  7.877267302e-01  8.759976918e-03  2.471000000e+03
 10  8.418274623e-01  9.042911633e-03  2.471000000e+03
 11  8.805401277e-01  7.397436489e-03  2.471000000e+03
 12  9.179423281e-01  4.877141596e-03  2.471000000e+03
 13  9.577679066e-01  6.065206296e-03  2.471000000e+03
 14  9.755257634e-01  5.999271384e-03  2.471000000e+03
 15  9.861798675e-01  0.000000000e+00  2.471000000e+03
 16  9.924725714e-01  0.000000000e+00  2.471000000e+03
  4  3.678728796e-01  5.254786935e-03  2.472000000e+03
  5  4.778705326e-01  6.210491609e-03  2.472000000e+03
  6  5.692006493e-01  7.004469515e-03  2.472000000e+03
  7  6.496540124e-01  7.836990319e-03  2.472000000e+03
  8  7.218958185e-01  8.548761246e-03  2.472000000e+03
  9  7.880531320e-01  8.754224698e-03  2.472000000e+03
 10  8.420822501e-01  9.034944731e-03  2.472000000e+03
 11  8.807000105e-01  7.395587982e-03  2.472000000e+03
 12  9.178987652e-01  4.834764354e-03  2.472000000e+03
 13  9.578031765e-01  6.137561563e-03  2.472000000e+03
 14  9.755725923e-01  6.028764619e-03  2.472000000e+03
 15  9.862146608e-01  0.000000000e+00  2.472000000e+03
 16  9.924943396e-01  0.000000000e+00  2.472000000e+03
  4  3.678559446e-01  5.260599324e-03  2.473000000e+03
  5  4.780363937e-01  6.219035153e-03  2.473000000e+03
  6  5.694842314e-01  7.011463013e-03  2.473000000e+03
  7  6.500095296e-01  7.837536138e-03  2.473000000e+03
  8  7.222684491e-01  8.541322558e-03  2.473000000e+03
  9  7.883812172e-01  8.748457027e-03  2.473000000e+03
 10  8.423386884e-01  9.026807195e-03  2.473000000e+03
 11  8.808610351e-01  7.393304305e-03  2.473000000e+03
 12  9.178514993e-01  4.791814945e-03  2.473000000e+03
 13  9.578374514e-01  6.209192868e-03  2.473000000e+03
 14  9.756194103e-01  6.060393549e-03  2.473000000e+03
 15  9.862494912e-01  0.000000000e+00  2.473000000e+03
 16  9.925161769e-01  0.000000000e+00  2.473000000e+03
  4  3.678392981e-01  5.266459604e-03  2.474000000e+03
  5  4.782041281e-01  6.227592667e-03  2.474000000e+03
  6  5.697700878e-01  7.018449444e-03  2.474000000e+03
  7  6.503671973e-01  7.838070034e-03  2.474000000e+03
  8  7.226426702e-01  8.533872078e-03  2.474000000e+03
  9  7.887106887e-01  8.742666353e-03  2.474000000e+03
 10  8.425965366e-01  9.018512621e-03  2.474000000e+03
 11  8.810230804e-01  7.390612991e-03  2.474000000e+03
 12  9.178009157e-01  4.748335216e-03  2.474000000e+03
 13  9.578707430e-01  6.280158574e-03  2.474000000e+03
 14  9.756661988e-01  6.093951932e-03  2.474000000e+03
 15  9.862843422e-01  0.000000000e+00  2.474000000e+03
 16  9.925380666e-01  0.000000000e+00  2.474000000e+03
  4  3.678229936e-01  5.272363262e-03  2.475000000e+03
  5  4.783736203e-01  6.236159644e-03  2.475000000e+03
  6  5.700579751e-01  7.025422356e-03  2.475000000e+03
  7  6.507266912e-01  7.838586734e-03  2.475000000e+03
  8  7.230181381e-01  8.526410087e-03  2.475000000e+03
  9  7.890412497e-01  8.736845196e-03  2.475000000e+03
 10  8.428555538e-01  9.010074454e-03  2.475000000e+03
 11  8.811860258e-01  7.387541292e-03  2.475000000e+03
 12  9.177473995e-01  4.704366958e-03  2.475000000e+03
 13  9.579030626e-01  6.350516002e-03  2.475000000e+03
 14  9.757129391e-01  6.129241763e-03  2.475000000e+03
 15  9.863191973e-01  0.000000000e+00  2.475000000e+03
 16  9.925599922e-01  0.000000000e+00  2.475000000e+03
  4  3.678070652e-01  5.278306506e-03  2.476000000e+03
  5  4.785447905e-01  6.244751644e-03  2.476000000e+03
  6  5.703476963e-01  7.032380774e-03  2.476000000e+03
  7  6.510877024e-01  7.839061544e-03  2.476000000e+03
  8  7.233944719e-01  8.518932218e-03  2.476000000e+03
  9  7.893725706e-01  8.730920217e-03  2.476000000e+03
 10  8.431154699e-01  9.001510063e-03  2.476000000e+03
 11  8.813497617e-01  7.384300395e-03  2.476000000e+03
 12  9.176914794e-01  4.659945914e-03  2.476000000e+03
 13  9.579344267e-01  6.420419788e-03  2.476000000e+03
 14  9.757596198e-01  6.166079187e-03  2.476000000e+03
 15  9.863540601e-01  0.000000000e+00  2.476000000e+03
 16  9.925819424e-01  0.000000000e+00  2.476000000e+03
  4  3.677915908e-01  5.284283723e-03  2.477000000e+03
  5  4.787174786e-01  6.253339047e-03  2.477000000e+03
  6  5.706389508e-01  7.039311364e-03  2.477000000e+03
  7  6.514498870e-01  7.839513489e-03  2.477000000e+03
  8  7.237713744e-01  8.511444571e-03  2.477000000e+03
  9  7.897043952e-01  8.724966678e-03  2.477000000e+03
 10  8.433760811e-01  8.992827563e-03  2.477000000e+03
 11  8.815141530e-01  7.380685240e-03  2.477000000e+03
 12  9.176333612e-01  4.615120903e-03  2.477000000e+03
 13  9.579648404e-01  6.489805087e-03  2.477000000e+03
 14  9.758062131e-01  6.204279349e-03  2.477000000e+03
 15  9.863888889e-01  0.000000000e+00  2.477000000e+03
 16  9.926038938e-01  0.000000000e+00  2.477000000e+03
  4  3.677766289e-01  5.290290015e-03  2.478000000e+03
  5  4.788915602e-01  6.261912156e-03  2.478000000e+03
  6  5.709314838e-01  7.046206213e-03  2.478000000e+03
  7  6.518129168e-01  7.839942170e-03  2.478000000e+03
  8  7.241485110e-01  8.503948566e-03  2.478000000e+03
  9  7.900364346e-01  8.718993575e-03  2.478000000e+03
 10  8.436371544e-01  8.984039010e-03  2.478000000e+03
 11  8.816790760e-01  7.376677038e-03  2.478000000e+03
 12  9.175733943e-01  4.569934346e-03  2.478000000e+03
 13  9.579943138e-01  6.558700654e-03  2.478000000e+03
 14  9.758526986e-01  6.243672618e-03  2.478000000e+03
 15  9.864236619e-01  0.000000000e+00  2.478000000e+03
 16  9.926258287e-01  0.000000000e+00  2.478000000e+03
  4  3.677622379e-01  5.296320420e-03  2.479000000e+03
  5  4.790669109e-01  6.270461185e-03  2.479000000e+03
  6  5.712250408e-01  7.053057389e-03  2.479000000e+03
  7  6.521764633e-01  7.840347220e-03  2.479000000e+03
  8  7.245255474e-01  8.496445621e-03  2.479000000e+03
  9  7.903684000e-01  8.713009823e-03  2.479000000e+03
 10  8.438984565e-01  8.975156368e-03  2.479000000e+03
 11  8.818444070e-01  7.372257462e-03  2.479000000e+03
 12  9.175119279e-01  4.524428159e-03  2.479000000e+03
 13  9.580228570e-01  6.627133337e-03  2.479000000e+03
 14  9.758990558e-01  6.284099944e-03  2.479000000e+03
 15  9.864583576e-01  0.000000000e+00  2.479000000e+03
 16  9.926477290e-01  0.000000000e+00  2.479000000e+03
  4  3.677484762e-01  5.302369903e-03  2.480000000e+03
  5  4.792434063e-01  6.278976257e-03  2.480000000e+03
  6  5.715193670e-01  7.059856927e-03  2.480000000e+03
  7  6.525401983e-01  7.840728258e-03  2.480000000e+03
  8  7.249021491e-01  8.488937129e-03  2.480000000e+03
  9  7.907000027e-01  8.707024281e-03  2.480000000e+03
 10  8.441597540e-01  8.966191435e-03  2.480000000e+03
 11  8.820100222e-01  7.367408657e-03  2.480000000e+03
 12  9.174493114e-01  4.478643647e-03  2.480000000e+03
 13  9.580504803e-01  6.695128179e-03  2.480000000e+03
 14  9.759452643e-01  6.325412854e-03  2.480000000e+03
 15  9.864929544e-01  0.000000000e+00  2.480000000e+03
 16  9.926695768e-01  0.000000000e+00  2.480000000e+03
  4  3.677353873e-01  5.308431072e-03  2.481000000e+03
  5  4.794209553e-01  6.287428432e-03  2.481000000e+03
  6  5.718142503e-01  7.066585165e-03  2.481000000e+03
  7  6.529038061e-01  7.841105276e-03  2.481000000e+03
  8  7.252779426e-01  8.481419518e-03  2.481000000e+03
  9  7.910309161e-01  8.701053921e-03  2.481000000e+03
 10  8.444207850e-01  8.957127076e-03  2.481000000e+03
 11  8.821758314e-01  7.361947457e-03  2.481000000e+03
 12  9.173861954e-01  4.432442224e-03  2.481000000e+03
 13  9.580771837e-01  6.762722536e-03  2.481000000e+03
 14  9.759912977e-01  6.367464480e-03  2.481000000e+03
 15  9.865274292e-01  0.000000000e+00  2.481000000e+03
 16  9.926913427e-01  0.000000000e+00  2.481000000e+03
  4  3.677230483e-01  5.314501627e-03  2.482000000e+03
  5  4.795993918e-01  6.295831321e-03  2.482000000e+03
  6  5.721093829e-01  7.073248615e-03  2.482000000e+03
  7  6.532669426e-01  7.841452478e-03  2.482000000e+03
  8  7.256526423e-01  8.473900399e-03  2.482000000e+03
  9  7.913608986e-01  8.695097170e-03  2.482000000e+03
 10  8.446813523e-01  8.948011042e-03  2.482000000e+03
 11  8.823416690e-01  7.356065624e-03  2.482000000e+03
 12  9.173225526e-01  4.386094469e-03  2.482000000e+03
 13  9.581029899e-01  6.829920767e-03  2.482000000e+03
 14  9.760371428e-01  6.410137857e-03  2.482000000e+03
 15  9.865617623e-01  0.000000000e+00  2.482000000e+03
 16  9.927130230e-01  0.000000000e+00  2.482000000e+03
  4  3.677115214e-01  5.320576915e-03  2.483000000e+03
  5  4.797785830e-01  6.304179618e-03  2.483000000e+03
  6  5.724044996e-01  7.079842148e-03  2.483000000e+03
  7  6.536292763e-01  7.841764437e-03  2.483000000e+03
  8  7.260259235e-01  8.466382368e-03  2.483000000e+03
  9  7.916896706e-01  8.689160619e-03  2.483000000e+03
 10  8.449412297e-01  8.938861860e-03  2.483000000e+03
 11  8.825074031e-01  7.349787388e-03  2.483000000e+03
 12  9.172586569e-01  4.339679391e-03  2.483000000e+03
 13  9.581279116e-01  6.896739097e-03  2.483000000e+03
 14  9.760827807e-01  6.453317142e-03  2.483000000e+03
 15  9.865959323e-01  0.000000000e+00  2.483000000e+03
 16  9.927346029e-01  0.000000000e+00  2.483000000e+03
  4  3.677008688e-01  5.326652232e-03  2.484000000e+03
  5  4.799583961e-01  6.312467963e-03  2.484000000e+03
  6  5.726993351e-01  7.086360626e-03  2.484000000e+03
  7  6.539904757e-01  7.842035715e-03  2.484000000e+03
  8  7.263974614e-01  8.458868002e-03  2.484000000e+03
  9  7.920169528e-01  8.683250819e-03  2.484000000e+03
 10  8.452001912e-01  8.929697853e-03  2.484000000e+03
 11  8.826729016e-01  7.343136685e-03  2.484000000e+03
 12  9.171947823e-01  4.293271302e-03  2.484000000e+03
 13  9.581519613e-01  6.963192008e-03  2.484000000e+03
 14  9.761281924e-01  6.496895887e-03  2.484000000e+03
 15  9.866299181e-01  0.000000000e+00  2.484000000e+03
 16  9.927560672e-01  0.000000000e+00  2.484000000e+03
  4  3.676911526e-01  5.332722797e-03  2.485000000e+03
  5  4.801386984e-01  6.320690974e-03  2.485000000e+03
  6  5.729936241e-01  7.092798896e-03  2.485000000e+03
  7  6.543502093e-01  7.842260902e-03  2.485000000e+03
  8  7.267669314e-01  8.451359876e-03  2.485000000e+03
  9  7.923424658e-01  8.677374273e-03  2.485000000e+03
 10  8.454580108e-01  8.920537145e-03  2.485000000e+03
 11  8.828380324e-01  7.336137176e-03  2.485000000e+03
 12  9.171312027e-01  4.246939871e-03  2.485000000e+03
 13  9.581751519e-01  7.029292256e-03  2.485000000e+03
 14  9.761733588e-01  6.540776543e-03  2.485000000e+03
 15  9.866636984e-01  0.000000000e+00  2.485000000e+03
 16  9.927774008e-01  0.000000000e+00  2.485000000e+03
  4  3.676824169e-01  5.338789977e-03  2.486000000e+03
  5  4.803193966e-01  6.328849164e-03  2.486000000e+03
  6  5.732871396e-01  7.099144757e-03  2.486000000e+03
  7  6.547081640e-01  7.842431319e-03  2.486000000e+03
  8  7.271339739e-01  8.443858541e-03  2.486000000e+03
  9  7.926659028e-01  8.671540013e-03  2.486000000e+03
 10  8.457144383e-01  8.911427568e-03  2.486000000e+03
 11  8.830025795e-01  7.328257229e-03  2.486000000e+03
 12  9.170685587e-01  4.200724090e-03  2.486000000e+03
 13  9.581974895e-01  7.095036990e-03  2.486000000e+03
 14  9.762182825e-01  6.584870907e-03  2.486000000e+03
 15  9.866972297e-01  0.000000000e+00  2.486000000e+03
 16  9.927985991e-01  0.000000000e+00  2.486000000e+03
  4  3.676747464e-01  5.344841153e-03  2.487000000e+03
  5  4.805003086e-01  6.336929696e-03  2.487000000e+03
  6  5.735795685e-01  7.105401840e-03  2.487000000e+03
  7  6.550639854e-01  7.842545650e-03  2.487000000e+03
  8  7.274983079e-01  8.436369003e-03  2.487000000e+03
  9  7.929870185e-01  8.665751194e-03  2.487000000e+03
 10  8.459692777e-01  8.902349260e-03  2.487000000e+03
 11  8.831665158e-01  7.320218703e-03  2.487000000e+03
 12  9.170066661e-01  4.154718296e-03  2.487000000e+03
 13  9.582189948e-01  7.160452853e-03  2.487000000e+03
 14  9.762629176e-01  6.629096509e-03  2.487000000e+03
 15  9.867305186e-01  0.000000000e+00  2.487000000e+03
 16  9.928196340e-01  0.000000000e+00  2.487000000e+03
  4  3.676682080e-01  5.350869782e-03  2.488000000e+03
  5  4.806812915e-01  6.344925573e-03  2.488000000e+03
  6  5.738706361e-01  7.111566743e-03  2.488000000e+03
  7  6.554173374e-01  7.842599322e-03  2.488000000e+03
  8  7.278596173e-01  8.428894261e-03  2.488000000e+03
  9  7.933055406e-01  8.660013514e-03  2.488000000e+03
 10  8.462223091e-01  8.893312353e-03  2.488000000e+03
 11  8.833297303e-01  7.312179495e-03  2.488000000e+03
 12  9.169457072e-01  4.108984377e-03  2.488000000e+03
 13  9.582396821e-01  7.225551393e-03  2.488000000e+03
 14  9.763072397e-01  6.673379147e-03  2.488000000e+03
 15  9.867635495e-01  0.000000000e+00  2.488000000e+03
 16  9.928404880e-01  0.000000000e+00  2.488000000e+03
  4  3.676628683e-01  5.356869237e-03  2.489000000e+03
  5  4.808622028e-01  6.352829786e-03  2.489000000e+03
  6  5.741600675e-01  7.117636083e-03  2.489000000e+03
  7  6.557678839e-01  7.842587764e-03  2.489000000e+03
  8  7.282175862e-01  8.421437271e-03  2.489000000e+03
  9  7.936211964e-01  8.654332665e-03  2.489000000e+03
 10  8.464733124e-01  8.884326900e-03  2.489000000e+03
 11  8.834921119e-01  7.304294359e-03  2.489000000e+03
 12  9.168858644e-01  4.063579384e-03  2.489000000e+03
 13  9.582595655e-01  7.290342744e-03  2.489000000e+03
 14  9.763512243e-01  6.717651429e-03  2.489000000e+03
 15  9.867963065e-01  0.000000000e+00  2.489000000e+03
 16  9.928611435e-01  0.000000000e+00  2.489000000e+03
  4  3.676587940e-01  5.362832813e-03  2.490000000e+03
  5  4.810428998e-01  6.360635264e-03  2.490000000e+03
  6  5.744475880e-01  7.123606447e-03  2.490000000e+03
  7  6.561152889e-01  7.842506431e-03  2.490000000e+03
  8  7.285718986e-01  8.414000987e-03  2.490000000e+03
  9  7.939337133e-01  8.648714264e-03  2.490000000e+03
 10  8.467220675e-01  8.875402835e-03  2.490000000e+03
 11  8.836535497e-01  7.296715069e-03  2.490000000e+03
 12  9.168273200e-01  4.018555691e-03  2.490000000e+03
 13  9.582786593e-01  7.354835660e-03  2.490000000e+03
 14  9.763948471e-01  6.761852253e-03  2.490000000e+03
 15  9.868287740e-01  0.000000000e+00  2.490000000e+03
 16  9.928815828e-01  0.000000000e+00  2.490000000e+03
  4  3.676560629e-01  5.368747062e-03  2.491000000e+03
  5  4.812233040e-01  6.368333645e-03  2.491000000e+03
  6  5.747329944e-01  7.129497119e-03  2.491000000e+03
  7  6.564592611e-01  7.842326691e-03  2.491000000e+03
  8  7.289222526e-01  8.406586358e-03  2.491000000e+03
  9  7.942428496e-01  8.643179412e-03  2.491000000e+03
 10  8.469684045e-01  8.866522986e-03  2.491000000e+03
 11  8.838140166e-01  7.290798308e-03  2.491000000e+03
 12  9.167706265e-01  3.973865968e-03  2.491000000e+03
 13  9.582969740e-01  7.418977184e-03  2.491000000e+03
 14  9.764380776e-01  6.805753957e-03  2.491000000e+03
 15  9.868609881e-01  0.000000000e+00  2.491000000e+03
 16  9.929018417e-01  0.000000000e+00  2.491000000e+03
  4  3.676547278e-01  5.374613390e-03  2.492000000e+03
  5  4.814031924e-01  6.375919345e-03  2.492000000e+03
  6  5.750159224e-01  7.135276424e-03  2.492000000e+03
  7  6.567994085e-01  7.842074119e-03  2.492000000e+03
  8  7.292683146e-01  8.399198770e-03  2.492000000e+03
  9  7.945482943e-01  8.637714242e-03  2.492000000e+03
 10  8.472120408e-01  8.857731022e-03  2.492000000e+03
 11  8.839732965e-01  7.285172438e-03  2.492000000e+03
 12  9.167155035e-01  3.929676786e-03  2.492000000e+03
 13  9.583145286e-01  7.482847455e-03  2.492000000e+03
 14  9.764808989e-01  6.849520344e-03  2.492000000e+03
 15  9.868928685e-01  0.000000000e+00  2.492000000e+03
 16  9.929218358e-01  0.000000000e+00  2.492000000e+03
  4  3.676548527e-01  5.380426542e-03  2.493000000e+03
  5  4.815824064e-01  6.383385491e-03  2.493000000e+03
  6  5.752960790e-01  7.140935260e-03  2.493000000e+03
  7  6.571353838e-01  7.841750232e-03  2.493000000e+03
  8  7.296097654e-01  8.391841582e-03  2.493000000e+03
  9  7.948497671e-01  8.632320425e-03  2.493000000e+03
 10  8.474527438e-01  8.849043251e-03  2.493000000e+03
 11  8.841312574e-01  7.279687083e-03  2.493000000e+03
 12  9.166620410e-01  3.886048816e-03  2.493000000e+03
 13  9.583313382e-01  7.546467226e-03  2.493000000e+03
 14  9.765232884e-01  6.893150725e-03  2.493000000e+03
 15  9.869243864e-01  0.000000000e+00  2.493000000e+03
 16  9.929415342e-01  0.000000000e+00  2.493000000e+03
  4  3.676565015e-01  5.386181193e-03  2.494000000e+03
  5  4.817607872e-01  6.390725188e-03  2.494000000e+03
  6  5.755731717e-01  7.146464534e-03  2.494000000e+03
  7  6.574668396e-01  7.841356529e-03  2.494000000e+03
  8  7.299462853e-01  8.384518158e-03  2.494000000e+03
  9  7.951469878e-01  8.626999652e-03  2.494000000e+03
 10  8.476902809e-01  8.840475834e-03  2.494000000e+03
 11  8.842877671e-01  7.274194292e-03  2.494000000e+03
 12  9.166103288e-01  3.843036937e-03  2.494000000e+03
 13  9.583474181e-01  7.609856758e-03  2.494000000e+03
 14  9.765652230e-01  6.936649877e-03  2.494000000e+03
 15  9.869555133e-01  0.000000000e+00  2.494000000e+03
 16  9.929609058e-01  0.000000000e+00  2.494000000e+03
  4  3.676597382e-01  5.391871967e-03  2.495000000e+03
  5  4.819381762e-01  6.397931519e-03  2.495000000e+03
  6  5.758469077e-01  7.151855106e-03  2.495000000e+03
  7  6.577934288e-01  7.840894523e-03  2.495000000e+03
  8  7.302775549e-01  8.377231816e-03  2.495000000e+03
  9  7.954396761e-01  8.621753598e-03  2.495000000e+03
 10  8.479244196e-01  8.832044785e-03  2.495000000e+03
 11  8.844426937e-01  7.268548439e-03  2.495000000e+03
 12  9.165604567e-01  3.800690638e-03  2.495000000e+03
 13  9.583627834e-01  7.673035822e-03  2.495000000e+03
 14  9.766066800e-01  6.980027647e-03  2.495000000e+03
 15  9.869862205e-01  0.000000000e+00  2.495000000e+03
 16  9.929799196e-01  0.000000000e+00  2.495000000e+03
  4  3.676502422e-01  5.397950824e-03  2.496000000e+03
  5  4.821188520e-01  6.405604442e-03  2.496000000e+03
  6  5.761349747e-01  7.157729312e-03  2.496000000e+03
  7  6.581408552e-01  7.840816239e-03  2.496000000e+03
  8  7.306302587e-01  8.369959994e-03  2.496000000e+03
  9  7.957528820e-01  8.616339527e-03  2.496000000e+03
 10  8.481761061e-01  8.822685394e-03  2.496000000e+03
 11  8.846065250e-01  7.259369088e-03  2.496000000e+03
 12  9.165108352e-01  3.757607874e-03  2.496000000e+03
 13  9.583760407e-01  7.737683988e-03  2.496000000e+03
 14  9.766503548e-01  7.023443098e-03  2.496000000e+03
 15  9.870189436e-01  0.000000000e+00  2.496000000e+03
 16  9.930001062e-01  0.000000000e+00  2.496000000e+03
  4  3.676460579e-01  5.403843394e-03  2.497000000e+03
  5  4.822971091e-01  6.412980176e-03  2.497000000e+03
  6  5.764146044e-01  7.163289488e-03  2.497000000e+03
  7  6.584762077e-01  7.840559776e-03  2.497000000e+03
  8  7.309703223e-01  8.362738529e-03  2.497000000e+03
  9  7.960546626e-01  8.611065440e-03  2.497000000e+03
 10  8.484186344e-01  8.813768932e-03  2.497000000e+03
 11  8.847658540e-01  7.250584464e-03  2.497000000e+03
 12  9.164636533e-01  3.715687266e-03  2.497000000e+03
 13  9.583889659e-01  7.801785078e-03  2.497000000e+03
 14  9.766928267e-01  7.066736315e-03  2.497000000e+03
 15  9.870505737e-01  0.000000000e+00  2.497000000e+03
 16  9.930194827e-01  0.000000000e+00  2.497000000e+03
  4  3.676508456e-01  5.409427636e-03  2.498000000e+03
  5  4.824716795e-01  6.419898572e-03  2.498000000e+03
  6  5.766810089e-01  7.168367904e-03  2.498000000e+03
  7  6.587926260e-01  7.840014251e-03  2.498000000e+03
  8  7.312906754e-01  8.355576971e-03  2.498000000e+03
  9  7.963384050e-01  8.605993476e-03  2.498000000e+03
 10  8.486464772e-01  8.805577377e-03  2.498000000e+03
 11  8.849178937e-01  7.242848182e-03  2.498000000e+03
 12  9.164194207e-01  3.675287398e-03  2.498000000e+03
 13  9.584019264e-01  7.864913665e-03  2.498000000e+03
 14  9.767333931e-01  7.109892932e-03  2.498000000e+03
 15  9.870804661e-01  0.000000000e+00  2.498000000e+03
 16  9.930376278e-01  0.000000000e+00  2.498000000e+03
