 1.695500020e+00 -1.851192210e+00  8.639455104e-01  4.084664682e+00  9.314742454e-01  5.398135492e+00  9.951133953e-01  9.522845100e-01  7.908725780e+00 512 3 13
 0.000000000e+00  0.000000000e+00 -2.507080043e-06
 1.956947162e-03  2.746554798e-02  1.425048805e-01
 3.913894325e-03  3.884195030e-02  2.015324507e-01
 5.870841487e-03  4.757141596e-02  2.468218956e-01
 7.827788650e-03  5.493087517e-02  2.849955606e-01
 9.784735812e-03  6.141496948e-02  3.186178221e-01
 1.174168297e-02  6.727740247e-02  3.490033416e-01
 1.369863014e-02  7.266890082e-02  3.769327285e-01
 1.565557730e-02  7.768768272e-02  4.029143222e-01
 1.761252446e-02  8.240197969e-02  4.273010053e-01
 1.956947162e-02  8.686147797e-02  4.503495790e-01
 2.152641879e-02  9.110369268e-02  4.722536697e-01
 2.348336595e-02  9.515777617e-02  4.931628115e-01
 2.544031311e-02  9.904692096e-02  5.131972697e-01
 2.739726027e-02  1.027899264e-01  5.324544684e-01
 2.935420744e-02  1.064022871e-01  5.510143161e-01
 3.131115460e-02  1.098969537e-01  5.689437781e-01
 3.326810176e-02  1.132848809e-01  5.862997862e-01
 3.522504892e-02  1.165754329e-01  6.031298937e-01
 3.718199609e-02  1.197766958e-01  6.194751919e-01
 3.913894325e-02  1.228957066e-01  6.353713126e-01
 4.109589041e-02  1.259386362e-01  6.508496185e-01
 4.305283757e-02  1.289109299e-01  6.659380790e-01
 4.500978474e-02  1.318174209e-01  6.806616591e-01
 4.696673190e-02  1.346624223e-01  6.950425541e-01
 4.892367906e-02  1.374498032e-01  7.090999698e-01
 5.088062622e-02  1.401830532e-01  7.228508262e-01
 5.283757339e-02  1.428653327e-01  7.363108309e-01
 5.479452055e-02  1.454995126e-01  7.494948537e-01
 5.675146771e-02  1.480882090e-01  7.624168986e-01
 5.870841487e-02  1.506338132e-01  7.750884645e-01
 6.066536204e-02  1.531385236e-01  7.875188482e-01
 6.262230920e-02  1.556043678e-01  7.997178783e-01
 6.457925636e-02  1.580332152e-01  8.116965484e-01
 6.653620352e-02  1.604267905e-01  8.234643706e-01
 6.849315068e-02  1.627866928e-01  8.350277799e-01
 7.045009785e-02  1.651144141e-01  8.463928538e-01
 7.240704501e-02  1.674113461e-01  8.575666470e-01
 7.436399217e-02  1.696787861e-01  8.685557676e-01
 7.632093933e-02  1.719179471e-01  8.793665936e-01
 7.827788650e-02  1.741299642e-01  8.900046876e-01
 8.023483366e-02  1.763159040e-01  9.004741060e-01
 8.219178082e-02  1.784767716e-01  9.107792329e-01
 8.414872798e-02  1.806135136e-01  9.209247212e-01
 8.610567515e-02  1.827270217e-01  9.309152717e-01
 8.806262231e-02  1.848181372e-01  9.407552901e-01
 9.001956947e-02  1.868876550e-01  9.504481297e-01
 9.197651663e-02  1.889363292e-01  9.599965789e-01
 9.393346380e-02  1.909648763e-01  9.694029668e-01
 9.589041096e-02  1.929739777e-01  9.786712488e-01
 9.784735812e-02  1.949642782e-01  9.878051773e-01
 9.980430528e-02  1.969363905e-01  9.968075353e-01
 1.017612524e-01  1.988908990e-01  1.005679659e+00
 1.037181996e-01  2.008283637e-01  1.014423213e+00
 1.056751468e-01  2.027493192e-01  1.023040803e+00
 1.076320939e-01  2.046542754e-01  1.031536098e+00
 1.095890411e-01  2.065437169e-01  1.039911351e+00
 1.115459883e-01  2.084181088e-01  1.048167591e+00
 1.135029354e-01  2.102778985e-01  1.056305806e+00
 1.154598826e-01  2.121235157e-01  1.064327704e+00
 1.174168297e-01  2.139553725e-01  1.072235607e+00
 1.193737769e-01  2.157738633e-01  1.080031680e+00
 1.213307241e-01  2.175793666e-01  1.087717376e+00
 1.232876712e-01  2.193722471e-01  1.095293912e+00
 1.252446184e-01  2.211528561e-01  1.102761613e+00
 1.272015656e-01  2.229215341e-01  1.110121148e+00
 1.291585127e-01  2.246786090e-01  1.117375007e+00
 1.311154599e-01  2.264243947e-01  1.124526134e+00
 1.330724070e-01  2.281591923e-01  1.131574492e+00
 1.350293542e-01  2.298832958e-01  1.138519582e+00
 1.369863014e-01  2.315969908e-01  1.145362439e+00
 1.389432485e-01  2.333005527e-01  1.152104573e+00
 1.409001957e-01  2.349942471e-01  1.158747867e+00
 1.428571429e-01  2.366783298e-01  1.165293532e+00
 1.448140900e-01  2.383530489e-01  1.171741532e+00
 1.467710372e-01  2.400186465e-01  1.178092064e+00
 1.487279843e-01  2.416753576e-01  1.184345957e+00
 1.506849315e-01  2.433234099e-01  1.190503915e+00
 1.526418787e-01  2.449630244e-01  1.196568076e+00
 1.545988258e-01  2.465944136e-01  1.202538978e+00
 1.565557730e-01  2.482177854e-01  1.208416589e+00
 1.585127202e-01  2.498333426e-01  1.214200671e+00
 1.604696673e-01  2.514412834e-01  1.219892028e+00
 1.624266145e-01  2.530417998e-01  1.225491845e+00
 1.643835616e-01  2.546350779e-01  1.231001720e+00
 1.663405088e-01  2.562212982e-01  1.236422010e+00
 1.682974560e-01  2.578006372e-01  1.241751934e+00
 1.702544031e-01  2.593732687e-01  1.246991703e+00
 1.722113503e-01  2.609393619e-01  1.252142208e+00
 1.741682975e-01  2.624990813e-01  1.257204860e+00
 1.761252446e-01  2.640525861e-01  1.262180418e+00
 1.780821918e-01  2.656000322e-01  1.267069058e+00
 1.800391389e-01  2.671415723e-01  1.271870066e+00
 1.819960861e-01  2.686773570e-01  1.276584141e+00
 1.839530333e-01  2.702075325e-01  1.281211790e+00
 1.859099804e-01  2.717322418e-01  1.285754199e+00
 1.878669276e-01  2.732516239e-01  1.290212224e+00
 1.898238748e-01  2.747658147e-01  1.294585470e+00
 1.917808219e-01  2.762749483e-01  1.298874005e+00
 1.937377691e-01  2.777791561e-01  1.303077995e+00
 1.956947162e-01  2.792785672e-01  1.307198025e+00
 1.976516634e-01  2.807733072e-01  1.311235360e+00
 1.996086106e-01  2.822634985e-01  1.315190669e+00
 2.015655577e-01  2.837492613e-01  1.319063447e+00
 2.035225049e-01  2.852307147e-01  1.322853521e+00
 2.054794521e-01  2.867079754e-01  1.326561415e+00
 2.074363992e-01  2.881811580e-01  1.330188019e+00
 2.093933464e-01  2.896503739e-01  1.333734592e+00
 2.113502935e-01  2.911157320e-01  1.337200876e+00
 2.133072407e-01  2.925773405e-01  1.340586566e+00
 2.152641879e-01  2.940353059e-01  1.343892137e+00
 2.172211350e-01  2.954897325e-01  1.347118187e+00
 2.191780822e-01  2.969407227e-01  1.350265229e+00
 2.211350294e-01  2.983883771e-01  1.353334137e+00
 2.230919765e-01  2.998327939e-01  1.356324938e+00
 2.250489237e-01  3.012740707e-01  1.359237565e+00
 2.270058708e-01  3.027123034e-01  1.362072644e+00
 2.289628180e-01  3.041475862e-01  1.364830473e+00
 2.309197652e-01  3.055800120e-01  1.367511675e+00
 2.328767123e-01  3.070096718e-01  1.370116997e+00
 2.348336595e-01  3.084366549e-01  1.372646584e+00
 2.367906067e-01  3.098610500e-01  1.375100674e+00
 2.387475538e-01  3.112829440e-01  1.377479580e+00
 2.407045010e-01  3.127024231e-01  1.379783771e+00
 2.426614481e-01  3.141195717e-01  1.382013880e+00
 2.446183953e-01  3.155344729e-01  1.384170761e+00
 2.465753425e-01  3.169472083e-01  1.386254477e+00
 2.485322896e-01  3.183578589e-01  1.388265255e+00
 2.504892368e-01  3.197665045e-01  1.390203647e+00
 2.524461840e-01  3.211732237e-01  1.392070202e+00
 2.544031311e-01  3.225780940e-01  1.393865590e+00
 2.563600783e-01  3.239811914e-01  1.395590303e+00
 2.583170254e-01  3.253825912e-01  1.397244681e+00
 2.602739726e-01  3.267823676e-01  1.398829211e+00
 2.622309198e-01  3.281805940e-01  1.400344429e+00
 2.641878669e-01  3.295773426e-01  1.401791108e+00
 2.661448141e-01  3.309726844e-01  1.403169580e+00
 2.681017613e-01  3.323666897e-01  1.404480282e+00
 2.700587084e-01  3.337594279e-01  1.405723927e+00
 2.720156556e-01  3.351509675e-01  1.406901240e+00
 2.739726027e-01  3.365413756e-01  1.408012845e+00
 2.759295499e-01  3.379307186e-01  1.409059242e+00
 2.778864971e-01  3.393190622e-01  1.410040566e+00
 2.798434442e-01  3.407064717e-01  1.410957717e+00
 2.818003914e-01  3.420930106e-01  1.411811743e+00
 2.837573386e-01  3.434787418e-01  1.412603204e+00
 2.857142857e-01  3.448637273e-01  1.413332605e+00
 2.876712329e-01  3.462480283e-01  1.414000817e+00
 2.896281800e-01  3.476317051e-01  1.414607665e+00
 2.915851272e-01  3.490148180e-01  1.415154440e+00
 2.935420744e-01  3.503974255e-01  1.415642190e+00
 2.954990215e-01  3.517795853e-01  1.416071604e+00
 2.974559687e-01  3.531613542e-01  1.416443371e+00
 2.994129159e-01  3.545427884e-01  1.416757938e+00
 3.013698630e-01  3.559239437e-01  1.417015160e+00
 3.033268102e-01  3.573048756e-01  1.417216852e+00
 3.052837573e-01  3.586856377e-01  1.417363960e+00
 3.072407045e-01  3.600662829e-01  1.417456908e+00
 3.091976517e-01  3.614468637e-01  1.417496302e+00
 3.111545988e-01  3.628274321e-01  1.417482393e+00
 3.131115460e-01  3.642080397e-01  1.417415767e+00
 3.150684932e-01  3.655887375e-01  1.417297709e+00
 3.170254403e-01  3.669695750e-01  1.417128897e+00
 3.189823875e-01  3.683506014e-01  1.416910023e+00
 3.209393346e-01  3.697318654e-01  1.416641744e+00
 3.228962818e-01  3.711134150e-01  1.416323924e+00
 3.248532290e-01  3.724952986e-01  1.415957361e+00
 3.268101761e-01  3.738775633e-01  1.415543455e+00
 3.287671233e-01  3.752602550e-01  1.415082878e+00
 3.307240705e-01  3.766434194e-01  1.414576059e+00
 3.326810176e-01  3.780271020e-01  1.414023353e+00
 3.346379648e-01  3.794113478e-01  1.413424958e+00
 3.365949119e-01  3.807962018e-01  1.412782004e+00
 3.385518591e-01  3.821817077e-01  1.412095543e+00
 3.405088063e-01  3.835679084e-01  1.411365960e+00
 3.424657534e-01  3.849548468e-01  1.410593975e+00
 3.444227006e-01  3.863425652e-01  1.409779775e+00
 3.463796477e-01  3.877311059e-01  1.408923657e+00
 3.483365949e-01  3.891205109e-01  1.408026748e+00
 3.502935421e-01  3.905108210e-01  1.407090014e+00
 3.522504892e-01  3.919020764e-01  1.406114014e+00
 3.542074364e-01  3.932943171e-01  1.405099079e+00
 3.561643836e-01  3.946875831e-01  1.404045379e+00
 3.581213307e-01  3.960819140e-01  1.402953553e+00
 3.600782779e-01  3.974773490e-01  1.401824856e+00
 3.620352250e-01  3.988739261e-01  1.400659897e+00
 3.639921722e-01  4.002716832e-01  1.399459051e+00
 3.659491194e-01  4.016706580e-01  1.398222625e+00
 3.679060665e-01  4.030708880e-01  1.396951268e+00
 3.698630137e-01  4.044724103e-01  1.395645480e+00
 3.718199609e-01  4.058752614e-01  1.394306114e+00
 3.737769080e-01  4.072794773e-01  1.392934108e+00
 3.757338552e-01  4.086850933e-01  1.391529777e+00
 3.776908023e-01  4.100921448e-01  1.390093259e+00
 3.796477495e-01  4.115006672e-01  1.388625139e+00
 3.816046967e-01  4.129106953e-01  1.387126265e+00
 3.835616438e-01  4.143222631e-01  1.385597537e+00
 3.855185910e-01  4.157354041e-01  1.384039551e+00
 3.874755382e-01  4.171501517e-01  1.382452125e+00
 3.894324853e-01  4.185665396e-01  1.380836245e+00
 3.913894325e-01  4.199846003e-01  1.379192324e+00
 3.933463796e-01  4.214043664e-01  1.377521163e+00
 3.953033268e-01  4.228258697e-01  1.375823407e+00
 3.972602740e-01  4.242491418e-01  1.374099391e+00
 3.992172211e-01  4.256742142e-01  1.372349606e+00
 4.011741683e-01  4.271011178e-01  1.370574948e+00
 4.031311155e-01  4.285298831e-01  1.368775341e+00
 4.050880626e-01  4.299605408e-01  1.366951866e+00
 4.070450098e-01  4.313931205e-01  1.365105269e+00
 4.090019569e-01  4.328276513e-01  1.363235540e+00
 4.109589041e-01  4.342641630e-01  1.361343496e+00
 4.129158513e-01  4.357026842e-01  1.359429579e+00
 4.148727984e-01  4.371432434e-01  1.357494262e+00
 4.168297456e-01  4.385858688e-01  1.355538574e+00
 4.187866928e-01  4.400305879e-01  1.353562473e+00
 4.207436399e-01  4.414774283e-01  1.351566604e+00
 4.227005871e-01  4.429264171e-01  1.349551946e+00
 4.246575342e-01  4.443775807e-01  1.347518525e+00
 4.266144814e-01  4.458309456e-01  1.345467064e+00
 4.285714286e-01  4.472865376e-01  1.343398021e+00
 4.305283757e-01  4.487443826e-01  1.341311863e+00
 4.324853229e-01  4.502045057e-01  1.339209529e+00
 4.344422701e-01  4.516669314e-01  1.337091417e+00
 4.363992172e-01  4.531316842e-01  1.334957407e+00
 4.383561644e-01  4.545987887e-01  1.332808601e+00
 4.403131115e-01  4.560682684e-01  1.330645291e+00
 4.422700587e-01  4.575401468e-01  1.328468302e+00
 4.442270059e-01  4.590144466e-01  1.326278128e+00
 4.461839530e-01  4.604911901e-01  1.324074945e+00
 4.481409002e-01  4.619704000e-01  1.321859365e+00
 4.500978474e-01  4.634520980e-01  1.319631714e+00
 4.520547945e-01  4.649363058e-01  1.317392829e+00
 4.540117417e-01  4.664230442e-01  1.315143387e+00
 4.559686888e-01  4.679123335e-01  1.312883813e+00
 4.579256360e-01  4.694041939e-01  1.310614142e+00
 4.598825832e-01  4.708986457e-01  1.308334643e+00
 4.618395303e-01  4.723957086e-01  1.306046456e+00
 4.637964775e-01  4.738954014e-01  1.303750261e+00
 4.657534247e-01  4.753977423e-01  1.301446478e+00
 4.677103718e-01  4.769027492e-01  1.299135118e+00
 4.696673190e-01  4.784104405e-01  1.296816257e+00
 4.716242661e-01  4.799208340e-01  1.294491102e+00
 4.735812133e-01  4.814339462e-01  1.292160376e+00
 4.755381605e-01  4.829497933e-01  1.289824374e+00
 4.774951076e-01  4.844683911e-01  1.287483462e+00
 4.794520548e-01  4.859897556e-01  1.285137371e+00
 4.814090020e-01  4.875139025e-01  1.282787184e+00
 4.833659491e-01  4.890408464e-01  1.280433726e+00
 4.853228963e-01  4.905706013e-01  1.278077292e+00
 4.872798434e-01  4.921031807e-01  1.275718454e+00
 4.892367906e-01  4.936385980e-01  1.273357003e+00
 4.911937378e-01  4.951768668e-01  1.270993495e+00
 4.931506849e-01  4.967179995e-01  1.268628844e+00
 4.951076321e-01  4.982620079e-01  1.266263602e+00
 4.970645793e-01  4.998089033e-01  1.263898160e+00
 4.990215264e-01  5.013586964e-01  1.261532600e+00
 5.009784736e-01  5.029113984e-01  1.259167108e+00
 5.029354207e-01  5.044670196e-01  1.256802528e+00
 5.048923679e-01  5.060255694e-01  1.254439598e+00
 5.068493151e-01  5.075870565e-01  1.252078661e+00
 5.088062622e-01  5.091514895e-01  1.249719747e+00
 5.107632094e-01  5.107188767e-01  1.247363311e+00
 5.127201566e-01  5.122892259e-01  1.245009837e+00
 5.146771037e-01  5.138625442e-01  1.242660029e+00
 5.166340509e-01  5.154388378e-01  1.240314330e+00
 5.185909980e-01  5.170181127e-01  1.237972584e+00
 5.205479452e-01  5.186003749e-01  1.235635678e+00
 5.225048924e-01  5.201856291e-01  1.233303802e+00
 5.244618395e-01  5.217738799e-01  1.230977557e+00
 5.264187867e-01  5.233651312e-01  1.228657258e+00
 5.283757339e-01  5.249593864e-01  1.226343026e+00
 5.303326810e-01  5.265566487e-01  1.224035677e+00
 5.322896282e-01  5.281569199e-01  1.221735467e+00
 5.342465753e-01  5.297602022e-01  1.219442615e+00
 5.362035225e-01  5.313664967e-01  1.217157446e+00
 5.381604697e-01  5.329758046e-01  1.214880313e+00
 5.401174168e-01  5.345881262e-01  1.212611778e+00
 5.420743640e-01  5.362034609e-01  1.210352198e+00
 5.440313112e-01  5.378218081e-01  1.208101542e+00
 5.459882583e-01  5.394431669e-01  1.205860083e+00
 5.479452055e-01  5.410675358e-01  1.203628321e+00
 5.499021526e-01  5.426949126e-01  1.201406684e+00
 5.518590998e-01  5.443252946e-01  1.199195382e+00
 5.538160470e-01  5.459586786e-01  1.196994479e+00
 5.557729941e-01  5.475950615e-01  1.194804038e+00
 5.577299413e-01  5.492344397e-01  1.192624639e+00
 5.596868885e-01  5.508768086e-01  1.190456623e+00
 5.616438356e-01  5.525221632e-01  1.188300114e+00
 5.636007828e-01  5.541704986e-01  1.186155225e+00
 5.655577299e-01  5.558218091e-01  1.184021936e+00
 5.675146771e-01  5.574760892e-01  1.181900718e+00
 5.694716243e-01  5.591333323e-01  1.179791875e+00
 5.714285714e-01  5.607935316e-01  1.177695500e+00
 5.733855186e-01  5.624566799e-01  1.175611671e+00
 5.753424658e-01  5.641227698e-01  1.173540532e+00
 5.772994129e-01  5.657917937e-01  1.171482187e+00
 5.792563601e-01  5.674637434e-01  1.169436945e+00
 5.812133072e-01  5.691386102e-01  1.167404942e+00
 5.831702544e-01  5.708163854e-01  1.165386193e+00
 5.851272016e-01  5.724970597e-01  1.163380902e+00
 5.870841487e-01  5.741806237e-01  1.161389138e+00
 5.890410959e-01  5.758670675e-01  1.159410980e+00
 5.909980431e-01  5.775563812e-01  1.157446549e+00
 5.929549902e-01  5.792485544e-01  1.155495931e+00
 5.949119374e-01  5.809435763e-01  1.153559291e+00
 5.968688845e-01  5.826414359e-01  1.151636700e+00
 5.988258317e-01  5.843421221e-01  1.149728115e+00
 6.007827789e-01  5.860456233e-01  1.147833621e+00
 6.027397260e-01  5.877519279e-01  1.145953356e+00
 6.046966732e-01  5.894610238e-01  1.144087444e+00
 6.066536204e-01  5.911728985e-01  1.142235954e+00
 6.086105675e-01  5.928875395e-01  1.140398909e+00
 6.105675147e-01  5.946049340e-01  1.138576210e+00
 6.125244618e-01  5.963250689e-01  1.136768157e+00
 6.144814090e-01  5.980479308e-01  1.134974838e+00
 6.164383562e-01  5.997735059e-01  1.133196237e+00
 6.183953033e-01  6.015017802e-01  1.131432335e+00
 6.203522505e-01  6.032327397e-01  1.129683134e+00
 6.223091977e-01  6.049663703e-01  1.127948569e+00
 6.242661448e-01  6.067026577e-01  1.126228559e+00
 6.262230920e-01  6.084415876e-01  1.124522983e+00
 6.281800391e-01  6.101831459e-01  1.122831822e+00
 6.301369863e-01  6.119273182e-01  1.121154776e+00
 6.320939335e-01  6.136740905e-01  1.119491709e+00
 6.340508806e-01  6.154234488e-01  1.117842359e+00
 6.360078278e-01  6.171753796e-01  1.116206517e+00
 6.379647750e-01  6.189298694e-01  1.114583986e+00
 6.399217221e-01  6.206869048e-01  1.112974276e+00
 6.418786693e-01  6.224464734e-01  1.111377031e+00
 6.438356164e-01  6.242085628e-01  1.109792227e+00
 6.457925636e-01  6.259731606e-01  1.108219535e+00
 6.477495108e-01  6.277402550e-01  1.106658346e+00
 6.497064579e-01  6.295098353e-01  1.105108128e+00
 6.516634051e-01  6.312818911e-01  1.103568407e+00
 6.536203523e-01  6.330564127e-01  1.102039018e+00
 6.555772994e-01  6.348333905e-01  1.100519878e+00
 6.575342466e-01  6.366128151e-01  1.099010070e+00
 6.594911937e-01  6.383946789e-01  1.097508896e+00
 6.614481409e-01  6.401789748e-01  1.096015944e+00
 6.634050881e-01  6.419656964e-01  1.094530987e+00
 6.653620352e-01  6.437548376e-01  1.093053228e+00
 6.673189824e-01  6.455463936e-01  1.091582414e+00
 6.692759295e-01  6.473403600e-01  1.090117871e+00
 6.712328767e-01  6.491367334e-01  1.088658900e+00
 6.731898239e-01  6.509355116e-01  1.087205005e+00
 6.751467710e-01  6.527366932e-01  1.085755354e+00
 6.771037182e-01  6.545402782e-01  1.084309264e+00
 6.790606654e-01  6.563462672e-01  1.082866799e+00
 6.810176125e-01  6.581546608e-01  1.081427597e+00
 6.829745597e-01  6.599654609e-01  1.079990186e+00
 6.849315068e-01  6.617786717e-01  1.078553708e+00
 6.868884540e-01  6.635942987e-01  1.077117655e+00
 6.888454012e-01  6.654123478e-01  1.075681666e+00
 6.908023483e-01  6.672328257e-01  1.074245806e+00
 6.927592955e-01  6.690557390e-01  1.072808996e+00
 6.947162427e-01  6.708810970e-01  1.071369899e+00
 6.966731898e-01  6.727089110e-01  1.069927823e+00
 6.986301370e-01  6.745391930e-01  1.068482745e+00
 7.005870841e-01  6.763719552e-01  1.067033656e+00
 7.025440313e-01  6.782072120e-01  1.065579938e+00
 7.045009785e-01  6.800449785e-01  1.064121236e+00
 7.064579256e-01  6.818852710e-01  1.062656522e+00
 7.084148728e-01  6.837281075e-01  1.061185247e+00
 7.103718200e-01  6.855735072e-01  1.059706272e+00
 7.123287671e-01  6.874214915e-01  1.058218948e+00
 7.142857143e-01  6.892720826e-01  1.056722679e+00
 7.162426614e-01  6.911253039e-01  1.055217511e+00
 7.181996086e-01  6.929811789e-01  1.053702599e+00
 7.201565558e-01  6.948397338e-01  1.052176311e+00
 7.221135029e-01  6.967009973e-01  1.050637880e+00
 7.240704501e-01  6.985649992e-01  1.049087014e+00
 7.260273973e-01  7.004317701e-01  1.047523345e+00
 7.279843444e-01  7.023013419e-01  1.045945748e+00
 7.299412916e-01  7.041737486e-01  1.044353721e+00
 7.318982387e-01  7.060490254e-01  1.042746315e+00
 7.338551859e-01  7.079272097e-01  1.041122819e+00
 7.358121331e-01  7.098083403e-01  1.039482244e+00
 7.377690802e-01  7.116924585e-01  1.037823520e+00
 7.397260274e-01  7.135796075e-01  1.036145948e+00
 7.416829746e-01  7.154698321e-01  1.034448831e+00
 7.436399217e-01  7.173631789e-01  1.032731165e+00
 7.455968689e-01  7.192596969e-01  1.030992147e+00
 7.475538160e-01  7.211594366e-01  1.029231343e+00
 7.495107632e-01  7.230624492e-01  1.027448865e+00
 7.514677104e-01  7.249687860e-01  1.025644808e+00
 7.534246575e-01  7.268784983e-01  1.023819791e+00
 7.553816047e-01  7.287916351e-01  1.021977514e+00
 7.573385519e-01  7.307082385e-01  1.020119881e+00
 7.592954990e-01  7.326283502e-01  1.018245291e+00
 7.612524462e-01  7.345520144e-01  1.016355742e+00
 7.632093933e-01  7.364792678e-01  1.014458225e+00
 7.651663405e-01  7.384101337e-01  1.012556624e+00
 7.671232877e-01  7.403446317e-01  1.010653169e+00
 7.690802348e-01  7.422827781e-01  1.008747260e+00
 7.710371820e-01  7.442245906e-01  1.006840506e+00
 7.729941292e-01  7.461700801e-01  1.004939957e+00
 7.749510763e-01  7.481192430e-01  1.003048798e+00
 7.769080235e-01  7.500720713e-01  1.001173410e+00
 7.788649706e-01  7.520285448e-01  9.993123844e-01
 7.808219178e-01  7.539886475e-01  9.974715087e-01
 7.827788650e-01  7.559523450e-01  9.956589115e-01
 7.847358121e-01  7.579195906e-01  9.938768027e-01
 7.866927593e-01  7.598903363e-01  9.921251299e-01
 7.886497065e-01  7.618645326e-01  9.904049359e-01
 7.906066536e-01  7.638421241e-01  9.887235181e-01
 7.925636008e-01  7.658230365e-01  9.870886590e-01
 7.945205479e-01  7.678071830e-01  9.855033952e-01
 7.964774951e-01  7.697944725e-01  9.839676718e-01
 7.984344423e-01  7.717848108e-01  9.824891025e-01
 8.003913894e-01  7.737780838e-01  9.810731486e-01
 8.023483366e-01  7.757741695e-01  9.797232918e-01
 8.043052838e-01  7.777729399e-01  9.784401102e-01
 8.062622309e-01  7.797742696e-01  9.772125086e-01
 8.082191781e-01  7.817780473e-01  9.760581226e-01
 8.101761252e-01  7.837841087e-01  9.749920100e-01
 8.121330724e-01  7.857922732e-01  9.740133042e-01
 8.140900196e-01  7.878023675e-01  9.731207468e-01
 8.160469667e-01  7.898142158e-01  9.723162629e-01
 8.180039139e-01  7.918276365e-01  9.716017911e-01
 8.199608611e-01  7.938424446e-01  9.709779076e-01
 8.219178082e-01  7.958584542e-01  9.704434640e-01
 8.238747554e-01  7.978754810e-01  9.699989340e-01
 8.258317025e-01  7.998933379e-01  9.696462822e-01
 8.277886497e-01  8.019118348e-01  9.693830082e-01
 8.297455969e-01  8.039307889e-01  9.692070595e-01
 8.317025440e-01  8.059500206e-01  9.691172854e-01
 8.336594912e-01  8.079693559e-01  9.691059902e-01
 8.356164384e-01  8.099886427e-01  9.691618981e-01
 8.375733855e-01  8.120077530e-01  9.692728801e-01
 8.395303327e-01  8.140265823e-01  9.694293996e-01
 8.414872798e-01  8.160450410e-01  9.696275240e-01
 8.434442270e-01  8.180630405e-01  9.698801014e-01
 8.454011742e-01  8.200804775e-01  9.701595604e-01
 8.473581213e-01  8.220973374e-01  9.704242846e-01
 8.493150685e-01  8.241136738e-01  9.706634653e-01
 8.512720157e-01  8.261295404e-01  9.708757775e-01
 8.532289628e-01  8.281449923e-01  9.710676276e-01
 8.551859100e-01  8.301600761e-01  9.712269279e-01
 8.571428571e-01  8.321748796e-01  9.713321414e-01
 8.590998043e-01  8.341895287e-01  9.713751507e-01
 8.610567515e-01  8.362041544e-01  9.713520569e-01
 8.630136986e-01  8.382188899e-01  9.712756311e-01
 8.649706458e-01  8.402338398e-01  9.711473686e-01
 8.669275930e-01  8.422491307e-01  9.709378334e-01
 8.688845401e-01  8.442649585e-01  9.706271815e-01
 8.708414873e-01  8.462815442e-01  9.702057968e-01
 8.727984344e-01  8.482991228e-01  9.696706386e-01
 8.747553816e-01  8.503179274e-01  9.690335314e-01
 8.767123288e-01  8.523381687e-01  9.682913296e-01
 8.786692759e-01  8.543600850e-01  9.674214035e-01
 8.806262231e-01  8.563839618e-01  9.664145541e-01
 8.825831703e-01  8.584100876e-01  9.652774537e-01
 8.845401174e-01  8.604387346e-01  9.640145962e-01
 8.864970646e-01  8.624701732e-01  9.626257524e-01
 8.884540117e-01  8.645046773e-01  9.611117824e-01
 8.904109589e-01  8.665425193e-01  9.594748684e-01
 8.923679061e-01  8.685839685e-01  9.577197244e-01
 8.943248532e-01  8.706292871e-01  9.558477031e-01
 8.962818004e-01  8.726787401e-01  9.538591157e-01
 8.982387476e-01  8.747325925e-01  9.517574038e-01
 9.001956947e-01  8.767911017e-01  9.495496355e-01
 9.021526419e-01  8.788545107e-01  9.472454656e-01
 9.041095890e-01  8.809230480e-01  9.448453538e-01
 9.060665362e-01  8.829969477e-01  9.423561476e-01
 9.080234834e-01  8.850764287e-01  9.397808542e-01
 9.099804305e-01  8.871617151e-01  9.371143595e-01
 9.119373777e-01  8.892530474e-01  9.343546586e-01
 9.138943249e-01  8.913506686e-01  9.315034731e-01
 9.158512720e-01  8.934548189e-01  9.285639286e-01
 9.178082192e-01  8.955657287e-01  9.255560096e-01
 9.197651663e-01  8.976835892e-01  9.224750958e-01
 9.217221135e-01  8.998086286e-01  9.193090419e-01
 9.236790607e-01  9.019410950e-01  9.160652942e-01
 9.256360078e-01  9.040812176e-01  9.127413912e-01
 9.275929550e-01  9.062292496e-01  9.093266470e-01
 9.295499022e-01  9.083854644e-01  9.058297824e-01
 9.315068493e-01  9.105501034e-01  9.022731963e-01
 9.334637965e-01  9.127233808e-01  8.986312276e-01
 9.354207436e-01  9.149056055e-01  8.948800847e-01
 9.373776908e-01  9.170971033e-01  8.910604133e-01
 9.393346380e-01  9.192980881e-01  8.871884838e-01
 9.412915851e-01  9.215088097e-01  8.832081057e-01
 9.432485323e-01  9.237296847e-01  8.790803053e-01
 9.452054795e-01  9.259611551e-01  8.748471230e-01
 9.471624266e-01  9.282034807e-01  8.706675271e-01
 9.491193738e-01  9.304566359e-01  8.663821445e-01
 9.510763209e-01  9.327212361e-01  8.618765493e-01
 9.530332681e-01  9.349980192e-01  8.568887467e-01
 9.549902153e-01  9.372877606e-01  8.520255824e-01
 9.569471624e-01  9.395872575e-01  8.519297580e-01
 9.589041096e-01  9.418831917e-01  8.527755292e-01
 9.608610568e-01  9.441793852e-01  8.513357310e-01
 9.628180039e-01  9.464834909e-01  8.467821116e-01
 9.647749511e-01  9.488045582e-01  8.388560295e-01
 9.667318982e-01  9.511522853e-01  8.280248631e-01
 9.686888454e-01  9.535363832e-01  8.125723356e-01
 9.706457926e-01  9.559733261e-01  7.922994849e-01
 9.726027397e-01  9.584776804e-01  7.705024589e-01
 9.745596869e-01  9.610537820e-01  7.489321952e-01
 9.765166341e-01  9.637038907e-01  7.281871853e-01
 9.784735812e-01  9.664283615e-01  7.086965743e-01
 9.804305284e-01  9.692258127e-01  6.907540666e-01
 9.823874755e-01  9.720932938e-01  6.745497815e-01
 9.843444227e-01  9.750264529e-01  6.601978472e-01
 9.863013699e-01  9.780197009e-01  6.477590086e-01
 9.882583170e-01  9.810663758e-01  6.372584406e-01
 9.902152642e-01  9.841589028e-01  6.286993542e-01
 9.921722114e-01  9.872889530e-01  6.220731749e-01
 9.941291585e-01  9.904475983e-01  6.173669527e-01
 9.960861057e-01  9.936254632e-01  6.145686678e-01
 9.980430528e-01  9.968128734e-01  6.139888236e-01
 1.000000000e+00  1.000000000e+00  6.140434374e-01
4  3.692368488e-01  7.349967008e-01  1.007874567e+00  7.454978900e-01  9.629001233e-01  6.361104197e+01  4.633244994e-01  9.912377147e-01  3.202380480e-01  2.662796233e+00
5  4.774649840e-01  9.888429984e-01  1.005444586e+00  6.106897715e-01  9.369383746e-01  3.889204287e+01  4.139205102e-01  1.039389060e+00  4.684405478e-01  2.747995809e+00
6  5.674119937e-01  1.120117958e+00  1.003772315e+00  5.202766394e-01  9.153046592e-01  2.856090106e+01  3.841491731e-01  1.110717303e+00  5.791958404e-01  2.716870120e+00
7  6.476401658e-01  1.210520817e+00  1.002393539e+00  4.553587553e-01  8.989510076e-01  2.279692792e+01  3.631372536e-01  1.187411298e+00  6.696027166e-01  2.654363502e+00
8  7.209430184e-01  1.278070425e+00  1.001173992e+00  4.065314311e-01  8.900510545e-01  1.922149819e+01  3.472125729e-01  1.264361247e+00  7.473310498e-01  2.582301312e+00
9  7.881031897e-01  1.402725230e+00  1.000111995e+00  3.683887481e-01  8.932411462e-01  1.710895456e+01  3.351489288e-01  1.349377386e+00  8.143827369e-01  2.506545631e+00
10  8.427810990e-01  1.814116439e+00  9.993520729e-01  3.373190865e-01  9.177704593e-01  1.642308023e+01  3.271307432e-01  1.456513182e+00  8.674440823e-01  2.410569782e+00
11  8.827328470e-01  2.252760038e+00  9.989396389e-01  3.111414120e-01  9.754721762e-01  1.729608819e+01  3.228209814e-01  1.612927753e+00  9.058176168e-01  2.294363642e+00
12  9.195518300e-01  1.782140492e+00  9.989330316e-01  2.896503221e-01  1.065635609e+00  1.931161141e+01  3.213955842e-01  1.798486894e+00  9.395596976e-01  2.190875730e+00
13  9.593677052e-01  3.042733270e+00  9.996515580e-01  2.727560174e-01  1.201231116e+00  2.271498941e+01  3.242631094e-01  2.039612083e+00  9.732851315e-01  2.111430511e+00
14  9.769843670e-01  5.340450674e+00  9.998728339e-01  2.556662475e-01  1.392189548e+00  2.921704550e+01  3.268071989e-01  2.680057105e+00  9.856286633e-01  1.997058335e+00
15  9.872174936e-01  8.441498672e+00  9.999234724e-01  2.402192870e-01  1.588249028e+00  3.649380927e+01  3.296273533e-01  3.860598684e+00  9.921277547e-01  1.883539576e+00
16  9.932353760e-01  1.392411262e+01  9.999506480e-01  2.263810630e-01  1.729663519e+00  4.145220034e+01  3.327263138e-01  5.951141096e+00  9.958463260e-01  1.776630715e+00
0 0 -1.259075642e-01 -2.951517498e-18
0 1  1.419348295e-02 -4.192014043e-03
0 2 -1.469264168e-02  4.860966903e-03
0 3  5.695564074e-03 -5.687663557e-03
0 4 -2.853295385e-03  5.716516514e-03
0 5 -1.190343016e-03 -4.669487088e-03
0 6  3.237249457e-03  1.888731766e-03
0 7 -2.748910149e-03  1.756247628e-03
0 8 -1.086484001e-03 -2.570107004e-03
0 9  1.962296815e-03 -1.384173403e-03
0 10  1.941303275e-03  9.846569894e-04
0 11  7.166609443e-04  1.881854814e-03
0 12 -1.798312029e-04  1.871683234e-03
1 0 -1.127293903e-01 -3.329437804e-02
1 1 -9.751572061e-02 -3.586295416e-17
1 2  1.026582901e-02 -5.731676560e-03
1 3 -1.390189136e-02  6.922643214e-03
1 4  3.136590725e-03 -7.607046654e-03
1 5 -1.015197534e-05  6.493551427e-03
1 6 -4.455909847e-03 -3.118038319e-03
1 7  3.685459540e-03 -1.910498183e-03
1 8  8.511047878e-04  3.529430019e-03
1 9 -2.857518981e-03  1.448766310e-03
1 10 -2.413613669e-03 -1.607918701e-03
1 11 -6.749143724e-04 -2.561834873e-03
1 12  4.845842677e-04 -2.401038124e-03
2 0  1.166938759e-01  3.860742547e-02
2 1 -1.052735800e-01 -5.877694924e-02
2 2 -7.847897975e-02  7.664759222e-18
2 3  6.491906837e-03 -6.849051549e-03
2 4 -1.095306494e-02  8.089685347e-03
2 5 -7.115376264e-04 -7.842014940e-03
2 6  3.220904395e-03  4.531580418e-03
2 7 -5.309236845e-03  1.241503536e-03
2 8 -5.563012750e-04 -4.197433071e-03
2 9  3.230140674e-03 -9.787028080e-04
2 10  2.093180121e-03  2.273692958e-03
2 11  4.074896653e-06  2.921761353e-03
2 12 -1.209683533e-03  2.482669661e-03
3 0 -4.523607544e-02 -4.517332688e-02
3 1  1.425605151e-01  7.099002265e-02
3 2 -8.272160084e-02 -8.727243360e-02
3 3 -6.533054385e-02 -3.500155190e-17
3 4  3.493066030e-03 -7.838134522e-03
3 5 -7.489610204e-03  8.574208979e-03
3 6 -4.738512101e-03 -6.462249637e-03
3 7  4.597363448e-03  2.692722772e-04
3 8 -1.768323797e-03  4.554182115e-03
3 9 -4.249835058e-03 -1.158946776e-04
3 10 -1.849179027e-03 -3.109616633e-03
3 11  6.020450561e-04 -3.084701222e-03
3 12  1.754495499e-03 -2.228468126e-03
4 0  2.266182657e-02  4.540248672e-02
4 1 -3.216497510e-02 -7.800841348e-02
4 2  1.395668620e-01  1.030809189e-01
4 3 -5.346757924e-02 -1.199765693e-01
4 4 -5.573904602e-02  1.791959611e-18
4 5  8.471667649e-04 -8.791802184e-03
4 6 -3.972112771e-03  8.316719276e-03
4 7 -8.077650151e-03 -3.092550961e-03
4 8  1.973397381e-03 -4.172453266e-03
4 9  3.046501439e-03  1.922214121e-03
4 10 -4.786755215e-04  3.819709103e-03
4 11 -2.757217674e-03  2.673998975e-03
4 12 -3.419171876e-03  1.295176389e-03
5 0  9.454102486e-03 -3.708662871e-02
5 1  1.041060383e-04  6.658979072e-02
5 2  9.066601384e-03 -9.992503681e-02
5 3  1.146417857e-01  1.312434961e-01
5 4 -1.519880273e-02 -1.577314793e-01
5 5 -4.834225206e-02  9.548526220e-18
5 6 -2.019261732e-03 -9.835520822e-03
5 7 -5.973194913e-04  6.732128393e-03
5 8 -8.469171006e-03  1.775769825e-03
5 9 -3.814551597e-03 -4.195713763e-03
5 10  1.163736446e-03 -3.564702814e-03
5 11  2.803668831e-03 -1.016993265e-03
5 12  2.706495214e-03  6.807821924e-04
6 0 -2.571131827e-02  1.500093959e-02
6 1  4.569427185e-02 -3.197472469e-02
6 2 -4.104161911e-02  5.774260104e-02
6 3  7.253134326e-02 -9.891620759e-02
6 4  7.126266154e-02  1.492081381e-01
6 5  4.177012128e-02 -2.034559915e-01
6 6 -4.213164789e-02  4.025562092e-17
6 7 -5.357868834e-03 -1.054491987e-02
6 8  1.819901153e-03  2.972695637e-03
6 9 -4.029269417e-03  4.954050027e-03
6 10 -6.403616289e-03  8.922000946e-04
6 11 -5.184264535e-03 -2.126037828e-03
6 12 -3.517490330e-03 -3.244163561e-03
7 0  2.183276410e-02  1.394870625e-02
7 1 -3.779349131e-02 -1.959169426e-02
7 2  6.765170574e-02  1.581956774e-02
7 3 -7.037081244e-02  4.121690427e-03
7 4  1.449190599e-01 -5.548266758e-02
7 5  1.235605430e-02  1.392597181e-01
7 6  1.271696955e-01 -2.502850089e-01
7 7 -3.648219149e-02  5.526754010e-17
7 8 -7.572811720e-03 -9.522438884e-03
7 9  1.657474015e-03 -1.729289458e-03
7 10  3.834745979e-04  3.308992959e-03
7 11 -2.307911928e-03  4.130079294e-03
7 12 -3.761675398e-03  3.400279436e-03
8 0  8.629219440e-03 -2.041264970e-02
8 1 -8.727872619e-03  3.619344653e-02
8 2  7.088538571e-03 -5.348480681e-02
8 3  2.706733624e-02  6.970984546e-02
8 4 -3.540421880e-02 -7.485691924e-02
8 5  1.751919003e-01  3.673328712e-02
8 6 -4.319558442e-02  7.055730753e-02
8 7  2.075755708e-01 -2.610160875e-01
8 8 -3.220250231e-02 -6.588549252e-17
8 9 -8.857165021e-03 -6.969988874e-03
8 10 -1.053274262e-03 -5.001514653e-03
8 11  1.280805619e-03 -1.435725910e-03
8 12  1.299445962e-03  7.064012011e-04
9 0 -1.558521783e-02 -1.099356827e-02
9 1  2.930316223e-02  1.485674619e-02
9 2 -4.115931023e-02 -1.247089107e-02
9 3  6.505127323e-02 -1.773973869e-03
9 4 -5.465650484e-02  3.448595299e-02
9 5  7.890719680e-02 -8.679185565e-02
9 6  9.563522005e-02  1.175850050e-01
9 7 -4.543241367e-02 -4.740092050e-02
9 8  2.750458625e-01 -2.164424618e-01
9 9 -2.934432844e-02  3.668000983e-17
9 10 -1.308536051e-02 -6.838970126e-03
9 11 -6.149672380e-03 -7.259758072e-03
9 12 -2.685026895e-03 -5.861252832e-03
10 0 -1.541848011e-02  7.820475246e-03
10 1  2.475102121e-02 -1.648881525e-02
10 2 -2.667185694e-02  2.897199944e-02
10 3  2.830496913e-02 -4.759820521e-02
10 4  8.587795372e-03  6.852842623e-02
10 5 -2.407286373e-02 -7.373886532e-02
10 6  1.519906438e-01  2.117648227e-02
10 7 -1.051128187e-02  9.070159506e-02
10 8  3.270783905e-02 -1.553144723e-01
10 9  4.459246884e-01 -2.330593505e-01
10 10 -2.276011299e-02 -1.131692867e-16
10 11 -1.218072082e-02 -3.711845641e-03
10 12 -8.970761193e-03 -5.055225142e-03
11 0 -5.691960992e-03  1.494632055e-02
11 1  6.921082757e-03 -2.627099361e-02
11 2 -5.192341524e-05  3.722985904e-02
11 3 -9.215368810e-03 -4.721683060e-02
11 4  4.946653865e-02  4.797353320e-02
11 5 -5.799623956e-02 -2.103735803e-02
11 6  1.230491755e-01 -5.046177718e-02
11 7  6.326132926e-02  1.132080921e-01
11 8 -3.977348116e-02 -4.458429648e-02
11 9  2.095693685e-01 -2.473990191e-01
11 10  5.351783986e-01 -1.630855542e-01
11 11 -1.861076070e-02  1.363285283e-16
11 12 -9.936595314e-03 -1.720951117e-03
12 0  1.428279579e-03  1.486553445e-02
12 1 -4.969293820e-03 -2.462206206e-02
12 2  1.541410881e-02  3.163483609e-02
12 3 -2.685566957e-02 -3.411066240e-02
12 4  6.134249006e-02  2.323642907e-02
12 5 -5.598612183e-02  1.408255022e-02
12 6  8.348807859e-02 -7.700063309e-02
12 7  1.031099077e-01  9.320381529e-02
12 8 -4.035232882e-02  2.193622080e-02
12 9  9.150071028e-02 -1.997405681e-01
12 10  3.941439656e-01 -2.221089651e-01
12 11  5.339166663e-01 -9.247075625e-02
12 12 -1.562105238e-02 -4.145615545e-17
0 0 -8.269006694e+00  4.193998043e-15
0 1 -8.901019179e-01  3.593208188e-01
0 2  1.221866793e+00 -3.370762293e-01
0 3 -2.946203518e-01  2.779591140e-01
0 4  1.412544946e-01 -2.360342592e-01
0 5  3.470736490e-02  1.731909905e-01
0 6 -1.022864666e-01 -6.777723868e-02
0 7  8.827548072e-02 -4.527389921e-02
0 8  2.580384773e-02  7.754477325e-02
0 9 -5.411481467e-02  6.448565218e-02
0 10 -5.579664966e-02 -2.214949006e-02
0 11 -3.849464546e-03 -5.031442943e-02
0 12  4.308555689e-02 -5.281690743e-02
1 0 -8.901019179e-01 -3.593208188e-01
1 1 -1.085429759e+01  7.310734363e-15
1 2 -9.084704191e-01  7.907411025e-01
1 3  1.893794437e+00 -7.959458016e-01
1 4 -2.753841847e-01  5.983066198e-01
1 5  4.204250698e-02 -4.336615436e-01
1 6  2.407776470e-01  1.944411386e-01
1 7 -1.964331602e-01  7.891441023e-02
1 8 -2.414015041e-02 -1.672993569e-01
1 9  1.248392112e-01 -1.047922875e-01
1 10  1.017604081e-01  6.029356941e-02
1 11 -4.813740247e-03  9.971055472e-02
1 12 -9.319689993e-02  9.325503063e-02
2 0  1.221866793e+00  3.370762293e-01
2 1 -9.084704191e-01 -7.907411025e-01
2 2 -1.359781765e+01 -2.144473841e-15
2 3 -6.967860735e-01  1.411437568e+00
2 4  2.290392444e+00 -1.417817952e+00
2 5  3.869631559e-02  9.242415994e-01
2 6 -2.630690758e-01 -4.793368636e-01
2 7  4.486198373e-01 -5.649172213e-02
2 8 -2.162206652e-03  3.102944632e-01
2 9 -2.294171690e-01  1.244113761e-01
2 10 -1.327783355e-01 -1.256946208e-01
2 11  4.576725842e-02 -1.488096575e-01
2 12  1.841460558e-01 -1.062743885e-01
3 0 -2.946203518e-01 -2.779591140e-01
3 1  1.893794437e+00  7.959458016e-01
3 2 -6.967860735e-01 -1.411437568e+00
3 3 -1.645731544e+01  2.672764234e-15
3 4 -2.494144706e-01  2.261464923e+00
3 5  2.334489930e+00 -2.160998880e+00
3 6  7.267861611e-01  1.109782535e+00
3 7 -6.144083435e-01 -1.576719332e-01
3 8  2.829693310e-01 -5.016701101e-01
3 9  4.344939983e-01 -4.228299417e-02
3 10  1.441357861e-01  2.589586166e-01
3 11 -1.251642464e-01  1.999974638e-01
3 12 -2.937896024e-01  7.461308028e-02
4 0  1.412544946e-01  2.360342592e-01
4 1 -2.753841847e-01 -5.983066198e-01
4 2  2.290392444e+00  1.417817952e+00
4 3 -2.494144706e-01 -2.261464923e+00
4 4 -1.954808315e+01 -1.552452156e-15
4 5  5.716691732e-01  3.409472061e+00
4 6  1.968568575e+00 -3.001131230e+00
4 7  1.780771366e+00  8.416152993e-01
4 8 -5.117221316e-01  5.787347889e-01
4 9 -5.212443831e-01 -2.410981524e-01
4 10  4.351203404e-02 -4.499650855e-01
4 11  3.582851797e-01 -1.835570906e-01
4 12  5.205797316e-01  1.080419335e-01
5 0  3.470736490e-02 -1.731909905e-01
5 1  4.204250698e-02  4.336615436e-01
5 2  3.869631559e-02 -9.242415994e-01
5 3  2.334489930e+00  2.160998880e+00
5 4  5.716691732e-01 -3.409472061e+00
5 5 -2.309348161e+01 -2.792008479e-14
5 6  2.116953883e+00  5.138694461e+00
5 7  1.146281180e+00 -3.769536714e+00
5 8  2.707360793e+00 -2.968134531e-01
5 9  8.294197400e-01  9.210527988e-01
5 10 -3.120275145e-01  5.514196250e-01
5 11 -4.877914066e-01 -1.032602363e-01
5 12 -3.772812938e-01 -6.107822898e-01
6 0 -1.022864666e-01  6.777723868e-02
6 1  2.407776470e-01 -1.944411386e-01
6 2 -2.630690758e-01  4.793368636e-01
6 3  7.267861611e-01 -1.109782535e+00
6 4  1.968568575e+00  3.001131230e+00
6 5  2.116953883e+00 -5.138694461e+00
6 6 -2.723085261e+01 -4.942031861e-14
6 7  4.732624319e+00  7.163268888e+00
6 8 -1.352153208e-01 -3.628460134e+00
6 9  1.529429626e+00 -1.910323726e+00
6 10  1.565877924e+00 -1.573999880e-01
6 11  7.944968056e-01  6.752973825e-01
6 12  1.560185346e-01  1.065917560e+00
7 0  8.827548072e-02  4.527389921e-02
7 1 -1.964331602e-01 -7.891441023e-02
7 2  4.486198373e-01  5.649172213e-02
7 3 -6.144083435e-01  1.576719332e-01
7 4  1.780771366e+00 -8.416152993e-01
7 5  1.146281180e+00  3.769536714e+00
7 6  4.732624319e+00 -7.163268888e+00
7 7 -3.180082940e+01 -1.403297393e-14
7 8  7.290646590e+00  7.928978258e+00
7 9 -1.038591275e+00 -2.496761678e-01
7 10  4.840868854e-02 -1.999351303e+00
7 11  1.318147001e+00 -1.564120091e+00
7 12  2.347602687e+00 -9.499409261e-01
8 0  2.580384773e-02 -7.754477325e-02
8 1 -2.414015041e-02  1.672993569e-01
8 2 -2.162206652e-03 -3.102944632e-01
8 3  2.829693310e-01  5.016701101e-01
8 4 -5.117221316e-01 -5.787347889e-01
8 5  2.707360793e+00  2.968134531e-01
8 6 -1.352153208e-01  3.628460134e+00
8 7  7.290646590e+00 -7.928978258e+00
8 8 -3.569025660e+01  7.035253449e-14
8 9  1.030874249e+01  6.933309060e+00
8 10 -2.448935894e-01  1.677777536e+00
8 11 -9.333028476e-01 -1.432081263e+00
8 12 -5.159373127e-02 -3.318814612e+00
9 0 -5.411481467e-02 -6.448565218e-02
9 1  1.248392112e-01  1.047922875e-01
9 2 -2.294171690e-01 -1.244113761e-01
9 3  4.344939983e-01  4.228299417e-02
9 4 -5.212443831e-01  2.410981524e-01
9 5  8.294197400e-01 -9.210527988e-01
9 6  1.529429626e+00  1.910323726e+00
9 7 -1.038591275e+00  2.496761678e-01
9 8  1.030874249e+01 -6.933309060e+00
9 9 -4.543016062e+01  1.376197485e-13
9 10  1.925813138e+01  8.850478336e+00
9 11  1.705868229e+00  3.128158541e+00
9 12 -2.089604223e+00 -1.194242314e+00
10 0 -5.579664966e-02  2.214949006e-02
10 1  1.017604081e-01 -6.029356941e-02
10 2 -1.327783355e-01  1.256946208e-01
10 3  1.441357861e-01 -2.589586166e-01
10 4  4.351203404e-02  4.499650855e-01
10 5 -3.120275145e-01 -5.514196250e-01
10 6  1.565877924e+00  1.573999880e-01
10 7  4.840868854e-02  1.999351303e+00
10 8 -2.448935894e-01 -1.677777536e+00
10 9  1.925813138e+01 -8.850478336e+00
10 10 -6.220004915e+01 -4.365972155e-14
10 11  2.402939745e+01  6.570029115e+00
10 12  7.904969569e+00  5.476360768e+00
11 0 -3.849464546e-03  5.031442943e-02
11 1 -4.813740247e-03 -9.971055472e-02
11 2  4.576725842e-02  1.488096575e-01
11 3 -1.251642464e-01 -1.999974638e-01
11 4  3.582851797e-01  1.835570906e-01
11 5 -4.877914066e-01  1.032602363e-01
11 6  7.944968056e-01 -6.752973825e-01
11 7  1.318147001e+00  1.564120091e+00
11 8 -9.333028476e-01  1.432081263e+00
11 9  1.705868229e+00 -3.128158541e+00
11 10  2.402939745e+01 -6.570029115e+00
11 11 -7.252864602e+01 -7.696748061e-14
11 12  3.417930197e+01  5.919623980e+00
12 0  4.308555689e-02  5.281690743e-02
12 1 -9.319689993e-02 -9.325503063e-02
12 2  1.841460558e-01  1.062743885e-01
12 3 -2.937896024e-01 -7.461308028e-02
12 4  5.205797316e-01 -1.080419335e-01
12 5 -3.772812938e-01  6.107822898e-01
12 6  1.560185346e-01 -1.065917560e+00
12 7  2.347602687e+00  9.499409261e-01
12 8 -5.159373127e-02  3.318814612e+00
12 9 -2.089604223e+00  1.194242314e+00
12 10  7.904969569e+00 -5.476360768e+00
12 11  3.417930197e+01 -5.919623980e+00
12 12 -6.401617354e+01  1.698902467e-13
0  2.455186616e-02  1.900481499e-03 -1.096258811e-01 -2.340187949e-02
1  3.623520630e-02  3.258657715e-03  1.333513444e-01  4.913558398e-02
2  4.697245706e-02  3.769557707e-03 -1.324931323e-01 -8.541848384e-02
3  6.358214752e-02  5.957777516e-03  1.047547929e-01  1.306957976e-01
4  8.525991121e-02  6.872059850e-03 -3.836087948e-02 -1.702332144e-01
5  1.146216812e-01  1.037345434e-02 -6.989608880e-02  1.649203476e-01
6  1.469807841e-01  1.219617596e-02  1.701259501e-01 -5.892702099e-02
7  1.730171932e-01  1.417665493e-02 -1.278287229e-01 -1.226402293e-01
8  2.025672337e-01  1.715420056e-02 -9.380099207e-02  1.452072130e-01
9  2.419740799e-01  1.996039674e-02  1.177171191e-01  1.188802484e-01
10  2.475930028e-01  1.966896497e-02  1.520118123e-01 -4.488553420e-02
11  2.432974526e-01  1.924104901e-02  7.837035580e-02 -1.276831517e-01
12  2.343657809e-01  1.650493817e-02  1.309498825e-02 -1.408215014e-01
