 1.695500020e+00 -1.816882870e+00  8.542107713e-01  3.683814463e+00  9.331876127e-01  4.732413544e+00  9.951760968e-01  9.605643200e-01  7.102617960e+00 512 3 11
 0.000000000e+00  0.000000000e+00 -2.581176463e-06
 1.956947162e-03  2.883781227e-02  1.357237862e-01
 3.913894325e-03  4.078259805e-02  1.919428126e-01
 5.870841487e-03  4.994818892e-02  2.350775746e-01
 7.827788650e-03  5.767531568e-02  2.714352941e-01
 9.784735812e-03  6.448333414e-02  3.034583201e-01
 1.174168297e-02  7.063862390e-02  3.323987566e-01
 1.369863014e-02  7.629944251e-02  3.590000694e-01
 1.565557730e-02  8.156891542e-02  3.837464109e-01
 1.761252446e-02  8.651868320e-02  4.069738742e-01
 1.956947162e-02  9.120091453e-02  4.289270559e-01
 2.152641879e-02  9.565499881e-02  4.497903482e-01
 2.348336595e-02  9.991154551e-02  4.697058984e-01
 2.544031311e-02  1.039949081e-01  4.887885079e-01
 2.739726027e-02  1.079248238e-01  5.071311737e-01
 2.935420744e-02  1.117175593e-01  5.248100778e-01
 3.131115460e-02  1.153867104e-01  5.418891156e-01
 3.326810176e-02  1.189437764e-01  5.584226894e-01
 3.522504892e-02  1.223985864e-01  5.744560131e-01
 3.718199609e-02  1.257596287e-01  5.900281703e-01
 3.913894325e-02  1.290342908e-01  6.051731215e-01
 4.109589041e-02  1.322290502e-01  6.199207360e-01
 4.305283757e-02  1.353496234e-01  6.342976272e-01
 4.500978474e-02  1.384010845e-01  6.483274170e-01
 4.696673190e-02  1.413879620e-01  6.620311159e-01
 4.892367906e-02  1.443143187e-01  6.754272902e-01
 5.088062622e-02  1.471838167e-01  6.885326212e-01
 5.283757339e-02  1.499997709e-01  7.013622370e-01
 5.479452055e-02  1.527651931e-01  7.139299002e-01
 5.675146771e-02  1.554828294e-01  7.262481526e-01
 5.870841487e-02  1.581551925e-01  7.383283720e-01
 6.066536204e-02  1.607845883e-01  7.501809445e-01
 6.262230920e-02  1.633731395e-01  7.618154255e-01
 6.457925636e-02  1.659228054e-01  7.732406620e-01
 6.653620352e-02  1.684353986e-01  7.844647892e-01
 6.849315068e-02  1.709126006e-01  7.954952224e-01
 7.045009785e-02  1.733559748e-01  8.063388365e-01
 7.240704501e-02  1.757669778e-01  8.170021111e-01
 7.436399217e-02  1.781469694e-01  8.274910631e-01
 7.632093933e-02  1.804972212e-01  8.378113673e-01
 7.827788650e-02  1.828189244e-01  8.479682678e-01
 8.023483366e-02  1.851131973e-01  8.579664717e-01
 8.219178082e-02  1.873810916e-01  8.678105421e-01
 8.414872798e-02  1.896235973e-01  8.775049815e-01
 8.610567515e-02  1.918416476e-01  8.870537128e-01
 8.806262231e-02  1.940361241e-01  8.964603139e-01
 9.001956947e-02  1.962078612e-01  9.057282657e-01
 9.197651663e-02  1.983576486e-01  9.148609586e-01
 9.393346380e-02  2.004862348e-01  9.238616526e-01
 9.589041096e-02  2.025943303e-01  9.327335774e-01
 9.784735812e-02  2.046826094e-01  9.414794101e-01
 9.980430528e-02  2.067517147e-01  9.501009842e-01
 1.017612524e-01  2.088022594e-01  9.586016221e-01
 1.037181996e-01  2.108348254e-01  9.669840335e-01
 1.056751468e-01  2.128499687e-01  9.752496542e-01
 1.076320939e-01  2.148482218e-01  9.834009888e-01
 1.095890411e-01  2.168300927e-01  9.914398473e-01
 1.115459883e-01  2.187960681e-01  9.993678571e-01
 1.135029354e-01  2.207466145e-01  1.007187935e+00
 1.154598826e-01  2.226821767e-01  1.014901153e+00
 1.174168297e-01  2.246031838e-01  1.022509107e+00
 1.193737769e-01  2.265100468e-01  1.030013601e+00
 1.213307241e-01  2.284031608e-01  1.037415421e+00
 1.232876712e-01  2.302829067e-01  1.044716914e+00
 1.252446184e-01  2.321496490e-01  1.051919142e+00
 1.272015656e-01  2.340037398e-01  1.059023602e+00
 1.291585127e-01  2.358455177e-01  1.066031574e+00
 1.311154599e-01  2.376753094e-01  1.072943438e+00
 1.330724070e-01  2.394934314e-01  1.079761095e+00
 1.350293542e-01  2.413001874e-01  1.086485743e+00
 1.369863014e-01  2.430958714e-01  1.093117619e+00
 1.389432485e-01  2.448807683e-01  1.099658614e+00
 1.409001957e-01  2.466551520e-01  1.106109577e+00
 1.428571429e-01  2.484192885e-01  1.112471229e+00
 1.448140900e-01  2.501734349e-01  1.118744659e+00
 1.467710372e-01  2.519178406e-01  1.124929978e+00
 1.487279843e-01  2.536527480e-01  1.131028388e+00
 1.506849315e-01  2.553783912e-01  1.137041894e+00
 1.526418787e-01  2.570949958e-01  1.142969794e+00
 1.545988258e-01  2.588027837e-01  1.148813246e+00
 1.565557730e-01  2.605019685e-01  1.154572970e+00
 1.585127202e-01  2.621927586e-01  1.160249644e+00
 1.604696673e-01  2.638753558e-01  1.165844480e+00
 1.624266145e-01  2.655499561e-01  1.171357292e+00
 1.643835616e-01  2.672167515e-01  1.176788631e+00
 1.663405088e-01  2.688759281e-01  1.182140384e+00
 1.682974560e-01  2.705276656e-01  1.187412074e+00
 1.702544031e-01  2.721721414e-01  1.192604119e+00
 1.722113503e-01  2.738095272e-01  1.197717862e+00
 1.741682975e-01  2.754399900e-01  1.202753207e+00
 1.761252446e-01  2.770636934e-01  1.207711282e+00
 1.780821918e-01  2.786807960e-01  1.212592143e+00
 1.800391389e-01  2.802914536e-01  1.217395993e+00
 1.819960861e-01  2.818958182e-01  1.222123801e+00
 1.839530333e-01  2.834940375e-01  1.226776153e+00
 1.859099804e-01  2.850862559e-01  1.231353458e+00
 1.878669276e-01  2.866726146e-01  1.235856113e+00
 1.898238748e-01  2.882532516e-01  1.240284111e+00
 1.917808219e-01  2.898283025e-01  1.244637998e+00
 1.937377691e-01  2.913978994e-01  1.248919241e+00
 1.956947162e-01  2.929621704e-01  1.253127345e+00
 1.976516634e-01  2.945212425e-01  1.257262869e+00
 1.996086106e-01  2.960752392e-01  1.261326192e+00
 2.015655577e-01  2.976242819e-01  1.265317663e+00
 2.035225049e-01  2.991684892e-01  1.269238115e+00
 2.054794521e-01  3.007079769e-01  1.273087615e+00
 2.074363992e-01  3.022428591e-01  1.276866385e+00
 2.093933464e-01  3.037732477e-01  1.280575457e+00
 2.113502935e-01  3.052992513e-01  1.284214754e+00
 2.133072407e-01  3.068209778e-01  1.287784290e+00
 2.152641879e-01  3.083385328e-01  1.291285103e+00
 2.172211350e-01  3.098520192e-01  1.294717319e+00
 2.191780822e-01  3.113615384e-01  1.298081543e+00
 2.211350294e-01  3.128671896e-01  1.301378113e+00
 2.230919765e-01  3.143690706e-01  1.304606923e+00
 2.250489237e-01  3.158672777e-01  1.307768524e+00
 2.270058708e-01  3.173619052e-01  1.310863825e+00
 2.289628180e-01  3.188530451e-01  1.313892981e+00
 2.309197652e-01  3.203407885e-01  1.316856318e+00
 2.328767123e-01  3.218252246e-01  1.319753967e+00
 2.348336595e-01  3.233064418e-01  1.322586185e+00
 2.367906067e-01  3.247845267e-01  1.325353839e+00
 2.387475538e-01  3.262595638e-01  1.328057401e+00
 2.407045010e-01  3.277316365e-01  1.330697004e+00
 2.426614481e-01  3.292008273e-01  1.333273041e+00
 2.446183953e-01  3.306672169e-01  1.335785696e+00
 2.465753425e-01  3.321308852e-01  1.338235569e+00
 2.485322896e-01  3.335919104e-01  1.340623188e+00
 2.504892368e-01  3.350503696e-01  1.342948836e+00
 2.524461840e-01  3.365063387e-01  1.345213016e+00
 2.544031311e-01  3.379598922e-01  1.347415980e+00
 2.563600783e-01  3.394111039e-01  1.349558155e+00
 2.583170254e-01  3.408600463e-01  1.351639951e+00
 2.602739726e-01  3.423067909e-01  1.353661890e+00
 2.622309198e-01  3.437514078e-01  1.355624368e+00
 2.641878669e-01  3.451939663e-01  1.357527788e+00
 2.661448141e-01  3.466345347e-01  1.359372649e+00
 2.681017613e-01  3.480731802e-01  1.361159248e+00
 2.700587084e-01  3.495099691e-01  1.362888019e+00
 2.720156556e-01  3.509449669e-01  1.364559520e+00
 2.739726027e-01  3.523782378e-01  1.366174277e+00
 2.759295499e-01  3.538098452e-01  1.367732674e+00
 2.778864971e-01  3.552398515e-01  1.369235073e+00
 2.798434442e-01  3.566683187e-01  1.370681968e+00
 2.818003914e-01  3.580953074e-01  1.372073869e+00
 2.837573386e-01  3.595208775e-01  1.373411309e+00
 2.857142857e-01  3.609450881e-01  1.374694686e+00
 2.876712329e-01  3.623679975e-01  1.375924536e+00
 2.896281800e-01  3.637896630e-01  1.377101403e+00
 2.915851272e-01  3.652101412e-01  1.378225796e+00
 2.935420744e-01  3.666294878e-01  1.379298099e+00
 2.954990215e-01  3.680477579e-01  1.380318795e+00
 2.974559687e-01  3.694650059e-01  1.381288513e+00
 2.994129159e-01  3.708812852e-01  1.382207821e+00
 3.013698630e-01  3.722966484e-01  1.383077153e+00
 3.033268102e-01  3.737111476e-01  1.383897096e+00
 3.052837573e-01  3.751248340e-01  1.384667984e+00
 3.072407045e-01  3.765377584e-01  1.385390250e+00
 3.091976517e-01  3.779499709e-01  1.386064501e+00
 3.111545988e-01  3.793615208e-01  1.386691324e+00
 3.131115460e-01  3.807724567e-01  1.387271232e+00
 3.150684932e-01  3.821828266e-01  1.387804675e+00
 3.170254403e-01  3.835926779e-01  1.388291718e+00
 3.189823875e-01  3.850020581e-01  1.388733097e+00
 3.209393346e-01  3.864110132e-01  1.389129512e+00
 3.228962818e-01  3.878195889e-01  1.389481398e+00
 3.248532290e-01  3.892278304e-01  1.389789118e+00
 3.268101761e-01  3.906357823e-01  1.390053064e+00
 3.287671233e-01  3.920434888e-01  1.390273475e+00
 3.307240705e-01  3.934509940e-01  1.390451140e+00
 3.326810176e-01  3.948583408e-01  1.390586567e+00
 3.346379648e-01  3.962655716e-01  1.390680204e+00
 3.365949119e-01  3.976727287e-01  1.390732529e+00
 3.385518591e-01  3.990798537e-01  1.390743752e+00
 3.405088063e-01  4.004869879e-01  1.390714040e+00
 3.424657534e-01  4.018941726e-01  1.390644388e+00
 3.444227006e-01  4.033014477e-01  1.390535311e+00
 3.463796477e-01  4.047088531e-01  1.390387156e+00
 3.483365949e-01  4.061164280e-01  1.390200288e+00
 3.502935421e-01  4.075242117e-01  1.389974712e+00
 3.522504892e-01  4.089322433e-01  1.389711250e+00
 3.542074364e-01  4.103405606e-01  1.389410576e+00
 3.561643836e-01  4.117492015e-01  1.389072994e+00
 3.581213307e-01  4.131582034e-01  1.388698962e+00
 3.600782779e-01  4.145676031e-01  1.388288755e+00
 3.620352250e-01  4.159774376e-01  1.387842556e+00
 3.639921722e-01  4.173877435e-01  1.387361119e+00
 3.659491194e-01  4.187985565e-01  1.386845051e+00
 3.679060665e-01  4.202099121e-01  1.386294768e+00
 3.698630137e-01  4.216218453e-01  1.385710635e+00
 3.718199609e-01  4.230343909e-01  1.385092721e+00
 3.737769080e-01  4.244475840e-01  1.384441420e+00
 3.757338552e-01  4.258614587e-01  1.383757623e+00
 3.776908023e-01  4.272760487e-01  1.383041824e+00
 3.796477495e-01  4.286913873e-01  1.382294332e+00
 3.816046967e-01  4.301075076e-01  1.381515347e+00
 3.835616438e-01  4.315244426e-01  1.380705230e+00
 3.855185910e-01  4.329422250e-01  1.379864432e+00
 3.874755382e-01  4.343608870e-01  1.378993701e+00
 3.894324853e-01  4.357804604e-01  1.378093406e+00
 3.913894325e-01  4.372009765e-01  1.377163928e+00
 3.933463796e-01  4.386224667e-01  1.376205457e+00
 3.953033268e-01  4.400449620e-01  1.375218441e+00
 3.972602740e-01  4.414684933e-01  1.374203328e+00
 3.992172211e-01  4.428930907e-01  1.373160843e+00
 4.011741683e-01  4.443187841e-01  1.372091408e+00
 4.031311155e-01  4.457456032e-01  1.370995084e+00
 4.050880626e-01  4.471735775e-01  1.369872301e+00
 4.070450098e-01  4.486027363e-01  1.368723507e+00
 4.090019569e-01  4.500331084e-01  1.367549291e+00
 4.109589041e-01  4.514647224e-01  1.366350215e+00
 4.129158513e-01  4.528976061e-01  1.365126474e+00
 4.148727984e-01  4.543317878e-01  1.363878229e+00
 4.168297456e-01  4.557672953e-01  1.362606298e+00
 4.187866928e-01  4.572041558e-01  1.361310845e+00
 4.207436399e-01  4.586423964e-01  1.359992446e+00
 4.227005871e-01  4.600820440e-01  1.358651637e+00
 4.246575342e-01  4.615231248e-01  1.357288438e+00
 4.266144814e-01  4.629656653e-01  1.355903579e+00
 4.285714286e-01  4.644096913e-01  1.354497408e+00
 4.305283757e-01  4.658552285e-01  1.353070112e+00
 4.324853229e-01  4.673023023e-01  1.351622484e+00
 4.344422701e-01  4.687509376e-01  1.350154661e+00
 4.363992172e-01  4.702011593e-01  1.348667092e+00
 4.383561644e-01  4.716529918e-01  1.347160367e+00
 4.403131115e-01  4.731064593e-01  1.345634724e+00
 4.422700587e-01  4.745615857e-01  1.344090592e+00
 4.442270059e-01  4.760183945e-01  1.342528363e+00
 4.461839530e-01  4.774769092e-01  1.340948355e+00
 4.481409002e-01  4.789371529e-01  1.339351241e+00
 4.500978474e-01  4.803991481e-01  1.337737522e+00
 4.520547945e-01  4.818629169e-01  1.336107248e+00
 4.540117417e-01  4.833284818e-01  1.334460769e+00
 4.559686888e-01  4.847958648e-01  1.332798544e+00
 4.579256360e-01  4.862650874e-01  1.331121310e+00
 4.598825832e-01  4.877361704e-01  1.329429463e+00
 4.618395303e-01  4.892091348e-01  1.327723389e+00
 4.637964775e-01  4.906840009e-01  1.326002956e+00
 4.657534247e-01  4.921607897e-01  1.324268695e+00
 4.677103718e-01  4.936395211e-01  1.322521456e+00
 4.696673190e-01  4.951202144e-01  1.320761683e+00
 4.716242661e-01  4.966028889e-01  1.318989598e+00
 4.735812133e-01  4.980875635e-01  1.317205573e+00
 4.755381605e-01  4.995742569e-01  1.315409515e+00
 4.774951076e-01  5.010629882e-01  1.313602350e+00
 4.794520548e-01  5.025537750e-01  1.311784652e+00
 4.814090020e-01  5.040466348e-01  1.309956707e+00
 4.833659491e-01  5.055415850e-01  1.308119039e+00
 4.853228963e-01  5.070386422e-01  1.306271421e+00
 4.872798434e-01  5.085378240e-01  1.304414374e+00
 4.892367906e-01  5.100391467e-01  1.302548752e+00
 4.911937378e-01  5.115426259e-01  1.300675040e+00
 4.931506849e-01  5.130482771e-01  1.298793536e+00
 4.951076321e-01  5.145561155e-01  1.296904463e+00
 4.970645793e-01  5.160661562e-01  1.295007642e+00
 4.990215264e-01  5.175784145e-01  1.293104088e+00
 5.009784736e-01  5.190929042e-01  1.291194490e+00
 5.029354207e-01  5.206096387e-01  1.289279181e+00
 5.048923679e-01  5.221286315e-01  1.287358149e+00
 5.068493151e-01  5.236498959e-01  1.285431684e+00
 5.088062622e-01  5.251734449e-01  1.283500314e+00
 5.107632094e-01  5.266992908e-01  1.281564717e+00
 5.127201566e-01  5.282274453e-01  1.279625366e+00
 5.146771037e-01  5.297579197e-01  1.277682373e+00
 5.166340509e-01  5.312907254e-01  1.275735915e+00
 5.185909980e-01  5.328258733e-01  1.273786704e+00
 5.205479452e-01  5.343633737e-01  1.271834967e+00
 5.225048924e-01  5.359032366e-01  1.269881348e+00
 5.244618395e-01  5.374454713e-01  1.267925974e+00
 5.264187867e-01  5.389900872e-01  1.265969225e+00
 5.283757339e-01  5.405370929e-01  1.264011696e+00
 5.303326810e-01  5.420864966e-01  1.262053580e+00
 5.322896282e-01  5.436383064e-01  1.260095110e+00
 5.342465753e-01  5.451925299e-01  1.258136738e+00
 5.362035225e-01  5.467491742e-01  1.256178807e+00
 5.381604697e-01  5.483082462e-01  1.254221880e+00
 5.401174168e-01  5.498697519e-01  1.252266313e+00
 5.420743640e-01  5.514336971e-01  1.250312012e+00
 5.440313112e-01  5.530000877e-01  1.248359379e+00
 5.459882583e-01  5.545689291e-01  1.246408805e+00
 5.479452055e-01  5.561402260e-01  1.244460924e+00
 5.499021526e-01  5.577139824e-01  1.242515989e+00
 5.518590998e-01  5.592902022e-01  1.240574213e+00
 5.538160470e-01  5.608688891e-01  1.238635526e+00
 5.557729941e-01  5.624500466e-01  1.236700345e+00
 5.577299413e-01  5.640336777e-01  1.234769400e+00
 5.596868885e-01  5.656197843e-01  1.232842894e+00
 5.616438356e-01  5.672083685e-01  1.230921067e+00
 5.636007828e-01  5.687994317e-01  1.229004058e+00
 5.655577299e-01  5.703929754e-01  1.227091861e+00
 5.675146771e-01  5.719890009e-01  1.225185166e+00
 5.694716243e-01  5.735875083e-01  1.223284336e+00
 5.714285714e-01  5.751884976e-01  1.221389588e+00
 5.733855186e-01  5.767919684e-01  1.219501018e+00
 5.753424658e-01  5.783979200e-01  1.217618917e+00
 5.772994129e-01  5.800063516e-01  1.215743480e+00
 5.792563601e-01  5.816172616e-01  1.213875095e+00
 5.812133072e-01  5.832306482e-01  1.212014066e+00
 5.831702544e-01  5.848465091e-01  1.210160497e+00
 5.851272016e-01  5.864648416e-01  1.208314754e+00
 5.870841487e-01  5.880856427e-01  1.206477117e+00
 5.890410959e-01  5.897089089e-01  1.204647594e+00
 5.909980431e-01  5.913346365e-01  1.202826601e+00
 5.929549902e-01  5.929628214e-01  1.201014252e+00
 5.949119374e-01  5.945934591e-01  1.199210876e+00
 5.968688845e-01  5.962265446e-01  1.197416644e+00
 5.988258317e-01  5.978620726e-01  1.195631609e+00
 6.007827789e-01  5.995000380e-01  1.193855785e+00
 6.027397260e-01  6.011404352e-01  1.192089298e+00
 6.046966732e-01  6.027832585e-01  1.190332231e+00
 6.066536204e-01  6.044285021e-01  1.188584574e+00
 6.086105675e-01  6.060761600e-01  1.186846313e+00
 6.105675147e-01  6.077262264e-01  1.185117436e+00
 6.125244618e-01  6.093786952e-01  1.183397918e+00
 6.144814090e-01  6.110335603e-01  1.181687688e+00
 6.164383562e-01  6.126908157e-01  1.179986677e+00
 6.183953033e-01  6.143504553e-01  1.178294824e+00
 6.203522505e-01  6.160124733e-01  1.176612090e+00
 6.223091977e-01  6.176768635e-01  1.174938343e+00
 6.242661448e-01  6.193436200e-01  1.173273526e+00
 6.262230920e-01  6.210127371e-01  1.171617433e+00
 6.281800391e-01  6.226842089e-01  1.169969931e+00
 6.301369863e-01  6.243580300e-01  1.168331006e+00
 6.320939335e-01  6.260341947e-01  1.166700407e+00
 6.340508806e-01  6.277126979e-01  1.165077916e+00
 6.360078278e-01  6.293935343e-01  1.163463508e+00
 6.379647750e-01  6.310766990e-01  1.161856934e+00
 6.399217221e-01  6.327621871e-01  1.160258066e+00
 6.418786693e-01  6.344499940e-01  1.158666626e+00
 6.438356164e-01  6.361401154e-01  1.157082330e+00
 6.457925636e-01  6.378325475e-01  1.155504943e+00
 6.477495108e-01  6.395272864e-01  1.153934513e+00
 6.497064579e-01  6.412243284e-01  1.152370783e+00
 6.516634051e-01  6.429236700e-01  1.150813373e+00
 6.536203523e-01  6.446253085e-01  1.149261937e+00
 6.555772994e-01  6.463292414e-01  1.147716200e+00
 6.575342466e-01  6.480354665e-01  1.146176086e+00
 6.594911937e-01  6.497439817e-01  1.144641339e+00
 6.614481409e-01  6.514547854e-01  1.143111736e+00
 6.634050881e-01  6.531678763e-01  1.141586902e+00
 6.653620352e-01  6.548832535e-01  1.140066404e+00
 6.673189824e-01  6.566009169e-01  1.138550109e+00
 6.692759295e-01  6.583208664e-01  1.137037651e+00
 6.712328767e-01  6.600431026e-01  1.135528658e+00
 6.731898239e-01  6.617676264e-01  1.134023095e+00
 6.751467710e-01  6.634944388e-01  1.132520644e+00
 6.771037182e-01  6.652235415e-01  1.131020852e+00
 6.790606654e-01  6.669549369e-01  1.129523238e+00
 6.810176125e-01  6.686886279e-01  1.128027486e+00
 6.829745597e-01  6.704246181e-01  1.126533288e+00
 6.849315068e-01  6.721629112e-01  1.125040585e+00
 6.868884540e-01  6.739035112e-01  1.123549327e+00
 6.888454012e-01  6.756464223e-01  1.122058601e+00
 6.908023483e-01  6.773916504e-01  1.120567966e+00
 6.927592955e-01  6.791392018e-01  1.119077149e+00
 6.947162427e-01  6.808890830e-01  1.117586048e+00
 6.966731898e-01  6.826413009e-01  1.116094340e+00
 6.986301370e-01  6.843958630e-01  1.114601641e+00
 7.005870841e-01  6.861527775e-01  1.113107584e+00
 7.025440313e-01  6.879120532e-01  1.111611622e+00
 7.045009785e-01  6.896736997e-01  1.110113557e+00
 7.064579256e-01  6.914377270e-01  1.108612873e+00
 7.084148728e-01  6.932041463e-01  1.107109205e+00
 7.103718200e-01  6.949729688e-01  1.105602263e+00
 7.123287671e-01  6.967442067e-01  1.104091892e+00
 7.142857143e-01  6.985178723e-01  1.102577837e+00
 7.162426614e-01  7.002939785e-01  1.101059260e+00
 7.181996086e-01  7.020725400e-01  1.099535717e+00
 7.201565558e-01  7.038535718e-01  1.098006865e+00
 7.221135029e-01  7.056370897e-01  1.096472698e+00
 7.240704501e-01  7.074231094e-01  1.094932795e+00
 7.260273973e-01  7.092116477e-01  1.093386598e+00
 7.279843444e-01  7.110027225e-01  1.091833801e+00
 7.299412916e-01  7.127963521e-01  1.090273842e+00
 7.318982387e-01  7.145925559e-01  1.088706481e+00
 7.338551859e-01  7.163913540e-01  1.087131252e+00
 7.358121331e-01  7.181927672e-01  1.085547778e+00
 7.377690802e-01  7.199968171e-01  1.083955661e+00
 7.397260274e-01  7.218035262e-01  1.082354413e+00
 7.416829746e-01  7.236129180e-01  1.080744032e+00
 7.436399217e-01  7.254250158e-01  1.079123973e+00
 7.455968689e-01  7.272398449e-01  1.077493389e+00
 7.475538160e-01  7.290574317e-01  1.075851811e+00
 7.495107632e-01  7.308778033e-01  1.074199142e+00
 7.514677104e-01  7.327009874e-01  1.072535172e+00
 7.534246575e-01  7.345270125e-01  1.070858896e+00
 7.553816047e-01  7.363559091e-01  1.069169762e+00
 7.573385519e-01  7.381877087e-01  1.067467614e+00
 7.592954990e-01  7.400224430e-01  1.065751877e+00
 7.612524462e-01  7.418601457e-01  1.064021814e+00
 7.632093933e-01  7.437008518e-01  1.062276649e+00
 7.651663405e-01  7.455445979e-01  1.060516014e+00
 7.671232877e-01  7.473914213e-01  1.058739304e+00
 7.690802348e-01  7.492413610e-01  1.056945891e+00
 7.710371820e-01  7.510944575e-01  1.055135279e+00
 7.729941292e-01  7.529507523e-01  1.053306718e+00
 7.749510763e-01  7.548102889e-01  1.051459273e+00
 7.769080235e-01  7.566731131e-01  1.049591960e+00
 7.788649706e-01  7.585392725e-01  1.047704540e+00
 7.808219178e-01  7.604088153e-01  1.045796080e+00
 7.827788650e-01  7.622817927e-01  1.043865179e+00
 7.847358121e-01  7.641582590e-01  1.041910788e+00
 7.866927593e-01  7.660382703e-01  1.039932095e+00
 7.886497065e-01  7.679218852e-01  1.037927727e+00
 7.906066536e-01  7.698091655e-01  1.035895973e+00
 7.925636008e-01  7.717001766e-01  1.033836441e+00
 7.945205479e-01  7.735949844e-01  1.031748742e+00
 7.964774951e-01  7.754936570e-01  1.029631285e+00
 7.984344423e-01  7.773962655e-01  1.027483529e+00
 8.003913894e-01  7.793028795e-01  1.025311275e+00
 8.023483366e-01  7.812135547e-01  1.023122101e+00
 8.043052838e-01  7.831283363e-01  1.020919180e+00
 8.062622309e-01  7.850472691e-01  1.018694937e+00
 8.082191781e-01  7.869704070e-01  1.016464640e+00
 8.101761252e-01  7.888977605e-01  1.014247373e+00
 8.121330724e-01  7.908293117e-01  1.012053166e+00
 8.140900196e-01  7.927650296e-01  1.009885358e+00
 8.160469667e-01  7.947048769e-01  1.007750639e+00
 8.180039139e-01  7.966488003e-01  1.005656357e+00
 8.199608611e-01  7.985967334e-01  1.003607176e+00
 8.219178082e-01  8.005486033e-01  1.001603539e+00
 8.238747554e-01  8.025043376e-01  9.996455764e-01
 8.258317025e-01  8.044638633e-01  9.977332294e-01
 8.277886497e-01  8.064271136e-01  9.958519220e-01
 8.297455969e-01  8.083940571e-01  9.939876934e-01
 8.317025440e-01  8.103646833e-01  9.921312720e-01
 8.336594912e-01  8.123389970e-01  9.902786959e-01
 8.356164384e-01  8.143170099e-01  9.884221133e-01
 8.375733855e-01  8.162987542e-01  9.865492270e-01
 8.395303327e-01  8.182842825e-01  9.846591409e-01
 8.414872798e-01  8.202736419e-01  9.827536556e-01
 8.434442270e-01  8.222668790e-01  9.808269113e-01
 8.454011742e-01  8.242640462e-01  9.788933720e-01
 8.473581213e-01  8.262651480e-01  9.769775777e-01
 8.493150685e-01  8.282701371e-01  9.751041343e-01
 8.512720157e-01  8.302789102e-01  9.733059762e-01
 8.532289628e-01  8.322912864e-01  9.716212629e-01
 8.551859100e-01  8.343069990e-01  9.700953389e-01
 8.571428571e-01  8.363256822e-01  9.687755499e-01
 8.590998043e-01  8.383468817e-01  9.676830238e-01
 8.610567515e-01  8.403701155e-01  9.668297043e-01
 8.630136986e-01  8.423948701e-01  9.662367060e-01
 8.649706458e-01  8.444205889e-01  9.659133177e-01
 8.669275930e-01  8.464467174e-01  9.658372472e-01
 8.688845401e-01  8.484727551e-01  9.659935838e-01
 8.708414873e-01  8.504982017e-01  9.664258246e-01
 8.727984344e-01  8.525224788e-01  9.671062130e-01
 8.747553816e-01  8.545451631e-01  9.679099740e-01
 8.767123288e-01  8.565660916e-01  9.687771580e-01
 8.786692759e-01  8.585851377e-01  9.697321659e-01
 8.806262231e-01  8.606021186e-01  9.707583092e-01
 8.825831703e-01  8.626169446e-01  9.717923959e-01
 8.845401174e-01  8.646296643e-01  9.727834031e-01
 8.864970646e-01  8.666404128e-01  9.736909431e-01
 8.884540117e-01  8.686494013e-01  9.744782206e-01
 8.904109589e-01  8.706568971e-01  9.751407160e-01
 8.923679061e-01  8.726631519e-01  9.756949870e-01
 8.943248532e-01  8.746684033e-01  9.761078831e-01
 8.962818004e-01  8.766729954e-01  9.763207128e-01
 8.982387476e-01  8.786773750e-01  9.763111725e-01
 9.001956947e-01  8.806819961e-01  9.760891114e-01
 9.021526419e-01  8.826872826e-01  9.756697627e-01
 9.041095890e-01  8.846936435e-01  9.750383067e-01
 9.060665362e-01  8.867015375e-01  9.741760358e-01
 9.080234834e-01  8.887114526e-01  9.730766632e-01
 9.099804305e-01  8.907238816e-01  9.717437533e-01
 9.119373777e-01  8.927393051e-01  9.701929125e-01
 9.138943249e-01  8.947581777e-01  9.684244437e-01
 9.158512720e-01  8.967809713e-01  9.664336872e-01
 9.178082192e-01  8.988081675e-01  9.642227830e-01
 9.197651663e-01  9.008402443e-01  9.617973149e-01
 9.217221135e-01  9.028776716e-01  9.591617905e-01
 9.236790607e-01  9.049209034e-01  9.563571167e-01
 9.256360078e-01  9.069703140e-01  9.533834339e-01
 9.275929550e-01  9.090263278e-01  9.502153786e-01
 9.295499022e-01  9.110894218e-01  9.468520154e-01
 9.315068493e-01  9.131600619e-01  9.433086983e-01
 9.334637965e-01  9.152387000e-01  9.395721454e-01
 9.354207436e-01  9.173258409e-01  9.356281824e-01
 9.373776908e-01  9.194219906e-01  9.315379189e-01
 9.393346380e-01  9.215275091e-01  9.273295741e-01
 9.412915851e-01  9.236427865e-01  9.229370549e-01
 9.432485323e-01  9.257683993e-01  9.183157466e-01
 9.452054795e-01  9.279049472e-01  9.135228108e-01
 9.471624266e-01  9.300528132e-01  9.087615180e-01
 9.491193738e-01  9.322120474e-01  9.038344752e-01
 9.510763209e-01  9.343834361e-01  8.986006266e-01
 9.530332681e-01  9.365679052e-01  8.927719506e-01
 9.549902153e-01  9.387664229e-01  8.870206085e-01
 9.569471624e-01  9.409759171e-01  8.864459016e-01
 9.589041096e-01  9.431830373e-01  8.868418238e-01
 9.608610568e-01  9.453918222e-01  8.846687262e-01
 9.628180039e-01  9.476101886e-01  8.790377617e-01
 9.647749511e-01  9.498474575e-01  8.696954415e-01
 9.667318982e-01  9.521135931e-01  8.571860588e-01
 9.686888454e-01  9.544185544e-01  8.396822189e-01
 9.706457926e-01  9.567791887e-01  8.170271342e-01
 9.726027397e-01  9.592103815e-01  7.928401520e-01
 9.745596869e-01  9.617165586e-01  7.690338130e-01
 9.765166341e-01  9.643000109e-01  7.462472056e-01
 9.784735812e-01  9.669610684e-01  7.249278231e-01
 9.804305284e-01  9.696982736e-01  7.053725042e-01
 9.823874755e-01  9.725085537e-01  6.877649515e-01
 9.843444227e-01  9.753873916e-01  6.722075314e-01
 9.863013699e-01  9.783289963e-01  6.587468543e-01
 9.882583170e-01  9.813264699e-01  6.473935530e-01
 9.902152642e-01  9.843719742e-01  6.381371511e-01
 9.921722114e-01  9.874568926e-01  6.309569793e-01
 9.941291585e-01  9.905719905e-01  6.258300233e-01
 9.960861057e-01  9.937075715e-01  6.227364390e-01
 9.980430528e-01  9.968536298e-01  6.220006018e-01
 1.000000000e+00  1.000000000e+00  6.219389603e-01
4  4.041757931e-01  6.864328728e-01  1.013553853e+00  7.514289107e-01  9.557754212e-01  5.498882031e+01  4.488733719e-01  9.946063162e-01  3.456384715e-01  2.696788084e+00
5  5.293830695e-01  9.625413174e-01  1.008875799e+00  6.173383799e-01  9.291074738e-01  3.299706512e+01  3.958367756e-01  1.050032479e+00  5.141980749e-01  2.812726024e+00
6  6.302463407e-01  1.127629658e+00  1.005808797e+00  5.271686361e-01  9.079754307e-01  2.426519005e+01  3.655169467e-01  1.130161991e+00  6.369996891e-01  2.782045293e+00
7  7.175973255e-01  1.247750116e+00  1.003488032e+00  4.623500946e-01  8.958572780e-01  1.964356626e+01  3.451813170e-01  1.218909725e+00  7.351655967e-01  2.708848100e+00
8  7.942974171e-01  1.405389819e+00  1.001632850e+00  4.133636844e-01  9.003044580e-01  1.723367139e+01  3.310255592e-01  1.322985576e+00  8.156362579e-01  2.618734119e+00
9  8.567829306e-01  1.794771328e+00  1.000401756e+00  3.745549041e-01  9.346471896e-01  1.674012420e+01  3.224170824e-01  1.468547727e+00  8.769224079e-01  2.507797272e+00
10  9.002703612e-01  2.564620919e+00  9.997779777e-01  3.425743546e-01  1.018029475e+00  1.842775468e+01  3.185574558e-01  1.693062640e+00  9.192168528e-01  2.370097448e+00
11  9.317355404e-01  2.974041267e+00  9.994186878e-01  3.156944771e-01  1.163875905e+00  2.264385107e+01  3.176028342e-01  2.047167455e+00  9.486884286e-01  2.229138878e+00
12  9.704600911e-01  2.529971432e+00  9.997308693e-01  2.949227540e-01  1.353700571e+00  2.837584891e+01  3.206982516e-01  2.395992297e+00  9.809659693e-01  2.128968425e+00
13  9.866171147e-01  8.145696693e+00  9.999262230e-01  2.749443146e-01  1.596037974e+00  3.750468454e+01  3.246681870e-01  3.612199290e+00  9.916416399e-01  1.998310334e+00
14  9.933237593e-01  1.532769636e+01  9.999729253e-01  2.569928207e-01  1.774527635e+00  4.419126050e+01  3.285415460e-01  6.107303214e+00  9.958470434e-01  1.868274616e+00
0 0 -1.245175161e-01 -4.122435151e-18
0 1  1.356908319e-02 -5.354797955e-03
0 2 -1.404303578e-02  6.331821254e-03
0 3  3.905559466e-03 -7.230558743e-03
0 4 -9.188865495e-05  6.355750454e-03
0 5 -4.452264826e-03 -2.745377133e-03
0 6  3.045766367e-03 -2.661950522e-03
0 7  2.404591796e-03  2.538100686e-03
0 8 -9.584291382e-04  2.956200361e-03
0 9 -2.354729295e-03  1.598563536e-03
0 10 -2.583976128e-03  5.057908643e-04
1 0 -1.089732884e-01 -4.300437499e-02
1 1 -9.609876267e-02 -4.621839728e-17
1 2  9.340271289e-03 -7.562850366e-03
1 3 -1.269741091e-02  9.107194256e-03
1 4 -6.770894546e-04 -9.071746989e-03
1 5  4.256738625e-03  4.698738251e-03
1 6 -5.466414383e-03  2.839427499e-03
1 7 -3.148876172e-03 -4.007666299e-03
1 8  1.615254494e-03 -3.742503918e-03
1 9  3.210523179e-03 -1.614694994e-03
1 10  3.293630626e-03 -1.171874927e-04
2 0  1.127796010e-01  5.085084777e-02
2 1 -9.719450104e-02 -7.869872780e-02
2 2 -7.701959012e-02 -5.038443020e-17
2 3  4.918789225e-03 -9.323153848e-03
2 4 -8.335636937e-03  1.028399938e-02
2 5 -6.510461465e-03 -7.151989619e-03
2 6  5.202989561e-03 -1.693752730e-03
2 7  1.000541286e-03  5.320948951e-03
2 8 -3.760430078e-03  3.518790577e-03
2 9 -4.678017867e-03  6.976514437e-04
2 10 -4.225311886e-03 -9.599631706e-04
3 0 -3.136554269e-02 -5.806860730e-02
3 1  1.321287658e-01  9.476911047e-02
3 2 -6.386413142e-02 -1.210491231e-01
3 3 -6.364016980e-02 -1.117182349e-16
3 4  8.749362720e-04 -1.085070361e-02
3 5 -3.265468127e-03  9.578931833e-03
3 6 -1.030276758e-02 -1.431544856e-03
3 7 -1.259536823e-03 -6.437608137e-03
3 8  3.646606473e-03 -2.124224288e-03
3 9  3.589334132e-03  1.199177435e-03
3 10  2.542635448e-03  2.672454605e-03
4 0  7.379576613e-04  5.104302314e-02
4 1  7.045766624e-03 -9.440024759e-02
4 2  1.082274902e-01  1.335244626e-01
4 3 -1.374817627e-02 -1.705008589e-01
4 4 -5.374015061e-02 -2.972039740e-17
4 5 -3.352098790e-03 -1.213929403e-02
4 6  1.218239256e-03  6.101896632e-03
4 7 -8.207210974e-03  5.339466702e-03
4 8 -7.943835514e-03 -1.373127109e-03
4 9 -5.058323056e-03 -4.115836362e-03
4 10 -2.842308587e-03 -4.664242739e-03
5 0  3.575613268e-02 -2.204811998e-02
5 1 -4.429545716e-02  4.889488813e-02
5 2  8.452994173e-02 -9.285935706e-02
5 3  5.131143014e-02  1.505170691e-01
5 4  6.237605872e-02 -2.258887236e-01
5 5 -4.569231236e-02  1.803921694e-17
5 6 -8.075285243e-03 -1.252476102e-02
5 7  2.670402758e-03 -5.630695427e-04
5 8 -6.752630418e-04  5.343632542e-03
5 9 -3.999202031e-03  5.235357457e-03
5 10 -5.458301367e-03  3.961720903e-03
6 0 -2.446054549e-02 -2.137812098e-02
6 1  5.688329622e-02  2.954697252e-02
6 2 -6.755410607e-02 -2.199119377e-02
6 3  1.618909505e-01 -2.249435947e-02
6 4 -2.266907038e-02  1.135444647e-01
6 5  1.767318138e-01 -2.741109034e-01
6 6 -3.847248360e-02  4.466688247e-18
6 7 -1.197129284e-02 -1.079948121e-02
6 8 -6.042077974e-04 -5.967104269e-03
6 9  1.677167255e-03 -1.676050485e-03
6 10  1.596646059e-03  6.245072884e-04
7 0 -1.931127340e-02  2.038348311e-02
7 1  3.276708341e-02 -4.170362019e-02
7 2 -1.299073761e-02  6.908565655e-02
7 3  1.979153776e-02 -1.011563633e-01
7 4  1.527202823e-01  9.935712203e-02
7 5 -5.844315204e-02 -1.232306954e-02
7 6  3.111650644e-01 -2.807066297e-01
7 7 -3.217223528e-02 -1.132225056e-16
7 8 -1.154183167e-02 -6.335388307e-03
7 9 -5.789900313e-03 -6.879423819e-03
7 10 -2.928349591e-03 -6.017727387e-03
8 0  7.697143088e-03  2.374124102e-02
8 1 -1.680827567e-02 -3.894435073e-02
8 2  4.882433252e-02  4.568695538e-02
8 3 -5.730038881e-02 -3.337867097e-02
8 4  1.478193757e-01 -2.555123299e-02
8 5  1.477848257e-02  1.169481750e-01
8 6  1.570493352e-02 -1.551005735e-01
8 7  3.587513138e-01 -1.969209865e-01
8 8 -2.939062648e-02  7.520746315e-17
8 9 -1.565883159e-02 -4.715677163e-03
8 10 -1.155351731e-02 -6.274343378e-03
9 0  1.891082773e-02  1.283806155e-02
9 1 -3.340857978e-02 -1.680245353e-02
9 2  6.073802600e-02  9.058103823e-03
9 3 -5.640044870e-02  1.884308980e-02
9 4  9.412558392e-02 -7.658773403e-02
9 5  8.752461464e-02  1.145785185e-01
9 6 -4.359394294e-02 -4.356491519e-02
9 7  1.799657457e-01 -2.138310801e-01
9 8  5.327831849e-01 -1.604483377e-01
9 9 -2.120344057e-02  1.305115549e-16
9 10 -1.173897620e-02 -1.844953470e-03
10 0  2.075190873e-02  4.062005734e-03
10 1 -3.427339265e-02 -1.219448508e-03
10 2  5.486022296e-02 -1.246388314e-02
10 3 -3.995331024e-02  4.199320355e-02
10 4  5.288985154e-02 -8.679251334e-02
10 5  1.194577618e-01  8.670432066e-02
10 6 -4.150098746e-02  1.623257014e-02
10 7  9.102101752e-02 -1.870472268e-01
10 8  3.931021108e-01 -2.134811036e-01
10 9  5.536354426e-01 -8.701198583e-02
10 10 -1.670143356e-02  1.568250756e-18
0 0 -8.367649069e+00  2.141012105e-15
0 1 -8.570363052e-01  4.714093253e-01
0 2  1.221593981e+00 -4.548768285e-01
0 3 -2.056931643e-01  3.624943254e-01
0 4  3.027768915e-02 -2.715849495e-01
0 5  1.577583139e-01  1.133671434e-01
0 6 -1.077942349e-01  8.782285988e-02
0 7 -6.687865039e-02 -7.766591616e-02
0 8  5.999906920e-03 -8.493296276e-02
0 9  6.127353355e-02 -2.700925997e-02
0 10  8.458764486e-02  3.857994541e-02
1 0 -8.570363052e-01 -4.714093253e-01
1 1 -1.107097723e+01  1.894915343e-14
1 2 -7.910262140e-01  1.086877243e+00
1 3  1.861238777e+00 -1.097450209e+00
1 4  3.402963928e-02  7.386156488e-01
1 5 -2.442940243e-01 -3.565298001e-01
1 6  3.322724242e-01 -1.513704331e-01
1 7  1.369780966e-01  2.121066082e-01
1 8 -4.267200738e-02  1.797834394e-01
1 9 -1.327264725e-01  3.319305261e-02
1 10 -1.507452085e-01 -1.100874205e-01
2 0  1.221593981e+00  4.548768285e-01
2 1 -7.910262140e-01 -1.086877243e+00
2 2 -1.400034040e+01  2.078751872e-14
2 3 -3.583191835e-01  2.020734015e+00
2 4  1.998510687e+00 -1.928847306e+00
2 5  7.631138872e-01  9.226539916e-01
2 6 -5.412444792e-01  9.989758622e-02
2 7 -3.008055305e-02 -4.713720458e-01
2 8  2.094868961e-01 -2.654671203e-01
2 9  2.568827813e-01  1.779004069e-02
2 10  2.261509291e-01  2.561985649e-01
3 0 -2.056931643e-01 -3.624943254e-01
3 1  1.861238777e+00  1.097450209e+00
3 2 -3.583191835e-01 -2.020734015e+00
3 3 -1.724653403e+01  3.107713005e-14
3 4  5.924553878e-01  3.340787784e+00
3 5  1.534930611e+00 -2.792745885e+00
3 6  1.872456619e+00  3.544748884e-01
3 7  1.640587199e-03  8.356671806e-01
3 8 -3.912641280e-01  2.542774996e-01
3 9 -2.856834167e-01 -2.315290147e-01
3 10 -3.634877010e-02 -5.739753576e-01
4 0  3.027768915e-02  2.715849495e-01
4 1  3.402963928e-02 -7.386156488e-01
4 2  1.998510687e+00  1.928847306e+00
4 3  5.924553878e-01 -3.340787784e+00
4 4 -2.109745966e+01  3.338211142e-15
4 5  2.444825589e+00  5.213606873e+00
4 6  2.853336741e-01 -3.107361342e+00
4 7  2.378099938e+00 -1.242608720e+00
4 8  1.288808489e+00  1.972512189e-01
4 9  3.872617703e-01  5.862135904e-01
4 10 -2.177326410e-01  7.007574162e-01
5 0  1.577583139e-01 -1.133671434e-01
5 1 -2.442940243e-01  3.565298001e-01
5 2  7.631138872e-01 -9.226539916e-01
5 3  1.534930611e+00  2.792745885e+00
5 4  2.444825589e+00 -5.213606873e+00
5 5 -2.579633167e+01 -1.488188650e-14
5 6  5.955484993e+00  7.563004591e+00
5 7 -9.400213658e-01 -2.179501885e+00
5 8  3.369707627e-01 -1.826735490e+00
5 9  1.197427186e+00 -1.160646425e+00
5 10  2.081873253e+00 -5.998312773e-01
6 0 -1.077942349e-01 -8.782285988e-02
6 1  3.322724242e-01  1.513704331e-01
6 2 -5.412444792e-01 -9.989758622e-02
6 3  1.872456619e+00 -3.544748884e-01
6 4  2.853336741e-01  3.107361342e+00
6 5  5.955484993e+00 -7.563004591e+00
6 6 -3.187680633e+01  1.246535476e-13
6 7  1.039653685e+01  8.506014165e+00
6 8 -1.977682528e-01  1.571425652e+00
6 9 -6.997557141e-01 -1.253455691e+00
6 10  1.324638697e-01 -3.107664988e+00
7 0 -6.687865039e-02  7.766591616e-02
7 1  1.369780966e-01 -2.121066082e-01
7 2 -3.008055305e-02  4.713720458e-01
7 3  1.640587199e-03 -8.356671806e-01
7 4  2.378099938e+00  1.242608720e+00
7 5 -9.400213658e-01  2.179501885e+00
7 6  1.039653685e+01 -8.506014165e+00
7 7 -3.693879004e+01  5.808587457e-14
7 8  1.139054905e+01  5.475826631e+00
7 9  1.439252002e+00  2.250612860e+00
7 10 -8.864761712e-01  1.701676965e-01
8 0  5.999906920e-03  8.493296276e-02
8 1 -4.267200738e-02 -1.797834394e-01
8 2  2.094868961e-01  2.654671203e-01
8 3 -3.912641280e-01 -2.542774996e-01
8 4  1.288808489e+00 -1.972512189e-01
8 5  3.369707627e-01  1.826735490e+00
8 6 -1.977682528e-01 -1.571425652e+00
8 7  1.139054905e+01 -5.475826631e+00
8 8 -4.974530457e+01 -3.769441612e-13
8 9  2.100346373e+01  5.555767290e+00
8 10  6.711722346e+00  4.687782873e+00
9 0  6.127353355e-02  2.700925997e-02
9 1 -1.327264725e-01 -3.319305261e-02
9 2  2.568827813e-01 -1.779004069e-02
9 3 -2.856834167e-01  2.315290147e-01
9 4  3.872617703e-01 -5.862135904e-01
9 5  1.197427186e+00  1.160646425e+00
9 6 -6.997557141e-01  1.253455691e+00
9 7  1.439252002e+00 -2.250612860e+00
9 8  2.100346373e+01 -5.555767290e+00
9 9 -6.596792558e+01 -3.160499909e-13
9 10  3.314897734e+01  5.209851328e+00
10 0  8.458764486e-02 -3.857994541e-02
10 1 -1.507452085e-01  1.100874205e-01
10 2  2.261509291e-01 -2.561985649e-01
10 3 -3.634877010e-02  5.739753576e-01
10 4 -2.177326410e-01 -7.007574162e-01
10 5  2.081873253e+00  5.998312773e-01
10 6  1.324638697e-01  3.107664988e+00
10 7 -8.864761712e-01 -1.701676965e-01
10 8  6.711722346e+00 -4.687782873e+00
10 9  3.314897734e+01 -5.209851328e+00
10 10 -5.987509972e+01 -5.622222193e-15
0  3.545995195e-02 -8.045604256e-04 -1.258383923e-01 -1.969116862e-02
1  6.045951917e-02 -5.817370270e-04  1.530698898e-01  5.493057203e-02
2  8.514683707e-02 -2.227191763e-03 -1.442079232e-01 -1.073028456e-01
3  1.187471556e-01 -2.213320982e-03  8.759685300e-02  1.682942809e-01
4  1.591337507e-01 -5.449799171e-03  3.539545362e-02 -1.919194885e-01
5  1.989203395e-01 -6.550450018e-03 -1.754931714e-01  8.606626909e-02
6  2.309391058e-01 -8.199807896e-03  1.312555593e-01  1.384565488e-01
7  2.517643835e-01 -1.068439170e-02  1.435079197e-01 -1.144054281e-01
8  2.833962729e-01 -1.307450961e-02 -3.027830284e-02 -1.732207531e-01
9  2.797719915e-01 -1.412838110e-02 -1.230114832e-01 -1.096190650e-01
10  2.660144737e-01 -1.543602224e-02 -1.467043502e-01 -4.825337114e-02
