 1.695500020e+00 -1.817290680e+00  8.542111525e-01  3.690924563e+00  9.332162022e-01  4.740864806e+00  9.951821704e-01  9.613516710e-01  7.103358070e+00 512 3 11
 0.000000000e+00  0.000000000e+00 -2.697530208e-06
 1.956947162e-03  2.883083189e-02  1.357567050e-01
 3.913894325e-03  4.077271618e-02  1.919895216e-01
 5.870841487e-03  4.993607378e-02  2.351349555e-01
 7.827788650e-03  5.766131205e-02  2.715017487e-01
 9.784735812e-03  6.446766170e-02  3.035328346e-01
 1.174168297e-02  7.062143822e-02  3.324806157e-01
 1.369863014e-02  7.628086110e-02  3.590887342e-01
 1.565557730e-02  8.154903105e-02  3.838414569e-01
 1.761252446e-02  8.649757148e-02  4.070749558e-01
 1.956947162e-02  9.117863855e-02  4.290338841e-01
 2.152641879e-02  9.563161227e-02  4.499026783e-01
 2.348336595e-02  9.988709474e-02  4.698235352e-01
 2.544031311e-02  1.039694335e-01  4.889112671e-01
 2.739726027e-02  1.078983611e-01  5.072588800e-01
 2.935420744e-02  1.116901406e-01  5.249425717e-01
 3.131115460e-02  1.153583645e-01  5.420262318e-01
 3.326810176e-02  1.189145298e-01  5.585642307e-01
 3.522504892e-02  1.223684637e-01  5.746018495e-01
 3.718199609e-02  1.257286522e-01  5.901782187e-01
 3.913894325e-02  1.290024808e-01  6.053273839e-01
 4.109589041e-02  1.321964248e-01  6.200792524e-01
 4.305283757e-02  1.353161990e-01  6.344603881e-01
 4.500978474e-02  1.383668759e-01  6.484943614e-01
 4.696673190e-02  1.413529832e-01  6.622021485e-01
 4.892367906e-02  1.442785829e-01  6.756023456e-01
 5.088062622e-02  1.471473361e-01  6.887116685e-01
 5.283757339e-02  1.499625570e-01  7.015452587e-01
 5.479452055e-02  1.527272564e-01  7.141168793e-01
 5.675146771e-02  1.554441798e-01  7.264390799e-01
 5.870841487e-02  1.581158392e-01  7.385232344e-01
 6.066536204e-02  1.607445398e-01  7.503797167e-01
 6.262230920e-02  1.633324040e-01  7.620180801e-01
 6.457925636e-02  1.658813905e-01  7.734471828e-01
 6.653620352e-02  1.683933114e-01  7.846751663e-01
 6.849315068e-02  1.708698479e-01  7.957094351e-01
 7.045009785e-02  1.733125629e-01  8.065568592e-01
 7.240704501e-02  1.757229129e-01  8.172239389e-01
 7.436399217e-02  1.781022571e-01  8.277167220e-01
 7.632093933e-02  1.804518667e-01  8.380408863e-01
 7.827788650e-02  1.827729325e-01  8.482016669e-01
 8.023483366e-02  1.850665726e-01  8.582037233e-01
 8.219178082e-02  1.873338385e-01  8.680516053e-01
 8.414872798e-02  1.895757201e-01  8.777498299e-01
 8.610567515e-02  1.917931503e-01  8.873023316e-01
 8.806262231e-02  1.939870106e-01  8.967126972e-01
 9.001956947e-02  1.961581350e-01  9.059843882e-01
 9.197651663e-02  1.983073133e-01  9.151207992e-01
 9.393346380e-02  2.004352938e-01  9.241252383e-01
 9.589041096e-02  2.025427866e-01  9.330009141e-01
 9.784735812e-02  2.046304660e-01  9.417504831e-01
 9.980430528e-02  2.066989744e-01  9.503758078e-01
 1.017612524e-01  2.087489247e-01  9.588801807e-01
 1.037181996e-01  2.107808989e-01  9.672663063e-01
 1.056751468e-01  2.127954528e-01  9.755356208e-01
 1.076320939e-01  2.147931189e-01  9.836906906e-01
 1.095890411e-01  2.167744047e-01  9.917332681e-01
 1.115459883e-01  2.187397972e-01  9.996649141e-01
 1.135029354e-01  2.206897627e-01  1.007488567e+00
 1.154598826e-01  2.226247462e-01  1.015205312e+00
 1.174168297e-01  2.245451765e-01  1.022816816e+00
 1.193737769e-01  2.264514647e-01  1.030324908e+00
 1.213307241e-01  2.283440054e-01  1.037730326e+00
 1.232876712e-01  2.302231797e-01  1.045035382e+00
 1.252446184e-01  2.320893520e-01  1.052241126e+00
 1.272015656e-01  2.339428743e-01  1.059349044e+00
 1.291585127e-01  2.357840852e-01  1.066360429e+00
 1.311154599e-01  2.376133116e-01  1.073275686e+00
 1.330724070e-01  2.394308698e-01  1.080096713e+00
 1.350293542e-01  2.412370633e-01  1.086824739e+00
 1.369863014e-01  2.430321861e-01  1.093459958e+00
 1.389432485e-01  2.448165232e-01  1.100004224e+00
 1.409001957e-01  2.465903485e-01  1.106458439e+00
 1.428571429e-01  2.483539277e-01  1.112823260e+00
 1.448140900e-01  2.501075184e-01  1.119099793e+00
 1.467710372e-01  2.518513696e-01  1.125288203e+00
 1.487279843e-01  2.535857239e-01  1.131389665e+00
 1.506849315e-01  2.553108152e-01  1.137406180e+00
 1.526418787e-01  2.570268692e-01  1.143337062e+00
 1.545988258e-01  2.587341077e-01  1.149183399e+00
 1.565557730e-01  2.604327446e-01  1.154945975e+00
 1.585127202e-01  2.621229878e-01  1.160625451e+00
 1.604696673e-01  2.638050396e-01  1.166223014e+00
 1.624266145e-01  2.654790957e-01  1.171738488e+00
 1.643835616e-01  2.671453482e-01  1.177172450e+00
 1.663405088e-01  2.688039833e-01  1.182526769e+00
 1.682974560e-01  2.704551806e-01  1.187800940e+00
 1.702544031e-01  2.720991175e-01  1.192995268e+00
 1.722113503e-01  2.737359661e-01  1.198111382e+00
 1.741682975e-01  2.753658929e-01  1.203149016e+00
 1.761252446e-01  2.769890618e-01  1.208109236e+00
 1.780821918e-01  2.786056314e-01  1.212992190e+00
 1.800391389e-01  2.802157575e-01  1.217798055e+00
 1.819960861e-01  2.818195922e-01  1.222527828e+00
 1.839530333e-01  2.834172830e-01  1.227182075e+00
 1.859099804e-01  2.850089746e-01  1.231761134e+00
 1.878669276e-01  2.865948081e-01  1.236265460e+00
 1.898238748e-01  2.881749216e-01  1.240695070e+00
 1.917808219e-01  2.897494508e-01  1.245050488e+00
 1.937377691e-01  2.913185277e-01  1.249333128e+00
 1.956947162e-01  2.928822805e-01  1.253542524e+00
 1.976516634e-01  2.944408363e-01  1.257679229e+00
 1.996086106e-01  2.959943187e-01  1.261743669e+00
 2.015655577e-01  2.975428490e-01  1.265736167e+00
 2.035225049e-01  2.990865460e-01  1.269657517e+00
 2.054794521e-01  3.006255254e-01  1.273507812e+00
 2.074363992e-01  3.021599016e-01  1.277287253e+00
 2.093933464e-01  3.036897862e-01  1.280996864e+00
 2.113502935e-01  3.052152883e-01  1.284636608e+00
 2.133072407e-01  3.067365156e-01  1.288206486e+00
 2.152641879e-01  3.082535738e-01  1.291707535e+00
 2.172211350e-01  3.097665657e-01  1.295139866e+00
 2.191780822e-01  3.112755931e-01  1.298504064e+00
 2.211350294e-01  3.127807550e-01  1.301800560e+00
 2.230919765e-01  3.142821494e-01  1.305029145e+00
 2.250489237e-01  3.157798726e-01  1.308190359e+00
 2.270058708e-01  3.172740189e-01  1.311285136e+00
 2.289628180e-01  3.187646807e-01  1.314313627e+00
 2.309197652e-01  3.202519489e-01  1.317276195e+00
 2.328767123e-01  3.217359129e-01  1.320172982e+00
 2.348336595e-01  3.232166610e-01  1.323004202e+00
 2.367906067e-01  3.246942799e-01  1.325770737e+00
 2.387475538e-01  3.261688544e-01  1.328473014e+00
 2.407045010e-01  3.276404678e-01  1.331111169e+00
 2.426614481e-01  3.291092027e-01  1.333685664e+00
 2.446183953e-01  3.305751400e-01  1.336196641e+00
 2.465753425e-01  3.320383596e-01  1.338644679e+00
 2.485322896e-01  3.334989398e-01  1.341030322e+00
 2.504892368e-01  3.349569577e-01  1.343353867e+00
 2.524461840e-01  3.364124893e-01  1.345615793e+00
 2.544031311e-01  3.378656094e-01  1.347816368e+00
 2.563600783e-01  3.393163917e-01  1.349956011e+00
 2.583170254e-01  3.407649088e-01  1.352035115e+00
 2.602739726e-01  3.422112324e-01  1.354054233e+00
 2.622309198e-01  3.436554325e-01  1.356013731e+00
 2.641878669e-01  3.450975788e-01  1.357914048e+00
 2.661448141e-01  3.465377394e-01  1.359755666e+00
 2.681017613e-01  3.479759817e-01  1.361538863e+00
 2.700587084e-01  3.494123722e-01  1.363264078e+00
 2.720156556e-01  3.508469763e-01  1.364931863e+00
 2.739726027e-01  3.522798584e-01  1.366542752e+00
 2.759295499e-01  3.537110821e-01  1.368097177e+00
 2.778864971e-01  3.551407098e-01  1.369595459e+00
 2.798434442e-01  3.565688035e-01  1.371038099e+00
 2.818003914e-01  3.579954239e-01  1.372425608e+00
 2.837573386e-01  3.594206312e-01  1.373758527e+00
 2.857142857e-01  3.608444845e-01  1.375037215e+00
 2.876712329e-01  3.622670420e-01  1.376262231e+00
 2.896281800e-01  3.636883614e-01  1.377434108e+00
 2.915851272e-01  3.651084993e-01  1.378553375e+00
 2.935420744e-01  3.665275114e-01  1.379620428e+00
 2.954990215e-01  3.679454531e-01  1.380635742e+00
 2.974559687e-01  3.693623786e-01  1.381599928e+00
 2.994129159e-01  3.707783417e-01  1.382513584e+00
 3.013698630e-01  3.721933949e-01  1.383377142e+00
 3.033268102e-01  3.736075904e-01  1.384191160e+00
 3.052837573e-01  3.750209797e-01  1.384956004e+00
 3.072407045e-01  3.764336135e-01  1.385672089e+00
 3.091976517e-01  3.778455420e-01  1.386340045e+00
 3.111545988e-01  3.792568147e-01  1.386960448e+00
 3.131115460e-01  3.806674802e-01  1.387533820e+00
 3.150684932e-01  3.820775865e-01  1.388060614e+00
 3.170254403e-01  3.834871814e-01  1.388540897e+00
 3.189823875e-01  3.848963122e-01  1.388975378e+00
 3.209393346e-01  3.863050251e-01  1.389364764e+00
 3.228962818e-01  3.877133660e-01  1.389709538e+00
 3.248532290e-01  3.891213799e-01  1.390010039e+00
 3.268101761e-01  3.905291117e-01  1.390266700e+00
 3.287671233e-01  3.919366058e-01  1.390479690e+00
 3.307240705e-01  3.933439060e-01  1.390649813e+00
 3.326810176e-01  3.947510556e-01  1.390777609e+00
 3.346379648e-01  3.961580970e-01  1.390863515e+00
 3.365949119e-01  3.975650726e-01  1.390908026e+00
 3.385518591e-01  3.989720240e-01  1.390911361e+00
 3.405088063e-01  4.003789927e-01  1.390873678e+00
 3.424657534e-01  4.017860200e-01  1.390795943e+00
 3.444227006e-01  4.031931459e-01  1.390678706e+00
 3.463796477e-01  4.046004102e-01  1.390522327e+00
 3.483365949e-01  4.060078525e-01  1.390327161e+00
 3.502935421e-01  4.074155120e-01  1.390093239e+00
 3.522504892e-01  4.088234277e-01  1.389821316e+00
 3.542074364e-01  4.102316379e-01  1.389512120e+00
 3.561643836e-01  4.116401801e-01  1.389165967e+00
 3.581213307e-01  4.130490920e-01  1.388783312e+00
 3.600782779e-01  4.144584106e-01  1.388364439e+00
 3.620352250e-01  4.158681726e-01  1.387909505e+00
 3.639921722e-01  4.172784150e-01  1.387419253e+00
 3.659491194e-01  4.186891734e-01  1.386894322e+00
 3.679060665e-01  4.201004833e-01  1.386335141e+00
 3.698630137e-01  4.215123799e-01  1.385742143e+00
 3.718199609e-01  4.229248980e-01  1.385115298e+00
 3.737769080e-01  4.243380726e-01  1.384454997e+00
 3.757338552e-01  4.257519380e-01  1.383762179e+00
 3.776908023e-01  4.271665280e-01  1.383037332e+00
 3.796477495e-01  4.285818758e-01  1.382280791e+00
 3.816046967e-01  4.299980146e-01  1.381492733e+00
 3.835616438e-01  4.314149775e-01  1.380673528e+00
 3.855185910e-01  4.328327971e-01  1.379823624e+00
 3.874755382e-01  4.342515058e-01  1.378943782e+00
 3.894324853e-01  4.356711353e-01  1.378034379e+00
 3.913894325e-01  4.370917170e-01  1.377095797e+00
 3.933463796e-01  4.385132822e-01  1.376128233e+00
 3.953033268e-01  4.399358621e-01  1.375132154e+00
 3.972602740e-01  4.413594873e-01  1.374107922e+00
 3.992172211e-01  4.427841885e-01  1.373056333e+00
 4.011741683e-01  4.442099952e-01  1.371977839e+00
 4.031311155e-01  4.456369371e-01  1.370872517e+00
 4.050880626e-01  4.470650438e-01  1.369740730e+00
 4.070450098e-01  4.484943446e-01  1.368582958e+00
 4.090019569e-01  4.499248684e-01  1.367399778e+00
 4.109589041e-01  4.513566436e-01  1.366191787e+00
 4.129158513e-01  4.527896983e-01  1.364959190e+00
 4.148727984e-01  4.542240604e-01  1.363702143e+00
 4.168297456e-01  4.556597580e-01  1.362421441e+00
 4.187866928e-01  4.570968181e-01  1.361117298e+00
 4.207436399e-01  4.585352680e-01  1.359790242e+00
 4.227005871e-01  4.599751343e-01  1.358440808e+00
 4.246575342e-01  4.614164434e-01  1.357069083e+00
 4.266144814e-01  4.628592217e-01  1.355675741e+00
 4.285714286e-01  4.643034950e-01  1.354261186e+00
 4.305283757e-01  4.657492889e-01  1.352825578e+00
 4.324853229e-01  4.671966288e-01  1.351369708e+00
 4.344422701e-01  4.686455396e-01  1.349893732e+00
 4.363992172e-01  4.700960461e-01  1.348398095e+00
 4.383561644e-01  4.715481728e-01  1.346883383e+00
 4.403131115e-01  4.730019436e-01  1.345349854e+00
 4.422700587e-01  4.744573825e-01  1.343797920e+00
 4.442270059e-01  4.759145130e-01  1.342228024e+00
 4.461839530e-01  4.773733584e-01  1.340640436e+00
 4.481409002e-01  4.788339418e-01  1.339035827e+00
 4.500978474e-01  4.802962855e-01  1.337414736e+00
 4.520547945e-01  4.817604119e-01  1.335777220e+00
 4.540117417e-01  4.832263430e-01  1.334123641e+00
 4.559686888e-01  4.846941009e-01  1.332454401e+00
 4.579256360e-01  4.861637069e-01  1.330770261e+00
 4.598825832e-01  4.876351821e-01  1.329071659e+00
 4.618395303e-01  4.891085469e-01  1.327358961e+00
 4.637964775e-01  4.905838219e-01  1.325632059e+00
 4.657534247e-01  4.920610276e-01  1.323891465e+00
 4.677103718e-01  4.935401841e-01  1.322138001e+00
 4.696673190e-01  4.950213106e-01  1.320372159e+00
 4.716242661e-01  4.965044261e-01  1.318594160e+00
 4.735812133e-01  4.979895495e-01  1.316804393e+00
 4.755381605e-01  4.994766994e-01  1.315002743e+00
 4.774951076e-01  5.009658946e-01  1.313190116e+00
 4.794520548e-01  5.024571528e-01  1.311367141e+00
 4.814090020e-01  5.039504911e-01  1.309534070e+00
 4.833659491e-01  5.054459269e-01  1.307691425e+00
 4.853228963e-01  5.069434768e-01  1.305839047e+00
 4.872798434e-01  5.084431580e-01  1.303977393e+00
 4.892367906e-01  5.099449867e-01  1.302107328e+00
 4.911937378e-01  5.114489785e-01  1.300229349e+00
 4.931506849e-01  5.129551486e-01  1.298343761e+00
 4.951076321e-01  5.144635120e-01  1.296450797e+00
 4.970645793e-01  5.159740837e-01  1.294550284e+00
 4.990215264e-01  5.174868787e-01  1.292643201e+00
 5.009784736e-01  5.190019107e-01  1.290730268e+00
 5.029354207e-01  5.205191931e-01  1.288811808e+00
 5.048923679e-01  5.220387389e-01  1.286887872e+00
 5.068493151e-01  5.235605612e-01  1.284958665e+00
 5.088062622e-01  5.250846730e-01  1.283024741e+00
 5.107632094e-01  5.266110863e-01  1.281086785e+00
 5.127201566e-01  5.281398127e-01  1.279145305e+00
 5.146771037e-01  5.296708631e-01  1.277200392e+00
 5.166340509e-01  5.312042487e-01  1.275252210e+00
 5.185909980e-01  5.327399803e-01  1.273301484e+00
 5.205479452e-01  5.342780679e-01  1.271348448e+00
 5.225048924e-01  5.358185212e-01  1.269393738e+00
 5.244618395e-01  5.373613493e-01  1.267437515e+00
 5.264187867e-01  5.389065613e-01  1.265480103e+00
 5.283757339e-01  5.404541657e-01  1.263522123e+00
 5.303326810e-01  5.420041704e-01  1.261563794e+00
 5.322896282e-01  5.435565831e-01  1.259605309e+00
 5.342465753e-01  5.451114113e-01  1.257647157e+00
 5.362035225e-01  5.466686619e-01  1.255689632e+00
 5.381604697e-01  5.482283414e-01  1.253733315e+00
 5.401174168e-01  5.497904555e-01  1.251778583e+00
 5.420743640e-01  5.513550099e-01  1.249825323e+00
 5.440313112e-01  5.529220103e-01  1.247873915e+00
 5.459882583e-01  5.544914616e-01  1.245924776e+00
 5.479452055e-01  5.560633684e-01  1.243978517e+00
 5.499021526e-01  5.576377344e-01  1.242035396e+00
 5.518590998e-01  5.592145634e-01  1.240095615e+00
 5.538160470e-01  5.607938586e-01  1.238159110e+00
 5.557729941e-01  5.623756235e-01  1.236226283e+00
 5.577299413e-01  5.639598608e-01  1.234297851e+00
 5.596868885e-01  5.655465721e-01  1.232374027e+00
 5.616438356e-01  5.671357593e-01  1.230455024e+00
 5.636007828e-01  5.687274237e-01  1.228541015e+00
 5.655577299e-01  5.703215665e-01  1.226631940e+00
 5.675146771e-01  5.719181888e-01  1.224728497e+00
 5.694716243e-01  5.735172905e-01  1.222831047e+00
 5.714285714e-01  5.751188714e-01  1.220939806e+00
 5.733855186e-01  5.767229310e-01  1.219054862e+00
 5.753424658e-01  5.783294684e-01  1.217176458e+00
 5.772994129e-01  5.799384826e-01  1.215304820e+00
 5.792563601e-01  5.815499720e-01  1.213440325e+00
 5.812133072e-01  5.831639345e-01  1.211583258e+00
 5.831702544e-01  5.847803676e-01  1.209733720e+00
 5.851272016e-01  5.863992688e-01  1.207892052e+00
 5.870841487e-01  5.880206347e-01  1.206058536e+00
 5.890410959e-01  5.896444619e-01  1.204233176e+00
 5.909980431e-01  5.912707467e-01  1.202416359e+00
 5.929549902e-01  5.928994846e-01  1.200608205e+00
 5.949119374e-01  5.945306714e-01  1.198809019e+00
 5.968688845e-01  5.961643018e-01  1.197018973e+00
 5.988258317e-01  5.978003708e-01  1.195238110e+00
 6.007827789e-01  5.994388729e-01  1.193466442e+00
 6.027397260e-01  6.010798028e-01  1.191704081e+00
 6.046966732e-01  6.027231547e-01  1.189951096e+00
 6.066536204e-01  6.043689229e-01  1.188207481e+00
 6.086105675e-01  6.060171014e-01  1.186473209e+00
 6.105675147e-01  6.076676843e-01  1.184748265e+00
 6.125244618e-01  6.093206656e-01  1.183032621e+00
 6.144814090e-01  6.109760394e-01  1.181326195e+00
 6.164383562e-01  6.126337996e-01  1.179628911e+00
 6.183953033e-01  6.142939404e-01  1.177940701e+00
 6.203522505e-01  6.159564559e-01  1.176261523e+00
 6.223091977e-01  6.176213400e-01  1.174591255e+00
 6.242661448e-01  6.192885870e-01  1.172929816e+00
 6.262230920e-01  6.209581911e-01  1.171277001e+00
 6.281800391e-01  6.226301469e-01  1.169632674e+00
 6.301369863e-01  6.243044487e-01  1.167996819e+00
 6.320939335e-01  6.259810913e-01  1.166369176e+00
 6.340508806e-01  6.276600693e-01  1.164749537e+00
 6.360078278e-01  6.293413780e-01  1.163137869e+00
 6.379647750e-01  6.310250123e-01  1.161533913e+00
 6.399217221e-01  6.327109676e-01  1.159937549e+00
 6.418786693e-01  6.343992394e-01  1.158348490e+00
 6.438356164e-01  6.360898237e-01  1.156766456e+00
 6.457925636e-01  6.377827167e-01  1.155191211e+00
 6.477495108e-01  6.394779147e-01  1.153622795e+00
 6.497064579e-01  6.411754141e-01  1.152060960e+00
 6.516634051e-01  6.428752118e-01  1.150505321e+00
 6.536203523e-01  6.445773049e-01  1.148955530e+00
 6.555772994e-01  6.462816914e-01  1.147411321e+00
 6.575342466e-01  6.479883691e-01  1.145872609e+00
 6.594911937e-01  6.496973361e-01  1.144339147e+00
 6.614481409e-01  6.514085910e-01  1.142810702e+00
 6.634050881e-01  6.531221326e-01  1.141286904e+00
 6.653620352e-01  6.548379604e-01  1.139767325e+00
 6.673189824e-01  6.565560742e-01  1.138251840e+00
 6.692759295e-01  6.582764741e-01  1.136740078e+00
 6.712328767e-01  6.599991610e-01  1.135231668e+00
 6.731898239e-01  6.617241359e-01  1.133726560e+00
 6.751467710e-01  6.634514000e-01  1.132224479e+00
 6.771037182e-01  6.651809550e-01  1.130724947e+00
 6.790606654e-01  6.669128037e-01  1.129227493e+00
 6.810176125e-01  6.686469490e-01  1.127731802e+00
 6.829745597e-01  6.703833947e-01  1.126237570e+00
 6.849315068e-01  6.721221446e-01  1.124744725e+00
 6.868884540e-01  6.738632029e-01  1.123253249e+00
 6.888454012e-01  6.756065740e-01  1.121762223e+00
 6.908023483e-01  6.773522638e-01  1.120271206e+00
 6.927592955e-01  6.791002787e-01  1.118779931e+00
 6.947162427e-01  6.808506255e-01  1.117288299e+00
 6.966731898e-01  6.826033112e-01  1.115795972e+00
 6.986301370e-01  6.843583433e-01  1.114302609e+00
 7.005870841e-01  6.861157301e-01  1.112807830e+00
 7.025440313e-01  6.878754806e-01  1.111311081e+00
 7.045009785e-01  6.896376045e-01  1.109812181e+00
 7.064579256e-01  6.914021120e-01  1.108310612e+00
 7.084148728e-01  6.931690140e-01  1.106806018e+00
 7.103718200e-01  6.949383222e-01  1.105298111e+00
 7.123287671e-01  6.967100486e-01  1.103786750e+00
 7.142857143e-01  6.984842056e-01  1.102271674e+00
 7.162426614e-01  7.002608063e-01  1.100752056e+00
 7.181996086e-01  7.020398654e-01  1.099227462e+00
 7.201565558e-01  7.038213979e-01  1.097697548e+00
 7.221135029e-01  7.056054196e-01  1.096162303e+00
 7.240704501e-01  7.073919462e-01  1.094621318e+00
 7.260273973e-01  7.091809947e-01  1.093074067e+00
 7.279843444e-01  7.109725828e-01  1.091520218e+00
 7.299412916e-01  7.127667289e-01  1.089959220e+00
 7.318982387e-01  7.145634525e-01  1.088390844e+00
 7.338551859e-01  7.163627734e-01  1.086814628e+00
 7.358121331e-01  7.181647126e-01  1.085230199e+00
 7.377690802e-01  7.199692915e-01  1.083637170e+00
 7.397260274e-01  7.217765328e-01  1.082035064e+00
 7.416829746e-01  7.235864597e-01  1.080423878e+00
 7.436399217e-01  7.253990955e-01  1.078803072e+00
 7.455968689e-01  7.272144654e-01  1.077171805e+00
 7.475538160e-01  7.290325958e-01  1.075529616e+00
 7.495107632e-01  7.308535136e-01  1.073876404e+00
 7.514677104e-01  7.326772465e-01  1.072211964e+00
 7.534246575e-01  7.345038228e-01  1.070535309e+00
 7.553816047e-01  7.363332730e-01  1.068845873e+00
 7.573385519e-01  7.381656282e-01  1.067143510e+00
 7.592954990e-01  7.400009204e-01  1.065427627e+00
 7.612524462e-01  7.418391829e-01  1.063697497e+00
 7.632093933e-01  7.436804507e-01  1.061952347e+00
 7.651663405e-01  7.455247602e-01  1.060191788e+00
 7.671232877e-01  7.473721487e-01  1.058415232e+00
 7.690802348e-01  7.492226552e-01  1.056622050e+00
 7.710371820e-01  7.510763198e-01  1.054811746e+00
 7.729941292e-01  7.529331841e-01  1.052983572e+00
 7.749510763e-01  7.547932916e-01  1.051136562e+00
 7.769080235e-01  7.566566878e-01  1.049269729e+00
 7.788649706e-01  7.585234203e-01  1.047382858e+00
 7.808219178e-01  7.603935373e-01  1.045474991e+00
 7.827788650e-01  7.622670899e-01  1.043544706e+00
 7.847358121e-01  7.641441324e-01  1.041590968e+00
 7.866927593e-01  7.660247209e-01  1.039612975e+00
 7.886497065e-01  7.679089138e-01  1.037609331e+00
 7.906066536e-01  7.697967732e-01  1.035578371e+00
 7.925636008e-01  7.716883641e-01  1.033519666e+00
 7.945205479e-01  7.735837525e-01  1.031432759e+00
 7.964774951e-01  7.754830066e-01  1.029316069e+00
 7.984344423e-01  7.773861978e-01  1.027169100e+00
 8.003913894e-01  7.792933954e-01  1.024997382e+00
 8.023483366e-01  7.812046563e-01  1.022808211e+00
 8.043052838e-01  7.831200267e-01  1.020604602e+00
 8.062622309e-01  7.850395529e-01  1.018378874e+00
 8.082191781e-01  7.869632904e-01  1.016146253e+00
 8.101761252e-01  7.888912517e-01  1.013925424e+00
 8.121330724e-01  7.908234219e-01  1.011725686e+00
 8.140900196e-01  7.927597741e-01  1.009550200e+00
 8.160469667e-01  7.947002754e-01  1.007405400e+00
 8.180039139e-01  7.966448774e-01  1.005298468e+00
 8.199608611e-01  7.985935188e-01  1.003234228e+00
 8.219178082e-01  8.005461314e-01  1.001213606e+00
 8.238747554e-01  8.025026464e-01  9.992366620e-01
 8.258317025e-01  8.044629951e-01  9.973028590e-01
 8.277886497e-01  8.064271151e-01  9.953994380e-01
 8.297455969e-01  8.083949746e-01  9.935139923e-01
 8.317025440e-01  8.103665612e-01  9.916379974e-01
 8.336594912e-01  8.123418761e-01  9.897671396e-01
 8.356164384e-01  8.143209287e-01  9.878943941e-01
 8.375733855e-01  8.163037455e-01  9.860096483e-01
 8.395303327e-01  8.182903704e-01  9.841109645e-01
 8.414872798e-01  8.202808446e-01  9.822000204e-01
 8.434442270e-01  8.222752066e-01  9.802748938e-01
 8.454011742e-01  8.242734927e-01  9.783491578e-01
 8.473581213e-01  8.262756975e-01  9.764444456e-01
 8.493150685e-01  8.282817672e-01  9.745864762e-01
 8.512720157e-01  8.302915873e-01  9.728095462e-01
 8.532289628e-01  8.323049637e-01  9.711528328e-01
 8.551859100e-01  8.343216152e-01  9.696609621e-01
 8.571428571e-01  8.363411638e-01  9.683797574e-01
 8.590998043e-01  8.383631463e-01  9.673297002e-01
 8.610567515e-01  8.403870723e-01  9.665222689e-01
 8.630136986e-01  8.424124223e-01  9.659759916e-01
 8.649706458e-01  8.444386392e-01  9.656983106e-01
 8.669275930e-01  8.464651693e-01  9.656707281e-01
 8.688845401e-01  8.484915051e-01  9.658775328e-01
 8.708414873e-01  8.505171489e-01  9.663513047e-01
 8.727984344e-01  8.525415482e-01  9.670612451e-01
 8.747553816e-01  8.545643012e-01  9.678886005e-01
 8.767123288e-01  8.565852531e-01  9.687757700e-01
 8.786692759e-01  8.586042853e-01  9.697460014e-01
 8.806262231e-01  8.606212263e-01  9.707820576e-01
 8.825831703e-01  8.626359979e-01  9.718200401e-01
 8.845401174e-01  8.646486612e-01  9.728090068e-01
 8.864970646e-01  8.666593623e-01  9.737104660e-01
 8.884540117e-01  8.686683188e-01  9.744893848e-01
 8.904109589e-01  8.706758019e-01  9.751415294e-01
 8.923679061e-01  8.726820675e-01  9.756830791e-01
 8.943248532e-01  8.746873572e-01  9.760819390e-01
 8.962818004e-01  8.766920155e-01  9.762829803e-01
 8.982387476e-01  8.786964830e-01  9.762641447e-01
 9.001956947e-01  8.807012112e-01  9.760318057e-01
 9.021526419e-01  8.827066297e-01  9.755968955e-01
 9.041095890e-01  8.847131587e-01  9.749469853e-01
 9.060665362e-01  8.867212587e-01  9.740678715e-01
 9.080234834e-01  8.887314121e-01  9.729548856e-01
 9.099804305e-01  8.907441055e-01  9.716103940e-01
 9.119373777e-01  8.927598173e-01  9.700484616e-01
 9.138943249e-01  8.947790019e-01  9.682694364e-01
 9.158512720e-01  8.968021296e-01  9.662692344e-01
 9.178082192e-01  8.988296795e-01  9.640509315e-01
 9.197651663e-01  9.008621253e-01  9.616198500e-01
 9.217221135e-01  9.028999340e-01  9.589799180e-01
 9.236790607e-01  9.049435581e-01  9.561713329e-01
 9.256360078e-01  9.069933713e-01  9.531941121e-01
 9.275929550e-01  9.090497975e-01  9.500230878e-01
 9.295499022e-01  9.111133123e-01  9.466575400e-01
 9.315068493e-01  9.131843802e-01  9.431130835e-01
 9.334637965e-01  9.152634509e-01  9.393760071e-01
 9.354207436e-01  9.173510288e-01  9.354318733e-01
 9.373776908e-01  9.194476197e-01  9.313412102e-01
 9.393346380e-01  9.215535847e-01  9.271320275e-01
 9.412915851e-01  9.236693149e-01  9.227386436e-01
 9.432485323e-01  9.257953866e-01  9.181167390e-01
 9.452054795e-01  9.279323985e-01  9.133240017e-01
 9.471624266e-01  9.300807313e-01  9.085653196e-01
 9.491193738e-01  9.322404291e-01  9.036415638e-01
 9.510763209e-01  9.344122794e-01  8.984103047e-01
 9.530332681e-01  9.365972107e-01  8.925851791e-01
 9.549902153e-01  9.387961948e-01  8.868329302e-01
 9.569471624e-01  9.410061942e-01  8.862113881e-01
 9.589041096e-01  9.432139706e-01  8.865483404e-01
 9.608610568e-01  9.454235431e-01  8.843334876e-01
 9.628180039e-01  9.476427786e-01  8.786866195e-01
 9.647749511e-01  9.498809361e-01  8.693574908e-01
 9.667318982e-01  9.521479112e-01  8.568869159e-01
 9.686888454e-01  9.544535924e-01  8.394607536e-01
 9.706457926e-01  9.568147064e-01  8.169209079e-01
 9.726027397e-01  9.592460305e-01  7.928585088e-01
 9.745596869e-01  9.617519534e-01  7.691716500e-01
 9.765166341e-01  9.643347422e-01  7.464954867e-01
 9.784735812e-01  9.669947160e-01  7.252754273e-01
 9.804305284e-01  9.697304176e-01  7.058075409e-01
 9.823874755e-01  9.725387844e-01  6.882756094e-01
 9.843444227e-01  9.754153192e-01  6.727825947e-01
 9.863013699e-01  9.783542586e-01  6.593759569e-01
 9.882583170e-01  9.813487395e-01  6.480672656e-01
 9.902152642e-01  9.843909643e-01  6.388469579e-01
 9.921722114e-01  9.874723621e-01  6.316951856e-01
 9.941291585e-01  9.905837475e-01  6.265896236e-01
 9.960861057e-01  9.937154765e-01  6.235109675e-01
 9.980430528e-01  9.968575975e-01  6.227829901e-01
 1.000000000e+00  1.000000000e+00  6.227271965e-01
4  4.035101651e-01  6.863149027e-01  1.013481735e+00  7.513160797e-01  9.558516859e-01  5.515400530e+01  4.492082204e-01  9.945700034e-01  3.448635675e-01  2.695834789e+00
5  5.285253380e-01  9.622269997e-01  1.008847461e+00  6.172270239e-01  9.291469210e-01  3.308589543e+01  3.961801170e-01  1.049805177e+00  5.132132050e-01  2.811927844e+00
6  6.293120505e-01  1.126101579e+00  1.005795192e+00  5.270598870e-01  9.079771208e-01  2.431944222e+01  3.658174873e-01  1.129679290e+00  6.359737155e-01  2.781680279e+00
7  7.166815305e-01  1.245707715e+00  1.003481291e+00  4.622498762e-01  8.957208624e-01  1.967368841e+01  3.454290532e-01  1.218101278e+00  7.342015712e-01  2.709070525e+00
8  7.934148363e-01  1.402732772e+00  1.001633500e+00  4.132739996e-01  8.998692124e-01  1.724392485e+01  3.312325783e-01  1.321677119e+00  8.147510991e-01  2.619401248e+00
9  8.560267112e-01  1.786553542e+00  1.000404409e+00  3.744774886e-01  9.336326557e-01  1.672537783e+01  3.225751699e-01  1.466297610e+00  8.761712951e-01  2.509015030e+00
10  8.997110869e-01  2.549918381e+00  9.997766479e-01  3.425107018e-01  1.015987046e+00  1.837264382e+01  3.186562652e-01  1.688611471e+00  9.186574903e-01  2.371859281e+00
11  9.311625017e-01  2.962950813e+00  9.994168593e-01  3.156273038e-01  1.160742731e+00  2.254925807e+01  3.176691237e-01  2.040667055e+00  9.481439724e-01  2.230808668e+00
12  9.699227153e-01  2.428538849e+00  9.997234686e-01  2.948553218e-01  1.349095210e+00  2.820210576e+01  3.206885846e-01  2.381442541e+00  9.805661304e-01  2.130681968e+00
13  9.864380644e-01  8.029176461e+00  9.999239635e-01  2.749154084e-01  1.590405765e+00  3.728799493e+01  3.246654857e-01  3.576643614e+00  9.915177678e-01  2.000673894e+00
14  9.932297185e-01  1.512255608e+01  9.999711546e-01  2.569597703e-01  1.771280744e+00  4.406569943e+01  3.285234152e-01  6.034572945e+00  9.957831513e-01  1.870647686e+00
0 0 -1.245455818e-01 -2.377987983e-17
0 1  1.357593301e-02 -5.333782762e-03
0 2 -1.404012833e-02  6.300875574e-03
0 3  3.935417971e-03 -7.197546695e-03
0 4 -1.387221017e-04  6.346620837e-03
0 5 -4.406523456e-03 -2.790491173e-03
0 6  3.087195920e-03 -2.594927425e-03
0 7  2.335544294e-03  2.591700571e-03
0 8 -1.065818943e-03  2.911358232e-03
0 9 -2.409791211e-03  1.496739164e-03
0 10 -2.595100243e-03  3.851899652e-04
1 0 -1.090037304e-01 -4.282594923e-02
1 1 -9.612464905e-02 -3.630069995e-17
1 2  9.357626182e-03 -7.527264034e-03
1 3 -1.271259226e-02  9.064434382e-03
1 4 -6.063296370e-04 -9.051793192e-03
1 5  4.198089208e-03  4.749591900e-03
1 6 -5.500394052e-03  2.744053399e-03
1 7 -3.042398787e-03 -4.063699882e-03
1 8  1.750005110e-03 -3.661605067e-03
1 9  3.264458517e-03 -1.470198983e-03
1 10  3.285239162e-03  4.213474576e-05
2 0  1.127308422e-01  5.059092009e-02
2 1 -9.734887226e-02 -7.830732396e-02
2 2 -7.704854341e-02  1.967728958e-17
2 3  4.951888707e-03 -9.279169986e-03
2 4 -8.378881394e-03  1.025343468e-02
2 5 -6.419838683e-03 -7.187500027e-03
2 6  5.227839068e-03 -1.582605441e-03
2 7  8.835144059e-04  5.352462307e-03
2 8 -3.872040265e-03  3.395132095e-03
2 9 -4.684362067e-03  5.293617057e-04
2 10 -4.162679743e-03 -1.127489171e-03
3 0 -3.159821421e-02 -5.779046188e-02
3 1  1.322511176e-01  9.429875137e-02
3 2 -6.426972513e-02 -1.204327762e-01
3 3 -6.367271979e-02  6.509887822e-17
3 4  9.253169969e-04 -1.080737636e-02
3 5 -3.332808284e-03  9.587470581e-03
3 6 -1.025952964e-02 -1.538931485e-03
3 7 -1.117606182e-03 -6.416877084e-03
3 8  3.717404065e-03 -1.957342491e-03
3 9  3.540608807e-03  1.365114016e-03
3 10  2.424935214e-03  2.806397548e-03
4 0  1.113825957e-03  5.095821744e-02
4 1  6.307743571e-03 -9.416724307e-02
4 2  1.087480830e-01  1.330775928e-01
4 3 -1.453239315e-02 -1.697332295e-01
4 4 -5.377578023e-02  1.770751346e-17
4 5 -3.281534554e-03 -1.210115972e-02
4 6  1.156269602e-03  6.175057563e-03
4 7 -8.286667723e-03  5.254546526e-03
4 8 -7.884127466e-03 -1.545839687e-03
4 9 -4.895157917e-03 -4.216293952e-03
4 10 -2.642464330e-03 -4.702860705e-03
5 0  3.538080913e-02 -2.240538069e-02
5 1 -4.367338918e-02  4.941075933e-02
5 2  8.332199933e-02 -9.328534595e-02
5 3  5.234279758e-02  1.505742273e-01
5 4  6.102253728e-02 -2.250299236e-01
5 5 -4.573528227e-02 -2.095935989e-17
5 6 -7.983763985e-03 -1.250670065e-02
5 7  2.679506281e-03 -4.446320076e-04
5 8 -8.139758642e-04  5.420807234e-03
5 9 -4.143016429e-03  5.193702252e-03
5 10 -5.582702118e-03  3.845555676e-03
6 0 -2.478767915e-02 -2.083516242e-02
6 1  5.722147343e-02  2.854682359e-02
6 2 -6.785123815e-02 -2.054036807e-02
6 3  1.611291252e-01 -2.416940081e-02
6 4 -2.150167970e-02  1.148297158e-01
6 5  1.745646597e-01 -2.734584773e-01
6 6 -3.853030253e-02 -7.772152851e-17
6 7 -1.192312231e-02 -1.083109948e-02
6 8 -4.937540868e-04 -5.877153118e-03
6 9  1.712071794e-03 -1.530700466e-03
6 10  1.569617764e-03  7.733743465e-04
7 0 -1.875252627e-02  2.080925340e-02
7 1  3.165055807e-02 -4.227531566e-02
7 2 -1.146698389e-02  6.946870207e-02
7 3  1.755235500e-02 -1.007790637e-01
7 4  1.540966526e-01  9.771213925e-02
7 5 -5.858729077e-02 -9.721859919e-03
7 6  3.094479287e-01 -2.811060068e-01
7 7 -3.221189690e-02  7.412359436e-17
7 8 -1.147880335e-02 -6.405156975e-03
7 9 -5.667654382e-03 -6.876100419e-03
7 10 -2.796486446e-03 -5.976979756e-03
8 0  8.557661600e-03  2.337584514e-02
8 1 -1.820558126e-02 -3.809225940e-02
8 2  5.025455503e-02  4.406484464e-02
8 3 -5.838299474e-02 -3.074067666e-02
8 4  1.466111218e-01 -2.874602061e-02
8 5  1.779754762e-02  1.185257194e-01
8 6  1.281469530e-02 -1.525332721e-01
8 7  3.563529147e-01 -1.988444516e-01
8 8 -2.944963045e-02  1.859795544e-16
8 9 -1.562329579e-02 -4.745289237e-03
8 10 -1.148315305e-02 -6.331202920e-03
9 0  1.934866879e-02  1.201760145e-02
9 1 -3.396068073e-02 -1.529471366e-02
9 2  6.079754216e-02  6.870495953e-03
9 3 -5.560636987e-02  2.143954304e-02
9 4  9.102904497e-02 -7.840507257e-02
9 5  9.058687785e-02  1.135600786e-01
9 6 -4.443442387e-02 -3.972718525e-02
9 7  1.759491035e-01 -2.134646227e-01
9 8  5.305090608e-01 -1.611323865e-01
9 9 -2.131589024e-02  1.322526564e-16
9 10 -1.180521614e-02 -1.901098404e-03
10 0  2.083655001e-02  3.092762985e-03
10 1 -3.417686509e-02  4.383344561e-04
10 2  5.402671561e-02 -1.463349105e-02
10 3 -3.808436678e-02  4.407535216e-02
10 4  4.913855863e-02 -8.745313754e-02
10 5  1.220655442e-01  8.408291116e-02
10 6 -4.073722916e-02  2.007184724e-02
10 7  8.681532959e-02 -1.855519336e-01
10 8  3.899252002e-01 -2.149841212e-01
10 9  5.538223364e-01 -8.918691093e-02
10 10 -1.674577703e-02 -1.099214342e-19
0 0 -8.365047620e+00  6.345239147e-15
0 1 -8.577622055e-01  4.692687066e-01
0 2  1.220291953e+00 -4.523235371e-01
0 3 -2.071482655e-01  3.605919367e-01
0 4  3.209075717e-02 -2.709816470e-01
0 5  1.557979247e-01  1.148060873e-01
0 6 -1.092034554e-01  8.541266800e-02
0 7 -6.497869466e-02 -7.934813068e-02
0 8  9.625971822e-03 -8.427224696e-02
0 9  6.198890780e-02 -2.504004098e-02
0 10  8.267338514e-02  4.208747318e-02
1 0 -8.577622055e-01 -4.692687066e-01
1 1 -1.106596593e+01 -2.451901219e-15
1 2 -7.937891526e-01  1.080920646e+00
1 3  1.860687710e+00 -1.091135460e+00
1 4  2.829999213e-02  7.364057963e-01
1 5 -2.398836805e-01 -3.591054503e-01
1 6  3.339963556e-01 -1.454766820e-01
1 7  1.317878329e-01  2.149747120e-01
1 8 -5.000392209e-02  1.770446920e-01
1 9 -1.335906949e-01  2.895986162e-02
1 10 -1.452633649e-01 -1.164281688e-01
2 0  1.220291953e+00  4.523235371e-01
2 1 -7.937891526e-01 -1.080920646e+00
2 2 -1.399138113e+01 -1.746683971e-14
2 3 -3.657473809e-01  2.009163114e+00
2 4  2.002799302e+00 -1.920191559e+00
2 5  7.504855713e-01  9.251884549e-01
2 6 -5.424715230e-01  8.861435687e-02
2 7 -2.041231101e-02 -4.732432045e-01
2 8  2.198634570e-01 -2.572917129e-01
2 9  2.551239096e-01  2.512737388e-02
2 10  2.143306023e-01  2.637525470e-01
3 0 -2.071482655e-01 -3.605919367e-01
3 1  1.860687710e+00  1.091135460e+00
3 2 -3.657473809e-01 -2.009163114e+00
3 3 -1.723135929e+01 -5.179691035e-15
3 4  5.763017281e-01  3.323950153e+00
3 5  1.549597487e+00 -2.786817858e+00
3 6  1.860706431e+00  3.729855147e-01
3 7 -1.722350412e-02  8.313041099e-01
3 8 -4.010602096e-01  2.347167153e-01
3 9 -2.794053269e-01 -2.395321335e-01
3 10 -1.456893199e-02 -5.749514686e-01
4 0  3.209075717e-02  2.709816470e-01
4 1  2.829999213e-02 -7.364057963e-01
4 2  2.002799302e+00  1.920191559e+00
4 3  5.763017281e-01 -3.323950153e+00
4 4 -2.107073627e+01  3.109174243e-14
4 5  2.410811499e+00  5.187375517e+00
4 6  3.093342962e-01 -3.118150010e+00
4 7  2.391611746e+00 -1.216364539e+00
4 8  1.280479384e+00  2.308102232e-01
4 9  3.677027526e-01  5.907800111e-01
4 10 -2.468620039e-01  6.832106854e-01
5 0  1.557979247e-01 -1.148060873e-01
5 1 -2.398836805e-01  3.591054503e-01
5 2  7.504855713e-01 -9.251884549e-01
5 3  1.549597487e+00  2.786817858e+00
5 4  2.410811499e+00 -5.187375517e+00
5 5 -2.575237391e+01  5.004371460e-14
5 6  5.892660202e+00  7.539930190e+00
5 7 -9.296992852e-01 -2.221269376e+00
5 8  3.878169978e-01 -1.851046888e+00
5 9  1.209554060e+00 -1.135216105e+00
5 10  2.077789800e+00 -5.426117823e-01
6 0 -1.092034554e-01 -8.541266800e-02
6 1  3.339963556e-01  1.454766820e-01
6 2 -5.424715230e-01 -8.861435687e-02
6 3  1.860706431e+00 -3.729855147e-01
6 4  3.093342962e-01  3.118150010e+00
6 5  5.892660202e+00 -7.539930190e+00
6 6 -3.181346162e+01 -3.322672539e-14
6 7  1.034836371e+01  8.523230194e+00
6 8 -2.469377569e-01  1.507949922e+00
6 9 -6.866742034e-01 -1.270305043e+00
6 10  1.911552352e-01 -3.116053402e+00
7 0 -6.497869466e-02  7.934813068e-02
7 1  1.317878329e-01 -2.149747120e-01
7 2 -2.041231101e-02  4.732432045e-01
7 3 -1.722350412e-02 -8.313041099e-01
7 4  2.391611746e+00  1.216364539e+00
7 5 -9.296992852e-01  2.221269376e+00
7 6  1.034836371e+01 -8.523230194e+00
7 7 -3.685006887e+01 -2.786719458e-13
7 8  1.134020269e+01  5.553645014e+00
7 9  1.387691608e+00  2.233042314e+00
7 10 -9.177385659e-01  1.026535731e-01
8 0  9.625971822e-03  8.427224696e-02
8 1 -5.000392209e-02 -1.770446920e-01
8 2  2.198634570e-01  2.572917129e-01
8 3 -4.010602096e-01 -2.347167153e-01
8 4  1.280479384e+00 -2.308102232e-01
8 5  3.878169978e-01  1.851046888e+00
8 6 -2.469377569e-01 -1.507949922e+00
8 7  1.134020269e+01 -5.553645014e+00
8 8 -4.947395566e+01 -4.027336796e-13
8 9  2.081613397e+01  5.553818819e+00
8 10  6.597981828e+00  4.683625124e+00
9 0  6.198890780e-02  2.504004098e-02
9 1 -1.335906949e-01 -2.895986162e-02
9 2  2.551239096e-01 -2.512737388e-02
9 3 -2.794053269e-01  2.395321335e-01
9 4  3.677027526e-01 -5.907800111e-01
9 5  1.209554060e+00  1.135216105e+00
9 6 -6.866742034e-01  1.270305043e+00
9 7  1.387691608e+00 -2.233042314e+00
9 8  2.081613397e+01 -5.553818819e+00
9 9 -6.570457281e+01 -8.621687288e-13
9 10  3.307235821e+01  5.325934460e+00
10 0  8.267338514e-02 -4.208747318e-02
10 1 -1.452633649e-01  1.164281688e-01
10 2  2.143306023e-01 -2.637525470e-01
10 3 -1.456893199e-02  5.749514686e-01
10 4 -2.468620039e-01 -6.832106854e-01
10 5  2.077789800e+00  5.426117823e-01
10 6  1.911552352e-01  3.116053402e+00
10 7 -9.177385659e-01 -1.026535731e-01
10 8  6.597981828e+00 -4.683625125e+00
10 9  3.307235821e+01 -5.325934460e+00
10 10 -5.971654814e+01  3.919871024e-16
0  3.518030588e-02 -8.061582443e-04 -1.254878930e-01 -1.950563749e-02
1  5.992231704e-02 -5.877987452e-04  1.528056304e-01  5.453475097e-02
2  8.437917203e-02 -2.221061197e-03 -1.442723495e-01 -1.066429228e-01
3  1.177702407e-01 -2.208425561e-03  8.838032460e-02  1.675770777e-01
4  1.579343862e-01 -5.435436093e-03  3.370089312e-02 -1.920122526e-01
5  1.976602585e-01 -6.522821553e-03 -1.742171505e-01  8.831931977e-02
6  2.298279865e-01 -8.207850874e-03  1.338914052e-01  1.358369132e-01
7  2.506088808e-01 -1.068720060e-02  1.405326634e-01 -1.180139844e-01
8  2.823796900e-01 -1.319900977e-02 -3.698636642e-02 -1.719626324e-01
9  2.793094311e-01 -1.427518853e-02 -1.276742103e-01 -1.044304118e-01
10  2.654547057e-01 -1.603587298e-02 -1.489081924e-01 -4.127530044e-02
