 1.695500020e+00 -1.799437640e+00  8.590254874e-01  3.372998719e+00  9.321734783e-01  4.355521347e+00  9.949723117e-01  9.253345830e-01  6.894102620e+00 512 3 10
 0.000000000e+00  0.000000000e+00  3.818214614e-05
 1.956947162e-03  2.923425006e-02  1.338611411e-01
 3.913894325e-03  4.134692755e-02  1.892574861e-01
 5.870841487e-03  5.064363039e-02  2.317349372e-01
 7.827788650e-03  5.848302502e-02  2.675198386e-01
 9.784735812e-03  6.539132496e-02  2.990252959e-01
 1.174168297e-02  7.163837677e-02  3.274893461e-01
 1.369863014e-02  7.738446489e-02  3.536477038e-01
 1.565557730e-02  8.273401231e-02  3.779799030e-01
 1.761252446e-02  8.775954348e-02  4.008191545e-01
 1.956947162e-02  9.251385711e-02  4.224077455e-01
 2.152641879e-02  9.703680732e-02  4.429297226e-01
 2.348336595e-02  1.013593314e-01  4.625364914e-01
 2.544031311e-02  1.055059702e-01  4.813330022e-01
 2.739726027e-02  1.094967257e-01  4.994044368e-01
 2.935420744e-02  1.133481068e-01  5.168241347e-01
 3.131115460e-02  1.170739234e-01  5.336520355e-01
 3.326810176e-02  1.206858798e-01  5.499367848e-01
 3.522504892e-02  1.241940018e-01  5.657255438e-01
 3.718199609e-02  1.276069197e-01  5.810584442e-01
 3.913894325e-02  1.309321424e-01  5.959693707e-01
 4.109589041e-02  1.341762520e-01  6.104878819e-01
 4.305283757e-02  1.373450573e-01  6.246399454e-01
 4.500978474e-02  1.404437158e-01  6.384483764e-01
 4.696673190e-02  1.434768325e-01  6.519335205e-01
 4.892367906e-02  1.464485389e-01  6.651141879e-01
 5.088062622e-02  1.493625555e-01  6.780078782e-01
 5.283757339e-02  1.522222461e-01  6.906297741e-01
 5.479452055e-02  1.550306680e-01  7.029926607e-01
 5.675146771e-02  1.577906128e-01  7.151075830e-01
 5.870841487e-02  1.605046378e-01  7.269862813e-01
 6.066536204e-02  1.631750856e-01  7.386406359e-01
 6.262230920e-02  1.658041077e-01  7.500803749e-01
 6.457925636e-02  1.683936914e-01  7.613128870e-01
 6.653620352e-02  1.709456801e-01  7.723454244e-01
 6.849315068e-02  1.734617842e-01  7.831861312e-01
 7.045009785e-02  1.759435905e-01  7.938425075e-01
 7.240704501e-02  1.783925761e-01  8.043211334e-01
 7.436399217e-02  1.808101196e-01  8.146280363e-01
 7.632093933e-02  1.831975106e-01  8.247679306e-01
 7.827788650e-02  1.855559601e-01  8.347456356e-01
 8.023483366e-02  1.878866041e-01  8.445669140e-01
 8.219178082e-02  1.901905079e-01  8.542366353e-01
 8.414872798e-02  1.924686744e-01  8.637588945e-01
 8.610567515e-02  1.947220502e-01  8.731370598e-01
 8.806262231e-02  1.969515310e-01  8.823742498e-01
 9.001956947e-02  1.991579641e-01  8.914750450e-01
 9.197651663e-02  2.013421482e-01  9.004434185e-01
 9.393346380e-02  2.035048404e-01  9.092825324e-01
 9.589041096e-02  2.056467596e-01  9.179942869e-01
 9.784735812e-02  2.077685916e-01  9.265810909e-01
 9.980430528e-02  2.098709882e-01  9.350465163e-01
 1.017612524e-01  2.119545679e-01  9.433937960e-01
 1.037181996e-01  2.140199193e-01  9.516251318e-01
 1.056751468e-01  2.160676051e-01  9.597419412e-01
 1.076320939e-01  2.180981646e-01  9.677462873e-01
 1.095890411e-01  2.201121123e-01  9.756406031e-01
 1.115459883e-01  2.221099397e-01  9.834273312e-01
 1.135029354e-01  2.240921168e-01  9.911088470e-01
 1.154598826e-01  2.260590931e-01  9.986861295e-01
 1.174168297e-01  2.280113022e-01  1.006160272e+00
 1.193737769e-01  2.299491604e-01  1.013533116e+00
 1.213307241e-01  2.318730667e-01  1.020807002e+00
 1.232876712e-01  2.337834031e-01  1.027984269e+00
 1.252446184e-01  2.356805362e-01  1.035065329e+00
 1.272015656e-01  2.375648215e-01  1.042050770e+00
 1.291585127e-01  2.394366018e-01  1.048942214e+00
 1.311154599e-01  2.412962065e-01  1.055741641e+00
 1.330724070e-01  2.431439518e-01  1.062450883e+00
 1.350293542e-01  2.449801426e-01  1.069070507e+00
 1.369863014e-01  2.468050746e-01  1.075600849e+00
 1.389432485e-01  2.486190345e-01  1.082043251e+00
 1.409001957e-01  2.504222981e-01  1.088399231e+00
 1.428571429e-01  2.522151317e-01  1.094670063e+00
 1.448140900e-01  2.539977928e-01  1.100856661e+00
 1.467710372e-01  2.557705309e-01  1.106959620e+00
 1.487279843e-01  2.575335881e-01  1.112979626e+00
 1.506849315e-01  2.592871992e-01  1.118917512e+00
 1.526418787e-01  2.610315918e-01  1.124774818e+00
 1.545988258e-01  2.627669852e-01  1.130552563e+00
 1.565557730e-01  2.644935926e-01  1.136251215e+00
 1.585127202e-01  2.662116216e-01  1.141870878e+00
 1.604696673e-01  2.679212746e-01  1.147412340e+00
 1.624266145e-01  2.696227476e-01  1.152876983e+00
 1.643835616e-01  2.713162302e-01  1.158265916e+00
 1.663405088e-01  2.730019066e-01  1.163579797e+00
 1.682974560e-01  2.746799563e-01  1.168818355e+00
 1.702544031e-01  2.763505552e-01  1.173982182e+00
 1.722113503e-01  2.780138741e-01  1.179072498e+00
 1.741682975e-01  2.796700784e-01  1.184090463e+00
 1.761252446e-01  2.813193288e-01  1.189036254e+00
 1.780821918e-01  2.829617830e-01  1.193910116e+00
 1.800391389e-01  2.845975948e-01  1.198712576e+00
 1.819960861e-01  2.862269139e-01  1.203444406e+00
 1.839530333e-01  2.878498864e-01  1.208106351e+00
 1.859099804e-01  2.894666543e-01  1.212699145e+00
 1.878669276e-01  2.910773563e-01  1.217223089e+00
 1.898238748e-01  2.926821281e-01  1.221678603e+00
 1.917808219e-01  2.942811023e-01  1.226065933e+00
 1.937377691e-01  2.958744088e-01  1.230385773e+00
 1.956947162e-01  2.974621741e-01  1.234639054e+00
 1.976516634e-01  2.990445213e-01  1.238826256e+00
 1.996086106e-01  3.006215710e-01  1.242947693e+00
 2.015655577e-01  3.021934415e-01  1.247003322e+00
 2.035225049e-01  3.037602491e-01  1.250993642e+00
 2.054794521e-01  3.053221071e-01  1.254919836e+00
 2.074363992e-01  3.068791257e-01  1.258782301e+00
 2.093933464e-01  3.084314132e-01  1.262581373e+00
 2.113502935e-01  3.099790755e-01  1.266317031e+00
 2.133072407e-01  3.115222173e-01  1.269989659e+00
 2.152641879e-01  3.130609406e-01  1.273600375e+00
 2.172211350e-01  3.145953448e-01  1.277149368e+00
 2.191780822e-01  3.161255279e-01  1.280636932e+00
 2.211350294e-01  3.176515857e-01  1.284063618e+00
 2.230919765e-01  3.191736124e-01  1.287429434e+00
 2.250489237e-01  3.206917007e-01  1.290735166e+00
 2.270058708e-01  3.222059408e-01  1.293981410e+00
 2.289628180e-01  3.237164214e-01  1.297168195e+00
 2.309197652e-01  3.252232300e-01  1.300296142e+00
 2.328767123e-01  3.267264520e-01  1.303365580e+00
 2.348336595e-01  3.282261715e-01  1.306376775e+00
 2.367906067e-01  3.297224712e-01  1.309330318e+00
 2.387475538e-01  3.312154321e-01  1.312226524e+00
 2.407045010e-01  3.327051338e-01  1.315065693e+00
 2.426614481e-01  3.341916546e-01  1.317848582e+00
 2.446183953e-01  3.356750713e-01  1.320575191e+00
 2.465753425e-01  3.371554596e-01  1.323245915e+00
 2.485322896e-01  3.386328940e-01  1.325861287e+00
 2.504892368e-01  3.401074475e-01  1.328421641e+00
 2.524461840e-01  3.415791918e-01  1.330927569e+00
 2.544031311e-01  3.430481977e-01  1.333379202e+00
 2.563600783e-01  3.445145347e-01  1.335776770e+00
 2.583170254e-01  3.459782714e-01  1.338120917e+00
 2.602739726e-01  3.474394752e-01  1.340412034e+00
 2.622309198e-01  3.488982122e-01  1.342650442e+00
 2.641878669e-01  3.503545476e-01  1.344836541e+00
 2.661448141e-01  3.518085457e-01  1.346970592e+00
 2.681017613e-01  3.532602699e-01  1.349052929e+00
 2.700587084e-01  3.547097826e-01  1.351084215e+00
 2.720156556e-01  3.561571447e-01  1.353064651e+00
 2.739726027e-01  3.576024170e-01  1.354994592e+00
 2.759295499e-01  3.590456588e-01  1.356874421e+00
 2.778864971e-01  3.604869291e-01  1.358704412e+00
 2.798434442e-01  3.619262856e-01  1.360485127e+00
 2.818003914e-01  3.633637852e-01  1.362216883e+00
 2.837573386e-01  3.647994842e-01  1.363899943e+00
 2.857142857e-01  3.662334380e-01  1.365534734e+00
 2.876712329e-01  3.676657012e-01  1.367121635e+00
 2.896281800e-01  3.690963278e-01  1.368661093e+00
 2.915851272e-01  3.705253707e-01  1.370153454e+00
 2.935420744e-01  3.719528824e-01  1.371599021e+00
 2.954990215e-01  3.733789144e-01  1.372998170e+00
 2.974559687e-01  3.748035179e-01  1.374351313e+00
 2.994129159e-01  3.762267432e-01  1.375658819e+00
 3.013698630e-01  3.776486397e-01  1.376921017e+00
 3.033268102e-01  3.790692567e-01  1.378138278e+00
 3.052837573e-01  3.804886424e-01  1.379310954e+00
 3.072407045e-01  3.819068447e-01  1.380439329e+00
 3.091976517e-01  3.833239107e-01  1.381523770e+00
 3.111545988e-01  3.847398872e-01  1.382564625e+00
 3.131115460e-01  3.861548203e-01  1.383562224e+00
 3.150684932e-01  3.875687554e-01  1.384516894e+00
 3.170254403e-01  3.889817377e-01  1.385428948e+00
 3.189823875e-01  3.903938117e-01  1.386298704e+00
 3.209393346e-01  3.918050214e-01  1.387126501e+00
 3.228962818e-01  3.932154103e-01  1.387912627e+00
 3.248532290e-01  3.946250217e-01  1.388657382e+00
 3.268101761e-01  3.960338981e-01  1.389361133e+00
 3.287671233e-01  3.974420818e-01  1.390024182e+00
 3.307240705e-01  3.988496143e-01  1.390646744e+00
 3.326810176e-01  4.002565372e-01  1.391229157e+00
 3.346379648e-01  4.016628914e-01  1.391771714e+00
 3.365949119e-01  4.030687175e-01  1.392274772e+00
 3.385518591e-01  4.044740555e-01  1.392738616e+00
 3.405088063e-01  4.058789452e-01  1.393163518e+00
 3.424657534e-01  4.072834260e-01  1.393549714e+00
 3.444227006e-01  4.086875370e-01  1.393897539e+00
 3.463796477e-01  4.100913169e-01  1.394207287e+00
 3.483365949e-01  4.114948039e-01  1.394479269e+00
 3.502935421e-01  4.128980361e-01  1.394713770e+00
 3.522504892e-01  4.143010512e-01  1.394911064e+00
 3.542074364e-01  4.157038864e-01  1.395071344e+00
 3.561643836e-01  4.171065790e-01  1.395194903e+00
 3.581213307e-01  4.185091656e-01  1.395282102e+00
 3.600782779e-01  4.199116828e-01  1.395333262e+00
 3.620352250e-01  4.213141665e-01  1.395348652e+00
 3.639921722e-01  4.227166526e-01  1.395328448e+00
 3.659491194e-01  4.241191769e-01  1.395272883e+00
 3.679060665e-01  4.255217746e-01  1.395182276e+00
 3.698630137e-01  4.269244809e-01  1.395057024e+00
 3.718199609e-01  4.283273304e-01  1.394897390e+00
 3.737769080e-01  4.297303577e-01  1.394703634e+00
 3.757338552e-01  4.311335970e-01  1.394475881e+00
 3.776908023e-01  4.325370825e-01  1.394214347e+00
 3.796477495e-01  4.339408482e-01  1.393919498e+00
 3.816046967e-01  4.353449275e-01  1.393591652e+00
 3.835616438e-01  4.367493536e-01  1.393231060e+00
 3.855185910e-01  4.381541597e-01  1.392837999e+00
 3.874755382e-01  4.395593786e-01  1.392412434e+00
 3.894324853e-01  4.409650433e-01  1.391954780e+00
 3.913894325e-01  4.423711863e-01  1.391465499e+00
 3.933463796e-01  4.437778397e-01  1.390944874e+00
 3.953033268e-01  4.451850355e-01  1.390393119e+00
 3.972602740e-01  4.465928055e-01  1.389810496e+00
 3.992172211e-01  4.480011813e-01  1.389196863e+00
 4.011741683e-01  4.494101950e-01  1.388552901e+00
 4.031311155e-01  4.508198774e-01  1.387878994e+00
 4.050880626e-01  4.522302597e-01  1.387175343e+00
 4.070450098e-01  4.536413726e-01  1.386442223e+00
 4.090019569e-01  4.550532468e-01  1.385679651e+00
 4.109589041e-01  4.564659131e-01  1.384887831e+00
 4.129158513e-01  4.578794021e-01  1.384067413e+00
 4.148727984e-01  4.592937436e-01  1.383218687e+00
 4.168297456e-01  4.607089677e-01  1.382341851e+00
 4.187866928e-01  4.621251040e-01  1.381437131e+00
 4.207436399e-01  4.635421824e-01  1.380504499e+00
 4.227005871e-01  4.649602326e-01  1.379544444e+00
 4.246575342e-01  4.663792839e-01  1.378557458e+00
 4.266144814e-01  4.677993653e-01  1.377543781e+00
 4.285714286e-01  4.692205058e-01  1.376503702e+00
 4.305283757e-01  4.706427340e-01  1.375437226e+00
 4.324853229e-01  4.720660790e-01  1.374344606e+00
 4.344422701e-01  4.734905694e-01  1.373226304e+00
 4.363992172e-01  4.749162335e-01  1.372082769e+00
 4.383561644e-01  4.763430993e-01  1.370914266e+00
 4.403131115e-01  4.777711947e-01  1.369720900e+00
 4.422700587e-01  4.792005479e-01  1.368502820e+00
 4.442270059e-01  4.806311866e-01  1.367260375e+00
 4.461839530e-01  4.820631385e-01  1.365994052e+00
 4.481409002e-01  4.834964308e-01  1.364704210e+00
 4.500978474e-01  4.849310908e-01  1.363391040e+00
 4.520547945e-01  4.863671455e-01  1.362054578e+00
 4.540117417e-01  4.878046220e-01  1.360695298e+00
 4.559686888e-01  4.892435472e-01  1.359313449e+00
 4.579256360e-01  4.906839478e-01  1.357909475e+00
 4.598825832e-01  4.921258500e-01  1.356483687e+00
 4.618395303e-01  4.935692800e-01  1.355036189e+00
 4.637964775e-01  4.950142643e-01  1.353567274e+00
 4.657534247e-01  4.964608289e-01  1.352077381e+00
 4.677103718e-01  4.979089995e-01  1.350566664e+00
 4.696673190e-01  4.993588019e-01  1.349035599e+00
 4.716242661e-01  5.008102614e-01  1.347484488e+00
 4.735812133e-01  5.022634035e-01  1.345913399e+00
 4.755381605e-01  5.037182534e-01  1.344322881e+00
 4.774951076e-01  5.051748361e-01  1.342713108e+00
 4.794520548e-01  5.066331764e-01  1.341084365e+00
 4.814090020e-01  5.080932991e-01  1.339437175e+00
 4.833659491e-01  5.095552286e-01  1.337771540e+00
 4.853228963e-01  5.110189893e-01  1.336087941e+00
 4.872798434e-01  5.124846053e-01  1.334386812e+00
 4.892367906e-01  5.139521005e-01  1.332668285e+00
 4.911937378e-01  5.154214987e-01  1.330932736e+00
 4.931506849e-01  5.168928236e-01  1.329180354e+00
 4.951076321e-01  5.183660988e-01  1.327411492e+00
 4.970645793e-01  5.198413474e-01  1.325626716e+00
 4.990215264e-01  5.213185923e-01  1.323826365e+00
 5.009784736e-01  5.227978562e-01  1.322010503e+00
 5.029354207e-01  5.242791620e-01  1.320179337e+00
 5.048923679e-01  5.257625323e-01  1.318333202e+00
 5.068493151e-01  5.272479895e-01  1.316472831e+00
 5.088062622e-01  5.287355552e-01  1.314598524e+00
 5.107632094e-01  5.302252511e-01  1.312710596e+00
 5.127201566e-01  5.317170987e-01  1.310808889e+00
 5.146771037e-01  5.332111201e-01  1.308893699e+00
 5.166340509e-01  5.347073364e-01  1.306965964e+00
 5.185909980e-01  5.362057682e-01  1.305026071e+00
 5.205479452e-01  5.377064359e-01  1.303074288e+00
 5.225048924e-01  5.392093599e-01  1.301110708e+00
 5.244618395e-01  5.407145605e-01  1.299135345e+00
 5.264187867e-01  5.422220580e-01  1.297149086e+00
 5.283757339e-01  5.437318717e-01  1.295152597e+00
 5.303326810e-01  5.452440204e-01  1.293146068e+00
 5.322896282e-01  5.467585230e-01  1.291129898e+00
 5.342465753e-01  5.482753980e-01  1.289104134e+00
 5.362035225e-01  5.497946641e-01  1.287069147e+00
 5.381604697e-01  5.513163392e-01  1.285025892e+00
 5.401174168e-01  5.528404405e-01  1.282974767e+00
 5.420743640e-01  5.543669849e-01  1.280916171e+00
 5.440313112e-01  5.558959889e-01  1.278850277e+00
 5.459882583e-01  5.574274690e-01  1.276777684e+00
 5.479452055e-01  5.589614411e-01  1.274698601e+00
 5.499021526e-01  5.604979208e-01  1.272613801e+00
 5.518590998e-01  5.620369227e-01  1.270523987e+00
 5.538160470e-01  5.635784610e-01  1.268429349e+00
 5.557729941e-01  5.651225498e-01  1.266330250e+00
 5.577299413e-01  5.666692027e-01  1.264227443e+00
 5.596868885e-01  5.682184324e-01  1.262121002e+00
 5.616438356e-01  5.697702517e-01  1.260011922e+00
 5.636007828e-01  5.713246721e-01  1.257900575e+00
 5.655577299e-01  5.728817050e-01  1.255787328e+00
 5.675146771e-01  5.744413610e-01  1.253673042e+00
 5.694716243e-01  5.760036500e-01  1.251558021e+00
 5.714285714e-01  5.775685817e-01  1.249442523e+00
 5.733855186e-01  5.791361653e-01  1.247327289e+00
 5.753424658e-01  5.807064089e-01  1.245212904e+00
 5.772994129e-01  5.822793202e-01  1.243100183e+00
 5.792563601e-01  5.838549056e-01  1.240989559e+00
 5.812133072e-01  5.854331715e-01  1.238881623e+00
 5.831702544e-01  5.870141233e-01  1.236776273e+00
 5.851272016e-01  5.885977665e-01  1.234674386e+00
 5.870841487e-01  5.901841052e-01  1.232577049e+00
 5.890410959e-01  5.917731424e-01  1.230484626e+00
 5.909980431e-01  5.933648805e-01  1.228397673e+00
 5.929549902e-01  5.949593215e-01  1.226316401e+00
 5.949119374e-01  5.965564670e-01  1.224240820e+00
 5.968688845e-01  5.981563185e-01  1.222172077e+00
 5.988258317e-01  5.997588754e-01  1.220110606e+00
 6.007827789e-01  6.013641374e-01  1.218056756e+00
 6.027397260e-01  6.029721032e-01  1.216010724e+00
 6.046966732e-01  6.045827715e-01  1.213972708e+00
 6.066536204e-01  6.061961406e-01  1.211943150e+00
 6.086105675e-01  6.078122078e-01  1.209922481e+00
 6.105675147e-01  6.094309701e-01  1.207911042e+00
 6.125244618e-01  6.110524239e-01  1.205908939e+00
 6.144814090e-01  6.126765656e-01  1.203916443e+00
 6.164383562e-01  6.143033907e-01  1.201933907e+00
 6.183953033e-01  6.159328947e-01  1.199961411e+00
 6.203522505e-01  6.175650725e-01  1.197999178e+00
 6.223091977e-01  6.191999187e-01  1.196047404e+00
 6.242661448e-01  6.208374277e-01  1.194106210e+00
 6.262230920e-01  6.224775935e-01  1.192175764e+00
 6.281800391e-01  6.241204099e-01  1.190256165e+00
 6.301369863e-01  6.257658704e-01  1.188347415e+00
 6.320939335e-01  6.274139684e-01  1.186449555e+00
 6.340508806e-01  6.290646972e-01  1.184562629e+00
 6.360078278e-01  6.307180500e-01  1.182686639e+00
 6.379647750e-01  6.323740198e-01  1.180821542e+00
 6.399217221e-01  6.340325996e-01  1.178967287e+00
 6.418786693e-01  6.356937824e-01  1.177123927e+00
 6.438356164e-01  6.373575610e-01  1.175291309e+00
 6.457925636e-01  6.390239285e-01  1.173469216e+00
 6.477495108e-01  6.406928780e-01  1.171657518e+00
 6.497064579e-01  6.423644027e-01  1.169856078e+00
 6.516634051e-01  6.440384961e-01  1.168064933e+00
 6.536203523e-01  6.457151513e-01  1.166283806e+00
 6.555772994e-01  6.473943619e-01  1.164512459e+00
 6.575342466e-01  6.490761219e-01  1.162750568e+00
 6.594911937e-01  6.507604254e-01  1.160997864e+00
 6.614481409e-01  6.524472669e-01  1.159254347e+00
 6.634050881e-01  6.541366408e-01  1.157519655e+00
 6.653620352e-01  6.558285422e-01  1.155793341e+00
 6.673189824e-01  6.575229665e-01  1.154075269e+00
 6.692759295e-01  6.592199092e-01  1.152365159e+00
 6.712328767e-01  6.609193665e-01  1.150662679e+00
 6.731898239e-01  6.626213347e-01  1.148967294e+00
 6.751467710e-01  6.643258110e-01  1.147278729e+00
 6.771037182e-01  6.660327930e-01  1.145596570e+00
 6.790606654e-01  6.677422787e-01  1.143920516e+00
 6.810176125e-01  6.694542665e-01  1.142250596e+00
 6.829745597e-01  6.711687548e-01  1.140585939e+00
 6.849315068e-01  6.728857436e-01  1.138925922e+00
 6.868884540e-01  6.746052335e-01  1.137270329e+00
 6.888454012e-01  6.763272251e-01  1.135618937e+00
 6.908023483e-01  6.780517198e-01  1.133971260e+00
 6.927592955e-01  6.797787195e-01  1.132326706e+00
 6.947162427e-01  6.815082272e-01  1.130684892e+00
 6.966731898e-01  6.832402463e-01  1.129045133e+00
 6.986301370e-01  6.849747813e-01  1.127407361e+00
 7.005870841e-01  6.867118366e-01  1.125771020e+00
 7.025440313e-01  6.884514180e-01  1.124135255e+00
 7.045009785e-01  6.901935326e-01  1.122499489e+00
 7.064579256e-01  6.919381878e-01  1.120863528e+00
 7.084148728e-01  6.936853915e-01  1.119227428e+00
 7.103718200e-01  6.954351519e-01  1.117590054e+00
 7.123287671e-01  6.971874792e-01  1.115950773e+00
 7.142857143e-01  6.989423843e-01  1.114309060e+00
 7.162426614e-01  7.006998791e-01  1.112664397e+00
 7.181996086e-01  7.024599762e-01  1.111016440e+00
 7.201565558e-01  7.042226888e-01  1.109364774e+00
 7.221135029e-01  7.059880312e-01  1.107708716e+00
 7.240704501e-01  7.077560188e-01  1.106047495e+00
 7.260273973e-01  7.095266682e-01  1.104380808e+00
 7.279843444e-01  7.112999966e-01  1.102708157e+00
 7.299412916e-01  7.130760223e-01  1.101028633e+00
 7.318982387e-01  7.148547652e-01  1.099341567e+00
 7.338551859e-01  7.166362463e-01  1.097646342e+00
 7.358121331e-01  7.184204876e-01  1.095943267e+00
 7.377690802e-01  7.202075105e-01  1.094231666e+00
 7.397260274e-01  7.219973385e-01  1.092510399e+00
 7.416829746e-01  7.237899971e-01  1.090778784e+00
 7.436399217e-01  7.255855127e-01  1.089036215e+00
 7.455968689e-01  7.273839129e-01  1.087282495e+00
 7.475538160e-01  7.291852256e-01  1.085517167e+00
 7.495107632e-01  7.309894802e-01  1.083739621e+00
 7.514677104e-01  7.327967070e-01  1.081949550e+00
 7.534246575e-01  7.346069373e-01  1.080146241e+00
 7.553816047e-01  7.364202037e-01  1.078329318e+00
 7.573385519e-01  7.382365398e-01  1.076498227e+00
 7.592954990e-01  7.400559804e-01  1.074652435e+00
 7.612524462e-01  7.418785614e-01  1.072791607e+00
 7.632093933e-01  7.437043196e-01  1.070915386e+00
 7.651663405e-01  7.455332927e-01  1.069023454e+00
 7.671232877e-01  7.473655193e-01  1.067115430e+00
 7.690802348e-01  7.492010391e-01  1.065190931e+00
 7.710371820e-01  7.510398927e-01  1.063249469e+00
 7.729941292e-01  7.528821222e-01  1.061290335e+00
 7.749510763e-01  7.547277715e-01  1.059312902e+00
 7.769080235e-01  7.565768856e-01  1.057316745e+00
 7.788649706e-01  7.584295108e-01  1.055301572e+00
 7.808219178e-01  7.602856947e-01  1.053266109e+00
 7.827788650e-01  7.621454880e-01  1.051208856e+00
 7.847358121e-01  7.640089439e-01  1.049129601e+00
 7.866927593e-01  7.658761148e-01  1.047030267e+00
 7.886497065e-01  7.677470484e-01  1.044914740e+00
 7.906066536e-01  7.696217861e-01  1.042786286e+00
 7.925636008e-01  7.715003651e-01  1.040645100e+00
 7.945205479e-01  7.733828227e-01  1.038493993e+00
 7.964774951e-01  7.752691875e-01  1.036341087e+00
 7.984344423e-01  7.771594745e-01  1.034186656e+00
 8.003913894e-01  7.790536982e-01  1.032041714e+00
 8.023483366e-01  7.809518475e-01  1.029914185e+00
 8.043052838e-01  7.828539009e-01  1.027807719e+00
 8.062622309e-01  7.847598242e-01  1.025742744e+00
 8.082191781e-01  7.866695391e-01  1.023732813e+00
 8.101761252e-01  7.885829535e-01  1.021780012e+00
 8.121330724e-01  7.904999741e-01  1.019883410e+00
 8.140900196e-01  7.924205051e-01  1.018047661e+00
 8.160469667e-01  7.943444305e-01  1.016295050e+00
 8.180039139e-01  7.962715884e-01  1.014639335e+00
 8.199608611e-01  7.982018074e-01  1.013070708e+00
 8.219178082e-01  8.001349447e-01  1.011575030e+00
 8.238747554e-01  8.020708770e-01  1.010146961e+00
 8.258317025e-01  8.040094844e-01  1.008787524e+00
 8.277886497e-01  8.059506479e-01  1.007482702e+00
 8.297455969e-01  8.078942780e-01  1.006229599e+00
 8.317025440e-01  8.098402790e-01  1.005035326e+00
 8.336594912e-01  8.117885539e-01  1.003875343e+00
 8.356164384e-01  8.137390743e-01  1.002716001e+00
 8.375733855e-01  8.156918705e-01  1.001522743e+00
 8.395303327e-01  8.176470136e-01  1.000324005e+00
 8.414872798e-01  8.196044907e-01  9.991411293e-01
 8.434442270e-01  8.215642826e-01  9.979540618e-01
 8.454011742e-01  8.235264205e-01  9.967525266e-01
 8.473581213e-01  8.254909386e-01  9.955359989e-01
 8.493150685e-01  8.274578673e-01  9.943140398e-01
 8.512720157e-01  8.294272141e-01  9.930940139e-01
 8.532289628e-01  8.313989777e-01  9.918777996e-01
 8.551859100e-01  8.333731544e-01  9.906682140e-01
 8.571428571e-01  8.353497330e-01  9.894674435e-01
 8.590998043e-01  8.373286933e-01  9.882891881e-01
 8.610567515e-01  8.393099824e-01  9.871470414e-01
 8.630136986e-01  8.412935312e-01  9.860351214e-01
 8.649706458e-01  8.432792896e-01  9.849496622e-01
 8.669275930e-01  8.452672023e-01  9.839052424e-01
 8.688845401e-01  8.472571829e-01  9.829052439e-01
 8.708414873e-01  8.492491571e-01  9.819281867e-01
 8.727984344e-01  8.512430937e-01  9.809708705e-01
 8.747553816e-01  8.532389430e-01  9.800546495e-01
 8.767123288e-01  8.552366110e-01  9.791857708e-01
 8.786692759e-01  8.572360082e-01  9.783590048e-01
 8.806262231e-01  8.592370580e-01  9.775678353e-01
 8.825831703e-01  8.612396957e-01  9.768081243e-01
 8.845401174e-01  8.632438653e-01  9.760731192e-01
 8.864970646e-01  8.652495284e-01  9.753513973e-01
 8.884540117e-01  8.672566717e-01  9.746326347e-01
 8.904109589e-01  8.692653012e-01  9.739057795e-01
 8.923679061e-01  8.712754441e-01  9.731693513e-01
 8.943248532e-01  8.732871357e-01  9.724010230e-01
 8.962818004e-01  8.753004744e-01  9.715708302e-01
 8.982387476e-01  8.773156126e-01  9.706620894e-01
 9.001956947e-01  8.793327252e-01  9.696693699e-01
 9.021526419e-01  8.813519944e-01  9.685908547e-01
 9.041095890e-01  8.833736113e-01  9.674141045e-01
 9.060665362e-01  8.853977971e-01  9.661353069e-01
 9.080234834e-01  8.874247775e-01  9.647472354e-01
 9.099804305e-01  8.894548039e-01  9.632340576e-01
 9.119373777e-01  8.914881639e-01  9.615844407e-01
 9.138943249e-01  8.935251645e-01  9.597926679e-01
 9.158512720e-01  8.955661240e-01  9.578560299e-01
 9.178082192e-01  8.976113638e-01  9.557842078e-01
 9.197651663e-01  8.996611888e-01  9.535727739e-01
 9.217221135e-01  9.017159291e-01  9.512125881e-01
 9.236790607e-01  9.037759262e-01  9.487208354e-01
 9.256360078e-01  9.058414856e-01  9.460935980e-01
 9.275929550e-01  9.079129505e-01  9.433125827e-01
 9.295499022e-01  9.099906996e-01  9.403810799e-01
 9.315068493e-01  9.120750926e-01  9.373174097e-01
 9.334637965e-01  9.141664707e-01  9.340995879e-01
 9.354207436e-01  9.162652518e-01  9.307070418e-01
 9.373776908e-01  9.183718657e-01  9.271856608e-01
 9.393346380e-01  9.204866282e-01  9.235555342e-01
 9.412915851e-01  9.226098859e-01  9.197598069e-01
 9.432485323e-01  9.247421442e-01  9.157612592e-01
 9.452054795e-01  9.268839296e-01  9.116017854e-01
 9.471624266e-01  9.290356068e-01  9.074341951e-01
 9.491193738e-01  9.311972883e-01  9.031134131e-01
 9.510763209e-01  9.333696321e-01  8.985371273e-01
 9.530332681e-01  9.355533923e-01  8.933499883e-01
 9.549902153e-01  9.377493445e-01  8.884047170e-01
 9.569471624e-01  9.399530903e-01  8.903013134e-01
 9.589041096e-01  9.421471003e-01  8.936302502e-01
 9.608610568e-01  9.443361201e-01  8.937839915e-01
 9.628180039e-01  9.465299072e-01  8.895251859e-01
 9.647749511e-01  9.487400803e-01  8.804477572e-01
 9.667318982e-01  9.509791586e-01  8.672009916e-01
 9.686888454e-01  9.532597412e-01  8.474465630e-01
 9.706457926e-01  9.556031651e-01  8.210801414e-01
 9.726027397e-01  9.580283764e-01  7.927823232e-01
 9.745596869e-01  9.605412401e-01  7.650123700e-01
 9.765166341e-01  9.631449976e-01  7.385589547e-01
 9.784735812e-01  9.658404795e-01  7.139481910e-01
 9.804305284e-01  9.686263177e-01  6.915057155e-01
 9.823874755e-01  9.714991572e-01  6.714119152e-01
 9.843444227e-01  9.744538662e-01  6.537471958e-01
 9.863013699e-01  9.774837459e-01  6.385270498e-01
 9.882583170e-01  9.805807368e-01  6.257281605e-01
 9.902152642e-01  9.837356237e-01  6.153072475e-01
 9.921722114e-01  9.869382359e-01  6.072143469e-01
 9.941291585e-01  9.901776447e-01  6.014019702e-01
 9.960861057e-01  9.934423554e-01  5.978312932e-01
 9.980430528e-01  9.967204961e-01  5.968445875e-01
 1.000000000e+00  1.000000000e+00  5.965963984e-01
4  4.474255269e-01  7.089393175e-01  1.015989211e+00  7.581178292e-01  9.533413438e-01  4.525897123e+01  4.247570017e-01  9.958069732e-01  3.984174502e-01  2.771123545e+00
5  5.793433296e-01  1.025738735e+00  1.009227778e+00  6.238540534e-01  9.267207284e-01  2.809674063e+01  3.745421822e-01  1.064769326e+00  5.736438914e-01  2.851420236e+00
6  6.802276304e-01  1.244025803e+00  1.005684371e+00  5.333005018e-01  9.063066213e-01  2.135435821e+01  3.481440587e-01  1.159576568e+00  6.932675135e-01  2.780166109e+00
7  7.651968311e-01  1.377108393e+00  1.003096392e+00  4.679311370e-01  8.992458732e-01  1.788906052e+01  3.309521011e-01  1.265391050e+00  7.859812683e-01  2.673768586e+00
8  8.370627306e-01  1.673194233e+00  1.001126913e+00  4.182924553e-01  9.158007832e-01  1.643628603e+01  3.197885873e-01  1.397777826e+00  8.588369351e-01  2.554248699e+00
9  8.890373600e-01  2.351732673e+00  1.000067230e+00  3.786970212e-01  9.757986980e-01  1.714526820e+01  3.144548323e-01  1.598394448e+00  9.095782674e-01  2.408866456e+00
10  9.276495404e-01  2.371869811e+00  9.996337501e-01  3.464693985e-01  1.096242154e+00  2.021019640e+01  3.130911059e-01  1.902354962e+00  9.459028383e-01  2.261157790e+00
11  9.618415643e-01  2.584630841e+00  9.996444497e-01  3.204134722e-01  1.307319896e+00  2.682689761e+01  3.153516869e-01  2.426403869e+00  9.755455945e-01  2.131387624e+00
12  9.841585047e-01  6.285695679e+00  9.999261626e-01  2.974162876e-01  1.537721028e+00  3.523503171e+01  3.195036573e-01  3.363605548e+00  9.904752086e-01  1.999667374e+00
13  9.930084401e-01  1.326661585e+01  1.000006448e+00  2.767556425e-01  1.761550362e+00  4.390148554e+01  3.238270264e-01  5.791959706e+00  9.958266279e-01  1.862594915e+00
0 0 -1.227518316e-01  1.988590386e-18
0 1  1.349632460e-02 -6.330066384e-03
0 2 -1.487969712e-02  7.919391540e-03
0 3  2.598654797e-03 -8.946000995e-03
0 4  1.943312676e-03  6.784560771e-03
0 5 -6.287343227e-03 -5.026737526e-04
0 6  4.889035770e-04 -4.911880073e-03
0 7  3.804672150e-03 -1.506066520e-03
0 8  3.041171276e-03  2.060355791e-03
0 9  1.698708125e-03  2.947392714e-03
1 0 -1.099480507e-01 -5.156799946e-02
1 1 -9.448523002e-02 -2.386838350e-17
1 2  8.521810468e-03 -9.152920946e-03
1 3 -1.240978701e-02  1.101343449e-02
1 4 -3.954955065e-03 -9.857255745e-03
1 5  6.264228739e-03  2.085354446e-03
1 6 -3.068373432e-03  6.092024810e-03
1 7 -6.067931766e-03  8.695583408e-04
1 8 -3.993908052e-03 -3.461231064e-03
1 9 -1.984690009e-03 -4.242321333e-03
2 0  1.212177198e-01  6.451546538e-02
2 1 -9.019198521e-02 -9.687144694e-02
2 2 -7.519802826e-02 -6.973705313e-17
2 3  3.296420568e-03 -1.107534037e-02
2 4 -6.659799991e-03  1.133154399e-02
2 5 -1.021023089e-02 -5.158261666e-03
2 6  2.725953026e-03 -5.767631380e-03
2 7  4.775281539e-03  9.595750383e-04
2 8  1.481646193e-03  4.773776194e-03
2 9 -6.909251647e-04  4.888260854e-03
3 0 -2.116998796e-02 -7.287875774e-02
3 1  1.313410255e-01  1.165624986e-01
3 2 -4.383652928e-02 -1.472823241e-01
3 3 -6.171814345e-02 -3.498977244e-18
3 4 -1.406366980e-03 -1.253024753e-02
3 5 -7.932598180e-04  8.793171180e-03
3 6 -1.093695519e-02  2.904642088e-03
3 7 -7.561508082e-03 -4.251607924e-03
3 8 -1.613699124e-03 -5.879228908e-03
3 9  8.373843468e-04 -4.768605964e-03
4 0 -1.583123161e-02  5.527054614e-02
4 1  4.185791858e-02 -1.043258903e-01
4 2  8.856349222e-02  1.506893765e-01
4 3  2.278692945e-02 -2.030237273e-01
4 4 -5.171840059e-02 -9.760897736e-17
4 5 -6.492786477e-03 -1.350472630e-02
4 6  2.833316429e-03  2.576058293e-03
4 7 -2.814399160e-03  6.911430033e-03
4 8 -7.449618667e-03  4.250683312e-03
4 9 -7.965709138e-03  1.749793586e-03
5 0  5.121995450e-02 -4.095040752e-03
5 1 -6.629849701e-02  2.207069238e-02
5 2  1.357779071e-01 -6.859570371e-02
5 3  1.285294362e-02  1.424730345e-01
5 4  1.255411305e-01 -2.611203391e-01
5 5 -4.326938070e-02 -6.296482204e-17
5 6 -1.107704614e-02 -1.234439323e-02
5 7  3.984962359e-04 -5.913047894e-03
5 8  2.047769324e-03  1.027685869e-03
5 9  8.144893361e-04  3.234243679e-03
6 0 -3.982861769e-03 -4.001471921e-02
6 1  3.247463578e-02  6.447594834e-02
6 2 -3.625032582e-02 -7.669923685e-02
6 3  1.772081041e-01  4.706301787e-02
6 4 -5.478352765e-02  4.980931862e-02
6 5  2.560019572e-01 -2.852916550e-01
6 6 -3.607823659e-02  1.062646174e-16
6 7 -1.423718835e-02 -7.959078929e-03
6 8 -4.860953392e-03 -8.106549923e-03
6 9 -1.593331118e-03 -6.230547314e-03
7 0 -3.099482998e-02 -1.226919795e-02
7 1  6.422095564e-02  9.203113975e-03
7 2 -6.350274934e-02  1.276064094e-02
7 3  1.225167780e-01 -6.888748894e-02
7 4  5.441775321e-02  1.336358038e-01
7 5 -9.209658872e-03 -1.366566333e-01
7 6  3.946198512e-01 -2.206060961e-01
7 7 -3.022180238e-02 -1.361270470e-17
7 8 -1.411992620e-02 -6.088557238e-03
7 9 -9.628592315e-03 -7.084198509e-03
8 0 -2.477495641e-02  1.678472544e-02
8 1  4.227018394e-02 -3.663250926e-02
8 2 -1.970325855e-02  6.348273092e-02
8 3  2.614626808e-02 -9.525932860e-02
8 4  1.440419383e-01  8.218899393e-02
8 5 -4.732606039e-02  2.375088000e-02
8 6  1.347336747e-01 -2.246936294e-01
8 7  4.672099309e-01 -2.014624131e-01
8 8 -2.478842227e-02  2.780023968e-17
8 9 -1.419877818e-02 -2.410263334e-03
9 0 -1.383855624e-02  2.401098767e-02
9 1  2.100529373e-02 -4.489930683e-02
9 2  9.188075548e-03  6.500517324e-02
9 3 -1.356787972e-02 -7.726424835e-02
9 4  1.540207943e-01  3.383309550e-02
9 5 -1.882368832e-02  7.474670602e-02
9 6  4.416322051e-02 -1.726954503e-01
9 7  3.185975539e-01 -2.344068834e-01
9 8  5.727987858e-01 -9.723343049e-02
9 9 -1.820708333e-02  8.107716144e-17
0 0 -8.554788175e+00  9.108587814e-16
0 1 -8.304030193e-01  5.802072046e-01
0 2  1.361161216e+00 -5.943710134e-01
0 3 -1.376511146e-01  4.635766802e-01
0 4 -4.877962501e-02 -3.060046818e-01
0 5  2.455668185e-01  3.443372826e-02
0 6 -2.084636670e-02  1.618865170e-01
0 7 -1.069103332e-01  6.718046469e-02
0 8 -7.056765665e-02 -7.194054489e-02
0 9  1.133464868e-02 -1.293153998e-01
1 0 -8.304030193e-01 -5.802072046e-01
1 1 -1.140489747e+01  3.414481707e-15
1 2 -6.506261958e-01  1.382638031e+00
1 3  1.965383984e+00 -1.407991676e+00
1 4  3.184149855e-01  8.513552235e-01
1 5 -4.213421555e-01 -2.073655430e-01
1 6  2.057866980e-01 -3.471167681e-01
1 7  2.916425639e-01 -7.685840336e-02
1 8  1.323279301e-01  1.864558899e-01
1 9 -5.166439580e-02  2.641910911e-01
2 0  1.361161216e+00  5.943710134e-01
2 1 -6.506261958e-01 -1.382638031e+00
2 2 -1.455958182e+01  3.475725790e-14
2 3  2.577953983e-02  2.548162638e+00
2 4  1.868869667e+00 -2.334801410e+00
2 5  1.354440093e+00  7.594793984e-01
2 6 -3.461014439e-01  5.114678382e-01
2 7 -4.146107025e-01 -4.957501292e-02
2 8 -2.345570776e-02 -3.904408558e-01
2 9  3.408817835e-01 -4.112079703e-01
3 0 -1.376511146e-01 -4.635766802e-01
3 1  1.965383984e+00  1.407991676e+00
3 2  2.577953983e-02 -2.548162638e+00
3 3 -1.817838289e+01  3.608922778e-14
3 4  1.391133280e+00  4.174729707e+00
3 5  9.667409813e-01 -3.066278706e+00
3 6  2.197678295e+00 -4.275045892e-01
3 7  9.958946751e-01  5.458289918e-01
3 8 -8.232897607e-02  5.690836517e-01
3 9 -5.632988651e-01  2.362581892e-01
4 0 -4.877962501e-02  3.060046818e-01
4 1  3.184149855e-01 -8.513552235e-01
4 2  1.868869667e+00  2.334801410e+00
4 3  1.391133280e+00 -4.174729707e+00
4 4 -2.253422039e+01  6.693829349e-14
4 5  4.126795080e+00  6.463950134e+00
4 6 -4.515726889e-01 -2.565308715e+00
4 7  8.341195796e-01 -1.884885972e+00
4 8  1.565406873e+00 -6.330172785e-01
4 9  1.782694250e+00  2.685687026e-01
5 0  2.455668185e-01 -3.443372826e-02
5 1 -4.213421555e-01  2.073655430e-01
5 2  1.354440093e+00 -7.594793984e-01
5 3  9.667409813e-01  3.066278706e+00
5 4  4.126795080e+00 -6.463950134e+00
5 5 -2.784504890e+01 -6.716188279e-14
5 6  8.092353015e+00  7.878412384e+00
5 7 -5.998820804e-01  9.921360023e-01
5 8 -3.753180118e-01 -1.988972759e+00
5 9  1.021565348e+00 -3.048095880e+00
6 0 -2.084636670e-02 -1.618865170e-01
6 1  2.057866980e-01  3.471167681e-01
6 2 -3.461014439e-01 -5.114678382e-01
6 3  2.197678295e+00  4.275045892e-01
6 4 -4.515726889e-01  2.565308715e+00
6 5  8.092353015e+00 -7.878412384e+00
6 6 -3.459210037e+01 -5.157805250e-14
6 7  1.295669800e+01  6.424522884e+00
6 8  5.804136114e-01  2.009098523e+00
6 9 -1.251155750e+00 -7.532193424e-01
7 0 -1.069103332e-01 -6.718046469e-02
7 1  2.916425639e-01  7.685840336e-02
7 2 -4.146107025e-01  4.957501292e-02
7 3  9.958946751e-01 -5.458289918e-01
7 4  8.341195796e-01  1.884885972e+00
7 5 -5.998820804e-01 -9.921360023e-01
7 6  1.295669800e+01 -6.424522884e+00
7 7 -4.410285271e+01 -3.000449188e-14
7 8  1.623483481e+01  6.189272081e+00
7 9  3.875917581e+00  4.041341062e+00
8 0 -7.056765665e-02  7.194054489e-02
8 1  1.323279301e-01 -1.864558899e-01
8 2 -2.345570776e-02  3.904408558e-01
8 3 -8.232897607e-02 -5.690836517e-01
8 4  1.565406873e+00  6.330172785e-01
8 5 -3.753180118e-01  1.988972759e+00
8 6  5.804136114e-01 -2.009098523e+00
8 7  1.623483481e+01 -6.189272081e+00
8 8 -5.888105481e+01 -6.478286002e-14
8 9  3.146021663e+01  5.340417723e+00
9 0  1.133464868e-02  1.293153998e-01
9 1 -5.166439580e-02 -2.641910911e-01
9 2  3.408817835e-01  4.112079703e-01
9 3 -5.632988651e-01 -2.362581892e-01
9 4  1.782694250e+00 -2.685687026e-01
9 5  1.021565348e+00  3.048095880e+00
9 6 -1.251155750e+00  7.532193424e-01
9 7  3.875917581e+00 -4.041341062e+00
9 8  3.146021663e+01 -5.340417723e+00
9 9 -5.492367898e+01 -2.445782176e-13
0  5.998826124e-02 -1.899693876e-03 -1.495467056e-01 -2.491325952e-02
1  1.011667467e-01 -2.488330128e-03  1.718168327e-01  6.959477878e-02
2  1.383875704e-01 -5.345650689e-03 -1.466398192e-01 -1.334115122e-01
3  1.834051312e-01 -6.609102035e-03  5.841954488e-02  1.954704431e-01
4  2.318701347e-01 -1.119289359e-02  9.888571180e-02 -1.797522997e-01
5  2.685512400e-01 -1.378495781e-02 -2.004701187e-01 -1.006593352e-02
6  2.966224659e-01 -1.576753580e-02  4.676328794e-03  1.930657962e-01
7  3.211292705e-01 -1.848630010e-02  1.620611435e-01  8.565184975e-02
8  3.216554440e-01 -2.044024422e-02  1.548260682e-01 -7.424939125e-02
9  3.053876426e-01 -2.201558798e-02  1.010257898e-01 -1.241493275e-01
