 1.695500020e+00 -1.795865760e+00  8.668052220e-01  3.315804847e+00  9.324750049e-01  4.359377003e+00  9.951657149e-01  9.296664250e-01  6.435044230e+00 512 3 10
 0.000000000e+00  0.000000000e+00  3.386557732e-06
 1.956947162e-03  2.962085100e-02  1.321326426e-01
 3.913894325e-03  4.189052368e-02  1.868568026e-01
 5.870841487e-03  5.130574587e-02  2.288409280e-01
 7.827788650e-03  5.924357814e-02  2.642262178e-01
 9.784735812e-03  6.623743531e-02  2.953910442e-01
 1.174168297e-02  7.256090001e-02  3.235548558e-01
 1.369863014e-02  7.837650394e-02  3.494418218e-01
 1.565557730e-02  8.379015408e-02  3.735235960e-01
 1.761252446e-02  8.887542053e-02  3.961276456e-01
 1.956947162e-02  9.368587484e-02  4.174922620e-01
 2.152641879e-02  9.826196393e-02  4.377972894e-01
 2.348336595e-02  1.026351140e-01  4.571827598e-01
 2.544031311e-02  1.068303172e-01  4.757592416e-01
 2.739726027e-02  1.108678454e-01  4.936163280e-01
 2.935420744e-02  1.147644090e-01  5.108279509e-01
 3.131115460e-02  1.185339768e-01  5.274557984e-01
 3.326810176e-02  1.221883674e-01  5.435519285e-01
 3.522504892e-02  1.257376871e-01  5.591610288e-01
 3.718199609e-02  1.291906565e-01  5.743215806e-01
 3.913894325e-02  1.325548639e-01  5.890671388e-01
 4.109589041e-02  1.358369606e-01  6.034269712e-01
 4.305283757e-02  1.390428165e-01  6.174266624e-01
 4.500978474e-02  1.421776440e-01  6.310887788e-01
 4.696673190e-02  1.452460973e-01  6.444334613e-01
 4.892367906e-02  1.482523516e-01  6.574791655e-01
 5.088062622e-02  1.512001684e-01  6.702427458e-01
 5.283757339e-02  1.540929500e-01  6.827391345e-01
 5.479452055e-02  1.569337879e-01  6.949814446e-01
 5.675146771e-02  1.597255026e-01  7.069813812e-01
 5.870841487e-02  1.624706758e-01  7.187502925e-01
 6.066536204e-02  1.651716749e-01  7.302991592e-01
 6.262230920e-02  1.678306761e-01  7.416374618e-01
 6.457925636e-02  1.704496893e-01  7.527729532e-01
 6.653620352e-02  1.730305768e-01  7.637131203e-01
 6.849315068e-02  1.755750659e-01  7.744663639e-01
 7.045009785e-02  1.780847579e-01  7.850403603e-01
 7.240704501e-02  1.805611439e-01  7.954406079e-01
 7.436399217e-02  1.830056188e-01  8.056723048e-01
 7.632093933e-02  1.854194882e-01  8.157413287e-01
 7.827788650e-02  1.878039734e-01  8.256531619e-01
 8.023483366e-02  1.901602199e-01  8.354128820e-01
 8.219178082e-02  1.924893041e-01  8.450249392e-01
 8.414872798e-02  1.947922396e-01  8.544931716e-01
 8.610567515e-02  1.970699835e-01  8.638215498e-01
 8.806262231e-02  1.993234385e-01  8.730139790e-01
 9.001956947e-02  2.015534578e-01  8.820745453e-01
 9.197651663e-02  2.037608478e-01  8.910065196e-01
 9.393346380e-02  2.059463735e-01  8.998122739e-01
 9.589041096e-02  2.081107629e-01  9.084948889e-01
 9.784735812e-02  2.102547062e-01  9.170576244e-01
 9.980430528e-02  2.123788588e-01  9.255036188e-01
 1.017612524e-01  2.144838444e-01  9.338351149e-01
 1.037181996e-01  2.165702580e-01  9.420541303e-01
 1.056751468e-01  2.186386682e-01  9.501628141e-01
 1.076320939e-01  2.206896175e-01  9.581638119e-01
 1.095890411e-01  2.227236233e-01  9.660594790e-01
 1.115459883e-01  2.247411803e-01  9.738517077e-01
 1.135029354e-01  2.267427623e-01  9.815420579e-01
 1.154598826e-01  2.287288243e-01  9.891320436e-01
 1.174168297e-01  2.306998024e-01  9.966236843e-01
 1.193737769e-01  2.326561143e-01  1.004019150e+00
 1.213307241e-01  2.345981603e-01  1.011320151e+00
 1.232876712e-01  2.365263252e-01  1.018527564e+00
 1.252446184e-01  2.384409805e-01  1.025642459e+00
 1.272015656e-01  2.403424836e-01  1.032666637e+00
 1.291585127e-01  2.422311777e-01  1.039602027e+00
 1.311154599e-01  2.441073925e-01  1.046449903e+00
 1.330724070e-01  2.459714466e-01  1.053210902e+00
 1.350293542e-01  2.478236481e-01  1.059885904e+00
 1.369863014e-01  2.496642946e-01  1.066476364e+00
 1.389432485e-01  2.514936726e-01  1.072983919e+00
 1.409001957e-01  2.533120582e-01  1.079409752e+00
 1.428571429e-01  2.551197186e-01  1.085754335e+00
 1.448140900e-01  2.569169131e-01  1.092018385e+00
 1.467710372e-01  2.587038929e-01  1.098203145e+00
 1.487279843e-01  2.604809003e-01  1.104309500e+00
 1.506849315e-01  2.622481705e-01  1.110338694e+00
 1.526418787e-01  2.640059304e-01  1.116291851e+00
 1.545988258e-01  2.657544002e-01  1.122169028e+00
 1.565557730e-01  2.674937950e-01  1.127970764e+00
 1.585127202e-01  2.692243230e-01  1.133698060e+00
 1.604696673e-01  2.709461861e-01  1.139352590e+00
 1.624266145e-01  2.726595789e-01  1.144935050e+00
 1.643835616e-01  2.743646913e-01  1.150445179e+00
 1.663405088e-01  2.760617094e-01  1.155883545e+00
 1.682974560e-01  2.777508134e-01  1.161251077e+00
 1.702544031e-01  2.794321785e-01  1.166549268e+00
 1.722113503e-01  2.811059737e-01  1.171778480e+00
 1.741682975e-01  2.827723649e-01  1.176938745e+00
 1.761252446e-01  2.844315139e-01  1.182030554e+00
 1.780821918e-01  2.860835785e-01  1.187054672e+00
 1.800391389e-01  2.877287119e-01  1.192011864e+00
 1.819960861e-01  2.893670632e-01  1.196903187e+00
 1.839530333e-01  2.909987775e-01  1.201728635e+00
 1.859099804e-01  2.926239972e-01  1.206488433e+00
 1.878669276e-01  2.942428613e-01  1.211183171e+00
 1.898238748e-01  2.958555055e-01  1.215813383e+00
 1.917808219e-01  2.974620619e-01  1.220379968e+00
 1.937377691e-01  2.990626592e-01  1.224883581e+00
 1.956947162e-01  3.006574232e-01  1.229324189e+00
 1.976516634e-01  3.022464773e-01  1.233701912e+00
 1.996086106e-01  3.038299428e-01  1.238017227e+00
 2.015655577e-01  3.054079376e-01  1.242271066e+00
 2.035225049e-01  3.069805766e-01  1.246464490e+00
 2.054794521e-01  3.085479717e-01  1.250597026e+00
 2.074363992e-01  3.101102340e-01  1.254668718e+00
 2.093933464e-01  3.116674719e-01  1.258680104e+00
 2.113502935e-01  3.132197915e-01  1.262632072e+00
 2.133072407e-01  3.147672960e-01  1.266525376e+00
 2.152641879e-01  3.163100864e-01  1.270359848e+00
 2.172211350e-01  3.178482626e-01  1.274135490e+00
 2.191780822e-01  3.193819226e-01  1.277852846e+00
 2.211350294e-01  3.209111620e-01  1.281512368e+00
 2.230919765e-01  3.224360748e-01  1.285114741e+00
 2.250489237e-01  3.239567526e-01  1.288660514e+00
 2.270058708e-01  3.254732852e-01  1.292149348e+00
 2.289628180e-01  3.269857618e-01  1.295581597e+00
 2.309197652e-01  3.284942695e-01  1.298957664e+00
 2.328767123e-01  3.299988939e-01  1.302277878e+00
 2.348336595e-01  3.314997188e-01  1.305543150e+00
 2.367906067e-01  3.329968262e-01  1.308753475e+00
 2.387475538e-01  3.344902970e-01  1.311908807e+00
 2.407045010e-01  3.359802111e-01  1.315009480e+00
 2.426614481e-01  3.374666469e-01  1.318055749e+00
 2.446183953e-01  3.389496816e-01  1.321048327e+00
 2.465753425e-01  3.404293903e-01  1.323987820e+00
 2.485322896e-01  3.419058471e-01  1.326873919e+00
 2.504892368e-01  3.433791255e-01  1.329706729e+00
 2.524461840e-01  3.448492977e-01  1.332486604e+00
 2.544031311e-01  3.463164349e-01  1.335214036e+00
 2.563600783e-01  3.477806067e-01  1.337889864e+00
 2.583170254e-01  3.492418812e-01  1.340513866e+00
 2.602739726e-01  3.507003263e-01  1.343085948e+00
 2.622309198e-01  3.521560089e-01  1.345606490e+00
 2.641878669e-01  3.536089950e-01  1.348075865e+00
 2.661448141e-01  3.550593493e-01  1.350494686e+00
 2.681017613e-01  3.565071351e-01  1.352863279e+00
 2.700587084e-01  3.579524152e-01  1.355181411e+00
 2.720156556e-01  3.593952519e-01  1.357449333e+00
 2.739726027e-01  3.608357065e-01  1.359667444e+00
 2.759295499e-01  3.622738393e-01  1.361835951e+00
 2.778864971e-01  3.637097098e-01  1.363955500e+00
 2.798434442e-01  3.651433763e-01  1.366026137e+00
 2.818003914e-01  3.665748970e-01  1.368047791e+00
 2.837573386e-01  3.680043292e-01  1.370020818e+00
 2.857142857e-01  3.694317295e-01  1.371945459e+00
 2.876712329e-01  3.708571537e-01  1.373822171e+00
 2.896281800e-01  3.722806567e-01  1.375651293e+00
 2.915851272e-01  3.737022927e-01  1.377432784e+00
 2.935420744e-01  3.751221158e-01  1.379166868e+00
 2.954990215e-01  3.765401790e-01  1.380853782e+00
 2.974559687e-01  3.779565349e-01  1.382493687e+00
 2.994129159e-01  3.793712356e-01  1.384087134e+00
 3.013698630e-01  3.807843322e-01  1.385634329e+00
 3.033268102e-01  3.821958753e-01  1.387135312e+00
 3.052837573e-01  3.836059152e-01  1.388590212e+00
 3.072407045e-01  3.850145018e-01  1.389999285e+00
 3.091976517e-01  3.864216843e-01  1.391362860e+00
 3.111545988e-01  3.878275111e-01  1.392681455e+00
 3.131115460e-01  3.892320302e-01  1.393955023e+00
 3.150684932e-01  3.906352892e-01  1.395183651e+00
 3.170254403e-01  3.920373355e-01  1.396367649e+00
 3.189823875e-01  3.934382157e-01  1.397507282e+00
 3.209393346e-01  3.948379761e-01  1.398602892e+00
 3.228962818e-01  3.962366623e-01  1.399654740e+00
 3.248532290e-01  3.976343196e-01  1.400662888e+00
 3.268101761e-01  3.990309929e-01  1.401627573e+00
 3.287671233e-01  4.004267268e-01  1.402549017e+00
 3.307240705e-01  4.018215655e-01  1.403427501e+00
 3.326810176e-01  4.032155525e-01  1.404263351e+00
 3.346379648e-01  4.046087311e-01  1.405056751e+00
 3.365949119e-01  4.060011441e-01  1.405807822e+00
 3.385518591e-01  4.073928343e-01  1.406516820e+00
 3.405088063e-01  4.087838438e-01  1.407184041e+00
 3.424657534e-01  4.101742145e-01  1.407809757e+00
 3.444227006e-01  4.115639877e-01  1.408394204e+00
 3.463796477e-01  4.129532046e-01  1.408937531e+00
 3.483365949e-01  4.143419060e-01  1.409439978e+00
 3.502935421e-01  4.157301325e-01  1.409901857e+00
 3.522504892e-01  4.171179241e-01  1.410323375e+00
 3.542074364e-01  4.185053208e-01  1.410704763e+00
 3.561643836e-01  4.198923621e-01  1.411046249e+00
 3.581213307e-01  4.212790872e-01  1.411348116e+00
 3.600782779e-01  4.226655351e-01  1.411610610e+00
 3.620352250e-01  4.240517445e-01  1.411833959e+00
 3.639921722e-01  4.254377536e-01  1.412018398e+00
 3.659491194e-01  4.268236008e-01  1.412164178e+00
 3.679060665e-01  4.282093238e-01  1.412271543e+00
 3.698630137e-01  4.295949601e-01  1.412340779e+00
 3.718199609e-01  4.309805471e-01  1.412372129e+00
 3.737769080e-01  4.323661219e-01  1.412365876e+00
 3.757338552e-01  4.337517211e-01  1.412322194e+00
 3.776908023e-01  4.351373815e-01  1.412241331e+00
 3.796477495e-01  4.365231393e-01  1.412123568e+00
 3.816046967e-01  4.379090307e-01  1.411969230e+00
 3.835616438e-01  4.392950914e-01  1.411778585e+00
 3.855185910e-01  4.406813570e-01  1.411551843e+00
 3.874755382e-01  4.420678630e-01  1.411289225e+00
 3.894324853e-01  4.434546445e-01  1.410990989e+00
 3.913894325e-01  4.448417366e-01  1.410657443e+00
 3.933463796e-01  4.462291739e-01  1.410288925e+00
 3.953033268e-01  4.476169909e-01  1.409885713e+00
 3.972602740e-01  4.490052219e-01  1.409447933e+00
 3.992172211e-01  4.503939010e-01  1.408975926e+00
 4.011741683e-01  4.517830622e-01  1.408469901e+00
 4.031311155e-01  4.531727392e-01  1.407930222e+00
 4.050880626e-01  4.545629655e-01  1.407357240e+00
 4.070450098e-01  4.559537743e-01  1.406751162e+00
 4.090019569e-01  4.573451987e-01  1.406112163e+00
 4.109589041e-01  4.587372717e-01  1.405440659e+00
 4.129158513e-01  4.601300260e-01  1.404736787e+00
 4.148727984e-01  4.615234943e-01  1.404000951e+00
 4.168297456e-01  4.629177088e-01  1.403233564e+00
 4.187866928e-01  4.643127016e-01  1.402434697e+00
 4.207436399e-01  4.657085048e-01  1.401604670e+00
 4.227005871e-01  4.671051503e-01  1.400743899e+00
 4.246575342e-01  4.685026695e-01  1.399852446e+00
 4.266144814e-01  4.699010941e-01  1.398930843e+00
 4.285714286e-01  4.713004552e-01  1.397979398e+00
 4.305283757e-01  4.727007839e-01  1.396998211e+00
 4.324853229e-01  4.741021113e-01  1.395987705e+00
 4.344422701e-01  4.755044680e-01  1.394948219e+00
 4.363992172e-01  4.769078846e-01  1.393879876e+00
 4.383561644e-01  4.783123916e-01  1.392783247e+00
 4.403131115e-01  4.797180191e-01  1.391658468e+00
 4.422700587e-01  4.811247973e-01  1.390505785e+00
 4.442270059e-01  4.825327561e-01  1.389325717e+00
 4.461839530e-01  4.839419250e-01  1.388118509e+00
 4.481409002e-01  4.853523337e-01  1.386884326e+00
 4.500978474e-01  4.867640116e-01  1.385623633e+00
 4.520547945e-01  4.881769880e-01  1.384336615e+00
 4.540117417e-01  4.895912919e-01  1.383023738e+00
 4.559686888e-01  4.910069520e-01  1.381685436e+00
 4.579256360e-01  4.924239970e-01  1.380321797e+00
 4.598825832e-01  4.938424556e-01  1.378933111e+00
 4.618395303e-01  4.952623560e-01  1.377519790e+00
 4.637964775e-01  4.966837266e-01  1.376082136e+00
 4.657534247e-01  4.981065954e-01  1.374620655e+00
 4.677103718e-01  4.995309899e-01  1.373135650e+00
 4.696673190e-01  5.009569379e-01  1.371627238e+00
 4.716242661e-01  5.023844669e-01  1.370095804e+00
 4.735812133e-01  5.038136043e-01  1.368541640e+00
 4.755381605e-01  5.052443773e-01  1.366965291e+00
 4.774951076e-01  5.066768127e-01  1.365367081e+00
 4.794520548e-01  5.081109370e-01  1.363747393e+00
 4.814090020e-01  5.095467770e-01  1.362106328e+00
 4.833659491e-01  5.109843590e-01  1.360444143e+00
 4.853228963e-01  5.124237095e-01  1.358761349e+00
 4.872798434e-01  5.138648544e-01  1.357058468e+00
 4.892367906e-01  5.153078194e-01  1.355335882e+00
 4.911937378e-01  5.167526299e-01  1.353593872e+00
 4.931506849e-01  5.181993114e-01  1.351832445e+00
 4.951076321e-01  5.196478894e-01  1.350051868e+00
 4.970645793e-01  5.210983891e-01  1.348253019e+00
 4.990215264e-01  5.225508350e-01  1.346436260e+00
 5.009784736e-01  5.240052517e-01  1.344601903e+00
 5.029354207e-01  5.254616632e-01  1.342750197e+00
 5.048923679e-01  5.269200941e-01  1.340880885e+00
 5.068493151e-01  5.283805689e-01  1.338994900e+00
 5.088062622e-01  5.298431110e-01  1.337092899e+00
 5.107632094e-01  5.313077436e-01  1.335175116e+00
 5.127201566e-01  5.327744901e-01  1.333241832e+00
 5.146771037e-01  5.342433735e-01  1.331293188e+00
 5.166340509e-01  5.357144169e-01  1.329329233e+00
 5.185909980e-01  5.371876433e-01  1.327351021e+00
 5.205479452e-01  5.386630747e-01  1.325358994e+00
 5.225048924e-01  5.401407330e-01  1.323353257e+00
 5.244618395e-01  5.416206401e-01  1.321334236e+00
 5.264187867e-01  5.431028177e-01  1.319301980e+00
 5.283757339e-01  5.445872874e-01  1.317256907e+00
 5.303326810e-01  5.460740705e-01  1.315199844e+00
 5.322896282e-01  5.475631874e-01  1.313131082e+00
 5.342465753e-01  5.490546588e-01  1.311050981e+00
 5.362035225e-01  5.505485047e-01  1.308959665e+00
 5.381604697e-01  5.520447455e-01  1.306857517e+00
 5.401174168e-01  5.535434010e-01  1.304744990e+00
 5.420743640e-01  5.550444907e-01  1.302622656e+00
 5.440313112e-01  5.565480335e-01  1.300491070e+00
 5.459882583e-01  5.580540480e-01  1.298350224e+00
 5.479452055e-01  5.595625531e-01  1.296200567e+00
 5.499021526e-01  5.610735669e-01  1.294042468e+00
 5.518590998e-01  5.625871075e-01  1.291876285e+00
 5.538160470e-01  5.641031926e-01  1.289702780e+00
 5.557729941e-01  5.656218390e-01  1.287522210e+00
 5.577299413e-01  5.671430636e-01  1.285334672e+00
 5.596868885e-01  5.686668834e-01  1.283140786e+00
 5.616438356e-01  5.701933144e-01  1.280940853e+00
 5.636007828e-01  5.717223726e-01  1.278735312e+00
 5.655577299e-01  5.732540734e-01  1.276524780e+00
 5.675146771e-01  5.747884319e-01  1.274309269e+00
 5.694716243e-01  5.763254631e-01  1.272089377e+00
 5.714285714e-01  5.778651813e-01  1.269865663e+00
 5.733855186e-01  5.794076002e-01  1.267638334e+00
 5.753424658e-01  5.809527338e-01  1.265407738e+00
 5.772994129e-01  5.825005952e-01  1.263174252e+00
 5.792563601e-01  5.840511974e-01  1.260938380e+00
 5.812133072e-01  5.856045528e-01  1.258700688e+00
 5.831702544e-01  5.871606730e-01  1.256461651e+00
 5.851272016e-01  5.887195695e-01  1.254221344e+00
 5.870841487e-01  5.902812537e-01  1.251979966e+00
 5.890410959e-01  5.918457366e-01  1.249738143e+00
 5.909980431e-01  5.934130284e-01  1.247496531e+00
 5.929549902e-01  5.949831386e-01  1.245255595e+00
 5.949119374e-01  5.965560763e-01  1.243015720e+00
 5.968688845e-01  5.981318502e-01  1.240776783e+00
 5.988258317e-01  5.997104694e-01  1.238539101e+00
 6.007827789e-01  6.012919420e-01  1.236303590e+00
 6.027397260e-01  6.028762752e-01  1.234070801e+00
 6.046966732e-01  6.044634755e-01  1.231841098e+00
 6.066536204e-01  6.060535493e-01  1.229614623e+00
 6.086105675e-01  6.076465027e-01  1.227391524e+00
 6.105675147e-01  6.092423414e-01  1.225172235e+00
 6.125244618e-01  6.108410706e-01  1.222957616e+00
 6.144814090e-01  6.124426942e-01  1.220748099e+00
 6.164383562e-01  6.140472159e-01  1.218543842e+00
 6.183953033e-01  6.156546391e-01  1.216344993e+00
 6.203522505e-01  6.172649669e-01  1.214151950e+00
 6.223091977e-01  6.188782020e-01  1.211964944e+00
 6.242661448e-01  6.204943466e-01  1.209784432e+00
 6.262230920e-01  6.221134023e-01  1.207610639e+00
 6.281800391e-01  6.237353705e-01  1.205443577e+00
 6.301369863e-01  6.253602525e-01  1.203283553e+00
 6.320939335e-01  6.269880490e-01  1.201130716e+00
 6.340508806e-01  6.286187609e-01  1.198985164e+00
 6.360078278e-01  6.302523884e-01  1.196847065e+00
 6.379647750e-01  6.318889317e-01  1.194716470e+00
 6.399217221e-01  6.335283910e-01  1.192593513e+00
 6.418786693e-01  6.351707660e-01  1.190478243e+00
 6.438356164e-01  6.368160564e-01  1.188370691e+00
 6.457925636e-01  6.384642620e-01  1.186270894e+00
 6.477495108e-01  6.401153822e-01  1.184178852e+00
 6.497064579e-01  6.417694166e-01  1.182094527e+00
 6.516634051e-01  6.434263646e-01  1.180017882e+00
 6.536203523e-01  6.450862258e-01  1.177948891e+00
 6.555772994e-01  6.467489996e-01  1.175887474e+00
 6.575342466e-01  6.484146855e-01  1.173833671e+00
 6.594911937e-01  6.500832831e-01  1.171787331e+00
 6.614481409e-01  6.517547919e-01  1.169748222e+00
 6.634050881e-01  6.534292119e-01  1.167716229e+00
 6.653620352e-01  6.551065432e-01  1.165691293e+00
 6.673189824e-01  6.567867856e-01  1.163673326e+00
 6.692759295e-01  6.584699395e-01  1.161662064e+00
 6.712328767e-01  6.601560052e-01  1.159657468e+00
 6.731898239e-01  6.618449833e-01  1.157659149e+00
 6.751467710e-01  6.635368749e-01  1.155666916e+00
 6.771037182e-01  6.652316813e-01  1.153680741e+00
 6.790606654e-01  6.669294037e-01  1.151700256e+00
 6.810176125e-01  6.686300440e-01  1.149725100e+00
 6.829745597e-01  6.703336046e-01  1.147755229e+00
 6.849315068e-01  6.720400876e-01  1.145790419e+00
 6.868884540e-01  6.737494959e-01  1.143830411e+00
 6.888454012e-01  6.754618324e-01  1.141874795e+00
 6.908023483e-01  6.771771011e-01  1.139923183e+00
 6.927592955e-01  6.788953060e-01  1.137975269e+00
 6.947162427e-01  6.806164519e-01  1.136030704e+00
 6.966731898e-01  6.823405439e-01  1.134089861e+00
 6.986301370e-01  6.840675865e-01  1.132151987e+00
 7.005870841e-01  6.857975858e-01  1.130216512e+00
 7.025440313e-01  6.875305486e-01  1.128283133e+00
 7.045009785e-01  6.892664821e-01  1.126351536e+00
 7.064579256e-01  6.910053939e-01  1.124421568e+00
 7.084148728e-01  6.927472919e-01  1.122492792e+00
 7.103718200e-01  6.944921849e-01  1.120564927e+00
 7.123287671e-01  6.962400820e-01  1.118637410e+00
 7.142857143e-01  6.979909935e-01  1.116709952e+00
 7.162426614e-01  6.997449299e-01  1.114782291e+00
 7.181996086e-01  7.015019022e-01  1.112853849e+00
 7.201565558e-01  7.032619228e-01  1.110924074e+00
 7.221135029e-01  7.050250046e-01  1.108992728e+00
 7.240704501e-01  7.067911609e-01  1.107059698e+00
 7.260273973e-01  7.085604054e-01  1.105124623e+00
 7.279843444e-01  7.103327526e-01  1.103186784e+00
 7.299412916e-01  7.121082184e-01  1.101245561e+00
 7.318982387e-01  7.138868198e-01  1.099300542e+00
 7.338551859e-01  7.156685741e-01  1.097351478e+00
 7.358121331e-01  7.174534993e-01  1.095398069e+00
 7.377690802e-01  7.192416142e-01  1.093440129e+00
 7.397260274e-01  7.210329380e-01  1.091476980e+00
 7.416829746e-01  7.228274913e-01  1.089507836e+00
 7.436399217e-01  7.246252962e-01  1.087532418e+00
 7.455968689e-01  7.264263751e-01  1.085550388e+00
 7.475538160e-01  7.282307513e-01  1.083561142e+00
 7.495107632e-01  7.300384495e-01  1.081564078e+00
 7.514677104e-01  7.318494955e-01  1.079558926e+00
 7.534246575e-01  7.336639152e-01  1.077545665e+00
 7.553816047e-01  7.354817354e-01  1.075523678e+00
 7.573385519e-01  7.373029844e-01  1.073492026e+00
 7.592954990e-01  7.391276921e-01  1.071450109e+00
 7.612524462e-01  7.409558896e-01  1.069397496e+00
 7.632093933e-01  7.427876090e-01  1.067333862e+00
 7.651663405e-01  7.446228831e-01  1.065258747e+00
 7.671232877e-01  7.464617461e-01  1.063171776e+00
 7.690802348e-01  7.483042330e-01  1.061072293e+00
 7.710371820e-01  7.501503806e-01  1.058959430e+00
 7.729941292e-01  7.520002274e-01  1.056832683e+00
 7.749510763e-01  7.538538131e-01  1.054691743e+00
 7.769080235e-01  7.557111784e-01  1.052535717e+00
 7.788649706e-01  7.575723661e-01  1.050363878e+00
 7.808219178e-01  7.594374207e-01  1.048175605e+00
 7.827788650e-01  7.613063883e-01  1.045970037e+00
 7.847358121e-01  7.631793172e-01  1.043746296e+00
 7.866927593e-01  7.650562576e-01  1.041503801e+00
 7.886497065e-01  7.669372609e-01  1.039241957e+00
 7.906066536e-01  7.688223802e-01  1.036961120e+00
 7.925636008e-01  7.707116688e-01  1.034659081e+00
 7.945205479e-01  7.726051848e-01  1.032335958e+00
 7.964774951e-01  7.745029831e-01  1.029997216e+00
 7.984344423e-01  7.764051098e-01  1.027640376e+00
 8.003913894e-01  7.783116174e-01  1.025271949e+00
 8.023483366e-01  7.802225414e-01  1.022895732e+00
 8.043052838e-01  7.821379147e-01  1.020512234e+00
 8.062622309e-01  7.840577633e-01  1.018138098e+00
 8.082191781e-01  7.859820767e-01  1.015783556e+00
 8.101761252e-01  7.879108353e-01  1.013450053e+00
 8.121330724e-01  7.898440178e-01  1.011138898e+00
 8.140900196e-01  7.917815941e-01  1.008863721e+00
 8.160469667e-01  7.937235058e-01  1.006626857e+00
 8.180039139e-01  7.956696936e-01  1.004435937e+00
 8.199608611e-01  7.976200699e-01  1.002318087e+00
 8.219178082e-01  7.995744979e-01  1.000268499e+00
 8.238747554e-01  8.015328617e-01  9.982953387e-01
 8.258317025e-01  8.034950039e-01  9.964290306e-01
 8.277886497e-01  8.054607075e-01  9.946824645e-01
 8.297455969e-01  8.074297453e-01  9.930571660e-01
 8.317025440e-01  8.094018857e-01  9.915528750e-01
 8.336594912e-01  8.113768882e-01  9.901864888e-01
 8.356164384e-01  8.133544683e-01  9.889722217e-01
 8.375733855e-01  8.153343198e-01  9.879166480e-01
 8.395303327e-01  8.173161238e-01  9.870267531e-01
 8.414872798e-01  8.192995484e-01  9.863036140e-01
 8.434442270e-01  8.212842653e-01  9.857414840e-01
 8.454011742e-01  8.232699632e-01  9.853260175e-01
 8.473581213e-01  8.252563625e-01  9.850405985e-01
 8.493150685e-01  8.272432078e-01  9.848891250e-01
 8.512720157e-01  8.292302338e-01  9.848602941e-01
 8.532289628e-01  8.312172220e-01  9.849150612e-01
 8.551859100e-01  8.332040335e-01  9.850337052e-01
 8.571428571e-01  8.351905493e-01  9.852107239e-01
 8.590998043e-01  8.371766690e-01  9.854205225e-01
 8.610567515e-01  8.391623584e-01  9.856337042e-01
 8.630136986e-01  8.411476417e-01  9.858160899e-01
 8.649706458e-01  8.431326108e-01  9.859409049e-01
 8.669275930e-01  8.451174004e-01  9.859911335e-01
 8.688845401e-01  8.471021720e-01  9.859562218e-01
 8.708414873e-01  8.490871016e-01  9.858363747e-01
 8.727984344e-01  8.510723638e-01  9.856246881e-01
 8.747553816e-01  8.530581573e-01  9.853040828e-01
 8.767123288e-01  8.550447144e-01  9.848658086e-01
 8.786692759e-01  8.570322759e-01  9.843085328e-01
 8.806262231e-01  8.590210839e-01  9.836309372e-01
 8.825831703e-01  8.610113831e-01  9.828354684e-01
 8.845401174e-01  8.630034140e-01  9.819218115e-01
 8.864970646e-01  8.649974248e-01  9.808822451e-01
 8.884540117e-01  8.669936828e-01  9.797108542e-01
 8.904109589e-01  8.689924631e-01  9.784084271e-01
 8.923679061e-01  8.709940375e-01  9.769790021e-01
 8.943248532e-01  8.729986726e-01  9.754220802e-01
 8.962818004e-01  8.750066416e-01  9.737372939e-01
 8.982387476e-01  8.770182186e-01  9.719260566e-01
 9.001956947e-01  8.790336754e-01  9.699925421e-01
 9.021526419e-01  8.810532759e-01  9.679447168e-01
 9.041095890e-01  8.830772737e-01  9.657800057e-01
 9.060665362e-01  8.851059362e-01  9.634995244e-01
 9.080234834e-01  8.871395272e-01  9.611045248e-01
 9.099804305e-01  8.891783144e-01  9.585928161e-01
 9.119373777e-01  8.912225716e-01  9.559709212e-01
 9.138943249e-01  8.932725608e-01  9.532383332e-01
 9.158512720e-01  8.953285560e-01  9.503918793e-01
 9.178082192e-01  8.973908361e-01  9.474419589e-01
 9.197651663e-01  8.994596607e-01  9.443860055e-01
 9.217221135e-01  9.015353113e-01  9.412167104e-01
 9.236790607e-01  9.036180781e-01  9.379525325e-01
 9.256360078e-01  9.057082120e-01  9.345906067e-01
 9.275929550e-01  9.078060007e-01  9.311133101e-01
 9.295499022e-01  9.099117662e-01  9.275256866e-01
 9.315068493e-01  9.120258065e-01  9.238484255e-01
 9.334637965e-01  9.141483976e-01  9.200559809e-01
 9.354207436e-01  9.162799058e-01  9.161238180e-01
 9.373776908e-01  9.184207138e-01  9.121014900e-01
 9.393346380e-01  9.205710756e-01  9.080089439e-01
 9.412915851e-01  9.227312860e-01  9.037794543e-01
 9.432485323e-01  9.249018297e-01  8.993668092e-01
 9.452054795e-01  9.270832224e-01  8.948193796e-01
 9.471624266e-01  9.292757799e-01  8.903210953e-01
 9.491193738e-01  9.314795038e-01  8.856864047e-01
 9.510763209e-01  9.336951101e-01  8.807821155e-01
 9.530332681e-01  9.359234538e-01  8.753377162e-01
 9.549902153e-01  9.381654346e-01  8.699756733e-01
 9.569471624e-01  9.404180510e-01  8.694367762e-01
 9.589041096e-01  9.426683727e-01  8.698102977e-01
 9.608610568e-01  9.449202775e-01  8.678050675e-01
 9.628180039e-01  9.471813919e-01  8.625913056e-01
 9.647749511e-01  9.494606996e-01  8.539253485e-01
 9.667318982e-01  9.517678056e-01  8.423044894e-01
 9.686888454e-01  9.541123100e-01  8.260009867e-01
 9.706457926e-01  9.565104689e-01  8.048355723e-01
 9.726027397e-01  9.589766419e-01  7.821787204e-01
 9.745596869e-01  9.615150811e-01  7.598170958e-01
 9.765166341e-01  9.641279763e-01  7.383567631e-01
 9.784735812e-01  9.668156248e-01  7.182288522e-01
 9.804305284e-01  9.695765979e-01  6.997254513e-01
 9.823874755e-01  9.724079082e-01  6.830329703e-01
 9.843444227e-01  9.753051746e-01  6.682608057e-01
 9.863013699e-01  9.782627867e-01  6.554646679e-01
 9.882583170e-01  9.812740666e-01  6.446648680e-01
 9.902152642e-01  9.843314289e-01  6.358601922e-01
 9.921722114e-01  9.874265378e-01  6.290382328e-01
 9.941291585e-01  9.905504613e-01  6.241828997e-01
 9.960861057e-01  9.936938220e-01  6.212797433e-01
 9.980430528e-01  9.968469447e-01  6.206444403e-01
 1.000000000e+00  1.000000000e+00  6.206577016e-01
4  4.733963321e-01  7.470656207e-01  1.015672712e+00  7.618101385e-01  9.564130204e-01  4.041903421e+01  4.085430043e-01  9.963527064e-01  4.314998826e-01  2.820154228e+00
5  6.043776015e-01  1.085613382e+00  1.008350111e+00  6.273569736e-01  9.282311474e-01  2.586304706e+01  3.622662260e-01  1.072791610e+00  6.045908848e-01  2.859590756e+00
6  7.034777352e-01  1.317743556e+00  1.004733095e+00  5.365707986e-01  9.059601329e-01  1.994582528e+01  3.383292402e-01  1.172137054e+00  7.203962814e-01  2.763783322e+00
7  7.852504929e-01  1.497210137e+00  1.002338846e+00  4.709371909e-01  8.968663366e-01  1.690810320e+01  3.235542880e-01  1.285644778e+00  8.074757212e-01  2.638025062e+00
8  8.513029165e-01  1.907153486e+00  1.000676640e+00  4.208658397e-01  9.127940986e-01  1.575930154e+01  3.146570491e-01  1.429928383e+00  8.730256693e-01  2.498285536e+00
9  8.978839114e-01  2.604489334e+00  9.997227625e-01  3.808257567e-01  9.742264437e-01  1.665106043e+01  3.105769433e-01  1.646111027e+00  9.182752023e-01  2.339976191e+00
10  9.348846831e-01  1.966089251e+00  9.993649723e-01  3.485718071e-01  1.099480714e+00  1.987960919e+01  3.103036810e-01  1.969866637e+00  9.521224532e-01  2.191978780e+00
11  9.721266854e-01  4.256927184e+00  9.998364249e-01  3.231611635e-01  1.308056257e+00  2.624929155e+01  3.144655907e-01  2.503485425e+00  9.821951774e-01  2.073066873e+00
12  9.866832942e-01  8.270807336e+00  9.999382643e-01  2.992791483e-01  1.579057234e+00  3.640541395e+01  3.185361806e-01  3.871715427e+00  9.917041605e-01  1.928962987e+00
13  9.942501813e-01  1.541654318e+01  9.999740732e-01  2.766549037e-01  1.795881223e+00  4.452046915e+01  3.233868820e-01  7.178383246e+00  9.964316712e-01  1.794300773e+00
0 0 -1.216850970e-01  2.669462244e-18
0 1  1.386149674e-02 -6.295991853e-03
0 2 -1.612388462e-02  8.161847645e-03
0 3  2.940357013e-03 -9.525782930e-03
0 4  1.771029824e-03  7.529647552e-03
0 5 -7.023902825e-03 -7.927114594e-04
0 6  5.127361155e-04 -5.471000648e-03
0 7  4.240062602e-03 -1.553240438e-03
0 8  3.715014595e-03  1.676250244e-03
0 9  2.354205924e-03  2.841832963e-03
1 0 -1.139128544e-01 -5.174004053e-02
1 1 -9.355222736e-02 -1.404881603e-17
1 2  8.480522059e-03 -9.055472225e-03
1 3 -1.330365817e-02  1.128245376e-02
1 4 -4.104364048e-03 -1.043957469e-02
1 5  6.464646962e-03  2.436614918e-03
1 6 -3.396529621e-03  6.542350125e-03
1 7 -6.602005093e-03  8.057785757e-04
1 8 -5.020985781e-03 -3.027400400e-03
1 9 -3.159944304e-03 -4.396912715e-03
2 0  1.325050068e-01  6.707351881e-02
2 1 -9.065013521e-02 -9.679590192e-02
2 2 -7.416208785e-02 -6.954380366e-17
2 3  3.202956810e-03 -1.095619676e-02
2 4 -7.323922144e-03  1.168499740e-02
2 5 -1.079463802e-02 -5.492694578e-03
2 6  2.595074603e-03 -6.078729147e-03
2 7  4.853955925e-03  1.093318644e-03
2 8  2.315794081e-03  4.498894572e-03
2 9 -4.385384429e-05  4.723708200e-03
3 0 -2.416365755e-02 -7.828224789e-02
3 1  1.422056806e-01  1.206005894e-01
3 2 -4.318860084e-02 -1.477331219e-01
3 3 -6.073131132e-02  3.168240086e-17
3 4 -1.621532094e-03 -1.251840494e-02
3 5 -1.181379679e-03  9.043094871e-03
3 6 -1.137666257e-02  3.163872866e-03
3 7 -7.812422615e-03 -4.322153367e-03
3 8 -3.025107402e-03 -6.014135170e-03
3 9 -4.784290244e-04 -5.936057522e-03
4 0 -1.455420481e-02  6.187814067e-02
4 1  4.387243537e-02 -1.115908727e-01
4 2  9.875560891e-02  1.575602540e-01
4 3  2.670010014e-02 -2.061276904e-01
4 4 -5.072427462e-02 -2.006911932e-17
4 5 -6.785090906e-03 -1.343649519e-02
4 6  2.665857416e-03  2.274865139e-03
4 7 -2.839427623e-03  6.817585729e-03
4 8 -6.715056951e-03  5.099881308e-03
4 9 -7.809171278e-03  1.922750914e-03
5 0  5.772196428e-02 -6.514449827e-03
5 1 -6.910201012e-02  2.604550406e-02
5 2  1.455546672e-01 -7.406337574e-02
5 3  1.945256331e-02  1.489033363e-01
5 4  1.337641781e-01 -2.648928012e-01
5 5 -4.231450680e-02 -1.482274350e-17
5 6 -1.123836317e-02 -1.200520777e-02
5 7  3.288410403e-04 -5.644047618e-03
5 8  2.071680762e-03 -2.950899583e-04
5 9  1.428961267e-03  9.560445329e-04
6 0 -4.213631151e-03 -4.496031791e-02
6 1  3.630624002e-02  6.993259604e-02
6 2 -3.499193022e-02 -8.196545328e-02
6 3  1.873277939e-01  5.209623829e-02
6 4 -5.255585094e-02  4.484766231e-02
6 5  2.655912598e-01 -2.837137587e-01
6 6 -3.534807636e-02  1.158817802e-16
6 7 -1.330674674e-02 -7.558939356e-03
6 8 -6.102707483e-03 -8.095307266e-03
6 9 -2.263623168e-03 -8.208160168e-03
7 0 -3.484455126e-02 -1.276442618e-02
7 1  7.057026090e-02  8.613141540e-03
7 2 -6.545063746e-02  1.474228512e-02
7 3  1.286391228e-01 -7.116845122e-02
7 4  5.597768808e-02  1.344047949e-01
7 5 -7.771354677e-03 -1.333832779e-01
7 6  3.764489643e-01 -2.138430188e-01
7 7 -3.040564565e-02 -3.057052320e-17
7 8 -1.621448216e-02 -5.346259827e-03
7 9 -1.087698631e-02 -9.023156387e-03
8 0 -3.052974181e-02  1.377531255e-02
8 1  5.367040339e-02 -3.236053791e-02
8 2 -3.122611766e-02  6.066299780e-02
8 3  4.981133021e-02 -9.902857420e-02
8 4  1.323834988e-01  1.005412368e-01
8 5 -4.895911400e-02 -6.973730303e-03
8 6  1.726460988e-01 -2.290169112e-01
8 7  5.332720886e-01 -1.758311561e-01
8 8 -2.207671294e-02 -2.274817478e-18
8 9 -1.096216855e-02 -4.016596320e-03
9 0 -1.934670704e-02  2.335399348e-02
9 1  3.377732838e-02 -4.699955136e-02
9 2  5.913242946e-04  6.369437993e-02
9 3  7.877798355e-03 -9.774294994e-02
9 4  1.539533357e-01  3.790593219e-02
9 5 -3.377000881e-02  2.259377706e-02
9 6  6.403808639e-02 -2.322095292e-01
9 7  3.577291677e-01 -2.967592430e-01
9 8  4.965489464e-01 -1.819381504e-01
9 9 -1.732765801e-02  8.807663483e-17
0 0 -8.686593214e+00  1.348807839e-15
0 1 -8.437859625e-01  5.916384829e-01
0 2  1.501753623e+00 -6.251820801e-01
0 3 -1.488661751e-01  4.992435711e-01
0 4 -3.657413890e-02 -3.440574923e-01
0 5  2.842999796e-01  4.807186889e-02
0 6 -1.656304933e-02  1.873366733e-01
0 7 -1.164675131e-01  8.053912841e-02
0 8 -7.723123710e-02 -8.816972377e-02
0 9  3.777102779e-03 -1.158191716e-01
1 0 -8.437859625e-01 -5.916384829e-01
1 1 -1.160511117e+01  2.055911383e-15
1 2 -6.232493044e-01  1.404123512e+00
1 3  2.136017702e+00 -1.481246308e+00
1 4  3.396525052e-01  9.268194852e-01
1 5 -4.534371824e-01 -2.441054757e-01
1 6  2.270132983e-01 -3.882085012e-01
1 7  2.957999688e-01 -8.030961776e-02
1 8  9.037810632e-02  2.284898363e-01
1 9  1.014669637e-01  2.647833802e-01
2 0  1.501753623e+00  6.251820801e-01
2 1 -6.232493044e-01 -1.404123512e+00
2 2 -1.488971178e+01  3.122903594e-14
2 3  7.967697937e-02  2.620509257e+00
2 4  2.070019429e+00 -2.509141937e+00
2 5  1.500578352e+00  8.454845947e-01
2 6 -3.424540644e-01  5.777165570e-01
2 7 -4.346752278e-01 -6.326154425e-03
2 8 -2.338072619e-02 -4.290596302e-01
2 9  3.307269451e-01 -4.145266546e-01
3 0 -1.488661751e-01 -4.992435711e-01
3 1  2.136017702e+00  1.481246308e+00
3 2  7.967697937e-02 -2.620509257e+00
3 3 -1.866074502e+01  2.831427208e-15
3 4  1.511188900e+00  4.384234994e+00
3 5  1.105973609e+00 -3.334917478e+00
3 6  2.393887713e+00 -5.278616490e-01
3 7  9.973736885e-01  5.347193699e-01
3 8 -2.248055558e-01  5.774280746e-01
3 9 -1.666650721e-01  4.670405133e-01
4 0 -3.657413890e-02  3.440574923e-01
4 1  3.396525052e-01 -9.268194852e-01
4 2  2.070019429e+00  2.509141937e+00
4 3  1.511188900e+00 -4.384234994e+00
4 4 -2.311155007e+01  9.835951156e-15
4 5  4.417587602e+00  6.812963764e+00
4 6 -5.019834895e-01 -2.593658717e+00
4 7  6.466250145e-01 -1.722339881e+00
4 8  1.600992661e+00 -6.677199262e-01
4 9  2.034603519e+00  3.160943573e-02
5 0  2.842999796e-01 -4.807186889e-02
5 1 -4.534371824e-01  2.441054757e-01
5 2  1.500578352e+00 -8.454845947e-01
5 3  1.105973609e+00  3.334917478e+00
5 4  4.417587602e+00 -6.812963764e+00
5 5 -2.838078989e+01 -1.216904833e-13
5 6  8.527478849e+00  8.088653792e+00
5 7 -5.406207928e-01  1.175785372e+00
5 8 -4.600937938e-01 -2.352595456e+00
5 9  7.903032453e-01 -2.128205038e+00
6 0 -1.656304933e-02 -1.873366733e-01
6 1  2.270132983e-01  3.882085012e-01
6 2 -3.424540644e-01 -5.777165570e-01
6 3  2.393887713e+00  5.278616490e-01
6 4 -5.019834895e-01  2.593658717e+00
6 5  8.527478849e+00 -8.088653792e+00
6 6 -3.458603211e+01 -1.276765171e-13
6 7  1.166752800e+01  5.780526361e+00
6 8  3.269079247e-01  1.661342735e+00
6 9 -1.735821437e-01  1.041285329e+00
7 0 -1.164675131e-01 -8.053912841e-02
7 1  2.957999688e-01  8.030961776e-02
7 2 -4.346752278e-01  6.326154425e-03
7 3  9.973736885e-01 -5.347193699e-01
7 4  6.466250145e-01  1.722339881e+00
7 5 -5.406207928e-01 -1.175785372e+00
7 6  1.166752800e+01 -5.780526361e+00
7 7 -4.880056383e+01 -8.217417917e-14
7 8  1.939505998e+01  6.054453664e+00
7 9  7.209506858e+00  6.488351178e+00
8 0 -7.723123710e-02  8.816972377e-02
8 1  9.037810632e-02 -2.284898363e-01
8 2 -2.338072619e-02  4.290596302e-01
8 3 -2.248055558e-01 -5.774280746e-01
8 4  1.600992661e+00  6.677199262e-01
8 5 -4.600937938e-01  2.352595456e+00
8 6  3.269079247e-01 -1.661342735e+00
8 7  1.939505998e+01 -6.054453664e+00
8 8 -6.143624904e+01  1.139133748e-13
8 9  2.865643737e+01  1.049986965e+01
9 0  3.777102779e-03  1.158191716e-01
9 1  1.014669637e-01 -2.647833802e-01
9 2  3.307269451e-01  4.145266546e-01
9 3 -1.666650721e-01 -4.670405133e-01
9 4  2.034603519e+00 -3.160943573e-02
9 5  7.903032453e-01  2.128205038e+00
9 6 -1.735821437e-01 -1.041285329e+00
9 7  7.209506858e+00 -6.488351178e+00
9 8  2.865643737e+01 -1.049986965e+01
9 9 -5.771120365e+01 -2.933465450e-13
0  8.201346567e-02  6.186634251e-03 -1.612396009e-01 -4.223624847e-02
1  1.315592491e-01  1.021258412e-02  1.764136588e-01  8.931646460e-02
2  1.754587888e-01  1.249629148e-02 -1.427098115e-01 -1.513238882e-01
3  2.240420862e-01  1.660589762e-02  4.627445580e-02  2.057601332e-01
4  2.710659994e-01  1.800480399e-02  1.121452583e-01 -1.762449733e-01
5  3.044310561e-01  1.991980769e-02 -2.011641554e-01 -2.313297528e-02
6  3.308208581e-01  2.127849989e-02 -1.367491575e-02  1.933351444e-01
7  3.581666231e-01  2.154311934e-02  1.552530964e-01  9.686841689e-02
8  3.474247149e-01  1.992270027e-02  1.679062750e-01 -3.017546400e-02
9  2.548250764e-01 -6.132967238e-02  1.301115484e-01 -9.152678885e-02
