 9.383375810e-01  4.076016205e+00  8.125363290e+00  5.481972298e+00  2.450000000e+03
 9.393635950e-01  4.076875294e+00  8.109814130e+00  5.475861297e+00  2.455000000e+03
 9.403755630e-01  4.077694492e+00  8.094426830e+00  5.469835482e+00  2.460000000e+03
 9.413735550e-01  4.078473600e+00  8.079200510e+00  5.463889791e+00  2.465000000e+03
 9.423576400e-01  4.079212706e+00  8.064134300e+00  5.458027926e+00  2.470000000e+03
 9.433278870e-01  4.079911527e+00  8.049227350e+00  5.452241982e+00  2.475000000e+03
 9.442843660e-01  4.080569992e+00  8.034478780e+00  5.446528684e+00  2.480000000e+03
 9.452271450e-01  4.081188264e+00  8.019887730e+00  5.440891238e+00  2.485000000e+03
 9.461562940e-01  4.081766279e+00  8.005453320e+00  5.435322504e+00  2.490000000e+03
 9.470718820e-01  4.082304264e+00  7.991174700e+00  5.429821622e+00  2.495000000e+03
 9.479739790e-01  4.082802830e+00  7.977050990e+00  5.424386185e+00  2.500000000e+03
 9.488626530e-01  4.083264194e+00  7.963081320e+00  5.419015326e+00  2.505000000e+03
 9.497379740e-01  4.083690355e+00  7.949264840e+00  5.413706894e+00  2.510000000e+03
 9.506000110e-01  4.084056602e+00  7.935600660e+00  5.408460199e+00  2.515000000e+03
 9.514488330e-01  4.084381298e+00  7.922087930e+00  5.403267899e+00  2.520000000e+03
 9.522845100e-01  4.084664682e+00  7.908725780e+00  5.398135492e+00  2.525000000e+03
 9.531071100e-01  4.084906636e+00  7.895513330e+00  5.393058549e+00  2.530000000e+03
 9.539167020e-01  4.085106987e+00  7.882449730e+00  5.388031294e+00  2.535000000e+03
 9.547133570e-01  4.085265973e+00  7.869534100e+00  5.383058074e+00  2.540000000e+03
 9.554971440e-01  4.085383390e+00  7.856765580e+00  5.378131923e+00  2.545000000e+03
 9.562681300e-01  4.085459486e+00  7.844143300e+00  5.373256814e+00  2.550000000e+03
 9.570263860e-01  4.085494307e+00  7.831666390e+00  5.368430939e+00  2.555000000e+03
 9.577719820e-01  4.085487653e+00  7.819333990e+00  5.363646142e+00  2.560000000e+03
 9.585049850e-01  4.085439966e+00  7.807145230e+00  5.358908756e+00  2.565000000e+03
 9.592254660e-01  4.085351264e+00  7.795099230e+00  5.354211190e+00  2.570000000e+03
 9.599334930e-01  4.085223252e+00  7.783195140e+00  5.349558124e+00  2.575000000e+03
 9.606291360e-01  4.085051403e+00  7.771432090e+00  5.344943834e+00  2.580000000e+03
 9.613124640e-01  4.084836252e+00  7.759809200e+00  5.340372320e+00  2.585000000e+03
 9.619835460e-01  4.084579854e+00  7.748325610e+00  5.335834630e+00  2.590000000e+03
 9.626424520e-01  4.084282649e+00  7.736980460e+00  5.331338196e+00  2.595000000e+03
 9.632892500e-01  4.083944354e+00  7.725772880e+00  5.326874163e+00  2.600000000e+03
 9.639240100e-01  4.083565322e+00  7.714701990e+00  5.322446000e+00  2.605000000e+03
 9.645468020e-01  4.083145530e+00  7.703766930e+00  5.318052586e+00  2.610000000e+03
 9.651576930e-01  4.082684854e+00  7.692966840e+00  5.313690813e+00  2.615000000e+03
 9.657567540e-01  4.082183159e+00  7.682300850e+00  5.309362630e+00  2.620000000e+03
 9.663440540e-01  4.081640500e+00  7.671768080e+00  5.305064542e+00  2.625000000e+03
 9.669196610e-01  4.081060204e+00  7.661367680e+00  5.300794938e+00  2.630000000e+03
 9.674836460e-01  4.080439888e+00  7.651098770e+00  5.296555503e+00  2.635000000e+03
 9.680360770e-01  4.079779810e+00  7.640960490e+00  5.292346516e+00  2.640000000e+03
 9.685770240e-01  4.079079846e+00  7.630951970e+00  5.288163424e+00  2.645000000e+03
 9.691065550e-01  4.078340254e+00  7.621072350e+00  5.284006380e+00  2.650000000e+03
 9.696247410e-01  4.077561283e+00  7.611320740e+00  5.279877327e+00  2.655000000e+03
 9.701316500e-01  4.076742915e+00  7.601696300e+00  5.275771225e+00  2.660000000e+03
 9.706273510e-01  4.075885469e+00  7.592198150e+00  5.271691132e+00  2.665000000e+03
 9.711119140e-01  4.074988979e+00  7.582825420e+00  5.267633354e+00  2.670000000e+03
 9.715854070e-01  4.074053660e+00  7.573577240e+00  5.263598108e+00  2.675000000e+03
 9.720479010e-01  4.073079840e+00  7.564452760e+00  5.259587280e+00  2.680000000e+03
 9.724994640e-01  4.072067437e+00  7.555451090e+00  5.255595600e+00  2.685000000e+03
 9.729401660e-01  4.071016887e+00  7.546571380e+00  5.251627157e+00  2.690000000e+03
 9.733700750e-01  4.069928165e+00  7.537812760e+00  5.247677306e+00  2.695000000e+03
 9.737892620e-01  4.068801549e+00  7.529174350e+00  5.243746838e+00  2.700000000e+03
 9.741977940e-01  4.067637395e+00  7.520655300e+00  5.239837924e+00  2.705000000e+03
 9.745957420e-01  4.066435582e+00  7.512254730e+00  5.235944669e+00  2.710000000e+03
 9.749831750e-01  4.065196478e+00  7.503971780e+00  5.232069211e+00  2.715000000e+03
 9.753601610e-01  4.063920377e+00  7.495805580e+00  5.228213425e+00  2.720000000e+03
 9.757267700e-01  4.062607253e+00  7.487755260e+00  5.224369077e+00  2.725000000e+03
 9.760830720e-01  4.061257595e+00  7.479819960e+00  5.220541793e+00  2.730000000e+03
 9.764291350e-01  4.059871579e+00  7.471998800e+00  5.216729944e+00  2.735000000e+03
 9.767650290e-01  4.058449298e+00  7.464290920e+00  5.212928891e+00  2.740000000e+03
 9.770908230e-01  4.056991000e+00  7.456695460e+00  5.209144409e+00  2.745000000e+03
 9.774065850e-01  4.055496956e+00  7.449211540e+00  5.205378324e+00  2.750000000e+03
 9.777123870e-01  4.053967516e+00  7.441838300e+00  5.201628010e+00  2.755000000e+03
 9.780082950e-01  4.052402720e+00  7.434574870e+00  5.197888695e+00  2.760000000e+03
 9.782943810e-01  4.050802836e+00  7.427420390e+00  5.194160685e+00  2.765000000e+03
 9.785707120e-01  4.049168071e+00  7.420373980e+00  5.190442739e+00  2.770000000e+03
 9.788373590e-01  4.047498843e+00  7.413434780e+00  5.186737024e+00  2.775000000e+03
 9.790943900e-01  4.045795438e+00  7.406601920e+00  5.183043983e+00  2.780000000e+03
 9.793418740e-01  4.044057887e+00  7.399874530e+00  5.179358775e+00  2.785000000e+03
 9.795798820e-01  4.042286549e+00  7.393251750e+00  5.175943338e+00  2.790000000e+03
 9.798084820e-01  4.040481841e+00  7.386732710e+00  5.172276599e+00  2.795000000e+03
 9.800277420e-01  4.038643713e+00  7.380316550e+00  5.168613541e+00  2.800000000e+03
 9.802377340e-01  4.036772555e+00  7.374002380e+00  5.164954155e+00  2.805000000e+03
 9.804385250e-01  4.034868790e+00  7.367789360e+00  5.161287081e+00  2.810000000e+03
 9.806301850e-01  4.032932557e+00  7.361676600e+00  5.157663218e+00  2.815000000e+03
 9.808127830e-01  4.030964051e+00  7.355663250e+00  5.154045549e+00  2.820000000e+03
 9.809863880e-01  4.028963792e+00  7.349748430e+00  5.150436683e+00  2.825000000e+03
 9.811510710e-01  4.026932033e+00  7.343931280e+00  5.146833618e+00  2.830000000e+03
 9.813068980e-01  4.024868634e+00  7.338210930e+00  5.143231854e+00  2.835000000e+03
 9.814539410e-01  4.022774476e+00  7.332586520e+00  5.139640348e+00  2.840000000e+03
 9.815922680e-01  4.020649482e+00  7.327057160e+00  5.136053165e+00  2.845000000e+03
 9.817219490e-01  4.018493877e+00  7.321622010e+00  5.132468493e+00  2.850000000e+03
 9.818430520e-01  4.016308287e+00  7.316280190e+00  5.128891562e+00  2.855000000e+03
 9.819556470e-01  4.014092757e+00  7.311030830e+00  5.125317711e+00  2.860000000e+03
 9.820598030e-01  4.011847706e+00  7.305873070e+00  5.121748031e+00  2.865000000e+03
 9.821555900e-01  4.009573312e+00  7.300806040e+00  5.118180641e+00  2.870000000e+03
 9.822430760e-01  4.007270035e+00  7.295828870e+00  5.114617150e+00  2.875000000e+03
 9.823223300e-01  4.004938137e+00  7.290940690e+00  5.111056082e+00  2.880000000e+03
 9.823934230e-01  4.002577795e+00  7.286140640e+00  5.107493744e+00  2.885000000e+03
 9.824564230e-01  4.000189428e+00  7.281427850e+00  5.103930873e+00  2.890000000e+03
 9.825113990e-01  3.997773548e+00  7.276801450e+00  5.100354215e+00  2.895000000e+03
 9.825584210e-01  3.995330162e+00  7.272260580e+00  5.096811428e+00  2.900000000e+03
 9.825975580e-01  3.992859691e+00  7.267804360e+00  5.093269584e+00  2.905000000e+03
 9.826288780e-01  3.990362361e+00  7.263431930e+00  5.089727479e+00  2.910000000e+03
 9.826524520e-01  3.987838636e+00  7.259142430e+00  5.086186420e+00  2.915000000e+03
 9.826683490e-01  3.985289037e+00  7.254934980e+00  5.082649482e+00  2.920000000e+03
 9.826766370e-01  3.982713281e+00  7.250808720e+00  5.079106483e+00  2.925000000e+03
 9.826773860e-01  3.980112366e+00  7.246762780e+00  5.075567017e+00  2.930000000e+03
 9.826706650e-01  3.977486276e+00  7.242796290e+00  5.072025255e+00  2.935000000e+03
 9.826565430e-01  3.974835563e+00  7.238908390e+00  5.068483384e+00  2.940000000e+03
 9.826350900e-01  3.972160623e+00  7.235098210e+00  5.064939566e+00  2.945000000e+03
 9.826063750e-01  3.969462383e+00  7.231364880e+00  5.061394208e+00  2.950000000e+03
 9.825704660e-01  3.966740427e+00  7.227707530e+00  5.057842794e+00  2.955000000e+03
 9.825274340e-01  3.963992242e+00  7.224125300e+00  5.054297429e+00  2.960000000e+03
 9.824773470e-01  3.961224065e+00  7.220617320e+00  5.050750330e+00  2.965000000e+03
 9.824202750e-01  3.958432436e+00  7.217182720e+00  5.047196850e+00  2.970000000e+03
 9.823562870e-01  3.955617443e+00  7.213820630e+00  5.043641937e+00  2.975000000e+03
 9.822854520e-01  3.952779873e+00  7.210530190e+00  5.040084417e+00  2.980000000e+03
 9.822078390e-01  3.949920051e+00  7.207310530e+00  5.036521490e+00  2.985000000e+03
 9.821235180e-01  3.947038551e+00  7.204160790e+00  5.032956248e+00  2.990000000e+03
 9.820325570e-01  3.944135590e+00  7.201080080e+00  5.029383563e+00  2.995000000e+03
 9.819350260e-01  3.941211420e+00  7.198067560e+00  5.025805496e+00  3.000000000e+03
 9.818309940e-01  3.938266500e+00  7.195122350e+00  5.022224256e+00  3.005000000e+03
 9.817205310e-01  3.935300953e+00  7.192243570e+00  5.018636605e+00  3.010000000e+03
 9.816037050e-01  3.932315200e+00  7.189430380e+00  5.015045171e+00  3.015000000e+03
 9.814805860e-01  3.929309392e+00  7.186681890e+00  5.011448337e+00  3.020000000e+03
 9.813512430e-01  3.926283589e+00  7.183997240e+00  5.007843523e+00  3.025000000e+03
 9.812157460e-01  3.923238247e+00  7.181375570e+00  5.004237189e+00  3.030000000e+03
 9.810741620e-01  3.920172590e+00  7.178816000e+00  5.000619969e+00  3.035000000e+03
 9.809265630e-01  3.917086304e+00  7.176317670e+00  4.996997893e+00  3.040000000e+03
 9.807730160e-01  3.913976057e+00  7.173879720e+00  4.993364735e+00  3.045000000e+03
 9.806135910e-01  3.910833138e+00  7.171501260e+00  4.989727519e+00  3.050000000e+03
 9.804483580e-01  3.907710166e+00  7.169181440e+00  4.986082801e+00  3.055000000e+03
 9.802773850e-01  3.904570609e+00  7.166919400e+00  4.984941239e+00  3.060000000e+03
 9.801007420e-01  3.901414835e+00  7.164714250e+00  4.981331184e+00  3.065000000e+03
 9.799184980e-01  3.898242869e+00  7.162565140e+00  4.977708375e+00  3.070000000e+03
 9.797307220e-01  3.895055475e+00  7.160471190e+00  4.974079881e+00  3.075000000e+03
 9.795374830e-01  3.891852529e+00  7.158431550e+00  4.970438421e+00  3.080000000e+03
 9.793388510e-01  3.888634821e+00  7.156445340e+00  4.966791091e+00  3.085000000e+03
 9.791348950e-01  3.885402322e+00  7.154511690e+00  4.963132499e+00  3.090000000e+03
 9.789256830e-01  3.882155463e+00  7.152629740e+00  4.959464265e+00  3.095000000e+03
 9.787112860e-01  3.878894446e+00  7.150798620e+00  4.955784588e+00  3.100000000e+03
 9.784917730e-01  3.875619469e+00  7.149017470e+00  4.952091853e+00  3.105000000e+03
 9.782672120e-01  3.872331274e+00  7.147285410e+00  4.948392765e+00  3.110000000e+03
 9.780376730e-01  3.869029767e+00  7.145601570e+00  4.944681260e+00  3.115000000e+03
 9.778032250e-01  3.865715346e+00  7.143965100e+00  4.940959469e+00  3.120000000e+03
 9.775639380e-01  3.862388397e+00  7.142375130e+00  4.937229709e+00  3.125000000e+03
 9.773198800e-01  3.859048813e+00  7.140830770e+00  4.933486432e+00  3.130000000e+03
 9.770711200e-01  3.855696572e+00  7.139331180e+00  4.929727978e+00  3.135000000e+03
 9.768177290e-01  3.852332453e+00  7.137875480e+00  4.925965217e+00  3.140000000e+03
 9.765597750e-01  3.848955484e+00  7.136462800e+00  4.922187349e+00  3.145000000e+03
 9.762973270e-01  3.845564747e+00  7.135092280e+00  4.918397374e+00  3.150000000e+03
 9.760304550e-01  3.842153306e+00  7.133763050e+00  4.914597530e+00  3.155000000e+03
 9.757592280e-01  3.838742597e+00  7.132474240e+00  4.910782441e+00  3.160000000e+03
 9.754837150e-01  3.835336262e+00  7.131224990e+00  4.906958327e+00  3.165000000e+03
 9.752039850e-01  3.831920585e+00  7.130014420e+00  4.903122951e+00  3.170000000e+03
 9.749201080e-01  3.828495799e+00  7.128841680e+00  4.899275387e+00  3.175000000e+03
 9.746321520e-01  3.825062383e+00  7.127705880e+00  4.895418051e+00  3.180000000e+03
 9.743401870e-01  3.821620262e+00  7.126606170e+00  4.891545433e+00  3.185000000e+03
 9.740442830e-01  3.818170121e+00  7.125541680e+00  4.887663249e+00  3.190000000e+03
 9.737445070e-01  3.814711901e+00  7.124511540e+00  4.883765923e+00  3.195000000e+03
 9.734409310e-01  3.811246234e+00  7.123514890e+00  4.879858773e+00  3.200000000e+03
 9.731336220e-01  3.807773182e+00  7.122550840e+00  4.875937417e+00  3.205000000e+03
 9.728226500e-01  3.804292881e+00  7.121618550e+00  4.871999191e+00  3.210000000e+03
 9.725080840e-01  3.800806123e+00  7.120717140e+00  4.868053091e+00  3.215000000e+03
 9.721899940e-01  3.797313060e+00  7.119845740e+00  4.864100638e+00  3.220000000e+03
 9.718684480e-01  3.793813851e+00  7.119003490e+00  4.860136327e+00  3.225000000e+03
 9.715435160e-01  3.790308722e+00  7.118189520e+00  4.856158846e+00  3.230000000e+03
 9.712152670e-01  3.786798141e+00  7.117402950e+00  4.852171264e+00  3.235000000e+03
 9.708837710e-01  3.783282246e+00  7.116642940e+00  4.848171554e+00  3.240000000e+03
 9.705490960e-01  3.779761513e+00  7.115908600e+00  4.844162241e+00  3.245000000e+03
 9.702113120e-01  3.776236106e+00  7.115199070e+00  4.840141912e+00  3.250000000e+03
 9.698704880e-01  3.772706233e+00  7.114513480e+00  4.836109261e+00  3.255000000e+03
 9.695266930e-01  3.769172359e+00  7.113850970e+00  4.832067374e+00  3.260000000e+03
 9.691799960e-01  3.765634862e+00  7.113210660e+00  4.828017667e+00  3.265000000e+03
 9.688304670e-01  3.762093432e+00  7.112591690e+00  4.823951433e+00  3.270000000e+03
 9.684781740e-01  3.758549085e+00  7.111993200e+00  4.819879174e+00  3.275000000e+03
 9.681231880e-01  3.755001825e+00  7.111414310e+00  4.815796409e+00  3.280000000e+03
 9.677655770e-01  3.751452058e+00  7.110854160e+00  4.811704219e+00  3.285000000e+03
 9.674054100e-01  3.747900300e+00  7.110311890e+00  4.807601492e+00  3.290000000e+03
 9.670427570e-01  3.744346937e+00  7.109786610e+00  4.803488132e+00  3.295000000e+03
 9.666776870e-01  3.740789330e+00  7.109277470e+00  4.799369522e+00  3.300000000e+03
 9.663102690e-01  3.737229724e+00  7.108783600e+00  4.795237021e+00  3.305000000e+03
 9.659405730e-01  3.733669044e+00  7.108304130e+00  4.791100579e+00  3.310000000e+03
 9.655686670e-01  3.730107010e+00  7.107838190e+00  4.786952432e+00  3.315000000e+03
 9.651946200e-01  3.726544178e+00  7.107384920e+00  4.782797215e+00  3.320000000e+03
 9.648185030e-01  3.722980813e+00  7.106943450e+00  4.778635472e+00  3.325000000e+03
 9.644403840e-01  3.719417006e+00  7.106512920e+00  4.774464269e+00  3.330000000e+03
 9.640603320e-01  3.715853198e+00  7.106092440e+00  4.770287425e+00  3.335000000e+03
 9.636784170e-01  3.712289579e+00  7.105681170e+00  4.766103884e+00  3.340000000e+03
 9.632947080e-01  3.708726269e+00  7.105278220e+00  4.761911731e+00  3.345000000e+03
 9.629092730e-01  3.705163651e+00  7.104882730e+00  4.757713616e+00  3.350000000e+03
 9.625221830e-01  3.701601908e+00  7.104493840e+00  4.753509070e+00  3.355000000e+03
 9.621335070e-01  3.698041415e+00  7.104110680e+00  4.749300260e+00  3.360000000e+03
 9.617433130e-01  3.694482276e+00  7.103732380e+00  4.745085852e+00  3.365000000e+03
 9.613516710e-01  3.690924563e+00  7.103358070e+00  4.740864806e+00  3.370000000e+03
 9.609586500e-01  3.687368594e+00  7.102986890e+00  4.736639816e+00  3.375000000e+03
 9.605643200e-01  3.683814463e+00  7.102617960e+00  4.732413544e+00  3.380000000e+03
 9.601687490e-01  3.680261024e+00  7.102250430e+00  4.728181554e+00  3.385000000e+03
 9.597720070e-01  3.676708919e+00  7.101883420e+00  4.723941201e+00  3.390000000e+03
 9.593741630e-01  3.673166982e+00  7.101516060e+00  4.719698831e+00  3.395000000e+03
 9.589752860e-01  3.669628486e+00  7.101147500e+00  4.715458888e+00  3.400000000e+03
 9.585754450e-01  3.666093627e+00  7.100776850e+00  4.711216340e+00  3.405000000e+03
 9.581747100e-01  3.662562828e+00  7.100403260e+00  4.706974135e+00  3.410000000e+03
 9.577731500e-01  3.659036003e+00  7.100025860e+00  4.702728097e+00  3.415000000e+03
 9.573708340e-01  3.655513827e+00  7.099643770e+00  4.698483107e+00  3.420000000e+03
 9.569678320e-01  3.651996139e+00  7.099256140e+00  4.694232133e+00  3.425000000e+03
 9.565642120e-01  3.648483667e+00  7.098862090e+00  4.689984650e+00  3.430000000e+03
 9.561600430e-01  3.644976326e+00  7.098460760e+00  4.685735653e+00  3.435000000e+03
 9.557553960e-01  3.641474484e+00  7.098051280e+00  4.681487454e+00  3.440000000e+03
 9.553503380e-01  3.637978335e+00  7.097632790e+00  4.677239522e+00  3.445000000e+03
 9.549449410e-01  3.634488260e+00  7.097204400e+00  4.672994070e+00  3.450000000e+03
 9.545392710e-01  3.631004515e+00  7.096765270e+00  4.668751617e+00  3.455000000e+03
 9.541334000e-01  3.627527174e+00  7.096314510e+00  4.664509319e+00  3.460000000e+03
 9.537273950e-01  3.624056674e+00  7.095851270e+00  4.660270924e+00  3.465000000e+03
 9.533213270e-01  3.620593157e+00  7.095374680e+00  4.656034942e+00  3.470000000e+03
 9.529152640e-01  3.617137053e+00  7.094883860e+00  4.651804031e+00  3.475000000e+03
 9.525092760e-01  3.613688549e+00  7.094377950e+00  4.647577912e+00  3.480000000e+03
 9.521034310e-01  3.610248014e+00  7.093856090e+00  4.643358731e+00  3.485000000e+03
 9.516978000e-01  3.606815391e+00  7.093317400e+00  4.639141714e+00  3.490000000e+03
 9.512924510e-01  3.603391068e+00  7.092761030e+00  4.634929692e+00  3.495000000e+03
 9.508874540e-01  3.599975512e+00  7.092186090e+00  4.630726013e+00  3.500000000e+03
 9.504828770e-01  3.596568811e+00  7.091591730e+00  4.626528542e+00  3.505000000e+03
 9.500787910e-01  3.593171201e+00  7.090977070e+00  4.622337454e+00  3.510000000e+03
 9.496752630e-01  3.589783053e+00  7.090341260e+00  4.618154456e+00  3.515000000e+03
 9.492723640e-01  3.586404569e+00  7.089683410e+00  4.613979701e+00  3.520000000e+03
 9.488701630e-01  3.583036098e+00  7.089002680e+00  4.609814689e+00  3.525000000e+03
 9.484687280e-01  3.579677633e+00  7.088298180e+00  4.605655569e+00  3.530000000e+03
 9.480681300e-01  3.576329831e+00  7.087569040e+00  4.601509324e+00  3.535000000e+03
 9.476684360e-01  3.572992827e+00  7.086814420e+00  4.597373899e+00  3.540000000e+03
 9.472697170e-01  3.569666537e+00  7.086033420e+00  4.593244943e+00  3.545000000e+03
 9.468720420e-01  3.566351670e+00  7.085225200e+00  4.589130579e+00  3.550000000e+03
 9.464754800e-01  3.563048344e+00  7.084388870e+00  4.585030698e+00  3.555000000e+03
 9.460801000e-01  3.559756779e+00  7.083523580e+00  4.580934792e+00  3.560000000e+03
 9.456859710e-01  3.556477347e+00  7.082628460e+00  4.576851973e+00  3.565000000e+03
 9.452931630e-01  3.553210249e+00  7.081702630e+00  4.572781897e+00  3.570000000e+03
 9.449017440e-01  3.549955913e+00  7.080745240e+00  4.567289503e+00  3.575000000e+03
 9.445117850e-01  3.546714238e+00  7.079755400e+00  4.563312395e+00  3.580000000e+03
 9.441233540e-01  3.543485632e+00  7.078732270e+00  4.559349124e+00  3.585000000e+03
 9.437365200e-01  3.540270562e+00  7.077674960e+00  4.555402941e+00  3.590000000e+03
 9.433513520e-01  3.537069172e+00  7.076582620e+00  4.551472313e+00  3.595000000e+03
 9.429679210e-01  3.533881902e+00  7.075454370e+00  4.547560558e+00  3.600000000e+03
 9.425862950e-01  3.530708654e+00  7.074289350e+00  4.543661024e+00  3.605000000e+03
 9.422065430e-01  3.527550117e+00  7.073086680e+00  4.539779670e+00  3.610000000e+03
 9.418287340e-01  3.524406187e+00  7.071845510e+00  4.535915120e+00  3.615000000e+03
 9.414529380e-01  3.521277303e+00  7.070564970e+00  4.532069047e+00  3.620000000e+03
 9.410792250e-01  3.518163695e+00  7.069244180e+00  4.528238284e+00  3.625000000e+03
 9.407076620e-01  3.515065729e+00  7.067882280e+00  4.524428314e+00  3.630000000e+03
 9.403383200e-01  3.511983548e+00  7.066478400e+00  4.520637129e+00  3.635000000e+03
 9.399712670e-01  3.508917641e+00  7.065031680e+00  4.516868163e+00  3.640000000e+03
 9.396065730e-01  3.505867934e+00  7.063541250e+00  4.513116478e+00  3.645000000e+03
 9.392443070e-01  3.502835029e+00  7.062006240e+00  4.509387613e+00  3.650000000e+03
 9.388845380e-01  3.499819165e+00  7.060425780e+00  4.505681845e+00  3.655000000e+03
 9.385273360e-01  3.496820488e+00  7.058799010e+00  4.501997212e+00  3.660000000e+03
 9.381727690e-01  3.493839197e+00  7.057125060e+00  4.498333443e+00  3.665000000e+03
 9.378209080e-01  3.490876125e+00  7.055403060e+00  4.494693104e+00  3.670000000e+03
 9.374718200e-01  3.487929921e+00  7.053632140e+00  4.491078874e+00  3.675000000e+03
 9.371255760e-01  3.485001302e+00  7.051811440e+00  4.487485758e+00  3.680000000e+03
 9.367822440e-01  3.482092963e+00  7.049940090e+00  4.483916980e+00  3.685000000e+03
 9.364418940e-01  3.479203433e+00  7.048017220e+00  4.480371649e+00  3.690000000e+03
 9.361045950e-01  3.476331252e+00  7.046041960e+00  4.476855141e+00  3.695000000e+03
 9.357704160e-01  3.473478573e+00  7.044013460e+00  4.473360574e+00  3.700000000e+03
 9.354394260e-01  3.470646225e+00  7.041930830e+00  4.469893259e+00  3.705000000e+03
 9.351116950e-01  3.467834102e+00  7.039793210e+00  4.466452947e+00  3.710000000e+03
 9.347872920e-01  3.465042478e+00  7.037599740e+00  4.463042698e+00  3.715000000e+03
 9.344662860e-01  3.462271265e+00  7.035349550e+00  4.459659467e+00  3.720000000e+03
 9.341487460e-01  3.459521104e+00  7.033041770e+00  4.456307763e+00  3.725000000e+03
 9.338347420e-01  3.456791916e+00  7.030675530e+00  4.452982859e+00  3.730000000e+03
 9.335243420e-01  3.454084102e+00  7.028249960e+00  4.449684178e+00  3.735000000e+03
 9.332176160e-01  3.451398073e+00  7.025764210e+00  4.446416911e+00  3.740000000e+03
 9.329146340e-01  3.448733714e+00  7.023217390e+00  4.443178073e+00  3.745000000e+03
 9.326154630e-01  3.446091499e+00  7.020608650e+00  4.439970745e+00  3.750000000e+03
 9.323201750e-01  3.443471816e+00  7.017937120e+00  4.436796996e+00  3.755000000e+03
 9.320288370e-01  3.440874775e+00  7.015201920e+00  4.433655803e+00  3.760000000e+03
 9.317415190e-01  3.438300613e+00  7.012402200e+00  4.430546468e+00  3.765000000e+03
 9.314582900e-01  3.435749701e+00  7.009537080e+00  4.427471365e+00  3.770000000e+03
 9.311792190e-01  3.433222215e+00  7.006605690e+00  4.424429643e+00  3.775000000e+03
 9.309043770e-01  3.430718292e+00  7.003607180e+00  4.421420125e+00  3.780000000e+03
 9.306338310e-01  3.428238423e+00  7.000540670e+00  4.418446274e+00  3.785000000e+03
 9.303676510e-01  3.425782913e+00  6.997405290e+00  4.415509515e+00  3.790000000e+03
 9.301059060e-01  3.423351800e+00  6.994200180e+00  4.412606230e+00  3.795000000e+03
 9.298486660e-01  3.420962205e+00  6.990924470e+00  4.409738942e+00  3.800000000e+03
 9.295960000e-01  3.418599458e+00  6.987577300e+00  4.406910111e+00  3.805000000e+03
 9.293479770e-01  3.416255539e+00  6.984157780e+00  4.404120025e+00  3.810000000e+03
 9.291046650e-01  3.413934892e+00  6.980665070e+00  4.401365126e+00  3.815000000e+03
 9.288661350e-01  3.411639606e+00  6.977098290e+00  4.398652862e+00  3.820000000e+03
 9.286324560e-01  3.409370465e+00  6.973456570e+00  4.395975275e+00  3.825000000e+03
 9.284036960e-01  3.407130073e+00  6.969739040e+00  4.393338151e+00  3.830000000e+03
 9.281799260e-01  3.404930362e+00  6.965944850e+00  4.390736225e+00  3.835000000e+03
 9.279612140e-01  3.402726654e+00  6.962073110e+00  4.388174432e+00  3.840000000e+03
 9.277476290e-01  3.400548809e+00  6.958122970e+00  4.385650081e+00  3.845000000e+03
 9.275392400e-01  3.398396974e+00  6.954093560e+00  4.383152369e+00  3.850000000e+03
 9.273361180e-01  3.396271313e+00  6.949984000e+00  4.380639641e+00  3.855000000e+03
 9.271383310e-01  3.394172329e+00  6.945793440e+00  4.378270451e+00  3.860000000e+03
 9.269459480e-01  3.392099738e+00  6.941521000e+00  4.375937998e+00  3.865000000e+03
 9.267590380e-01  3.390053987e+00  6.937165810e+00  4.373623702e+00  3.870000000e+03
 9.265776720e-01  3.388064230e+00  6.932727020e+00  4.371419098e+00  3.875000000e+03
 9.264019170e-01  3.386092079e+00  6.928203750e+00  4.369263743e+00  3.880000000e+03
 9.262318430e-01  3.384141192e+00  6.923595130e+00  4.367153346e+00  3.885000000e+03
 9.260675200e-01  3.382215136e+00  6.918900300e+00  4.365091341e+00  3.890000000e+03
 9.259090170e-01  3.380314904e+00  6.914118400e+00  4.363075948e+00  3.895000000e+03
 9.257564020e-01  3.378441434e+00  6.909248540e+00  4.361113445e+00  3.900000000e+03
 9.256097450e-01  3.376602433e+00  6.904289870e+00  4.359200218e+00  3.905000000e+03
 9.254691160e-01  3.374787634e+00  6.899241520e+00  4.357335460e+00  3.910000000e+03
 9.253345830e-01  3.372998719e+00  6.894102620e+00  4.355521347e+00  3.915000000e+03
 9.252062150e-01  3.371236903e+00  6.888872300e+00  4.353761425e+00  3.920000000e+03
 9.250840830e-01  3.369502477e+00  6.883549700e+00  4.352054496e+00  3.925000000e+03
 9.249682550e-01  3.367795742e+00  6.878133940e+00  4.350399895e+00  3.930000000e+03
 9.248588000e-01  3.366113829e+00  6.872624170e+00  4.348800269e+00  3.935000000e+03
 9.247557870e-01  3.364461576e+00  6.867019510e+00  4.347252056e+00  3.940000000e+03
 9.246592860e-01  3.362839296e+00  6.861319100e+00  4.345762403e+00  3.945000000e+03
 9.245693670e-01  3.361248817e+00  6.855522070e+00  4.344329707e+00  3.950000000e+03
 9.244860970e-01  3.359696004e+00  6.849627550e+00  4.342947996e+00  3.955000000e+03
 9.244095470e-01  3.358153914e+00  6.843634670e+00  4.341621194e+00  3.960000000e+03
 9.243397860e-01  3.356638357e+00  6.837542570e+00  4.340355322e+00  3.965000000e+03
 9.242768820e-01  3.355148011e+00  6.831350380e+00  4.339146282e+00  3.970000000e+03
 9.242209050e-01  3.353684135e+00  6.825057240e+00  4.338000562e+00  3.975000000e+03
 9.241719250e-01  3.352247417e+00  6.818662270e+00  4.336915268e+00  3.980000000e+03
 9.241300100e-01  3.350837835e+00  6.812164600e+00  4.335890024e+00  3.985000000e+03
 9.240952300e-01  3.349455221e+00  6.805563380e+00  4.334923168e+00  3.990000000e+03
 9.240676540e-01  3.348099790e+00  6.798857730e+00  4.334017887e+00  3.995000000e+03
 9.240473510e-01  3.346771512e+00  6.792046780e+00  4.333174616e+00  4.000000000e+03
 9.240343900e-01  3.345470579e+00  6.785129670e+00  4.332397734e+00  4.005000000e+03
 9.240288410e-01  3.344196071e+00  6.778105540e+00  4.331683636e+00  4.010000000e+03
 9.240307730e-01  3.342948463e+00  6.770973510e+00  4.331113167e+00  4.015000000e+03
 9.240402550e-01  3.341728415e+00  6.763732710e+00  4.330548519e+00  4.020000000e+03
 9.240573560e-01  3.340535497e+00  6.756382280e+00  4.330048619e+00  4.025000000e+03
 9.240821450e-01  3.339369625e+00  6.748921360e+00  4.329614241e+00  4.030000000e+03
 9.241146920e-01  3.338230683e+00  6.741349060e+00  4.329245985e+00  4.035000000e+03
 9.241550660e-01  3.337118609e+00  6.733664540e+00  4.328946303e+00  4.040000000e+03
 9.242033360e-01  3.336033197e+00  6.725866910e+00  4.328714568e+00  4.045000000e+03
 9.242595710e-01  3.334974367e+00  6.717955320e+00  4.328554761e+00  4.050000000e+03
 9.243238410e-01  3.333940603e+00  6.709928890e+00  4.328464009e+00  4.055000000e+03
 9.243962140e-01  3.332936726e+00  6.701786760e+00  4.328441917e+00  4.060000000e+03
 9.244767610e-01  3.331958409e+00  6.693528050e+00  4.328478408e+00  4.065000000e+03
 9.245655490e-01  3.331007166e+00  6.685151910e+00  4.328587394e+00  4.070000000e+03
 9.246626490e-01  3.330083872e+00  6.676657470e+00  4.328776888e+00  4.075000000e+03
 9.247681300e-01  3.329187291e+00  6.668043850e+00  4.329037918e+00  4.080000000e+03
 9.248820600e-01  3.328317293e+00  6.659310200e+00  4.329370638e+00  4.085000000e+03
 9.250045100e-01  3.327473958e+00  6.650455630e+00  4.329779095e+00  4.090000000e+03
 9.251355470e-01  3.326658143e+00  6.641479300e+00  4.330263009e+00  4.095000000e+03
 9.252752430e-01  3.325868430e+00  6.632380320e+00  4.330821536e+00  4.100000000e+03
 9.254236640e-01  3.325105186e+00  6.623157830e+00  4.331459170e+00  4.105000000e+03
 9.255808820e-01  3.324368073e+00  6.613810970e+00  4.332169141e+00  4.110000000e+03
 9.257469650e-01  3.323657520e+00  6.604338860e+00  4.331686897e+00  4.115000000e+03
 9.259219820e-01  3.322973311e+00  6.594740640e+00  4.332781599e+00  4.120000000e+03
 9.261060030e-01  3.322315323e+00  6.585015440e+00  4.333957493e+00  4.125000000e+03
 9.262990960e-01  3.321680172e+00  6.575162400e+00  4.335198464e+00  4.130000000e+03
 9.265013320e-01  3.321073050e+00  6.565180640e+00  4.336541122e+00  4.135000000e+03
 9.267127780e-01  3.320493331e+00  6.555069310e+00  4.337969610e+00  4.140000000e+03
 9.269335050e-01  3.319940811e+00  6.544827520e+00  4.339481796e+00  4.145000000e+03
 9.271635820e-01  3.319417213e+00  6.534454420e+00  4.341077010e+00  4.150000000e+03
 9.274030770e-01  3.318917090e+00  6.523949140e+00  4.342757716e+00  4.155000000e+03
 9.276520610e-01  3.318437393e+00  6.513310810e+00  4.344527414e+00  4.160000000e+03
 9.279106020e-01  3.317985114e+00  6.502538560e+00  4.346381716e+00  4.165000000e+03
 9.281787690e-01  3.317558663e+00  6.491631520e+00  4.348323521e+00  4.170000000e+03
 9.284566320e-01  3.317157898e+00  6.480588840e+00  4.350357648e+00  4.175000000e+03
 9.287442600e-01  3.316782381e+00  6.469409630e+00  4.352472873e+00  4.180000000e+03
 9.290417220e-01  3.316431942e+00  6.458093040e+00  4.354676688e+00  4.185000000e+03
 9.293490870e-01  3.316106736e+00  6.446638190e+00  4.356974453e+00  4.190000000e+03
 9.296664250e-01  3.315804847e+00  6.435044230e+00  4.359377003e+00  4.195000000e+03
 9.299938050e-01  3.315527726e+00  6.423310270e+00  4.361863785e+00  4.200000000e+03
 9.303312960e-01  3.315272879e+00  6.411435460e+00  4.364440507e+00  4.205000000e+03
 9.306789670e-01  3.315042156e+00  6.399418920e+00  4.367109640e+00  4.210000000e+03
 9.310368870e-01  3.314835318e+00  6.387259790e+00  4.369874871e+00  4.215000000e+03
 9.314051260e-01  3.314651271e+00  6.374957210e+00  4.372746733e+00  4.220000000e+03
 9.317837530e-01  3.314489132e+00  6.362510300e+00  4.375721490e+00  4.225000000e+03
 9.321728370e-01  3.314348540e+00  6.349918190e+00  4.378790523e+00  4.230000000e+03
 9.325724470e-01  3.314226949e+00  6.337180030e+00  4.381959932e+00  4.235000000e+03
 9.329826530e-01  3.314126704e+00  6.324294940e+00  4.385229079e+00  4.240000000e+03
 9.334035240e-01  3.314046102e+00  6.311262050e+00  4.388607872e+00  4.245000000e+03
 9.338351280e-01  3.313983922e+00  6.298080500e+00  4.392086887e+00  4.250000000e+03
 9.342775360e-01  3.313939418e+00  6.284749420e+00  4.395680431e+00  4.255000000e+03
 9.347308160e-01  3.313911681e+00  6.271267950e+00  4.399391066e+00  4.260000000e+03
 9.351950370e-01  3.313899019e+00  6.257635210e+00  4.403212396e+00  4.265000000e+03
 9.356702700e-01  3.313900252e+00  6.243850330e+00  4.407157335e+00  4.270000000e+03
 9.361565820e-01  3.313914333e+00  6.229912460e+00  4.411223006e+00  4.275000000e+03
 9.366540440e-01  3.313940062e+00  6.215820730e+00  4.415412176e+00  4.280000000e+03
 9.371627240e-01  3.313982670e+00  6.201574250e+00  4.419734047e+00  4.285000000e+03
 9.376826920e-01  3.314032455e+00  6.187172180e+00  4.424184753e+00  4.290000000e+03
 9.382140160e-01  3.314088309e+00  6.172613640e+00  4.428778255e+00  4.295000000e+03
 9.387567670e-01  3.314149471e+00  6.157897760e+00  4.433515144e+00  4.300000000e+03
 9.393110130e-01  3.314215859e+00  6.143023680e+00  4.438396976e+00  4.305000000e+03
 9.398768240e-01  3.314210921e+00  6.127990530e+00  4.443434433e+00  4.310000000e+03
 9.404542680e-01  3.314231706e+00  6.112797440e+00  4.448622948e+00  4.315000000e+03
 9.410434160e-01  3.314261524e+00  6.097443540e+00  4.453983891e+00  4.320000000e+03
 9.416443350e-01  3.314291591e+00  6.081927970e+00  4.459519428e+00  4.325000000e+03
 9.422570960e-01  3.314300961e+00  6.066249860e+00  4.465234420e+00  4.330000000e+03
 9.428817680e-01  3.314227200e+00  6.050408350e+00  4.471142886e+00  4.335000000e+03
 9.435184190e-01  3.314190257e+00  6.034402560e+00  4.477239465e+00  4.340000000e+03
 9.441671200e-01  3.314152158e+00  6.018231620e+00  4.483551514e+00  4.345000000e+03
 9.448279380e-01  3.314106492e+00  6.001894680e+00  4.490095769e+00  4.350000000e+03
