10  2.063973573e-07
4 3  4.825000939e-01  1.333333333e+00  7.382648171e-01  5.091273568e-01  2.987036333e+08 -2.074279363e-02  3.610308662e+06  4.191362326e+02  1.337078489e+00  1.686654876e-03 -1.016069097e-02 -1.877561215e-02 -3.367988825e+00 -5.382615831e+00  8.519922286e-03  2.219506356e-03  9.984167507e-01  1.015800167e+00  2.865721701e+00
5 3  6.168057147e-01  1.666666667e+00  6.614122189e-01  5.091273568e-01  1.997778582e+08 -1.094458001e-02  3.610308662e+06  2.851957536e+02  1.230187246e+00  1.753663917e-03 -3.103621047e-03 -9.287125191e-03 -2.459130668e+00 -4.173503911e+00  8.421934374e-03  2.202906842e-03  1.074938921e+00  1.008102080e+00  2.908514391e+00
6 3  7.160617876e-01  2.000000000e+00  6.186263242e-01  5.091273568e-01  1.623582681e+08 -3.796474572e-03  3.610308662e+06  2.124397504e+02  1.208080620e+00  1.837898560e-03  1.831454964e-03 -3.140793685e-03 -1.950986887e+00 -3.348676416e+00  8.498582382e-03  2.217730843e-03  1.178239128e+00  1.004479632e+00  2.803681685e+00
7 3  7.951005189e-01  2.333333333e+00  5.908193685e-01  5.091273568e-01  1.485771719e+08 -1.406002038e-03  3.610308662e+06  1.771785532e+02  1.217545126e+00  1.897690327e-03  3.079861014e-03 -1.146516310e-03 -1.605006690e+00 -2.771928676e+00  8.595919746e-03  2.244257288e-03  1.302401082e+00  1.002352323e+00  2.662764263e+00
8 3  8.600948822e-01  2.666666667e+00  5.749198860e-01  5.091273568e-01  1.302085032e+08 -3.316222761e-04  3.610308662e+06  1.534375613e+02  1.165040062e+00  1.628745776e-03  2.650153543e-03 -5.804244226e-04 -2.642924288e-01 -2.483262850e+00  8.286698303e-03  2.179326966e-03  1.465172064e+00  1.000866852e+00  2.516639474e+00
9 3  9.040594757e-01  3.000000000e+00  6.101133709e-01  5.091273568e-01  1.095920443e+08  1.200343541e-02  3.610308662e+06  1.286729819e+02  1.007801397e+00  1.344220276e-03 -2.821185619e-04  3.355053767e-03  1.219678280e+01 -2.369084083e+00  7.451577875e-03  1.959097811e-03  1.717356405e+00  9.999058655e-01  2.349102304e+00
10 3  9.325625561e-01  3.333333333e+00  6.777251601e-01  5.091273568e-01  1.140711303e+08  9.722989296e-03  3.610308662e+06  1.069665166e+02  1.026218620e+00  2.378109872e-03  2.129929792e-02  1.101982623e-02 -7.467006832e+00 -4.554260447e+00  7.538223956e-03  1.955134994e-03  2.161961920e+00  9.994125670e-01  2.179772162e+00
11 3  9.746001702e-01  3.666666667e+00  3.046468477e-01  5.091273568e-01  2.995226742e+07  2.692592161e-02  3.610308662e+06  1.211024549e+02  9.615115720e-01  9.639914597e-03  6.911900445e-02  1.753124421e-02 -3.235019717e+01 -2.524684009e+01  7.688053703e-03  2.185927819e-03  2.624575510e+00  9.998091039e-01  2.071758868e+00
12 3  9.888232391e-01  4.000000000e+00  2.355829162e-01  5.091273568e-01  8.248260323e+06  2.278507381e-02  3.610308662e+06  1.243565313e+02  6.609723760e-01  6.284592713e-03  3.365077858e-02  1.071414952e-02 -1.894311910e+01 -1.147331118e+01  6.022977603e-03  1.939623378e-03  4.175589015e+00  9.999304282e-01  1.927061277e+00
13 3  9.958528024e-01  4.333333333e+00  2.124447687e-01  5.091273568e-01  3.927777402e+06  1.911235708e-02  3.610308662e+06  1.193593404e+02  4.876456099e-01  3.568878218e-03  2.044427065e-02  7.090871004e-03 -1.480423651e+01 -6.148861807e+00  4.868249073e-03  1.660501831e-03  8.866678252e+00  9.999745299e-01  1.791550513e+00
