11  2.172343600e-07
4 3  4.002381070e-01  1.333333333e+00  7.751710175e-01  5.070973819e-01  2.745981038e+07 -3.063045626e-02  9.624173144e+05  3.069266495e+02  1.395276883e+00  1.566675866e-03 -1.924203851e-02 -3.063045626e-02 -3.237079981e-02 -4.025352733e+00 -5.513786907e+00  4.693618171e-03  2.077168102e-03  9.913945923e-01  1.013344815e+00  2.678276456e+00  3.435479950e-01
5 3  5.261715858e-01  1.666666667e+00  7.017481547e-01  5.070973819e-01  2.839507335e+07 -2.176688682e-02  9.446623695e+05  2.121395736e+02  1.315044032e+00  1.730223981e-03 -1.333417210e-02 -2.176688682e-02 -2.370478649e-02 -2.813169619e+00 -4.727795720e+00  8.083376642e-03  2.910117029e-03  1.045598620e+00  1.008296427e+00  2.802756223e+00  5.135364053e-01
6 3  6.261996525e-01  2.000000000e+00  6.605537316e-01  5.070973819e-01  2.761382134e+07 -1.784758301e-02  2.065440856e+06  1.682987551e+02  1.319098437e+00  1.962554669e-03 -1.122173550e-02 -1.784758301e-02 -1.892239847e-02 -2.056206946e+00 -3.902670665e+00  9.531753344e-03  3.208783117e-03  1.126358907e+00  1.005243412e+00  2.771229651e+00  6.353064450e-01
7 3  7.104297963e-01  2.333333333e+00  6.343256349e-01  5.070973819e-01  2.751125985e+07 -1.217177266e-02  1.100201018e+06  1.387598178e+02  1.336228649e+00  2.163792808e-03 -6.579533420e-03 -1.217177266e-02 -1.186260824e-02 -1.614997355e+00 -3.329910021e+00  9.254188774e-03  3.060084558e-03  1.218589558e+00  1.003186856e+00  2.689333555e+00  7.291094331e-01
8 3  7.832762003e-01  2.666666667e+00  6.159862724e-01  5.070973819e-01  2.791743816e+07 -9.155486857e-03  1.744843892e+06  1.212199197e+02  1.359568504e+00  2.333742288e-03 -4.246717522e-03 -9.155486857e-03 -9.111985849e-03 -1.351629097e+00 -2.887550813e+00  9.622008079e-03  3.351758355e-03  1.321925831e+00  1.001600105e+00  2.590353379e+00  8.052185601e-01
9 3  8.450402519e-01  3.000000000e+00  6.022614550e-01  5.070973819e-01  2.757896358e+07 -7.494671541e-03  4.701725295e+06  1.067445775e+02  1.314472223e+00  2.288193086e-03 -2.937707140e-03 -7.494671541e-03 -7.908191143e-03 -1.270492566e+00 -2.586077446e+00  8.254107574e-03  3.219502837e-03  1.448989540e+00  1.000380692e+00  2.481075027e+00  8.667337127e-01
10 3  8.918581444e-01  3.333333333e+00  5.938950081e-01  5.070973819e-01  2.722714585e+07 -1.309798198e-03  6.147607989e+06  9.243729317e+01  1.223112352e+00  2.036748512e-03  3.094701300e-03 -1.309798198e-03 -1.511482770e-03 -5.832244099e-01 -2.617175764e+00  5.133549516e-03  2.352370251e-03  1.628740001e+00  9.995876438e-01  2.354812711e+00  9.129164187e-01
11 3  9.279272734e-01  3.666666667e+00  5.909086189e-01  5.070973819e-01  2.471362342e+07  1.021638282e-02  3.477910610e+06  7.876607501e+01  1.382896436e+00  6.708995049e-03  3.343576204e-02  1.021638282e-02  1.094019902e-02 -5.993408023e+00 -1.225421418e+01  4.398744317e-03  2.131908851e-03  1.908990160e+00  9.991950469e-01  2.226441234e+00  9.465052657e-01
12 3  9.683718126e-01  4.000000000e+00  2.912680864e-01  5.070973819e-01  6.793238543e+06  1.439430147e-02  6.407112542e+05  9.159348371e+01  1.005796446e+00  1.009005641e-02  4.443333633e-02  1.439430147e-02  1.945312110e-02 -2.258166770e+01 -1.341494905e+01  4.165895171e-03  2.659704670e-03  2.285537949e+00  9.998476429e-01  2.131250166e+00  9.800168039e-01
13 3  9.832474914e-01  4.333333333e+00  2.449095243e-01  5.070973819e-01  3.899716221e+06  7.382138677e-03  2.411700863e+05  9.316266505e+01  7.836545362e-01  6.860366869e-03  2.256651665e-02  7.382138677e-03  1.531079002e-02 -1.565463265e+01 -6.490008085e+00  4.370866263e-03  2.490393772e-03  3.355081121e+00  9.999110563e-01  1.997655406e+00  9.897576339e-01
14 3  9.913486674e-01  4.666666667e+00  2.246893566e-01  5.070973819e-01  2.919965643e+06  4.043241433e-03  1.664999368e+05  9.018356876e+01  6.216204302e-01  4.418480921e-03  1.487391453e-02  4.043241433e-03  1.247681570e-02 -1.367573724e+01 -4.262666184e+00  4.098031507e-03  2.182988313e-03  5.417260815e+00  9.999374997e-01  1.870298634e+00  9.947477148e-01
