10  2.240406212e-07
4 3  4.347225767e-01  1.333333333e+00  6.904709408e-01  5.070852963e-01  3.117005646e+07 -3.057073981e-02  4.002507482e+05  3.413336197e+02  1.379874249e+00  1.639086794e-03 -1.853347742e-02 -3.057073981e-02 -3.351450303e-02 -4.569550729e+00 -5.802187236e+00  5.116483012e-03  2.168550290e-03  9.937778193e-01  1.015705015e+00  2.732792113e+00  3.789819712e-01
5 3  5.666720261e-01  1.666666667e+00  6.120867641e-01  5.070852963e-01  2.971752000e+07 -2.417246927e-02  1.729599488e+06  2.411840429e+02  1.288955253e+00  1.772637210e-03 -1.572898339e-02 -2.417246927e-02 -2.630768224e-02 -2.797055257e+00 -4.871796395e+00  9.428393397e-03  3.190972501e-03  1.055981768e+00  1.009187731e+00  2.831526054e+00  5.551031055e-01
6 3  6.699905236e-01  2.000000000e+00  5.734004162e-01  5.070852963e-01  2.826945786e+07 -1.767164302e-02  1.510951793e+06  1.866458460e+02  1.298254177e+00  2.019692650e-03 -1.114572656e-02 -1.767164302e-02 -1.835233113e-02 -1.860671852e+00 -4.027088280e+00  9.296290994e-03  3.097618243e-03  1.140184069e+00  1.005387671e+00  2.779315224e+00  6.792788363e-01
7 3  7.584679880e-01  2.333333333e+00  5.508961099e-01  5.070852963e-01  2.784985565e+07 -1.106315674e-02  1.163753501e+06  1.548329723e+02  1.329739903e+00  2.258396977e-03 -5.770508023e-03 -1.106315674e-02 -1.088632202e-02 -1.276858446e+00 -3.358736926e+00  9.659528740e-03  3.304195058e-03  1.232533302e+00  1.002739999e+00  2.689765376e+00  7.772689059e-01
8 3  8.328260325e-01  2.666666667e+00  5.382487013e-01  5.070852963e-01  2.707141258e+07 -8.813404695e-03  3.681846613e+06  1.319931269e+02  1.285936931e+00  2.180618067e-03 -4.448031261e-03 -8.813404695e-03 -8.842912535e-03 -7.538704990e-01 -2.826347324e+00  8.981162272e-03  3.347708042e-03  1.351981694e+00  1.000914709e+00  2.579575303e+00  8.528311261e-01
9 3  8.859463659e-01  3.000000000e+00  5.388018389e-01  5.070852963e-01  2.657416533e+07 -2.601122374e-03  6.133950013e+06  1.109986008e+02  1.138652148e+00  1.459194013e-03  1.761647647e-04 -2.601122374e-03 -8.746781643e-04  1.813752440e+00 -2.603137481e+00  5.459007020e-03  2.473409935e-03  1.531187549e+00  9.999004681e-01  2.436736211e+00  9.045349165e-01
10 3  9.209937329e-01  3.333333333e+00  5.535246555e-01  5.070852963e-01  2.708630125e+07  4.788265603e-03  4.090403855e+06  9.320757911e+01  1.048796132e+00  1.662558868e-03  9.689711951e-03  4.788265603e-03  4.944171948e-03 -2.140693089e+00 -2.370182579e+00  3.852784484e-03  1.830883011e-03  1.832560378e+00  9.994313844e-01  2.278748982e+00  9.378340858e-01
11 3  9.550533759e-01  3.666666667e+00  4.004395438e-01  5.070852963e-01  2.474373269e+07  1.429445556e-02  1.728874535e+06  8.957657617e+01  1.304850707e+00  7.933091209e-03  6.928656142e-02  1.429445556e-02  6.261253172e-03 -4.554250854e+01 -1.316895757e+01  4.224863471e-03  2.374843863e-03  2.230264109e+00  9.994788143e-01  2.148302216e+00  9.682812234e-01
12 3  9.824116597e-01  4.000000000e+00  2.518812098e-01  5.070852963e-01  5.341361921e+06  1.408061457e-02  2.579677953e+05  1.003607944e+02  8.499869384e-01  1.032855331e-02  5.829273059e-02  1.408061457e-02  2.463250858e-02 -2.134484596e+01 -2.161551138e+01  4.384585827e-03  2.512226209e-03  3.064794959e+00  9.998585123e-01  2.026458179e+00  9.885754124e-01
13 3  9.920848898e-01  4.333333333e+00  2.226525257e-01  5.070852963e-01  2.764862316e+06  9.116736473e-03  1.597496325e+05  9.984485081e+01  5.938451732e-01  5.482694286e-03  2.654681257e-02  9.116736473e-03  2.059934840e-02 -1.626216034e+01 -7.710339277e+00  3.884204958e-03  2.155087090e-03  5.077134660e+00  9.999572621e-01  1.889181806e+00  9.949022672e-01
