10  2.069282956e-07
4 3  4.630731218e-01  1.333333333e+00  7.426353090e-01  5.051228639e-01  3.923254923e+07 -2.462879976e-02  1.937523708e+05  4.359033569e+02  1.390241441e+00  1.467246724e-03 -1.570475754e-02 -2.462879976e-02 -2.669012584e-02 -3.552780159e+00 -4.842995930e+00  5.567544024e-03  2.306911134e-03  9.918615306e-01  1.015830064e+00  2.814728907e+00  4.084434178e-01
5 3  6.039760245e-01  1.666666667e+00  6.614039579e-01  5.051228639e-01  3.715053383e+07 -1.543560832e-02  2.260914523e+06  2.921610000e+02  1.272622437e+00  1.705549590e-03 -7.665601292e-03 -1.543560832e-02 -1.719862455e-02 -2.527651765e+00 -5.206265855e+00  9.758528110e-03  3.253090025e-03  1.061118730e+00  1.007967391e+00  2.914218468e+00  5.974912996e-01
6 3  7.068012967e-01  2.000000000e+00  6.181469383e-01  5.051228639e-01  3.427493607e+07 -9.396993512e-03  1.209086814e+06  2.275176881e+02  1.230066513e+00  1.874394094e-03 -2.812974236e-03 -9.396993512e-03 -1.011060384e-02 -1.943167183e+00 -4.589169647e+00  8.986074781e-03  2.958812305e-03  1.160317319e+00  1.004234677e+00  2.831439133e+00  7.197311609e-01
7 3  7.871864181e-01  2.333333333e+00  5.909054066e-01  5.051228639e-01  3.263001900e+07 -4.726633012e-03  1.859887749e+06  1.849310919e+02  1.235631308e+00  2.071589474e-03  1.076307531e-03 -4.726633012e-03 -5.124303190e-03 -1.644072824e+00 -3.981180027e+00  9.330225184e-03  3.246797864e-03  1.279251959e+00  1.002231747e+00  2.697575675e+00  8.067066186e-01
8 3  8.567913012e-01  2.666666667e+00  5.711003678e-01  5.051228639e-01  3.028627472e+07 -4.507137850e-03  5.397482775e+06  1.549045533e+02  1.229804293e+00  2.172237686e-03  4.508264566e-04 -4.507137850e-03 -5.082201052e-03 -1.027942255e+00 -3.470362382e+00  7.762570529e-03  3.126848680e-03  1.436092613e+00  1.000874247e+00  2.565609206e+00  8.739472700e-01
9 3  9.039488026e-01  3.000000000e+00  6.046527489e-01  5.051228639e-01  2.935822407e+07  9.855752664e-04  6.056200307e+06  1.268632215e+02  1.009815754e+00  1.433654575e-03 -2.967922428e-03  9.855752664e-04  1.171884394e-02  1.548821991e+01 -3.282089906e+00  4.396894922e-03  2.040500142e-03  1.683250116e+00  9.999909312e-01  2.403938289e+00  9.190688859e-01
10 3  9.289875510e-01  3.333333333e+00  7.244473428e-01  5.051228639e-01  3.197101484e+07  7.982166643e-03  3.965809365e+06  1.045531912e+02  8.357279067e-01  1.398378216e-03  3.639479772e-04  7.982166643e-03  2.158770452e-02  2.338243807e+01 -2.147205881e+00  3.215328392e-03  1.551157628e-03  2.190322065e+00  9.994787909e-01  2.222334385e+00  9.425575495e-01
11 3  9.660110969e-01  3.666666667e+00  4.534507004e-01  5.051228639e-01  2.995678603e+07  1.892090877e-02  1.107624639e+06  1.067783739e+02  1.715503097e+00  1.563984578e-02  9.397875045e-02  1.892090877e-02  2.138571102e-02 -5.969863704e+01 -2.180974628e+01  5.330640189e-03  3.044173953e-03  2.391716897e+00  9.995135338e-01  2.100893504e+00  9.749735787e-01
12 3  9.888027330e-01  4.000000000e+00  2.847338408e-01  5.051228639e-01  5.260843163e+06  9.172972752e-03  2.102385447e+05  1.145831699e+02  6.804657724e-01  7.504644851e-03  5.278709874e-02  9.172972752e-03  2.281068040e-02 -2.379435783e+01 -2.322695570e+01  4.061784383e-03  2.207373136e-03  3.678505142e+00  9.998922008e-01  1.972002776e+00  9.920458195e-01
13 3  9.955305865e-01  4.333333333e+00  2.580158985e-01  5.051228639e-01  2.792098782e+06  6.380785483e-03  1.512247147e+05  1.091493825e+02  4.846571021e-01  4.343920757e-03  2.693597042e-02  6.380785483e-03  2.006199496e-02 -1.862511161e+01 -1.006887954e+01  3.504851188e-03  1.887009553e-03  7.269598228e+00  9.999744927e-01  1.832846551e+00  9.968298254e-01
