12  2.167344451e-07
4 3  3.692615178e-01  1.333333333e+00  8.494619088e-01  5.066101989e-01  3.394365793e+08 -4.212415864e-02  3.404203528e+06  3.117506523e+02  1.415015077e+00  1.448013184e-03 -2.995369632e-02 -4.212415864e-02 -3.677162564e+00 -5.816966699e+00  7.757651792e-03  2.039387302e-03  9.910569666e-01  1.009397537e+00  2.634663677e+00  3.074035786e-01
5 3  4.885144819e-01  1.666666667e+00  7.814100338e-01  5.066101989e-01  2.648985192e+08 -3.301378570e-02  3.404203528e+06  2.071373536e+02  1.337280011e+00  1.628605536e-03 -2.350965681e-02 -3.301378570e-02 -3.091642400e+00 -5.002684924e+00  8.011342710e-03  2.071779304e-03  1.035775518e+00  1.006131767e+00  2.779400837e+00  4.708131898e-01
6 3  5.858209157e-01  2.000000000e+00  7.353744633e-01  5.066101989e-01  2.230937447e+08 -2.417872337e-02  3.404203528e+06  1.640631761e+02  1.356823878e+00  1.912252597e-03 -1.651162108e-02 -2.417872337e-02 -2.583931655e+00 -4.132939342e+00  8.243614082e-03  2.152278211e-03  1.106158309e+00  1.003917091e+00  2.771407290e+00  5.923860279e-01
7 3  6.701128483e-01  2.333333333e+00  7.014362462e-01  5.066101989e-01  1.990564690e+08 -1.939893183e-02  3.404203528e+06  1.371531378e+02  1.383019065e+00  2.157568299e-03 -1.288443314e-02 -1.939893183e-02 -2.245761985e+00 -3.501765737e+00  8.443732754e-03  2.219304003e-03  1.186164411e+00  1.002254277e+00  2.712793320e+00  6.886338947e-01
8 3  7.436684379e-01  2.666666667e+00  6.752763072e-01  5.066101989e-01  1.884683711e+08 -1.557571893e-02  3.404203528e+06  1.200280435e+02  1.403651293e+00  2.309445237e-03 -9.837096251e-03 -1.557571893e-02 -2.006378242e+00 -3.032782898e+00  8.616711364e-03  2.266876139e-03  1.273639376e+00  1.000967945e+00  2.630864114e+00  7.670800071e-01
9 3  8.078685355e-01  3.000000000e+00  6.548035542e-01  5.066101989e-01  1.749522016e+08 -1.213313189e-02  3.404203528e+06  1.055823516e+02  1.404393238e+00  2.381921986e-03 -6.971382015e-03 -1.213313189e-02 -1.819789327e+00 -2.657717092e+00  8.656766977e-03  2.282336247e-03  1.376687752e+00  9.999847690e-01  2.537934758e+00  8.314110366e-01
10 3  8.593196334e-01  3.333333333e+00  6.392603310e-01  5.066101989e-01  1.511541874e+08 -7.701803274e-03  3.404203528e+06  9.254301082e+01  1.309657311e+00  2.196363537e-03 -2.530864903e-03 -7.701803274e-03 -1.786787332e+00 -2.575397766e+00  8.249203208e-03  2.178971922e-03  1.506445385e+00  9.993198060e-01  2.427996820e+00  8.819845631e-01
11 3  8.974385368e-01  3.666666667e+00  6.278503462e-01  5.066101989e-01  1.291054336e+08 -2.028429792e-03  3.404203528e+06  8.141201370e+01  1.204875326e+00  2.421941097e-03  6.089299653e-03 -2.028429792e-03 -1.973138473e+00 -4.139921727e+00  7.777466816e-03  2.053741625e-03  1.698202264e+00  9.989634883e-01  2.304361065e+00  9.188624996e-01
12 3  9.338032875e-01  4.000000000e+00  5.595111825e-01  5.066101989e-01  1.442730452e+08  1.103566867e-02  3.404203528e+06  7.314885561e+01  1.876550551e+00  1.867457437e-02  6.301341013e-02  1.103566867e-02 -4.214115084e+01 -1.719512926e+01  1.065948040e-02  2.852862975e-03  1.919274782e+00  9.990631807e-01  2.198143243e+00  9.519788827e-01
13 3  9.691801538e-01  4.333333333e+00  2.923114306e-01  5.066101989e-01  2.129965479e+07  2.157118437e-02  3.404203528e+06  8.261200395e+01  1.034263078e+00  1.063161788e-02  5.094021301e-02  2.157118437e-02 -2.090019815e+01 -1.248222574e+01  7.644122865e-03  2.312101225e-03  2.304366411e+00  9.997926784e-01  2.107463182e+00  9.806104920e-01
14 3  9.829200682e-01  4.666666667e+00  2.552234503e-01  5.066101989e-01  1.028507030e+07  1.690998025e-02  3.404203528e+06  8.336115225e+01  8.226289216e-01  7.358609964e-03  3.236437653e-02  1.690998025e-02 -1.306065376e+01 -6.495616320e+00  6.645867761e-03  2.137424527e-03  3.261116972e+00  9.998902068e-01  1.984866789e+00  9.895645353e-01
15 3  9.907567743e-01  5.000000000e+00  2.397556276e-01  5.066101989e-01  6.320994721e+06  1.102851651e-02  3.404203528e+06  8.074155402e+01  6.649447742e-01  4.937612828e-03  2.213497363e-02  1.102851651e-02 -1.093634740e+01 -4.401217689e+00  5.751719349e-03  1.906165190e-03  5.023425851e+00  9.999321180e-01  1.867390709e+00  9.943921233e-01
