12  2.141469818e-07
4 3  3.724292768e-01  1.333333333e+00  8.661645344e-01  5.057078535e-01  3.478800320e+08 -4.118468053e-02  3.433072991e+06  3.156617324e+02  1.426338645e+00  1.472422437e-03 -2.927695378e-02 -4.118468053e-02 -3.377784767e+00 -5.969005833e+00  7.828942611e-03  2.054886311e-03  9.913640192e-01  1.009591496e+00  2.643486325e+00  3.075896957e-01
5 3  4.928687576e-01  1.666666667e+00  7.999329384e-01  5.057078535e-01  2.657457260e+08 -3.176643404e-02  3.433072991e+06  2.073678581e+02  1.332606029e+00  1.634948800e-03 -2.247458699e-02 -3.176643404e-02 -2.984347476e+00 -5.041310842e+00  8.036530584e-03  2.073969401e-03  1.036730489e+00  1.006339639e+00  2.789673820e+00  4.728191297e-01
6 3  5.904709991e-01  2.000000000e+00  7.535717730e-01  5.057078535e-01  2.240552169e+08 -2.295422103e-02  3.433072991e+06  1.654162733e+02  1.355969144e+00  1.935237194e-03 -1.543537377e-02 -2.295422103e-02 -2.585373395e+00 -4.127148913e+00  8.272232701e-03  2.158595299e-03  1.107309602e+00  1.004052434e+00  2.778761528e+00  5.948442304e-01
7 3  6.758935052e-01  2.333333333e+00  7.179248596e-01  5.057078535e-01  2.005189654e+08 -1.813102399e-02  3.433072991e+06  1.388135717e+02  1.389670941e+00  2.211887989e-03 -1.174995224e-02 -1.813102399e-02 -2.304540719e+00 -3.467919503e+00  8.502426403e-03  2.235155974e-03  1.186904113e+00  1.002260220e+00  2.721499687e+00  6.926090959e-01
8 3  7.502804660e-01  2.666666667e+00  6.899114903e-01  5.057078535e-01  1.874868532e+08 -1.411933632e-02  3.433072991e+06  1.206921014e+02  1.396571882e+00  2.323421674e-03 -8.502275020e-03 -1.411933632e-02 -2.099304866e+00 -2.984566768e+00  8.633482197e-03  2.268615681e-03  1.276224240e+00  1.000936786e+00  2.639902366e+00  7.720016783e-01
9 3  8.138411666e-01  3.000000000e+00  6.680543660e-01  5.057078535e-01  1.726419376e+08 -1.035835668e-02  3.433072991e+06  1.053180919e+02  1.388451351e+00  2.367166864e-03 -5.270310338e-03 -1.035835668e-02 -1.940189186e+00 -2.618896826e+00  8.643394649e-03  2.272565993e-03  1.384716862e+00  1.000020283e+00  2.543041897e+00  8.357053591e-01
10 3  8.646475607e-01  3.333333333e+00  6.512464702e-01  5.057078535e-01  1.497200886e+08 -6.606781659e-03  3.433072991e+06  9.216496905e+01  1.298789168e+00  2.218510894e-03 -1.371460490e-03 -6.606781659e-03 -1.902255794e+00 -2.623411245e+00  8.258086526e-03  2.172922046e-03  1.520917572e+00  9.993963105e-01  2.430101561e+00  8.858083499e-01
11 3  9.020674240e-01  3.666666667e+00  6.404311791e-01  5.057078535e-01  1.258504988e+08 -6.050747438e-04  3.433072991e+06  8.122425660e+01  1.180329559e+00  2.441132247e-03  7.926327261e-03 -6.050747438e-04 -1.340201014e+00 -4.681322915e+00  7.727007575e-03  2.032536843e-03  1.724928699e+00  9.990120610e-01  2.303905216e+00  9.221129117e-01
12 3  9.406398890e-01  4.000000000e+00  5.311186956e-01  5.057078535e-01  1.329709732e+08  1.564277414e-02  3.433072991e+06  7.577200482e+01  1.917120822e+00  2.315426727e-02  7.735102132e-02  1.564277414e-02 -5.600848411e+01 -1.970191080e+01  1.097630235e-02  2.950461166e-03  1.932989284e+00  9.991147759e-01  2.202445089e+00  9.571561752e-01
13 3  9.726985521e-01  4.333333333e+00  2.749476601e-01  5.057078535e-01  1.805794603e+07  1.982328662e-02  3.433072991e+06  8.806093933e+01  9.853845665e-01  1.015046572e-02  4.628225187e-02  1.982328662e-02 -1.924874238e+01 -1.153659959e+01  7.474694118e-03  2.294529206e-03  2.405919649e+00  9.998219555e-01  2.103803379e+00  9.826304098e-01
14 3  9.851190375e-01  4.666666667e+00  2.482598415e-01  5.057078535e-01  8.990733363e+06  1.352465705e-02  3.433072991e+06  8.721773398e+01  7.786589708e-01  6.570197604e-03  2.668927049e-02  1.352465705e-02 -9.659821745e+00 -5.815716591e+00  6.450678142e-03  2.095502864e-03  3.478358968e+00  9.998894045e-01  1.978610023e+00  9.907417817e-01
15 3  9.921058778e-01  5.000000000e+00  2.379458559e-01  5.057078535e-01  5.687510199e+06  8.293616407e-03  3.433072991e+06  8.332130927e+01  6.229401541e-01  4.201734131e-03  1.782922972e-02  8.293616407e-03 -8.254203117e+00 -3.942887330e+00  5.534705882e-03  1.842805049e-03  5.491608998e+00  9.999212705e-01  1.859859479e+00  9.951130025e-01
