11  2.171609199e-07
4 3  4.225302073e-01  1.333333333e+00  7.628002428e-01  5.074854651e-01  3.076972545e+08 -2.856130902e-02  3.409268000e+06  3.274130231e+02  1.378560123e+00  1.681024815e-03 -1.699773454e-02 -2.856130902e-02 -3.968738358e+00 -6.155580991e+00  8.259185977e-03  2.138114900e-03  9.945160986e-01  1.014848096e+00  2.715493764e+00  3.661729618e-01
5 3  5.507615296e-01  1.666666667e+00  6.877281960e-01  5.074854651e-01  2.160796785e+08 -2.050803720e-02  3.409268000e+06  2.324708650e+02  1.290794307e+00  1.778702872e-03 -1.274874197e-02 -2.050803720e-02 -2.817846801e+00 -4.514791888e+00  8.297927228e-03  2.160612878e-03  1.053609855e+00  1.008966347e+00  2.815271414e+00  5.380138570e-01
6 3  6.515598427e-01  2.000000000e+00  6.449920929e-01  5.074854651e-01  1.788507049e+08 -1.604499955e-02  3.409268000e+06  1.814182224e+02  1.299731868e+00  1.968218852e-03 -1.014927303e-02 -1.604499955e-02 -2.132355899e+00 -3.497674551e+00  8.483868709e-03  2.225391374e-03  1.136395580e+00  1.005475544e+00  2.765824171e+00  6.592840505e-01
7 3  7.380358222e-01  2.333333333e+00  6.169038904e-01  5.074854651e-01  1.648542960e+08 -1.147142899e-02  3.409268000e+06  1.489737444e+02  1.339893030e+00  2.156259573e-03 -6.725980984e-03 -1.147142899e-02 -1.580945846e+00 -2.853056619e+00  8.790158116e-03  2.303704675e-03  1.226385791e+00  1.003046552e+00  2.678862900e+00  7.550546761e-01
8 3  8.126653951e-01  2.666666667e+00  6.038569263e-01  5.074854651e-01  1.501596506e+08 -7.867401952e-03  3.409268000e+06  1.289242737e+02  1.313157777e+00  1.917505754e-03 -4.512576726e-03 -7.867401952e-03 -3.218806519e-02 -2.436745347e+00  8.713737083e-03  2.289896167e-03  1.332051520e+00  1.001213528e+00  2.576312173e+00  8.321111918e-01
9 3  8.680365559e-01  3.000000000e+00  6.191655580e-01  5.074854651e-01  1.302483986e+08 -2.637199669e-03  3.409268000e+06  1.096216341e+02  1.197203590e+00  1.167250771e-03 -1.049188147e-03 -2.637199669e-03  3.126372658e+00 -2.296205360e+00  8.163270543e-03  2.147364846e-03  1.476843640e+00  9.999727113e-01  2.443057285e+00  8.880194698e-01
10 3  9.116814049e-01  3.333333333e+00  6.055422650e-01  5.074854651e-01  1.299219951e+08  4.137748303e-03  3.409268000e+06  9.269411308e+01  1.315743264e+00  4.839658088e-03  2.081294137e-02  4.137748303e-03 -1.475506582e+01 -5.716226491e+00  8.738092378e-03  2.283655230e-03  1.688244844e+00  9.992890479e-01  2.307725881e+00  9.302916988e-01
11 3  9.572505313e-01  3.666666667e+00  3.497733606e-01  5.074854651e-01  3.819021616e+07  1.732257789e-02  3.409268000e+06  9.195419453e+01  1.093855704e+00  1.078948903e-02  6.552835684e-02  1.732257789e-02 -3.446196690e+01 -2.099118491e+01  8.178083562e-03  2.284531720e-03  2.000522395e+00  9.997024291e-01  2.203706105e+00  9.708512740e-01
12 3  9.779230773e-01  4.000000000e+00  2.543858968e-01  5.074854651e-01  1.305152621e+07  1.657858664e-02  3.409268000e+06  1.010775609e+02  8.556348684e-01  8.430856050e-03  3.804445691e-02  1.657858664e-02 -1.995908824e+01 -9.601389692e+00  7.087237471e-03  2.204000995e-03  2.815767365e+00  9.998910652e-01  2.064078132e+00  9.859151533e-01
13 3  9.890301660e-01  4.333333333e+00  2.210300888e-01  5.074854651e-01  6.742239195e+06  1.162271125e-02  3.409268000e+06  1.027960529e+02  6.712049324e-01  5.499160334e-03  2.468115173e-02  1.162271125e-02 -1.517491967e+01 -5.503144596e+00  6.017959071e-03  1.979011798e-03  4.441580388e+00  9.999489829e-01  1.927054623e+00  9.931017389e-01
14 3  9.956975288e-01  4.666666667e+00  2.048486976e-01  5.074854651e-01  4.040278842e+06  7.800461780e-03  3.409268000e+06  9.990611929e+01  5.154927800e-01  3.237594015e-03  1.748948341e-02  7.800461780e-03 -1.300101674e+01 -3.775042563e+00  4.995282793e-03  1.692059469e-03  9.250603931e+00  9.999795432e-01  1.801525880e+00  9.973002061e-01
