10  2.126682882e-07
4 3  4.473345679e-01  1.333333333e+00  7.158271894e-01  5.057267900e-01  3.775850272e+08 -2.753965794e-02  3.457202223e+06  4.042998861e+02  1.380368495e+00  1.436495293e-03 -1.739063191e-02 -2.753965794e-02 -3.887303682e+00 -5.148001343e+00  8.384041325e-03  2.148143009e-03  9.911862232e-01  1.015911942e+00  2.761288243e+00  3.933645875e-01
5 3  5.839087518e-01  1.666666667e+00  6.377263391e-01  5.057267900e-01  2.556327419e+08 -2.134641068e-02  3.457202223e+06  2.700514203e+02  1.286200373e+00  1.679943360e-03 -1.300317769e-02 -2.134641068e-02 -2.535098788e+00 -5.304934162e+00  8.425315626e-03  2.162054177e-03  1.056996442e+00  1.008704954e+00  2.863006565e+00  5.752649348e-01
6 3  6.874854273e-01  2.000000000e+00  5.978550503e-01  5.057267900e-01  1.990708348e+08 -1.434184473e-02  3.457202223e+06  2.131354389e+02  1.268288942e+00  1.921301473e-03 -7.417849239e-03 -1.434184473e-02 -1.807658020e+00 -4.678389424e+00  8.482969315e-03  2.205786043e-03  1.148023608e+00  1.004900173e+00  2.798455321e+00  6.988122961e-01
7 3  7.725491595e-01  2.333333333e+00  5.735107754e-01  5.057267900e-01  1.719575118e+08 -8.277670831e-03  3.457202223e+06  1.784407850e+02  1.287426284e+00  2.194153138e-03 -2.305189656e-03 -8.277670831e-03 -1.417172103e+00 -4.056094077e+00  8.663043207e-03  2.271804885e-03  1.251113770e+00  1.002506693e+00  2.689048127e+00  7.920679232e-01
8 3  8.457887046e-01  2.666666667e+00  5.555095457e-01  5.057267900e-01  1.444088370e+08 -7.331410655e-03  3.457202223e+06  1.482919881e+02  1.279655744e+00  2.370513239e-03 -2.093829846e-03 -7.331410655e-03 -1.319281796e+00 -3.424425524e+00  8.682623626e-03  2.294138030e-03  1.385543947e+00  1.000902719e+00  2.571857920e+00  8.646166089e-01
9 3  8.974403149e-01  3.000000000e+00  5.653789922e-01  5.057267900e-01  1.086611995e+08  2.298782958e-04  3.457202223e+06  1.198267456e+02  1.074281150e+00  2.166511943e-04  1.574028701e-04  2.298782958e-04  8.134108237e+00 -3.226245682e+00  7.766289590e-03  2.044528266e-03  1.594076157e+00  1.000010470e+00  2.423543519e+00  9.139153419e-01
10 3  9.261275947e-01  3.333333333e+00  6.461548786e-01  5.057267900e-01  9.395124619e+07  6.382103776e-03  3.457202223e+06  9.832360542e+01  9.053306809e-01  1.089595174e-03  2.961359568e-03  6.382103776e-03  1.470967493e+01 -2.529793077e+00  6.932828295e-03  1.800330625e-03  1.996983862e+00  9.995286494e-01  2.249827813e+00  9.408330146e-01
11 3  9.560473897e-01  3.666666667e+00  5.030684540e-01  5.057267900e-01  1.623168141e+08  1.491476749e-02  3.457202223e+06  9.614023288e+01  1.521846623e+00  8.637241975e-03  5.305732313e-02  1.491476749e-02 -5.930312887e+01  2.920992858e-01  1.000346668e-02  2.502113968e-03  2.412878073e+00  9.994336412e-01  2.111173417e+00  9.674212911e-01
12 3  9.859171027e-01  4.000000000e+00  2.903637269e-01  5.057267900e-01  1.660151496e+07  9.442317093e-03  3.457202223e+06  1.075485911e+02  7.841817400e-01  9.213413879e-03  6.425371955e-02  9.442317093e-03 -2.124645283e+01 -2.919327173e+01  6.651201224e-03  2.004113975e-03  3.274071031e+00  9.998581722e-01  1.996552639e+00  9.902352170e-01
13 3  9.938237661e-01  4.333333333e+00  2.641145830e-01  5.057267900e-01  5.315942602e+06  5.405670852e-03  3.457202223e+06  1.034256356e+02  5.240479903e-01  4.964957583e-03  2.866135030e-02  5.405670852e-03 -1.652577340e+01 -1.146094589e+01  5.037596803e-03  1.688512406e-03  5.726161188e+00  9.999730093e-01  1.857964937e+00  9.957332149e-01
