10  2.066288971e-07
4 3  4.647396151e-01  1.333333333e+00  7.443807369e-01  5.051889305e-01  3.808010860e+08 -2.427589956e-02  3.550685386e+06  4.366659691e+02  1.389647164e+00  1.478776212e-03 -1.542292050e-02 -2.427589956e-02 -3.532375347e+00 -4.847705812e+00  8.513596506e-03  2.193236206e-03  9.921314806e-01  1.015814796e+00  2.820424753e+00  4.102653549e-01
5 3  6.057394382e-01  1.666666667e+00  6.629689265e-01  5.051889305e-01  2.527380518e+08 -1.484988899e-02  3.550685386e+06  2.935088727e+02  1.270295518e+00  1.710229876e-03 -7.165288875e-03 -1.484988899e-02 -2.530908472e+00 -5.163892511e+00  8.443568483e-03  2.179785621e-03  1.061823319e+00  1.007911936e+00  2.918023026e+00  5.995504504e-01
6 3  7.083586482e-01  2.000000000e+00  6.194412932e-01  5.051889305e-01  1.926082376e+08 -8.882988862e-03  3.550685386e+06  2.276661105e+02  1.226418145e+00  1.870428711e-03 -2.372924001e-03 -8.882988862e-03 -1.956783437e+00 -4.538919953e+00  8.382747239e-03  2.186996136e-03  1.161764821e+00  1.004194319e+00  2.833152750e+00  7.214715250e-01
7 3  7.883608180e-01  2.333333333e+00  5.919892160e-01  5.051889305e-01  1.657619014e+08 -4.375056463e-03  3.550685386e+06  1.847730073e+02  1.231818012e+00  2.059389104e-03  1.362095161e-03 -4.375056463e-03 -1.658466985e+00 -3.931787159e+00  8.503696660e-03  2.224750594e-03  1.282039701e+00  1.002218228e+00  2.697364075e+00  8.079032790e-01
8 3  8.575744891e-01  2.666666667e+00  5.723219435e-01  5.051889305e-01  1.409321768e+08 -4.219212197e-03  3.550685386e+06  1.551518760e+02  1.224043777e+00  2.137772880e-03  6.502502710e-04 -4.219212197e-03 -9.568369901e-01 -3.441481459e+00  8.478835083e-03  2.236789948e-03  1.440723000e+00  1.000871841e+00  2.563956290e+00  8.746729280e-01
9 3  9.043027825e-01  3.000000000e+00  6.077845597e-01  5.051889305e-01  1.067890208e+08  1.059416784e-03  3.550685386e+06  1.273761332e+02  1.005437324e+00  1.467641521e-03 -3.155861577e-03  1.059416784e-03  1.590406933e+01 -3.251014488e+00  7.404743896e-03  1.956988727e-03  1.690970967e+00  9.999845294e-01  2.401125827e+00  9.194200237e-01
10 3  9.291787833e-01  3.333333333e+00  7.287360445e-01  5.051889305e-01  9.403467888e+07  8.162917808e-03  3.550685386e+06  1.050423430e+02  8.343127630e-01  1.389366709e-03  5.743958667e-04  8.162917808e-03  2.327471271e+01 -2.131662123e+00  6.494838496e-03  1.699400440e-03  2.204185897e+00  9.994710502e-01  2.219319271e+00  9.427537008e-01
11 3  9.676137093e-01  3.666666667e+00  4.360126221e-01  5.051889305e-01  1.516789562e+08  1.886444265e-02  3.550685386e+06  1.083825671e+02  1.612753003e+00  1.502524004e-02  1.000285531e-01  1.886444265e-02 -5.695871261e+01 -2.744831504e+01  1.054243353e-02  2.658115772e-03  2.391607265e+00  9.995432400e-01  2.101170014e+00  9.762777376e-01
12 3  9.889794642e-01  4.000000000e+00  2.821204367e-01  5.051889305e-01  1.143267271e+07  9.288214091e-03  3.550685386e+06  1.152900205e+02  6.762550482e-01  7.420605057e-03  5.140007244e-02  9.288214091e-03 -2.387229905e+01 -2.235940616e+01  6.054455393e-03  1.886468836e-03  3.725843237e+00  9.998952676e-01  1.969295194e+00  9.921839774e-01
13 3  9.956454441e-01  4.333333333e+00  2.554359506e-01  5.051889305e-01  4.342842011e+06  6.565538444e-03  3.550685386e+06  1.097763811e+02  4.814430899e-01  4.266420511e-03  2.669817284e-02  6.565538444e-03 -1.868843808e+01 -9.828856340e+00  4.780379095e-03  1.622480680e-03  7.431931539e+00  9.999742006e-01  1.830207936e+00  9.969160537e-01
