12  2.132422602e-07
4 3  3.831976218e-01  1.333333333e+00  8.225073014e-01  5.051152021e-01  2.689601406e+07 -3.447596044e-02  1.386565139e+06  3.021366077e+02  1.397145038e+00  1.508435904e-03 -2.263255570e-02 -3.447596044e-02 -3.552031565e-02 -3.555939175e+00 -5.989339300e+00  4.529161050e-03  2.023862504e-03  9.904424950e-01  1.012264380e+00  2.644497631e+00  3.238959632e-01
5 3  5.059108908e-01  1.666666667e+00  7.558344478e-01  5.051152021e-01  2.802630248e+07 -2.455801955e-02  6.193637811e+05  2.053956867e+02  1.335262021e+00  1.718537737e-03 -1.594813163e-02 -2.455801955e-02 -2.638407870e-02 -2.689558456e+00 -4.850235365e+00  7.182447931e-03  2.694706239e-03  1.038909708e+00  1.008001113e+00  2.781323141e+00  4.897521009e-01
6 3  6.062668581e-01  2.000000000e+00  7.145520910e-01  5.051152021e-01  2.776000700e+07 -1.809561859e-02  2.192293006e+06  1.616515367e+02  1.350528055e+00  1.980464248e-03 -1.141299320e-02 -1.809561859e-02 -1.906688874e-02 -2.081997866e+00 -3.896251161e+00  9.677570735e-03  3.254569521e-03  1.112887785e+00  1.005120801e+00  2.769601281e+00  6.132403749e-01
7 3  6.924900742e-01  2.333333333e+00  6.863405499e-01  5.051152021e-01  2.801757465e+07 -1.414309953e-02  1.242587664e+06  1.345198040e+02  1.376192148e+00  2.207314306e-03 -8.575049958e-03 -1.414309953e-02 -1.399177063e-02 -1.703347824e+00 -3.263278918e+00  9.278222421e-03  3.056671111e-03  1.196478082e+00  1.003036638e+00  2.705943491e+00  7.107755959e-01
8 3  7.683901053e-01  2.666666667e+00  6.657513347e-01  5.051152021e-01  2.884663602e+07 -1.178296679e-02  1.430966613e+06  1.191537137e+02  1.403971131e+00  2.372309268e-03 -7.010610395e-03 -1.178296679e-02 -1.176059657e-02 -1.422393216e+00 -2.772080235e+00  9.681341503e-03  3.341115583e-03  1.289497208e+00  1.001380292e+00  2.622872802e+00  7.911158146e-01
9 3  8.336287488e-01  3.000000000e+00  6.509470280e-01  5.051152021e-01  2.886492574e+07 -8.588964300e-03  3.985367950e+06  1.052964537e+02  1.370634888e+00  2.312044328e-03 -4.395602562e-03 -8.588964300e-03 -9.035480020e-03 -1.208147203e+00 -2.386580143e+00  8.925678403e-03  3.340939535e-03  1.410507983e+00  1.000170103e+00  2.526332191e+00  8.551753849e-01
10 3  8.820856362e-01  3.333333333e+00  6.410397249e-01  5.051152021e-01  2.871679041e+07 -3.694599801e-03  6.385806357e+06  9.222424730e+01  1.226669879e+00  1.929227391e-03  4.845932280e-04 -3.694599801e-03 -4.359526200e-03 -1.140520588e+00 -2.293864341e+00  5.662288134e-03  2.541198794e-03  1.582254139e+00  9.994916817e-01  2.404231857e+00  9.017785033e-01
11 3  9.150987058e-01  3.666666667e+00  6.348204331e-01  5.051152021e-01  2.882707653e+07  2.326515926e-03  4.797244032e+06  8.088779186e+01  1.084616801e+00  1.700034605e-03  7.620166982e-03  2.326515926e-03  2.555586361e-03 -1.057881403e+00 -2.868663534e+00  3.894527690e-03  1.833138370e-03  1.858545773e+00  9.992121133e-01  2.266832129e+00  9.331415890e-01
12 3  9.411934938e-01  4.000000000e+00  6.119159707e-01  5.051152021e-01  2.753665028e+07  1.012562654e-02  2.344013872e+06  7.409373275e+01  1.394206389e+00  7.291723406e-03  4.337254662e-02  1.012562654e-02  4.340584481e-03 -2.381947885e+01 -1.162440742e+01  4.212509142e-03  2.120963045e-03  2.263215859e+00  9.991852494e-01  2.137125853e+00  9.567156333e-01
13 3  9.789123287e-01  4.333333333e+00  2.842797768e-01  5.051152021e-01  6.200566212e+06  1.717017954e-02  3.255963744e+05  9.015810186e+01  9.444124253e-01  1.011384901e-02  5.444651129e-02  1.717017954e-02  2.781346781e-02 -2.457480811e+01 -1.639826317e+01  4.342205733e-03  2.566964742e-03  2.708503142e+00  9.998586385e-01  2.053172611e+00  9.864245589e-01
14 3  9.895494354e-01  4.666666667e+00  2.507888406e-01  5.051152021e-01  3.537676670e+06  1.175001203e-02  1.853910153e+05  9.015827376e+01  6.920476627e-01  6.272070297e-03  3.121287666e-02  1.175001203e-02  2.261832426e-02 -1.451440350e+01 -8.565606285e+00  4.054037906e-03  2.258831763e-03  4.148190986e+00  9.999181776e-01  1.927348883e+00  9.933581324e-01
15 3  9.957432314e-01  5.000000000e+00  2.370781423e-01  5.051152021e-01  2.566782229e+06  7.908676811e-03  1.424500769e+05  8.666782543e+01  5.349627684e-01  3.820355377e-03  2.054196287e-02  7.908676811e-03  1.858917272e-02 -1.140522763e+01 -5.230172328e+00  3.637083019e-03  1.948560980e-03  8.452670181e+00  9.999575544e-01  1.810189673e+00  9.972994024e-01
