12  2.168332784e-07
4 3  3.938694720e-01  1.333333333e+00  7.846097039e-01  5.049039146e-01  2.859307478e+07 -3.501991642e-02  1.134407196e+06  3.152817850e+02  1.384010111e+00  1.503971124e-03 -2.268443380e-02 -3.501991642e-02 -3.653305769e-02 -4.103064730e+00 -5.962715703e+00  4.579415632e-03  2.034430942e-03  9.936580085e-01  1.012010509e+00  2.690619284e+00  3.346479730e-01
5 3  5.136781013e-01  1.666666667e+00  7.135736325e-01  5.049039146e-01  2.928865103e+07 -2.404922854e-02  6.937837951e+05  2.142515317e+02  1.297465434e+00  1.638627245e-03 -1.480938230e-02 -2.404922854e-02 -2.605075336e-02 -2.924542503e+00 -5.090430857e+00  7.338597298e-03  2.713033918e-03  1.046589781e+00  1.008050262e+00  2.796263703e+00  4.971197541e-01
6 3  6.102366320e-01  2.000000000e+00  6.723297317e-01  5.049039146e-01  2.833322924e+07 -1.857363795e-02  2.149879114e+06  1.723929616e+02  1.328446246e+00  1.949262547e-03 -1.122562983e-02 -1.857363795e-02 -1.981890119e-02 -2.189328413e+00 -4.226545221e+00  9.544682329e-03  3.222834393e-03  1.124103380e+00  1.005382017e+00  2.760914930e+00  6.150826107e-01
7 3  6.959895607e-01  2.333333333e+00  6.441039304e-01  5.049039146e-01  2.764939360e+07 -1.439865939e-02  1.213218489e+06  1.413228400e+02  1.381205505e+00  2.315159531e-03 -8.236333232e-03 -1.439865939e-02 -1.462507484e-02 -1.733425211e+00 -3.600316105e+00  9.280958625e-03  3.077042508e-03  1.207871965e+00  1.003320923e+00  2.693515281e+00  7.117172734e-01
8 3  7.731075824e-01  2.666666667e+00  6.237870958e-01  5.049039146e-01  2.754423483e+07 -8.903320337e-03  1.446477002e+06  1.199095791e+02  1.410673744e+00  2.552533511e-03 -3.670040625e-03 -8.903320337e-03 -8.938731630e-03 -1.391337891e+00 -3.059748431e+00  9.776990324e-03  3.384064130e-03  1.300971796e+00  1.001683384e+00  2.613697401e+00  7.931436741e-01
9 3  8.378348565e-01  3.000000000e+00  6.098222817e-01  5.049039146e-01  2.694219691e+07 -6.241911179e-03  4.073181495e+06  1.040214739e+02  1.337151787e+00  2.427384057e-03 -1.489957106e-03 -6.241911179e-03 -6.597569766e-03 -1.188104341e+00 -2.734436620e+00  8.779231596e-03  3.309810607e-03  1.421197984e+00  1.000480796e+00  2.514777481e+00  8.576622731e-01
10 3  8.844447733e-01  3.333333333e+00  6.014096075e-01  5.049039146e-01  2.638968692e+07 -2.870510292e-03  6.284244682e+06  9.106920417e+01  1.206223038e+00  2.027288944e-03  1.639177967e-03 -2.870510292e-03 -3.234885027e-03 -8.813335803e-01 -2.561030250e+00  5.543523870e-03  2.504292530e-03  1.596171156e+00  9.997204753e-01  2.387394543e+00  9.038029326e-01
11 3  9.201910845e-01  3.666666667e+00  5.892505882e-01  5.049039146e-01  2.516730613e+07  5.599306002e-03  4.207437113e+06  7.970122120e+01  1.324476664e+00  4.655499658e-03  2.040583170e-02  5.599306002e-03  1.808312468e-03 -8.085773357e+00 -6.302414200e+00  4.381868870e-03  2.093496661e-03  1.853724650e+00  9.992851394e-01  2.257094050e+00  9.376915145e-01
12 3  9.640304312e-01  4.000000000e+00  2.953697603e-01  5.049039146e-01  8.336341482e+06  1.910995986e-02  9.876627494e+05  8.870537742e+01  1.111911484e+00  1.156850895e-02  6.380056336e-02  1.910995986e-02  2.227035699e-02 -3.185609612e+01 -1.820943883e+01  4.029267646e-03  2.611558859e-03  2.140899894e+00  9.997871938e-01  2.168662452e+00  9.756684408e-01
13 3  9.813097922e-01  4.333333333e+00  2.342829726e-01  5.049039146e-01  4.204844113e+06  1.263173894e-02  2.804481970e+05  9.337027728e+01  8.352062835e-01  7.614239689e-03  3.198977857e-02  1.263173894e-02  2.196876076e-02 -1.451318198e+01 -8.511244131e+00  4.256938786e-03  2.525226468e-03  3.016836302e+00  9.999118891e-01  2.037977586e+00  9.878857094e-01
14 3  9.904079973e-01  4.666666667e+00  2.151091887e-01  5.049039146e-01  3.001401111e+06  8.041520230e-03  1.760857955e+05  9.141943512e+01  6.581978262e-01  4.942193918e-03  2.063358559e-02  8.041520230e-03  1.752867052e-02 -1.110146168e+01 -5.266396812e+00  4.075762731e-03  2.239375623e-03  4.709198669e+00  9.999480432e-01  1.910022267e+00  9.938384881e-01
15 3  9.959720547e-01  5.000000000e+00  2.054137066e-01  5.049039146e-01  2.447074196e+06  5.570771284e-03  1.389577657e+05  8.682916462e+01  5.119382884e-01  2.970778432e-03  1.523100152e-02  5.570771284e-03  1.505495051e-02 -9.646998739e+00 -3.771790389e+00  3.642651745e-03  1.905051994e-03  9.305930544e+00  9.999747315e-01  1.792750333e+00  9.974156621e-01
