11  2.195785494e-07
4 3  4.220094837e-01  1.333333333e+00  7.475109837e-01  5.079285323e-01  2.912707100e+07 -2.879398729e-02  5.698726924e+05  3.240272648e+02  1.377261414e+00  1.670098880e-03 -1.693460141e-02 -2.879398729e-02 -3.082792841e-02 -4.141662790e+00 -6.132049657e+00  4.939740532e-03  2.132085191e-03  9.941258323e-01  1.014832657e+00  2.709006427e+00  3.662834790e-01
5 3  5.504014075e-01  1.666666667e+00  6.718137245e-01  5.079285323e-01  2.855685155e+07 -2.094198447e-02  1.433536760e+06  2.301912102e+02  1.293464305e+00  1.772433290e-03 -1.299251751e-02 -2.094198447e-02 -2.297978992e-02 -2.841626768e+00 -4.559919237e+00  8.962908378e-03  3.109770324e-03  1.053247272e+00  1.008968535e+00  2.810221394e+00  5.381197409e-01
6 3  6.515113173e-01  2.000000000e+00  6.300043601e-01  5.079285323e-01  2.771675949e+07 -1.623616396e-02  1.796855775e+06  1.795436905e+02  1.301126067e+00  1.959099398e-03 -1.021777690e-02 -1.623616396e-02 -1.731574552e-02 -2.087080387e+00 -3.555091574e+00  9.377939288e-03  3.156588073e-03  1.135812394e+00  1.005451223e+00  2.762390689e+00  6.596933424e-01
7 3  7.379836822e-01  2.333333333e+00  6.033390932e-01  5.079285323e-01  2.799383408e+07 -1.130384804e-02  1.039453468e+06  1.474554791e+02  1.339092547e+00  2.144789712e-03 -6.460990729e-03 -1.130384804e-02 -1.107959049e-02 -1.517014545e+00 -2.912389495e+00  9.538000425e-03  3.207377595e-03  1.225650254e+00  1.003009161e+00  2.675512595e+00  7.554017641e-01
8 3  8.125618102e-01  2.666666667e+00  5.908321356e-01  5.079285323e-01  2.856882054e+07 -7.948726286e-03  2.692478865e+06  1.277579984e+02  1.313514160e+00  1.938732504e-03 -4.440514709e-03 -7.948726286e-03 -7.261695391e-03 -9.963346593e-02 -2.493042471e+00  9.473445108e-03  3.373272860e-03  1.330764102e+00  1.001177654e+00  2.572947640e+00  8.323824065e-01
9 3  8.680118800e-01  3.000000000e+00  6.036513672e-01  5.079285323e-01  2.892419918e+07 -2.965725180e-03  5.948076489e+06  1.088269043e+02  1.198592166e+00  1.268475812e-03 -1.058473257e-03 -2.965725180e-03 -7.242364492e-04  2.675165805e+00 -2.341143403e+00  6.571913705e-03  2.806829410e-03  1.474506188e+00  9.999491702e-01  2.440138431e+00  8.883139598e-01
10 3  9.117419341e-01  3.333333333e+00  5.856898625e-01  5.079285323e-01  2.738502786e+07  4.158169504e-03  4.968426827e+06  9.202125208e+01  1.315963528e+00  4.915493434e-03  2.170188382e-02  4.158169504e-03 -6.063799167e-03 -1.546606479e+01 -5.831831552e+00  4.670308040e-03  2.189459647e-03  1.684810570e+00  9.992840712e-01  2.305230067e+00  9.305767804e-01
11 3  9.568734666e-01  3.666666667e+00  3.372288551e-01  5.079285323e-01  1.027873325e+07  1.821063753e-02  1.525806175e+06  9.142337400e+01  1.090910040e+00  1.056175747e-02  6.713427629e-02  1.821063753e-02  1.546221178e-02 -3.397991284e+01 -2.097763415e+01  3.842062004e-03  2.425000481e-03  1.996339733e+00  9.997044524e-01  2.200325005e+00  9.706797707e-01
12 3  9.776023685e-01  4.000000000e+00  2.451373879e-01  5.079285323e-01  4.647975557e+06  1.713721363e-02  3.401313354e+05  1.010048836e+02  8.597110083e-01  8.340694989e-03  3.916142141e-02  1.713721363e-02  2.562088074e-02 -1.951748574e+01 -9.752369577e+00  4.187461157e-03  2.573958842e-03  2.802911867e+00  9.998906745e-01  2.061042265e+00  9.857688072e-01
13 3  9.888405848e-01  4.333333333e+00  2.128486983e-01  5.079285323e-01  3.088258159e+06  1.152147070e-02  1.865926092e+05  1.028235129e+02  6.762572749e-01  5.497232936e-03  2.492416908e-02  1.152147070e-02  2.154161596e-02 -1.477661999e+01 -5.610777129e+00  4.122813339e-03  2.319771415e-03  4.407595456e+00  9.999481590e-01  1.924481748e+00  9.930145509e-01
14 3  9.956359823e-01  4.666666667e+00  1.971222223e-01  5.079285323e-01  2.411701131e+06  7.349143075e-03  1.401042526e+05  1.000236425e+02  5.200454682e-01  3.260982729e-03  1.725955637e-02  7.349143075e-03  1.780092352e-02 -1.262686855e+01 -3.844236152e+00  3.703839982e-03  1.970479905e-03  9.194736118e+00  9.999790962e-01  1.799354980e+00  9.972744367e-01
