10  2.068472720e-07
4 3  4.830757481e-01  1.333333333e+00  7.317255888e-01  5.115934016e-01  3.064635933e+07 -1.752349686e-02  2.217519964e+05  4.100831342e+02  1.315755020e+00  1.767928193e-03 -8.820518593e-03 -1.752349686e-02 -1.946183366e-02 -3.273483510e+00 -5.671911115e+00  6.138043501e-03  2.520220273e-03  1.000204349e+00  1.016073771e+00  2.855634579e+00  4.413443648e-01
5 3  6.137255207e-01  1.666666667e+00  6.590819852e-01  5.115934016e-01  2.821650784e+07 -9.113754865e-03  2.314970250e+06  2.729704467e+02  1.219674199e+00  1.761400141e-03 -3.504769831e-03 -9.113754865e-03 -1.068934898e-02 -2.346141963e+00 -3.775837568e+00  9.676923995e-03  3.279491536e-03  1.078172241e+00  1.008603553e+00  2.881023627e+00  6.146444065e-01
6 3  7.122586345e-01  2.000000000e+00  6.182753779e-01  5.115934016e-01  2.783138631e+07 -1.911812007e-03  1.171312401e+06  2.035258664e+02  1.219210090e+00  1.830409554e-03  2.386021738e-03 -1.911812007e-03 -2.327949449e-03 -1.845472529e+00 -2.833962329e+00  9.261027303e-03  3.056283374e-03  1.179137455e+00  1.004905527e+00  2.776091997e+00  7.299244899e-01
7 3  7.931164082e-01  2.333333333e+00  5.912403025e-01  5.115934016e-01  2.896250293e+07 -8.557021460e-04  2.211876958e+06  1.745058433e+02  1.229688321e+00  1.829409281e-03  2.683544175e-03 -8.557021460e-04 -9.841459394e-04 -1.509577839e+00 -2.253181210e+00  9.529518901e-03  3.331047247e-03  1.297185377e+00  1.002484216e+00  2.643252092e+00  8.158911616e-01
8 3  8.576760175e-01  2.666666667e+00  5.754702439e-01  5.115934016e-01  2.954788843e+07  6.263502217e-04  5.923828127e+06  1.515852941e+02  1.160002911e+00  1.491815557e-03  3.346372465e-03  6.263502217e-04  8.134615165e-04 -4.686474928e-01 -1.972476509e+00  7.216363026e-03  2.971207173e-03  1.451363020e+00  1.000843133e+00  2.497016656e+00  8.797155174e-01
9 3  9.023538768e-01  3.000000000e+00  5.988457802e-01  5.115934016e-01  3.070620033e+07  4.858974321e-03  5.990398554e+06  1.268879911e+02  1.036856003e+00  9.697286066e-04  3.112057723e-03  4.858974321e-03  1.043276742e-02  7.648604972e+00 -1.989830518e+00  4.367325654e-03  2.014789352e-03  1.688050612e+00  9.998616678e-01  2.332901725e+00  9.228985057e-01
10 3  9.374100241e-01  3.333333333e+00  5.828053979e-01  5.115934016e-01  2.905799852e+07  1.210282701e-02  2.721944522e+06  1.072394522e+02  1.314095004e+00  7.235523742e-03  4.645598782e-02  1.210282701e-02 -1.560661482e-03 -3.394044769e+01 -1.090355896e+01  4.304164276e-03  2.138224961e-03  2.053025405e+00  9.994547184e-01  2.180293000e+00  9.547751100e-01
11 3  9.736286809e-01  3.666666667e+00  2.762771997e-01  5.115934016e-01  7.241883706e+06  1.787913009e-02  4.595459962e+05  1.229884937e+02  9.134472393e-01  9.044320138e-03  5.612313091e-02  1.787913009e-02  2.539319514e-02 -2.514146330e+01 -1.913797412e+01  4.195671301e-03  2.546876810e-03  2.650022013e+00  9.998619280e-01  2.059505004e+00  9.835167104e-01
12 3  9.876269509e-01  4.000000000e+00  2.220819995e-01  5.115934016e-01  3.526230421e+06  1.113808307e-02  2.095237200e+05  1.269220303e+02  6.784078637e-01  6.063481067e-03  2.877665127e-02  1.113808307e-02  2.108500429e-02 -1.525160548e+01 -8.733209934e+00  4.136482697e-03  2.334205969e-03  4.174842811e+00  9.999446821e-01  1.915180926e+00  9.924406751e-01
13 3  9.954228598e-01  4.333333333e+00  2.012631444e-01  5.115934016e-01  2.452831433e+06  6.043599864e-03  1.514705378e+05  1.234789814e+02  5.116430383e-01  3.463918083e-03  1.664024136e-02  6.043599864e-03  1.606925017e-02 -1.187391581e+01 -4.821768700e+00  3.703647332e-03  1.993821519e-03  9.100353552e+00  9.999790272e-01  1.781875248e+00  9.972124766e-01
