12  2.142471038e-07
4 3  3.701197479e-01  1.333333333e+00  8.678045108e-01  5.062107220e-01  3.455387146e+08 -2.981784220e-02  1.653588299e+06  3.164821012e+02  1.425127864e+00  1.462184058e-03 -2.981784220e-02 -4.168172660e-02 -3.341779318e+00 -5.932067487e+00  7.127272166e-03  1.837644515e-03  9.911216988e-01  1.009543360e+00  2.635903903e+00  3.061629175e-01
5 3  4.905519569e-01  1.666666667e+00  8.023177667e-01  5.062107220e-01  2.671604036e+08 -2.327547483e-02  5.194777098e+05  2.084583242e+02  1.338479646e+00  1.632575991e-03 -2.327547483e-02 -3.247277337e-02 -2.950010515e+00 -4.974593877e+00  9.666391638e-03  2.564021230e-03  1.035615572e+00  1.006207644e+00  2.785639747e+00  4.713610533e-01
6 3  5.883930228e-01  2.000000000e+00  7.564149647e-01  5.062107220e-01  2.254287707e+08 -1.623124562e-02  2.160742332e+06  1.658310192e+02  1.357769901e+00  1.914137934e-03 -1.623124562e-02 -2.363796415e-02 -2.547423313e+00 -4.055109497e+00  1.156896727e-02  2.664282668e-03  1.105897258e+00  1.003921256e+00  2.778038393e+00  5.938152169e-01
7 3  6.732456144e-01  2.333333333e+00  7.215694397e-01  5.062107220e-01  2.019787048e+08 -1.244967723e-02  1.393248021e+06  1.389407245e+02  1.384439898e+00  2.154288893e-03 -1.244967723e-02 -1.873543124e-02 -2.264957594e+00 -3.405212612e+00  1.048079130e-02  2.454764247e-03  1.186073024e+00  1.002192085e+00  2.719874038e+00  6.908698582e-01
8 3  7.469123694e-01  2.666666667e+00  6.943041377e-01  5.062107220e-01  1.908315700e+08 -9.240239296e-03  1.084454531e+06  1.211487284e+02  1.396268411e+00  2.269214671e-03 -9.240239296e-03 -1.479084208e-02 -2.062116304e+00 -2.938198569e+00  1.078921452e-02  2.792051717e-03  1.275155545e+00  1.000898447e+00  2.636889981e+00  7.694681663e-01
9 3  8.104943309e-01  3.000000000e+00  6.728341995e-01  5.062107220e-01  1.775362238e+08 -6.158231030e-03  2.636709895e+06  1.061038641e+02  1.395051012e+00  2.327469583e-03 -6.158231030e-03 -1.118570019e-02 -1.902057183e+00 -2.579060205e+00  1.027916998e-02  2.990002502e-03  1.381483514e+00  9.999597693e-01  2.541044846e+00  8.332057643e-01
10 3  8.615976863e-01  3.333333333e+00  6.562374295e-01  5.062107220e-01  1.544289087e+08 -1.858474498e-03  5.614955703e+06  9.295491925e+01  1.305701010e+00  2.177366049e-03 -1.858474498e-03 -7.013799352e-03 -1.873627073e+00 -2.569797164e+00  7.004328139e-03  2.257818811e-03  1.513725410e+00  9.993194914e-01  2.429580048e+00  8.836403094e-01
11 3  8.993538209e-01  3.666666667e+00  6.449373170e-01  5.062107220e-01  1.302892315e+08  7.334991989e-03  5.643569419e+06  8.191515504e+01  1.189650668e+00  2.430806641e-03  7.334991989e-03 -1.249499150e-03 -1.614546443e+00 -4.603139988e+00  4.222306308e-03  1.620996919e-03  1.711149018e+00  9.989570057e-01  2.304660858e+00  9.202822025e-01
12 3  9.386491165e-01  4.000000000e+00  5.341844466e-01  5.062107220e-01  1.443128114e+08  7.814468532e-02  2.353748805e+06  7.567195404e+01  2.069728562e+00  2.721968295e-02  7.814468532e-02  1.426041515e-02 -5.919221960e+01 -1.989503004e+01  5.392128197e-03  3.135158030e-03  1.908443013e+00  9.991337041e-01  2.205301481e+00  9.559774013e-01
13 3  9.709724342e-01  4.333333333e+00  2.848390374e-01  5.062107220e-01  1.919089970e+07  4.706442172e-02  5.790717675e+05  8.653509603e+01  1.001849702e+00  1.007701353e-02  4.706442172e-02  2.110349375e-02 -1.724873476e+01 -1.153342110e+01  7.548088902e-03  4.577123942e-03  2.356472944e+00  9.998128512e-01  2.107194349e+00  9.817505586e-01
14 3  9.839343376e-01  4.666666667e+00  2.567528882e-01  5.062107220e-01  9.647631896e+06  2.911360385e-02  4.086949161e+05  8.599912323e+01  7.995194674e-01  6.868055613e-03  2.911360385e-02  1.544623427e-02 -1.043648150e+01 -5.987415793e+00  7.590078304e-03  4.832906298e-03  3.374936714e+00  9.998889358e-01  1.982951874e+00  9.901553571e-01
15 3  9.913614112e-01  5.000000000e+00  2.445380289e-01  5.062107220e-01  6.064380889e+06  1.973204572e-02  3.449189510e+05  8.254700592e+01  6.456238942e-01  4.556179274e-03  1.973204572e-02  9.742301402e-03 -9.194823539e+00 -4.088374144e+00  7.018970264e-03  4.575507663e-03  5.265590911e+00  9.999252320e-01  1.864792906e+00  9.947385179e-01
