12  2.179401019e-07
4 3  3.788614467e-01  1.333333333e+00  8.234977582e-01  5.048564830e-01  3.405628559e+08 -2.693085707e-02  1.433337698e+06  3.041002815e+02  1.406333284e+00  1.479164128e-03 -2.693085707e-02 -3.961975776e-02 -4.071311910e+00 -5.964999769e+00  7.120093068e-03  1.849420532e-03  9.922960459e-01  1.009836605e+00  2.664189089e+00  3.155659240e-01
5 3  4.972783796e-01  1.666666667e+00  7.515082930e-01  5.048564830e-01  2.550174115e+08 -1.973824557e-02  5.581695603e+05  2.018655207e+02  1.313849529e+00  1.639668870e-03 -1.973824557e-02 -2.975839076e-02 -3.258402064e+00 -5.275013398e+00  9.827795629e-03  2.571702830e-03  1.040688908e+00  1.006839683e+00  2.789224124e+00  4.775275552e-01
6 3  5.935654326e-01  2.000000000e+00  7.048267407e-01  5.048564830e-01  2.137477098e+08 -1.311935961e-02  2.118261628e+06  1.609239454e+02  1.349061787e+00  1.991116648e-03 -1.311935961e-02 -2.128241672e-02 -2.659685391e+00 -4.434310669e+00  1.156823105e-02  2.653940897e-03  1.112503760e+00  1.004585970e+00  2.768203254e+00  5.969861503e-01
7 3  6.798873013e-01  2.333333333e+00  6.698633843e-01  5.048564830e-01  1.895654197e+08 -1.014961460e-02  1.314505922e+06  1.349701101e+02  1.402818287e+00  2.385897417e-03 -1.014961460e-02 -1.705389428e-02 -2.267820669e+00 -3.776247669e+00  1.063675360e-02  2.502959805e-03  1.190235862e+00  1.002672000e+00  2.712634574e+00  6.955688354e-01
8 3  7.565188500e-01  2.666666667e+00  6.430563671e-01  5.048564830e-01  1.724632888e+08 -7.181285599e-03  1.130753503e+06  1.172195050e+02  1.410748794e+00  2.555780974e-03 -7.181285599e-03 -1.314930674e-02 -1.978125076e+00 -3.236692398e+00  1.099557613e-02  2.888710026e-03  1.277623028e+00  1.001223775e+00  2.637269038e+00  7.773300759e-01
9 3  8.211358210e-01  3.000000000e+00  6.231868656e-01  5.048564830e-01  1.532098248e+08 -4.043420513e-03  2.986150803e+06  1.019962027e+02  1.383528409e+00  2.565692164e-03 -4.043420513e-03 -9.357331740e-03 -1.763493421e+00 -2.817249041e+00  1.005303622e-02  2.988829658e-03  1.388325767e+00  1.000261420e+00  2.542023272e+00  8.419151420e-01
10 3  8.715495343e-01  3.333333333e+00  6.088300999e-01  5.048564830e-01  1.300769343e+08 -1.110173706e-03  5.823974314e+06  8.902791133e+01  1.280594009e+00  2.343985906e-03 -1.110173706e-03 -6.415254199e-03 -1.681385975e+00 -2.732668494e+00  6.478201440e-03  2.123560598e-03  1.535221740e+00  9.996235597e-01  2.426733434e+00  8.910758134e-01
11 3  9.082599003e-01  3.666666667e+00  5.998201956e-01  5.048564830e-01  1.110153686e+08  7.618743840e-03  5.161165496e+06  7.821100643e+01  1.172465044e+00  2.358435880e-03  7.618743840e-03  5.285545188e-04 -1.233408865e+00 -3.807691191e+00  3.933084345e-03  1.615529408e-03  1.755836831e+00  9.991939954e-01  2.298056946e+00  9.264413116e-01
12 3  9.399834733e-01  4.000000000e+00  5.605849292e-01  5.048564830e-01  1.155459971e+08  5.232955143e-02  2.375464046e+06  7.149152826e+01  1.470551130e+00  9.758793304e-03  5.232955143e-02  1.458199376e-02 -2.504303786e+01 -1.413245635e+01  4.255938379e-03  2.418268276e-03  2.041881530e+00  9.990195507e-01  2.179748944e+00  9.553259692e-01
13 3  9.755778362e-01  4.333333333e+00  2.525576581e-01  5.048564830e-01  1.760155152e+07  4.948256598e-02  5.146564474e+05  8.664558955e+01  9.773282102e-01  1.076800589e-02  4.948256598e-02  1.635144561e-02 -2.767059810e+01 -1.328691166e+01  7.880622056e-03  4.712490076e-03  2.490265153e+00  9.998374172e-01  2.089976849e+00  9.839296693e-01
14 3  9.873199065e-01  4.666666667e+00  2.211851204e-01  5.048564830e-01  7.988510768e+06  2.490526036e-02  3.754861771e+05  8.692581425e+01  7.396547890e-01  6.269484644e-03  2.490526036e-02  9.898198651e-03 -1.101765814e+01 -6.422612949e+00  7.513157569e-03  4.757019765e-03  3.659312148e+00  9.998983595e-01  1.964170705e+00  9.917978990e-01
15 3  9.934969041e-01  5.000000000e+00  2.119602773e-01  5.048564830e-01  4.948719650e+06  1.649484954e-02  3.247739850e+05  8.294889272e+01  5.772403553e-01  3.721578066e-03  1.649484954e-02  6.048853716e-03 -8.250463356e+00 -4.247108659e+00  6.704970752e-03  4.343889940e-03  5.886307496e+00  9.999244208e-01  1.844743335e+00  9.958064107e-01
