12  2.136215073e-07
4 3  3.840214668e-01  1.333333333e+00  8.270035277e-01  5.047600753e-01  3.212863532e+08 -2.324400404e-02  1.314379489e+06  3.045794964e+02  1.405004948e+00  1.513858442e-03 -2.324400404e-02 -3.478015672e-02 -3.584522564e+00 -5.763057637e+00  7.183710527e-03  1.887795601e-03  9.893094799e-01  1.012181586e+00  2.642383933e+00  3.230587509e-01
5 3  5.071807243e-01  1.666666667e+00  7.587079348e-01  5.047600753e-01  2.424059241e+08 -1.581695193e-02  6.808863947e+05  2.066414714e+02  1.332542843e+00  1.717582875e-03 -1.581695193e-02 -2.449469321e-02 -2.799204680e+00 -4.836750103e+00  1.040985188e-02  2.686173475e-03  1.038702786e+00  1.007987286e+00  2.780287882e+00  4.894043792e-01
6 3  6.075281039e-01  2.000000000e+00  7.152863370e-01  5.047600753e-01  2.028909548e+08 -1.107248485e-02  2.155164128e+06  1.650916954e+02  1.351826337e+00  2.011405156e-03 -1.107248485e-02 -1.795245832e-02 -2.231579050e+00 -3.961076250e+00  1.153293865e-02  2.652576401e-03  1.112998875e+00  1.005120820e+00  2.767421870e+00  6.128037295e-01
7 3  6.944856268e-01  2.333333333e+00  6.845209721e-01  5.047600753e-01  1.814250416e+08 -8.278081250e-03  1.199365490e+06  1.370742515e+02  1.381064955e+00  2.279151576e-03 -8.278081250e-03 -1.406628133e-02 -1.872050776e+00 -3.345596564e+00  1.066797412e-02  2.552543087e-03  1.196285431e+00  1.003009938e+00  2.705904316e+00  7.112150152e-01
8 3  7.708194717e-01  2.666666667e+00  6.615727793e-01  5.047600753e-01  1.692123255e+08 -6.102680735e-03  1.368193813e+06  1.197000393e+02  1.403129391e+00  2.453166566e-03 -6.102680735e-03 -1.109443261e-02 -1.602167382e+00 -2.853790316e+00  1.108605666e-02  2.985971402e-03  1.289747364e+00  1.001381988e+00  2.623641201e+00  7.920517912e-01
9 3  8.358412664e-01  3.000000000e+00  6.447551778e-01  5.047600753e-01  1.505173647e+08 -3.496830174e-03  3.862901163e+06  1.052841253e+02  1.362548633e+00  2.389418046e-03 -3.496830174e-03 -7.940933390e-03 -1.406079901e+00 -2.481995263e+00  9.324950270e-03  2.862742578e-03  1.410840298e+00  1.000211095e+00  2.525892972e+00  8.562080139e-01
10 3  8.840876582e-01  3.333333333e+00  6.332193131e-01  5.047600753e-01  1.266294359e+08  1.388837296e-03  6.176074628e+06  9.228756443e+01  1.225492134e+00  2.017926349e-03  1.388837296e-03 -3.036254011e-03 -1.358348613e+00 -2.374765173e+00  5.498023416e-03  1.861897224e-03  1.582869291e+00  9.995174679e-01  2.402855715e+00  9.028608221e-01
11 3  9.175943421e-01  3.666666667e+00  6.244871717e-01  5.047600753e-01  1.107168516e+08  1.090714478e-02  4.497882894e+06  8.064770602e+01  1.117255996e+00  2.113769275e-03  1.090714478e-02  3.995470158e-03 -2.355806953e+00 -3.416377732e+00  3.533217963e-03  1.612027877e-03  1.858021433e+00  9.991769631e-01  2.266430633e+00  9.346439037e-01
12 3  9.487366017e-01  4.000000000e+00  5.499174288e-01  5.047600753e-01  1.314237461e+08  6.937396790e-02  1.622164196e+06  7.569251975e+01  1.631471847e+00  1.436713452e-02  6.937396790e-02  1.459751546e-02 -4.265982977e+01 -1.876340144e+01  6.009487038e-03  3.252641983e-03  2.195522500e+00  9.992261064e-01  2.148177478e+00  9.625402740e-01
13 3  9.800480500e-01  4.333333333e+00  2.694024255e-01  5.047600753e-01  1.669231868e+07  5.030811820e-02  4.658222751e+05  9.086563076e+01  9.092527939e-01  9.762472678e-03  5.030811820e-02  1.689307365e-02 -2.559205788e+01 -1.436109716e+01  7.929531613e-03  4.741343670e-03  2.779029984e+00  9.998591479e-01  2.049674123e+00  9.867808960e-01
14 3  9.900731229e-01  4.666666667e+00  2.379746963e-01  5.047600753e-01  7.346199894e+06  2.923821257e-02  3.597419956e+05  9.034405443e+01  6.741899428e-01  5.833270619e-03  2.923821257e-02  1.196392208e-02 -1.398868231e+01 -7.480527451e+00  7.213698551e-03  4.600740174e-03  4.264672566e+00  9.999195917e-01  1.922853913e+00  9.934915352e-01
15 3  9.958145121e-01  5.000000000e+00  2.261313658e-01  5.047600753e-01  4.292889964e+06  1.980115616e-02  3.149599591e+05  8.631952659e+01  5.205251068e-01  3.417665561e-03  1.980115616e-02  8.377515277e-03 -1.036007167e+01 -4.683610299e+00  6.338825706e-03  4.171207030e-03  8.385253764e+00  9.999571787e-01  1.805138678e+00  9.972593664e-01
