11  2.180592368e-07
4 3  4.201319336e-01  1.333333333e+00  7.486031572e-01  5.062269228e-01  3.145129892e+08 -1.740425925e-02  6.500950677e+05  3.224473230e+02  1.392781327e+00  1.693369870e-03 -1.740425925e-02 -2.940148967e-02 -4.115910323e+00 -6.219852473e+00  7.690662420e-03  2.061228404e-03  9.967632504e-01  1.014756320e+00  2.719730065e+00  3.609494667e-01
5 3  5.492265274e-01  1.666666667e+00  6.736058612e-01  5.062269228e-01  2.142646173e+08 -1.247060545e-02  1.383219096e+06  2.277026606e+02  1.293055027e+00  1.812688029e-03 -1.247060545e-02 -2.067371595e-02 -2.740535235e+00 -4.835575716e+00  1.171233787e-02  2.811184675e-03  1.054723671e+00  1.008938370e+00  2.828033017e+00  5.347022841e-01
6 3  6.497883961e-01  2.000000000e+00  6.338870598e-01  5.062269228e-01  1.736551416e+08 -9.554732338e-03  1.796826108e+06  1.785992724e+02  1.297438986e+00  2.031190851e-03 -9.554732338e-03 -1.580270168e-02 -1.955552846e+00 -3.830228520e+00  1.088630010e-02  2.499765515e-03  1.138590056e+00  1.005587101e+00  2.778937190e+00  6.561398223e-01
7 3  7.353478073e-01  2.333333333e+00  6.090720296e-01  5.062269228e-01  1.571568011e+08 -5.580870435e-03  1.000421960e+06  1.452301525e+02  1.335322356e+00  2.277794660e-03 -5.580870435e-03 -1.069994370e-02 -1.454690348e+00 -3.177866931e+00  1.095979109e-02  2.759679454e-03  1.230619023e+00  1.003284817e+00  2.689411995e+00  7.513364012e-01
8 3  8.104893273e-01  2.666666667e+00  5.944242425e-01  5.062269228e-01  1.417501618e+08 -3.389437800e-03  2.433296257e+06  1.245541417e+02  1.335564628e+00  2.306078711e-03 -3.389437800e-03 -7.502066366e-03 -6.704427609e-01 -2.702103203e+00  1.064496307e-02  3.075628583e-03  1.337091415e+00  1.001477484e+00  2.589028545e+00  8.294687564e-01
9 3  8.681439656e-01  3.000000000e+00  5.986542804e-01  5.062269228e-01  1.192871161e+08 -1.325848067e-03  5.721240167e+06  1.071571264e+02  1.219967597e+00  1.620901636e-03 -1.325848067e-03 -3.795379592e-03  2.095930321e+00 -2.464270274e+00  6.750399645e-03  2.201425553e-03  1.482578130e+00  1.000194615e+00  2.461909529e+00  8.878223939e-01
10 3  9.108143463e-01  3.333333333e+00  6.050100173e-01  5.062269228e-01  1.146011095e+08  1.269701043e-02  4.937901190e+06  9.102409563e+01  1.246760472e+00  3.437204966e-03  1.269701043e-02  3.462768445e-03 -6.861018262e+00 -3.742068190e+00  4.119339878e-03  1.756309755e-03  1.708469150e+00  9.994347594e-01  2.322857930e+00  9.295043497e-01
11 3  9.566707931e-01  3.666666667e+00  3.697132075e-01  5.062269228e-01  4.818812403e+07  6.839947606e-02  9.846435308e+05  9.092606116e+01  1.142363606e+00  1.085540804e-02  6.839947606e-02  1.570813441e-02 -3.724753855e+01 -2.237755352e+01  6.636580150e-03  3.633375701e-03  2.019121019e+00  9.996976471e-01  2.218588900e+00  9.707247308e-01
12 3  9.781891244e-01  4.000000000e+00  2.684914128e-01  5.062269228e-01  1.422307718e+07  3.523104230e-02  4.679113843e+05  9.755984355e+01  8.580437092e-01  8.553728725e-03  3.523104230e-02  1.187709347e-02 -1.956425226e+01 -1.076786576e+01  7.888441587e-03  4.718026339e-03  2.860740469e+00  9.998971866e-01  2.079865572e+00  9.863113556e-01
13 3  9.892295926e-01  4.333333333e+00  2.370115915e-01  5.062269228e-01  6.940663705e+06  2.153133254e-02  3.564395823e+05  9.736334844e+01  6.663859595e-01  5.588017602e-03  2.153133254e-02  8.009714192e-03 -1.446535726e+01 -5.900768060e+00  7.443646636e-03  4.697393185e-03  4.560335727e+00  9.999529515e-01  1.941653142e+00  9.933395436e-01
14 3  9.958179691e-01  4.666666667e+00  2.221094762e-01  5.062269228e-01  4.062509052e+06  1.527453795e-02  3.086523641e+05  9.361359925e+01  5.105110664e-01  3.269958268e-03  1.527453795e-02  5.662923815e-03 -1.222849464e+01 -3.875669824e+00  6.532435044e-03  4.239498176e-03  9.675750090e+00  9.999814589e-01  1.815023309e+00  9.974194204e-01
