11  2.128698500e-07
4 3  3.963960536e-01  1.333333333e+00  8.126112744e-01  5.044830104e-01  3.179914003e+08 -3.375844077e-02  1.068559604e+06  3.105084755e+02  1.393074373e+00  1.545773521e-03 -2.102317256e-02 -3.238847842e-02 -3.722745877e+00 -5.756917578e+00  7.290718633e-03  1.934835393e-03  9.931506280e-01  1.013082115e+00  2.681051282e+00  3.361457814e-01
5 3  5.202084202e-01  1.666666667e+00  7.399277210e-01  5.044830104e-01  2.333125452e+08 -2.505649567e-02  8.468188106e+05  2.140827484e+02  1.312157173e+00  1.731826465e-03 -1.452092947e-02 -2.309292025e-02 -2.919671503e+00 -4.809056415e+00  1.086026291e-02  2.734578791e-03  1.045271095e+00  1.008403231e+00  2.801771700e+00  5.034442541e-01
6 3  6.193046718e-01  2.000000000e+00  6.942213659e-01  5.044830104e-01  1.937151186e+08 -1.841322588e-02  2.118356356e+06  1.709303397e+02  1.325676688e+00  2.000739800e-03 -1.039000904e-02 -1.723420210e-02 -2.352957340e+00 -3.934811566e+00  1.133431482e-02  2.605089522e-03  1.124418589e+00  1.005513808e+00  2.771611067e+00  6.243374068e-01
7 3  7.045484489e-01  2.333333333e+00  6.615887481e-01  5.044830104e-01  1.735578276e+08 -1.227572684e-02  1.137759371e+06  1.410453619e+02  1.360859648e+00  2.287476752e-03 -6.186485484e-03 -1.202223177e-02 -2.011213573e+00 -3.346683054e+00  1.068662369e-02  2.584908087e-03  1.212583496e+00  1.003455046e+00  2.697130039e+00  7.200648928e-01
8 3  7.806549425e-01  2.666666667e+00  6.363970969e-01  5.044830104e-01  1.610344600e+08 -9.446570901e-03  1.547896361e+06  1.223840718e+02  1.397989470e+00  2.538845937e-03 -3.968795472e-03 -9.033911339e-03 -1.748323890e+00 -2.865019384e+00  1.113041599e-02  3.045522968e-03  1.309350127e+00  1.001745396e+00  2.610463486e+00  8.003997596e-01
9 3  8.453687259e-01  3.000000000e+00  6.175604809e-01  5.044830104e-01  1.395374798e+08 -7.068518870e-03  4.434046965e+06  1.076169575e+02  1.336381943e+00  2.431019125e-03 -1.773071912e-03 -6.381349678e-03 -1.579105486e+00 -2.541920089e+00  8.744616738e-03  2.735948926e-03  1.433918089e+00  1.000416362e+00  2.509432943e+00  8.648867436e-01
10 3  8.923417828e-01  3.333333333e+00  6.055758733e-01  5.044830104e-01  1.181876419e+08 -1.295308224e-03  6.091505449e+06  9.419818306e+01  1.207965702e+00  1.955961452e-03  3.347498602e-03 -7.744322512e-04 -1.242474062e+00 -2.227703626e+00  4.951825047e-03  1.757598854e-03  1.618658476e+00  9.996048510e-01  2.382049185e+00  9.111933805e-01
11 3  9.268675874e-01  3.666666667e+00  5.888262500e-01  5.044830104e-01  1.108439505e+08  2.403956391e-03  3.657140371e+06  8.291172818e+01  1.211201486e+00  4.072195335e-03  2.266047415e-02  5.940589690e-03 -9.111506886e+00 -7.147964436e+00  3.466608380e-03  1.791634628e-03  1.909484439e+00  9.992284357e-01  2.248438100e+00  9.437264731e-01
12 3  9.678094591e-01  4.000000000e+00  2.990952049e-01  5.044830104e-01  2.454826516e+07  2.142338642e-02  6.694804977e+05  9.147030317e+01  1.098393933e+00  1.389522337e-02  6.059035791e-02  1.694926289e-02 -3.946128293e+01 -1.763210429e+01  7.597593169e-03  4.500052010e-03  2.249569861e+00  9.997914985e-01  2.153323088e+00  9.785924580e-01
13 3  9.839082364e-01  4.333333333e+00  2.289209639e-01  5.044830104e-01  8.543658931e+06  2.353768281e-02  4.163397474e+05  9.686359709e+01  7.888750289e-01  7.536653487e-03  2.903234733e-02  1.312508250e-02 -1.552429931e+01 -6.856319280e+00  7.542186317e-03  4.848819193e-03  3.256500099e+00  9.999144038e-01  2.020994862e+00  9.896654666e-01
14 3  9.919213983e-01  4.666666667e+00  2.109479876e-01  5.044830104e-01  5.034400639e+06  1.983161931e-02  3.434846899e+05  9.471184662e+01  6.118333808e-01  4.385554977e-03  1.984413377e-02  9.567696917e-03 -1.111372312e+01 -4.204603455e+00  6.839141504e-03  4.531149105e-03  5.256926059e+00  9.999451382e-01  1.891979986e+00  9.948446281e-01
