11  2.217002426e-07
4 3  4.080483072e-01  1.333333333e+00  7.303898646e-01  5.073202594e-01  3.171870870e+08 -3.273022388e-02  8.092387440e+05  3.073497490e+02  1.408905699e+00  1.642650548e-03 -1.814484541e-02 -3.044805168e-02 -4.444465905e+00 -5.784260999e+00  7.540904377e-03  2.008725050e-03  9.952267225e-01  1.013905586e+00  2.696895422e+00  3.495816082e-01
5 3  5.369833984e-01  1.666666667e+00  6.549055438e-01  5.073202594e-01  2.214076232e+08 -2.351574486e-02  1.157067664e+06  2.132208055e+02  1.308165534e+00  1.784142506e-03 -1.265856892e-02 -2.148062225e-02 -2.719533000e+00 -5.046978406e+00  1.154847232e-02  2.793972479e-03  1.050774386e+00  1.008456659e+00  2.823989604e+00  5.241014327e-01
6 3  6.371977718e-01  2.000000000e+00  6.185889889e-01  5.073202594e-01  1.761577898e+08 -1.803477860e-02  1.890903334e+06  1.685343518e+02  1.303886617e+00  2.011206147e-03 -1.052372521e-02 -1.730143752e-02 -1.752396217e+00 -4.164616393e+00  1.102241775e-02  2.519685934e-03  1.134394422e+00  1.005332430e+00  2.783861927e+00  6.459798065e-01
7 3  7.204858178e-01  2.333333333e+00  5.983242230e-01  5.073202594e-01  1.550104035e+08 -1.030415956e-02  1.008207665e+06  1.372267935e+02  1.318094861e+00  2.225358772e-03 -5.366437269e-03 -1.105286145e-02 -1.251064054e+00 -3.559054574e+00  1.072273601e-02  2.651330155e-03  1.230394332e+00  1.003294367e+00  2.692593366e+00  7.386676441e-01
8 3  7.929241646e-01  2.666666667e+00  5.840978786e-01  5.073202594e-01  1.430408557e+08 -7.893246239e-03  1.869440400e+06  1.180892684e+02  1.353661770e+00  2.523640578e-03 -2.747120881e-03 -7.854947493e-03 -1.254430138e+00 -3.062943897e+00  1.096138857e-02  3.068576825e-03  1.338093663e+00  1.001716435e+00  2.588817684e+00  8.143650237e-01
9 3  8.540548252e-01  3.000000000e+00  5.693688621e-01  5.073202594e-01  1.220109963e+08 -8.065257285e-03  5.006339513e+06  1.038972013e+02  1.295543204e+00  2.493388466e-03 -2.595815281e-03 -7.439393557e-03 -1.369416080e+00 -2.737957686e+00  7.889906276e-03  2.523309131e-03  1.469306659e+00  1.000486394e+00  2.475537040e+00  8.758943977e-01
10 3  8.983752053e-01  3.333333333e+00  5.740130069e-01  5.073202594e-01  1.035894365e+08  2.322875707e-03  5.510531689e+06  8.928910725e+01  1.171059394e+00  1.483547385e-03  1.873335254e-03 -4.462175457e-04  3.395969802e+00 -2.607924088e+00  4.429538844e-03  1.693366475e-03  1.679527042e+00  9.996725489e-01  2.341696057e+00  9.196402676e-01
11 3  9.450118354e-01  3.666666667e+00  4.542082947e-01  5.073202594e-01  9.180294145e+07 -7.105184951e-04  1.615514353e+06  8.214148619e+01  1.473961028e+00  1.539621029e-02  8.075774003e-02  1.816372586e-02 -6.708172118e+01 -1.862411239e+01  5.895418721e-03  3.189415204e-03  1.879957592e+00  9.995512926e-01  2.239054418e+00  9.621798600e-01
12 3  9.722137258e-01  4.000000000e+00  2.912890449e-01  5.073202594e-01  2.149243099e+07  1.397881771e-02  5.309682349e+05  9.100324549e+01  9.292974768e-01  8.540451675e-03  3.650489702e-02  8.540379194e-03 -1.805017202e+01 -1.304761271e+01  8.085871611e-03  4.518094186e-03  2.537119475e+00  9.998783489e-01  2.112237106e+00  9.830387678e-01
13 3  9.853609678e-01  4.333333333e+00  2.547069355e-01  5.073202594e-01  9.751640954e+06  9.392223900e-03  3.800179219e+05  9.076169891e+01  7.400467077e-01  6.391366486e-03  1.834507635e-02  2.463190665e-03 -1.541745834e+01 -6.900422775e+00  8.057794292e-03  4.772758327e-03  3.917160713e+00  9.999279451e-01  1.976221908e+00  9.912824189e-01
14 3  9.925347691e-01  4.666666667e+00  2.373860331e-01  5.073202594e-01  5.608062894e+06  7.787126046e-03  3.249987925e+05  8.706749308e+01  5.791533842e-01  4.073767058e-03  1.218445489e-02  6.453970422e-04 -1.382846584e+01 -4.622542787e+00  7.229266897e-03  4.413364943e-03  6.558205965e+00  9.999556902e-01  1.848474444e+00  9.955767200e-01
