10  2.119330218e-07
4 3  4.486447782e-01  1.333333333e+00  7.185761541e-01  5.056091937e-01  3.805636257e+08 -2.966285136e-02  3.344988497e+05  4.088335355e+02  1.381710538e+00  1.431742096e-03 -1.729779499e-02 -2.730171905e-02 -3.845519352e+00 -5.098883075e+00  8.222345046e-03  2.223075588e-03  9.911070757e-01  1.015913669e+00  2.765418598e+00  3.945664162e-01
5 3  5.857515484e-01  1.666666667e+00  6.402145058e-01  5.056091937e-01  2.572195729e+08 -2.279102461e-02  2.095163465e+06  2.724616306e+02  1.285635965e+00  1.679254136e-03 -1.256180217e-02 -2.087234054e-02 -2.527729798e+00 -5.318678383e+00  1.197639739e-02  2.724405989e-03  1.057184850e+00  1.008637475e+00  2.867741428e+00  5.772753942e-01
6 3  6.893523649e-01  2.000000000e+00  6.000470348e-01  5.056091937e-01  1.997138751e+08 -1.442314793e-02  1.304214968e+06  2.152631762e+02  1.265151264e+00  1.916262791e-03 -7.015607482e-03 -1.393780994e-02 -1.815890493e+00 -4.700834023e+00  1.044729744e-02  2.448353398e-03  1.148921653e+00  1.004832155e+00  2.801850722e+00  7.008244530e-01
7 3  7.739925474e-01  2.333333333e+00  5.754388363e-01  5.056091937e-01  1.720779153e+08 -8.122362453e-03  1.412038230e+06  1.797409722e+02  1.282235735e+00  2.183517869e-03 -1.983659130e-03 -7.976139448e-03 -1.439276417e+00 -4.081028209e+00  1.083326584e-02  2.918934141e-03  1.253433828e+00  1.002475303e+00  2.690133735e+00  7.935209072e-01
8 3  8.469511350e-01  2.666666667e+00  5.570488005e-01  5.056091937e-01  1.445567377e+08 -7.886007987e-03  4.521047884e+06  1.492407507e+02  1.276437678e+00  2.366589420e-03 -1.836591181e-03 -7.096402938e-03 -1.331768971e+00 -3.451091745e+00  8.715212938e-03  2.728191305e-03  1.389898336e+00  1.000899989e+00  2.571701163e+00  8.655966878e-01
9 3  8.982435830e-01  3.000000000e+00  5.688969482e-01  5.056091937e-01  1.083914405e+08  6.721538695e-03  6.017230483e+06  1.205560382e+02  1.067262257e+00  5.387953516e-04 -1.185239667e-04  3.396610473e-04  8.905518207e+00 -3.257590009e+00  4.544975176e-03  1.650772168e-03  1.601971247e+00  1.000013414e+00  2.422249579e+00  9.145285765e-01
10 3  9.264666004e-01  3.333333333e+00  6.549284307e-01  5.056091937e-01  9.367898197e+07  1.689569437e-02  3.880407206e+06  9.891072674e+01  8.954429487e-01  1.162037573e-03  2.470295476e-03  6.515185558e-03  1.601602370e+01 -2.498400252e+00  3.059005811e-03  1.512847610e-03  2.015483499e+00  9.995279436e-01  2.247429913e+00  9.410051607e-01
11 3  9.562676480e-01  3.666666667e+00  5.106806205e-01  5.056091937e-01  1.697067554e+08  6.340693869e-03  1.214808274e+06  9.665379168e+01  1.570046219e+00  9.226056447e-03  5.378706104e-02  1.526773311e-02 -6.064946430e+01  4.340001404e-01  7.237127515e-03  3.692930555e-03  2.424207534e+00  9.994280676e-01  2.108627030e+00  9.674852469e-01
12 3  9.862474844e-01  4.000000000e+00  2.915939808e-01  5.056091937e-01  1.620136168e+07  2.063496465e-02  4.080035263e+05  1.081903431e+02  7.741810398e-01  9.076309704e-03  6.354960301e-02  9.269551027e-03 -2.149625616e+01 -2.898784426e+01  7.696274681e-03  4.564869747e-03  3.302555739e+00  9.998610430e-01  1.994370123e+00  9.904205141e-01
13 3  9.939661892e-01  4.333333333e+00  2.654585891e-01  5.056091937e-01  5.248846380e+06  1.726210215e-02  3.349211516e+05  1.038251672e+02  5.178639412e-01  4.878733260e-03  2.874146580e-02  5.383721155e-03 -1.676243545e+01 -1.153897726e+01  6.309229854e-03  4.139638070e-03  5.803669132e+00  9.999733309e-01  1.855573350e+00  9.958110860e-01
