10  2.074229417e-07
4 3  4.849645493e-01  1.333333333e+00  7.234487211e-01  5.124501036e-01  2.544962087e+08 -1.860798771e-02  3.674894250e+05  4.059083536e+02  1.301166585e+00  1.789739246e-03 -7.933159147e-03 -1.662845368e-02 -3.272303779e+00 -5.726343589e+00  9.391374716e-03  2.592137291e-03  1.001481897e+00  1.016072418e+00  2.855879463e+00  4.458812277e-01
5 3  6.135701148e-01  1.666666667e+00  6.524178192e-01  5.124501036e-01  1.719523105e+08 -1.009971848e-02  2.279341874e+06  2.683659760e+02  1.212347451e+00  1.762255053e-03 -3.108811248e-03 -8.537050899e-03 -2.321650722e+00 -3.640445652e+00  1.151981438e-02  2.664150358e-03  1.080865503e+00  1.008765528e+00  2.869786812e+00  6.157392848e-01
6 3  7.115517111e-01  2.000000000e+00  6.123626378e-01  5.124501036e-01  1.486493190e+08 -1.548671778e-03  1.139405860e+06  1.997513582e+02  1.221488649e+00  1.829376654e-03  2.876733268e-03 -1.210398120e-03 -1.816799889e+00 -2.666013746e+00  1.071941209e-02  2.612396970e-03  1.181525791e+00  1.005075838e+00  2.763244144e+00  7.299901250e-01
7 3  7.929192744e-01  2.333333333e+00  5.856942292e-01  5.124501036e-01  1.413940363e+08 -8.638012387e-04  2.105221903e+06  1.731117921e+02  1.231872605e+00  1.803994561e-03  2.547027658e-03 -7.719535302e-04 -1.474410051e+00 -2.084495604e+00  1.075580069e-02  3.008791588e-03  1.297970565e+00  1.002561476e+00  2.632735049e+00  8.163006581e-01
8 3  8.571278209e-01  2.666666667e+00  5.705252176e-01  5.124501036e-01  1.264530325e+08  1.237851137e-03  5.723181788e+06  1.506003974e+02  1.156743654e+00  1.431386897e-03  3.500199987e-03  9.997062959e-04 -4.363189925e-01 -1.807343810e+00  7.312104905e-03  2.333611443e-03  1.449948530e+00  1.000869224e+00  2.485982959e+00  8.799698949e-01
9 3  9.020606556e-01  3.000000000e+00  5.906219176e-01  5.124501036e-01  1.141121717e+08  9.779342634e-03  5.804912435e+06  1.259205386e+02  1.050925512e+00  7.412385518e-04  4.369620761e-03  5.338515226e-03  5.946693085e+00 -1.863329793e+00  4.062013792e-03  1.591829522e-03  1.683004417e+00  9.998735857e-01  2.323290594e+00  9.233656034e-01
10 3  9.406512038e-01  3.333333333e+00  5.211328878e-01  5.124501036e-01  1.251277935e+08 -4.536608820e-03  2.230049939e+06  1.082243693e+02  1.391605450e+00  9.736683484e-03  5.905819514e-02  1.245280534e-02 -4.216930716e+01 -1.547776735e+01  4.796315557e-03  2.638630823e-03  2.012854856e+00  9.995241649e-01  2.179651798e+00  9.581749518e-01
11 3  9.735893943e-01  3.666666667e+00  2.641649808e-01  5.124501036e-01  1.897939522e+07  2.441349944e-02  5.609884512e+05  1.237627630e+02  8.964763441e-01  8.923269669e-03  5.090334886e-02  1.746589489e-02 -2.237426009e+01 -1.693972381e+01  7.729716731e-03  4.540034750e-03  2.658288441e+00  9.998835937e-01  2.051624131e+00  9.837696488e-01
12 3  9.873740859e-01  4.000000000e+00  2.161760149e-01  5.124501036e-01  7.431166571e+06  2.010308432e-02  3.972555469e+05  1.277782277e+02  6.796437998e-01  5.888722067e-03  2.644596935e-02  1.096027088e-02 -1.388853102e+01 -7.614768034e+00  7.406878268e-03  4.749088569e-03  4.195716342e+00  9.999515312e-01  1.907412550e+00  9.924148856e-01
13 3  9.953263626e-01  4.333333333e+00  1.967960671e-01  5.124501036e-01  4.046227059e+06  1.487555628e-02  3.349914352e+05  1.247366866e+02  5.165433258e-01  3.344490350e-03  1.510220671e-02  5.606054606e-03 -1.086770515e+01 -4.278168494e+00  6.530073632e-03  4.366950116e-03  9.218650079e+00  9.999811720e-01  1.774921641e+00  9.972017570e-01
