11  2.098504359e-07
4 3  3.963238981e-01  1.333333333e+00  8.378147868e-01  5.058056733e-01  3.263913522e+08 -3.260027065e-02  3.504718292e+06  3.264716518e+02  1.431300011e+00  1.605600087e-03 -2.207025451e-02 -3.260027065e-02 -3.398343622e+00 -5.531582155e+00  8.157647147e-03  2.132014247e-03  9.890217487e-01  1.013771989e+00  2.666024732e+00
5 3  5.257261146e-01  1.666666667e+00  7.631007587e-01  5.058056733e-01  2.377340960e+08 -2.234940288e-02  3.504718292e+06  2.195156045e+02  1.327870072e+00  1.773155121e-03 -1.435755568e-02 -2.234940288e-02 -2.893529260e+00 -4.576812009e+00  8.297161460e-03  2.147439763e-03  1.040508337e+00  1.008490913e+00  2.814460467e+00
6 3  6.274438643e-01  2.000000000e+00  7.137860574e-01  5.058056733e-01  1.958263444e+08 -1.766406473e-02  3.504718292e+06  1.744806485e+02  1.328316329e+00  2.010828955e-03 -1.125611527e-02 -1.766406473e-02 -2.452650155e+00 -3.708903420e+00  8.452558778e-03  2.208464936e-03  1.119770641e+00  1.005266020e+00  2.790218708e+00
7 3  7.130796617e-01  2.333333333e+00  6.778834964e-01  5.058056733e-01  1.752545552e+08 -1.324717183e-02  3.504718292e+06  1.456021574e+02  1.344538779e+00  2.207350992e-03 -7.765067032e-03 -1.324717183e-02 -2.165999244e+00 -3.126160220e+00  8.628828671e-03  2.261763832e-03  1.211399168e+00  1.003096456e+00  2.712166349e+00
8 3  7.865360506e-01  2.666666667e+00  6.503356675e-01  5.058056733e-01  1.633587855e+08 -9.617843164e-03  3.504718292e+06  1.275823182e+02  1.354867041e+00  2.318959284e-03 -4.754352681e-03 -9.617843164e-03 -1.956051956e+00 -2.699656056e+00  8.727078593e-03  2.293606079e-03  1.316325200e+00  1.001505921e+00  2.613459561e+00
9 3  8.477374311e-01  3.000000000e+00  6.292683004e-01  5.058056733e-01  1.454374198e+08 -7.145388498e-03  3.504718292e+06  1.117297894e+02  1.305418887e+00  2.233986843e-03 -2.580801487e-03 -7.145388498e-03 -1.870282138e+00 -2.431551385e+00  8.516300620e-03  2.243601203e-03  1.448040506e+00  1.000357572e+00  2.500965675e+00
10 3  8.943818218e-01  3.333333333e+00  6.129504936e-01  5.058056733e-01  1.285045667e+08 -2.249541410e-03  3.504718292e+06  9.674224690e+01  1.227529411e+00  2.172990829e-03  2.920565084e-03 -2.249541410e-03 -2.055221881e+00 -2.639986716e+00  8.185466559e-03  2.145062570e-03  1.632407749e+00  9.996113247e-01  2.372945417e+00
11 3  9.303334049e-01  3.666666667e+00  6.009992203e-01  5.058056733e-01  1.190025099e+08  8.013561033e-03  3.504718292e+06  8.319398738e+01  1.316133479e+00  6.074548664e-03  3.238931274e-02  8.013561033e-03 -7.115320811e+00 -1.294956957e+01  8.744039339e-03  2.269776763e-03  1.917283481e+00  9.992214874e-01  2.243062175e+00
12 3  9.694276933e-01  4.000000000e+00  2.969353954e-01  5.058056733e-01  2.080311427e+07  1.403194743e-02  3.504718292e+06  9.333739079e+01  1.002841047e+00  1.083009306e-02  4.484534182e-02  1.403194743e-02 -2.427291833e+01 -1.401508028e+01  7.790526748e-03  2.313244202e-03  2.315283109e+00  9.998393587e-01  2.143867901e+00
13 3  9.840787097e-01  4.333333333e+00  2.474063777e-01  5.058056733e-01  8.909468645e+06  9.602045051e-03  3.504718292e+06  9.530362352e+01  7.726937106e-01  7.018060528e-03  2.417250550e-02  9.602045051e-03 -1.508992740e+01 -6.423186082e+00  6.600313816e-03  2.114665306e-03  3.407015070e+00  9.999080691e-01  2.009001098e+00
14 3  9.919110166e-01  4.666666667e+00  2.277593985e-01  5.058056733e-01  5.286423116e+06  6.825680422e-03  3.504718292e+06  9.243913302e+01  6.080364846e-01  4.384774209e-03  1.713935093e-02  6.825680422e-03 -1.277324865e+01 -4.208179335e+00  5.584838229e-03  1.849871717e-03  5.528678740e+00  9.999361570e-01  1.880401409e+00
