11  2.054746513e-07
4 3  4.064524612e-01  1.333333333e+00  8.593190999e-01  5.043861155e-01  3.271161404e+08 -3.243239568e-02  3.559291786e+06  3.353652619e+02  1.420708771e+00  1.601410750e-03 -2.269127317e-02 -3.243239568e-02 -3.176684521e+00 -5.414760330e+00  8.213773089e-03  2.143153487e-03  9.929466169e-01  1.013818097e+00  2.719919590e+00
5 3  5.341311211e-01  1.666666667e+00  7.845275325e-01  5.043861155e-01  2.342392140e+08 -2.184751017e-02  3.559291786e+06  2.275860752e+02  1.300605210e+00  1.744613105e-03 -1.407075202e-02 -2.184751017e-02 -2.952087588e+00 -4.581879603e+00  8.224212647e-03  2.132020450e-03  1.046781359e+00  1.008449755e+00  2.844319659e+00
6 3  6.336039900e-01  2.000000000e+00  7.319633047e-01  5.043861155e-01  1.952019633e+08 -1.738833140e-02  3.559291786e+06  1.800296260e+02  1.313207795e+00  2.029620388e-03 -1.091709351e-02 -1.738833140e-02 -2.661674031e+00 -3.785078938e+00  8.424096487e-03  2.201723167e-03  1.128344799e+00  1.005324187e+00  2.802973838e+00
7 3  7.194232559e-01  2.333333333e+00  6.905544684e-01  5.043861155e-01  1.761994838e+08 -1.314033079e-02  3.559291786e+06  1.511624054e+02  1.350211481e+00  2.324584612e-03 -7.502717055e-03 -1.314033079e-02 -2.455601600e+00 -3.217615722e+00  8.687051279e-03  2.280260085e-03  1.219914495e+00  1.003170666e+00  2.722121568e+00
8 3  7.944491732e-01  2.666666667e+00  6.571295063e-01  5.043861155e-01  1.613041977e+08 -9.143795908e-03  3.559291786e+06  1.323572757e+02  1.360656500e+00  2.462732850e-03 -4.170663386e-03 -9.143795908e-03 -2.257724125e+00 -2.747541571e+00  8.791547407e-03  2.316750103e-03  1.327128313e+00  1.001564939e+00  2.626041006e+00
9 3  8.556330847e-01  3.000000000e+00  6.322921249e-01  5.043861155e-01  1.388974210e+08 -5.963669054e-03  3.559291786e+06  1.149763620e+02  1.279472783e+00  2.246541237e-03 -1.378174594e-03 -5.963669054e-03 -1.963245122e+00 -2.493603761e+00  8.460347716e-03  2.230994410e-03  1.471807850e+00  1.000435749e+00  2.511195482e+00
10 3  8.994269593e-01  3.333333333e+00  6.261935282e-01  5.043861155e-01  1.199261878e+08 -1.703442829e-03  3.559291786e+06  9.848493329e+01  1.164585143e+00  1.476349704e-03  1.006246848e-03 -1.703442829e-03  2.100868693e+00 -2.643738372e+00  7.972357917e-03  2.084825068e-03  1.687025980e+00  9.997118298e-01  2.374034314e+00
11 3  9.303441444e-01  3.666666667e+00  6.530731062e-01  5.043861155e-01  1.124635682e+08  4.760093456e-03  3.559291786e+06  8.528712288e+01  1.138710934e+00  3.236869224e-03  1.765975559e-02  4.760093456e-03 -2.140492879e+00 -7.541417632e+00  7.930846083e-03  2.047666537e-03  2.043489308e+00  9.993024805e-01  2.231486010e+00
12 3  9.710527938e-01  4.000000000e+00  3.433830023e-01  5.043861155e-01  2.961997744e+07  1.147191521e-02  3.559291786e+06  9.352019295e+01  1.047345326e+00  1.137976499e-02  5.576687435e-02  1.147191521e-02 -3.114585854e+01 -2.030003787e+01  7.910996394e-03  2.274465357e-03  2.426924475e+00  9.997893122e-01  2.136074254e+00
13 3  9.859191268e-01  4.333333333e+00  2.741553947e-01  5.043861155e-01  9.570041145e+06  9.069126883e-03  3.559291786e+06  9.637447801e+01  7.550212671e-01  7.681000530e-03  2.981496911e-02  9.069126883e-03 -1.974380499e+01 -9.515137672e+00  6.390770342e-03  2.051092547e-03  3.608878197e+00  9.999010144e-01  2.002171192e+00
14 3  9.931612563e-01  4.666666667e+00  2.497489973e-01  5.043861155e-01  5.038858138e+06  7.170365298e-03  3.559291786e+06  9.326529731e+01  5.739014604e-01  4.605325689e-03  2.065141575e-02  7.170365298e-03 -1.632060777e+01 -5.719902285e+00  5.272705617e-03  1.773276486e-03  5.974805793e+00  9.999437403e-01  1.872895556e+00
