11  2.162643994e-07
4 3  3.991662678e-01  1.333333333e+00  7.837122854e-01  5.066866492e-01  3.104607325e+08 -3.246436882e-02  3.412632223e+06  3.072293879e+02  1.392523968e+00  1.554507352e-03 -1.952746759e-02 -3.081739134e-02 -3.946584180e+00 -5.513332210e+00  8.088395754e-03  2.097839987e-03  9.911788362e-01  1.013302179e+00  2.675941505e+00
5 3  5.245390947e-01  1.666666667e+00  7.106849072e-01  5.066866492e-01  2.314980210e+08 -2.385722498e-02  3.412632223e+06  2.123291459e+02  1.315752057e+00  1.726263232e-03 -1.352994316e-02 -2.193604445e-02 -2.830219313e+00 -4.705719137e+00  8.263363990e-03  2.130413788e-03  1.045059639e+00  1.008328279e+00  2.799326804e+00
6 3  6.245534807e-01  2.000000000e+00  6.685056141e-01  5.066866492e-01  1.906619321e+08 -1.886759249e-02  3.412632223e+06  1.686816008e+02  1.322072638e+00  1.965385693e-03 -1.112414080e-02 -1.775783823e-02 -2.116435079e+00 -3.882194831e+00  8.430209242e-03  2.196780504e-03  1.125337548e+00  1.005291160e+00  2.769198218e+00
7 3  7.091230543e-01  2.333333333e+00  6.409547776e-01  5.066866492e-01  1.699011795e+08 -1.197896801e-02  3.412632223e+06  1.392494413e+02  1.341869531e+00  2.177970988e-03 -6.559819059e-03 -1.217030604e-02 -1.693543594e+00 -3.311717163e+00  8.629796679e-03  2.255352712e-03  1.216644777e+00  1.003220000e+00  2.689450426e+00
8 3  7.825608530e-01  2.666666667e+00  6.213978967e-01  5.066866492e-01  1.590110278e+08 -9.259850731e-03  3.412632223e+06  1.217297706e+02  1.365908258e+00  2.349249976e-03 -4.335940951e-03 -9.243847457e-03 -1.411226726e+00 -2.868374443e+00  8.791794308e-03  2.306150689e-03  1.318646069e+00  1.001603524e+00  2.592792567e+00
9 3  8.448309729e-01  3.000000000e+00  6.071822154e-01  5.066866492e-01  1.406873074e+08 -7.767476184e-03  3.412632223e+06  1.071602510e+02  1.319074866e+00  2.287794832e-03 -2.840102397e-03 -7.354189045e-03 -1.269488299e+00 -2.565213492e+00  8.583806986e-03  2.264128956e-03  1.444986887e+00  1.000363184e+00  2.485013860e+00
10 3  8.918009707e-01  3.333333333e+00  5.977993573e-01  5.066866492e-01  1.221959553e+08 -1.625209150e-03  3.412632223e+06  9.289931034e+01  1.224208505e+00  2.060992632e-03  3.368701672e-03 -1.157283894e-03 -9.570795091e-01 -2.566322714e+00  8.166549295e-03  2.147883112e-03  1.623890629e+00  9.995710131e-01  2.358986151e+00
11 3  9.272425624e-01  3.666666667e+00  5.926839785e-01  5.066866492e-01  1.155876955e+08  1.024916588e-02  3.412632223e+06  7.943518078e+01  1.310762785e+00  5.620155553e-03  3.031597010e-02  9.263579669e-03 -4.582354792e+00 -1.137002037e+01  8.713256065e-03  2.263612330e-03  1.905978678e+00  9.991847576e-01  2.228898392e+00
12 3  9.681706970e-01  4.000000000e+00  2.901948303e-01  5.066866492e-01  2.286906959e+07  2.015085358e-02  3.412632223e+06  9.185135164e+01  1.022645311e+00  1.074858653e-02  4.698747378e-02  1.515936904e-02 -2.536651897e+01 -1.391509542e+01  7.994050150e-03  2.333475871e-03  2.270647339e+00  9.998389516e-01  2.134737784e+00
13 3  9.832997462e-01  4.333333333e+00  2.405029935e-01  5.066866492e-01  9.772622981e+06  1.688127564e-02  3.412632223e+06  9.412282420e+01  7.860265865e-01  6.955481349e-03  2.358642344e-02  8.525946970e-03 -1.548744392e+01 -6.438431742e+00  6.788793611e-03  2.133723839e-03  3.314418442e+00  9.999104641e-01  2.001462628e+00
14 3  9.914195796e-01  4.666666667e+00  2.207202004e-01  5.066866492e-01  5.781546033e+06  1.388438272e-02  3.412632223e+06  9.124301439e+01  6.214563437e-01  4.398374764e-03  1.565762771e-02  5.070402269e-03 -1.313639462e+01 -4.183617702e+00  5.770594387e-03  1.874693889e-03  5.338636600e+00  9.999368649e-01  1.873897505e+00
