13  2.375591809e-07
4 3  3.649997621e-01  1.333333333e+00  7.105558478e-01  5.065571599e-01  2.892899315e+08 -2.783363187e-02  1.487712929e+06  2.647943213e+02  1.394006275e+00  1.583199863e-03 -2.783363187e-02 -4.363799359e-02 -6.608323971e+00 -5.504217315e+00  9.901685745e-03  2.588688666e-03  9.963490024e-01  1.008899102e+00  2.647108912e+00  3.064785044e-01
5 3  4.770281513e-01  1.666666667e+00  6.264716847e-01  5.065571599e-01  2.232331907e+08 -2.293735630e-02  3.962779122e+05  1.839341006e+02  1.303751412e+00  1.622185695e-03 -2.293735630e-02 -3.459167476e-02 -4.250189748e+00 -4.962054517e+00  1.563273958e-02  4.036264845e-03  1.040546746e+00  1.006588613e+00  2.761324859e+00  4.603879091e-01
6 3  5.680686605e-01  2.000000000e+00  5.822377471e-01  5.065571599e-01  1.905847381e+08 -1.657604366e-02  1.847294318e+06  1.458208567e+02  1.343365740e+00  1.893763385e-03 -1.657604366e-02 -2.563902031e-02 -2.857408570e+00 -4.223452057e+00  9.698836315e-03  2.528081027e-03  1.109127177e+00  1.004679801e+00  2.735071823e+00  5.734687185e-01
7 3  6.507228917e-01  2.333333333e+00  5.545343051e-01  5.065571599e-01  1.739536919e+08 -1.410090031e-02  1.509784967e+06  1.228317851e+02  1.414473781e+00  2.268404675e-03 -1.410090031e-02 -2.157563335e-02 -2.018523433e+00 -3.680754777e+00  1.084844028e-02  2.853836276e-03  1.181240544e+00  1.002984834e+00  2.680920252e+00  6.680721229e-01
8 3  7.281161038e-01  2.666666667e+00  5.362309368e-01  5.065571599e-01  1.650303989e+08 -1.209738767e-02  9.195470475e+05  1.084932162e+02  1.476485445e+00  2.596957767e-03 -1.209738767e-02 -1.833999708e-02 -1.403041617e+00 -3.196201869e+00  1.331704060e-02  3.525389812e-03  1.253190924e+00  1.001471369e+00  2.620840985e+00  7.516977617e-01
9 3  7.979038343e-01  3.000000000e+00  5.252225509e-01  5.065571599e-01  1.488831354e+08 -1.015282660e-02  1.985456252e+06  9.576007007e+01  1.463506989e+00  2.627719398e-03 -1.015282660e-02 -1.533929229e-02 -8.443953247e-01 -2.745532048e+00  1.032408206e-02  2.747648983e-03  1.339166430e+00  1.000260421e+00  2.549838133e+00  8.223087469e-01
10 3  8.518856346e-01  3.333333333e+00  5.219805061e-01  5.065571599e-01  1.239762240e+08 -7.101631574e-03  4.626862437e+06  8.261762838e+01  1.328121166e+00  2.150200115e-03 -7.101631574e-03 -1.143104053e-02  2.065783245e-01 -2.529126408e+00  7.316780763e-03  1.949893983e-03  1.454958002e+00  9.994824119e-01  2.448205873e+00  8.753480727e-01
11 3  8.900963781e-01  3.666666667e+00  5.262884459e-01  5.065571599e-01  1.071487921e+08  1.838434618e-03  5.473270415e+06  7.106751589e+01  1.221452944e+00  2.223565196e-03  1.838434618e-03 -4.050003899e-03  9.271263245e-01 -3.465674133e+00  6.553399555e-03  1.737867747e-03  1.629652679e+00  9.990615852e-01  2.324492201e+00  9.122055339e-01
12 3  9.259137296e-01  4.000000000e+00  4.972087224e-01  5.065571599e-01  1.098493261e+08  4.749663097e-02  3.215002411e+06  6.249282173e+01  1.588304551e+00  1.118230870e-02  4.749663097e-02  1.086029644e-02 -2.467959529e+01 -1.227957955e+01  9.503733551e-03  2.526957453e-03  1.835897026e+00  9.990160615e-01  2.216425984e+00  9.449318822e-01
13 3  9.627814573e-01  4.333333333e+00  2.744570668e-01  5.065571599e-01  2.455451919e+07  5.810794365e-02  6.954440836e+05  6.791607784e+01  1.112506365e+00  1.190645326e-02  5.810794365e-02  1.996735483e-02 -3.099952129e+01 -1.336230976e+01  1.320106300e-02  3.871870118e-03  2.127993706e+00  9.997351571e-01  2.128927219e+00  9.757309268e-01
14 3  9.788091963e-01  4.666666667e+00  2.236864805e-01  5.065571599e-01  1.141135181e+07  3.528947500e-02  4.224669145e+05  7.103744768e+01  8.977324193e-01  8.517053123e-03  3.528947500e-02  1.588382522e-02 -1.714066533e+01 -7.039839968e+00  1.371089307e-02  4.306856510e-03  2.864790049e+00  9.998756291e-01  2.010052834e+00  9.867463399e-01
15 3  9.882037181e-01  5.000000000e+00  2.042539268e-01  5.065571599e-01  6.871589870e+06  2.436942945e-02  3.353305714e+05  7.078535309e+01  7.350214633e-01  5.912105863e-03  2.436942945e-02  1.098642007e-02 -1.326521120e+01 -4.661524469e+00  1.295222892e-02  4.219829667e-03  4.197752364e+00  9.999252913e-01  1.894149537e+00  9.927038909e-01
16 3  9.936488431e-01  5.333333333e+00  1.948960202e-01  5.065571599e-01  4.602235216e+06  1.890867130e-02  2.971008274e+05  6.782144871e+01  5.878290384e-01  3.786968076e-03  1.890867130e-02  7.894490807e-03 -1.168462041e+01 -3.622214332e+00  1.151679913e-02  3.824649928e-03  6.540708081e+00  9.999551441e-01  1.785603185e+00  9.960806762e-01
