11  2.219953150e-07
4 3  4.097427455e-01  1.333333333e+00  7.257198074e-01  5.070138320e-01  3.185444122e+08 -1.803892480e-02  7.903121213e+05  3.082370237e+02  1.409651216e+00  1.654498637e-03 -1.803892480e-02 -3.048524924e-02 -4.481922397e+00 -5.865348818e+00  1.337404606e-02  3.442083111e-03  9.960352169e-01  1.014042479e+00  2.700777990e+00  3.506569863e-01
5 3  5.390496377e-01  1.666666667e+00  6.500210917e-01  5.070138320e-01  2.198190910e+08 -1.260031652e-02  1.183339212e+06  2.142045738e+02  1.306347150e+00  1.795334688e-03 -1.260031652e-02 -2.147274509e-02 -2.709107020e+00 -5.100256571e+00  1.175798319e-02  3.030325913e-03  1.051808478e+00  1.008532600e+00  2.827028266e+00  5.256475418e-01
6 3  6.393295578e-01  2.000000000e+00  6.141243102e-01  5.070138320e-01  1.743216710e+08 -1.024473554e-02  1.869523916e+06  1.692511610e+02  1.301895052e+00  2.025623045e-03 -1.024473554e-02 -1.704296593e-02 -1.726149582e+00 -4.201144117e+00  1.023729170e-02  2.674555082e-03  1.135824027e+00  1.005392293e+00  2.785419040e+00  6.475292691e-01
7 3  7.227097552e-01  2.333333333e+00  5.942852406e-01  5.070138320e-01  1.533149585e+08 -5.068665975e-03  1.000533201e+06  1.374951053e+02  1.318265845e+00  2.253540962e-03 -5.068665975e-03 -1.076826173e-02 -1.223228681e+00 -3.587721171e+00  1.293854942e-02  3.382597753e-03  1.231918214e+00  1.003338145e+00  2.693361550e+00  7.403720299e-01
8 3  7.956045404e-01  2.666666667e+00  5.801800312e-01  5.070138320e-01  1.407379132e+08 -2.497442313e-03  1.934331797e+06  1.179653070e+02  1.356027521e+00  2.580151006e-03 -2.497442313e-03 -7.623358436e-03 -1.270132571e+00 -3.077473610e+00  1.067767041e-02  2.803060688e-03  1.339577458e+00  1.001733208e+00  2.590244691e+00  8.165744282e-01
9 3  8.567634386e-01  3.000000000e+00  5.654703270e-01  5.070138320e-01  1.186004175e+08 -2.442953950e-03  5.135078965e+06  1.037019097e+02  1.288643237e+00  2.494781835e-03 -2.442953950e-03 -7.198562467e-03 -1.207781744e+00 -2.746537913e+00  7.433834129e-03  1.970836204e-03  1.472029105e+00  1.000485728e+00  2.476342829e+00  8.782527227e-01
10 3  9.002617469e-01  3.333333333e+00  5.738063968e-01  5.070138320e-01  1.009105845e+08  1.964607099e-03  5.421577165e+06  8.900758044e+01  1.161847308e+00  1.368122151e-03  1.964607099e-03  5.530779797e-06  3.894585237e+00 -2.522236301e+00  6.815815542e-03  1.799600209e-03  1.691388809e+00  9.996709824e-01  2.339954099e+00  9.211876464e-01
11 3  9.476803552e-01  3.666666667e+00  4.231646623e-01  5.070138320e-01  8.128497738e+07  8.040329569e-02  1.403565693e+06  8.413237747e+01  1.374784311e+00  1.356259020e-02  8.040329569e-02  1.798911266e-02 -6.185697337e+01 -1.952208121e+01  1.287652729e-02  3.332980414e-03  1.897724727e+00  9.996044536e-01  2.239127537e+00  9.643932769e-01
12 3  9.733854891e-01  4.000000000e+00  2.886618421e-01  5.070138320e-01  2.042277832e+07  3.555419000e-02  5.128574932e+05  9.141362389e+01  9.148629670e-01  8.503591907e-03  3.555419000e-02  7.749884869e-03 -1.833632075e+01 -1.296250332e+01  1.451778664e-02  4.118824163e-03  2.607585222e+00  9.998828190e-01  2.108794125e+00  9.837807012e-01
13 3  9.861179273e-01  4.333333333e+00  2.534935769e-01  5.070138320e-01  9.278788226e+06  1.801061927e-02  3.727248073e+05  9.096664082e+01  7.259329667e-01  6.266326459e-03  1.801061927e-02  2.297953089e-03 -1.512683334e+01 -6.855980161e+00  1.396095278e-02  4.228558566e-03  4.060627700e+00  9.999331689e-01  1.972140864e+00  9.917303962e-01
14 3  9.929852538e-01  4.666666667e+00  2.373714154e-01  5.070138320e-01  5.350659124e+06  1.218910692e-02  3.211967804e+05  8.695076703e+01  5.650057193e-01  3.927946668e-03  1.218910692e-02  7.535661577e-04 -1.345796084e+01 -4.607314336e+00  1.231476967e-02  3.851783088e-03  6.830889137e+00  9.999605002e-01  1.844077054e+00  9.958397497e-01
