10  2.059813278e-07
4 3  4.699944105e-01  1.333333333e+00  7.480075960e-01  5.056225197e-01  3.673717486e+08 -1.435900936e-02  2.801536203e+05  4.363829739e+02  1.384320433e+00  1.522718813e-03 -1.435900936e-02 -2.304828175e-02 -3.478638785e+00 -4.909010307e+00  1.994298884e-02  5.149372952e-03  9.932520342e-01  1.015769322e+00  2.837672887e+00  4.165090877e-01
5 3  6.106915543e-01  1.666666667e+00  6.664424366e-01  5.056225197e-01  2.431901210e+08 -5.728517478e-03  2.252860880e+06  2.961070576e+02  1.261790590e+00  1.724869270e-03 -5.728517478e-03 -1.310294444e-02 -2.537212816e+00 -4.987271932e+00  9.833425835e-03  2.547692013e-03  1.064456651e+00  1.007789004e+00  2.926550763e+00  6.055866920e-01
6 3  7.125374735e-01  2.000000000e+00  6.223333861e-01  5.056225197e-01  1.861640513e+08 -1.057240668e-03  1.138629919e+06  2.265396691e+02  1.216166461e+00  1.858693469e-03 -1.057240668e-03 -7.280302995e-03 -1.990926009e+00 -4.328958230e+00  1.225823116e-02  3.200012839e-03  1.166429310e+00  1.004119789e+00  2.835153137e+00  7.263021963e-01
7 3  7.915580012e-01  2.333333333e+00  5.943657031e-01  5.056225197e-01  1.619219266e+08  2.153969521e-03  1.900070457e+06  1.836045567e+02  1.222144542e+00  2.020675321e-03  2.153969521e-03 -3.313792267e-03 -1.686471922e+00 -3.726100065e+00  1.048167358e-02  2.739978370e-03  1.290216164e+00  1.002197810e+00  2.694465884e+00  8.112651125e-01
8 3  8.595436473e-01  2.666666667e+00  5.754290742e-01  5.056225197e-01  1.384807784e+08  1.222283738e-03  5.404588780e+06  1.555074816e+02  1.205774925e+00  2.016139352e-03  1.222283738e-03 -3.305657874e-03 -7.146509948e-01 -3.302279048e+00  7.322832083e-03  1.930982924e-03  1.453611680e+00  1.000865297e+00  2.556749124e+00  8.766967655e-01
9 3  9.050492487e-01  3.000000000e+00  6.154140161e-01  5.056225197e-01  1.068493948e+08 -3.418704757e-03  5.850931950e+06  1.286424556e+02  9.950679646e-01  1.529958076e-03 -3.418704757e-03  1.370365088e-03  1.659448002e+01 -3.107994082e+00  6.230390971e-03  1.647485525e-03  1.711414878e+00  9.999622238e-01  2.390825245e+00  9.203895134e-01
10 3  9.297192429e-01  3.333333333e+00  7.360020638e-01  5.056225197e-01  9.568907040e+07  2.135868653e-03  3.814082188e+06  1.062682113e+02  8.382262686e-01  1.304875103e-03  2.135868653e-03  8.777539571e-03  2.118967168e+01 -2.168974561e+00  6.361627630e-03  1.665675752e-03  2.233723459e+00  9.994466817e-01  2.209255714e+00  9.435068433e-01
11 3  9.713988887e-01  3.666666667e+00  3.913495328e-01  5.056225197e-01  9.247746825e+07  1.048649483e-01  6.679555582e+05  1.126960853e+02  1.308732547e+00  1.249134372e-02  1.048649483e-01  1.836458565e-02 -4.927501990e+01 -3.687477530e+01  1.618481279e-02  4.196172473e-03  2.425236479e+00  9.996303495e-01  2.098837846e+00  9.794355713e-01
12 3  9.893824563e-01  4.000000000e+00  2.720063990e-01  5.056225197e-01  1.034928486e+07  4.685504996e-02  3.874574739e+05  1.175771697e+02  6.639503161e-01  7.108950603e-03  4.685504996e-02  9.713559543e-03 -2.368906336e+01 -1.947984570e+01  1.256618075e-02  3.952645412e-03  3.876661078e+00  9.999044283e-01  1.960089885e+00  9.925533973e-01
13 3  9.959067550e-01  4.333333333e+00  2.457373216e-01  5.056225197e-01  4.123679844e+06  2.583418420e-02  3.291814221e+05  1.118704941e+02  4.741870560e-01  4.034734073e-03  2.583418420e-02  7.106808843e-03 -1.856438096e+01 -9.027904297e+00  1.049698753e-02  3.570151468e-03  7.908068017e+00  9.999731811e-01  1.821370151e+00  9.971330424e-01
