11  2.168575317e-07
4 3  3.911808107e-01  1.333333333e+00  7.858527796e-01  5.041352371e-01  3.311856335e+08 -3.485943358e-02  3.369110042e+06  3.096129398e+02  1.386599299e+00  1.523073075e-03 -2.176337839e-02 -3.485943358e-02 -4.231724644e+00 -6.329144702e+00  7.960030275e-03  2.058395538e-03  9.937053265e-01  1.011921390e+00  2.679672077e+00
5 3  5.121422473e-01  1.666666667e+00  7.116181796e-01  5.041352371e-01  2.414236064e+08 -2.512230237e-02  3.369110042e+06  2.092123639e+02  1.311789124e+00  1.709356018e-03 -1.545498097e-02 -2.512230237e-02 -3.092929986e+00 -5.281339040e+00  8.146057184e-03  2.094198602e-03  1.045568438e+00  1.008134953e+00  2.796125078e+00
6 3  6.108040663e-01  2.000000000e+00  6.669747539e-01  5.041352371e-01  1.984780274e+08 -1.898061049e-02  3.369110042e+06  1.658639913e+02  1.342127853e+00  2.047329009e-03 -1.139222268e-02 -1.898061049e-02 -2.359081677e+00 -4.320650820e+00  8.418579982e-03  2.191629835e-03  1.120980299e+00  1.005425915e+00  2.771520325e+00
7 3  6.980860856e-01  2.333333333e+00  6.360067086e-01  5.041352371e-01  1.743055013e+08 -1.459617792e-02  3.369110042e+06  1.375884890e+02  1.387772043e+00  2.408519437e-03 -8.313710605e-03 -1.459617792e-02 -1.897610725e+00 -3.626153465e+00  8.731256782e-03  2.290395231e-03  1.203192075e+00  1.003267172e+00  2.709223705e+00
8 3  7.753748756e-01  2.666666667e+00  6.136416172e-01  5.041352371e-01  1.580695046e+08 -1.086730078e-02  3.369110042e+06  1.198913982e+02  1.401142287e+00  2.587166523e-03 -5.548677029e-03 -1.086730078e-02 -1.566954540e+00 -3.057960574e+00  8.886450576e-03  2.341764266e-03  1.297123589e+00  1.001571667e+00  2.628579349e+00
9 3  8.399406903e-01  3.000000000e+00  5.977645785e-01  5.041352371e-01  1.375698434e+08 -7.730900937e-03  3.369110042e+06  1.044724493e+02  1.349122437e+00  2.501514636e-03 -3.010661435e-03 -7.730900937e-03 -1.414022916e+00 -2.634725069e+00  8.703348999e-03  2.301976550e-03  1.423753579e+00  1.000412625e+00  2.528148607e+00
10 3  8.873262101e-01  3.333333333e+00  5.864357158e-01  5.041352371e-01  1.147921477e+08 -3.958938276e-03  3.369110042e+06  9.086516238e+01  1.211658311e+00  2.061477915e-03  5.002514965e-04 -3.958938276e-03 -1.341206479e+00 -2.373737105e+00  8.104843926e-03  2.139439403e-03  1.606016653e+00  9.997382540e-01  2.402077105e+00
11 3  9.200728355e-01  3.666666667e+00  5.819672273e-01  5.041352371e-01  1.014629745e+08  3.096634494e-03  3.369110042e+06  7.961674695e+01  1.104098604e+00  1.754978144e-03  7.766344420e-03  3.096634494e-03  8.849863793e-03 -2.812276316e+00  7.639376441e-03  1.992433294e-03  1.902727644e+00  9.993698974e-01  2.263461494e+00
12 3  9.514051968e-01  4.000000000e+00  5.289373129e-01  5.041352371e-01  1.407686077e+08  1.409429394e-02  3.369110042e+06  7.464742196e+01  1.918406002e+00  2.281938744e-02  7.684626877e-02  1.409429394e-02 -5.346413244e+01 -2.074877002e+01  1.134215566e-02  2.957157077e-03  2.238409532e+00  9.993304523e-01  2.145412065e+00
13 3  9.819680138e-01  4.333333333e+00  2.366113692e-01  5.041352371e-01  1.286761845e+07  1.195680023e-02  3.369110042e+06  9.151973194e+01  8.584841677e-01  8.906292964e-03  4.013383016e-02  1.195680023e-02 -2.053222705e+01 -1.218273087e+01  6.964323172e-03  2.155759543e-03  2.936212768e+00  9.998842593e-01  2.045130588e+00
14 3  9.909111084e-01  4.666666667e+00  2.151942818e-01  5.041352371e-01  6.253427728e+06  7.950155736e-03  3.369110042e+06  9.047715027e+01  6.400359983e-01  5.144336029e-03  2.344797684e-02  7.950155736e-03 -1.152651196e+01 -6.676170876e+00  5.710776730e-03  1.873488762e-03  4.654145067e+00  9.999335652e-01  1.916439580e+00
