10  2.164866676e-07
4 3  4.194838250e-01  1.333333333e+00  7.437936814e-01  5.041855775e-01  3.059991874e+08 -2.735989265e-02  3.375555709e+06  3.246315360e+02  1.379216043e+00  1.705428483e-03 -1.491058136e-02 -2.735989265e-02 -4.249924518e+00 -6.468776617e+00  8.248916136e-03  2.130693685e-03  9.952306399e-01  1.014897994e+00  2.720632673e+00
5 3  5.483734522e-01  1.666666667e+00  6.644496551e-01  5.041855775e-01  2.132633958e+08 -2.057430384e-02  3.375555709e+06  2.302034934e+02  1.300465478e+00  1.853722137e-03 -1.227025169e-02 -2.057430384e-02 -2.961619647e+00 -4.783534140e+00  8.366482878e-03  2.171669458e-03  1.055252366e+00  1.009300739e+00  2.829562529e+00
6 3  6.501445130e-01  2.000000000e+00  6.198676404e-01  5.041855775e-01  1.715500417e+08 -1.612677490e-02  3.375555709e+06  1.803478283e+02  1.304805495e+00  2.070514375e-03 -9.886598305e-03 -1.612677490e-02 -2.205922488e+00 -3.696609870e+00  8.542521240e-03  2.239735111e-03  1.141279835e+00  1.005978395e+00  2.786375174e+00
7 3  7.368274333e-01  2.333333333e+00  5.906265550e-01  5.041855775e-01  1.538569729e+08 -9.971349639e-03  3.375555709e+06  1.491522062e+02  1.341245810e+00  2.312563021e-03 -4.885377947e-03 -9.971349639e-03 -1.747831383e+00 -3.018177182e+00  8.823483702e-03  2.320444765e-03  1.236938669e+00  1.003520970e+00  2.700141265e+00
8 3  8.125407947e-01  2.666666667e+00  5.702993592e-01  5.041855775e-01  1.400232874e+08 -6.859313605e-03  3.375555709e+06  1.294186669e+02  1.341190714e+00  2.362093907e-03 -2.598573142e-03 -6.859313605e-03 -1.391782049e+00 -2.507323736e+00  8.886793886e-03  2.344728216e-03  1.351913287e+00  1.001533495e+00  2.600237114e+00
9 3  8.716162155e-01  3.000000000e+00  5.576224329e-01  5.041855775e-01  1.187144256e+08 -3.415844798e-03  3.375555709e+06  1.119858407e+02  1.225264717e+00  2.015394717e-03  4.982519004e-04 -3.415844798e-03 -1.131766938e+00 -2.267450265e+00  8.378604724e-03  2.210023081e-03  1.518881716e+00  1.000309177e+00  2.476334636e+00
10 3  9.112720021e-01  3.333333333e+00  5.495469113e-01  5.041855775e-01  1.033302549e+08  1.473694937e-03  3.375555709e+06  9.578508406e+01  1.114848247e+00  1.824484289e-03  6.037280273e-03  1.473694937e-03 -1.510803208e+00 -2.414977778e+00  7.893685282e-03  2.058272455e-03  1.790647429e+00  9.997880414e-01  2.328886118e+00
11 3  9.430474610e-01  3.666666667e+00  5.295000462e-01  5.041855775e-01  8.821575738e+07  6.560282421e-03  3.375555709e+06  8.360794748e+01  1.054906806e+00  4.061619997e-03  3.182487548e-02  6.560282421e-03 -1.150547133e+01 -1.162416760e+01  7.762067073e-03  1.987240774e-03  2.197061990e+00  9.994968930e-01  2.190355464e+00
12 3  9.783422421e-01  4.000000000e+00  2.526223534e-01  5.041855775e-01  1.596329846e+07  1.249361634e-02  3.375555709e+06  9.746848343e+01  9.436372306e-01  1.145058891e-02  4.766550810e-02  1.249361634e-02 -3.151221338e+01 -1.500588118e+01  7.566927147e-03  2.288669989e-03  2.759670801e+00  9.998352196e-01  2.083676422e+00
13 3  9.898372344e-01  4.333333333e+00  2.130113862e-01  5.041855775e-01  6.153779848e+06  1.026251147e-02  3.375555709e+06  9.960969913e+01  6.494469770e-01  5.629751259e-03  2.574183259e-02  1.026251147e-02 -1.429890874e+01 -6.819751457e+00  5.886211215e-03  1.930887851e-03  4.435719875e+00  9.999734087e-01  1.946261415e+00
