10  2.167764368e-07
4 3  4.280184376e-01  1.333333333e+00  7.318429673e-01  5.047026444e-01  2.981542260e+08 -2.557217650e-02  3.377961423e+06  3.304991818e+02  1.375205104e+00  1.741646804e-03 -1.353800317e-02 -2.557217650e-02 -4.226582169e+00 -6.347374425e+00  8.313127903e-03  2.149909057e-03  9.954503849e-01  1.015405235e+00  2.735317379e+00
5 3  5.583349584e-01  1.666666667e+00  6.523375061e-01  5.047026444e-01  2.062486548e+08 -1.965303403e-02  3.377961423e+06  2.367106213e+02  1.292249024e+00  1.861206248e-03 -1.175730394e-02 -1.965303403e-02 -2.897358511e+00 -4.602662042e+00  8.389940605e-03  2.184991041e-03  1.058174037e+00  1.009379675e+00  2.837561041e+00
6 3  6.600669884e-01  2.000000000e+00  6.087173510e-01  5.047026444e-01  1.663498310e+08 -1.498322274e-02  3.377961423e+06  1.838312563e+02  1.291513282e+00  2.040863492e-03 -9.064274246e-03 -1.498322274e-02 -2.142158999e+00 -3.538212991e+00  8.549980193e-03  2.243990994e-03  1.147272481e+00  1.005966908e+00  2.786033268e+00
7 3  7.462915150e-01  2.333333333e+00  5.804459568e-01  5.047026444e-01  1.509802720e+08 -8.701461658e-03  3.377961423e+06  1.523002059e+02  1.329018150e+00  2.257672459e-03 -3.882391728e-03 -8.701461658e-03 -1.681609867e+00 -2.881398231e+00  8.831959487e-03  2.322648685e-03  1.246309303e+00  1.003448724e+00  2.693217884e+00
8 3  8.211420178e-01  2.666666667e+00  5.612444369e-01  5.047026444e-01  1.371665951e+08 -5.899284600e-03  3.377961423e+06  1.322152177e+02  1.318337769e+00  2.250469170e-03 -1.858283948e-03 -5.899284600e-03 -1.295030855e+00 -2.406945821e+00  8.833754055e-03  2.330354601e-03  1.366902409e+00  1.001427908e+00  2.587699368e+00
9 3  8.780485701e-01  3.000000000e+00  5.503841993e-01  5.047026444e-01  1.158524767e+08 -2.137176081e-03  3.377961423e+06  1.139685841e+02  1.191305747e+00  1.874429097e-03  1.632253271e-03 -2.137176081e-03 -9.528441241e-01 -2.245117363e+00  8.259446572e-03  2.176025203e-03  1.545383116e+00  1.000242864e+00  2.456672888e+00
10 3  9.166908910e-01  3.333333333e+00  5.417540109e-01  5.047026444e-01  1.072861138e+08  2.623325977e-03  3.377961423e+06  9.674811582e+01  1.155401331e+00  2.204807571e-03  8.381087969e-03  2.623325977e-03 -2.529489572e+00 -2.819560722e+00  8.138978454e-03  2.114378810e-03  1.836380024e+00  9.997634072e-01  2.307203987e+00
11 3  9.484904312e-01  3.666666667e+00  4.999653992e-01  5.047026444e-01  8.458767365e+07  7.884563915e-03  3.377961423e+06  8.536341953e+01  1.110729497e+00  6.118124564e-03  4.884611199e-02  7.884563915e-03 -2.163279858e+01 -1.807386683e+01  8.137146078e-03  2.088822845e-03  2.279658507e+00  9.995427658e-01  2.169738973e+00
12 3  9.807758218e-01  4.000000000e+00  2.406525371e-01  5.047026444e-01  1.268103310e+07  1.235388663e-02  3.377961423e+06  1.003791642e+02  8.754720124e-01  1.016306210e-02  4.099638565e-02  1.235388663e-02 -2.632414236e+01 -1.255927987e+01  7.245380340e-03  2.236843790e-03  2.959305580e+00  9.998723847e-01  2.057306128e+00
13 3  9.910846935e-01  4.333333333e+00  2.089412466e-01  5.047026444e-01  5.498134560e+06  1.023356523e-02  3.377961423e+06  1.011472881e+02  6.211289090e-01  5.139207051e-03  2.397716573e-02  1.023356523e-02 -1.359893640e+01 -6.010166655e+00  5.734315524e-03  1.896279347e-03  4.879461734e+00  9.999916055e-01  1.919241437e+00
