10  2.168874151e-07
4 3  4.339960846e-01  1.333333333e+00  7.242967527e-01  5.051868297e-01  2.934367801e+08 -2.444566631e-02  3.382714035e+06  3.360325223e+02  1.371565241e+00  1.757515243e-03 -1.274905680e-02 -2.444566631e-02 -4.188869780e+00 -6.234444711e+00  8.348817432e-03  2.161798213e-03  9.955727591e-01  1.015665905e+00  2.746057524e+00
5 3  5.650442570e-01  1.666666667e+00  6.451641135e-01  5.051868297e-01  2.022434930e+08 -1.898607875e-02  3.382714035e+06  2.415495741e+02  1.285600930e+00  1.855917070e-03 -1.136730699e-02 -1.898607875e-02 -2.837888164e+00 -4.482410227e+00  8.396879462e-03  2.191547110e-03  1.060220803e+00  1.009379080e+00  2.842494918e+00
6 3  6.665980269e-01  2.000000000e+00  6.024404540e-01  5.051868297e-01  1.637986943e+08 -1.410000401e-02  3.382714035e+06  1.863564252e+02  1.282754948e+00  2.014382706e-03 -8.383467117e-03 -1.410000401e-02 -2.086904691e+00 -3.444351644e+00  8.552065876e-03  2.245429485e-03  1.151286161e+00  1.005917400e+00  2.784889904e+00
7 3  7.524805208e-01  2.333333333e+00  5.749875621e-01  5.051868297e-01  1.498185255e+08 -7.857979329e-03  3.382714035e+06  1.546222542e+02  1.320403714e+00  2.213102123e-03 -3.204302067e-03 -7.857979329e-03 -1.624793581e+00 -2.803522800e+00  8.831283702e-03  2.321995908e-03  1.252522520e+00  1.003365387e+00  2.687752495e+00
8 3  8.265634778e-01  2.666666667e+00  5.567141439e-01  5.051868297e-01  1.358455071e+08 -5.247123504e-03  3.382714035e+06  1.342972752e+02  1.301787923e+00  2.167001375e-03 -1.342112316e-03 -5.247123504e-03 -1.212445201e+00 -2.354329779e+00  8.785793982e-03  2.317349871e-03  1.376898435e+00  1.001341483e+00  2.578109563e+00
9 3  8.819194896e-01  3.000000000e+00  5.471587260e-01  5.051868297e-01  1.145927197e+08 -1.304557567e-03  3.382714035e+06  1.154254312e+02  1.170085287e+00  1.790230589e-03  2.400751008e-03 -1.304557567e-03 -8.318373252e-01 -2.254111317e+00  8.179062554e-03  2.153316977e-03  1.562945398e+00  1.000192750e+00  2.442322832e+00
10 3  9.204306842e-01  3.333333333e+00  5.370873663e-01  5.051868297e-01  1.105364334e+08  3.484159944e-03  3.382714035e+06  9.737422075e+01  1.188029963e+00  2.605746252e-03  1.066227013e-02  3.484159944e-03 -3.869185974e+00 -3.250343974e+00  8.329685730e-03  2.158368144e-03  1.862697050e+00  9.997298871e-01  2.293013969e+00
11 3  9.526051833e-01  3.666666667e+00  4.722799914e-01  5.051868297e-01  8.147677984e+07  9.296951453e-03  3.382714035e+06  8.727799226e+01  1.199122553e+00  8.946561505e-03  6.402135945e-02  9.296951453e-03 -3.302499893e+01 -2.329160399e+01  8.648091575e-03  2.237386442e-03  2.339568665e+00  9.995686097e-01  2.157077759e+00
12 3  9.820637388e-01  4.000000000e+00  2.350022387e-01  5.051868297e-01  1.127149294e+07  1.230744418e-02  3.382714035e+06  1.022252664e+02  8.416937893e-01  9.490616714e-03  3.774326020e-02  1.230744418e-02 -2.376105359e+01 -1.130082778e+01  7.083815074e-03  2.210561679e-03  3.090931290e+00  9.998934529e-01  2.039130831e+00
13 3  9.918041483e-01  4.333333333e+00  2.066960911e-01  5.051868297e-01  5.160749210e+06  1.012403496e-02  3.382714035e+06  1.022417428e+02  6.039965413e-01  4.832595686e-03  2.290447015e-02  1.012403496e-02 -1.319385130e+01 -5.561254649e+00  5.641606244e-03  1.873550472e-03  5.178722189e+00  1.000000099e+00  1.901146340e+00
