10  2.168945177e-07
4 3  4.348669268e-01  1.333333333e+00  7.232606642e-01  5.052658450e-01  2.928171121e+08 -2.428986895e-02  3.383661480e+06  3.369567046e+02  1.370985243e+00  1.759131544e-03 -1.264524423e-02 -2.428986895e-02 -4.181752208e+00 -6.216419300e+00  8.353375868e-03  2.163420470e-03  9.955890838e-01  1.015697676e+00  2.747648352e+00
5 3  5.660035333e-01  1.666666667e+00  6.442210811e-01  5.052658450e-01  2.017278369e+08 -1.888474360e-02  3.383661480e+06  2.422749405e+02  1.284593770e+00  1.854498042e-03 -1.130554208e-02 -1.888474360e-02 -2.828157952e+00 -4.465577467e+00  8.397354441e-03  2.192331441e-03  1.060518541e+00  1.009375426e+00  2.843165686e+00
6 3  6.675235511e-01  2.000000000e+00  6.016435010e-01  5.052658450e-01  1.634978001e+08 -1.396641919e-02  3.383661480e+06  1.867337263e+02  1.281503862e+00  2.010149633e-03 -8.277900763e-03 -1.396641919e-02 -2.078048764e+00 -3.431943225e+00  8.552108317e-03  2.245523650e-03  1.151855864e+00  1.005907395e+00  2.784669430e+00
7 3  7.533538971e-01  2.333333333e+00  5.743143443e-01  5.052658450e-01  1.497071144e+08 -7.738555855e-03  3.383661480e+06  1.549740212e+02  1.319129320e+00  2.206187690e-03 -3.107559450e-03 -7.738555855e-03 -1.615764026e+00 -2.793466797e+00  8.830671737e-03  2.321737644e-03  1.253402827e+00  1.003351217e+00  2.686917207e+00
8 3  8.273136392e-01  2.666666667e+00  5.561858907e-01  5.052658450e-01  1.356941313e+08 -5.152961425e-03  3.383661480e+06  1.346120340e+02  1.299306701e+00  2.154547497e-03 -1.266310491e-03 -5.152961425e-03 -1.199664821e+00 -2.348007003e+00  8.777930621e-03  2.315223798e-03  1.378321103e+00  1.001328292e+00  2.576659244e+00
9 3  8.824441595e-01  3.000000000e+00  5.468199411e-01  5.052658450e-01  1.144575328e+08 -1.188320386e-03  3.383661480e+06  1.156451976e+02  1.167171424e+00  1.778830997e-03  2.509564213e-03 -1.188320386e-03 -8.145506766e-01 -2.256718930e+00  8.167599682e-03  2.150103507e-03  1.565422754e+00  1.000185201e+00  2.440200163e+00
10 3  9.209641808e-01  3.333333333e+00  5.364483514e-01  5.052658450e-01  1.107243697e+08  3.618866726e-03  3.383661480e+06  9.746696270e+01  1.189629443e+00  2.660161220e-03  1.105782779e-02  3.618866726e-03 -4.124170409e+00 -3.325772163e+00  8.342566950e-03  2.160915338e-03  1.866077260e+00  9.997241549e-01  2.290990185e+00
11 3  9.532401833e-01  3.666666667e+00  4.674455482e-01  5.052658450e-01  8.057114987e+07  9.534783525e-03  3.383661480e+06  8.761128860e+01  1.211815389e+00  9.437252709e-03  6.612368850e-02  9.534783525e-03 -3.481095350e+01 -2.397577509e+01  8.722300745e-03  2.260503959e-03  2.347667286e+00  9.995723934e-01  2.155381809e+00
12 3  9.822283690e-01  4.000000000e+00  2.343180598e-01  5.052658450e-01  1.110995229e+07  1.230011881e-02  3.383661480e+06  1.024862061e+02  8.376980754e-01  9.409277802e-03  3.734073547e-02  1.230011881e-02 -2.344276132e+01 -1.114354778e+01  7.064823207e-03  2.207611619e-03  3.109361297e+00  9.998961731e-01  2.036509485e+00
13 3  9.918990815e-01  4.333333333e+00  2.064135599e-01  5.052658450e-01  5.119189680e+06  1.009975306e-02  3.383661480e+06  1.024075589e+02  6.017188099e-01  4.791251133e-03  2.275552839e-02  1.009975306e-02 -1.314039193e+01 -5.503312904e+00  5.629286721e-03  1.870447444e-03  5.221085086e+00  1.000001040e+00  1.898562467e+00
