10  2.118235080e-07
4 3  4.774610285e-01  1.333333333e+00  7.043554142e-01  5.122585461e-01  2.897448679e+08 -1.827505158e-02  3.561228722e+06  4.353795572e+02  1.318381880e+00  1.571196756e-03 -9.783099461e-03 -1.827505158e-02 -3.181742095e+00 -5.122734159e+00  8.325889537e-03  2.189921110e-03  9.964609598e-01  1.015511358e+00  2.827510441e+00
5 3  6.080426713e-01  1.666666667e+00  6.415624973e-01  5.122585461e-01  2.022312673e+08 -1.181602670e-02  3.561228722e+06  2.903723525e+02  1.228718153e+00  1.613525968e-03 -5.900661192e-03 -1.181602670e-02 -1.939844237e+00 -4.041467300e+00  8.288294490e-03  2.181612604e-03  1.073870474e+00  1.008129178e+00  2.859708281e+00
6 3  7.067859688e-01  2.000000000e+00  6.113468212e-01  5.122585461e-01  1.720791935e+08 -7.005395151e-03  3.561228722e+06  2.144139564e+02  1.222653145e+00  1.701746977e-03 -2.333197147e-03 -7.005395151e-03 -1.315341234e+00 -3.294707987e+00  8.454371968e-03  2.212237687e-03  1.173649145e+00  1.004516230e+00  2.760165486e+00
7 3  7.877843517e-01  2.333333333e+00  5.940223679e-01  5.122585461e-01  1.619523633e+08 -2.570582893e-03  3.561228722e+06  1.808306552e+02  1.237292838e+00  1.761437134e-03  1.357055203e-03 -2.570582893e-03 -9.475854052e-01 -2.760865868e+00  8.574721106e-03  2.245759905e-03  1.288202675e+00  1.002196454e+00  2.630895911e+00
8 3  8.528228872e-01  2.666666667e+00  5.834819137e-01  5.122585461e-01  1.418836904e+08 -1.146683500e-03  3.561228722e+06  1.566572079e+02  1.170938254e+00  1.621576511e-03  2.477569067e-03 -1.146683500e-03 -7.368472694e-01 -2.490695599e+00  8.197120347e-03  2.163582814e-03  1.433722296e+00  1.000601321e+00  2.488120596e+00
9 3  8.985560163e-01  3.000000000e+00  5.830787119e-01  5.122585461e-01  1.219188632e+08  3.449697161e-03  3.561228722e+06  1.325147656e+02  1.055641411e+00  1.004827722e-03  5.471277205e-03  3.449697161e-03  1.450147985e+00 -2.136006273e+00  7.583452512e-03  1.999590883e-03  1.648691572e+00  9.996514859e-01  2.328052431e+00
10 3  9.352840424e-01  3.333333333e+00  5.445826223e-01  5.122585461e-01  1.418066921e+08  1.628829215e-02  3.561228722e+06  1.102078271e+02  1.327386067e+00  6.672933742e-03  5.106100469e-02  1.628829215e-02 -3.154348913e+01 -1.031878644e+01  9.007853055e-03  2.320028297e-03  1.983984857e+00  9.992949359e-01  2.180111498e+00
11 3  9.732949402e-01  3.666666667e+00  2.632785801e-01  5.122585461e-01  2.045656623e+07  1.774457119e-02  3.561228722e+06  1.240434596e+02  9.000875005e-01  8.754222867e-03  5.205401596e-02  1.774457119e-02 -1.754268155e+01 -1.832867692e+01  7.485679914e-03  2.205279624e-03  2.510775861e+00  9.998663377e-01  2.063646105e+00
12 3  9.869716335e-01  4.000000000e+00  2.253219072e-01  5.122585461e-01  7.985771975e+06  9.761726862e-03  3.561228722e+06  1.237755576e+02  6.767350640e-01  5.673125667e-03  2.481049326e-02  9.761726862e-03 -1.264281846e+01 -7.480752185e+00  6.235674317e-03  2.009714744e-03  3.939866440e+00  9.999343060e-01  1.918387728e+00
13 3  9.937587008e-01  4.333333333e+00  2.100372930e-01  5.122585461e-01  4.594167637e+06  5.347593734e-03  3.561228722e+06  1.171148586e+02  5.138455803e-01  3.216920469e-03  1.549882362e-02  5.347593734e-03 -1.104813632e+01 -4.571636395e+00  5.137921994e-03  1.713977902e-03  6.761531413e+00  9.999600858e-01  1.783042730e+00
