12  2.151988097e-07
4 3  3.746230118e-01  1.333333333e+00  8.546219340e-01  5.053449674e-01  2.806801223e+07 -4.073982945e-02  1.688326101e+06  3.123169849e+02  1.422015858e+00  1.477202047e-03 -2.861817495e-02 -4.073982945e-02 -4.142260134e-02 -3.579265525e+00 -5.967032139e+00  4.490796164e-03  2.015167424e-03  9.916557012e-01  1.009625457e+00  2.651021437e+00  3.098550949e-01
5 3  4.945011089e-01  1.666666667e+00  7.864368001e-01  5.053449674e-01  3.009480562e+07 -3.114943108e-02  4.578575429e+05  2.055299532e+02  1.325834386e+00  1.636136362e-03 -2.162239735e-02 -3.114943108e-02 -3.312922770e-02 -3.078523729e+00 -5.124226765e+00  6.583984898e-03  2.526448701e-03  1.038042554e+00  1.006482693e+00  2.790757267e+00  4.742232473e-01
6 3  5.916413999e-01  2.000000000e+00  7.397090368e-01  5.053449674e-01  2.968373057e+07 -2.239370852e-02  2.172218044e+06  1.640925656e+02  1.353704685e+00  1.956532945e-03 -1.465173459e-02 -2.239370852e-02 -2.392972765e-02 -2.628543563e+00 -4.234924215e+00  9.571442529e-03  3.225086473e-03  1.108986579e+00  1.004214930e+00  2.776210976e+00  5.954126353e-01
7 3  6.774542653e-01  2.333333333e+00  7.038597555e-01  5.053449674e-01  2.943550023e+07 -1.773939128e-02  1.397332470e+06  1.377747614e+02  1.394875495e+00  2.275698352e-03 -1.117165298e-02 -1.773939128e-02 -1.836904898e-02 -2.319764327e+00 -3.573694064e+00  9.187352152e-03  3.058326459e-03  1.187861832e+00  1.002377561e+00  2.719767407e+00  6.936021510e-01
8 3  7.526182756e-01  2.666666667e+00  6.758013524e-01  5.053449674e-01  3.013867379e+07 -1.372597208e-02  1.164946536e+06  1.196239940e+02  1.400386980e+00  2.400446533e-03 -7.975129461e-03 -1.372597208e-02 -1.378566687e-02 -2.092542349e+00 -3.071195196e+00  9.472739296e-03  3.237555327e-03  1.276679706e+00  1.001018135e+00  2.640250939e+00  7.738359546e-01
9 3  8.164432377e-01  3.000000000e+00  6.542225528e-01  5.053449674e-01  3.005919756e+07 -9.892684698e-03  2.971998408e+06  1.041906013e+02  1.385665968e+00  2.433312651e-03 -4.704135855e-03 -9.892684698e-03 -1.071406847e-02 -1.919937396e+00 -2.690377417e+00  9.353347932e-03  3.358074458e-03  1.386132573e+00  1.000100331e+00  2.543580842e+00  8.377759729e-01
10 3  8.671036539e-01  3.333333333e+00  6.378969049e-01  5.053449674e-01  2.948230529e+07 -6.479839998e-03  5.975454123e+06  9.109133796e+01  1.293152844e+00  2.270156996e-03 -1.176468672e-03 -6.479839998e-03 -7.625356292e-03 -1.866147923e+00 -2.677914404e+00  6.698542321e-03  2.856370993e-03  1.525756223e+00  9.994784643e-01  2.429757574e+00  8.875904038e-01
11 3  9.043008759e-01  3.666666667e+00  6.276531309e-01  5.053449674e-01  2.845603452e+07 -1.820516171e-04  5.575134702e+06  8.021308925e+01  1.176425013e+00  2.441753778e-03  8.040165056e-03 -1.820516171e-04 -5.535275739e-04 -1.236977274e+00 -4.518415467e+00  4.394458307e-03  2.046328668e-03  1.735036299e+00  9.990739867e-01  2.302694931e+00  9.236132587e-01
12 3  9.406074347e-01  4.000000000e+00  5.437295346e-01  5.053449674e-01  2.096463052e+07  1.562628854e-02  2.334285706e+06  7.437925533e+01  1.782404951e+00  1.827144116e-02  6.997777149e-02  1.562628854e-02 -1.457691870e-03 -4.607184192e+01 -1.810517451e+01  4.967086899e-03  2.582454947e-03  1.966785093e+00  9.990645141e-01  2.195529021e+00  9.566338444e-01
13 3  9.738433494e-01  4.333333333e+00  2.662650806e-01  5.053449674e-01  5.382189490e+06  1.858591620e-02  4.485630211e+05  8.796304822e+01  9.796746924e-01  1.037839047e-02  4.689509267e-02  1.858591620e-02  2.865002839e-02 -2.234392225e+01 -1.195378473e+01  4.168852332e-03  2.661571620e-03  2.437806104e+00  9.998268231e-01  2.099853621e+00  9.831431953e-01
14 3  9.859700434e-01  4.666666667e+00  2.382883546e-01  5.053449674e-01  3.389508351e+06  1.207360697e-02  2.167376576e+05  8.736972054e+01  7.636701641e-01  6.417575525e-03  2.550492771e-02  1.207360697e-02  2.210819711e-02 -9.843192192e+00 -5.885836250e+00  4.202867153e-03  2.429242012e-03  3.544864686e+00  9.998914017e-01  1.974272088e+00  9.911392815e-01
15 3  9.926452930e-01  5.000000000e+00  2.287164128e-01  5.053449674e-01  2.715011185e+06  7.319595079e-03  1.600152928e+05  8.336075341e+01  6.059954248e-01  3.984368231e-03  1.690366281e-02  7.319595079e-03  1.705395359e-02 -7.981316399e+00 -3.952215503e+00  3.883111578e-03  2.110418377e-03  5.638263132e+00  9.999206108e-01  1.855183343e+00  9.953745702e-01
