12  2.172381266e-07
4 3  3.928560209e-01  1.333333333e+00  7.821992504e-01  5.048647151e-01  2.858294126e+07 -3.530212472e-02  1.144222336e+06  3.149409945e+02  1.379634334e+00  1.486362104e-03 -2.290904548e-02 -3.530212472e-02 -3.680406455e-02 -4.130874962e+00 -5.945391161e+00  4.560259888e-03  2.026676158e-03  9.931648798e-01  1.011913885e+00  2.686637615e+00  3.340695285e-01
5 3  5.119131118e-01  1.666666667e+00  7.118539985e-01  5.048647151e-01  2.941938120e+07 -2.423151080e-02  6.708558265e+05  2.136058343e+02  1.297391624e+00  1.623553945e-03 -1.492518977e-02 -2.423151080e-02 -2.620830122e-02 -2.913953669e+00 -5.108148316e+00  7.269272575e-03  2.692833061e-03  1.046210693e+00  1.008060607e+00  2.790005160e+00  4.953150891e-01
6 3  6.083778062e-01  2.000000000e+00  6.712005894e-01  5.048647151e-01  2.848742135e+07 -1.868501169e-02  2.150160924e+06  1.722058641e+02  1.331809910e+00  1.943453644e-03 -1.127597332e-02 -1.868501169e-02 -1.992506517e-02 -2.160914343e+00 -4.260166680e+00  9.555322873e-03  3.225370781e-03  1.123245402e+00  1.005408679e+00  2.755858123e+00  6.130827019e-01
7 3  6.945400477e-01  2.333333333e+00  6.435014697e-01  5.048647151e-01  2.775846939e+07 -1.459743841e-02  1.223110624e+06  1.412797249e+02  1.387339094e+00  2.324116454e-03 -8.392212402e-03 -1.459743841e-02 -1.481891619e-02 -1.691128437e+00 -3.635773618e+00  9.293185256e-03  3.081837386e-03  1.205922802e+00  1.003320960e+00  2.691108769e+00  7.102261122e-01
8 3  7.721641686e-01  2.666666667e+00  6.237796705e-01  5.048647151e-01  2.762363195e+07 -8.954132733e-03  1.425567550e+06  1.196147368e+02  1.415620754e+00  2.563679972e-03 -3.698016942e-03 -8.954132733e-03 -8.946024153e-03 -1.338990332e+00 -3.089752239e+00  9.789988621e-03  3.386424318e-03  1.297849876e+00  1.001659489e+00  2.613556427e+00  7.922538878e-01
9 3  8.372583546e-01  3.000000000e+00  6.104281637e-01  5.048647151e-01  2.699369713e+07 -6.309854455e-03  4.029090911e+06  1.035070997e+02  1.341041938e+00  2.438993511e-03 -1.548755831e-03 -6.309854455e-03 -6.631874584e-03 -1.129586961e+00 -2.758482240e+00  8.817317657e-03  3.317308156e-03  1.417306008e+00  1.000453650e+00  2.515973525e+00  8.570982645e-01
10 3  8.840202777e-01  3.333333333e+00  6.023058226e-01  5.048647151e-01  2.638805504e+07 -2.971643731e-03  6.270981053e+06  9.049128930e+01  1.207613186e+00  2.053642982e-03  1.631184555e-03 -2.971643731e-03 -3.384778777e-03 -9.012561317e-01 -2.610223551e+00  5.573109386e-03  2.514203783e-03  1.591138250e+00  9.997038775e-01  2.389052630e+00  9.033580485e-01
11 3  9.194236387e-01  3.666666667e+00  5.910572896e-01  5.048647151e-01  2.516629488e+07  5.594217704e-03  4.287300549e+06  7.906797155e+01  1.306179881e+00  4.385178335e-03  1.948988892e-02  5.594217704e-03  2.302324848e-03 -7.128624752e+00 -6.060949653e+00  4.360949884e-03  2.079070751e-03  1.849959463e+00  9.992800285e-01  2.257887513e+00  9.369391060e-01
12 3  9.635486382e-01  4.000000000e+00  2.939314229e-01  5.048647151e-01  8.666606193e+06  1.960137785e-02  1.027641524e+06  8.834237734e+01  1.127434437e+00  1.168399471e-02  6.626763213e-02  1.960137785e-02  2.229141186e-02 -3.363074664e+01 -1.860024073e+01  4.053816613e-03  2.610987544e-03  2.126848986e+00  9.997805176e-01  2.170147131e+00  9.752375023e-01
13 3  9.810988452e-01  4.333333333e+00  2.314749026e-01  5.048647151e-01  4.320217822e+06  1.266528336e-02  2.842701380e+05  9.341589377e+01  8.384651807e-01  7.550581533e-03  3.252902317e-02  1.266528336e-02  2.187263770e-02 -1.400597798e+01 -8.788612169e+00  4.266882522e-03  2.523103415e-03  2.984484504e+00  9.999109455e-01  2.039965620e+00  9.877084664e-01
14 3  9.902676082e-01  4.666666667e+00  2.131989432e-01  5.048647151e-01  3.066306797e+06  7.925016841e-03  1.770922083e+05  9.142370636e+01  6.613506110e-01  4.931476049e-03  2.072828846e-02  7.925016841e-03  1.715666268e-02 -1.049130518e+01 -5.412299875e+00  4.096313888e-03  2.242854808e-03  4.645441874e+00  9.999462809e-01  1.912023919e+00  9.937285956e-01
15 3  9.959079672e-01  5.000000000e+00  2.040005106e-01  5.048647151e-01  2.485788961e+06  5.387366610e-03  1.391055287e+05  8.687976391e+01  5.157348268e-01  2.988457914e-03  1.512568960e-02  5.387366610e-03  1.454710877e-02 -9.053827724e+00 -3.850279291e+00  3.672945486e-03  1.913354801e-03  9.183102063e+00  9.999733522e-01  1.794768705e+00  9.973663989e-01
