11  2.194308914e-07
4 3  4.030524939e-01  1.333333333e+00  7.548664403e-01  5.076511083e-01  2.771059035e+07 -3.039692268e-02  9.046628938e+05  3.063106602e+02  1.401841263e+00  1.597508546e-03 -1.867763593e-02 -3.039692268e-02 -3.237024111e-02 -4.216415475e+00 -5.572153353e+00  4.742886309e-03  2.090502893e-03  9.925402729e-01  1.013513254e+00  2.684878737e+00  3.462117203e-01
5 3  5.303071263e-01  1.666666667e+00  6.805151037e-01  5.076511083e-01  2.827696404e+07 -2.154028067e-02  1.022392580e+06  2.118000155e+02  1.312922778e+00  1.747234372e-03 -1.297439369e-02 -2.154028067e-02 -2.352370272e-02 -2.771669266e+00 -4.832060992e+00  8.277172783e-03  2.953244852e-03  1.047368789e+00  1.008292923e+00  2.811498135e+00  5.182731694e-01
6 3  6.303787215e-01  2.000000000e+00  6.416191630e-01  5.076511083e-01  2.721404705e+07 -1.785192500e-02  2.010611200e+06  1.676263720e+02  1.312397890e+00  1.970989473e-03 -1.118946248e-02 -1.785192500e-02 -1.880490688e-02 -1.914498104e+00 -3.993220915e+00  9.495916322e-03  3.196847132e-03  1.129319624e+00  1.005209500e+00  2.776518048e+00  6.400952967e-01
7 3  7.139739673e-01  2.333333333e+00  6.183282457e-01  5.076511083e-01  2.701653994e+07 -1.191349782e-02  1.071756297e+06  1.375747059e+02  1.325412087e+00  2.161415249e-03 -6.310499050e-03 -1.191349782e-02 -1.135506420e-02 -1.438358032e+00 -3.410503473e+00  9.257970604e-03  3.065382128e-03  1.223527324e+00  1.003178177e+00  2.690023256e+00  7.330572087e-01
8 3  7.859976363e-01  2.666666667e+00  6.023198876e-01  5.076511083e-01  2.725349273e+07 -8.737241875e-03  1.814050104e+06  1.196130461e+02  1.351066873e+00  2.360176205e-03 -3.768889627e-03 -8.737241875e-03 -8.644090699e-03 -1.259684621e+00 -2.957527123e+00  9.629830516e-03  3.359913402e-03  1.329474910e+00  1.001629992e+00  2.587213062e+00  8.082212965e-01
9 3  8.470953252e-01  3.000000000e+00  5.887374165e-01  5.076511083e-01  2.669488546e+07 -7.680012015e-03  4.834747478e+06  1.053029554e+02  1.306470416e+00  2.352997266e-03 -2.954874531e-03 -7.680012015e-03 -8.196941014e-03 -1.363075394e+00 -2.652338351e+00  8.109903943e-03  3.200201060e-03  1.458197160e+00  1.000431782e+00  2.475545296e+00  8.692831124e-01
10 3  8.933748399e-01  3.333333333e+00  5.837593827e-01  5.076511083e-01  2.629329962e+07 -1.329603200e-03  6.007833957e+06  9.088909883e+01  1.209747728e+00  1.899058489e-03  2.470091088e-03 -1.329603200e-03 -5.346272116e-04  7.680099978e-01 -2.697289759e+00  5.016304193e-03  2.307150649e-03  1.644717937e+00  9.996309876e-01  2.347832171e+00  9.149649683e-01
11 3  9.326378876e-01  3.666666667e+00  5.756755837e-01  5.076511083e-01  2.282602326e+07  1.366162053e-02  2.942817977e+06  7.750748340e+01  1.713836515e+00  1.368697505e-02  4.842952051e-02  1.366162053e-02  8.396105597e-03 -2.210899693e+01 -1.473652816e+01  5.089774834e-03  2.507198565e-03  1.905100555e+00  9.992689987e-01  2.227390714e+00  9.512360635e-01
12 3  9.693061258e-01  4.000000000e+00  2.935600672e-01  5.076511083e-01  7.068989642e+06  1.215243446e-02  5.703234005e+05  9.070237071e+01  9.752334084e-01  9.105157804e-03  4.020616862e-02  1.215243446e-02  1.726703665e-02 -1.868923843e+01 -1.295589046e+01  4.238353778e-03  2.623344798e-03  2.351084531e+00  9.998630308e-01  2.123312146e+00  9.809648016e-01
13 3  9.835820463e-01  4.333333333e+00  2.524209079e-01  5.076511083e-01  4.105909640e+06  4.844900328e-03  2.323283839e+05  9.123640072e+01  7.725579155e-01  6.669688347e-03  2.046723012e-02  4.844900328e-03  1.202904464e-02 -1.582429717e+01 -6.704482852e+00  4.447216200e-03  2.463734342e-03  3.516576597e+00  9.999150032e-01  1.988950373e+00  9.901231249e-01
14 3  9.914877467e-01  4.666666667e+00  2.323207669e-01  5.076511083e-01  3.033243376e+06  1.990450858e-03  1.633514199e+05  8.821232527e+01  6.133651459e-01  4.379277362e-03  1.331679616e-02  1.990450858e-03  9.627177481e-03 -1.431319971e+01 -4.463481745e+00  4.153319880e-03  2.161178196e-03  5.751244504e+00  9.999420994e-01  1.861777557e+00  9.949129802e-01
