11  2.196931448e-07
4 3  4.187939506e-01  1.333333333e+00  7.357655631e-01  5.060376463e-01  2.922516289e+07 -2.985839841e-02  6.750382572e+05  3.187747241e+02  1.397517834e+00  1.690616539e-03 -1.755330845e-02 -2.985839841e-02 -3.206333209e-02 -4.271504772e+00 -6.206412533e+00  4.918739792e-03  2.130685747e-03  9.973379628e-01  1.014690254e+00  2.717523675e+00  3.589524725e-01
5 3  5.482633615e-01  1.666666667e+00  6.603697299e-01  5.060376463e-01  2.792150783e+07 -2.098008077e-02  1.319941020e+06  2.245535541e+02  1.295501557e+00  1.819466237e-03 -1.250435745e-02 -2.098008077e-02 -2.297861681e-02 -2.726606073e+00 -4.975790059e+00  8.822097287e-03  3.078738628e-03  1.054879288e+00  1.008913190e+00  2.829908925e+00  5.333848096e-01
6 3  6.488881458e-01  2.000000000e+00  6.221994032e-01  5.060376463e-01  2.648823761e+07 -1.586847354e-02  1.838434653e+06  1.764607856e+02  1.297410655e+00  2.047045175e-03 -9.415734933e-03 -1.586847354e-02 -1.660653139e-02 -1.865064616e+00 -3.986399121e+00  9.397823735e-03  3.172774145e-03  1.139038211e+00  1.005603718e+00  2.781921680e+00  6.550377763e-01
7 3  7.340570272e-01  2.333333333e+00  5.993144270e-01  5.060376463e-01  2.615392192e+07 -1.037071400e-02  1.025810477e+06  1.430387046e+02  1.332421189e+00  2.311219892e-03 -5.049554368e-03 -1.037071400e-02 -9.985725650e-03 -1.366760428e+00 -3.335552601e+00  9.513137975e-03  3.189916723e-03  1.231905900e+00  1.003347340e+00  2.691426368e+00  7.499116546e-01
8 3  8.092583515e-01  2.666666667e+00  5.845809056e-01  5.060376463e-01  2.568181891e+07 -7.368661152e-03  2.496705535e+06  1.223280004e+02  1.344585775e+00  2.462709665e-03 -2.895024832e-03 -7.368661152e-03 -7.391554882e-03 -9.236086777e-01 -2.834689734e+00  9.722974523e-03  3.455610849e-03  1.338338917e+00  1.001558544e+00  2.591629901e+00  8.282733552e-01
9 3  8.678836162e-01  3.000000000e+00  5.831059868e-01  5.060376463e-01  2.497852452e+07 -4.484352187e-03  5.871221116e+06  1.058491987e+02  1.228881278e+00  1.848256347e-03 -1.485967411e-03 -4.484352187e-03 -3.196990317e-03  1.408653766e+00 -2.554907189e+00  6.775935651e-03  2.907585562e-03  1.482668758e+00  1.000268534e+00  2.467374242e+00  8.876343736e-01
10 3  9.099902048e-01  3.333333333e+00  5.944110491e-01  5.060376463e-01  2.487472831e+07  3.062927827e-03  5.083149234e+06  9.010758240e+01  1.215082036e+00  2.813068864e-03  9.704807718e-03  3.062927827e-03  1.393129783e-03 -3.754983698e+00 -3.062830269e+00  4.510545984e-03  2.121185308e-03  1.714950830e+00  9.994924253e-01  2.326567535e+00  9.288845284e-01
11 3  9.562656818e-01  3.666666667e+00  3.696034016e-01  5.060376463e-01  1.321801077e+07  1.565587774e-02  1.520574813e+06  9.027779637e+01  1.161286285e+00  1.082284305e-02  7.025391156e-02  1.565587774e-02  1.219666273e-02 -3.804522723e+01 -2.278016342e+01  4.067205027e-03  2.464226255e-03  2.017925590e+00  9.996979269e-01  2.223075004e+00  9.706167778e-01
12 3  9.780720388e-01  4.000000000e+00  2.690429416e-01  5.060376463e-01  5.170387939e+06  1.026193255e-02  3.190918648e+05  9.618025864e+01  8.599873518e-01  8.515543411e-03  3.454195398e-02  1.026193255e-02  1.789225326e-02 -1.915687108e+01 -1.124241923e+01  4.350071074e-03  2.557303648e-03  2.865772718e+00  9.998988876e-01  2.084707466e+00  9.863603829e-01
13 3  9.891553647e-01  4.333333333e+00  2.387156927e-01  5.060376463e-01  3.229528339e+06  6.476795533e-03  1.806315245e+05  9.547230218e+01  6.676217821e-01  5.620590967e-03  2.035151825e-02  6.476795533e-03  1.494904308e-02 -1.406390883e+01 -6.092709722e+00  4.229286575e-03  2.295323906e-03  4.577676251e+00  9.999533474e-01  1.946257665e+00  9.933560922e-01
14 3  9.958006818e-01  4.666666667e+00  2.243700769e-01  5.060376463e-01  2.455864678e+06  4.526654054e-03  1.376147869e+05  9.159495547e+01  5.125086206e-01  3.313364104e-03  1.423859573e-02  4.526654054e-03  1.299117954e-02 -1.183540701e+01 -3.943672230e+00  3.783579498e-03  1.950095804e-03  9.757988364e+00  9.999815197e-01  1.819431865e+00  9.974331621e-01
