10  2.220022965e-07
4 3  4.320718152e-01  1.333333333e+00  7.408429369e-01  5.081903635e-01  2.933176820e+07 -3.177070362e-02  4.429185390e+05  3.286327624e+02  1.358203949e+00  1.603481688e-03 -2.098712925e-02 -3.177070362e-02 -3.432776482e-02 -4.159269490e+00 -5.394243355e+00  4.988344957e-03  2.142538657e-03  9.943944689e-01  1.014516341e+00  2.755345119e+00  3.756810243e-01
5 3  5.576365658e-01  1.666666667e+00  6.686195000e-01  5.081903635e-01  2.924235142e+07 -2.215189248e-02  1.555929019e+06  2.276468744e+02  1.275050220e+00  1.727192869e-03 -1.410412269e-02 -2.215189248e-02 -2.409430402e-02 -2.782796529e+00 -4.647491061e+00  9.063098575e-03  3.111155506e-03  1.056568757e+00  1.008682063e+00  2.828502502e+00  5.446520316e-01
6 3  6.593157803e-01  2.000000000e+00  6.284214322e-01  5.081903635e-01  2.817123122e+07 -1.734814940e-02  1.679138631e+06  1.794134768e+02  1.308515330e+00  2.055008714e-03 -1.091718441e-02 -1.734814940e-02 -1.842995549e-02 -2.004883533e+00 -3.908266142e+00  9.332474755e-03  3.138056252e-03  1.138640285e+00  1.005116932e+00  2.777025346e+00  6.675265163e-01
7 3  7.470942103e-01  2.333333333e+00  6.028204721e-01  5.081903635e-01  2.759767930e+07 -1.155667432e-02  1.068131018e+06  1.454367855e+02  1.328340444e+00  2.282966477e-03 -6.216142456e-03 -1.155667432e-02 -1.152677726e-02 -1.500872872e+00 -3.302278446e+00  9.524806006e-03  3.236062987e-03  1.230180462e+00  1.002680994e+00  2.690674413e+00  7.649088767e-01
8 3  8.203111478e-01  2.666666667e+00  5.876387674e-01  5.081903635e-01  2.737408840e+07 -7.119541776e-03  3.020429421e+06  1.244384255e+02  1.290305549e+00  2.206364488e-03 -2.654793281e-03 -7.119541776e-03 -6.820772601e-03 -8.423244756e-01 -2.861815060e+00  9.282673994e-03  3.350820845e-03  1.344404901e+00  1.001001997e+00  2.580742104e+00  8.399632824e-01
9 3  8.739552285e-01  3.000000000e+00  5.890368390e-01  5.081903635e-01  2.735324213e+07 -2.766836164e-03  6.075907910e+06  1.076680928e+02  1.167425994e+00  1.552715716e-03  1.475340437e-04 -2.766836164e-03 -6.465625188e-04  1.690354931e+00 -2.624479445e+00  6.145969706e-03  2.692044351e-03  1.502748770e+00  9.999280108e-01  2.441385984e+00  8.935648821e-01
10 3  9.127590699e-01  3.333333333e+00  5.906833870e-01  5.081903635e-01  2.779514467e+07  4.692740289e-03  4.867332281e+06  9.293859948e+01  1.169140760e+00  2.694700306e-03  1.319986528e-02  4.692740289e-03  1.101485653e-03 -7.456684621e+00 -2.844931503e+00  4.286493961e-03  2.018281227e-03  1.749127435e+00  9.993182330e-01  2.293406339e+00  9.311195557e-01
11 3  9.578808107e-01  3.666666667e+00  3.538760506e-01  5.081903635e-01  1.271927054e+07  1.676559244e-02  1.428723338e+06  9.018891077e+01  1.195344607e+00  1.238056901e-02  8.153540494e-02  1.676559244e-02  1.329852160e-02 -3.859142186e+01 -2.794010218e+01  4.100512760e-03  2.527992529e-03  2.043437095e+00  9.996214996e-01  2.188645430e+00  9.714205504e-01
12 3  9.796542049e-01  4.000000000e+00  2.495819089e-01  5.081903635e-01  4.315087624e+06  1.488922882e-02  2.971386277e+05  9.774527067e+01  8.404646086e-01  8.905040012e-03  3.801398991e-02  1.488922882e-02  2.423141190e-02 -2.033261236e+01 -1.044621934e+01  4.276328383e-03  2.573940869e-03  2.892777617e+00  9.998809885e-01  2.052394811e+00  9.871160041e-01
13 3  9.901126202e-01  4.333333333e+00  2.189199516e-01  5.081903635e-01  2.865766272e+06  1.061007251e-02  1.745142983e+05  9.894864895e+01  6.442775097e-01  5.303146967e-03  2.333017585e-02  1.061007251e-02  2.076681932e-02 -1.530191104e+01 -5.287042930e+00  4.087621340e-03  2.271210747e-03  4.647416466e+00  9.999461087e-01  1.914868149e+00  9.938154297e-01
