11  2.265876644e-07
4 3  4.232081604e-01  1.333333333e+00  7.071827821e-01  5.090378066e-01  2.934460115e+07 -3.037973936e-02  5.232244556e+05  3.166191674e+02  1.370820795e+00  1.624617520e-03 -1.802398321e-02 -3.037973936e-02 -3.307645933e-02 -4.603607482e+00 -5.846463170e+00  4.938033522e-03  2.122027926e-03  9.933725729e-01  1.014675176e+00  2.706145105e+00  3.686045160e-01
5 3  5.512554932e-01  1.666666667e+00  6.311615334e-01  5.090378066e-01  2.907597138e+07 -2.248654044e-02  1.430734633e+06  2.230703950e+02  1.294791058e+00  1.743313438e-03 -1.394477041e-02 -2.248654044e-02 -2.462223160e-02 -2.869678029e+00 -4.745273967e+00  9.021792181e-03  3.104773614e-03  1.053352065e+00  1.008877184e+00  2.803827102e+00  5.397947657e-01
6 3  6.532284576e-01  2.000000000e+00  5.925428875e-01  5.090378066e-01  2.796773644e+07 -1.696427006e-02  1.714763479e+06  1.744231970e+02  1.306072276e+00  1.965874175e-03 -1.045014817e-02 -1.696427006e-02 -1.797256373e-02 -1.916327017e+00 -3.858378037e+00  9.380266444e-03  3.141695719e-03  1.135382508e+00  1.005300394e+00  2.758923776e+00  6.624418863e-01
7 3  7.399235267e-01  2.333333333e+00  5.700738519e-01  5.090378066e-01  2.773462198e+07 -1.079189136e-02  1.018496485e+06  1.426849056e+02  1.333962358e+00  2.170055034e-03 -5.483391953e-03 -1.079189136e-02 -1.048908995e-02 -1.328477419e+00 -3.233038403e+00  9.527074675e-03  3.204821524e-03  1.225432485e+00  1.002843848e+00  2.672096351e+00  7.583751037e-01
8 3  8.140946259e-01  2.666666667e+00  5.578036179e-01  5.090378066e-01  2.775141945e+07 -7.935891676e-03  2.727512810e+06  1.233720651e+02  1.310957696e+00  2.122556291e-03 -3.591906096e-03 -7.935891676e-03 -7.547019989e-03 -5.982684660e-01 -2.792485846e+00  9.435187503e-03  3.369508107e-03  1.331619422e+00  1.001064918e+00  2.567894316e+00  8.348113060e-01
9 3  8.695449312e-01  3.000000000e+00  5.594983237e-01  5.090378066e-01  2.759080581e+07 -3.911490933e-03  5.873386417e+06  1.062167909e+02  1.195107393e+00  1.644609747e-03 -6.210898842e-04 -3.911490933e-03 -2.695076497e-03  9.767064547e-01 -2.576037877e+00  6.421619613e-03  2.772169198e-03  1.476550531e+00  9.999111726e-01  2.435235368e+00  8.904605382e-01
10 3  9.118612254e-01  3.333333333e+00  5.396580292e-01  5.090378066e-01  2.634537189e+07  4.304625971e-03  4.778743737e+06  9.037549361e+01  1.262902340e+00  4.238209722e-03  2.032665652e-02  4.304625971e-03 -5.197070796e-03 -1.387460098e+01 -4.978879250e+00  4.514941537e-03  2.123782936e-03  1.693772532e+00  9.992991825e-01  2.296964505e+00  9.311826626e-01
11 3  9.560155952e-01  3.666666667e+00  3.137209595e-01  5.090378066e-01  1.109537506e+07  2.000434339e-02  1.518558916e+06  8.974867858e+01  1.113067660e+00  1.040451369e-02  7.576797891e-02  2.000434339e-02  1.701117838e-02 -3.443470816e+01 -2.297401401e+01  3.888614057e-03  2.413571639e-03  2.002479860e+00  9.996857028e-01  2.190109232e+00  9.703662267e-01
12 3  9.772904628e-01  4.000000000e+00  2.257482201e-01  5.090378066e-01  4.768773879e+06  1.732314439e-02  3.310367638e+05  9.958142990e+01  8.665866840e-01  8.248347608e-03  4.148470814e-02  1.732314439e-02  2.632436990e-02 -1.852085113e+01 -1.053335422e+01  4.232134883e-03  2.571879971e-03  2.795741812e+00  9.998867648e-01  2.052689390e+00  9.857692650e-01
13 3  9.887083683e-01  4.333333333e+00  1.966471553e-01  5.090378066e-01  3.118902444e+06  1.034627833e-02  1.813537523e+05  1.011600106e+02  6.815126725e-01  5.467097172e-03  2.457175828e-02  1.034627833e-02  2.055675173e-02 -1.373006297e+01 -5.886592071e+00  4.177153368e-03  2.327491353e-03  4.389069340e+00  9.999457386e-01  1.917040530e+00  9.930342392e-01
14 3  9.956662484e-01  4.666666667e+00  1.825630821e-01  5.090378066e-01  2.413633745e+06  5.822682480e-03  1.358641480e+05  9.835682871e+01  5.238099136e-01  3.235744980e-03  1.604659522e-02  5.822682480e-03  1.624084963e-02 -1.161517923e+01 -3.921539995e+00  3.758840922e-03  1.980724758e-03  9.305722426e+00  9.999782023e-01  1.792694500e+00  9.973329493e-01
