10  2.116824794e-07
4 3  4.532403844e-01  1.333333333e+00  7.547128255e-01  5.072564548e-01  3.260695886e+08 -2.787949604e-02  3.494345547e+06  3.917528935e+02  1.372617275e+00  1.667242943e-03 -1.592290832e-02 -2.610333307e-02 -3.768850580e+00 -5.776633738e+00  8.387657840e-03  2.183022267e-03  9.938310577e-01  1.015410482e+00  2.796089140e+00
5 3  5.865743978e-01  1.666666667e+00  6.741202319e-01  5.072564548e-01  2.204108773e+08 -2.050310910e-02  3.494345547e+06  2.688675870e+02  1.263042634e+00  1.785094389e-03 -1.126594899e-02 -1.878350583e-02 -2.811585685e+00 -4.715322248e+00  8.346822813e-03  2.178099931e-03  1.062086434e+00  1.008427596e+00  2.875004860e+00
6 3  6.878655553e-01  2.000000000e+00  6.274018995e-01  5.072564548e-01  1.774160900e+08 -1.410729038e-02  3.494345547e+06  2.072626490e+02  1.258625771e+00  1.990053966e-03 -7.364378417e-03 -1.339795206e-02 -2.241032897e+00 -3.834090719e+00  8.485454791e-03  2.228151834e-03  1.154783253e+00  1.004865620e+00  2.799632732e+00
7 3  7.714037754e-01  2.333333333e+00  5.958310311e-01  5.072564548e-01  1.576255447e+08 -8.250828451e-03  3.494345547e+06  1.744671987e+02  1.268935158e+00  2.135676255e-03 -3.075195336e-03 -8.196460215e-03 -1.875740138e+00 -3.206660847e+00  8.607496842e-03  2.271557582e-03  1.261166447e+00  1.002614663e+00  2.685088067e+00
8 3  8.397739854e-01  2.666666667e+00  5.746701920e-01  5.072564548e-01  1.373693594e+08 -4.911633566e-03  3.494345547e+06  1.489442171e+02  1.229535900e+00  2.054692216e-03 -5.219804668e-04 -4.972311937e-03 -1.366206591e+00 -2.806290744e+00  8.438279084e-03  2.237119734e-03  1.394263054e+00  1.001071623e+00  2.553749785e+00
9 3  8.905499080e-01  3.000000000e+00  5.700273861e-01  5.072564548e-01  1.179218192e+08  5.584074069e-04  3.494345547e+06  1.246136610e+02  1.136366705e+00  1.567222897e-03  2.066403218e-03 -1.126876619e-03  5.982254606e-01 -2.560616540e+00  8.006777720e-03  2.115934122e-03  1.585359598e+00  1.000085052e+00  2.404880230e+00
10 3  9.293987841e-01  3.333333333e+00  5.362318008e-01  5.072564548e-01  1.138849135e+08  1.422110500e-04  3.494345547e+06  1.037421542e+02  1.201554110e+00  4.437741786e-03  2.384347780e-02  4.262406786e-03 -1.991984842e+01 -5.414476240e+00  8.426388757e-03  2.186185807e-03  1.882457735e+00  9.995585768e-01  2.257621396e+00
11 3  9.663702742e-01  3.666666667e+00  3.185202098e-01  5.072564548e-01  3.658140766e+07  1.370185432e-02  3.494345547e+06  1.009553676e+02  1.057768260e+00  1.008023990e-02  6.150345889e-02  1.011531276e-02 -2.619742214e+01 -2.495927251e+01  8.100996589e-03  2.241415927e-03  2.361958847e+00  9.997541037e-01  2.134444345e+00
12 3  9.846954806e-01  4.000000000e+00  2.508955163e-01  5.072564548e-01  9.664791860e+06  1.877856565e-02  3.494345547e+06  1.048414603e+02  7.625598755e-01  7.911858937e-03  3.301394370e-02  1.109975718e-02 -1.526804540e+01 -1.102723183e+01  6.584297539e-03  2.091239017e-03  3.529550737e+00  9.998944127e-01  1.993956147e+00
13 3  9.930575060e-01  4.333333333e+00  2.298595810e-01  5.072564548e-01  4.698411151e+06  1.718109911e-02  3.494345547e+06  1.028452426e+02  5.610632935e-01  4.519897472e-03  2.212785807e-02  9.123465173e-03 -1.238874418e+01 -6.050315942e+00  5.317823987e-03  1.790012133e-03  6.001992348e+00  9.999433172e-01  1.856295837e+00
