13  2.392919155e-07
4 3  3.675563033e-01  1.333333333e+00  7.574508482e-01  5.097791530e-01  2.607545002e+08 -4.569850953e-02  3.121991490e+06  2.349121839e+02  1.377193536e+00  1.589334736e-03 -2.993085599e-02 -4.341899113e-02 -5.991799474e+00 -4.904183554e+00  7.719211780e-03  2.026818746e-03  9.894348822e-01  1.008440988e+00  2.649145289e+00
5 3  4.809618108e-01  1.666666667e+00  6.767547429e-01  5.097791530e-01  2.114076134e+08 -3.583355549e-02  3.121991490e+06  1.635871944e+02  1.318756411e+00  1.753812626e-03 -2.188949158e-02 -3.259887430e-02 -4.288552628e+00 -4.644206975e+00  7.984459178e-03  2.062582689e-03  1.035911976e+00  1.005654173e+00  2.765544518e+00
6 3  5.743714902e-01  2.000000000e+00  6.289193941e-01  5.097791530e-01  1.806028913e+08 -2.493031401e-02  3.121991490e+06  1.286040993e+02  1.345533688e+00  2.046279947e-03 -1.432108832e-02 -2.299833203e-02 -3.173483409e+00 -4.041167144e+00  8.272161700e-03  2.145723618e-03  1.106012711e+00  1.003769831e+00  2.747053814e+00
7 3  6.560415471e-01  2.333333333e+00  5.970779406e-01  5.097791530e-01  1.631515258e+08 -2.122128763e-02  3.121991490e+06  1.100546083e+02  1.380181789e+00  2.322261558e-03 -1.327681438e-02 -2.064578281e-02 -2.493982168e+00 -3.537405403e+00  8.491185024e-03  2.221570137e-03  1.183536089e+00  1.002295347e+00  2.685470726e+00
8 3  7.285034768e-01  2.666666667e+00  5.744792680e-01  5.097791530e-01  1.552607820e+08 -1.736696564e-02  3.121991490e+06  9.876314814e+01  1.418174688e+00  2.552884470e-03 -1.144513496e-02 -1.785518847e-02 -2.002949155e+00 -3.113023162e+00  8.699279709e-03  2.291464539e-03  1.264821348e+00  1.001073357e+00  2.606147244e+00
9 3  7.938283420e-01  3.000000000e+00  5.591141267e-01  5.097791530e-01  1.446492418e+08 -1.399146696e-02  3.121991490e+06  8.825260259e+01  1.437293203e+00  2.662918804e-03 -8.279728027e-03 -1.369089697e-02 -1.270855081e+00 -2.733271096e+00  8.805027997e-03  2.334193029e-03  1.357946318e+00  1.000066588e+00  2.521763840e+00
10 3  8.465767258e-01  3.333333333e+00  5.566908115e-01  5.097791530e-01  1.229419915e+08 -6.300656678e-03  3.121991490e+06  7.693339018e+01  1.320292539e+00  2.066019264e-03 -3.656157678e-03 -7.569522832e-03  1.221124180e+00 -2.610529077e+00  8.332166324e-03  2.212517413e-03  1.474134349e+00  9.993622784e-01  2.418692631e+00
11 3  8.836369932e-01  3.666666667e+00  5.700830674e-01  5.097791530e-01  1.076646016e+08  4.697688470e-04  3.121991490e+06  6.673500033e+01  1.208060895e+00  1.860699174e-03  2.302247129e-03 -1.859812314e-03  2.763246086e+00 -3.044105701e+00  7.858200314e-03  2.076242339e-03  1.651589298e+00  9.989861485e-01  2.294204222e+00
12 3  9.171979920e-01  4.000000000e+00  5.415039886e-01  5.097791530e-01  1.171651683e+08 -4.569519263e-03  3.121991490e+06  5.971884760e+01  1.493577493e+00  7.949264523e-03  3.709143896e-02  9.191818412e-03 -2.356416687e+01 -7.892760277e+00  9.182502313e-03  2.407514744e-03  1.868839652e+00  9.989505901e-01  2.182816667e+00
13 3  9.578726563e-01  4.333333333e+00  3.083720056e-01  5.097791530e-01  3.561534813e+07  1.502652169e-02  3.121991490e+06  6.493023596e+01  1.205638302e+00  1.291084122e-02  6.924882547e-02  1.968128038e-02 -3.867506163e+01 -1.671559376e+01  8.469061962e-03  2.382869209e-03  2.079996169e+00  9.996415529e-01  2.105717606e+00
14 3  9.762389975e-01  4.666666667e+00  2.313335992e-01  5.097791530e-01  1.399948700e+07  2.433093098e-02  3.121991490e+06  6.920243520e+01  9.572871446e-01  9.722129183e-03  4.043728067e-02  1.598541668e-02 -2.304702837e+01 -8.472826347e+00  7.414989058e-03  2.268417521e-03  2.742535623e+00  9.998483663e-01  1.993212776e+00
15 3  9.868411962e-01  5.000000000e+00  2.020264871e-01  5.097791530e-01  7.701746270e+06  2.142320347e-02  3.121991490e+06  6.964994626e+01  7.801044586e-01  6.806054754e-03  2.642982276e-02  1.084291547e-02 -1.736622598e+01 -5.169932955e+00  6.482030371e-03  2.076238879e-03  3.952530470e+00  9.999225373e-01  1.880675094e+00
16 3  9.928902522e-01  5.333333333e+00  1.886133743e-01  5.097791530e-01  4.977138336e+06  1.876659325e-02  3.121991490e+06  6.718311009e+01  6.245270505e-01  4.376145252e-03  2.002703630e-02  7.708595273e-03 -1.494805670e+01 -3.847183654e+00  5.545672850e-03  1.817212687e-03  6.133486259e+00  9.999584055e-01  1.774004037e+00
