13  2.383079663e-07
4 3  3.646670328e-01  1.333333333e+00  7.108255375e-01  5.072775426e-01  2.833850250e+08 -4.612675431e-02  3.104190110e+06  2.544689034e+02  1.386378002e+00  1.592702848e-03 -2.720981483e-02 -4.326783908e-02 -6.564289881e+00 -5.705323166e+00  7.745542233e-03  2.019048964e-03  9.958835235e-01  1.008937696e+00  2.642844814e+00
5 3  4.768870574e-01  1.666666667e+00  6.276595423e-01  5.072775426e-01  2.189069023e+08 -3.743816335e-02  3.104190110e+06  1.785028973e+02  1.309460572e+00  1.667298856e-03 -2.236474427e-02 -3.403365016e-02 -4.213865230e+00 -5.023540353e+00  7.910544083e-03  2.041340032e-03  1.040126741e+00  1.006520299e+00  2.758283309e+00
6 3  5.685044974e-01  2.000000000e+00  5.837949747e-01  5.072775426e-01  1.850930330e+08 -2.747600097e-02  3.104190110e+06  1.420594240e+02  1.343415162e+00  1.931316462e-03 -1.654989714e-02 -2.552110378e-02 -2.818435361e+00 -4.216456369e+00  8.173790582e-03  2.131825227e-03  1.108814836e+00  1.004564877e+00  2.734836993e+00
7 3  6.505198769e-01  2.333333333e+00  5.568367055e-01  5.072775426e-01  1.682074681e+08 -2.189546826e-02  3.104190110e+06  1.198881106e+02  1.403156378e+00  2.263546499e-03 -1.415828157e-02 -2.151601458e-02 -1.985945278e+00 -3.639313661e+00  8.500686575e-03  2.237049513e-03  1.182563495e+00  1.002911723e+00  2.677910395e+00
8 3  7.263357018e-01  2.666666667e+00  5.392149361e-01  5.072775426e-01  1.606855673e+08 -1.725994885e-02  3.104190110e+06  1.062536951e+02  1.462957753e+00  2.570393486e-03 -1.209177292e-02 -1.826498166e-02 -1.395687635e+00 -3.157360302e+00  8.829775326e-03  2.337762235e-03  1.256348218e+00  1.001472578e+00  2.612505834e+00
9 3  7.952618076e-01  3.000000000e+00  5.280416221e-01  5.072775426e-01  1.472446858e+08 -1.557806269e-02  3.104190110e+06  9.395943665e+01  1.467703455e+00  2.667693968e-03 -1.020497475e-02 -1.539130079e-02 -9.816045357e-01 -2.687783623e+00  8.912952566e-03  2.372377901e-03  1.341325094e+00  1.000297416e+00  2.539613141e+00
10 3  8.501287028e-01  3.333333333e+00  5.210014107e-01  5.072775426e-01  1.239975008e+08 -1.226953336e-02  3.104190110e+06  8.128948603e+01  1.347304087e+00  2.314385133e-03 -6.912146178e-03 -1.158529497e-02 -9.299348663e-01 -2.327815949e+00  8.442729355e-03  2.249359621e-03  1.453152873e+00  9.995159599e-01  2.441435272e+00
11 3  8.892551412e-01  3.666666667e+00  5.166903613e-01  5.072775426e-01  1.059901664e+08 -4.737544458e-03  3.104190110e+06  7.029973650e+01  1.223021715e+00  2.198244616e-03  1.441492553e-03 -4.343732706e-03 -3.460091932e-01 -3.003091870e+00  7.927635338e-03  2.099644340e-03  1.622426803e+00  9.990955945e-01  2.320660155e+00
12 3  9.228834745e-01  4.000000000e+00  5.050079378e-01  5.072775426e-01  1.072693668e+08 -1.601779175e-04  3.104190110e+06  6.174217115e+01  1.489643169e+00  8.725285074e-03  4.004555229e-02  8.998117672e-03 -1.580195712e+01 -1.160915512e+01  9.165142725e-03  2.430291225e-03  1.848233030e+00  9.989719841e-01  2.207444199e+00
13 3  9.613810590e-01  4.333333333e+00  2.634619174e-01  5.072775426e-01  2.411608522e+07  1.969008671e-02  3.104190110e+06  6.725302848e+01  1.142279694e+00  1.283727980e-02  6.032548387e-02  2.035032778e-02 -3.315921807e+01 -1.360855350e+01  8.117198436e-03  2.391061775e-03  2.092835576e+00  9.997458813e-01  2.124284278e+00
14 3  9.780246399e-01  4.666666667e+00  2.120807931e-01  5.072775426e-01  1.093241415e+07  2.604727146e-02  3.104190110e+06  7.079892051e+01  9.141862321e-01  8.718273448e-03  3.546444903e-02  1.698450903e-02 -1.535474676e+01 -6.744258029e+00  7.109335922e-03  2.247724667e-03  2.805330910e+00  9.998872774e-01  2.006982590e+00
15 3  9.877496208e-01  5.000000000e+00  1.947812167e-01  5.072775426e-01  6.677654269e+06  2.196179281e-02  3.104190110e+06  7.065921779e+01  7.506250760e-01  5.971486104e-03  2.451785852e-02  1.216451304e-02 -1.119412078e+01 -4.362331636e+00  6.235047544e-03  2.042408120e-03  4.090015568e+00  9.999279237e-01  1.891886643e+00
16 3  9.933862752e-01  5.333333333e+00  1.867862229e-01  5.072775426e-01  4.573843243e+06  1.894974410e-02  3.104190110e+06  6.779429050e+01  6.062741837e-01  3.866821038e-03  1.905574438e-02  8.938223674e-03 -9.704376235e+00 -3.381911669e+00  5.362852467e-03  1.788031668e-03  6.370350992e+00  9.999541351e-01  1.783811894e+00
