13  2.330016585e-07
4 3  3.719392206e-01  1.333333333e+00  7.592269480e-01  5.091438532e-01  2.853274610e+08 -4.431694852e-02  3.198288202e+06  2.531803836e+02  1.381895295e+00  1.612111555e-03 -2.758552331e-02 -4.233571058e-02 -5.468893084e+00 -6.086475847e+00  7.798303238e-03  2.030910101e-03  9.935243489e-01  1.008689378e+00  2.671490947e+00
5 3  4.857144432e-01  1.666666667e+00  6.821737269e-01  5.091438532e-01  2.181895896e+08 -3.456978531e-02  3.198288202e+06  1.766273167e+02  1.306297019e+00  1.709510817e-03 -2.112977618e-02 -3.172799689e-02 -3.826393644e+00 -4.972905601e+00  7.966843588e-03  2.056800912e-03  1.040672615e+00  1.005831560e+00  2.783047032e+00
6 3  5.780135137e-01  2.000000000e+00  6.381359352e-01  5.091438532e-01  1.854295272e+08 -2.541263775e-02  3.198288202e+06  1.399030994e+02  1.333030834e+00  1.949872163e-03 -1.567782013e-02 -2.383974677e-02 -2.784904975e+00 -4.019705795e+00  8.217674985e-03  2.138646311e-03  1.111588159e+00  1.003817344e+00  2.754391761e+00
7 3  6.591063745e-01  2.333333333e+00  6.091263621e-01  5.091438532e-01  1.700896655e+08 -2.042361527e-02  3.198288202e+06  1.190347533e+02  1.377058802e+00  2.198796762e-03 -1.343169669e-02 -2.016628950e-02 -2.155430897e+00 -3.383320179e+00  8.473263603e-03  2.221815605e-03  1.189035403e+00  1.002264169e+00  2.687967111e+00
8 3  7.319735189e-01  2.666666667e+00  5.886143561e-01  5.091438532e-01  1.645123693e+08 -1.667011449e-02  3.198288202e+06  1.064063017e+02  1.419312778e+00  2.387531015e-03 -1.141540568e-02 -1.715217401e-02 -1.713442732e+00 -2.898126574e+00  8.706003720e-03  2.293640124e-03  1.269986696e+00  1.001011181e+00  2.608726711e+00
9 3  7.970504103e-01  3.000000000e+00  5.741044903e-01  5.091438532e-01  1.533422855e+08 -1.417576592e-02  3.198288202e+06  9.390828386e+01  1.426697944e+00  2.437621584e-03 -8.755197228e-03 -1.364637445e-02 -1.343801463e+00 -2.463080535e+00  8.769265451e-03  2.318728184e-03  1.364253230e+00  1.000031644e+00  2.522558791e+00
10 3  8.493552990e-01  3.333333333e+00  5.652155915e-01  5.091438532e-01  1.325569815e+08 -1.017848579e-02  3.198288202e+06  8.123620633e+01  1.320726117e+00  2.073956671e-03 -5.267402062e-03 -9.553593341e-03 -8.815583330e-01 -2.183757943e+00  8.347138567e-03  2.202876435e-03  1.484147834e+00  9.993751136e-01  2.417698856e+00
11 3  8.872061550e-01  3.666666667e+00  5.638217947e-01  5.091438532e-01  1.156966775e+08 -3.050812133e-03  3.198288202e+06  7.023865853e+01  1.207024929e+00  1.852034688e-03  1.172883031e-03 -3.494502046e-03  7.495128203e-01 -2.821194293e+00  7.873271876e-03  2.061254380e-03  1.658580530e+00  9.990108376e-01  2.295019259e+00
12 3  9.167988558e-01  4.000000000e+00  5.648286093e-01  5.091438532e-01  1.114528237e+08  4.206686587e-03  3.198288202e+06  6.193217494e+01  1.295845545e+00  4.911472932e-03  2.797057361e-02  6.952975136e-03 -5.993193750e+00 -9.257734084e+00  8.317217899e-03  2.167965511e-03  1.914355901e+00  9.988614576e-01  2.173613616e+00
13 3  9.589324322e-01  4.333333333e+00  2.988334289e-01  5.091438532e-01  3.250029674e+07  1.367322259e-02  3.198288202e+06  6.759694013e+01  1.228606195e+00  1.445813359e-02  6.915322455e-02  1.981307178e-02 -4.431535826e+01 -1.604333920e+01  8.528621314e-03  2.443813282e-03  2.088349084e+00  9.996632869e-01  2.100306476e+00
14 3  9.771288043e-01  4.666666667e+00  2.178378990e-01  5.091438532e-01  1.245017941e+07  2.581908381e-02  3.198288202e+06  7.299359710e+01  9.388666912e-01  9.277593353e-03  3.858462584e-02  1.673835882e-02 -2.069563971e+01 -7.674468319e+00  7.270348322e-03  2.261263086e-03  2.766448399e+00  9.998695884e-01  1.987702634e+00
15 3  9.873029896e-01  5.000000000e+00  1.922344602e-01  5.091438532e-01  7.205362580e+06  2.271749251e-02  3.198288202e+06  7.349864823e+01  7.683301957e-01  6.367346956e-03  2.624270894e-02  1.210765073e-02 -1.476202691e+01 -4.826230374e+00  6.367348668e-03  2.063456875e-03  4.013768469e+00  9.999235556e-01  1.874607137e+00
16 3  9.931625454e-01  5.333333333e+00  1.807743768e-01  5.091438532e-01  4.763758903e+06  1.995938492e-02  3.198288202e+06  7.082501874e+01  6.149730518e-01  4.062671911e-03  2.039801444e-02  9.048429701e-03 -1.252895799e+01 -3.674867643e+00  5.445235337e-03  1.801431642e-03  6.245446285e+00  9.999532162e-01  1.767926907e+00
