13  2.354094136e-07
4 3  3.671808927e-01  1.333333333e+00  7.225170406e-01  5.066494368e-01  2.944299414e+08 -4.623210522e-02  3.134634444e+06  2.712036505e+02  1.395156199e+00  1.577687412e-03 -2.806578792e-02 -4.348666467e-02 -6.296943963e+00 -5.585595707e+00  7.759442559e-03  2.029933082e-03  9.964094015e-01  1.008839250e+00  2.657564055e+00
5 3  4.794223825e-01  1.666666667e+00  6.399240528e-01  5.066494368e-01  2.261575811e+08 -3.747073506e-02  3.134634444e+06  1.873989012e+02  1.299375543e+00  1.604541676e-03 -2.290678035e-02 -3.426502934e-02 -4.129365175e+00 -4.944618342e+00  7.860964154e-03  2.030444582e-03  1.041345427e+00  1.006467223e+00  2.769425110e+00
6 3  5.703036101e-01  2.000000000e+00  5.957411798e-01  5.066494368e-01  1.942894663e+08 -2.731949203e-02  3.134634444e+06  1.481821557e+02  1.340606408e+00  1.873466965e-03 -1.648320201e-02 -2.534779600e-02 -2.838984003e+00 -4.178859408e+00  8.156191299e-03  2.124829036e-03  1.110462277e+00  1.004554417e+00  2.740122799e+00
7 3  6.530960785e-01  2.333333333e+00  5.673098731e-01  5.066494368e-01  1.783065186e+08 -2.178560678e-02  3.134634444e+06  1.248577656e+02  1.414005466e+00  2.246394152e-03 -1.389413471e-02 -2.122257840e-02 -2.056155583e+00 -3.625759697e+00  8.538588774e-03  2.244058789e-03  1.182665489e+00  1.002853303e+00  2.685085587e+00
8 3  7.305608859e-01  2.666666667e+00  5.480137239e-01  5.066494368e-01  1.692869013e+08 -1.730956380e-02  3.134634444e+06  1.103118923e+02  1.471723662e+00  2.545068426e-03 -1.190345947e-02 -1.802309500e-02 -1.472036911e+00 -3.132634704e+00  8.865617276e-03  2.343643321e-03  1.255611269e+00  1.001347912e+00  2.624176937e+00
9 3  7.996360020e-01  3.000000000e+00  5.363154134e-01  5.066494368e-01  1.521920220e+08 -1.498596053e-02  3.134634444e+06  9.716869265e+01  1.448382790e+00  2.521646332e-03 -9.819750409e-03 -1.490422432e-02 -8.606901961e-01 -2.707573602e+00  8.835642715e-03  2.346609316e-03  1.344351958e+00  1.000173304e+00  2.550156165e+00
10 3  8.525081620e-01  3.333333333e+00  5.343680448e-01  5.066494368e-01  1.274093220e+08 -1.021786064e-02  3.134634444e+06  8.369151886e+01  1.314252131e+00  2.008497293e-03 -6.937302355e-03 -1.100583535e-02  7.144348212e-01 -2.582091769e+00  8.297553803e-03  2.205138009e-03  1.463879626e+00  9.994294634e-01  2.445076110e+00
11 3  8.902267980e-01  3.666666667e+00  5.430599703e-01  5.066494368e-01  1.115736259e+08 -2.367262499e-03  3.134634444e+06  7.181033185e+01  1.223224296e+00  2.184543341e-03  1.953784390e-03 -3.842517053e-03  1.759438314e+00 -3.708999185e+00  7.923636034e-03  2.095401790e-03  1.643116090e+00  9.990205662e-01  2.320192910e+00
12 3  9.263479079e-01  4.000000000e+00  5.103569775e-01  5.066494368e-01  1.122051621e+08 -3.115640974e-03  3.134634444e+06  6.317089184e+01  1.574175631e+00  1.099660550e-02  4.855329259e-02  1.132403261e-02 -2.590105307e+01 -1.241323580e+01  9.572455615e-03  2.537338894e-03  1.850935736e+00  9.990006177e-01  2.213096361e+00
13 3  9.624933901e-01  4.333333333e+00  2.903133725e-01  5.066494368e-01  2.712622770e+07  2.047756637e-02  3.134634444e+06  6.828104569e+01  1.127298109e+00  1.201912708e-02  5.974236775e-02  1.976824767e-02 -3.331489748e+01 -1.395534052e+01  8.099979911e-03  2.352681903e-03  2.133278727e+00  9.997063184e-01  2.124068550e+00
14 3  9.788924916e-01  4.666666667e+00  2.314315811e-01  5.066494368e-01  1.222185307e+07  2.493475391e-02  3.134634444e+06  7.182152665e+01  9.086456434e-01  8.791856972e-03  3.617316465e-02  1.546683860e-02 -1.945366671e+01 -7.434322235e+00  7.128700575e-03  2.223283929e-03  2.870897211e+00  9.998662512e-01  2.006275453e+00
15 3  9.884328015e-01  5.000000000e+00  2.084205886e-01  5.066494368e-01  7.134516256e+06  2.117947253e-02  3.134634444e+06  7.177180649e+01  7.387062738e-01  6.084854137e-03  2.472926190e-02  1.053250907e-02 -1.516025814e+01 -4.890455305e+00  6.208103021e-03  2.013448228e-03  4.204124314e+00  9.999239339e-01  1.890882498e+00
16 3  9.938324114e-01  5.333333333e+00  1.976056693e-01  5.066494368e-01  4.748299494e+06  1.846133809e-02  3.134634444e+06  6.883123290e+01  5.925699187e-01  3.939862261e-03  1.915959167e-02  7.458172469e-03 -1.339231036e+01 -3.803294075e+00  5.311720196e-03  1.757745513e-03  6.566849137e+00  9.999560586e-01  1.782443522e+00
