13  2.234536814e-07
4 3  3.677497891e-01  1.333333333e+00  8.000028675e-01  5.071349761e-01  3.262736834e+08 -4.440894839e-02  3.308683400e+06  2.975337621e+02  1.394875420e+00  1.430423553e-03 -2.964140032e-02 -4.284224051e-02 -4.653341260e+00 -5.566463428e+00  7.693298474e-03  2.016414547e-03  9.917607332e-01  1.009094850e+00  2.633821072e+00
5 3  4.840485616e-01  1.666666667e+00  7.249315131e-01  5.071349761e-01  2.571890067e+08 -3.650695498e-02  3.308683400e+06  2.020427449e+02  1.330080861e+00  1.619868208e-03 -2.343842216e-02 -3.392569943e-02 -3.519734719e+00 -5.123967097e+00  7.945546114e-03  2.054497426e-03  1.036982858e+00  1.006114463e+00  2.765210255e+00
6 3  5.797235820e-01  2.000000000e+00  6.782669830e-01  5.071349761e-01  2.158650928e+08 -2.680750387e-02  3.308683400e+06  1.593893345e+02  1.354583069e+00  1.920495807e-03 -1.647320291e-02 -2.496642709e-02 -2.715920961e+00 -4.381732543e+00  8.199428429e-03  2.139815376e-03  1.107291281e+00  1.004063784e+00  2.754183401e+00
7 3  6.631984240e-01  2.333333333e+00  6.460243320e-01  5.071349761e-01  1.908975621e+08 -2.148105428e-02  3.308683400e+06  1.327152139e+02  1.386910926e+00  2.209179580e-03 -1.355865687e-02 -2.077482135e-02 -2.215964580e+00 -3.792474207e+00  8.429608143e-03  2.216293486e-03  1.185891635e+00  1.002490756e+00  2.696420743e+00
8 3  7.371377848e-01  2.666666667e+00  6.222647523e-01  5.071349761e-01  1.794760656e+08 -1.688302093e-02  3.308683400e+06  1.163712728e+02  1.422914545e+00  2.450982008e-03 -1.106281669e-02 -1.737050758e-02 -1.870354176e+00 -3.315174059e+00  8.664234703e-03  2.286355229e-03  1.268933205e+00  1.001195806e+00  2.619024405e+00
9 3  8.030273137e-01  3.000000000e+00  6.042622366e-01  5.071349761e-01  1.646655376e+08 -1.466590606e-02  3.308683400e+06  1.031597084e+02  1.427387049e+00  2.574644125e-03 -8.561551340e-03 -1.415637678e-02 -1.614168232e+00 -2.905380330e+00  8.724237255e-03  2.314285513e-03  1.364181336e+00  1.000122152e+00  2.533393733e+00
10 3  8.559003264e-01  3.333333333e+00  5.912175362e-01  5.071349761e-01  1.400972552e+08 -1.041444653e-02  3.308683400e+06  9.059240636e+01  1.328476439e+00  2.366029023e-03 -3.983388937e-03 -9.401615712e-03 -1.535745248e+00 -2.729699269e+00  8.306612910e-03  2.212956090e-03  1.486880730e+00  9.993857011e-01  2.428388462e+00
11 3  8.948947618e-01  3.666666667e+00  5.803935974e-01  5.071349761e-01  1.204395670e+08 -5.927660577e-03  3.308683400e+06  7.939475467e+01  1.236889707e+00  2.603465202e-03  4.290571437e-03 -3.676068218e-03 -2.656748739e+00 -3.692578930e+00  7.902358164e-03  2.105006433e-03  1.669133153e+00  9.990221202e-01  2.307364586e+00
12 3  9.304356967e-01  4.000000000e+00  5.277151184e-01  5.071349761e-01  1.135826372e+08 -4.934167148e-03  3.308683400e+06  6.965047892e+01  1.523844316e+00  1.019320670e-02  4.600214905e-02  8.477687683e-03 -2.400788591e+01 -1.351271169e+01  9.256005176e-03  2.473945905e-03  1.896367522e+00  9.990974356e-01  2.199251007e+00
13 3  9.652669746e-01  4.333333333e+00  3.094712375e-01  5.071349761e-01  2.676126994e+07  2.430215285e-02  3.308683400e+06  7.376367988e+01  1.112482584e+00  1.234334389e-02  6.054823574e-02  2.051945640e-02 -3.504474456e+01 -1.474984693e+01  7.999538607e-03  2.347098253e-03  2.218344604e+00  9.997319358e-01  2.107412241e+00
14 3  9.809715409e-01  4.666666667e+00  2.432003226e-01  5.071349761e-01  1.148266731e+07  2.916354394e-02  3.308683400e+06  7.734042756e+01  8.789214349e-01  8.602245834e-03  3.811349851e-02  1.833689539e-02 -1.975658005e+01 -7.472047465e+00  6.966668722e-03  2.194735158e-03  3.053049389e+00  9.998930019e-01  1.989041015e+00
15 3  9.898073687e-01  5.000000000e+00  2.198568264e-01  5.071349761e-01  6.649376242e+06  2.386830454e-02  3.308683400e+06  7.665767956e+01  7.048849175e-01  5.704696217e-03  2.621495562e-02  1.285283812e-02 -1.451413541e+01 -4.890460779e+00  6.012699831e-03  1.965101832e-03  4.597008458e+00  9.999481762e-01  1.873262993e+00
16 3  9.945530256e-01  5.333333333e+00  2.098596463e-01  5.071349761e-01  4.441240296e+06  1.994249987e-02  3.308683400e+06  7.276680289e+01  5.603010775e-01  3.571174462e-03  1.995273126e-02  9.026937024e-03 -1.232082411e+01 -3.794110461e+00  5.109042510e-03  1.700489419e-03  7.234140091e+00  9.999725367e-01  1.764647114e+00
