13  2.238237030e-07
4 3  3.617002085e-01  1.333333333e+00  7.959733363e-01  5.071145269e-01  3.230866520e+08 -4.427563549e-02  3.302947154e+06  2.927656084e+02  1.413324357e+00  1.477402669e-03 -2.921874273e-02 -4.290446172e-02 -4.785772743e+00 -5.652786292e+00  7.719849368e-03  2.025668747e-03  9.938023488e-01  1.009304497e+00  2.614565219e+00
5 3  4.783372531e-01  1.666666667e+00  7.198994217e-01  5.071145269e-01  2.539540574e+08 -3.729018832e-02  3.302947154e+06  1.998309233e+02  1.339213524e+00  1.620850259e-03 -2.433142216e-02 -3.470077799e-02 -3.499580770e+00 -4.967641196e+00  7.953752658e-03  2.058641107e-03  1.034835140e+00  1.006334055e+00  2.758003890e+00
6 3  5.743478880e-01  2.000000000e+00  6.742498855e-01  5.071145269e-01  2.157615967e+08 -2.706394084e-02  3.302947154e+06  1.602171998e+02  1.364749245e+00  1.888600299e-03 -1.721474543e-02 -2.538016185e-02 -2.605497028e+00 -4.152689745e+00  8.196293068e-03  2.144599891e-03  1.102229738e+00  1.004145066e+00  2.753650008e+00
7 3  6.583884286e-01  2.333333333e+00  6.437535989e-01  5.071145269e-01  1.940734542e+08 -2.207596821e-02  3.302947154e+06  1.339552706e+02  1.396942463e+00  2.131456158e-03 -1.475531940e-02 -2.155923553e-02 -2.047472471e+00 -3.547360225e+00  8.429236206e-03  2.219073520e-03  1.178944168e+00  1.002459462e+00  2.701092595e+00
8 3  7.324257393e-01  2.666666667e+00  6.221477910e-01  5.071145269e-01  1.831674091e+08 -1.817877184e-02  3.302947154e+06  1.159127965e+02  1.421208370e+00  2.302774088e-03 -1.282590652e-02 -1.875865999e-02 -1.680933130e+00 -3.109460812e+00  8.634085044e-03  2.273029281e-03  1.260479292e+00  1.001132878e+00  2.625752809e+00
9 3  7.979958691e-01  3.000000000e+00  6.063639827e-01  5.071145269e-01  1.721383093e+08 -1.583196107e-02  3.302947154e+06  1.023117660e+02  1.440430541e+00  2.444003592e-03 -1.023790212e-02 -1.550030272e-02 -1.396905375e+00 -2.741479103e+00  8.756249416e-03  2.312527538e-03  1.352127179e+00  1.000080193e+00  2.540279264e+00
10 3  8.534678525e-01  3.333333333e+00  5.952263463e-01  5.071145269e-01  1.511560072e+08 -1.090066550e-02  3.302947154e+06  9.023840394e+01  1.380667118e+00  2.468533373e-03 -4.889528036e-03 -1.030500495e-02 -1.090474250e+00 -2.866400847e+00  8.502676372e-03  2.257320146e-03  1.459565922e+00  9.992654037e-01  2.443185951e+00
11 3  8.932984171e-01  3.666666667e+00  5.876634266e-01  5.071145269e-01  1.214988257e+08 -6.112847659e-03  3.302947154e+06  7.913171413e+01  1.237376625e+00  3.115334479e-03  7.276305412e-03 -4.173540378e-03 -2.538899755e+00 -5.726404877e+00  7.885845144e-03  2.102975439e-03  1.634086260e+00  9.988991697e-01  2.323881801e+00
12 3  9.373646269e-01  4.000000000e+00  4.591947994e-01  5.071145269e-01  8.085936365e+07 -6.160618726e-03  3.302947154e+06  7.058693871e+01  1.564131767e+00  1.653443013e-02  6.701390958e-02  1.521902856e-02 -4.268524325e+01 -1.781150982e+01  9.611471898e-03  2.649408565e-03  1.792586350e+00  9.992787928e-01  2.236158014e+00
13 3  9.646634117e-01  4.333333333e+00  2.885294448e-01  5.071145269e-01  2.079989118e+07  2.408612841e-02  3.302947154e+06  7.446093664e+01  1.046966813e+00  1.084892970e-02  4.918413261e-02  1.983658303e-02 -2.695867138e+01 -1.105094809e+01  7.749953178e-03  2.320611533e-03  2.199703561e+00  9.997779098e-01  2.125320810e+00
14 3  9.796344363e-01  4.666666667e+00  2.393015634e-01  5.071145269e-01  1.084141113e+07  2.610219137e-02  3.302947154e+06  7.672792003e+01  8.841010440e-01  8.193581408e-03  3.278722468e-02  1.694863190e-02 -1.636455044e+01 -5.981124222e+00  7.037202573e-03  2.223869522e-03  3.020430331e+00  9.999065986e-01  2.004397929e+00
15 3  9.888530949e-01  5.000000000e+00  2.185697816e-01  5.071145269e-01  6.698491881e+06  2.218442960e-02  3.302947154e+06  7.604109628e+01  7.256280195e-01  5.637894707e-03  2.413493604e-02  1.289099417e-02 -1.277055723e+01 -4.069228381e+00  6.164581983e-03  2.009637963e-03  4.494614280e+00  9.999524315e-01  1.888462487e+00
16 3  9.939988348e-01  5.333333333e+00  2.089032926e-01  5.071145269e-01  4.609308763e+06  1.907556153e-02  3.302947154e+06  7.243313014e+01  5.845786773e-01  3.634664105e-03  1.940112805e-02  9.905878165e-03 -1.128573566e+01 -3.244685857e+00  5.283275019e-03  1.751011754e-03  6.992468214e+00  9.999736163e-01  1.779684171e+00
