12  2.189232201e-07
4 3  3.821632448e-01  1.333333333e+00  7.972861400e-01  5.050254991e-01  3.277046767e+08 -3.908694957e-02  3.349117496e+06  2.972070567e+02  1.382816637e+00  1.477538689e-03 -2.413956827e-02 -3.734045456e-02 -4.280136076e+00 -6.169945573e+00  7.841264594e-03  2.033114444e-03  9.925874127e-01  1.010572687e+00  2.667972742e+00
5 3  4.992804783e-01  1.666666667e+00  7.255423768e-01  5.050254991e-01  2.448819716e+08 -2.981072410e-02  3.349117496e+06  1.996001707e+02  1.308400640e+00  1.648900155e-03 -1.749816556e-02 -2.752309309e-02 -3.184489792e+00 -5.292464288e+00  8.027458842e-03  2.062336826e-03  1.042626078e+00  1.007422035e+00  2.779783255e+00
6 3  5.953240430e-01  2.000000000e+00  6.815230191e-01  5.050254991e-01  2.052021118e+08 -2.128297768e-02  3.349117496e+06  1.578241993e+02  1.345549326e+00  1.989362936e-03 -1.186658477e-02 -1.986379740e-02 -2.458506888e+00 -4.399115985e+00  8.325289034e-03  2.162037273e-03  1.115609599e+00  1.005047498e+00  2.755584075e+00
7 3  6.815337300e-01  2.333333333e+00  6.501849721e-01  5.050254991e-01  1.825812122e+08 -1.641511495e-02  3.349117496e+06  1.319329346e+02  1.401881196e+00  2.381346448e-03 -9.362918606e-03 -1.604955251e-02 -1.998009406e+00 -3.734747146e+00  8.665200342e-03  2.270125865e-03  1.193759247e+00  1.003051927e+00  2.698594547e+00
8 3  7.590116124e-01  2.666666667e+00  6.270165947e-01  5.050254991e-01  1.672406867e+08 -1.244438366e-02  3.349117496e+06  1.155641174e+02  1.422608914e+00  2.592636690e-03 -6.834988514e-03 -1.252741428e-02 -1.656767424e+00 -3.179367323e+00  8.852587584e-03  2.330376291e-03  1.280208643e+00  1.001466413e+00  2.625546592e+00
9 3  8.247118471e-01  3.000000000e+00  6.105836293e-01  5.050254991e-01  1.472718497e+08 -9.651986652e-03  3.349117496e+06  1.010843074e+02  1.384413703e+00  2.557535408e-03 -4.177379865e-03 -9.171304132e-03 -1.410306043e+00 -2.744928307e+00  8.738354412e-03  2.309979921e-03  1.391947633e+00  1.000364616e+00  2.533045280e+00
10 3  8.746431819e-01  3.333333333e+00  5.994279135e-01  5.050254991e-01  1.241196782e+08 -6.773448096e-03  3.349117496e+06  8.814967386e+01  1.264255557e+00  2.235862663e-03 -1.228874220e-03 -6.076248159e-03 -1.314422012e+00 -2.576440123e+00  8.228753637e-03  2.175590585e-03  1.546411289e+00  9.996786613e-01  2.416107449e+00
11 3  9.104243659e-01  3.666666667e+00  5.920105341e-01  5.050254991e-01  1.081697598e+08  7.320315093e-04  3.349117496e+06  7.733271193e+01  1.162087857e+00  2.160102134e-03  6.978301496e-03  9.273518036e-04 -1.280338059e+00 -3.165919366e+00  7.788601844e-03  2.044921647e-03  1.783308079e+00  9.992767293e-01  2.285398134e+00
12 3  9.409237456e-01  4.000000000e+00  5.670758018e-01  5.050254991e-01  1.188327416e+08  8.272001224e-03  3.349117496e+06  7.060918314e+01  1.466164382e+00  9.076589255e-03  4.730384039e-02  1.278240376e-02 -2.109023601e+01 -1.331947811e+01  9.251923378e-03  2.416347011e-03  2.111650306e+00  9.991186522e-01  2.164786928e+00
13 3  9.761774555e-01  4.333333333e+00  2.504246477e-01  5.050254991e-01  1.856561659e+07  2.623058954e-02  3.349117496e+06  8.582610219e+01  9.886980039e-01  1.081867532e-02  5.176929057e-02  1.575181091e-02 -2.713857172e+01 -1.451025290e+01  7.550593672e-03  2.270663034e-03  2.536505235e+00  9.998578421e-01  2.074667893e+00
14 3  9.880183725e-01  4.666666667e+00  2.162401984e-01  5.050254991e-01  8.032813182e+06  2.044105661e-02  3.349117496e+06  8.714188406e+01  7.439550922e-01  6.616163066e-03  2.714214229e-02  9.988760597e-03 -1.241473584e+01 -7.262904975e+00  6.282645497e-03  2.034013942e-03  3.783576099e+00  9.999137786e-01  1.949954354e+00
15 3  9.940188242e-01  5.000000000e+00  2.059041201e-01  5.050254991e-01  4.817488980e+06  1.687581819e-02  3.349117496e+06  8.335837091e+01  5.729267735e-01  3.902190318e-03  1.867941557e-02  6.617769275e-03 -9.785996390e+00 -4.826606669e+00  5.237462901e-03  1.747507091e-03  6.148366528e+00  9.999391655e-01  1.831056884e+00
