12  2.186397184e-07
4 3  3.836698108e-01  1.333333333e+00  7.913032099e-01  5.049476740e-01  3.278935816e+08 -3.881877493e-02  3.352426702e+06  2.989719726e+02  1.382580247e+00  1.473515523e-03 -2.402714129e-02 -3.708203896e-02 -4.280205351e+00 -6.092341447e+00  7.863260971e-03  2.036689537e-03  9.932186232e-01  1.010900483e+00  2.670877855e+00
5 3  5.017030598e-01  1.666666667e+00  7.196398677e-01  5.049476740e-01  2.451280832e+08 -2.927969209e-02  3.352426702e+06  2.016122392e+02  1.311108090e+00  1.652429989e-03 -1.714449513e-02 -2.702753600e-02 -3.106348384e+00 -5.264268902e+00  8.057141980e-03  2.069679965e-03  1.042950912e+00  1.007536687e+00  2.784746079e+00
6 3  5.985017609e-01  2.000000000e+00  6.766937003e-01  5.049476740e-01  2.045305211e+08 -2.099519926e-02  3.352426702e+06  1.589326234e+02  1.345299535e+00  1.986712766e-03 -1.183354441e-02 -1.968748022e-02 -2.343804890e+00 -4.386465554e+00  8.349063016e-03  2.167317650e-03  1.116135699e+00  1.005070059e+00  2.761585568e+00
7 3  6.847649830e-01  2.333333333e+00  6.470269134e-01  5.049476740e-01  1.816144380e+08 -1.598764186e-02  3.352426702e+06  1.324012680e+02  1.396409054e+00  2.357427262e-03 -9.258072355e-03 -1.581197664e-02 -1.863407487e+00 -3.729179668e+00  8.675141484e-03  2.269796347e-03  1.195241650e+00  1.003055974e+00  2.702817109e+00
8 3  7.620092780e-01  2.666666667e+00  6.256518891e-01  5.049476740e-01  1.667145495e+08 -1.219923761e-02  3.352426702e+06  1.160616558e+02  1.417952656e+00  2.566056824e-03 -6.761238904e-03 -1.232995007e-02 -1.510358117e+00 -3.175292369e+00  8.863011691e-03  2.330475833e-03  1.283100221e+00  1.001453139e+00  2.627537308e+00
9 3  8.275610191e-01  3.000000000e+00  6.108452487e-01  5.049476740e-01  1.466623199e+08 -9.397517660e-03  3.352426702e+06  1.014735096e+02  1.380388563e+00  2.529714964e-03 -4.118955088e-03 -8.978746579e-03 -1.252825726e+00 -2.731926202e+00  8.744860960e-03  2.310275413e-03  1.397890890e+00  1.000332423e+00  2.533668830e+00
10 3  8.770312704e-01  3.333333333e+00  6.010544477e-01  5.049476740e-01  1.227510593e+08 -6.403879312e-03  3.352426702e+06  8.848319922e+01  1.252084546e+00  2.184060678e-03 -1.035919889e-03 -5.763527055e-03 -1.153115343e+00 -2.570667014e+00  8.192206175e-03  2.165394137e-03  1.558458447e+00  9.996588264e-01  2.414987404e+00
11 3  9.119441474e-01  3.666666667e+00  5.947499444e-01  5.049476740e-01  1.061644785e+08  1.013547746e-03  3.352426702e+06  7.767089945e+01  1.136014585e+00  1.928695551e-03  6.365239009e-03  1.111041133e-03 -1.060118412e+00 -2.774625740e+00  7.680005921e-03  2.015413227e-03  1.807426577e+00  9.992981420e-01  2.282015668e+00
12 3  9.396148635e-01  4.000000000e+00  5.808236936e-01  5.049476740e-01  1.175898006e+08  1.002348290e-02  3.352426702e+06  7.077847668e+01  1.354314161e+00  6.431492585e-03  3.821546411e-02  1.177241965e-02 -1.445150868e+01 -1.054025400e+01  8.738078658e-03  2.269724737e-03  2.179936367e+00  9.991463706e-01  2.154992356e+00
13 3  9.768379692e-01  4.333333333e+00  2.572643470e-01  5.049476740e-01  2.002005732e+07  2.562398538e-02  3.352426702e+06  8.649084239e+01  9.894661692e-01  1.064077639e-02  5.333565163e-02  1.501419293e-02 -2.561679592e+01 -1.592528744e+01  7.549075140e-03  2.252715302e-03  2.567966184e+00  9.998610737e-01  2.069506655e+00
14 3  9.885119963e-01  4.666666667e+00  2.246756127e-01  5.049476740e-01  8.346744120e+06  1.917254432e-02  3.352426702e+06  8.745061357e+01  7.349511740e-01  6.615586449e-03  2.732145205e-02  8.674347856e-03 -1.233986607e+01 -8.056341217e+00  6.224858425e-03  2.009954267e-03  3.856874102e+00  9.999132080e-01  1.944751881e+00
15 3  9.943072761e-01  5.000000000e+00  2.145393077e-01  5.049476740e-01  4.891218113e+06  1.587726562e-02  3.352426702e+06  8.334207213e+01  5.629686201e-01  3.919860206e-03  1.854872756e-02  5.486493649e-03 -9.957347770e+00 -5.319530428e+00  5.168255310e-03  1.724712372e-03  6.298857076e+00  9.999397559e-01  1.825791499e+00
