11  2.158830843e-07
4 3  3.954409463e-01  1.333333333e+00  7.914332479e-01  5.050461246e-01  3.275050006e+08 -3.593783839e-02  3.396558275e+06  3.154369467e+02  1.393493381e+00  1.539839693e-03 -2.224389871e-02 -3.442052349e-02 -4.024421295e+00 -5.982443411e+00  8.038350013e-03  2.081750472e-03  9.945220306e-01  1.012228982e+00  2.696135168e+00
5 3  5.169077914e-01  1.666666667e+00  7.190477279e-01  5.050461246e-01  2.372146674e+08 -2.574779982e-02  3.396558275e+06  2.151956780e+02  1.298857871e+00  1.671971277e-03 -1.462846569e-02 -2.370717949e-02 -2.942608647e+00 -5.039039774e+00  8.120873127e-03  2.093608829e-03  1.047099658e+00  1.008034767e+00  2.807759036e+00
6 3  6.137842619e-01  2.000000000e+00  6.764720088e-01  5.050461246e-01  1.966677734e+08 -1.954668843e-02  3.396558275e+06  1.724054363e+02  1.322537942e+00  1.962415503e-03 -1.109174276e-02 -1.829672741e-02 -2.250353918e+00 -4.145003236e+00  8.327917186e-03  2.177324695e-03  1.125505227e+00  1.005327762e+00  2.770852591e+00
7 3  6.987666390e-01  2.333333333e+00  6.470269009e-01  5.050461246e-01  1.752844890e+08 -1.419314411e-02  3.396558275e+06  1.412927447e+02  1.369257497e+00  2.296003852e-03 -7.899936241e-03 -1.396154155e-02 -1.826034709e+00 -3.517616854e+00  8.646265549e-03  2.270642231e-03  1.211438563e+00  1.003316679e+00  2.698443957e+00
8 3  7.748777909e-01  2.666666667e+00  6.253690173e-01  5.050461246e-01  1.615458537e+08 -9.029685722e-03  3.396558275e+06  1.205850277e+02  1.400659467e+00  2.527075038e-03 -3.719980566e-03 -8.900176105e-03 -1.507223627e+00 -2.991590344e+00  8.898343292e-03  2.337952982e-03  1.306872376e+00  1.001721334e+00  2.614155383e+00
9 3  8.388716643e-01  3.000000000e+00  6.100261480e-01  5.050461246e-01  1.390305455e+08 -6.610997193e-03  3.396558275e+06  1.051902869e+02  1.330877359e+00  2.403485187e-03 -1.458415763e-03 -6.176540906e-03 -1.315491348e+00 -2.672866503e+00  8.628088462e-03  2.276296072e-03  1.428589190e+00  1.000522003e+00  2.512585838e+00
10 3  8.853167962e-01  3.333333333e+00  6.008990867e-01  5.050461246e-01  1.175701602e+08 -2.932072740e-03  3.396558275e+06  9.236633774e+01  1.207010988e+00  1.979777541e-03  1.653223784e-03 -2.653433666e-03 -8.576578131e-01 -2.447665110e+00  8.054767141e-03  2.127574723e-03  1.606090444e+00  9.997417255e-01  2.384667156e+00
11 3  9.220141505e-01  3.666666667e+00  5.861093299e-01  5.050461246e-01  1.206958403e+08  6.806618162e-04  3.396558275e+06  8.117138697e+01  1.352897269e+00  5.183742522e-03  2.251368911e-02  5.627995421e-03 -1.029193771e+01 -6.843146905e+00  8.747553244e-03  2.295276476e-03  1.864837668e+00  9.992892757e-01  2.256718432e+00
12 3  9.643319945e-01  4.000000000e+00  3.054497185e-01  5.050461246e-01  3.032467969e+07  2.143212149e-02  3.396558275e+06  8.878286715e+01  1.108925192e+00  1.186549411e-02  6.182214470e-02  1.826502189e-02 -3.126922610e+01 -1.812833985e+01  8.151045084e-03  2.346722996e-03  2.160361288e+00  9.997850952e-01  2.164677665e+00
13 3  9.815820873e-01  4.333333333e+00  2.410392311e-01  5.050461246e-01  1.123154646e+07  2.248414075e-02  3.396558275e+06  9.329826713e+01  8.371517944e-01  7.908162125e-03  3.167418037e-02  1.278791045e-02 -1.593400255e+01 -8.183804987e+00  6.876960284e-03  2.170331764e-03  3.065514604e+00  9.999116407e-01  2.034164846e+00
14 3  9.906580050e-01  4.666666667e+00  2.195224087e-01  5.050461246e-01  6.256259792e+06  1.849208806e-02  3.396558275e+06  9.150539393e+01  6.579345351e-01  5.071127343e-03  2.078315502e-02  8.434006964e-03 -1.237134632e+01 -5.065190510e+00  5.842231178e-03  1.923706113e-03  4.813398410e+00  9.999506778e-01  1.906406652e+00
