11  2.135797882e-07
4 3  3.960418060e-01  1.333333333e+00  8.060816939e-01  5.048089390e-01  3.116715237e+08 -3.301702722e-02  3.429963673e+06  3.070709786e+02  1.382533481e+00  1.515052827e-03 -2.042758686e-02 -3.161956050e-02 -3.746505105e+00 -5.589996151e+00  8.023394843e-03  2.079861409e-03  9.918090598e-01  1.013293715e+00  2.668667679e+00
5 3  5.195212260e-01  1.666666667e+00  7.343726992e-01  5.048089390e-01  2.344670081e+08 -2.469594209e-02  3.429963673e+06  2.123467769e+02  1.317215668e+00  1.723915081e-03 -1.431300393e-02 -2.280083640e-02 -2.873675357e+00 -4.741266131e+00  8.225962010e-03  2.122019404e-03  1.044479812e+00  1.008566013e+00  2.787505460e+00
6 3  6.195331076e-01  2.000000000e+00  6.896000854e-01  5.048089390e-01  1.953513570e+08 -1.832328715e-02  3.429963673e+06  1.698687106e+02  1.332091643e+00  1.998981476e-03 -1.041199479e-02 -1.719530307e-02 -2.275656646e+00 -3.914459032e+00  8.432713199e-03  2.198832275e-03  1.123321912e+00  1.005595523e+00  2.761942968e+00
7 3  7.054303837e-01  2.333333333e+00  6.582170117e-01  5.048089390e-01  1.746472950e+08 -1.170147500e-02  3.429963673e+06  1.404383030e+02  1.363155274e+00  2.274542897e-03 -5.767292229e-03 -1.154961390e-02 -1.914935218e+00 -3.345848090e+00  8.690450784e-03  2.273208318e-03  1.211309152e+00  1.003469202e+00  2.689913255e+00
8 3  7.817383785e-01  2.666666667e+00  6.344448320e-01  5.048089390e-01  1.619626023e+08 -9.429161957e-03  3.429963673e+06  1.223238431e+02  1.397946880e+00  2.519537186e-03 -4.063490613e-03 -9.090653128e-03 -1.644130394e+00 -2.878524117e+00  8.911052985e-03  2.341660455e-03  1.307779871e+00  1.001695545e+00  2.603666136e+00
9 3  8.467301137e-01  3.000000000e+00  6.168587694e-01  5.048089390e-01  1.406492265e+08 -7.343266775e-03  3.429963673e+06  1.074763884e+02  1.339779930e+00  2.428995618e-03 -2.130409302e-03 -6.703381243e-03 -1.479608681e+00 -2.555228201e+00  8.671406024e-03  2.291908973e-03  1.431989375e+00  1.000327151e+00  2.503356252e+00
10 3  8.941571984e-01  3.333333333e+00  6.048538131e-01  5.048089390e-01  1.189574841e+08 -8.352997349e-04  3.429963673e+06  9.356220365e+01  1.212708268e+00  2.018092410e-03  4.222475184e-03 -9.118486682e-05 -1.411634658e+00 -2.291188146e+00  8.110095561e-03  2.138752716e-03  1.616117696e+00  9.995281595e-01  2.377316567e+00
11 3  9.277710829e-01  3.666666667e+00  5.937545613e-01  5.048089390e-01  1.090854347e+08  6.533278287e-03  3.429963673e+06  8.167319512e+01  1.190840058e+00  3.845435110e-03  2.278747714e-02  7.068578857e-03 -5.267275222e+00 -7.870723740e+00  8.084224390e-03  2.106760128e-03  1.924667052e+00  9.991811114e-01  2.241663747e+00
12 3  9.680614177e-01  4.000000000e+00  2.872021734e-01  5.048089390e-01  2.381066855e+07  2.144624149e-02  3.429963673e+06  9.220462684e+01  1.099688871e+00  1.398603572e-02  5.931850917e-02  1.679713485e-02 -3.934919411e+01 -1.699981113e+01  8.137127137e-03  2.418753097e-03  2.250722435e+00  9.998010008e-01  2.145425007e+00
13 3  9.840842009e-01  4.333333333e+00  2.211379394e-01  5.048089390e-01  8.485591783e+06  2.198265978e-02  3.429963673e+06  9.768490386e+01  7.922216429e-01  7.397531433e-03  2.711024736e-02  1.212556013e-02 -1.420207658e+01 -6.491850543e+00  6.622426847e-03  2.156107120e-03  3.275580695e+00  9.999135805e-01  2.013397290e+00
14 3  9.920137941e-01  4.666666667e+00  2.052323920e-01  5.048089390e-01  5.035342595e+06  1.821989027e-02  3.429963673e+06  9.511549369e+01  6.085456451e-01  4.179956069e-03  1.832469540e-02  8.602025322e-03 -1.008359750e+01 -4.001184199e+00  5.523750769e-03  1.855585816e-03  5.265917173e+00  9.999403499e-01  1.884698456e+00
