11  2.151257296e-07
4 3  3.973181672e-01  1.333333333e+00  7.934999108e-01  5.057175833e-01  3.096779105e+08 -3.263966947e-02  3.417585197e+06  3.057691596e+02  1.383856115e+00  1.526172891e-03 -1.984828368e-02 -3.110760882e-02 -3.860860994e+00 -5.541281559e+00  8.042757353e-03  2.084618446e-03  9.915294623e-01  1.013279144e+00  2.670713576e+00
5 3  5.213276894e-01  1.666666667e+00  7.213910767e-01  5.057175833e-01  2.330562379e+08 -2.427038304e-02  3.417585197e+06  2.118512709e+02  1.316668976e+00  1.721633796e-03 -1.390343989e-02 -2.237024252e-02 -2.851151154e+00 -4.722459696e+00  8.242180092e-03  2.125033804e-03  1.044868740e+00  1.008465117e+00  2.790110776e+00
6 3  6.213278174e-01  2.000000000e+00  6.781056645e-01  5.057175833e-01  1.933526016e+08 -1.853754117e-02  3.417585197e+06  1.690160583e+02  1.328272334e+00  1.981177863e-03 -1.070046702e-02 -1.742561574e-02 -2.187528174e+00 -3.903388096e+00  8.433648485e-03  2.197792505e-03  1.124318605e+00  1.005470648e+00  2.762859008e+00
7 3  7.066490304e-01  2.333333333e+00  6.488633085e-01  5.057175833e-01  1.725467329e+08 -1.172287400e-02  3.417585197e+06  1.396133499e+02  1.354230133e+00  2.228353654e-03 -6.022307712e-03 -1.173171642e-02 -1.790219871e+00 -3.336503590e+00  8.665361529e-03  2.265135178e-03  1.213674395e+00  1.003367887e+00  2.687730396e+00
8 3  7.817106404e-01  2.666666667e+00  6.274643794e-01  5.057175833e-01  1.607496278e+08 -9.321802662e-03  3.417585197e+06  1.218809805e+02  1.384704234e+00  2.440872076e-03 -4.186559918e-03 -9.157996459e-03 -1.504110020e+00 -2.880735991e+00  8.861371781e-03  2.326391092e-03  1.312299469e+00  1.001656337e+00  2.597135195e+00
9 3  8.455969162e-01  3.000000000e+00  6.119305292e-01  5.057175833e-01  1.408937386e+08 -7.531369524e-03  3.417585197e+06  1.072475182e+02  1.332859299e+00  2.366233383e-03 -2.499233810e-03 -7.028435859e-03 -1.333891569e+00 -2.563109979e+00  8.640781104e-03  2.281800214e-03  1.436761996e+00  1.000334361e+00  2.493939112e+00
10 3  8.929692071e-01  3.333333333e+00  6.013364864e-01  5.057175833e-01  1.204936537e+08 -1.077461493e-03  3.417585197e+06  9.320682039e+01  1.219476157e+00  2.049486589e-03  4.023307300e-03 -4.157381379e-04 -1.236492165e+00 -2.420166538e+00  8.141400844e-03  2.144674029e-03  1.617573327e+00  9.995351466e-01  2.368396066e+00
11 3  9.274689816e-01  3.666666667e+00  5.930422809e-01  5.057175833e-01  1.118378965e+08  8.555533420e-03  3.417585197e+06  8.060468360e+01  1.241603647e+00  4.543306884e-03  2.607120757e-02  8.152529505e-03 -4.560498698e+00 -9.449367896e+00  8.351949265e-03  2.173526387e-03  1.915045520e+00  9.991734776e-01  2.235462477e+00
12 3  9.677923604e-01  4.000000000e+00  2.878565982e-01  5.057175833e-01  2.359769885e+07  2.099571640e-02  3.417585197e+06  9.208564848e+01  1.069149594e+00  1.256867158e-02  5.438368430e-02  1.636647354e-02 -3.368783923e+01 -1.566312995e+01  8.089540508e-03  2.384882271e-03  2.251888659e+00  9.998161512e-01  2.139640796e+00
13 3  9.836297775e-01  4.333333333e+00  2.282901949e-01  5.057175833e-01  9.147085365e+06  1.985564563e-02  3.417585197e+06  9.630755456e+01  7.975859799e-01  7.309629492e-03  2.555995124e-02  1.059181259e-02 -1.476614152e+01 -6.424279625e+00  6.741337335e-03  2.161174982e-03  3.275804903e+00  9.999122511e-01  2.007566699e+00
14 3  9.917000190e-01  4.666666667e+00  2.106819885e-01  5.057175833e-01  5.402905339e+06  1.638694022e-02  3.417585197e+06  9.348985483e+01  6.180391461e-01  4.301706370e-03  1.707034533e-02  7.012208482e-03 -1.137687117e+01 -4.049230288e+00  5.656066314e-03  1.871901528e-03  5.246209878e+00  9.999386347e-01  1.879513341e+00
