11  2.067997007e-07
4 3  3.961063425e-01  1.333333333e+00  8.631094242e-01  5.053342443e-01  3.341995571e+08 -3.417139332e-02  3.549794005e+06  3.361685762e+02  1.448810829e+00  1.630269632e-03 -2.309929599e-02 -3.325508514e-02 -3.133100453e+00 -5.542046833e+00  8.200854128e-03  2.149467021e-03  9.887265272e-01  1.014000178e+00  2.666602103e+00
5 3  5.272347982e-01  1.666666667e+00  7.878831244e-01  5.053342443e-01  2.399276386e+08 -2.433114680e-02  3.549794005e+06  2.236266444e+02  1.330159801e+00  1.791543599e-03 -1.465788981e-02 -2.246373180e-02 -2.921795013e+00 -4.530387744e+00  8.305423439e-03  2.153449860e-03  1.039461286e+00  1.008563336e+00  2.824266141e+00
6 3  6.294558507e-01  2.000000000e+00  7.350401755e-01  5.053342443e-01  1.977865490e+08 -1.895292567e-02  3.549794005e+06  1.777032540e+02  1.329257469e+00  2.033406764e-03 -1.125394794e-02 -1.757600971e-02 -2.612661021e+00 -3.647548302e+00  8.460205964e-03  2.213064193e-03  1.118605537e+00  1.005266149e+00  2.800679828e+00
7 3  7.155378071e-01  2.333333333e+00  6.948025239e-01  5.053342443e-01  1.774328092e+08 -1.397615853e-02  3.549794005e+06  1.490706754e+02  1.345714365e+00  2.231874575e-03 -8.197174267e-03 -1.364339078e-02 -2.391144386e+00 -3.060390382e+00  8.634324658e-03  2.266291586e-03  1.210482259e+00  1.003056654e+00  2.722879296e+00
8 3  7.891020444e-01  2.666666667e+00  6.630826083e-01  5.053342443e-01  1.647681160e+08 -1.033925908e-02  3.549794005e+06  1.307075455e+02  1.350330922e+00  2.322716557e-03 -4.782676364e-03 -9.647171207e-03 -2.217305993e+00 -2.637023976e+00  8.707124916e-03  2.290647721e-03  1.317030421e+00  1.001477246e+00  2.623328327e+00
9 3  8.498324741e-01  3.000000000e+00  6.384924758e-01  5.053342443e-01  1.466536684e+08 -7.990485638e-03  3.549794005e+06  1.141686165e+02  1.297940879e+00  2.222817289e-03 -2.339871641e-03 -6.945727970e-03 -2.151482312e+00 -2.382368739e+00  8.488452645e-03  2.235380752e-03  1.452303395e+00  1.000368411e+00  2.508529215e+00
10 3  8.961195775e-01  3.333333333e+00  6.198499140e-01  5.053342443e-01  1.301225011e+08 -3.655027174e-03  3.549794005e+06  9.876043748e+01  1.222951287e+00  2.163568507e-03  2.599678173e-03 -2.626899919e-03 -2.130493507e+00 -2.684409790e+00  8.176606780e-03  2.139174744e-03  1.642468734e+00  9.996421179e-01  2.378914822e+00
11 3  9.322127598e-01  3.666666667e+00  6.087684533e-01  5.053342443e-01  1.221760496e+08  5.579696336e-03  3.549794005e+06  8.529210023e+01  1.333715123e+00  6.446968216e-03  3.316178102e-02  7.284343804e-03 -9.323918395e+00 -1.336772389e+01  8.832819062e-03  2.291578645e-03  1.940759077e+00  9.992460902e-01  2.248864022e+00
12 3  9.697741192e-01  4.000000000e+00  3.064206870e-01  5.053342443e-01  2.157937561e+07  1.851142631e-02  3.549794005e+06  9.393678330e+01  1.012611620e+00  1.113216256e-02  4.590089198e-02  1.338979586e-02 -2.497117852e+01 -1.499422175e+01  7.785765352e-03  2.311885340e-03  2.342581429e+00  9.998309475e-01  2.145775586e+00
13 3  9.845743319e-01  4.333333333e+00  2.535107926e-01  5.053342443e-01  8.860368123e+06  1.873082389e-02  3.549794005e+06  9.606310592e+01  7.792973734e-01  7.388100980e-03  2.508790942e-02  9.961630804e-03 -1.540059963e+01 -6.797834188e+00  6.584634568e-03  2.123978033e-03  3.463843660e+00  9.999070942e-01  2.011097785e+00
14 3  9.923905538e-01  4.666666667e+00  2.330548790e-01  5.053342443e-01  5.053860459e+06  1.683560113e-02  3.549794005e+06  9.326349953e+01  5.976357124e-01  4.396827158e-03  1.799435047e-02  7.482122737e-03 -1.293477627e+01 -4.373663259e+00  5.474639036e-03  1.829990418e-03  5.712397173e+00  9.999379574e-01  1.882331115e+00
