11  2.054918549e-07
4 3  4.063489054e-01  1.333333333e+00  8.593761792e-01  5.044283457e-01  3.270267461e+08 -3.349488642e-02  3.559589791e+06  3.354040064e+02  1.420136363e+00  1.599562747e-03 -2.269716637e-02 -3.244024484e-02 -3.176309234e+00 -5.414428447e+00  8.210720262e-03  2.142400552e-03  9.930309491e-01  1.013822486e+00  2.719466093e+00
5 3  5.340576091e-01  1.666666667e+00  7.845625019e-01  5.044283457e-01  2.343339380e+08 -2.371496709e-02  3.559589791e+06  2.275893507e+02  1.300981515e+00  1.745381107e-03 -1.407493148e-02 -2.185349310e-02 -2.952205353e+00 -4.582297888e+00  8.225544046e-03  2.132354550e-03  1.046843899e+00  1.008451956e+00  2.844172555e+00
6 3  6.335488616e-01  2.000000000e+00  7.319797111e-01  5.044283457e-01  1.952393322e+08 -1.873474644e-02  3.559589791e+06  1.800328511e+02  1.313391012e+00  2.030083496e-03 -1.091869941e-02 -1.739101282e-02 -2.661797794e+00 -3.785374063e+00  8.424803852e-03  2.201903106e-03  1.128402013e+00  1.005325128e+00  2.802967282e+00
7 3  7.193745003e-01  2.333333333e+00  6.905638198e-01  5.044283457e-01  1.762005990e+08 -1.352426476e-02  3.559589791e+06  1.511643465e+02  1.350199438e+00  2.324447299e-03 -7.504616618e-03 -1.314266293e-02 -2.455571438e+00 -3.217642728e+00  8.686999906e-03  2.280244250e-03  1.219977043e+00  1.003171155e+00  2.722166351e+00
8 3  7.943900993e-01  2.666666667e+00  6.571421468e-01  5.044283457e-01  1.612964824e+08 -9.933438549e-03  3.559589791e+06  1.323591351e+02  1.360550665e+00  2.462355301e-03 -4.172096874e-03 -9.146248395e-03 -2.257958037e+00 -2.747896513e+00  8.791055866e-03  2.316617777e-03  1.327196278e+00  1.001565507e+00  2.626067114e+00
9 3  8.555238203e-01  3.000000000e+00  6.323064703e-01  5.044283457e-01  1.389720218e+08 -6.898278613e-03  3.559589791e+06  1.149695267e+02  1.280150976e+00  2.247680086e-03 -1.384148978e-03 -5.966191444e-03 -1.961981237e+00 -2.491181503e+00  8.463095992e-03  2.231724242e-03  1.471720306e+00  1.000436429e+00  2.511086771e+00
10 3  8.993830890e-01  3.333333333e+00  6.261638402e-01  5.044283457e-01  1.200681467e+08  3.828437055e-04  3.559589791e+06  9.849832471e+01  1.165875295e+00  1.477793437e-03  9.926939817e-04 -1.711095235e-03  2.089989851e+00 -2.635615723e+00  7.978083748e-03  2.086351195e-03  1.687065008e+00  9.997124751e-01  2.374118843e+00
11 3  9.307590627e-01  3.666666667e+00  6.524473608e-01  5.044283457e-01  1.151817691e+08  5.870420489e-03  3.559589791e+06  8.535853183e+01  1.169019711e+00  3.511999852e-03  1.844830886e-02  4.854466565e-03 -3.008397974e+00 -7.705383962e+00  8.076483146e-03  2.085189165e-03  2.047050164e+00  9.993003749e-01  2.232663460e+00
12 3  9.705468489e-01  4.000000000e+00  3.463636797e-01  5.044283457e-01  3.091063935e+07  1.631163172e-02  3.559589791e+06  9.310976751e+01  1.062492198e+00  1.156687211e-02  5.686002160e-02  1.150385519e-02 -3.170913717e+01 -2.068092668e+01  7.978628608e-03  2.285560004e-03  2.413524291e+00  9.997838363e-01  2.135128389e+00
13 3  9.857814861e-01  4.333333333e+00  2.746428297e-01  5.044283457e-01  9.803511022e+06  1.904232462e-02  3.559589791e+06  9.623404774e+01  7.691613435e-01  7.970483299e-03  3.005650309e-02  9.113534638e-03 -1.982042744e+01 -9.608151219e+00  6.468567493e-03  2.074653303e-03  3.586566998e+00  9.999007489e-01  2.002058783e+00
14 3  9.932182871e-01  4.666666667e+00  2.495824035e-01  5.044283457e-01  5.116062434e+06  1.788744510e-02  3.559589791e+06  9.334097776e+01  5.840220801e-01  4.770470978e-03  2.058831941e-02  7.154315035e-03 -1.630896478e+01 -5.698428159e+00  5.335292974e-03  1.794796841e-03  5.979155845e+00  9.999441278e-01  1.873160676e+00
