11  2.181630396e-07
4 3  4.192906555e-01  1.333333333e+00  7.450535251e-01  5.061064517e-01  3.174834696e+08 -3.177641464e-02  3.375189565e+06  3.231659816e+02  1.396640420e+00  1.683301701e-03 -1.767834945e-02 -2.969177718e-02 -4.138544094e+00 -6.161863821e+00  8.311427507e-03  2.142195125e-03  9.970864644e-01  1.014736761e+00  2.719238715e+00
5 3  5.487222422e-01  1.666666667e+00  6.701941560e-01  5.061064517e-01  2.156402861e+08 -2.267669734e-02  3.375189565e+06  2.268061098e+02  1.294367312e+00  1.810887665e-03 -1.240448527e-02 -2.072232740e-02 -2.703847359e+00 -4.920983067e+00  8.313003589e-03  2.156465288e-03  1.054752967e+00  1.008922030e+00  2.830602682e+00
6 3  6.493829995e-01  2.000000000e+00  6.313658297e-01  5.061064517e-01  1.738736473e+08 -1.648048221e-02  3.375189565e+06  1.781722073e+02  1.298141409e+00  2.042291095e-03 -9.353364654e-03 -1.571519604e-02 -1.893362751e+00 -3.939569013e+00  8.474583543e-03  2.222752144e-03  1.138805741e+00  1.005581145e+00  2.782310117e+00
7 3  7.347484582e-01  2.333333333e+00  6.075216115e-01  5.061064517e-01  1.561032066e+08 -1.012248949e-02  3.375189565e+06  1.448628379e+02  1.332587808e+00  2.299524798e-03 -5.194399770e-03 -1.044477977e-02 -1.411115035e+00 -3.291555410e+00  8.781305452e-03  2.302028656e-03  1.231651722e+00  1.003307042e+00  2.692236778e+00
8 3  8.096847720e-01  2.666666667e+00  5.923091970e-01  5.061064517e-01  1.401001355e+08 -7.369198524e-03  3.375189565e+06  1.238402077e+02  1.338752540e+00  2.413337948e-03 -2.964800244e-03 -7.357348854e-03 -9.044633211e-01 -2.805721209e+00  8.877846204e-03  2.337004085e-03  1.338557705e+00  1.001531292e+00  2.591368982e+00
9 3  8.679741095e-01  3.000000000e+00  5.912563865e-01  5.061064517e-01  1.172034276e+08 -3.012589925e-03  3.375189565e+06  1.067926403e+02  1.229965692e+00  1.832563167e-03 -1.288793556e-03 -4.261707802e-03  1.349822566e+00 -2.535098158e+00  8.367160988e-03  2.215017989e-03  1.483576297e+00  1.000256556e+00  2.466121201e+00
10 3  9.108365358e-01  3.333333333e+00  5.991309296e-01  5.061064517e-01  1.109275605e+08  1.088522181e-03  3.375189565e+06  9.090849228e+01  1.233974815e+00  3.128963812e-03  1.111928477e-02  3.359930965e-03 -4.806894904e+00 -3.466411025e+00  8.416817729e-03  2.211659703e-03  1.713931086e+00  9.994762589e-01  2.327296274e+00
11 3  9.561730565e-01  3.666666667e+00  3.713674046e-01  5.061064517e-01  5.014161283e+07  1.151126752e-02  3.375189565e+06  9.100086476e+01  1.151421609e+00  1.084470386e-02  6.896569260e-02  1.539338475e-02 -3.823141247e+01 -2.244994039e+01  8.562091912e-03  2.309122642e-03  2.014968813e+00  9.996970957e-01  2.221523930e+00
12 3  9.779413021e-01  4.000000000e+00  2.710491598e-01  5.061064517e-01  1.463502251e+07  1.842250524e-02  3.375189565e+06  9.696799316e+01  8.676287905e-01  8.700279355e-03  3.429061525e-02  1.072280919e-02 -1.892929299e+01 -1.097099349e+01  7.303613252e-03  2.205471878e-03  2.859388867e+00  9.998979105e-01  2.083175945e+00
13 3  9.891626816e-01  4.333333333e+00  2.401122133e-01  5.061064517e-01  7.034359586e+06  1.553165129e-02  3.375189565e+06  9.638524744e+01  6.713613890e-01  5.674514497e-03  2.034686625e-02  6.871471794e-03 -1.405692918e+01 -5.927562951e+00  6.162728796e-03  1.975047663e-03  4.576359283e+00  9.999509172e-01  1.945099413e+00
14 3  9.946946934e-01  4.666666667e+00  2.277891293e-01  5.061064517e-01  4.293628115e+06  1.398630521e-02  3.375189565e+06  9.084749985e+01  5.155299495e-01  3.335979725e-03  1.540133056e-02  5.137132816e-03 -1.225910928e+01 -4.180271280e+00  5.107488928e-03  1.679469576e-03  7.703935819e+00  9.999744013e-01  1.816307585e+00
