11  2.159398092e-07
4 3  4.224140988e-01  1.333333333e+00  7.702667025e-01  5.071948742e-01  3.083085821e+08 -3.031703737e-02  3.424621643e+06  3.284726087e+02  1.381597504e+00  1.691947024e-03 -1.707994069e-02 -2.854171416e-02 -3.886638340e+00 -6.187226595e+00  8.273907890e-03  2.142235199e-03  9.951816635e-01  1.014849847e+00  2.719902141e+00
5 3  5.506365274e-01  1.666666667e+00  6.955650828e-01  5.071948742e-01  2.147717689e+08 -2.224528878e-02  3.424621643e+06  2.331299699e+02  1.289480306e+00  1.788623720e-03 -1.257748296e-02 -2.028447688e-02 -2.795821867e+00 -4.529290532e+00  8.291543112e-03  2.161033757e-03  1.054094539e+00  1.008964160e+00  2.819965711e+00
6 3  6.511886514e-01  2.000000000e+00  6.526497644e-01  5.071948742e-01  1.776574792e+08 -1.697552943e-02  3.424621643e+06  1.820981336e+02  1.298611597e+00  1.983214289e-03 -1.004316593e-02 -1.591002526e-02 -2.138163969e+00 -3.503827114e+00  8.476925467e-03  2.226304581e-03  1.137154784e+00  1.005509090e+00  2.769584683e+00
7 3  7.375367062e-01  2.333333333e+00  6.241106508e-01  5.071948742e-01  1.638419669e+08 -1.131356117e-02  3.424621643e+06  1.492621227e+02  1.339996918e+00  2.180214922e-03 -6.748941719e-03 -1.148067678e-02 -1.604214985e+00 -2.855770332e+00  8.794247500e-03  2.306491345e-03  1.227457530e+00  1.003104255e+00  2.682283924e+00
8 3  8.122381571e-01  2.666666667e+00  6.105373271e-01  5.071948742e-01  1.491846510e+08 -7.120635078e-03  3.424621643e+06  1.289409570e+02  1.315449961e+00  1.951637533e-03 -4.434894356e-03 -7.791231655e-03 -6.673200011e-02 -2.434626647e+00  8.732380365e-03  2.295834604e-03  1.333442604e+00  1.001270619e+00  2.579989557e+00
9 3  8.678621108e-01  3.000000000e+00  6.263021253e-01  5.071948742e-01  1.294722216e+08  6.832516921e-05  3.424621643e+06  1.097098116e+02  1.201377068e+00  1.149297014e-03 -1.097087492e-03 -2.568021782e-03  3.336450561e+00 -2.283798869e+00  8.191114247e-03  2.156081130e-03  1.479213842e+00  1.000014464e+00  2.447302056e+00
10 3  9.116959405e-01  3.333333333e+00  6.178618580e-01  5.071948742e-01  1.290690769e+08 -4.294800732e-03  3.424621643e+06  9.284016584e+01  1.309285889e+00  4.678356308e-03  1.951254636e-02  4.113673946e-03 -1.364095896e+01 -5.420856044e+00  8.719429457e-03  2.279642647e-03  1.694612766e+00  9.993069700e-01  2.312181980e+00
11 3  9.569522608e-01  3.666666667e+00  3.632067713e-01  5.071948742e-01  4.056471240e+07  1.321877251e-02  3.424621643e+06  9.175841684e+01  1.106959282e+00  1.090472611e-02  6.531749994e-02  1.649713123e-02 -3.526284377e+01 -2.131508783e+01  8.249845372e-03  2.291797699e-03  2.001938099e+00  9.996946263e-01  2.207181361e+00
12 3  9.778657259e-01  4.000000000e+00  2.632523079e-01  5.071948742e-01  1.335740955e+07  2.392522672e-02  3.424621643e+06  1.003854112e+02  8.587869810e-01  8.592030380e-03  3.758165591e-02  1.576302562e-02 -2.040898591e+01 -9.856069729e+00  7.116061195e-03  2.206315895e-03  2.824893986e+00  9.998903633e-01  2.067870967e+00
13 3  9.889595845e-01  4.333333333e+00  2.289382063e-01  5.071948742e-01  6.816348087e+06  2.106938332e-02  3.424621643e+06  1.018585091e+02  6.723902853e-01  5.591498438e-03  2.447586665e-02  1.139149562e-02 -1.544868756e+01 -5.563155336e+00  6.034830633e-03  1.980609947e-03  4.458308393e+00  9.999494578e-01  1.930573388e+00
14 3  9.945948980e-01  4.666666667e+00  2.147604152e-01  5.071948742e-01  4.253262023e+06  1.862217430e-02  3.424621643e+06  9.711271727e+01  5.180536167e-01  3.295893988e-03  1.872723073e-02  8.461870007e-03 -1.352093752e+01 -4.041123809e+00  5.008866677e-03  1.685760913e-03  7.530113561e+00  9.999750028e-01  1.802936412e+00
