11  2.184737652e-07
4 3  4.203112731e-01  1.333333333e+00  7.481723944e-01  5.065362194e-01  3.128696533e+08 -3.136991161e-02  3.376115644e+06  3.214466722e+02  1.390163552e+00  1.695439990e-03 -1.728952832e-02 -2.932808887e-02 -4.132733368e+00 -6.242792146e+00  8.302166732e-03  2.140952961e-03  9.967369131e-01  1.014770265e+00  2.718777769e+00
5 3  5.492643527e-01  1.666666667e+00  6.729843778e-01  5.065362194e-01  2.136250904e+08 -2.271859779e-02  3.376115644e+06  2.277247068e+02  1.292780523e+00  1.813126265e-03 -1.254581346e-02 -2.072465955e-02 -2.761766916e+00 -4.801186700e+00  8.305990888e-03  2.158931161e-03  1.054813579e+00  1.008947093e+00  2.826016762e+00
6 3  6.497994076e-01  2.000000000e+00  6.329803346e-01  5.065362194e-01  1.735004486e+08 -1.674828921e-02  3.376115644e+06  1.784700519e+02  1.297419045e+00  2.025457443e-03 -9.666367600e-03 -1.587923853e-02 -1.977927231e+00 -3.786218757e+00  8.472133687e-03  2.223934850e-03  1.138550042e+00  1.005586827e+00  2.776786992e+00
7 3  7.354425355e-01  2.333333333e+00  6.079201434e-01  5.065362194e-01  1.575161133e+08 -1.051713623e-02  3.376115644e+06  1.450865235e+02  1.336502034e+00  2.265815221e-03 -5.741414328e-03 -1.081147785e-02 -1.463217404e+00 -3.131621851e+00  8.798007928e-03  2.306148227e-03  1.230161927e+00  1.003269638e+00  2.687591780e+00
8 3  8.106066065e-01  2.666666667e+00  5.937270935e-01  5.065362194e-01  1.422730207e+08 -7.307384678e-03  3.376115644e+06  1.246182508e+02  1.333162383e+00  2.253805152e-03 -3.578193528e-03 -7.575754365e-03 -5.524311046e-01 -2.663069215e+00  8.844958877e-03  2.327026337e-03  1.336165036e+00  1.001447401e+00  2.587278777e+00
9 3  8.679491877e-01  3.000000000e+00  6.004288708e-01  5.065362194e-01  1.202486714e+08 -1.599672497e-03  3.376115644e+06  1.071382443e+02  1.216949194e+00  1.523124907e-03 -1.376112182e-03 -3.611884963e-03  2.449817970e+00 -2.431735924e+00  8.291578461e-03  2.191814683e-03  1.481624902e+00  1.000161011e+00  2.459329065e+00
10 3  9.109582319e-01  3.333333333e+00  6.055335121e-01  5.065362194e-01  1.171290418e+08 -1.069764183e-03  3.376115644e+06  9.094666563e+01  1.264478350e+00  3.695589187e-03  1.382838758e-02  3.615616889e-03 -8.248970791e+00 -3.905693847e+00  8.537618432e-03  2.240670504e-03  1.707728047e+00  9.994076006e-01  2.321325504e+00
11 3  9.563263523e-01  3.666666667e+00  3.697853542e-01  5.065362194e-01  4.813729346e+07  1.252647405e-02  3.376115644e+06  9.046471044e+01  1.136601190e+00  1.066404810e-02  6.865766164e-02  1.600703984e-02 -3.687764012e+01 -2.232367259e+01  8.464681986e-03  2.294110559e-03  2.014565691e+00  9.996924364e-01  2.216025607e+00
12 3  9.778751064e-01  4.000000000e+00  2.675263859e-01  5.065362194e-01  1.445505361e+07  2.048406322e-02  3.376115644e+06  9.753057458e+01  8.626672843e-01  8.613474066e-03  3.651119945e-02  1.263678714e-02 -1.998762015e+01 -1.094128904e+01  7.238750767e-03  2.196070797e-03  2.850659645e+00  9.998949843e-01  2.077549903e+00
13 3  9.890671980e-01  4.333333333e+00  2.350836756e-01  5.065362194e-01  7.030854951e+06  1.752131713e-02  3.376115644e+06  9.775967301e+01  6.697445268e-01  5.623092043e-03  2.234190987e-02  8.589031172e-03 -1.471368468e+01 -5.969793627e+00  6.115154724e-03  1.970255364e-03  4.560661102e+00  9.999533949e-01  1.939800808e+00
14 3  9.946153911e-01  4.666666667e+00  2.221946021e-01  5.065362194e-01  4.325239595e+06  1.562664152e-02  3.376115644e+06  9.247834214e+01  5.172552653e-01  3.343292779e-03  1.698146132e-02  6.464891411e-03 -1.275042979e+01 -4.232928861e+00  5.085306597e-03  1.682234313e-03  7.686865417e+00  9.999771463e-01  1.811390745e+00
