11  2.166349697e-07
4 3  4.217855854e-01  1.333333333e+00  7.640352224e-01  5.069565563e-01  3.096299530e+08 -3.060822142e-02  3.410425161e+06  3.261089022e+02  1.384733833e+00  1.696622821e-03 -1.712025891e-02 -2.876073372e-02 -3.955292237e+00 -6.218673623e+00  8.286223749e-03  2.142668082e-03  9.957420408e-01  1.014827633e+00  2.720003191e+00
5 3  5.502222286e-01  1.666666667e+00  6.892094865e-01  5.069565563e-01  2.140483353e+08 -2.236591196e-02  3.410425161e+06  2.315000770e+02  1.290283398e+00  1.798339691e-03 -1.255257556e-02 -2.039520171e-02 -2.785495876e+00 -4.611328887e+00  8.294977600e-03  2.160625722e-03  1.054382033e+00  1.008960647e+00  2.822199704e+00
6 3  6.507246542e-01  2.000000000e+00  6.471693315e-01  5.069565563e-01  1.760645199e+08 -1.689448727e-02  3.410425161e+06  1.809955523e+02  1.297904658e+00  1.997361833e-03 -9.925939723e-03 -1.588908067e-02 -2.092151980e+00 -3.584949085e+00  8.473873555e-03  2.225623529e-03  1.137673573e+00  1.005540106e+00  2.771984485e+00
7 3  7.368422264e-01  2.333333333e+00  6.196522400e-01  5.069565563e-01  1.617282243e+08 -1.108136939e-02  3.410425161e+06  1.479178043e+02  1.339277185e+00  2.208858513e-03 -6.460921312e-03 -1.128583410e-02 -1.565119348e+00 -2.933465913e+00  8.797922102e-03  2.307187274e-03  1.228340468e+00  1.003164013e+00  2.684069747e+00
8 3  8.117369399e-01  2.666666667e+00  6.058749724e-01  5.069565563e-01  1.469514947e+08 -7.183229987e-03  3.410425161e+06  1.275681383e+02  1.321236765e+00  2.041997765e-03 -4.200991326e-03 -7.736250831e-03 -2.039351163e-01 -2.497635665e+00  8.769611956e-03  2.306164946e-03  1.334312607e+00  1.001329896e+00  2.582544971e+00
9 3  8.678755656e-01  3.000000000e+00  6.193382818e-01  5.069565563e-01  1.265134521e+08 -3.424450842e-04  3.410425161e+06  1.088871455e+02  1.205690312e+00  1.244343098e-03 -1.201805554e-03 -2.849699934e-03  3.162415378e+00 -2.322889839e+00  8.220271540e-03  2.166643211e-03  1.480087274e+00  1.000060658e+00  2.451244778e+00
10 3  9.114659059e-01  3.333333333e+00  6.159443952e-01  5.069565563e-01  1.255949794e+08 -3.291270468e-03  3.410425161e+06  9.221273561e+01  1.297471365e+00  4.396361011e-03  1.770240705e-02  3.970682956e-03 -1.201583205e+01 -4.919011828e+00  8.672809246e-03  2.270136759e-03  1.698772956e+00  9.993365315e-01  2.315248326e+00
11 3  9.567896946e-01  3.666666667e+00  3.664492871e-01  5.069565563e-01  4.288995174e+07  1.299876280e-02  3.410425161e+06  9.131475431e+01  1.114743661e+00  1.079155529e-02  6.628173478e-02  1.630104853e-02 -3.573676726e+01 -2.165139626e+01  8.310805379e-03  2.289965802e-03  2.006691874e+00  9.996938503e-01  2.210223598e+00
12 3  9.778892795e-01  4.000000000e+00  2.654251372e-01  5.069565563e-01  1.371448838e+07  2.283277487e-02  3.410425161e+06  9.941364216e+01  8.592828714e-01  8.596702339e-03  3.728840840e-02  1.477793338e-02 -2.037391767e+01 -1.022304350e+01  7.150518539e-03  2.201530955e-03  2.832998765e+00  9.998919184e-01  2.071127734e+00
13 3  9.889444132e-01  4.333333333e+00  2.317051844e-01  5.069565563e-01  6.895304197e+06  2.001284444e-02  3.410425161e+06  1.004332068e+02  6.706571591e-01  5.594280205e-03  2.393436274e-02  1.058714744e-02 -1.529809493e+01 -5.717589711e+00  6.053263360e-03  1.974922947e-03  4.486173047e+00  9.999508641e-01  1.933537396e+00
14 3  9.945939735e-01  4.666666667e+00  2.177769716e-01  5.069565563e-01  4.295049433e+06  1.772180727e-02  3.410425161e+06  9.554972362e+01  5.192564012e-01  3.333494716e-03  1.826471031e-02  7.905746096e-03 -1.332699910e+01 -4.110534791e+00  5.041385715e-03  1.687634052e-03  7.589988377e+00  9.999760036e-01  1.805729750e+00
