10  2.245489281e-07
4 3  4.339407319e-01  1.333333333e+00  6.853271498e-01  5.074375440e-01  3.204838405e+08 -3.353228347e-02  3.296475140e+06  3.429819078e+02  1.377906389e+00  1.631902877e-03 -1.838439873e-02 -3.051890676e-02 -4.616167111e+00 -5.800654278e+00  8.325651144e-03  2.145271765e-03  9.937192674e-01  1.015765217e+00  2.727599317e+00
5 3  5.656759326e-01  1.666666667e+00  6.067353856e-01  5.074375440e-01  2.193483848e+08 -2.646531910e-02  3.296475140e+06  2.415327870e+02  1.290358735e+00  1.768588830e-03 -1.583020327e-02 -2.430241332e-02 -2.807886737e+00 -4.856752654e+00  8.351395224e-03  2.168023057e-03  1.055968038e+00  1.009276178e+00  2.826340815e+00
6 3  6.689943224e-01  2.000000000e+00  5.681351149e-01  5.074375440e-01  1.778486234e+08 -1.833291156e-02  3.296475140e+06  1.872637575e+02  1.298506812e+00  2.006150316e-03 -1.113549860e-02 -1.766151672e-02 -1.854643866e+00 -4.009231410e+00  8.562432313e-03  2.239649432e-03  1.140252839e+00  1.005470542e+00  2.774963934e+00
7 3  7.573087759e-01  2.333333333e+00  5.458649341e-01  5.074375440e-01  1.587504717e+08 -1.094306655e-02  3.296475140e+06  1.555398235e+02  1.329594089e+00  2.238851729e-03 -5.828844799e-03 -1.112382152e-02 -1.267603740e+00 -3.348722635e+00  8.827566723e-03  2.318367573e-03  1.232546579e+00  1.002814813e+00  2.685421739e+00
8 3  8.316268614e-01  2.666666667e+00  5.332164879e-01  5.074375440e-01  1.361229329e+08 -9.087235041e-03  3.296475140e+06  1.323552556e+02  1.287781304e+00  2.177898492e-03 -4.612224419e-03 -9.020565595e-03 -7.894922809e-01 -2.830116469e+00  8.676341470e-03  2.293794078e-03  1.350441637e+00  1.000965543e+00  2.575576532e+00
9 3  8.851724304e-01  3.000000000e+00  5.329391157e-01  5.074375440e-01  1.117724911e+08 -1.151323204e-03  3.296475140e+06  1.109771262e+02  1.148013071e+00  1.507558712e-03  1.539690860e-04 -2.759271670e-03  1.647251109e+00 -2.633057341e+00  8.036718554e-03  2.122530880e-03  1.526393685e+00  9.999220031e-01  2.434267522e+00
10 3  9.211801325e-01  3.333333333e+00  5.459930739e-01  5.074375440e-01  1.015394433e+08  4.474767357e-03  3.296475140e+06  9.294410774e+01  1.074976355e+00  2.030997089e-03  1.153300325e-02  4.934886639e-03 -3.242875364e+00 -3.053515347e+00  7.728540481e-03  2.013702747e-03  1.823657836e+00  9.994362672e-01  2.278853873e+00
11 3  9.565294832e-01  3.666666667e+00  3.791397291e-01  5.074375440e-01  9.550762421e+07  7.983012203e-03  3.296475140e+06  9.047616848e+01  1.247597733e+00  7.750672156e-03  7.047778544e-02  1.438733114e-02 -4.341219467e+01 -1.509532003e+01  8.829708283e-03  2.246057288e-03  2.218179634e+00  9.995270900e-01  2.151379644e+00
12 3  9.817193716e-01  4.000000000e+00  2.503928400e-01  5.074375440e-01  1.558162987e+07  2.375206994e-02  3.296475140e+06  9.947530281e+01  8.517192230e-01  9.922264517e-03  5.782568318e-02  1.360674847e-02 -2.067439870e+01 -2.151317322e+01  7.038653205e-03  2.132709224e-03  3.062864750e+00  9.998577538e-01  2.024702148e+00
13 3  9.915442025e-01  4.333333333e+00  2.218114238e-01  5.074375440e-01  5.733920360e+06  1.988343462e-02  3.296475140e+06  9.883929795e+01  6.095518429e-01  5.669371878e-03  2.706332973e-02  8.753008057e-03 -1.569323391e+01 -8.146423452e+00  5.605747288e-03  1.869095051e-03  5.019497605e+00  9.999556414e-01  1.887844732e+00
