10  2.259997726e-07
4 3  4.334402586e-01  1.333333333e+00  6.905665024e-01  5.072469390e-01  3.123800004e+08 -3.420891171e-02  3.272852751e+06  3.315252999e+02  1.387775912e+00  1.705176059e-03 -1.890330475e-02 -3.119672642e-02 -4.689351967e+00 -5.890386258e+00  8.363022197e-03  2.158620090e-03  9.946209767e-01  1.015645997e+00  2.734180233e+00
5 3  5.656118272e-01  1.666666667e+00  6.112534985e-01  5.072469390e-01  2.124679703e+08 -2.618842352e-02  3.272852751e+06  2.371477832e+02  1.289834786e+00  1.807022498e-03 -1.563678443e-02 -2.404596021e-02 -2.862479337e+00 -4.782860758e+00  8.341266365e-03  2.172831027e-03  1.055932839e+00  1.009152302e+00  2.836094619e+00
6 3  6.691668340e-01  2.000000000e+00  5.722370019e-01  5.072469390e-01  1.730432156e+08 -1.872615678e-02  3.272852751e+06  1.831651702e+02  1.302207481e+00  2.050769737e-03 -1.155433979e-02 -1.796336884e-02 -1.895217754e+00 -3.893270280e+00  8.577345953e-03  2.249372337e-03  1.139248012e+00  1.005325144e+00  2.785513227e+00
7 3  7.579276886e-01  2.333333333e+00  5.496977779e-01  5.072469390e-01  1.543694819e+08 -1.112151245e-02  3.272852751e+06  1.503652783e+02  1.330240386e+00  2.259388966e-03 -6.161191290e-03 -1.129379741e-02 -1.279780601e+00 -3.212608479e+00  8.848278562e-03  2.324061882e-03  1.231520211e+00  1.002675620e+00  2.697153793e+00
8 3  8.318149530e-01  2.666666667e+00  5.378557485e-01  5.072469390e-01  1.328448390e+08 -8.534634946e-03  3.272852751e+06  1.287554985e+02  1.279282999e+00  2.116378031e-03 -4.530737408e-03 -8.675370416e-03 -6.126753919e-01 -2.701867447e+00  8.646307831e-03  2.285904435e-03  1.351836056e+00  1.000873318e+00  2.585421587e+00
9 3  8.843002213e-01  3.000000000e+00  5.396640897e-01  5.072469390e-01  1.099702274e+08 -1.516359366e-03  3.272852751e+06  1.096376969e+02  1.136477933e+00  1.436366105e-03 -4.543728492e-04 -3.173062139e-03  1.639956230e+00 -2.466256010e+00  7.957527155e-03  2.107110667e-03  1.531950007e+00  9.998611703e-01  2.440689033e+00
10 3  9.199735180e-01  3.333333333e+00  5.484337408e-01  5.072469390e-01  1.014390300e+08  3.451609564e-03  3.272852751e+06  9.299212424e+01  1.065990923e+00  1.691184416e-03  9.281881436e-03  4.430219877e-03 -3.508377273e+00 -1.817940122e+00  7.628896860e-03  1.996032783e-03  1.829967507e+00  9.993921840e-01  2.284161449e+00
11 3  9.538373168e-01  3.666666667e+00  4.045402094e-01  5.072469390e-01  1.135577912e+08  5.746950037e-03  3.272852751e+06  8.795108275e+01  1.315490537e+00  8.041005904e-03  7.286429888e-02  1.485701548e-02 -4.558958594e+01 -1.435915482e+01  9.040033327e-03  2.283664611e-03  2.224741978e+00  9.994380446e-01  2.153044589e+00
12 3  9.815979975e-01  4.000000000e+00  2.477941688e-01  5.072469390e-01  1.456312888e+07  2.709931707e-02  3.272852751e+06  9.928351733e+01  8.593023922e-01  1.053879045e-02  5.811902494e-02  1.591762412e-02 -2.327932976e+01 -2.000446189e+01  7.061401194e-03  2.169619198e-03  3.024084161e+00  9.998536350e-01  2.031909544e+00
13 3  9.916165234e-01  4.333333333e+00  2.153182816e-01  5.072469390e-01  5.518258537e+06  2.311921231e-02  3.272852751e+06  9.978888583e+01  6.144380764e-01  5.656601751e-03  2.757952832e-02  1.082665653e-02 -1.758320298e+01 -7.105983603e+00  5.629254708e-03  1.890807355e-03  4.984739445e+00  9.999491057e-01  1.894932836e+00
