10  2.235938730e-07
4 3  4.373592493e-01  1.333333333e+00  6.865101918e-01  5.076800363e-01  3.127308710e+08 -3.139502235e-02  3.313720477e+06  3.625890921e+02  1.375195938e+00  1.683993581e-03 -1.628774078e-02 -2.844402117e-02 -4.577539574e+00 -5.995849632e+00  8.294592785e-03  2.156774942e-03  9.926403565e-01  1.016007949e+00  2.724924268e+00
5 3  5.711119690e-01  1.666666667e+00  6.049219801e-01  5.076800363e-01  2.135064309e+08 -2.384841743e-02  3.313720477e+06  2.508898196e+02  1.295101550e+00  1.832510764e-03 -1.347523304e-02 -2.168241901e-02 -2.905670099e+00 -4.703458251e+00  8.396164505e-03  2.192984402e-03  1.056691444e+00  1.009316108e+00  2.827857161e+00
6 3  6.753147445e-01  2.000000000e+00  5.633079750e-01  5.076800363e-01  1.717919404e+08 -1.585105220e-02  3.313720477e+06  1.947765157e+02  1.288472274e+00  1.999753670e-03 -8.861754997e-03 -1.505780781e-02 -2.005773164e+00 -3.742075845e+00  8.546849030e-03  2.247451026e-03  1.144255175e+00  1.005472495e+00  2.775902341e+00
7 3  7.614655721e-01  2.333333333e+00  5.387540383e-01  5.076800363e-01  1.530756518e+08 -9.797126602e-03  3.313720477e+06  1.620296349e+02  1.299136432e+00  2.124580532e-03 -4.757635324e-03 -9.814222668e-03 -1.477195274e+00 -3.095700577e+00  8.701902607e-03  2.294851370e-03  1.243731171e+00  1.002931012e+00  2.676099765e+00
8 3  8.324518919e-01  2.666666667e+00  5.236296843e-01  5.076800363e-01  1.340078014e+08 -7.824813802e-03  3.313720477e+06  1.381641275e+02  1.260355947e+00  2.062362128e-03 -3.247157132e-03 -7.632098982e-03 -1.095108270e+00 -2.681663614e+00  8.546839947e-03  2.264337910e-03  1.366014276e+00  1.001147943e+00  2.555326647e+00
9 3  8.856576534e-01  3.000000000e+00  5.175369302e-01  5.076800363e-01  1.152969643e+08 -2.725061596e-03  3.313720477e+06  1.165797816e+02  1.172116538e+00  1.799568152e-03  9.482942462e-04 -3.027109540e-03 -1.984267200e-01 -2.636643463e+00  8.136296869e-03  2.152966104e-03  1.540177327e+00  1.000031547e+00  2.413882232e+00
10 3  9.273773756e-01  3.333333333e+00  4.800992916e-01  5.076800363e-01  1.072843524e+08 -6.981028358e-03  3.313720477e+06  9.754227508e+01  1.256566719e+00  5.448271467e-03  2.918359618e-02  4.978333938e-03 -2.090051431e+01 -7.525546325e+00  8.659938116e-03  2.262037590e-03  1.809971507e+00  9.995146241e-01  2.273655470e+00
11 3  9.641171222e-01  3.666666667e+00  2.851944626e-01  5.076800363e-01  3.206780092e+07  1.235000067e-02  3.313720477e+06  9.495572032e+01  1.038462919e+00  9.666747921e-03  5.897609084e-02  1.052385776e-02 -2.550804855e+01 -2.200086970e+01  7.999401429e-03  2.231243870e-03  2.270127054e+00  9.997685986e-01  2.149391908e+00
12 3  9.826838376e-01  4.000000000e+00  2.267287627e-01  5.076800363e-01  9.880864360e+06  1.854352342e-02  3.313720477e+06  9.772411459e+01  7.908115558e-01  7.937289851e-03  3.200522027e-02  1.024656524e-02 -1.431977078e+01 -1.030481775e+01  6.758430664e-03  2.126622057e-03  3.359548140e+00  9.998989840e-01  2.008480877e+00
13 3  9.916985585e-01  4.333333333e+00  2.078798697e-01  5.076800363e-01  4.968423310e+06  1.758445905e-02  3.313720477e+06  9.580523226e+01  5.962489528e-01  4.833107651e-03  2.238852039e-02  8.955161170e-03 -1.143534179e+01 -5.949241751e+00  5.558880573e-03  1.849620019e-03  5.558309950e+00  9.999438009e-01  1.871073849e+00
