10  2.065575411e-07
4 3  4.628897180e-01  1.333333333e+00  7.723510660e-01  5.090160882e-01  3.113842111e+08 -2.686021179e-02  3.605932241e+06  4.148044615e+02  1.350652018e+00  1.677931593e-03 -1.559094240e-02 -2.487615197e-02 -3.617653056e+00 -5.567828231e+00  8.402960221e-03  2.195891792e-03  9.974975410e-01  1.015283903e+00  2.841594931e+00
5 3  5.920728145e-01  1.666666667e+00  6.897628159e-01  5.090160882e-01  2.122075381e+08 -1.988523600e-02  3.605932241e+06  2.871631469e+02  1.232233611e+00  1.712941145e-03 -1.111552142e-02 -1.799154470e-02 -2.909056419e+00 -4.329140320e+00  8.262431288e-03  2.165698846e-03  1.068188065e+00  1.008385221e+00  2.887943645e+00
6 3  6.899196848e-01  2.000000000e+00  6.387458586e-01  5.090160882e-01  1.761439686e+08 -1.442314974e-02  3.605932241e+06  2.190170072e+02  1.240802550e+00  1.908426417e-03 -7.662764422e-03 -1.328646249e-02 -2.456682313e+00 -3.489744124e+00  8.448585431e-03  2.219742257e-03  1.163285438e+00  1.005014658e+00  2.794967794e+00
7 3  7.718778943e-01  2.333333333e+00  6.019574062e-01  5.090160882e-01  1.593430267e+08 -8.941969013e-03  3.605932241e+06  1.849725516e+02  1.258297127e+00  2.045406363e-03 -3.537357674e-03 -8.388248690e-03 -2.133615622e+00 -2.927110080e+00  8.581940573e-03  2.264315093e-03  1.270504443e+00  1.002837303e+00  2.674472702e+00
8 3  8.389038443e-01  2.666666667e+00  5.778202735e-01  5.090160882e-01  1.407110263e+08 -4.566583832e-03  3.605932241e+06  1.576282287e+02  1.218037767e+00  1.890565360e-03 -3.509280255e-04 -4.402405221e-03 -1.239182639e+00 -2.607240387e+00  8.404136340e-03  2.222610695e-03  1.400399305e+00  1.001297111e+00  2.539465323e+00
9 3  8.897981929e-01  3.000000000e+00  5.811306365e-01  5.090160882e-01  1.271432915e+08  1.943716340e-03  3.605932241e+06  1.292516861e+02  1.161664648e+00  1.298463196e-03  1.955712054e-03 -1.500730305e-04  2.061003549e+00 -2.462141453e+00  8.182915569e-03  2.144157926e-03  1.581075926e+00  1.000207558e+00  2.391642532e+00
10 3  9.346233223e-01  3.333333333e+00  5.193851969e-01  5.090160882e-01  1.217584768e+08 -8.214027108e-03  3.605932241e+06  1.064832227e+02  1.347869696e+00  7.527765111e-03  3.719096972e-02  4.854612129e-03 -2.777203569e+01 -1.139357807e+01  9.298231397e-03  2.391308940e-03  1.833252732e+00  9.995960251e-01  2.259530774e+00
11 3  9.693237551e-01  3.666666667e+00  2.966934947e-01  5.090160882e-01  2.232017487e+07  1.403213830e-02  3.605932241e+06  1.072636520e+02  9.495478374e-01  9.727943878e-03  4.705780760e-02  1.037820791e-02 -2.417202037e+01 -1.846730202e+01  7.662036436e-03  2.223710413e-03  2.340582337e+00  9.998588953e-01  2.130943876e+00
12 3  9.849863684e-01  4.000000000e+00  2.376828102e-01  5.090160882e-01  8.121008030e+06  1.765174539e-02  3.605932241e+06  1.109478788e+02  7.329336946e-01  7.025163091e-03  2.605752279e-02  9.720800337e-03 -1.529479527e+01 -7.990593366e+00  6.467427569e-03  2.084261420e-03  3.564664415e+00  9.999476137e-01  1.985104384e+00
13 3  9.929924856e-01  4.333333333e+00  2.162823406e-01  5.090160882e-01  4.493465192e+06  1.363991150e-02  3.605932241e+06  1.090934356e+02  5.585562126e-01  4.093196469e-03  1.593816682e-02  5.287829689e-03 -1.237332317e+01 -4.798612256e+00  5.339654106e-03  1.798013223e-03  6.113909463e+00  9.999779146e-01  1.847354080e+00
