10  2.119700265e-07
4 3  4.558389239e-01  1.333333333e+00  7.236853548e-01  5.096435164e-01  3.214949796e+08 -2.752508377e-02  3.522525546e+06  4.154106796e+02  1.358260430e+00  1.664991810e-03 -1.456979885e-02 -2.502464591e-02 -3.983850149e+00 -5.864140473e+00  8.410142478e-03  2.186620792e-03  9.953612039e-01  1.016116553e+00  2.795231833e+00
5 3  5.867984269e-01  1.666666667e+00  6.401706821e-01  5.096435164e-01  2.127720784e+08 -2.164662859e-02  3.522525546e+06  2.869803162e+02  1.250132515e+00  1.750430010e-03 -1.211725748e-02 -1.956899647e-02 -2.885289949e+00 -4.580935439e+00  8.317635879e-03  2.178972165e-03  1.064967186e+00  1.009097992e+00  2.858743372e+00
6 3  6.867394135e-01  2.000000000e+00  5.925011280e-01  5.096435164e-01  1.733472990e+08 -1.494161542e-02  3.522525546e+06  2.154248756e+02  1.260095175e+00  1.973782828e-03 -8.018782069e-03 -1.395132563e-02 -2.275163991e+00 -3.689688608e+00  8.552220569e-03  2.243619071e-03  1.157400725e+00  1.005490318e+00  2.778059276e+00
7 3  7.718825021e-01  2.333333333e+00  5.599697894e-01  5.096435164e-01  1.552480955e+08 -9.113262444e-03  3.522525546e+06  1.831165458e+02  1.286059529e+00  2.150152510e-03 -3.861846091e-03 -8.767511871e-03 -1.803102808e+00 -3.045543085e+00  8.738329637e-03  2.308159019e-03  1.259861339e+00  1.002953325e+00  2.669665016e+00
8 3  8.408557453e-01  2.666666667e+00  5.425772534e-01  5.096435164e-01  1.324903701e+08 -4.958704280e-03  3.522525546e+06  1.564802753e+02  1.219664127e+00  1.864297305e-03 -1.514195041e-03 -5.269544052e-03 -5.077793906e-01 -2.662629963e+00  8.435632746e-03  2.240823057e-03  1.389835321e+00  1.001205432e+00  2.540256656e+00
9 3  8.907460162e-01  3.000000000e+00  5.518436813e-01  5.096435164e-01  1.171422377e+08  2.724550962e-03  3.522525546e+06  1.273457774e+02  1.140843657e+00  1.263297669e-03  2.573333869e-03  5.463149749e-04  2.175803502e+00 -2.383550088e+00  8.104640888e-03  2.134171076e-03  1.580276116e+00  1.000140356e+00  2.389435012e+00
10 3  9.313874291e-01  3.333333333e+00  5.105716182e-01  5.096435164e-01  1.160967403e+08 -5.597051443e-03  3.522525546e+06  1.049682447e+02  1.232739419e+00  4.926932676e-03  2.677913122e-02  4.896406290e-03 -2.207429353e+01 -5.938446407e+00  8.734432009e-03  2.239681796e-03  1.866587820e+00  9.996167617e-01  2.247433209e+00
11 3  9.676762007e-01  3.666666667e+00  3.011933946e-01  5.096435164e-01  2.988697483e+07  1.068331609e-02  3.522525546e+06  1.044701688e+02  9.980580502e-01  9.645376862e-03  5.443331313e-02  8.251490990e-03 -2.543091026e+01 -2.264848685e+01  7.897266566e-03  2.217534537e-03  2.339872851e+00  9.998130529e-01  2.123142135e+00
12 3  9.843665861e-01  4.000000000e+00  2.371989019e-01  5.096435164e-01  9.077936499e+06  1.602614528e-02  3.522525546e+06  1.070819390e+02  7.498051539e-01  7.470109839e-03  2.833970057e-02  7.923260020e-03 -1.645436917e+01 -9.910165095e+00  6.541528920e-03  2.081890654e-03  3.551078273e+00  9.999381776e-01  1.980029494e+00
13 3  9.926591402e-01  4.333333333e+00  2.142999991e-01  5.096435164e-01  4.632237390e+06  1.317048508e-02  3.522525546e+06  1.047444327e+02  5.677516961e-01  4.467011446e-03  1.706156426e-02  4.381703512e-03 -1.344078443e+01 -5.666087063e+00  5.371943532e-03  1.805811207e-03  6.119058443e+00  9.999796903e-01  1.843193224e+00
