10  2.147033751e-07
4 3  4.574745596e-01  1.333333333e+00  7.089203075e-01  5.110275691e-01  3.225593356e+08 -2.764203602e-02  3.496595445e+06  4.204140051e+02  1.342600386e+00  1.603775091e-03 -1.441330374e-02 -2.495097000e-02 -3.990098673e+00 -5.829222840e+00  8.342052524e-03  2.168830686e-03  9.953414058e-01  1.015720469e+00  2.790372203e+00
5 3  5.868404068e-01  1.666666667e+00  6.293758188e-01  5.110275691e-01  2.148488351e+08 -2.248743554e-02  3.496595445e+06  2.870588466e+02  1.245874418e+00  1.722443306e-03 -1.287881595e-02 -2.052434990e-02 -2.777270428e+00 -4.730880409e+00  8.285448465e-03  2.169554718e-03  1.066927461e+00  1.008919524e+00  2.844379288e+00
6 3  6.863845014e-01  2.000000000e+00  5.851685278e-01  5.110275691e-01  1.757468032e+08 -1.673763273e-02  3.496595445e+06  2.165537813e+02  1.258402416e+00  1.958900649e-03 -9.857242175e-03 -1.596242220e-02 -2.119072712e+00 -3.868305370e+00  8.531189100e-03  2.238427960e-03  1.160100897e+00  1.005380241e+00  2.762660637e+00
7 3  7.708029311e-01  2.333333333e+00  5.563719623e-01  5.110275691e-01  1.561280646e+08 -9.133083397e-03  3.496595445e+06  1.834690551e+02  1.279749765e+00  2.128370316e-03 -3.929834431e-03 -8.951885835e-03 -1.566371258e+00 -3.224622278e+00  8.699046935e-03  2.299123216e-03  1.263161307e+00  1.002913640e+00  2.652710348e+00
8 3  8.394159857e-01  2.666666667e+00  5.427898390e-01  5.110275691e-01  1.325816068e+08 -5.317175097e-03  3.496595445e+06  1.552307129e+02  1.222578347e+00  1.916041904e-03 -1.761715545e-03 -5.683886507e-03 -3.503406220e-01 -2.834630862e+00  8.441459233e-03  2.245599695e-03  1.390634489e+00  1.001169717e+00  2.523340914e+00
9 3  8.898083609e-01  3.000000000e+00  5.428144869e-01  5.110275691e-01  1.161170854e+08 -1.489130480e-03  3.496595445e+06  1.268375640e+02  1.155525087e+00  1.865900005e-03  2.855588423e-03 -1.286098199e-03 -1.077021299e+00 -2.532276008e+00  8.161514395e-03  2.156818215e-03  1.575511995e+00  1.000078941e+00  2.375030718e+00
10 3  9.327290370e-01  3.333333333e+00  4.639576643e-01  5.110275691e-01  1.086901837e+08 -7.607055740e-03  3.496595445e+06  1.062915102e+02  1.258937198e+00  5.773571338e-03  3.116920948e-02  4.567539368e-03 -2.416227370e+01 -7.799384191e+00  8.868340331e-03  2.289149993e-03  1.841279487e+00  9.995985553e-01  2.239556859e+00
11 3  9.668139596e-01  3.666666667e+00  2.844337807e-01  5.110275691e-01  2.768857977e+07  1.175363245e-02  3.496595445e+06  1.056300673e+02  9.831201155e-01  9.231912167e-03  5.222188686e-02  9.173757419e-03 -2.361473262e+01 -2.085722232e+01  7.799375188e-03  2.210643253e-03  2.333427156e+00  9.998238114e-01  2.110836907e+00
12 3  9.836819872e-01  4.000000000e+00  2.246604807e-01  5.110275691e-01  9.082293970e+06  1.595028134e-02  3.496595445e+06  1.076244193e+02  7.639563810e-01  7.459194455e-03  2.710333731e-02  7.507901521e-03 -1.563083225e+01 -9.331997344e+00  6.616362800e-03  2.108698913e-03  3.504740793e+00  9.999321360e-01  1.968905966e+00
13 3  9.923220254e-01  4.333333333e+00  2.024094365e-01  5.110275691e-01  4.646102804e+06  1.272853851e-02  3.496595445e+06  1.050424570e+02  5.778685995e-01  4.462612853e-03  1.583736720e-02  3.502022611e-03 -1.272107511e+01 -5.423800091e+00  5.436389509e-03  1.827059675e-03  5.953856509e+00  9.999694202e-01  1.833483365e+00
