10  2.127101595e-07
4 3  4.668983155e-01  1.333333333e+00  7.064561470e-01  5.109281466e-01  2.911771288e+08 -2.263685879e-02  3.527987370e+06  4.275922294e+02  1.320657419e+00  1.597183455e-03 -1.100389110e-02 -2.031320680e-02 -3.442767747e+00 -5.468866487e+00  8.277787996e-03  2.175545600e-03  9.969610851e-01  1.015922116e+00  2.796473996e+00
5 3  5.966661736e-01  1.666666667e+00  6.385849183e-01  5.109281466e-01  2.037612571e+08 -1.592122612e-02  3.527987370e+06  2.895520383e+02  1.242167227e+00  1.652924001e-03 -8.158143928e-03 -1.440119894e-02 -2.207534624e+00 -4.047902456e+00  8.292135247e-03  2.185796039e-03  1.071790998e+00  1.008819605e+00  2.838984240e+00
6 3  6.967518154e-01  2.000000000e+00  6.035931549e-01  5.109281466e-01  1.736377271e+08 -1.018722337e-02  3.527987370e+06  2.164519389e+02  1.247448649e+00  1.770762934e-03 -4.986228657e-03 -9.819220131e-03 -1.568735809e+00 -3.211932495e+00  8.502899259e-03  2.233967878e-03  1.167819069e+00  1.005087449e+00  2.752445720e+00
7 3  7.808405413e-01  2.333333333e+00  5.822133535e-01  5.109281466e-01  1.631645268e+08 -4.315898260e-03  3.527987370e+06  1.821476140e+02  1.270110165e+00  1.850845269e-03 -6.315619328e-04 -4.603051576e-03 -1.144942089e+00 -2.647467020e+00  8.678331683e-03  2.281641425e-03  1.275250972e+00  1.002506840e+00  2.637179634e+00
8 3  8.487011381e-01  2.666666667e+00  5.709426757e-01  5.109281466e-01  1.438590410e+08 -1.967881393e-03  3.527987370e+06  1.559686707e+02  1.198963771e+00  1.610419653e-03  1.029164747e-03 -2.273420245e-03 -4.715293719e-01 -2.338232938e+00  8.333890796e-03  2.197324897e-03  1.411366759e+00  1.000721425e+00  2.503606385e+00
9 3  8.967436310e-01  3.000000000e+00  5.702876307e-01  5.109281466e-01  1.269292659e+08  2.862577917e-03  3.527987370e+06  1.301490363e+02  1.106770121e+00  1.515515262e-03  6.447473461e-03  2.619120547e-03 -4.320819787e-01 -2.597571054e+00  7.884777827e-03  2.066496845e-03  1.618931662e+00  9.997331438e-01  2.349080699e+00
10 3  9.380054875e-01  3.333333333e+00  4.828568360e-01  5.109281466e-01  1.174585667e+08 -1.780640998e-03  3.527987370e+06  1.096468764e+02  1.315387632e+00  8.105301112e-03  5.695743068e-02  1.293091494e-02 -3.433487714e+01 -1.562809193e+01  9.092807496e-03  2.354316338e-03  1.911244099e+00  9.994634925e-01  2.210855555e+00
11 3  9.709220804e-01  3.666666667e+00  2.701916823e-01  5.109281466e-01  2.006745010e+07  2.248966110e-02  3.527987370e+06  1.156104069e+02  9.280229917e-01  9.504811250e-03  4.960984187e-02  1.576620373e-02 -2.123274445e+01 -1.712361973e+01  7.580778614e-03  2.243059516e-03  2.470951146e+00  9.998528224e-01  2.081209618e+00
12 3  9.859269942e-01  4.000000000e+00  2.233073710e-01  5.109281466e-01  7.858762694e+06  1.997233426e-02  3.527987370e+06  1.178564396e+02  7.145840459e-01  6.326591802e-03  2.522567501e-02  1.099135967e-02 -1.335746408e+01 -6.838161403e+00  6.413926138e-03  2.081384437e-03  3.817287613e+00  9.999396200e-01  1.937426978e+00
13 3  9.933928452e-01  4.333333333e+00  2.064224437e-01  5.109281466e-01  4.577691233e+06  1.595907022e-02  3.527987370e+06  1.133183019e+02  5.448312102e-01  3.598753182e-03  1.651668035e-02  6.873326632e-03 -1.110965246e+01 -4.237960803e+00  5.301193987e-03  1.780423789e-03  6.525194442e+00  9.999702854e-01  1.801991861e+00
