10  2.129572240e-07
4 3  4.720009219e-01  1.333333333e+00  7.029230290e-01  5.113858032e-01  2.880719380e+08 -2.132962334e-02  3.530210122e+06  4.230084840e+02  1.324319784e+00  1.606389066e-03 -1.017570035e-02 -1.909177819e-02 -3.354272680e+00 -5.268154356e+00  8.331659893e-03  2.188817957e-03  9.965259773e-01  1.015724720e+00  2.814460929e+00
5 3  6.026619519e-01  1.666666667e+00  6.371828568e-01  5.113858032e-01  2.007067277e+08 -1.452154590e-02  3.530210122e+06  2.859164630e+02  1.235753533e+00  1.645139308e-03 -6.973572597e-03 -1.305580759e-02 -2.084024729e+00 -4.033991591e+00  8.301510933e-03  2.185837419e-03  1.072662195e+00  1.008443687e+00  2.854248406e+00
6 3  7.019768206e-01  2.000000000e+00  6.047927746e-01  5.113858032e-01  1.704328035e+08 -8.338377653e-03  3.530210122e+06  2.122149391e+02  1.233098965e+00  1.742701877e-03 -3.402220549e-03 -8.156418595e-03 -1.439165329e+00 -3.249031928e+00  8.480820326e-03  2.222514466e-03  1.171240888e+00  1.004796532e+00  2.760488837e+00
7 3  7.842288729e-01  2.333333333e+00  5.857642656e-01  5.113858032e-01  1.603095814e+08 -3.052601195e-03  3.530210122e+06  1.786663572e+02  1.251414357e+00  1.812095312e-03  5.777576191e-04 -3.378856229e-03 -1.038928679e+00 -2.705867193e+00  8.628434612e-03  2.262475937e-03  1.283355291e+00  1.002362522e+00  2.636974647e+00
8 3  8.505566226e-01  2.666666667e+00  5.748067035e-01  5.113858032e-01  1.410719253e+08 -1.524271681e-03  3.530210122e+06  1.544399627e+02  1.185466983e+00  1.643238462e-03  1.921060867e-03 -1.602245550e-03 -6.747219591e-01 -2.418652096e+00  8.273230728e-03  2.182603937e-03  1.425576275e+00  1.000676641e+00  2.498292888e+00
9 3  8.975052082e-01  3.000000000e+00  5.732385997e-01  5.113858032e-01  1.228245505e+08  3.865366196e-03  3.530210122e+06  1.303774945e+02  1.083610239e+00  1.256115446e-03  5.832541160e-03  3.018891249e-03  5.644539750e-01 -2.301290738e+00  7.742874527e-03  2.037746937e-03  1.639801859e+00  9.997155253e-01  2.341031465e+00
10 3  9.360189382e-01  3.333333333e+00  5.205590960e-01  5.113858032e-01  1.312181558e+08  1.223300236e-03  3.530210122e+06  1.085936020e+02  1.309469118e+00  6.872069019e-03  5.119942370e-02  1.454441231e-02 -3.179264431e+01 -1.148570684e+01  8.984748429e-03  2.314069528e-03  1.956789629e+00  9.993826758e-01  2.196609203e+00
11 3  9.715327738e-01  3.666666667e+00  2.721497690e-01  5.113858032e-01  2.209151253e+07  2.470580004e-02  3.530210122e+06  1.177979560e+02  9.312167829e-01  9.452881853e-03  5.514491653e-02  1.716094412e-02 -2.223716685e+01 -1.932605823e+01  7.625596536e-03  2.228016204e-03  2.488767366e+00  9.998393619e-01  2.073630380e+00
12 3  9.863552291e-01  4.000000000e+00  2.244284983e-01  5.113858032e-01  8.124665001e+06  1.986855436e-02  3.530210122e+06  1.198264627e+02  7.059994649e-01  6.252200375e-03  2.581790323e-02  1.053038073e-02 -1.359740285e+01 -7.435279848e+00  6.396082502e-03  2.062759175e-03  3.857901648e+00  9.999375429e-01  1.930017851e+00
13 3  9.935889247e-01  4.333333333e+00  2.078322926e-01  5.113858032e-01  4.658298028e+06  1.562614331e-02  3.530210122e+06  1.143890147e+02  5.369356897e-01  3.527514294e-03  1.636088081e-02  6.296176395e-03 -1.125986465e+01 -4.464556697e+00  5.277950092e-03  1.763731297e-03  6.619123941e+00  9.999702254e-01  1.794679098e+00
