10  2.065499715e-07
4 3  4.837469011e-01  1.333333333e+00  7.339022600e-01  5.111983337e-01  2.737038641e+08 -1.959795061e-02  3.637050390e+06  4.110666691e+02  1.318613770e+00  1.754912642e-03 -8.974542717e-03 -1.765316241e-02 -3.305169905e+00 -5.622931961e+00  8.497770105e-03  2.221786415e-03  1.000243455e+00  1.016006130e+00  2.861481902e+00
5 3  6.150516776e-01  1.666666667e+00  6.596772013e-01  5.111983337e-01  1.834646898e+08 -1.037814320e-02  3.637050390e+06  2.751370297e+02  1.220564345e+00  1.766186880e-03 -3.036131807e-03 -8.769011763e-03 -2.398999834e+00 -3.858482222e+00  8.439636826e-03  2.211138588e-03  1.078153195e+00  1.008487962e+00  2.889008317e+00
6 3  7.136373248e-01  2.000000000e+00  6.177406561e-01  5.111983337e-01  1.541543304e+08 -2.337130935e-03  3.637050390e+06  2.051483158e+02  1.215217462e+00  1.839924637e-03  2.607980086e-03 -1.840752759e-03 -1.903248159e+00 -2.939007139e+00  8.600250142e-03  2.241840551e-03  1.179936357e+00  1.004810887e+00  2.783217258e+00
7 3  7.938916530e-01  2.333333333e+00  5.899498372e-01  5.111983337e-01  1.441323841e+08 -9.970716598e-04  3.637050390e+06  1.748006044e+02  1.224946980e+00  1.851616401e-03  2.888395217e-03 -8.075835348e-04 -1.565008843e+00 -2.359604583e+00  8.674628816e-03  2.265241558e-03  1.300049598e+00  1.002468560e+00  2.647710071e+00
8 3  8.583253910e-01  2.666666667e+00  5.740621477e-01  5.111983337e-01  1.278556189e+08  6.875425956e-04  3.637050390e+06  1.517391745e+02  1.159683785e+00  1.510237996e-03  3.208972115e-03  4.366044413e-04 -3.473798278e-01 -2.075914395e+00  8.298309101e-03  2.177923658e-03  1.457075751e+00  1.000869479e+00  2.500782314e+00
9 3  9.027338959e-01  3.000000000e+00  6.028764212e-01  5.111983337e-01  1.121801159e+08  1.118835476e-02  3.637050390e+06  1.270242640e+02  1.031166232e+00  1.166123591e-03  1.999967661e-03  4.533786263e-03  9.297798426e+00 -2.062784043e+00  7.615704641e-03  1.990489533e-03  1.699624702e+00  9.998895691e-01  2.335639162e+00
10 3  9.364186728e-01  3.333333333e+00  6.115833238e-01  5.111983337e-01  1.272398926e+08  2.945376759e-04  3.637050390e+06  1.069818081e+02  1.234910951e+00  5.828362546e-03  4.052526269e-02  1.188365079e-02 -2.969259601e+01 -8.918439864e+00  8.667909915e-03  2.232204784e-03  2.093021457e+00  9.994437512e-01  2.179540245e+00
11 3  9.734211273e-01  3.666666667e+00  2.863128921e-01  5.111983337e-01  2.462141598e+07  2.557608952e-02  3.637050390e+06  1.221729534e+02  9.283722088e-01  9.126975288e-03  6.064070926e-02  1.785797487e-02 -2.760616659e+01 -2.115451911e+01  7.531884368e-03  2.180286193e-03  2.651189815e+00  9.998457950e-01  2.060523528e+00
12 3  9.876232354e-01  4.000000000e+00  2.263447101e-01  5.111983337e-01  8.084888318e+06  2.187045699e-02  3.637050390e+06  1.263215543e+02  6.790493121e-01  6.229024843e-03  3.086606781e-02  1.133694070e-02 -1.643684171e+01 -9.703382362e+00  6.132071911e-03  1.985953879e-03  4.185779693e+00  9.999394802e-01  1.916550376e+00
13 3  9.941932694e-01  4.333333333e+00  2.072230963e-01  5.111983337e-01  4.363100430e+06  1.795375538e-02  3.637050390e+06  1.202994116e+02  5.129028312e-01  3.609184293e-03  1.998955912e-02  7.180186736e-03 -1.325733617e+01 -5.879405509e+00  5.023366962e-03  1.702411977e-03  7.292008635e+00  9.999712196e-01  1.780948814e+00
