 1.695500020e+00 -1.840660230e+00  8.583914223e-01  3.983343280e+00  9.318392739e-01  5.197916946e+00  9.950786844e-01  9.981464490e-01  7.809154030e+00 512 3 12
 0.000000000e+00  0.000000000e+00  1.992229696e-06
 1.956947162e-03  2.837731616e-02  1.379235455e-01
 3.913894325e-03  4.013175517e-02  1.950483532e-01
 5.870841487e-03  4.915150706e-02  2.388758717e-01
 7.827788650e-03  5.675582928e-02  2.758164714e-01
 9.784735812e-03  6.345574593e-02  3.083527593e-01
 1.174168297e-02  6.951335522e-02  3.377576433e-01
 1.369863014e-02  7.508436571e-02  3.647870532e-01
 1.565557730e-02  8.027023791e-02  3.899333392e-01
 1.761252446e-02  8.514145281e-02  4.135383473e-01
 1.956947162e-02  8.974933224e-02  4.358508444e-01
 2.152641879e-02  9.413262431e-02  4.570585739e-01
 2.348336595e-02  9.832143529e-02  4.773076174e-01
 2.544031311e-02  1.023397082e-01  4.967135201e-01
 2.739726027e-02  1.062068623e-01  5.153699111e-01
 2.935420744e-02  1.099389050e-01  5.333539925e-01
 3.131115460e-02  1.135492169e-01  5.507303149e-01
 3.326810176e-02  1.170491178e-01  5.675535229e-01
 3.522504892e-02  1.204482863e-01  5.838699139e-01
 3.718199609e-02  1.237550770e-01  5.997194390e-01
 3.913894325e-02  1.269767606e-01  6.151365771e-01
 4.109589041e-02  1.301197129e-01  6.301516982e-01
 4.305283757e-02  1.331895597e-01  6.447919513e-01
 4.500978474e-02  1.361912942e-01  6.590815101e-01
 4.696673190e-02  1.391293721e-01  6.730418639e-01
 4.892367906e-02  1.420077903e-01  6.866917350e-01
 5.088062622e-02  1.448301527e-01  7.000479115e-01
 5.283757339e-02  1.475997216e-01  7.131256838e-01
 5.479452055e-02  1.503194614e-01  7.259390027e-01
 5.675146771e-02  1.529920754e-01  7.385005410e-01
 5.870841487e-02  1.556200366e-01  7.508218615e-01
 6.066536204e-02  1.582056149e-01  7.629135342e-01
 6.262230920e-02  1.607508996e-01  7.747852673e-01
 6.457925636e-02  1.632578190e-01  7.864462610e-01
 6.653620352e-02  1.657281564e-01  7.979048520e-01
 6.849315068e-02  1.681635666e-01  8.091677485e-01
 7.045009785e-02  1.705655910e-01  8.202412827e-01
 7.240704501e-02  1.729356659e-01  8.311331561e-01
 7.436399217e-02  1.752751282e-01  8.418503561e-01
 7.632093933e-02  1.775852273e-01  8.523978021e-01
 7.827788650e-02  1.798671369e-01  8.627801188e-01
 8.023483366e-02  1.821219597e-01  8.730015717e-01
 8.219178082e-02  1.843507339e-01  8.830669934e-01
 8.414872798e-02  1.865544352e-01  8.929819334e-01
 8.610567515e-02  1.887339811e-01  9.027503702e-01
 8.806262231e-02  1.908902397e-01  9.123755319e-01
 9.001956947e-02  1.930240332e-01  9.218601215e-01
 9.197651663e-02  1.951361419e-01  9.312074706e-01
 9.393346380e-02  1.972273044e-01  9.404215492e-01
 9.589041096e-02  1.992982205e-01  9.495056942e-01
 9.784735812e-02  2.013495550e-01  9.584623496e-01
 9.980430528e-02  2.033819417e-01  9.672930556e-01
 1.017612524e-01  2.053959865e-01  9.760003632e-01
 1.037181996e-01  2.073922657e-01  9.845871330e-01
 1.056751468e-01  2.093713286e-01  9.930559839e-01
 1.076320939e-01  2.113336994e-01  1.001409276e+00
 1.095890411e-01  2.132798794e-01  1.009648183e+00
 1.115459883e-01  2.152103503e-01  1.017773815e+00
 1.135029354e-01  2.171255743e-01  1.025788753e+00
 1.154598826e-01  2.190259922e-01  1.033694816e+00
 1.174168297e-01  2.209120278e-01  1.041493961e+00
 1.193737769e-01  2.227840872e-01  1.049187622e+00
 1.213307241e-01  2.246425613e-01  1.056775968e+00
 1.232876712e-01  2.264878286e-01  1.064260429e+00
 1.252446184e-01  2.283202516e-01  1.071643720e+00
 1.272015656e-01  2.301401776e-01  1.078926999e+00
 1.291585127e-01  2.319479424e-01  1.086110713e+00
 1.311154599e-01  2.337438711e-01  1.093195917e+00
 1.330724070e-01  2.355282770e-01  1.100183298e+00
 1.350293542e-01  2.373014633e-01  1.107074465e+00
 1.369863014e-01  2.390637218e-01  1.113870212e+00
 1.389432485e-01  2.408153353e-01  1.120572201e+00
 1.409001957e-01  2.425565759e-01  1.127181026e+00
 1.428571429e-01  2.442877084e-01  1.133696355e+00
 1.448140900e-01  2.460089907e-01  1.140119258e+00
 1.467710372e-01  2.477206714e-01  1.146451482e+00
 1.487279843e-01  2.494229905e-01  1.152693741e+00
 1.506849315e-01  2.511161814e-01  1.158846508e+00
 1.526418787e-01  2.528004709e-01  1.164909841e+00
 1.545988258e-01  2.544760801e-01  1.170884239e+00
 1.565557730e-01  2.561432237e-01  1.176771373e+00
 1.585127202e-01  2.578021086e-01  1.182571686e+00
 1.604696673e-01  2.594529372e-01  1.188284821e+00
 1.624266145e-01  2.610959073e-01  1.193912646e+00
 1.643835616e-01  2.627312090e-01  1.199454980e+00
 1.663405088e-01  2.643590297e-01  1.204911650e+00
 1.682974560e-01  2.659795520e-01  1.210284177e+00
 1.702544031e-01  2.675929522e-01  1.215572677e+00
 1.722113503e-01  2.691994034e-01  1.220778086e+00
 1.741682975e-01  2.707990733e-01  1.225900571e+00
 1.761252446e-01  2.723921267e-01  1.230939756e+00
 1.780821918e-01  2.739787249e-01  1.235896599e+00
 1.800391389e-01  2.755590243e-01  1.240772347e+00
 1.819960861e-01  2.771331772e-01  1.245566721e+00
 1.839530333e-01  2.787013336e-01  1.250280171e+00
 1.859099804e-01  2.802636395e-01  1.254912972e+00
 1.878669276e-01  2.818202382e-01  1.259465030e+00
 1.898238748e-01  2.833712702e-01  1.263937923e+00
 1.917808219e-01  2.849168711e-01  1.268331445e+00
 1.937377691e-01  2.864571753e-01  1.272645645e+00
 1.956947162e-01  2.879923142e-01  1.276881614e+00
 1.976516634e-01  2.895224156e-01  1.281038909e+00
 1.996086106e-01  2.910476059e-01  1.285118176e+00
 2.015655577e-01  2.925680084e-01  1.289120153e+00
 2.035225049e-01  2.940837435e-01  1.293044581e+00
 2.054794521e-01  2.955949302e-01  1.296892127e+00
 2.074363992e-01  2.971016846e-01  1.300663424e+00
 2.093933464e-01  2.986041204e-01  1.304358232e+00
 2.113502935e-01  3.001023500e-01  1.307977209e+00
 2.133072407e-01  3.015964829e-01  1.311520759e+00
 2.152641879e-01  3.030866270e-01  1.314988851e+00
 2.172211350e-01  3.045728884e-01  1.318382714e+00
 2.191780822e-01  3.060553703e-01  1.321702047e+00
 2.211350294e-01  3.075341755e-01  1.324946790e+00
 2.230919765e-01  3.090094045e-01  1.328118073e+00
 2.250489237e-01  3.104811557e-01  1.331216141e+00
 2.270058708e-01  3.119495260e-01  1.334241097e+00
 2.289628180e-01  3.134146108e-01  1.337193538e+00
 2.309197652e-01  3.148765039e-01  1.340073571e+00
 2.328767123e-01  3.163352976e-01  1.342881603e+00
 2.348336595e-01  3.177910828e-01  1.345618562e+00
 2.367906067e-01  3.192439483e-01  1.348284270e+00
 2.387475538e-01  3.206939822e-01  1.350879110e+00
 2.407045010e-01  3.221412711e-01  1.353403835e+00
 2.426614481e-01  3.235858999e-01  1.355858624e+00
 2.446183953e-01  3.250279524e-01  1.358244132e+00
 2.465753425e-01  3.264675110e-01  1.360560632e+00
 2.485322896e-01  3.279046570e-01  1.362808356e+00
 2.504892368e-01  3.293394705e-01  1.364987935e+00
 2.524461840e-01  3.307720302e-01  1.367099954e+00
 2.544031311e-01  3.322024136e-01  1.369144714e+00
 2.563600783e-01  3.336306973e-01  1.371122683e+00
 2.583170254e-01  3.350569565e-01  1.373034326e+00
 2.602739726e-01  3.364812655e-01  1.374880106e+00
 2.622309198e-01  3.379036974e-01  1.376660670e+00
 2.641878669e-01  3.393243242e-01  1.378376490e+00
 2.661448141e-01  3.407432167e-01  1.380027985e+00
 2.681017613e-01  3.421604451e-01  1.381615704e+00
 2.700587084e-01  3.435760781e-01  1.383140167e+00
 2.720156556e-01  3.449901838e-01  1.384602043e+00
 2.739726027e-01  3.464028289e-01  1.386001756e+00
 2.759295499e-01  3.478140795e-01  1.387339953e+00
 2.778864971e-01  3.492240006e-01  1.388617049e+00
 2.798434442e-01  3.506326562e-01  1.389833703e+00
 2.818003914e-01  3.520401095e-01  1.390990790e+00
 2.837573386e-01  3.534464224e-01  1.392088852e+00
 2.857142857e-01  3.548516560e-01  1.393128116e+00
 2.876712329e-01  3.562558711e-01  1.394109506e+00
 2.896281800e-01  3.576591268e-01  1.395033577e+00
 2.915851272e-01  3.590614817e-01  1.395901263e+00
 2.935420744e-01  3.604629933e-01  1.396713176e+00
 2.954990215e-01  3.618637181e-01  1.397469852e+00
 2.974559687e-01  3.632637120e-01  1.398171854e+00
 2.994129159e-01  3.646630303e-01  1.398820060e+00
 3.013698630e-01  3.660617269e-01  1.399415006e+00
 3.033268102e-01  3.674598552e-01  1.399957597e+00
 3.052837573e-01  3.688574676e-01  1.400448655e+00
 3.072407045e-01  3.702546155e-01  1.400888484e+00
 3.091976517e-01  3.716513501e-01  1.401277641e+00
 3.111545988e-01  3.730477219e-01  1.401616714e+00
 3.131115460e-01  3.744437805e-01  1.401906636e+00
 3.150684932e-01  3.758395745e-01  1.402148230e+00
 3.170254403e-01  3.772351519e-01  1.402341971e+00
 3.189823875e-01  3.786305602e-01  1.402488171e+00
 3.209393346e-01  3.800258464e-01  1.402587539e+00
 3.228962818e-01  3.814210567e-01  1.402640632e+00
 3.248532290e-01  3.828162370e-01  1.402648332e+00
 3.268101761e-01  3.842114319e-01  1.402611284e+00
 3.287671233e-01  3.856066856e-01  1.402530084e+00
 3.307240705e-01  3.870020420e-01  1.402405014e+00
 3.326810176e-01  3.883975445e-01  1.402236449e+00
 3.346379648e-01  3.897932360e-01  1.402025313e+00
 3.365949119e-01  3.911891585e-01  1.401772536e+00
 3.385518591e-01  3.925853534e-01  1.401478472e+00
 3.405088063e-01  3.939818616e-01  1.401143746e+00
 3.424657534e-01  3.953787236e-01  1.400768279e+00
 3.444227006e-01  3.967759802e-01  1.400352940e+00
 3.463796477e-01  3.981736707e-01  1.399898764e+00
 3.483365949e-01  3.995718340e-01  1.399406192e+00
 3.502935421e-01  4.009705085e-01  1.398875695e+00
 3.522504892e-01  4.023697323e-01  1.398307697e+00
 3.542074364e-01  4.037695432e-01  1.397702388e+00
 3.561643836e-01  4.051699789e-01  1.397060661e+00
 3.581213307e-01  4.065710759e-01  1.396383277e+00
 3.600782779e-01  4.079728704e-01  1.395670814e+00
 3.620352250e-01  4.093753982e-01  1.394923802e+00
 3.639921722e-01  4.107786945e-01  1.394142380e+00
 3.659491194e-01  4.121827948e-01  1.393326604e+00
 3.679060665e-01  4.135877343e-01  1.392477909e+00
 3.698630137e-01  4.149935467e-01  1.391596899e+00
 3.718199609e-01  4.164002656e-01  1.390683902e+00
 3.737769080e-01  4.178079243e-01  1.389739365e+00
 3.757338552e-01  4.192165560e-01  1.388763091e+00
 3.776908023e-01  4.206261941e-01  1.387756154e+00
 3.796477495e-01  4.220368706e-01  1.386719437e+00
 3.816046967e-01  4.234486171e-01  1.385653216e+00
 3.835616438e-01  4.248614652e-01  1.384558111e+00
 3.855185910e-01  4.262754458e-01  1.383434331e+00
 3.874755382e-01  4.276905901e-01  1.382281961e+00
 3.894324853e-01  4.291069289e-01  1.381102028e+00
 3.913894325e-01  4.305244921e-01  1.379895228e+00
 3.933463796e-01  4.319433093e-01  1.378662020e+00
 3.953033268e-01  4.333634096e-01  1.377402848e+00
 3.972602740e-01  4.347848220e-01  1.376117471e+00
 3.992172211e-01  4.362075761e-01  1.374806688e+00
 4.011741683e-01  4.376317001e-01  1.373471478e+00
 4.031311155e-01  4.390572216e-01  1.372112299e+00
 4.050880626e-01  4.404841683e-01  1.370729462e+00
 4.070450098e-01  4.419125675e-01  1.369323203e+00
 4.090019569e-01  4.433424465e-01  1.367893664e+00
 4.109589041e-01  4.447738325e-01  1.366441845e+00
 4.129158513e-01  4.462067514e-01  1.364968291e+00
 4.148727984e-01  4.476412294e-01  1.363473439e+00
 4.168297456e-01  4.490772920e-01  1.361957660e+00
 4.187866928e-01  4.505149647e-01  1.360421157e+00
 4.207436399e-01  4.519542729e-01  1.358864268e+00
 4.227005871e-01  4.533952416e-01  1.357287765e+00
 4.246575342e-01  4.548378951e-01  1.355692306e+00
 4.266144814e-01  4.562822573e-01  1.354078266e+00
 4.285714286e-01  4.577283521e-01  1.352445644e+00
 4.305283757e-01  4.591762034e-01  1.350795012e+00
 4.324853229e-01  4.606258344e-01  1.349126755e+00
 4.344422701e-01  4.620772683e-01  1.347441636e+00
 4.363992172e-01  4.635305274e-01  1.345740172e+00
 4.383561644e-01  4.649856338e-01  1.344022244e+00
 4.403131115e-01  4.664426101e-01  1.342288545e+00
 4.422700587e-01  4.679014778e-01  1.340539453e+00
 4.442270059e-01  4.693622584e-01  1.338775419e+00
 4.461839530e-01  4.708249730e-01  1.336996973e+00
 4.481409002e-01  4.722896423e-01  1.335204332e+00
 4.500978474e-01  4.737562871e-01  1.333397925e+00
 4.520547945e-01  4.752249274e-01  1.331578381e+00
 4.540117417e-01  4.766955832e-01  1.329745713e+00
 4.559686888e-01  4.781682742e-01  1.327900490e+00
 4.579256360e-01  4.796430199e-01  1.326043280e+00
 4.598825832e-01  4.811198390e-01  1.324174232e+00
 4.618395303e-01  4.825987505e-01  1.322293968e+00
 4.637964775e-01  4.840797726e-01  1.320402801e+00
 4.657534247e-01  4.855629234e-01  1.318500849e+00
 4.677103718e-01  4.870482211e-01  1.316588776e+00
 4.696673190e-01  4.885356830e-01  1.314666771e+00
 4.716242661e-01  4.900253266e-01  1.312735356e+00
 4.735812133e-01  4.915171686e-01  1.310795078e+00
 4.755381605e-01  4.930112254e-01  1.308846019e+00
 4.774951076e-01  4.945075137e-01  1.306888593e+00
 4.794520548e-01  4.960060494e-01  1.304922908e+00
 4.814090020e-01  4.975068486e-01  1.302949678e+00
 4.833659491e-01  4.990099265e-01  1.300969411e+00
 4.853228963e-01  5.005152981e-01  1.298982393e+00
 4.872798434e-01  5.020229780e-01  1.296988576e+00
 4.892367906e-01  5.035329812e-01  1.294988222e+00
 4.911937378e-01  5.050453222e-01  1.292982074e+00
 4.931506849e-01  5.065600147e-01  1.290970619e+00
 4.951076321e-01  5.080770721e-01  1.288954136e+00
 4.970645793e-01  5.095965076e-01  1.286932697e+00
 4.990215264e-01  5.111183344e-01  1.284906315e+00
 5.009784736e-01  5.126425658e-01  1.282875763e+00
 5.029354207e-01  5.141692140e-01  1.280841536e+00
 5.048923679e-01  5.156982907e-01  1.278803844e+00
 5.068493151e-01  5.172298078e-01  1.276763046e+00
 5.088062622e-01  5.187637768e-01  1.274718912e+00
 5.107632094e-01  5.203002093e-01  1.272672024e+00
 5.127201566e-01  5.218391164e-01  1.270623035e+00
 5.146771037e-01  5.233805082e-01  1.268572108e+00
 5.166340509e-01  5.249243951e-01  1.266519603e+00
 5.185909980e-01  5.264707869e-01  1.264465514e+00
 5.205479452e-01  5.280196937e-01  1.262410112e+00
 5.225048924e-01  5.295711249e-01  1.260353951e+00
 5.244618395e-01  5.311250895e-01  1.258297378e+00
 5.264187867e-01  5.326815962e-01  1.256240601e+00
 5.283757339e-01  5.342406534e-01  1.254183725e+00
 5.303326810e-01  5.358022695e-01  1.252127074e+00
 5.322896282e-01  5.373664524e-01  1.250070758e+00
 5.342465753e-01  5.389332101e-01  1.248015337e+00
 5.362035225e-01  5.405025495e-01  1.245961079e+00
 5.381604697e-01  5.420744778e-01  1.243907898e+00
 5.401174168e-01  5.436490019e-01  1.241856198e+00
 5.420743640e-01  5.452261285e-01  1.239806116e+00
 5.440313112e-01  5.468058639e-01  1.237757964e+00
 5.459882583e-01  5.483882141e-01  1.235712076e+00
 5.479452055e-01  5.499731848e-01  1.233668391e+00
 5.499021526e-01  5.515607818e-01  1.231627236e+00
 5.518590998e-01  5.531510103e-01  1.229588888e+00
 5.538160470e-01  5.547438753e-01  1.227553391e+00
 5.557729941e-01  5.563393817e-01  1.225521042e+00
 5.577299413e-01  5.579375342e-01  1.223491865e+00
 5.596868885e-01  5.595383372e-01  1.221466196e+00
 5.616438356e-01  5.611417947e-01  1.219444281e+00
 5.636007828e-01  5.627479105e-01  1.217426155e+00
 5.655577299e-01  5.643566885e-01  1.215411850e+00
 5.675146771e-01  5.659681323e-01  1.213401571e+00
 5.694716243e-01  5.675822452e-01  1.211395623e+00
 5.714285714e-01  5.691990301e-01  1.209394179e+00
 5.733855186e-01  5.708184898e-01  1.207397371e+00
 5.753424658e-01  5.724406269e-01  1.205405072e+00
 5.772994129e-01  5.740654442e-01  1.203417420e+00
 5.792563601e-01  5.756929440e-01  1.201434780e+00
 5.812133072e-01  5.773231283e-01  1.199457299e+00
 5.831702544e-01  5.789559989e-01  1.197485060e+00
 5.851272016e-01  5.805915574e-01  1.195518019e+00
 5.870841487e-01  5.822298057e-01  1.193556236e+00
 5.890410959e-01  5.838707450e-01  1.191599933e+00
 5.909980431e-01  5.855143768e-01  1.189649296e+00
 5.929549902e-01  5.871607018e-01  1.187704389e+00
 5.949119374e-01  5.888097209e-01  1.185765204e+00
 5.968688845e-01  5.904614349e-01  1.183831874e+00
 5.988258317e-01  5.921158445e-01  1.181904450e+00
 6.007827789e-01  5.937729500e-01  1.179983090e+00
 6.027397260e-01  5.954327517e-01  1.178067852e+00
 6.046966732e-01  5.970952497e-01  1.176158698e+00
 6.066536204e-01  5.987604440e-01  1.174255828e+00
 6.086105675e-01  6.004283344e-01  1.172359317e+00
 6.105675147e-01  6.020989206e-01  1.170469141e+00
 6.125244618e-01  6.037722023e-01  1.168585345e+00
 6.144814090e-01  6.054481789e-01  1.166708019e+00
 6.164383562e-01  6.071268497e-01  1.164837267e+00
 6.183953033e-01  6.088082139e-01  1.162973140e+00
 6.203522505e-01  6.104922704e-01  1.161115684e+00
 6.223091977e-01  6.121790184e-01  1.159264762e+00
 6.242661448e-01  6.138684568e-01  1.157420553e+00
 6.262230920e-01  6.155605842e-01  1.155583164e+00
 6.281800391e-01  6.172553993e-01  1.153752619e+00
 6.301369863e-01  6.189529005e-01  1.151928902e+00
 6.320939335e-01  6.206530862e-01  1.150111966e+00
 6.340508806e-01  6.223559549e-01  1.148301881e+00
 6.360078278e-01  6.240615049e-01  1.146498745e+00
 6.379647750e-01  6.257697341e-01  1.144702603e+00
 6.399217221e-01  6.274806406e-01  1.142913390e+00
 6.418786693e-01  6.291942224e-01  1.141131121e+00
 6.438356164e-01  6.309104774e-01  1.139355851e+00
 6.457925636e-01  6.326294034e-01  1.137587538e+00
 6.477495108e-01  6.343509981e-01  1.135826237e+00
 6.497064579e-01  6.360752592e-01  1.134071889e+00
 6.516634051e-01  6.378021845e-01  1.132324531e+00
 6.536203523e-01  6.395317713e-01  1.130584197e+00
 6.555772994e-01  6.412640172e-01  1.128850866e+00
 6.575342466e-01  6.429989196e-01  1.127124490e+00
 6.594911937e-01  6.447364760e-01  1.125405027e+00
 6.614481409e-01  6.464766838e-01  1.123692518e+00
 6.634050881e-01  6.482195404e-01  1.121986973e+00
 6.653620352e-01  6.499650428e-01  1.120288359e+00
 6.673189824e-01  6.517131885e-01  1.118596615e+00
 6.692759295e-01  6.534639746e-01  1.116911752e+00
 6.712328767e-01  6.552173985e-01  1.115233682e+00
 6.731898239e-01  6.569734574e-01  1.113562283e+00
 6.751467710e-01  6.587321489e-01  1.111897449e+00
 6.771037182e-01  6.604934705e-01  1.110239083e+00
 6.790606654e-01  6.622574198e-01  1.108587042e+00
 6.810176125e-01  6.640239949e-01  1.106941150e+00
 6.829745597e-01  6.657931938e-01  1.105301299e+00
 6.849315068e-01  6.675650148e-01  1.103667174e+00
 6.868884540e-01  6.693394567e-01  1.102038632e+00
 6.888454012e-01  6.711165184e-01  1.100415290e+00
 6.908023483e-01  6.728961996e-01  1.098796936e+00
 6.927592955e-01  6.746785000e-01  1.097183300e+00
 6.947162427e-01  6.764634197e-01  1.095574432e+00
 6.966731898e-01  6.782509590e-01  1.093969854e+00
 6.986301370e-01  6.800411189e-01  1.092368942e+00
 7.005870841e-01  6.818339016e-01  1.090771364e+00
 7.025440313e-01  6.836293093e-01  1.089176902e+00
 7.045009785e-01  6.854273448e-01  1.087585554e+00
 7.064579256e-01  6.872280109e-01  1.085996616e+00
 7.084148728e-01  6.890313118e-01  1.084409789e+00
 7.103718200e-01  6.908372520e-01  1.082824507e+00
 7.123287671e-01  6.926458370e-01  1.081240452e+00
 7.142857143e-01  6.944570728e-01  1.079657332e+00
 7.162426614e-01  6.962709660e-01  1.078074517e+00
 7.181996086e-01  6.980875244e-01  1.076491442e+00
 7.201565558e-01  6.999067567e-01  1.074907736e+00
 7.221135029e-01  7.017286719e-01  1.073323476e+00
 7.240704501e-01  7.035532793e-01  1.071737846e+00
 7.260273973e-01  7.053805900e-01  1.070149862e+00
 7.279843444e-01  7.072106165e-01  1.068559229e+00
 7.299412916e-01  7.090433716e-01  1.066965784e+00
 7.318982387e-01  7.108788686e-01  1.065368912e+00
 7.338551859e-01  7.127171224e-01  1.063767893e+00
 7.358121331e-01  7.145581488e-01  1.062162445e+00
 7.377690802e-01  7.164019644e-01  1.060551786e+00
 7.397260274e-01  7.182485871e-01  1.058935447e+00
 7.416829746e-01  7.200980360e-01  1.057313075e+00
 7.436399217e-01  7.219503307e-01  1.055683811e+00
 7.455968689e-01  7.238054930e-01  1.054046868e+00
 7.475538160e-01  7.256635456e-01  1.052401876e+00
 7.495107632e-01  7.275245121e-01  1.050748819e+00
 7.514677104e-01  7.293884161e-01  1.049087057e+00
 7.534246575e-01  7.312552836e-01  1.047415189e+00
 7.553816047e-01  7.331251428e-01  1.045732757e+00
 7.573385519e-01  7.349980225e-01  1.044039470e+00
 7.592954990e-01  7.368739524e-01  1.042334813e+00
 7.612524462e-01  7.387529636e-01  1.040617781e+00
 7.632093933e-01  7.406350894e-01  1.038887742e+00
 7.651663405e-01  7.425203642e-01  1.037144529e+00
 7.671232877e-01  7.444088228e-01  1.035387575e+00
 7.690802348e-01  7.463005019e-01  1.033615942e+00
 7.710371820e-01  7.481954404e-01  1.031828728e+00
 7.729941292e-01  7.500936788e-01  1.030025097e+00
 7.749510763e-01  7.519952598e-01  1.028204276e+00
 7.769080235e-01  7.539002276e-01  1.026365878e+00
 7.788649706e-01  7.558086277e-01  1.024508872e+00
 7.808219178e-01  7.577205084e-01  1.022632211e+00
 7.827788650e-01  7.596359202e-01  1.020734572e+00
 7.847358121e-01  7.615549171e-01  1.018814588e+00
 7.866927593e-01  7.634775557e-01  1.016871338e+00
 7.886497065e-01  7.654038957e-01  1.014902625e+00
 7.906066536e-01  7.673340016e-01  1.012907117e+00
 7.925636008e-01  7.692679412e-01  1.010882517e+00
 7.945205479e-01  7.712057885e-01  1.008824910e+00
 7.964774951e-01  7.731476255e-01  1.006731458e+00
 7.984344423e-01  7.750935359e-01  1.004606905e+00
 8.003913894e-01  7.770435898e-01  1.002460924e+00
 8.023483366e-01  7.789978422e-01  1.000292982e+00
 8.043052838e-01  7.809563539e-01  9.981017705e-01
 8.062622309e-01  7.829191736e-01  9.959160529e-01
 8.082191781e-01  7.848862815e-01  9.937591369e-01
 8.101761252e-01  7.868576278e-01  9.916388999e-01
 8.121330724e-01  7.888331530e-01  9.895582274e-01
 8.140900196e-01  7.908127866e-01  9.875220320e-01
 8.160469667e-01  7.927964232e-01  9.855846985e-01
 8.180039139e-01  7.947838239e-01  9.837959100e-01
 8.199608611e-01  7.967746793e-01  9.821627658e-01
 8.219178082e-01  7.987686750e-01  9.807046209e-01
 8.238747554e-01  8.007654358e-01  9.794503621e-01
 8.258317025e-01  8.027645275e-01  9.784262076e-01
 8.277886497e-01  8.047654723e-01  9.776361142e-01
 8.297455969e-01  8.067677966e-01  9.770787811e-01
 8.317025440e-01  8.087710266e-01  9.767533654e-01
 8.336594912e-01  8.107746940e-01  9.766509204e-01
 8.356164384e-01  8.127783573e-01  9.767543448e-01
 8.375733855e-01  8.147816137e-01  9.770404138e-01
 8.395303327e-01  8.167841007e-01  9.775117259e-01
 8.414872798e-01  8.187854477e-01  9.781534414e-01
 8.434442270e-01  8.207853496e-01  9.789077063e-01
 8.454011742e-01  8.227836263e-01  9.797408606e-01
 8.473581213e-01  8.247801360e-01  9.806355578e-01
 8.493150685e-01  8.267747605e-01  9.816023421e-01
 8.512720157e-01  8.287673592e-01  9.826291267e-01
 8.532289628e-01  8.307578508e-01  9.836708667e-01
 8.551859100e-01  8.327462544e-01  9.846874835e-01
 8.571428571e-01  8.347326575e-01  9.856424439e-01
 8.590998043e-01  8.367172059e-01  9.865327299e-01
 8.610567515e-01  8.387000330e-01  9.873591902e-01
 8.630136986e-01  8.406812945e-01  9.880786169e-01
 8.649706458e-01  8.426612478e-01  9.886579223e-01
 8.669275930e-01  8.446401873e-01  9.890914932e-01
 8.688845401e-01  8.466184050e-01  9.893781662e-01
 8.708414873e-01  8.485961926e-01  9.895262916e-01
 8.727984344e-01  8.505738256e-01  9.895324444e-01
 8.747553816e-01  8.525516022e-01  9.893754040e-01
 8.767123288e-01  8.545298613e-01  9.890485847e-01
 8.786692759e-01  8.565089371e-01  9.885631257e-01
 8.806262231e-01  8.584891405e-01  9.879230153e-01
 8.825831703e-01  8.604707855e-01  9.871234435e-01
 8.845401174e-01  8.624541977e-01  9.861627581e-01
 8.864970646e-01  8.644397026e-01  9.850445541e-01
 8.884540117e-01  8.664276181e-01  9.837732161e-01
 8.904109589e-01  8.684182560e-01  9.823520504e-01
 8.923679061e-01  8.704119236e-01  9.807880987e-01
 8.943248532e-01  8.724089173e-01  9.790817142e-01
 8.962818004e-01  8.744095416e-01  9.772299252e-01
 8.982387476e-01  8.764141069e-01  9.752358060e-01
 9.001956947e-01  8.784229135e-01  9.731098067e-01
 9.021526419e-01  8.804362401e-01  9.708671355e-01
 9.041095890e-01  8.824543453e-01  9.685035104e-01
 9.060665362e-01  8.844775110e-01  9.660164014e-01
 9.080234834e-01  8.865060216e-01  9.634063259e-01
 9.099804305e-01  8.885401650e-01  9.606730026e-01
 9.119373777e-01  8.905802319e-01  9.578212605e-01
 9.138943249e-01  8.926265053e-01  9.548537856e-01
 9.158512720e-01  8.946792692e-01  9.517726735e-01
 9.178082192e-01  8.967388008e-01  9.485963809e-01
 9.197651663e-01  8.988053437e-01  9.453221796e-01
 9.217221135e-01  9.008791705e-01  9.419403506e-01
 9.236790607e-01  9.029605678e-01  9.384652241e-01
 9.256360078e-01  9.050497909e-01  9.348946590e-01
 9.275929550e-01  9.071471253e-01  9.312143209e-01
 9.295499022e-01  9.092528841e-01  9.274322165e-01
 9.315068493e-01  9.113673500e-01  9.235718526e-01
 9.334637965e-01  9.134907797e-01  9.196061220e-01
 9.354207436e-01  9.156235263e-01  9.155094722e-01
 9.373776908e-01  9.177659600e-01  9.113297862e-01
 9.393346380e-01  9.199183267e-01  9.070863203e-01
 9.412915851e-01  9.220809119e-01  9.027141704e-01
 9.432485323e-01  9.242541862e-01  8.981681327e-01
 9.452054795e-01  9.264386501e-01  8.934973818e-01
 9.471624266e-01  9.286346008e-01  8.888872899e-01
 9.491193738e-01  9.308420175e-01  8.841509279e-01
 9.510763209e-01  9.330616009e-01  8.791539786e-01
 9.530332681e-01  9.352941927e-01  8.736075118e-01
 9.549902153e-01  9.375406798e-01  8.681776099e-01
 9.569471624e-01  9.397977478e-01  8.679537107e-01
 9.589041096e-01  9.420513901e-01  8.687364914e-01
 9.608610568e-01  9.443057152e-01  8.669860743e-01
 9.628180039e-01  9.465688800e-01  8.618019479e-01
 9.647749511e-01  9.488505142e-01  8.529168303e-01
 9.667318982e-01  9.511609302e-01  8.408618561e-01
 9.686888454e-01  9.535104486e-01  8.238011736e-01
 9.706457926e-01  9.559165508e-01  8.015725257e-01
 9.726027397e-01  9.583946929e-01  7.777889945e-01
 9.745596869e-01  9.609494864e-01  7.543604411e-01
 9.765166341e-01  9.635833376e-01  7.319249997e-01
 9.784735812e-01  9.662966287e-01  7.109294957e-01
 9.804305284e-01  9.690878963e-01  6.916702690e-01
 9.823874755e-01  9.719540099e-01  6.743306535e-01
 9.843444227e-01  9.748903491e-01  6.590127772e-01
 9.863013699e-01  9.778909793e-01  6.457631285e-01
 9.882583170e-01  9.809488251e-01  6.345923236e-01
 9.902152642e-01  9.840558421e-01  6.254899519e-01
 9.921722114e-01  9.872031845e-01  6.184354664e-01
 9.941291585e-01  9.903813706e-01  6.134060091e-01
 9.960861057e-01  9.935804444e-01  6.103818930e-01
 9.980430528e-01  9.967901328e-01  6.096830615e-01
 1.000000000e+00  1.000000000e+00  6.096491059e-01
4  3.708090859e-01  6.576770416e-01  1.009569711e+00  7.457618629e-01  9.614734257e-01  6.436544259e+01  4.652074532e-01  9.921338511e-01  3.080175006e-01  2.643118585e+00
5  4.900608737e-01  9.334784339e-01  1.006263423e+00  6.117186710e-01  9.340513435e-01  3.755166769e+01  4.103790793e-01  1.036753843e+00  4.716709293e-01  2.785362167e+00
6  5.868881639e-01  1.088254862e+00  1.004017199e+00  5.217479196e-01  9.112520674e-01  2.710755798e+01  3.785551770e-01  1.107376185e+00  5.926312521e-01  2.773544978e+00
7  6.711214210e-01  1.215719795e+00  1.002318751e+00  4.570137834e-01  8.946052272e-01  2.156219340e+01  3.570613191e-01  1.187347083e+00  6.888507960e-01  2.713931464e+00
8  7.449673274e-01  1.349243583e+00  1.001007095e+00  4.080967982e-01  8.878979660e-01  1.837788118e+01  3.418812277e-01  1.274770137e+00  7.677014107e-01  2.632536217e+00
9  8.094264293e-01  1.516926929e+00  1.000015984e+00  3.696790766e-01  8.975724378e-01  1.676757236e+01  3.312909017e-01  1.378466935e+00  8.323426905e-01  2.539988635e+00
10  8.610523468e-01  1.949037119e+00  9.993429389e-01  3.384253486e-01  9.339191301e-01  1.661550322e+01  3.245899980e-01  1.509406674e+00  8.831571667e-01  2.430155495e+00
11  8.988338096e-01  2.582544763e+00  9.989775967e-01  3.121212015e-01  1.010961558e+00  1.820146346e+01  3.212954497e-01  1.706001853e+00  9.197920752e-01  2.305326400e+00
12  9.352715812e-01  1.078942969e+00  9.990601965e-01  2.907713752e-01  1.127636048e+00  2.115671082e+01  3.211439073e-01  1.927868346e+00  9.530135078e-01  2.199065215e+00
13  9.704836143e-01  4.197155224e+00  9.998154251e-01  2.732916182e-01  1.302375493e+00  2.630718133e+01  3.250016093e-01  2.333003995e+00  9.813897271e-01  2.107922539e+00
14  9.837097528e-01  7.186302027e+00  9.998930597e-01  2.557339560e-01  1.518333473e+00  3.428917673e+01  3.277855502e-01  3.327576471e+00  9.899986399e-01  1.984186340e+00
15  9.912322023e-01  1.184318664e+01  9.999280925e-01  2.400660722e-01  1.702836130e+00  4.125491469e+01  3.309800681e-01  5.175525845e+00  9.946506271e-01  1.866134206e+00
0 0 -1.258789582e-01 -1.754368235e-17
0 1  1.342096047e-02 -4.245760482e-03
0 2 -1.348001145e-02  4.807581667e-03
0 3  4.963575259e-03 -5.576982909e-03
0 4 -2.108911134e-03  5.522611784e-03
0 5 -1.899915681e-03 -4.148206163e-03
0 6  3.446927562e-03  8.111096886e-04
0 7 -1.679286239e-03  2.604329256e-03
0 8 -2.297557457e-03 -1.388177039e-03
0 9  2.733807319e-04 -2.312677918e-03
0 10  1.747140953e-03 -1.193588647e-03
0 11  1.949817200e-03 -1.310197666e-04
1 0 -1.066179818e-01 -3.372891342e-02
1 1 -9.744718930e-02  1.369770590e-17
1 2  1.013693114e-02 -5.991136669e-03
1 3 -1.342076413e-02  7.219617566e-03
1 4  2.386067136e-03 -7.926805915e-03
1 5  1.034814950e-03  6.342346349e-03
1 6 -5.261892941e-03 -1.892893768e-03
1 7  2.604549812e-03 -3.406149551e-03
1 8  2.780599586e-03  2.372172102e-03
1 9 -9.409215314e-04  3.137017022e-03
1 10 -2.745869081e-03  1.296489949e-03
1 11 -2.810307574e-03 -2.161126601e-04
2 0  1.070870910e-01  3.819209927e-02
2 1 -1.040248694e-01 -6.148085658e-02
2 2 -7.844580693e-02  1.788506498e-17
2 3  6.319907684e-03 -7.404910468e-03
2 4 -1.058153499e-02  8.751508023e-03
2 5 -2.097310534e-03 -8.161057303e-03
2 6  4.383275264e-03  3.459385486e-03
2 7 -4.706881938e-03  3.222419669e-03
2 8 -3.098653905e-03 -3.480127587e-03
2 9  1.532765307e-03 -3.354713032e-03
2 10  3.166775182e-03 -8.176545520e-04
2 11  2.889835900e-03  9.035656108e-04
3 0 -3.943133412e-02 -4.430433004e-02
3 1  1.377234606e-01  7.408748901e-02
3 2 -8.056399610e-02 -9.439523612e-02
3 3 -6.510813596e-02  1.551424463e-17
3 4  2.969478317e-03 -8.722502871e-03
3 5 -6.762585764e-03  9.298309760e-03
3 6 -6.680377191e-03 -5.881159431e-03
3 7  4.396733819e-03 -2.008138814e-03
3 8  8.774421246e-04  4.673296612e-03
3 9 -3.523375792e-03  2.858353694e-03
3 10 -4.175114522e-03 -3.550529901e-04
3 11 -3.200912368e-03 -2.044533262e-03
4 0  1.675348418e-02  4.387239825e-02
4 1 -2.448574611e-02 -8.134463367e-02
4 2  1.348897462e-01  1.115611958e-01
4 3 -4.560840628e-02 -1.339694762e-01
4 4 -5.528288985e-02 -9.702435059e-18
4 5 -2.045528687e-04 -9.896708398e-03
4 6 -2.654751857e-03  8.372169914e-03
4 7 -9.373433314e-03 -1.034070665e-03
4 8 -8.387858973e-04 -5.532061184e-03
4 9  3.374522905e-03 -1.258759267e-03
4 10  2.656061140e-03  2.224308689e-03
4 11  1.017459875e-03  3.371834096e-03
5 0  1.509319515e-02 -3.295392831e-02
5 1 -1.061923856e-02  6.508495930e-02
5 2  2.673578890e-02 -1.040343343e-01
5 3  1.038669847e-01  1.428133308e-01
5 4  3.700111721e-03 -1.790193751e-01
5 5 -4.761480793e-02  3.857876411e-19
5 6 -3.534325257e-03 -1.076317431e-02
5 7  8.407951251e-04  5.386844967e-03
5 8 -7.329052146e-03  4.186267755e-03
5 9 -6.368092668e-03 -1.940166519e-03
5 10 -2.891990257e-03 -4.249588178e-03
5 11 -4.550132498e-04 -4.060765072e-03
6 0 -2.738287329e-02  6.443568491e-03
6 1  5.399738031e-02 -1.942481648e-02
6 2 -5.587647620e-02  4.409904902e-02
6 3  1.026043380e-01 -9.032910165e-02
6 4  4.802122075e-02  1.514423348e-01
6 5  7.422743912e-02 -2.260467863e-01
6 6 -4.121993246e-02  2.910409403e-17
6 7 -7.154788187e-03 -1.099478472e-02
6 8  2.277430512e-03  3.463410430e-04
6 9 -1.421390976e-03  4.915845582e-03
6 10 -4.908667959e-03  3.860373233e-03
6 11 -5.908999236e-03  1.837009766e-03
7 0  1.334048409e-02  2.068915484e-02
7 1 -2.672780847e-02 -3.495379985e-02
7 2  6.000170209e-02  4.107829079e-02
7 3 -6.752971429e-02 -3.084313173e-02
7 4  1.695539676e-01 -1.870507616e-02
7 5 -1.765826980e-02  1.131338170e-01
7 6  1.735759318e-01 -2.667346611e-01
7 7 -3.544137084e-02 -4.592487828e-17
7 8 -9.244587858e-03 -9.143021702e-03
7 9  3.027255474e-04 -4.082817447e-03
7 10  1.569501398e-03  4.597902070e-04
7 11  5.809858239e-04  2.526015841e-03
8 0  1.825211688e-02 -1.102787201e-02
8 1 -2.853442574e-02  2.434315570e-02
8 2  3.950056767e-02 -4.436346216e-02
8 3 -1.347668938e-02  7.177745981e-02
8 4  1.517261307e-02 -1.000682345e-01
8 5  1.539237994e-01  8.791945063e-02
8 6 -5.525070944e-02  8.402270995e-03
8 7  2.608417124e-01 -2.579759610e-01
8 8 -3.130609758e-02  4.568794984e-17
8 9 -1.074532562e-02 -6.523442263e-03
8 10 -3.944399943e-03 -6.586656884e-03
8 11 -8.140992391e-04 -4.737540252e-03
9 0 -2.171774663e-03 -1.837223593e-02
9 1  9.655707242e-03  3.219197028e-02
9 2 -1.953916171e-02 -4.276472081e-02
9 3  5.411575281e-02  4.390163612e-02
9 4 -6.104100046e-02 -2.276941872e-02
9 5  1.337418535e-01 -4.074712476e-02
9 6  3.448309812e-02  1.192589431e-01
9 7 -8.541586859e-03 -1.151991966e-01
9 8  3.432342721e-01 -2.083760918e-01
9 9 -2.780626817e-02  1.074161016e-16
9 10 -1.431416659e-02 -5.513944242e-03
9 11 -9.357033180e-03 -6.842838782e-03
10 0 -1.387953140e-02 -9.482034680e-03
10 1  2.817802238e-02  1.330453919e-02
10 2 -4.036895413e-02 -1.042317727e-02
10 3  6.412584940e-02 -5.453281449e-03
10 4 -4.804490408e-02  4.023502923e-02
10 5  6.073720305e-02 -8.924929791e-02
10 6  1.190848132e-01  9.365307030e-02
10 7 -4.428444387e-02  1.297326250e-02
10 8  1.259946224e-01 -2.103953348e-01
10 9  5.147820090e-01 -1.982986069e-01
10 10 -2.055555356e-02 -5.435870360e-17
10 11 -1.123159448e-02 -2.428949503e-03
11 0 -1.548961978e-02 -1.040839299e-03
11 1  2.883928818e-02 -2.217741339e-03
11 2 -3.683862800e-02  1.151834172e-02
11 3  4.916301659e-02 -3.140211638e-02
11 4 -1.840460725e-02  6.099236319e-02
11 5  9.556129063e-03 -8.528365962e-02
11 6  1.433529577e-01  4.456605473e-02
11 7 -1.639287110e-02  7.127308515e-02
11 8  2.600449439e-02 -1.513296328e-01
11 9  3.365080536e-01 -2.460897931e-01
11 10  5.464019464e-01 -1.181651224e-01
11 11 -1.689950141e-02  5.542557972e-17
0 0 -8.229733962e+00  2.814560146e-15
0 1 -8.512518558e-01  3.620356782e-01
0 2  1.120709948e+00 -3.318574907e-01
0 3 -2.530554062e-01  2.701816389e-01
0 4  1.073519019e-01 -2.260335908e-01
0 5  5.947961366e-02  1.522527598e-01
0 6 -1.099631860e-01 -3.326630814e-02
0 7  5.781275924e-02 -7.486521984e-02
0 8  6.722939493e-02  3.924439669e-02
0 9  1.310867174e-02  7.415678357e-02
0 10 -4.998600035e-02  1.990971430e-02
0 11 -6.289584913e-02 -3.670903366e-02
1 0 -8.512518558e-01 -3.620356782e-01
1 1 -1.084984479e+01 -3.977993217e-15
1 2 -8.928121918e-01  8.281304100e-01
1 3  1.835750067e+00 -8.268241430e-01
1 4 -2.114067092e-01  6.197113213e-01
1 5 -2.532068508e-02 -4.245487985e-01
1 6  2.876636916e-01  1.287348247e-01
1 7 -1.519529348e-01  1.609421770e-01
1 8 -1.313487700e-01 -1.110113421e-01
1 9 -1.497956778e-03 -1.566398022e-01
1 10  1.127046607e-01 -2.332089427e-02
1 11  1.251549833e-01  1.002675941e-01
2 0  1.120709948e+00  3.318574907e-01
2 1 -8.928121918e-01 -8.281304100e-01
2 2 -1.364846943e+01 -1.640241123e-14
2 3 -6.362940572e-01  1.537111984e+00
2 4  2.255266763e+00 -1.544498471e+00
2 5  1.984313442e-01  9.694631267e-01
2 6 -3.839744136e-01 -3.936789190e-01
2 7  4.232484412e-01 -2.289174053e-01
2 8  2.090242452e-01  2.679909235e-01
2 9 -5.729648742e-02  2.628167572e-01
2 10 -1.896024778e-01 -2.338372023e-03
2 11 -1.534850401e-01 -2.059760809e-01
3 0 -2.530554062e-01 -2.701816389e-01
3 1  1.835750067e+00  8.268241430e-01
3 2 -6.362940572e-01 -1.537111984e+00
3 3 -1.664885669e+01  1.543351911e-14
3 4 -5.526747285e-02  2.566667902e+00
3 5  2.247167917e+00 -2.420323959e+00
3 6  1.068253205e+00  1.054247727e+00
3 7 -6.538489059e-01  1.337634841e-01
3 8 -5.672420523e-02 -5.672171305e-01
3 9  2.713351674e-01 -3.381235902e-01
3 10  3.037812861e-01  1.139355072e-01
3 11  1.572555112e-01  3.949215240e-01
4 0  1.073519019e-01  2.260335908e-01
4 1 -2.114067092e-01 -6.197113213e-01
4 2  2.255266763e+00  1.544498471e+00
4 3 -5.526747285e-02 -2.566667902e+00
4 4 -1.994737136e+01 -1.636568393e-14
4 5  1.026389684e+00  3.954935040e+00
4 6  1.631656992e+00 -3.241491292e+00
4 7  2.206762404e+00  4.272639794e-01
4 8 -2.736164777e-02  9.365870943e-01
4 9 -5.152702374e-01  2.667495837e-01
4 10 -2.445737873e-01 -3.990294379e-01
4 11  2.056904051e-01 -6.643461253e-01
5 0  5.947961366e-02 -1.522527598e-01
5 1 -2.532068508e-02  4.245487985e-01
5 2  1.984313442e-01 -9.694631267e-01
5 3  2.247167917e+00  2.420323959e+00
5 4  1.026389684e+00 -3.954935040e+00
5 5 -2.375122437e+01  2.140922702e-15
5 6  2.971520385e+00  5.841437059e+00
5 7  4.997822170e-01 -3.647844376e+00
5 8  2.557576947e+00 -1.204885590e+00
5 9  1.326255645e+00  3.444934442e-01
5 10  1.396550515e-01  7.154632358e-01
5 11 -5.803920418e-01  5.472374686e-01
6 0 -1.099631860e-01  3.326630814e-02
6 1  2.876636916e-01 -1.287348247e-01
6 2 -3.839744136e-01  3.936789190e-01
6 3  1.068253205e+00 -1.054247727e+00
6 4  1.631656992e+00  3.241491292e+00
6 5  2.971520385e+00 -5.841437059e+00
6 6 -2.827034014e+01  6.665037813e-15
6 7  6.069466101e+00  7.754473473e+00
6 8 -8.641447845e-01 -2.396435761e+00
6 9  4.722418234e-01 -1.908116188e+00
6 10  1.591494401e+00 -9.140000474e-01
6 11  2.149279562e+00  1.485285127e-01
7 0  5.781275924e-02  7.486521984e-02
7 1 -1.519529348e-01 -1.609421770e-01
7 2  4.232484412e-01  2.289174053e-01
7 3 -6.538489059e-01 -1.337634841e-01
7 4  2.206762404e+00 -4.272639794e-01
7 5  4.997822170e-01  3.647844376e+00
7 6  6.069466101e+00 -7.754473473e+00
7 7 -3.309878992e+01  1.971365237e-15
7 8  9.178011308e+00  8.089946376e+00
7 9 -5.447362871e-01  1.220508451e+00
7 10 -4.676108502e-01 -1.879527786e+00
7 11  1.056701907e+00 -3.214867515e+00
8 0  6.722939493e-02 -3.924439669e-02
8 1 -1.313487700e-01  1.110113421e-01
8 2  2.090242452e-01 -2.679909235e-01
8 3 -5.672420523e-02  5.672171305e-01
8 4 -2.736164777e-02 -9.365870943e-01
8 5  2.557576947e+00  1.204885590e+00
8 6 -8.641447845e-01  2.396435761e+00
8 7  9.178011308e+00 -8.089946376e+00
8 8 -3.788155939e+01 -2.054343478e-13
8 9  1.247203943e+01  6.492706295e+00
8 10  6.289493005e-01  2.192342714e+00
8 11 -1.713139750e+00 -1.260885473e+00
9 0  1.310867174e-02 -7.415678357e-02
9 1 -1.497956778e-03  1.566398022e-01
9 2 -5.729648742e-02 -2.628167572e-01
9 3  2.713351674e-01  3.381235902e-01
9 4 -5.152702374e-01 -2.667495837e-01
9 5  1.326255645e+00 -3.444934442e-01
9 6  4.722418234e-01  1.908116188e+00
9 7 -5.447362871e-01 -1.220508451e+00
9 8  1.247203943e+01 -6.492706295e+00
9 9 -5.148417714e+01  2.866202433e-14
9 10  2.196234290e+01  7.710303879e+00
9 11  4.654701885e+00  4.551008184e+00
10 0 -4.998600035e-02 -1.990971430e-02
10 1  1.127046607e-01  2.332089427e-02
10 2 -1.896024778e-01  2.338372023e-03
10 3  3.037812861e-01 -1.139355072e-01
10 4 -2.445737873e-01  3.990294379e-01
10 5  1.396550515e-01 -7.154632358e-01
10 6  1.591494401e+00  9.140000474e-01
10 7 -4.676108502e-01  1.879527786e+00
10 8  6.289493005e-01 -2.192342714e+00
10 9  2.196234290e+01 -7.710303879e+00
10 10 -6.714139322e+01  2.528944763e-15
10 11  3.233243000e+01  6.992225364e+00
11 0 -6.289584913e-02  3.670903366e-02
11 1  1.251549833e-01 -1.002675941e-01
11 2 -1.534850401e-01  2.059760809e-01
11 3  1.572555112e-01 -3.949215240e-01
11 4  2.056904051e-01  6.643461253e-01
11 5 -5.803920418e-01 -5.472374686e-01
11 6  2.149279562e+00 -1.485285127e-01
11 7  1.056701907e+00  3.214867515e+00
11 8 -1.713139750e+00  1.260885473e+00
11 9  4.654701885e+00 -4.551008184e+00
11 10  3.233243000e+01 -6.992225364e+00
11 11 -5.917334339e+01 -1.940718120e-13
0  2.420365609e-02 -8.614427148e-04 -1.079084358e-01 -1.130926379e-02
1  4.029407768e-02 -8.716526262e-04  1.404955417e-01  3.717314657e-02
2  5.563489126e-02 -2.008315699e-03 -1.447380954e-01 -7.755430235e-02
3  7.731742219e-02 -2.118601257e-03  1.170671406e-01  1.305604483e-01
4  1.029720441e-01 -4.522965477e-03 -4.124674841e-02 -1.771037124e-01
5  1.338378148e-01 -5.161736139e-03 -8.392649583e-02  1.645631629e-01
6  1.666170383e-01 -7.816245724e-03  1.819299648e-01 -2.794945896e-02
7  1.918636113e-01 -1.007970542e-02 -8.322373356e-02 -1.595236020e-01
8  2.210624246e-01 -1.166198932e-02 -1.554970338e-01  7.986797087e-02
9  2.507264286e-01 -1.400927593e-02  9.191772957e-03  1.667592153e-01
10  2.484594998e-01 -1.446306739e-02  1.240075470e-01  9.717849019e-02
11  2.388711284e-01 -1.766398213e-02  1.470901065e-01  2.007196327e-02
