11  2.160424845e-07
4 3  3.989290958e-01  1.333333333e+00  7.856364573e-01  5.065792667e-01  3.104811180e+08 -3.249371216e-02  3.414689802e+06  3.073066306e+02  1.391909949e+00  1.551810383e-03 -1.959626558e-02 -3.086751797e-02 -3.928991675e+00 -5.515201184e+00  8.083470083e-03  2.096720494e-03  9.911536520e-01  1.013294745e+00  2.675444179e+00  3.419350960e-01
5 3  5.241743413e-01  1.666666667e+00  7.126984828e-01  5.065792667e-01  2.317590732e+08 -2.389943286e-02  3.414689802e+06  2.123787430e+02  1.315873868e+00  1.725558156e-03 -1.357873978e-02 -2.198163403e-02 -2.834028062e+00 -4.702717248e+00  8.260595216e-03  2.129856931e-03  1.044954997e+00  1.008338001e+00  2.798570623e+00  5.108299972e-01
6 3  6.241855085e-01  2.000000000e+00  6.702966488e-01  5.065792667e-01  1.910759724e+08 -1.884727610e-02  3.414689802e+06  1.687817251e+02  1.322753963e+00  1.966545539e-03 -1.109336263e-02 -1.773107123e-02 -2.130039892e+00 -3.879232293e+00  8.430140449e-03  2.196820559e-03  1.125124887e+00  1.005304831e+00  2.768755354e+00  6.325708834e-01
7 3  7.088374452e-01  2.333333333e+00  6.424402486e-01  5.065792667e-01  1.703318064e+08 -1.199617579e-02  3.414689802e+06  1.393664741e+02  1.343223862e+00  2.182252141e-03 -6.543484934e-03 -1.216025397e-02 -1.711594389e+00 -3.309110387e+00  8.632718384e-03  2.256249421e-03  1.216214515e+00  1.003230141e+00  2.689512495e+00  7.269801576e-01
8 3  7.824294725e-01  2.666666667e+00  6.225881001e-01  5.065792667e-01  1.593705236e+08 -9.288732763e-03  3.414689802e+06  1.218384115e+02  1.367574260e+00  2.355040556e-03 -4.345965240e-03 -9.255990512e-03 -1.426410437e+00 -2.865109242e+00  8.796431534e-03  2.307593209e-03  1.317892691e+00  1.001605815e+00  2.593441367e+00  8.040021625e-01
9 3  8.448347873e-01  3.000000000e+00  6.082206570e-01  5.065792667e-01  1.409431020e+08 -7.735062025e-03  3.414689802e+06  1.072472232e+02  1.320229977e+00  2.290223259e-03 -2.809559128e-03 -7.317301885e-03 -1.273553633e+00 -2.561299638e+00  8.587253014e-03  2.265156428e-03  1.444073159e+00  1.000359697e+00  2.486049936e+00  8.660985513e-01
10 3  8.918369847e-01  3.333333333e+00  5.986209729e-01  5.065792667e-01  1.223110814e+08 -1.629020062e-03  3.414689802e+06  9.299959837e+01  1.224127535e+00  2.064232350e-03  3.431164836e-03 -1.112005763e-03 -1.027610175e+00 -2.553397913e+00  8.164483961e-03  2.147493577e-03  1.622932496e+00  9.995675154e-01  2.360054299e+00  9.124280541e-01
11 3  9.271509304e-01  3.666666667e+00  5.929732251e-01  5.065792667e-01  1.148818647e+08  1.003601303e-02  3.414689802e+06  7.960128348e+01  1.297592562e+00  5.429540060e-03  2.969581693e-02  9.067162828e-03 -4.427531874e+00 -1.116123381e+01  8.646165973e-03  2.246651441e-03  1.905503105e+00  9.991832962e-01  2.229601773e+00  9.454064664e-01
12 3  9.681405355e-01  4.000000000e+00  2.899614542e-01  5.065792667e-01  2.287306158e+07  2.028905408e-02  3.414689802e+06  9.191411370e+01  1.026732129e+00  1.091736884e-02  4.764140689e-02  1.531634401e-02 -2.610051334e+01 -1.405741490e+01  7.997922479e-03  2.338403269e-03  2.268174241e+00  9.998367851e-01  2.135554463e+00  9.796331122e-01
13 3  9.833263632e-01  4.333333333e+00  2.394046534e-01  5.065792667e-01  9.690855251e+06  1.724935239e-02  3.414689802e+06  9.436271846e+01  7.863230069e-01  6.977099496e-03  2.382912915e-02  8.789463576e-03 -1.543958952e+01 -6.431254257e+00  6.775688470e-03  2.134907110e-03  3.307246470e+00  9.999104139e-01  2.002349136e+00  9.896938369e-01
14 3  9.914446805e-01  4.666666667e+00  2.197656695e-01  5.065792667e-01  5.738373764e+06  1.421439423e-02  3.414689802e+06  9.150352509e+01  6.211183848e-01  4.390632714e-03  1.584504913e-02  5.314805426e-03 -1.298969577e+01 -4.166920658e+00  5.756013795e-03  1.874442907e-03  5.325368072e+00  9.999368221e-01  1.874724243e+00  9.947486539e-01
