11  2.192804773e-07
4 3  4.193545114e-01  1.333333333e+00  7.391563855e-01  5.061069908e-01  3.162359240e+08 -3.188662157e-02  3.357996993e+06  3.199420376e+02  1.395629045e+00  1.691213965e-03 -1.750581080e-02 -2.972622384e-02 -4.228732996e+00 -6.213833298e+00  8.314432751e-03  2.141090506e-03  9.971515535e-01  1.014721324e+00  2.718131984e+00  3.597470428e-01
5 3  5.487079587e-01  1.666666667e+00  6.638508145e-01  5.061069908e-01  2.144534726e+08 -2.289726070e-02  3.357996993e+06  2.256119879e+02  1.294714600e+00  1.817280846e-03 -1.251066162e-02 -2.090430912e-02 -2.733546420e+00 -4.931099853e+00  8.314578001e-03  2.157095331e-03  1.054862044e+00  1.008928716e+00  2.829007886e+00  5.339383632e-01
6 3  6.493456753e-01  2.000000000e+00  6.251843577e-01  5.061069908e-01  1.726975496e+08 -1.661043695e-02  3.357996993e+06  1.771659582e+02  1.297533788e+00  2.042046144e-03 -9.449451721e-03 -1.583918060e-02 -1.894631949e+00 -3.936316877e+00  8.472529155e-03  2.222377928e-03  1.138898484e+00  1.005600925e+00  2.780691336e+00  6.555492635e-01
7 3  7.346874841e-01  2.333333333e+00  6.016955330e-01  5.061069908e-01  1.552737430e+08 -1.011179374e-02  3.357996993e+06  1.437477716e+02  1.333670286e+00  2.301244396e-03 -5.204998969e-03 -1.046163832e-02 -1.394397582e+00 -3.284406760e+00  8.790146011e-03  2.303529614e-03  1.231407891e+00  1.003324591e+00  2.690595903e+00  7.505809867e-01
8 3  8.099110680e-01  2.666666667e+00  5.870099457e-01  5.061069908e-01  1.396229807e+08 -7.365527731e-03  3.357996993e+06  1.230454260e+02  1.341372181e+00  2.410529493e-03 -3.049604954e-03 -7.405992193e-03 -8.388905020e-01 -2.791820891e+00  8.893423285e-03  2.340631807e-03  1.337819311e+00  1.001526250e+00  2.590670027e+00  8.289105592e-01
9 3  8.681782557e-01  3.000000000e+00  5.874981650e-01  5.061069908e-01  1.162731353e+08 -2.770136162e-03  3.357996993e+06  1.062551970e+02  1.225159772e+00  1.769396681e-03 -1.409275789e-03 -4.227808232e-03  1.650187895e+00 -2.526007828e+00  8.343438331e-03  2.209593235e-03  1.482784606e+00  1.000239052e+00  2.465316111e+00  8.878969205e-01
10 3  9.104744024e-01  3.333333333e+00  5.967644133e-01  5.061069908e-01  1.101811360e+08  7.268383200e-04  3.357996993e+06  9.038871020e+01  1.226921575e+00  3.061233285e-03  1.090381196e-02  3.253875139e-03 -5.058824063e+00 -3.291988217e+00  8.375347253e-03  2.202022206e-03  1.713056265e+00  9.994705556e-01  2.325092097e+00  9.292791366e-01
11 3  9.564764360e-01  3.666666667e+00  3.685525612e-01  5.061069908e-01  5.065827450e+07  1.234252029e-02  3.357996993e+06  9.052411253e+01  1.154254333e+00  1.083235157e-02  6.974549476e-02  1.570270861e-02 -3.769070512e+01 -2.269261271e+01  8.590083508e-03  2.310697271e-03  2.020891112e+00  9.996981730e-01  2.221022229e+00  9.707076943e-01
12 3  9.781634706e-01  4.000000000e+00  2.678433007e-01  5.061069908e-01  1.453665687e+07  1.863517148e-02  3.357996993e+06  9.670709784e+01  8.589848238e-01  8.527447035e-03  3.486331256e-02  1.088840950e-02 -1.926647789e+01 -1.107882898e+01  7.268251437e-03  2.189982105e-03  2.867695628e+00  9.998985928e-01  2.082517056e+00  9.863751911e-01
13 3  9.892163569e-01  4.333333333e+00  2.373076231e-01  5.061069908e-01  7.012636697e+06  1.567065671e-02  3.357996993e+06  9.616079510e+01  6.665715150e-01  5.598863023e-03  2.080057611e-02  7.047649261e-03 -1.413846269e+01 -6.026173491e+00  6.141402738e-03  1.964725687e-03  4.578980926e+00  9.999535307e-01  1.944151795e+00  9.933715978e-01
14 3  9.958141913e-01  4.666666667e+00  2.229217792e-01  5.061069908e-01  4.081860384e+06  1.359302296e-02  3.357996993e+06  9.227479189e+01  5.110420627e-01  3.286829231e-03  1.463104332e-02  4.946449759e-03 -1.190645915e+01 -3.924176644e+00  5.096189442e-03  1.681459808e-03  9.722676465e+00  9.999816443e-01  1.817375712e+00  9.974327986e-01
