11  2.185378276e-07
4 3  4.198336558e-01  1.333333333e+00  7.448749662e-01  5.061783235e-01  3.151915507e+08 -3.161235792e-02  3.370358224e+06  3.214708365e+02  1.393893027e+00  1.692554778e-03 -1.744401290e-02 -2.952872830e-02 -4.159850670e+00 -6.218140419e+00  8.310340281e-03  2.141792332e-03  9.969189541e-01  1.014743342e+00  2.719108079e+00  3.604813540e-01
5 3  5.490315940e-01  1.666666667e+00  6.697580730e-01  5.061783235e-01  2.143337056e+08 -2.274540195e-02  3.370358224e+06  2.268901877e+02  1.293701439e+00  1.814559702e-03 -1.248640309e-02 -2.076388113e-02 -2.737784001e+00 -4.873045171e+00  8.310178968e-03  2.157757848e-03  1.054781902e+00  1.008935165e+00  2.828418043e+00  5.344078740e-01
6 3  6.496250563e-01  2.000000000e+00  6.304525481e-01  5.061783235e-01  1.732760348e+08 -1.662743603e-02  3.370358224e+06  1.780422633e+02  1.297483296e+00  2.035556586e-03 -9.512218403e-03 -1.581547166e-02 -1.931782601e+00 -3.871701475e+00  8.472185428e-03  2.223099820e-03  1.138714598e+00  1.005592951e+00  2.779628448e+00  6.559154291e-01
7 3  7.351012630e-01  2.333333333e+00  6.061584370e-01  5.061783235e-01  1.564131682e+08 -1.028917552e-02  3.370358224e+06  1.446506243e+02  1.334695750e+00  2.287155424e-03 -5.433003266e-03 -1.060565345e-02 -1.431324846e+00 -3.219444325e+00  8.791700400e-03  2.304505580e-03  1.230927687e+00  1.003300641e+00  2.689881992e+00  7.510507200e-01
8 3  8.102790594e-01  2.666666667e+00  5.914905300e-01  5.061783235e-01  1.409068092e+08 -7.343769590e-03  3.370358224e+06  1.239634588e+02  1.337842850e+00  2.346987559e-03 -3.257272377e-03 -7.465161802e-03 -7.367649629e-01 -2.737099271e+00  8.872005695e-03  2.334830681e-03  1.337376987e+00  1.001496568e+00  2.589685976e+00  8.292657139e-01
9 3  8.681734421e-01  3.000000000e+00  5.942657280e-01  5.061783235e-01  1.181001986e+08 -2.313101181e-03  3.370358224e+06  1.068035772e+02  1.222019971e+00  1.678900304e-03 -1.356086001e-03 -3.960813108e-03  1.923955815e+00 -2.488373400e+00  8.324005296e-03  2.202506637e-03  1.482687031e+00  1.000211955e+00  2.463253140e+00  8.878666724e-01
10 3  9.107006423e-01  3.333333333e+00  6.017579818e-01  5.061783235e-01  1.128676740e+08  1.114927332e-04  3.370358224e+06  9.077402546e+01  1.239164926e+00  3.294748027e-03  1.201094631e-02  3.387062126e-03 -6.175729548e+00 -3.565640370e+00  8.428674923e-03  2.214126928e-03  1.710281397e+00  9.994486978e-01  2.323748711e+00  9.294337602e-01
11 3  9.565973890e-01  3.666666667e+00  3.692517155e-01  5.061783235e-01  4.914161045e+07  1.235793853e-02  3.370358224e+06  9.077072619e+01  1.147014410e+00  1.084664922e-02  6.892830583e-02  1.570448522e-02 -3.741937796e+01 -2.250411374e+01  8.539476734e-03  2.307583516e-03  2.020083725e+00  9.996978389e-01  2.219515953e+00  9.707200123e-01
12 3  9.781827988e-01  4.000000000e+00  2.682058221e-01  5.061783235e-01  1.434496829e+07  1.929700871e-02  3.370358224e+06  9.723051943e+01  8.585570175e-01  8.547149410e-03  3.509187152e-02  1.149549413e-02 -1.944716015e+01 -1.088949927e+01  7.243715323e-03  2.192359068e-03  2.863793156e+00  9.998977657e-01  2.080881677e+00  9.863387849e-01
13 3  9.892273040e-01  4.333333333e+00  2.371052781e-01  5.061783235e-01  6.966927691e+06  1.638647077e-02  3.370358224e+06  9.689115044e+01  6.664009786e-01  5.591565549e-03  2.124888629e-02  7.638234601e-03 -1.433391807e+01 -5.949531580e+00  6.119071842e-03  1.965536672e-03  4.568449946e+00  9.999532117e-01  1.942609171e+00  9.933539073e-01
14 3  9.958180762e-01  4.666666667e+00  2.224136182e-01  5.061783235e-01  4.069101231e+06  1.420453519e-02  3.370358224e+06  9.308248100e+01  5.106570919e-01  3.275728483e-03  1.502603480e-02  5.387095649e-03 -1.209856042e+01 -3.894427819e+00  5.074988805e-03  1.680895912e-03  9.696646569e+00  9.999815521e-01  1.815921078e+00  9.974256446e-01
