 9.455891570e-06  4.000000000e+00  1.500000042e+00
 2.099266565e-05  4.000000000e+00  1.500000042e+00
 3.232549911e-05  4.000000000e+00  1.500000042e+00
 4.348829328e-05  4.000000000e+00  1.500000042e+00
 5.462155956e-05  4.000000000e+00  1.500000042e+00
 6.385949515e-05  4.000000000e+00  1.500000042e+00
 7.419707545e-05  4.000000000e+00  1.500000042e+00
 8.479244913e-05  4.000000000e+00  1.500000042e+00
 9.496781091e-05  4.000000000e+00  1.500000042e+00
 1.058695786e-04  4.000000000e+00  1.500000042e+00
 1.170594861e-04  4.000000000e+00  1.500000042e+00
 1.281878929e-04  4.000000000e+00  1.500000042e+00
 1.391520462e-04  4.000000000e+00  1.500000042e+00
 1.491532238e-04  4.000000000e+00  1.500000042e+00
 1.601651000e-04  4.000000000e+00  1.500000042e+00
 1.717220104e-04  4.000000000e+00  1.500000042e+00
 1.824267236e-04  4.000000000e+00  1.500000042e+00
 1.929964938e-04  4.000000000e+00  1.500000042e+00
 2.025806556e-04  4.000000000e+00  1.500000042e+00
 2.124725349e-04  4.000000000e+00  1.500000042e+00
 2.229007697e-04  4.000000000e+00  1.500000042e+00
 2.321516777e-04  4.000000000e+00  1.500000042e+00
 2.427641421e-04  4.000000000e+00  1.500000042e+00
 2.526201542e-04  4.000000000e+00  1.500000042e+00
 2.636294809e-04  4.000000000e+00  1.500000042e+00
 2.747410694e-04  4.000000000e+00  1.500000042e+00
 2.857652000e-04  4.000000000e+00  1.500000042e+00
 2.958746929e-04  4.000000000e+00  1.500000042e+00
 3.070675010e-04  4.000000000e+00  1.500000042e+00
 3.185419186e-04  4.000000000e+00  1.500000042e+00
 3.290111633e-04  4.000000000e+00  1.500000042e+00
 3.395220330e-04  4.000000000e+00  1.500000042e+00
 3.490458632e-04  4.000000000e+00  1.500000042e+00
 3.584014575e-04  4.000000000e+00  1.500000042e+00
 3.688320888e-04  4.000000000e+00  1.500000042e+00
 3.796911273e-04  4.000000000e+00  1.500000042e+00
 3.889224467e-04  4.000000000e+00  1.500000042e+00
 3.993393418e-04  4.000000000e+00  1.500000042e+00
 4.096599676e-04  4.000000000e+00  1.500000042e+00
 4.208019026e-04  4.000000000e+00  1.500000042e+00
 4.318608545e-04  4.000000000e+00  1.500000042e+00
 4.420232941e-04  4.000000000e+00  1.500000042e+00
 4.532136081e-04  4.000000000e+00  1.500000042e+00
 4.643512825e-04  4.000000000e+00  1.500000042e+00
 4.747346863e-04  4.000000000e+00  1.500000042e+00
 4.851404235e-04  4.000000000e+00  1.500000042e+00
 4.944830318e-04  4.000000000e+00  1.500000042e+00
 5.046464787e-04  4.000000000e+00  1.500000042e+00
 5.150628590e-04  4.000000000e+00  1.500000042e+00
 5.259719801e-04  4.000000000e+00  1.500000042e+00
 5.360495182e-04  4.000000000e+00  1.500000042e+00
 5.460714416e-04  4.000000000e+00  1.500000042e+00
 5.563561328e-04  4.000000000e+00  1.500000042e+00
 5.674122025e-04  4.000000000e+00  1.500000042e+00
 5.785032598e-04  4.000000000e+00  1.500000042e+00
 5.888214669e-04  4.000000000e+00  1.500000042e+00
 6.001446542e-04  4.000000000e+00  1.500000042e+00
 6.115487469e-04  4.000000000e+00  1.500000042e+00
 6.228160642e-04  4.000000000e+00  1.500000042e+00
 6.328375348e-04  4.000000000e+00  1.500000042e+00
 6.422835377e-04  4.000000000e+00  1.500000042e+00
 6.526052853e-04  4.000000000e+00  1.500000042e+00
 6.631194414e-04  4.000000000e+00  1.500000042e+00
 6.730707954e-04  4.000000000e+00  1.500000042e+00
 6.832039485e-04  4.000000000e+00  1.500000042e+00
 6.929512844e-04  4.000000000e+00  1.500000042e+00
 7.030947287e-04  4.000000000e+00  1.500000042e+00
 7.138913668e-04  4.000000000e+00  1.500000042e+00
 7.250344622e-04  4.000000000e+00  1.500000042e+00
 7.350010844e-04  4.000000000e+00  1.500000042e+00
 7.463810334e-04  4.000000000e+00  1.500000042e+00
 7.575505162e-04  4.000000000e+00  1.500000042e+00
 7.686899493e-04  4.000000000e+00  1.500000042e+00
 7.798517445e-04  4.000000000e+00  1.500000042e+00
 7.894492499e-04  4.000000000e+00  1.500000042e+00
 7.998275063e-04  4.000000000e+00  1.500000042e+00
 8.103231811e-04  4.000000000e+00  1.500000042e+00
 8.205602458e-04  4.000000000e+00  1.500000042e+00
 8.313492539e-04  4.000000000e+00  1.500000042e+00
 8.424424177e-04  4.000000000e+00  1.500000042e+00
 8.536145543e-04  4.000000000e+00  1.500000042e+00
 8.645980282e-04  4.000000000e+00  1.500000042e+00
 8.745888279e-04  4.000000000e+00  1.500000042e+00
 8.855873582e-04  4.000000000e+00  1.500000042e+00
 8.970402303e-04  4.000000000e+00  1.500000042e+00
 9.078476251e-04  4.000000000e+00  1.500000042e+00
 9.185072101e-04  4.000000000e+00  1.500000042e+00
 9.288229184e-04  4.000000000e+00  1.500000042e+00
 9.387869595e-04  4.000000000e+00  1.500000042e+00
 9.492301212e-04  4.000000000e+00  1.500000042e+00
 9.601072674e-04  4.000000000e+00  1.500000042e+00
 9.696910262e-04  4.000000000e+00  1.500000042e+00
 9.807038890e-04  4.000000000e+00  1.500000042e+00
 9.912047914e-04  4.000000000e+00  1.500000042e+00
 1.002296203e-03  4.000000000e+00  1.500000042e+00
 1.013368235e-03  4.000000000e+00  1.500000042e+00
 1.023588624e-03  4.000000000e+00  1.500000042e+00
 1.034105282e-03  4.000000000e+00  1.500000042e+00
 1.045318359e-03  4.000000000e+00  1.500000042e+00
 1.055661597e-03  4.000000000e+00  1.500000042e+00
 1.066071606e-03  4.000000000e+00  1.500000042e+00
 1.076012536e-03  4.000000000e+00  1.500000042e+00
 1.086350379e-03  4.000000000e+00  1.500000042e+00
 1.096806749e-03  4.000000000e+00  1.500000042e+00
 1.107811881e-03  4.000000000e+00  1.500000042e+00
 1.117977780e-03  4.000000000e+00  1.500000042e+00
 1.128015064e-03  4.000000000e+00  1.500000042e+00
 1.138190311e-03  4.000000000e+00  1.500000042e+00
 1.149235815e-03  4.000000000e+00  1.500000042e+00
 1.160362857e-03  4.000000000e+00  1.500000042e+00
 1.170765039e-03  4.000000000e+00  1.500000042e+00
 1.182145957e-03  4.000000000e+00  1.500000042e+00
 1.193391477e-03  4.000000000e+00  1.500000042e+00
 1.204522299e-03  4.000000000e+00  1.500000042e+00
 1.215656804e-03  4.000000000e+00  1.500000042e+00
 1.225571482e-03  4.000000000e+00  1.500000042e+00
 1.235908472e-03  4.000000000e+00  1.500000042e+00
 1.246529815e-03  4.000000000e+00  1.500000042e+00
 1.256768235e-03  4.000000000e+00  1.500000042e+00
 1.266724963e-03  4.000000000e+00  1.500000042e+00
 1.277501909e-03  4.000000000e+00  1.500000042e+00
 1.288715162e-03  4.000000000e+00  1.500000042e+00
 1.299691675e-03  4.000000000e+00  1.500000042e+00
 1.309661865e-03  4.000000000e+00  1.500000042e+00
 1.320704374e-03  4.000000000e+00  1.500000042e+00
 1.332155196e-03  4.000000000e+00  1.500000042e+00
 1.342765570e-03  4.000000000e+00  1.500000042e+00
 1.353101405e-03  4.000000000e+00  1.500000042e+00
 1.362786763e-03  4.000000000e+00  1.500000042e+00
 1.373020886e-03  4.000000000e+00  1.500000042e+00
 1.383425139e-03  4.000000000e+00  1.500000042e+00
 1.394274361e-03  4.000000000e+00  1.500000042e+00
 1.405107479e-03  4.000000000e+00  1.500000042e+00
 1.415097628e-03  4.000000000e+00  1.500000042e+00
 1.425657632e-03  4.000000000e+00  1.500000042e+00
 1.436681747e-03  4.000000000e+00  1.500000042e+00
 1.447720881e-03  4.000000000e+00  1.500000042e+00
 1.457937053e-03  4.000000000e+00  1.500000042e+00
 1.469144222e-03  4.000000000e+00  1.500000042e+00
 1.480616751e-03  4.000000000e+00  1.500000042e+00
 1.490775525e-03  4.000000000e+00  1.500000042e+00
 1.501064798e-03  4.000000000e+00  1.500000042e+00
 1.510488570e-03  4.000000000e+00  1.500000042e+00
 1.520848789e-03  4.000000000e+00  1.500000042e+00
 1.531349796e-03  4.000000000e+00  1.500000042e+00
 1.541411434e-03  4.000000000e+00  1.500000042e+00
 1.552678060e-03  4.000000000e+00  1.500000042e+00
 1.563079005e-03  4.000000000e+00  1.500000042e+00
 1.573311318e-03  4.000000000e+00  1.500000042e+00
 1.584315940e-03  4.000000000e+00  1.500000042e+00
 1.595456480e-03  4.000000000e+00  1.500000042e+00
 1.605903429e-03  4.000000000e+00  1.500000042e+00
 1.615859198e-03  4.000000000e+00  1.500000042e+00
 1.627248451e-03  4.000000000e+00  1.500000042e+00
 1.637263420e-03  4.000000000e+00  1.500000042e+00
 1.647469678e-03  4.000000000e+00  1.500000042e+00
 1.656630641e-03  4.000000000e+00  1.500000042e+00
 1.666857378e-03  4.000000000e+00  1.500000042e+00
 1.677362512e-03  4.000000000e+00  1.500000042e+00
 1.688501243e-03  4.000000000e+00  1.500000042e+00
 1.697347870e-03  4.000000000e+00  1.500000042e+00
 1.707686594e-03  4.000000000e+00  1.500000042e+00
 1.717904016e-03  4.000000000e+00  1.500000042e+00
 1.728946225e-03  4.000000000e+00  1.500000042e+00
 1.740081159e-03  4.000000000e+00  1.500000042e+00
 1.750497704e-03  4.000000000e+00  1.500000042e+00
 1.761985723e-03  4.000000000e+00  1.500000042e+00
 1.773156993e-03  4.000000000e+00  1.500000042e+00
 1.784233178e-03  4.000000000e+00  1.500000042e+00
 1.795335289e-03  4.000000000e+00  1.500000042e+00
 1.804917683e-03  4.000000000e+00  1.500000042e+00
 1.815261120e-03  4.000000000e+00  1.500000042e+00
 1.825501081e-03  4.000000000e+00  1.500000042e+00
 1.835717012e-03  4.000000000e+00  1.500000042e+00
 1.845733142e-03  4.000000000e+00  1.500000042e+00
 1.856216702e-03  4.000000000e+00  1.500000042e+00
 1.867477574e-03  4.000000000e+00  1.500000042e+00
 1.878458462e-03  4.000000000e+00  1.500000042e+00
 1.888405850e-03  4.000000000e+00  1.500000042e+00
 1.899441021e-03  4.000000000e+00  1.500000042e+00
 1.909457752e-03  4.000000000e+00  1.500000042e+00
 1.920256480e-03  4.000000000e+00  1.500000042e+00
 1.930857507e-03  4.000000000e+00  1.500000042e+00
 1.940858081e-03  4.000000000e+00  1.500000042e+00
 1.949853417e-03  4.000000000e+00  1.500000042e+00
 1.960211813e-03  4.000000000e+00  1.500000042e+00
 1.970936986e-03  4.000000000e+00  1.500000042e+00
 1.980740427e-03  4.000000000e+00  1.500000042e+00
 1.990453921e-03  4.000000000e+00  1.500000042e+00
 2.001427591e-03  4.000000000e+00  1.500000042e+00
 2.012544936e-03  4.000000000e+00  1.500000042e+00
 2.023520982e-03  4.000000000e+00  1.500000042e+00
 2.033543716e-03  4.000000000e+00  1.500000042e+00
 2.044701978e-03  4.000000000e+00  1.500000042e+00
 2.056216282e-03  4.000000000e+00  1.500000042e+00
 2.066629452e-03  4.000000000e+00  1.500000042e+00
 2.077024139e-03  4.000000000e+00  1.500000042e+00
 2.086389173e-03  4.000000000e+00  1.500000042e+00
 2.096734582e-03  4.000000000e+00  1.500000042e+00
 2.107184750e-03  4.000000000e+00  1.500000042e+00
 2.116930555e-03  4.000000000e+00  1.500000042e+00
 2.127824963e-03  4.000000000e+00  1.500000042e+00
 2.136675843e-03  4.000000000e+00  1.500000042e+00
 2.147400494e-03  4.000000000e+00  1.500000042e+00
 2.158462174e-03  4.000000000e+00  1.500000042e+00
 2.169484127e-03  4.000000000e+00  1.500000042e+00
 2.179622026e-03  4.000000000e+00  1.500000042e+00
 2.190898677e-03  4.000000000e+00  1.500000042e+00
 2.201058892e-03  4.000000000e+00  1.500000042e+00
 2.211505383e-03  4.000000000e+00  1.500000042e+00
 2.221928663e-03  4.000000000e+00  1.500000042e+00
 2.231749554e-03  4.000000000e+00  1.500000042e+00
 2.242102617e-03  4.000000000e+00  1.500000042e+00
 2.252575675e-03  4.000000000e+00  1.500000042e+00
 2.263600774e-03  4.000000000e+00  1.500000042e+00
 2.273169196e-03  4.000000000e+00  1.500000042e+00
 2.284099148e-03  4.000000000e+00  1.500000042e+00
 2.293914209e-03  4.000000000e+00  1.500000042e+00
 2.304960238e-03  4.000000000e+00  1.500000042e+00
 2.316061245e-03  4.000000000e+00  1.500000042e+00
 2.326387822e-03  4.000000000e+00  1.500000042e+00
 2.336543720e-03  4.000000000e+00  1.500000042e+00
 2.347933536e-03  4.000000000e+00  1.500000042e+00
 2.357940465e-03  4.000000000e+00  1.500000042e+00
 2.368106997e-03  4.000000000e+00  1.500000042e+00
 2.378063447e-03  4.000000000e+00  1.500000042e+00
 2.388387474e-03  4.000000000e+00  1.500000042e+00
 2.398895471e-03  4.000000000e+00  1.500000042e+00
 2.408804808e-03  4.000000000e+00  1.500000042e+00
 2.419874922e-03  4.000000000e+00  1.500000042e+00
 2.430152368e-03  4.000000000e+00  1.500000042e+00
 2.440248048e-03  4.000000000e+00  1.500000042e+00
 2.451236714e-03  4.000000000e+00  1.500000042e+00
 2.462439660e-03  4.000000000e+00  1.500000042e+00
 2.473094209e-03  4.000000000e+00  1.500000042e+00
 2.483229790e-03  4.000000000e+00  1.500000042e+00
 2.494480004e-03  4.000000000e+00  1.500000042e+00
 2.505267578e-03  4.000000000e+00  1.500000042e+00
 2.516146638e-03  4.000000000e+00  1.500000042e+00
 2.525121206e-03  4.000000000e+00  1.500000042e+00
 2.535462633e-03  4.000000000e+00  1.500000042e+00
 2.546153376e-03  4.000000000e+00  1.500000042e+00
 2.556599813e-03  4.000000000e+00  1.500000042e+00
 2.566174626e-03  4.000000000e+00  1.500000042e+00
 2.577055446e-03  4.000000000e+00  1.500000042e+00
 2.588169983e-03  4.000000000e+00  1.500000042e+00
 2.599147422e-03  4.000000000e+00  1.500000042e+00
 2.609177007e-03  4.000000000e+00  1.500000042e+00
 2.619349009e-03  4.000000000e+00  1.500000042e+00
 2.629557000e-03  4.000000000e+00  1.500000042e+00
 2.640192792e-03  4.000000000e+00  1.500000042e+00
 2.650661586e-03  4.000000000e+00  1.500000042e+00
 2.660677169e-03  4.000000000e+00  1.500000042e+00
 2.670997021e-03  4.000000000e+00  1.500000042e+00
 2.681420512e-03  4.000000000e+00  1.500000042e+00
 2.692365528e-03  4.000000000e+00  1.500000042e+00
 2.703508094e-03  4.000000000e+00  1.500000042e+00
 2.713546417e-03  4.000000000e+00  1.500000042e+00
 2.723833964e-03  4.000000000e+00  1.500000042e+00
 2.734815688e-03  4.000000000e+00  1.500000042e+00
 2.745889607e-03  4.000000000e+00  1.500000042e+00
 2.756210447e-03  4.000000000e+00  1.500000042e+00
 2.766061389e-03  4.000000000e+00  1.500000042e+00
 2.776196247e-03  4.000000000e+00  1.500000042e+00
 2.786394981e-03  4.000000000e+00  1.500000042e+00
 2.796660980e-03  4.000000000e+00  1.500000042e+00
 2.806225831e-03  4.000000000e+00  1.500000042e+00
 2.816566722e-03  4.000000000e+00  1.500000042e+00
 2.827063531e-03  4.000000000e+00  1.500000042e+00
 2.836861977e-03  4.000000000e+00  1.500000042e+00
 2.846595075e-03  4.000000000e+00  1.500000042e+00
 2.856472817e-03  4.000000000e+00  1.500000042e+00
 2.866941367e-03  4.000000000e+00  1.500000042e+00
 2.877979771e-03  4.000000000e+00  1.500000042e+00
 2.889060606e-03  4.000000000e+00  1.500000042e+00
 2.899337977e-03  4.000000000e+00  1.500000042e+00
 2.909503785e-03  4.000000000e+00  1.500000042e+00
 2.919899571e-03  4.000000000e+00  1.500000042e+00
 2.930100916e-03  4.000000000e+00  1.500000042e+00
 2.940359489e-03  4.000000000e+00  1.500000042e+00
 2.948695911e-03  4.000000000e+00  1.500000042e+00
 2.959019898e-03  4.000000000e+00  1.500000042e+00
 2.969463021e-03  4.000000000e+00  1.500000042e+00
 2.980458123e-03  4.000000000e+00  1.500000042e+00
 2.989025092e-03  4.000000000e+00  1.500000042e+00
 2.999303130e-03  4.000000000e+00  1.500000042e+00
 3.009664859e-03  4.000000000e+00  1.500000042e+00
 3.020737971e-03  4.000000000e+00  1.500000042e+00
 3.031812119e-03  4.000000000e+00  1.500000042e+00
 3.042060257e-03  4.000000000e+00  1.500000042e+00
 3.052115262e-03  4.000000000e+00  1.500000042e+00
 3.062155185e-03  4.000000000e+00  1.500000042e+00
 3.072367070e-03  4.000000000e+00  1.500000042e+00
 3.082598121e-03  4.000000000e+00  1.500000042e+00
 3.091681930e-03  4.000000000e+00  1.500000042e+00
 3.102011888e-03  4.000000000e+00  1.500000042e+00
 3.112437128e-03  4.000000000e+00  1.500000042e+00
 3.123461349e-03  4.000000000e+00  1.500000042e+00
 3.133250835e-03  4.000000000e+00  1.500000042e+00
 3.143725326e-03  4.000000000e+00  1.500000042e+00
 3.153956089e-03  4.000000000e+00  1.500000042e+00
 3.164939303e-03  4.000000000e+00  1.500000042e+00
 3.176058291e-03  4.000000000e+00  1.500000042e+00
 3.186501604e-03  4.000000000e+00  1.500000042e+00
 3.197512812e-03  4.000000000e+00  1.500000042e+00
 3.208374668e-03  4.000000000e+00  1.500000042e+00
 3.219280597e-03  4.000000000e+00  1.500000042e+00
 3.230210686e-03  4.000000000e+00  1.500000042e+00
 3.239500212e-03  4.000000000e+00  1.500000042e+00
 3.249358117e-03  4.000000000e+00  1.500000042e+00
 3.260020788e-03  4.000000000e+00  1.500000042e+00
 3.270389507e-03  4.000000000e+00  1.500000042e+00
 3.280203987e-03  4.000000000e+00  1.500000042e+00
 3.291122253e-03  4.000000000e+00  1.500000042e+00
 3.302247927e-03  4.000000000e+00  1.500000042e+00
 3.313217248e-03  4.000000000e+00  1.500000042e+00
 3.323205994e-03  4.000000000e+00  1.500000042e+00
 3.334348638e-03  4.000000000e+00  1.500000042e+00
 3.344842065e-03  4.000000000e+00  1.500000042e+00
 3.355473685e-03  4.000000000e+00  1.500000042e+00
 3.365915977e-03  4.000000000e+00  1.500000042e+00
 3.375391650e-03  4.000000000e+00  1.500000042e+00
 3.385722244e-03  4.000000000e+00  1.500000042e+00
 3.396158395e-03  4.000000000e+00  1.500000042e+00
 3.405513291e-03  4.000000000e+00  1.500000042e+00
 3.416359975e-03  4.000000000e+00  1.500000042e+00
 3.426918461e-03  4.000000000e+00  1.500000042e+00
 3.437392533e-03  4.000000000e+00  1.500000042e+00
 3.448423452e-03  4.000000000e+00  1.500000042e+00
 3.459495789e-03  4.000000000e+00  1.500000042e+00
 3.469749745e-03  4.000000000e+00  1.500000042e+00
 3.479801960e-03  4.000000000e+00  1.500000042e+00
 3.490301182e-03  4.000000000e+00  1.500000042e+00
 3.500580402e-03  4.000000000e+00  1.500000042e+00
 3.510863774e-03  4.000000000e+00  1.500000042e+00
 3.520317055e-03  4.000000000e+00  1.500000042e+00
 3.530643045e-03  4.000000000e+00  1.500000042e+00
 3.541118720e-03  4.000000000e+00  1.500000042e+00
 3.551745379e-03  4.000000000e+00  1.500000042e+00
 3.561158736e-03  4.000000000e+00  1.500000042e+00
 3.571265262e-03  4.000000000e+00  1.500000042e+00
 3.581562492e-03  4.000000000e+00  1.500000042e+00
 3.592603711e-03  4.000000000e+00  1.500000042e+00
 3.603738021e-03  4.000000000e+00  1.500000042e+00
 3.614130510e-03  4.000000000e+00  1.500000042e+00
 3.624288107e-03  4.000000000e+00  1.500000042e+00
 3.634394111e-03  4.000000000e+00  1.500000042e+00
 3.644412490e-03  4.000000000e+00  1.500000042e+00
 3.654533364e-03  4.000000000e+00  1.500000042e+00
 3.663741694e-03  4.000000000e+00  1.500000042e+00
 3.674043113e-03  4.000000000e+00  1.500000042e+00
 3.684514412e-03  4.000000000e+00  1.500000042e+00
 3.695688336e-03  4.000000000e+00  1.500000042e+00
 3.704699234e-03  4.000000000e+00  1.500000042e+00
 3.715201616e-03  4.000000000e+00  1.500000042e+00
 3.725339619e-03  4.000000000e+00  1.500000042e+00
 3.736328193e-03  4.000000000e+00  1.500000042e+00
 3.747511722e-03  4.000000000e+00  1.500000042e+00
 3.758090952e-03  4.000000000e+00  1.500000042e+00
 3.769038045e-03  4.000000000e+00  1.500000042e+00
 3.780019065e-03  4.000000000e+00  1.500000042e+00
 3.790801240e-03  4.000000000e+00  1.500000042e+00
 3.801052385e-03  4.000000000e+00  1.500000042e+00
 3.810633876e-03  4.000000000e+00  1.500000042e+00
 3.820972916e-03  4.000000000e+00  1.500000042e+00
 3.831687216e-03  4.000000000e+00  1.500000042e+00
 3.842235165e-03  4.000000000e+00  1.500000042e+00
 3.852077119e-03  4.000000000e+00  1.500000042e+00
 3.862816892e-03  4.000000000e+00  1.500000042e+00
 3.873873826e-03  4.000000000e+00  1.500000042e+00
 3.884880034e-03  4.000000000e+00  1.500000042e+00
 3.894994135e-03  4.000000000e+00  1.500000042e+00
 3.904691146e-03  4.000000000e+00  1.500000042e+00
 3.915254326e-03  4.000000000e+00  1.500000042e+00
 3.925867870e-03  4.000000000e+00  1.500000042e+00
 3.936294024e-03  4.000000000e+00  1.500000042e+00
 3.946045723e-03  4.000000000e+00  1.500000042e+00
 3.956366248e-03  4.000000000e+00  1.500000042e+00
 3.966085372e-03  4.000000000e+00  1.500000042e+00
 3.976767924e-03  4.000000000e+00  1.500000042e+00
 3.987850185e-03  4.000000000e+00  1.500000042e+00
 3.998024719e-03  4.000000000e+00  1.500000042e+00
 4.008310155e-03  4.000000000e+00  1.500000042e+00
 4.019302383e-03  4.000000000e+00  1.500000042e+00
 4.030406426e-03  4.000000000e+00  1.500000042e+00
 4.039690137e-03  4.000000000e+00  1.500000042e+00
 4.048983481e-03  4.000000000e+00  1.500000042e+00
 4.058951056e-03  4.000000000e+00  1.500000042e+00
 4.069533115e-03  4.000000000e+00  1.500000042e+00
 4.079993609e-03  4.000000000e+00  1.500000042e+00
 4.089068197e-03  4.000000000e+00  1.500000042e+00
 4.099299060e-03  4.000000000e+00  1.500000042e+00
 4.109727622e-03  4.000000000e+00  1.500000042e+00
 4.119299751e-03  4.000000000e+00  1.500000042e+00
 4.128651599e-03  4.000000000e+00  1.500000042e+00
 4.139385312e-03  4.000000000e+00  1.500000042e+00
 4.149853711e-03  4.000000000e+00  1.500000042e+00
 4.160952834e-03  4.000000000e+00  1.500000042e+00
 4.172028102e-03  4.000000000e+00  1.500000042e+00
 4.182236059e-03  4.000000000e+00  1.500000042e+00
 4.193627281e-03  4.000000000e+00  1.500000042e+00
 4.203392315e-03  4.000000000e+00  1.500000042e+00
 4.213832193e-03  4.000000000e+00  1.500000042e+00
 4.224195023e-03  4.000000000e+00  1.500000042e+00
 4.234028015e-03  4.000000000e+00  1.500000042e+00
 4.244339082e-03  4.000000000e+00  1.500000042e+00
 4.254778703e-03  4.000000000e+00  1.500000042e+00
 4.265813660e-03  4.000000000e+00  1.500000042e+00
 4.275550337e-03  4.000000000e+00  1.500000042e+00
 4.285777569e-03  4.000000000e+00  1.500000042e+00
 4.296006520e-03  4.000000000e+00  1.500000042e+00
 4.307030218e-03  4.000000000e+00  1.500000042e+00
 4.318200987e-03  4.000000000e+00  1.500000042e+00
 4.328700564e-03  4.000000000e+00  1.500000042e+00
 4.339047219e-03  4.000000000e+00  1.500000042e+00
 4.349282306e-03  4.000000000e+00  1.500000042e+00
 4.359866900e-03  4.000000000e+00  1.500000042e+00
 4.370363667e-03  4.000000000e+00  1.500000042e+00
 4.379068491e-03  4.000000000e+00  1.500000042e+00
 4.389374583e-03  4.000000000e+00  1.500000042e+00
 4.399865668e-03  4.000000000e+00  1.500000042e+00
 4.409799400e-03  4.000000000e+00  1.500000042e+00
 4.419901410e-03  4.000000000e+00  1.500000042e+00
 4.430172486e-03  4.000000000e+00  1.500000042e+00
 4.440234168e-03  4.000000000e+00  1.500000042e+00
 4.451202380e-03  4.000000000e+00  1.500000042e+00
 4.462405825e-03  4.000000000e+00  1.500000042e+00
 4.473040984e-03  4.000000000e+00  1.500000042e+00
 4.483095450e-03  4.000000000e+00  1.500000042e+00
 4.494456823e-03  4.000000000e+00  1.500000042e+00
 4.505476370e-03  4.000000000e+00  1.500000042e+00
 4.516489329e-03  4.000000000e+00  1.500000042e+00
 4.525887025e-03  4.000000000e+00  1.500000042e+00
 4.536247957e-03  4.000000000e+00  1.500000042e+00
 4.546931372e-03  4.000000000e+00  1.500000042e+00
 4.557336773e-03  4.000000000e+00  1.500000042e+00
 4.568555752e-03  4.000000000e+00  1.500000042e+00
 4.579362243e-03  4.000000000e+00  1.500000042e+00
 4.590425632e-03  4.000000000e+00  1.500000042e+00
 4.601454023e-03  4.000000000e+00  1.500000042e+00
 4.611602515e-03  4.000000000e+00  1.500000042e+00
 4.621314806e-03  4.000000000e+00  1.500000042e+00
 4.632009978e-03  4.000000000e+00  1.500000042e+00
 4.642781269e-03  4.000000000e+00  1.500000042e+00
 4.653402422e-03  4.000000000e+00  1.500000042e+00
 4.663263393e-03  4.000000000e+00  1.500000042e+00
 4.673183817e-03  4.000000000e+00  1.500000042e+00
 4.683099280e-03  4.000000000e+00  1.500000042e+00
 4.692540968e-03  4.000000000e+00  1.500000042e+00
 4.703083605e-03  4.000000000e+00  1.500000042e+00
 4.714180915e-03  4.000000000e+00  1.500000042e+00
 4.724748904e-03  4.000000000e+00  1.500000042e+00
 4.735844739e-03  4.000000000e+00  1.500000042e+00
 4.746922982e-03  4.000000000e+00  1.500000042e+00
 4.757138403e-03  4.000000000e+00  1.500000042e+00
 4.768394764e-03  4.000000000e+00  1.500000042e+00
 4.779572446e-03  4.000000000e+00  1.500000042e+00
 4.789968333e-03  4.000000000e+00  1.500000042e+00
 4.800375322e-03  4.000000000e+00  1.500000042e+00
 4.809482145e-03  4.000000000e+00  1.500000042e+00
 4.819824977e-03  4.000000000e+00  1.500000042e+00
 4.830265761e-03  4.000000000e+00  1.500000042e+00
 4.840165108e-03  4.000000000e+00  1.500000042e+00
 4.849137562e-03  4.000000000e+00  1.500000042e+00
 4.859227714e-03  4.000000000e+00  1.500000042e+00
 4.869494446e-03  4.000000000e+00  1.500000042e+00
 4.880631613e-03  4.000000000e+00  1.500000042e+00
 4.891719426e-03  4.000000000e+00  1.500000042e+00
 4.901935923e-03  4.000000000e+00  1.500000042e+00
 4.913219898e-03  4.000000000e+00  1.500000042e+00
 4.923369097e-03  4.000000000e+00  1.500000042e+00
 4.933877926e-03  4.000000000e+00  1.500000042e+00
 4.944308304e-03  4.000000000e+00  1.500000042e+00
 4.953523617e-03  4.000000000e+00  1.500000042e+00
 4.963842787e-03  4.000000000e+00  1.500000042e+00
 4.974241304e-03  4.000000000e+00  1.500000042e+00
 4.985129090e-03  4.000000000e+00  1.500000042e+00
 4.994357604e-03  4.000000000e+00  1.500000042e+00
 5.004733057e-03  4.000000000e+00  1.500000042e+00
 5.015203359e-03  4.000000000e+00  1.500000042e+00
 5.026262150e-03  4.000000000e+00  1.500000042e+00
 5.037357147e-03  4.000000000e+00  1.500000042e+00
 5.047664410e-03  4.000000000e+00  1.500000042e+00
 5.057789698e-03  4.000000000e+00  1.500000042e+00
 5.069097748e-03  4.000000000e+00  1.500000042e+00
 5.079383914e-03  4.000000000e+00  1.500000042e+00
 5.089706028e-03  4.000000000e+00  1.500000042e+00
 5.098747410e-03  4.000000000e+00  1.500000042e+00
 5.109074917e-03  4.000000000e+00  1.500000042e+00
 5.119503590e-03  4.000000000e+00  1.500000042e+00
 5.130470646e-03  4.000000000e+00  1.500000042e+00
 5.141711940e-03  4.000000000e+00  1.500000042e+00
 5.152119232e-03  4.000000000e+00  1.500000042e+00
 5.162283528e-03  4.000000000e+00  1.500000042e+00
 5.173266686e-03  4.000000000e+00  1.500000042e+00
 5.184430924e-03  4.000000000e+00  1.500000042e+00
 5.194943960e-03  4.000000000e+00  1.500000042e+00
 5.204863574e-03  4.000000000e+00  1.500000042e+00
 5.215071437e-03  4.000000000e+00  1.500000042e+00
 5.225335533e-03  4.000000000e+00  1.500000042e+00
 5.235674732e-03  4.000000000e+00  1.500000042e+00
 5.245044578e-03  4.000000000e+00  1.500000042e+00
 5.255410896e-03  4.000000000e+00  1.500000042e+00
 5.265897185e-03  4.000000000e+00  1.500000042e+00
 5.275710295e-03  4.000000000e+00  1.500000042e+00
 5.286849904e-03  4.000000000e+00  1.500000042e+00
 5.297294920e-03  4.000000000e+00  1.500000042e+00
 5.306789662e-03  4.000000000e+00  1.500000042e+00
 5.317825341e-03  4.000000000e+00  1.500000042e+00
 5.328951726e-03  4.000000000e+00  1.500000042e+00
 5.339315883e-03  4.000000000e+00  1.500000042e+00
 5.349363578e-03  4.000000000e+00  1.500000042e+00
 5.360565311e-03  4.000000000e+00  1.500000042e+00
 5.370926825e-03  4.000000000e+00  1.500000042e+00
 5.381378280e-03  4.000000000e+00  1.500000042e+00
 5.390880523e-03  4.000000000e+00  1.500000042e+00
 5.401250682e-03  4.000000000e+00  1.500000042e+00
 5.411721499e-03  4.000000000e+00  1.500000042e+00
 5.421863060e-03  4.000000000e+00  1.500000042e+00
 5.431521839e-03  4.000000000e+00  1.500000042e+00
 5.441951680e-03  4.000000000e+00  1.500000042e+00
 5.452207165e-03  4.000000000e+00  1.500000042e+00
 5.462878980e-03  4.000000000e+00  1.500000042e+00
 5.473807213e-03  4.000000000e+00  1.500000042e+00
 5.484060293e-03  4.000000000e+00  1.500000042e+00
 5.495210083e-03  4.000000000e+00  1.500000042e+00
 5.506389283e-03  4.000000000e+00  1.500000042e+00
 5.516797617e-03  4.000000000e+00  1.500000042e+00
 5.527210959e-03  4.000000000e+00  1.500000042e+00
 5.537074711e-03  4.000000000e+00  1.500000042e+00
 5.547406214e-03  4.000000000e+00  1.500000042e+00
 5.557846981e-03  4.000000000e+00  1.500000042e+00
 5.568828785e-03  4.000000000e+00  1.500000042e+00
 5.578254171e-03  4.000000000e+00  1.500000042e+00
 5.588261600e-03  4.000000000e+00  1.500000042e+00
 5.598531770e-03  4.000000000e+00  1.500000042e+00
 5.609603802e-03  4.000000000e+00  1.500000042e+00
 5.620735928e-03  4.000000000e+00  1.500000042e+00
 5.629639468e-03  4.000000000e+00  1.500000042e+00
 5.641127149e-03  4.000000000e+00  1.500000042e+00
 5.651679048e-03  4.000000000e+00  1.500000042e+00
 5.662030406e-03  4.000000000e+00  1.500000042e+00
 5.672403458e-03  4.000000000e+00  1.500000042e+00
 5.682045373e-03  4.000000000e+00  1.500000042e+00
 5.692366705e-03  4.000000000e+00  1.500000042e+00
 5.702790276e-03  4.000000000e+00  1.500000042e+00
 5.713745299e-03  4.000000000e+00  1.500000042e+00
 5.724940680e-03  4.000000000e+00  1.500000042e+00
 5.736318998e-03  4.000000000e+00  1.500000042e+00
 5.746414796e-03  4.000000000e+00  1.500000042e+00
 5.757401020e-03  4.000000000e+00  1.500000042e+00
 5.768614249e-03  4.000000000e+00  1.500000042e+00
 5.779253226e-03  4.000000000e+00  1.500000042e+00
 5.788100461e-03  4.000000000e+00  1.500000042e+00
 5.799369183e-03  4.000000000e+00  1.500000042e+00
 5.809450304e-03  4.000000000e+00  1.500000042e+00
 5.819692717e-03  4.000000000e+00  1.500000042e+00
 5.828343607e-03  4.000000000e+00  1.500000042e+00
 5.838702948e-03  4.000000000e+00  1.500000042e+00
 5.849178324e-03  4.000000000e+00  1.500000042e+00
 5.860226157e-03  4.000000000e+00  1.500000042e+00
 5.870030133e-03  4.000000000e+00  1.500000042e+00
 5.880011023e-03  4.000000000e+00  1.500000042e+00
 5.890374989e-03  4.000000000e+00  1.500000042e+00
 5.901396224e-03  4.000000000e+00  1.500000042e+00
 5.912514745e-03  4.000000000e+00  1.500000042e+00
 5.922881137e-03  4.000000000e+00  1.500000042e+00
 5.934387003e-03  4.000000000e+00  1.500000042e+00
 5.944588329e-03  4.000000000e+00  1.500000042e+00
 5.954934932e-03  4.000000000e+00  1.500000042e+00
 5.965356699e-03  4.000000000e+00  1.500000042e+00
 5.975280983e-03  4.000000000e+00  1.500000042e+00
 5.985659520e-03  4.000000000e+00  1.500000042e+00
 5.996159148e-03  4.000000000e+00  1.500000042e+00
 6.005280680e-03  4.000000000e+00  1.500000042e+00
 6.015899735e-03  4.000000000e+00  1.500000042e+00
 6.026996242e-03  4.000000000e+00  1.500000042e+00
 6.037340025e-03  4.000000000e+00  1.500000042e+00
 6.048403642e-03  4.000000000e+00  1.500000042e+00
 6.059554048e-03  4.000000000e+00  1.500000042e+00
 6.069948139e-03  4.000000000e+00  1.500000042e+00
 6.081275616e-03  4.000000000e+00  1.500000042e+00
 6.092224818e-03  4.000000000e+00  1.500000042e+00
 6.102432828e-03  4.000000000e+00  1.500000042e+00
 6.112599405e-03  4.000000000e+00  1.500000042e+00
 6.122011791e-03  4.000000000e+00  1.500000042e+00
 6.132363869e-03  4.000000000e+00  1.500000042e+00
 6.142834032e-03  4.000000000e+00  1.500000042e+00
 6.153859048e-03  4.000000000e+00  1.500000042e+00
 6.162536531e-03  4.000000000e+00  1.500000042e+00
 6.173924310e-03  4.000000000e+00  1.500000042e+00
 6.184061252e-03  4.000000000e+00  1.500000042e+00
 6.195135370e-03  4.000000000e+00  1.500000042e+00
 6.206301650e-03  4.000000000e+00  1.500000042e+00
 6.216741256e-03  4.000000000e+00  1.500000042e+00
 6.228038267e-03  4.000000000e+00  1.500000042e+00
 6.239528062e-03  4.000000000e+00  1.500000042e+00
 6.250823143e-03  4.000000000e+00  1.500000042e+00
 6.260870267e-03  4.000000000e+00  1.500000042e+00
 6.270537830e-03  4.000000000e+00  1.500000042e+00
 6.280870930e-03  4.000000000e+00  1.500000042e+00
 6.291397081e-03  4.000000000e+00  1.500000042e+00
 6.301364020e-03  4.000000000e+00  1.500000042e+00
 6.312029404e-03  4.000000000e+00  1.500000042e+00
 6.322679618e-03  4.000000000e+00  1.500000042e+00
 6.332701766e-03  4.000000000e+00  1.500000042e+00
 6.343699013e-03  4.000000000e+00  1.500000042e+00
 6.354980278e-03  4.000000000e+00  1.500000042e+00
 6.365765660e-03  4.000000000e+00  1.500000042e+00
 6.377276735e-03  4.000000000e+00  1.500000042e+00
 6.388205142e-03  4.000000000e+00  1.500000042e+00
 6.399081998e-03  4.000000000e+00  1.500000042e+00
 6.410059730e-03  4.000000000e+00  1.500000042e+00
 6.419035365e-03  4.000000000e+00  1.500000042e+00
 6.429143377e-03  4.000000000e+00  1.500000042e+00
 6.439811862e-03  4.000000000e+00  1.500000042e+00
 6.450134835e-03  4.000000000e+00  1.500000042e+00
 6.461320264e-03  4.000000000e+00  1.500000042e+00
 6.472301081e-03  4.000000000e+00  1.500000042e+00
 6.483417876e-03  4.000000000e+00  1.500000042e+00
 6.494442593e-03  4.000000000e+00  1.500000042e+00
 6.504550537e-03  4.000000000e+00  1.500000042e+00
 6.515626630e-03  4.000000000e+00  1.500000042e+00
 6.525528638e-03  4.000000000e+00  1.500000042e+00
 6.536488602e-03  4.000000000e+00  1.500000042e+00
 6.547213841e-03  4.000000000e+00  1.500000042e+00
 6.557726204e-03  4.000000000e+00  1.500000042e+00
 6.567471849e-03  4.000000000e+00  1.500000042e+00
 6.577909111e-03  4.000000000e+00  1.500000042e+00
 6.587362112e-03  4.000000000e+00  1.500000042e+00
 6.597564425e-03  4.000000000e+00  1.500000042e+00
 6.608958884e-03  4.000000000e+00  1.500000042e+00
 6.619845016e-03  4.000000000e+00  1.500000042e+00
 6.630956035e-03  4.000000000e+00  1.500000042e+00
 6.642018765e-03  4.000000000e+00  1.500000042e+00
 6.652192854e-03  4.000000000e+00  1.500000042e+00
 6.663356815e-03  4.000000000e+00  1.500000042e+00
 6.674725263e-03  4.000000000e+00  1.500000042e+00
 6.685208213e-03  4.000000000e+00  1.500000042e+00
 6.695777602e-03  4.000000000e+00  1.500000042e+00
 6.705373225e-03  4.000000000e+00  1.500000042e+00
 6.714488734e-03  4.000000000e+00  1.500000042e+00
 6.724919317e-03  4.000000000e+00  1.500000042e+00
 6.735215319e-03  4.000000000e+00  1.500000042e+00
 6.744851600e-03  4.000000000e+00  1.500000042e+00
 6.755177530e-03  4.000000000e+00  1.500000042e+00
 6.765451363e-03  4.000000000e+00  1.500000042e+00
 6.776665295e-03  4.000000000e+00  1.500000042e+00
 6.787727738e-03  4.000000000e+00  1.500000042e+00
 6.797835122e-03  4.000000000e+00  1.500000042e+00
 6.808892025e-03  4.000000000e+00  1.500000042e+00
 6.819990797e-03  4.000000000e+00  1.500000042e+00
 6.830629023e-03  4.000000000e+00  1.500000042e+00
 6.841234623e-03  4.000000000e+00  1.500000042e+00
 6.851256491e-03  4.000000000e+00  1.500000042e+00
 6.860649564e-03  4.000000000e+00  1.500000042e+00
 6.871040899e-03  4.000000000e+00  1.500000042e+00
 6.881822025e-03  4.000000000e+00  1.500000042e+00
 6.891789527e-03  4.000000000e+00  1.500000042e+00
 6.903046455e-03  4.000000000e+00  1.500000042e+00
 6.913337817e-03  4.000000000e+00  1.500000042e+00
 6.924444445e-03  4.000000000e+00  1.500000042e+00
 6.935532480e-03  4.000000000e+00  1.500000042e+00
 6.945788474e-03  4.000000000e+00  1.500000042e+00
 6.956984853e-03  4.000000000e+00  1.500000042e+00
 6.966944419e-03  4.000000000e+00  1.500000042e+00
 6.977376491e-03  4.000000000e+00  1.500000042e+00
 6.987802863e-03  4.000000000e+00  1.500000042e+00
 6.996829873e-03  4.000000000e+00  1.500000042e+00
 7.006858753e-03  4.000000000e+00  1.500000042e+00
 7.017254791e-03  4.000000000e+00  1.500000042e+00
 7.028091223e-03  4.000000000e+00  1.500000042e+00
 7.038904753e-03  4.000000000e+00  1.500000042e+00
 7.049480970e-03  4.000000000e+00  1.500000042e+00
 7.059958068e-03  4.000000000e+00  1.500000042e+00
 7.070986612e-03  4.000000000e+00  1.500000042e+00
 7.082080424e-03  4.000000000e+00  1.500000042e+00
 7.092414433e-03  4.000000000e+00  1.500000042e+00
 7.103675110e-03  4.000000000e+00  1.500000042e+00
 7.114910219e-03  4.000000000e+00  1.500000042e+00
 7.125039844e-03  4.000000000e+00  1.500000042e+00
 7.135319749e-03  4.000000000e+00  1.500000042e+00
 7.144340168e-03  4.000000000e+00  1.500000042e+00
 7.154699908e-03  4.000000000e+00  1.500000042e+00
 7.165178893e-03  4.000000000e+00  1.500000042e+00
 7.176075086e-03  4.000000000e+00  1.500000042e+00
 7.185825469e-03  4.000000000e+00  1.500000042e+00
 7.195801662e-03  4.000000000e+00  1.500000042e+00
 7.206222087e-03  4.000000000e+00  1.500000042e+00
 7.216237873e-03  4.000000000e+00  1.500000042e+00
 7.227301623e-03  4.000000000e+00  1.500000042e+00
 7.237530720e-03  4.000000000e+00  1.500000042e+00
 7.248749707e-03  4.000000000e+00  1.500000042e+00
 7.260315370e-03  4.000000000e+00  1.500000042e+00
 7.270685250e-03  4.000000000e+00  1.500000042e+00
 7.281116631e-03  4.000000000e+00  1.500000042e+00
 7.290178760e-03  4.000000000e+00  1.500000042e+00
 7.300262552e-03  4.000000000e+00  1.500000042e+00
 7.310731064e-03  4.000000000e+00  1.500000042e+00
 7.321319285e-03  4.000000000e+00  1.500000042e+00
 7.330625392e-03  4.000000000e+00  1.500000042e+00
 7.341650554e-03  4.000000000e+00  1.500000042e+00
 7.352099955e-03  4.000000000e+00  1.500000042e+00
 7.363192653e-03  4.000000000e+00  1.500000042e+00
 7.373874565e-03  4.000000000e+00  1.500000042e+00
 7.384105812e-03  4.000000000e+00  1.500000042e+00
 7.395279830e-03  4.000000000e+00  1.500000042e+00
 7.406366026e-03  4.000000000e+00  1.500000042e+00
 7.416723928e-03  4.000000000e+00  1.500000042e+00
 7.427176374e-03  4.000000000e+00  1.500000042e+00
 7.437374336e-03  4.000000000e+00  1.500000042e+00
 7.447722790e-03  4.000000000e+00  1.500000042e+00
 7.458186064e-03  4.000000000e+00  1.500000042e+00
 7.469192751e-03  4.000000000e+00  1.500000042e+00
 7.479556776e-03  4.000000000e+00  1.500000042e+00
 7.489535767e-03  4.000000000e+00  1.500000042e+00
 7.499676706e-03  4.000000000e+00  1.500000042e+00
 7.510737336e-03  4.000000000e+00  1.500000042e+00
 7.521887326e-03  4.000000000e+00  1.500000042e+00
 7.531527026e-03  4.000000000e+00  1.500000042e+00
 7.542747388e-03  4.000000000e+00  1.500000042e+00
 7.554141820e-03  4.000000000e+00  1.500000042e+00
 7.564155308e-03  4.000000000e+00  1.500000042e+00
 7.574347095e-03  4.000000000e+00  1.500000042e+00
 7.584154767e-03  4.000000000e+00  1.500000042e+00
 7.594474963e-03  4.000000000e+00  1.500000042e+00
 7.604949471e-03  4.000000000e+00  1.500000042e+00
 7.616078754e-03  4.000000000e+00  1.500000042e+00
 7.626163285e-03  4.000000000e+00  1.500000042e+00
 7.636835894e-03  4.000000000e+00  1.500000042e+00
 7.646931215e-03  4.000000000e+00  1.500000042e+00
 7.657918277e-03  4.000000000e+00  1.500000042e+00
 7.669132124e-03  4.000000000e+00  1.500000042e+00
 7.679798046e-03  4.000000000e+00  1.500000042e+00
 7.689829278e-03  4.000000000e+00  1.500000042e+00
 7.701024952e-03  4.000000000e+00  1.500000042e+00
 7.712106484e-03  4.000000000e+00  1.500000042e+00
 7.723225902e-03  4.000000000e+00  1.500000042e+00
 7.731638760e-03  4.000000000e+00  1.500000042e+00
 7.741991550e-03  4.000000000e+00  1.500000042e+00
 7.752577803e-03  4.000000000e+00  1.500000042e+00
 7.762683471e-03  4.000000000e+00  1.500000042e+00
 7.773294663e-03  4.000000000e+00  1.500000042e+00
 7.784622346e-03  4.000000000e+00  1.500000042e+00
 7.795852853e-03  4.000000000e+00  1.500000042e+00
 7.806825335e-03  4.000000000e+00  1.500000042e+00
 7.816765951e-03  4.000000000e+00  1.500000042e+00
 7.827626399e-03  4.000000000e+00  1.500000042e+00
 7.838961679e-03  4.000000000e+00  1.500000042e+00
 7.849351154e-03  4.000000000e+00  1.500000042e+00
 7.859456438e-03  4.000000000e+00  1.500000042e+00
 7.870514818e-03  4.000000000e+00  1.500000042e+00
 7.880204760e-03  4.000000000e+00  1.500000042e+00
 7.890618851e-03  4.000000000e+00  1.500000042e+00
 7.901370889e-03  4.000000000e+00  1.500000042e+00
 7.911110980e-03  4.000000000e+00  1.500000042e+00
 7.922363175e-03  4.000000000e+00  1.500000042e+00
 7.933355306e-03  4.000000000e+00  1.500000042e+00
 7.944480863e-03  4.000000000e+00  1.500000042e+00
 7.955516595e-03  4.000000000e+00  1.500000042e+00
 7.965630957e-03  4.000000000e+00  1.500000042e+00
 7.976758338e-03  4.000000000e+00  1.500000042e+00
 7.988107449e-03  4.000000000e+00  1.500000042e+00
 7.998626320e-03  4.000000000e+00  1.500000042e+00
 8.008786141e-03  4.000000000e+00  1.500000042e+00
 8.018826527e-03  4.000000000e+00  1.500000042e+00
 8.028865700e-03  4.000000000e+00  1.500000042e+00
 8.039307503e-03  4.000000000e+00  1.500000042e+00
 8.050194235e-03  4.000000000e+00  1.500000042e+00
 8.059284187e-03  4.000000000e+00  1.500000042e+00
 8.069610188e-03  4.000000000e+00  1.500000042e+00
 8.079891726e-03  4.000000000e+00  1.500000042e+00
 8.091044147e-03  4.000000000e+00  1.500000042e+00
 8.102109322e-03  4.000000000e+00  1.500000042e+00
 8.112272598e-03  4.000000000e+00  1.500000042e+00
 8.123425279e-03  4.000000000e+00  1.500000042e+00
 8.134574236e-03  4.000000000e+00  1.500000042e+00
 8.144969995e-03  4.000000000e+00  1.500000042e+00
 8.155387001e-03  4.000000000e+00  1.500000042e+00
 8.165195062e-03  4.000000000e+00  1.500000042e+00
 8.175521568e-03  4.000000000e+00  1.500000042e+00
 8.185951337e-03  4.000000000e+00  1.500000042e+00
 8.196902120e-03  4.000000000e+00  1.500000042e+00
 8.206682690e-03  4.000000000e+00  1.500000042e+00
 8.216720254e-03  4.000000000e+00  1.500000042e+00
 8.227012808e-03  4.000000000e+00  1.500000042e+00
 8.238067722e-03  4.000000000e+00  1.500000042e+00
 8.249165935e-03  4.000000000e+00  1.500000042e+00
 8.259498138e-03  4.000000000e+00  1.500000042e+00
 8.270780673e-03  4.000000000e+00  1.500000042e+00
 8.282068913e-03  4.000000000e+00  1.500000042e+00
 8.293338408e-03  4.000000000e+00  1.500000042e+00
 8.303364612e-03  4.000000000e+00  1.500000042e+00
 8.312810548e-03  4.000000000e+00  1.500000042e+00
 8.323135213e-03  4.000000000e+00  1.500000042e+00
 8.333678172e-03  4.000000000e+00  1.500000042e+00
 8.343630286e-03  4.000000000e+00  1.500000042e+00
 8.353754167e-03  4.000000000e+00  1.500000042e+00
 8.363697624e-03  4.000000000e+00  1.500000042e+00
 8.373833862e-03  4.000000000e+00  1.500000042e+00
 8.384805461e-03  4.000000000e+00  1.500000042e+00
 8.395959195e-03  4.000000000e+00  1.500000042e+00
 8.406497678e-03  4.000000000e+00  1.500000042e+00
 8.417881248e-03  4.000000000e+00  1.500000042e+00
 8.429014333e-03  4.000000000e+00  1.500000042e+00
 8.440053849e-03  4.000000000e+00  1.500000042e+00
 8.451157142e-03  4.000000000e+00  1.500000042e+00
 8.460974277e-03  4.000000000e+00  1.500000042e+00
 8.471363531e-03  4.000000000e+00  1.500000042e+00
 8.481496464e-03  4.000000000e+00  1.500000042e+00
 8.491793946e-03  4.000000000e+00  1.500000042e+00
 8.502706046e-03  4.000000000e+00  1.500000042e+00
 8.513741588e-03  4.000000000e+00  1.500000042e+00
 8.524889798e-03  4.000000000e+00  1.500000042e+00
 8.535885178e-03  4.000000000e+00  1.500000042e+00
 8.545910393e-03  4.000000000e+00  1.500000042e+00
 8.556972297e-03  4.000000000e+00  1.500000042e+00
 8.568401742e-03  4.000000000e+00  1.500000042e+00
 8.579100275e-03  4.000000000e+00  1.500000042e+00
 8.589700842e-03  4.000000000e+00  1.500000042e+00
 8.599721899e-03  4.000000000e+00  1.500000042e+00
 8.609345412e-03  4.000000000e+00  1.500000042e+00
 8.619785319e-03  4.000000000e+00  1.500000042e+00
 8.630650776e-03  4.000000000e+00  1.500000042e+00
 8.640248082e-03  4.000000000e+00  1.500000042e+00
 8.651176320e-03  4.000000000e+00  1.500000042e+00
 8.661684700e-03  4.000000000e+00  1.500000042e+00
 8.672789300e-03  4.000000000e+00  1.500000042e+00
 8.683856864e-03  4.000000000e+00  1.500000042e+00
 8.694057611e-03  4.000000000e+00  1.500000042e+00
 8.705354408e-03  4.000000000e+00  1.500000042e+00
 8.716561203e-03  4.000000000e+00  1.500000042e+00
 8.726818855e-03  4.000000000e+00  1.500000042e+00
 8.737165544e-03  4.000000000e+00  1.500000042e+00
 8.746784476e-03  4.000000000e+00  1.500000042e+00
 8.757117839e-03  4.000000000e+00  1.500000042e+00
 8.767578094e-03  4.000000000e+00  1.500000042e+00
 8.778602135e-03  4.000000000e+00  1.500000042e+00
 8.788282419e-03  4.000000000e+00  1.500000042e+00
 8.797943457e-03  4.000000000e+00  1.500000042e+00
 8.808147483e-03  4.000000000e+00  1.500000042e+00
 8.819207295e-03  4.000000000e+00  1.500000042e+00
 8.830311397e-03  4.000000000e+00  1.500000042e+00
 8.840650171e-03  4.000000000e+00  1.500000042e+00
 8.852047734e-03  4.000000000e+00  1.500000042e+00
 8.863300981e-03  4.000000000e+00  1.500000042e+00
 8.874490519e-03  4.000000000e+00  1.500000042e+00
 8.885656112e-03  4.000000000e+00  1.500000042e+00
 8.895029790e-03  4.000000000e+00  1.500000042e+00
 8.905357678e-03  4.000000000e+00  1.500000042e+00
 8.915936523e-03  4.000000000e+00  1.500000042e+00
 8.926064213e-03  4.000000000e+00  1.500000042e+00
 8.936339615e-03  4.000000000e+00  1.500000042e+00
 8.947212372e-03  4.000000000e+00  1.500000042e+00
 8.957247576e-03  4.000000000e+00  1.500000042e+00
 8.968205503e-03  4.000000000e+00  1.500000042e+00
 8.979523499e-03  4.000000000e+00  1.500000042e+00
 8.990522248e-03  4.000000000e+00  1.500000042e+00
 9.002035686e-03  4.000000000e+00  1.500000042e+00
 9.012686031e-03  4.000000000e+00  1.500000042e+00
 9.023221032e-03  4.000000000e+00  1.500000042e+00
 9.032832985e-03  4.000000000e+00  1.500000042e+00
 9.042897544e-03  4.000000000e+00  1.500000042e+00
 9.053297751e-03  4.000000000e+00  1.500000042e+00
 9.064131102e-03  4.000000000e+00  1.500000042e+00
 9.074917709e-03  4.000000000e+00  1.500000042e+00
 9.084822688e-03  4.000000000e+00  1.500000042e+00
 9.095449048e-03  4.000000000e+00  1.500000042e+00
 9.106480614e-03  4.000000000e+00  1.500000042e+00
 9.117004004e-03  4.000000000e+00  1.500000042e+00
 9.127143411e-03  4.000000000e+00  1.500000042e+00
 9.138305398e-03  4.000000000e+00  1.500000042e+00
 9.149835138e-03  4.000000000e+00  1.500000042e+00
 9.160101111e-03  4.000000000e+00  1.500000042e+00
 9.170443287e-03  4.000000000e+00  1.500000042e+00
 9.179225434e-03  4.000000000e+00  1.500000042e+00
 9.189553452e-03  4.000000000e+00  1.500000042e+00
 9.200022191e-03  4.000000000e+00  1.500000042e+00
 9.209976678e-03  4.000000000e+00  1.500000042e+00
 9.220618947e-03  4.000000000e+00  1.500000042e+00
 9.230853550e-03  4.000000000e+00  1.500000042e+00
 9.241337406e-03  4.000000000e+00  1.500000042e+00
 9.252383096e-03  4.000000000e+00  1.500000042e+00
 9.263456275e-03  4.000000000e+00  1.500000042e+00
 9.272552476e-03  4.000000000e+00  1.500000042e+00
 9.284009159e-03  4.000000000e+00  1.500000042e+00
 9.295538128e-03  4.000000000e+00  1.500000042e+00
 9.305733691e-03  4.000000000e+00  1.500000042e+00
 9.316033791e-03  4.000000000e+00  1.500000042e+00
 9.325309592e-03  4.000000000e+00  1.500000042e+00
 9.335652054e-03  4.000000000e+00  1.500000042e+00
 9.346131858e-03  4.000000000e+00  1.500000042e+00
 9.357196492e-03  4.000000000e+00  1.500000042e+00
 9.366389018e-03  4.000000000e+00  1.500000042e+00
 9.376686187e-03  4.000000000e+00  1.500000042e+00
 9.386929631e-03  4.000000000e+00  1.500000042e+00
 9.397978206e-03  4.000000000e+00  1.500000042e+00
 9.409091215e-03  4.000000000e+00  1.500000042e+00
 9.419454613e-03  4.000000000e+00  1.500000042e+00
 9.429300752e-03  4.000000000e+00  1.500000042e+00
 9.439977647e-03  4.000000000e+00  1.500000042e+00
 9.450058041e-03  4.000000000e+00  1.500000042e+00
 9.460262389e-03  4.000000000e+00  1.500000042e+00
 9.469680491e-03  4.000000000e+00  1.500000042e+00
 9.479985050e-03  4.000000000e+00  1.500000042e+00
 9.490439792e-03  4.000000000e+00  1.500000042e+00
 9.501521296e-03  4.000000000e+00  1.500000042e+00
 9.511175717e-03  4.000000000e+00  1.500000042e+00
 9.521542039e-03  4.000000000e+00  1.500000042e+00
 9.531757148e-03  4.000000000e+00  1.500000042e+00
 9.542744845e-03  4.000000000e+00  1.500000042e+00
 9.553879460e-03  4.000000000e+00  1.500000042e+00
 9.564371118e-03  4.000000000e+00  1.500000042e+00
 9.574562257e-03  4.000000000e+00  1.500000042e+00
 9.585886652e-03  4.000000000e+00  1.500000042e+00
 9.596010610e-03  4.000000000e+00  1.500000042e+00
 9.607118741e-03  4.000000000e+00  1.500000042e+00
 9.616835091e-03  4.000000000e+00  1.500000042e+00
 9.627168821e-03  4.000000000e+00  1.500000042e+00
 9.637789999e-03  4.000000000e+00  1.500000042e+00
 9.648035548e-03  4.000000000e+00  1.500000042e+00
 9.659204042e-03  4.000000000e+00  1.500000042e+00
 9.670329479e-03  4.000000000e+00  1.500000042e+00
 9.681433879e-03  4.000000000e+00  1.500000042e+00
 9.692407361e-03  4.000000000e+00  1.500000042e+00
 9.702432309e-03  4.000000000e+00  1.500000042e+00
 9.713603740e-03  4.000000000e+00  1.500000042e+00
 9.725187687e-03  4.000000000e+00  1.500000042e+00
 9.735545309e-03  4.000000000e+00  1.500000042e+00
 9.745904185e-03  4.000000000e+00  1.500000042e+00
 9.754670093e-03  4.000000000e+00  1.500000042e+00
 9.764891819e-03  4.000000000e+00  1.500000042e+00
 9.775332062e-03  4.000000000e+00  1.500000042e+00
 9.784996338e-03  4.000000000e+00  1.500000042e+00
 9.795804079e-03  4.000000000e+00  1.500000042e+00
 9.805827447e-03  4.000000000e+00  1.500000042e+00
 9.816449444e-03  4.000000000e+00  1.500000042e+00
 9.827494198e-03  4.000000000e+00  1.500000042e+00
 9.838531017e-03  4.000000000e+00  1.500000042e+00
 9.848711673e-03  4.000000000e+00  1.500000042e+00
 9.860092015e-03  4.000000000e+00  1.500000042e+00
 9.870395854e-03  4.000000000e+00  1.500000042e+00
 9.880676712e-03  4.000000000e+00  1.500000042e+00
 9.891006706e-03  4.000000000e+00  1.500000042e+00
 9.900606069e-03  4.000000000e+00  1.500000042e+00
 9.911227684e-03  4.000000000e+00  1.500000042e+00
 9.921722979e-03  4.000000000e+00  1.500000042e+00
 9.932833023e-03  4.000000000e+00  1.500000042e+00
 9.942636285e-03  4.000000000e+00  1.500000042e+00
 9.953459782e-03  4.000000000e+00  1.500000042e+00
 9.963673125e-03  4.000000000e+00  1.500000042e+00
 9.974687620e-03  4.000000000e+00  1.500000042e+00
 9.985849787e-03  4.000000000e+00  1.500000042e+00
 9.996349897e-03  4.000000000e+00  1.500000042e+00
