11  2.135392481e-07
4 3  3.963166729e-01  1.333333333e+00  8.060020946e-01  5.049364661e-01  3.113024697e+08 -3.290260842e-02  3.432348378e+06  3.075339443e+02  1.383618861e+00  1.517134195e-03 -2.037671884e-02 -3.150230687e-02 -3.738098409e+00 -5.559184556e+00  8.027774450e-03  2.081944224e-03  9.913676039e-01  1.013348169e+00  2.667877284e+00
5 3  5.201431259e-01  1.666666667e+00  7.342027089e-01  5.049364661e-01  2.345062072e+08 -2.456524723e-02  3.432348378e+06  2.125052534e+02  1.318153636e+00  1.725792309e-03 -1.424123716e-02 -2.268006645e-02 -2.866878356e+00 -4.719510587e+00  8.234535036e-03  2.124260193e-03  1.044128467e+00  1.008571161e+00  2.787945082e+00
6 3  6.203644553e-01  2.000000000e+00  6.894144157e-01  5.049364661e-01  1.952843032e+08 -1.834652303e-02  3.432348378e+06  1.698941543e+02  1.332089193e+00  1.998063884e-03 -1.047305079e-02 -1.721669900e-02 -2.269222959e+00 -3.897249335e+00  8.438659584e-03  2.200081438e-03  1.123054552e+00  1.005573907e+00  2.762704668e+00
7 3  7.062551787e-01  2.333333333e+00  6.581090882e-01  5.049364661e-01  1.745345409e+08 -1.171823847e-02  3.432348378e+06  1.405580228e+02  1.361291970e+00  2.264887391e-03 -5.842733240e-03 -1.159158968e-02 -1.908254850e+00 -3.330890801e+00  8.686953617e-03  2.272029922e-03  1.211404361e+00  1.003439462e+00  2.690169172e+00
8 3  7.823041490e-01  2.666666667e+00  6.344764148e-01  5.049364661e-01  1.619778830e+08 -9.470327387e-03  3.432348378e+06  1.225765011e+02  1.394046459e+00  2.498165746e-03 -4.140741090e-03 -9.146820342e-03 -1.639246882e+00 -2.868920499e+00  8.895876587e-03  2.337432147e-03  1.308583226e+00  1.001673891e+00  2.602776103e+00
9 3  8.470512335e-01  3.000000000e+00  6.169906565e-01  5.049364661e-01  1.410271380e+08 -7.421317217e-03  3.432348378e+06  1.076922762e+02  1.337320990e+00  2.411574084e-03 -2.219686664e-03 -6.784250262e-03 -1.480769736e+00 -2.550439084e+00  8.661230303e-03  2.288567768e-03  1.433451379e+00  1.000317981e+00  2.501670201e+00
10 3  8.944068495e-01  3.333333333e+00  6.048661704e-01  5.049364661e-01  1.195056934e+08 -9.447909470e-04  3.432348378e+06  9.360454727e+01  1.212801083e+00  2.031321027e-03  4.260831007e-03 -1.339102754e-04 -1.439737850e+00 -2.334531784e+00  8.113750392e-03  2.138233164e-03  1.617171139e+00  9.995239770e-01  2.375489653e+00
11 3  9.276376110e-01  3.666666667e+00  5.953579310e-01  5.049364661e-01  1.076886231e+08  6.631223022e-03  3.432348378e+06  8.144297837e+01  1.174470095e+00  3.744285591e-03  2.293494815e-02  7.226856460e-03 -4.360701292e+00 -8.178577957e+00  8.018083201e-03  2.087763512e-03  1.922972487e+00  9.991781428e-01  2.238996418e+00
12 3  9.687929412e-01  4.000000000e+00  2.823134529e-01  5.049364661e-01  2.233049704e+07  8.789287723e-03  3.432348378e+06  9.295847458e+01  1.070507871e+00  1.325122576e-02  5.621070517e-02  1.645352369e-02 -3.658497836e+01 -1.616043930e+01  8.030645795e-03  2.393999606e-03  2.268175716e+00  9.998139056e-01  2.144834084e+00
13 3  9.842583998e-01  4.333333333e+00  2.220529348e-01  5.049364661e-01  8.326677128e+06  1.089223381e-02  3.432348378e+06  9.763533426e+01  7.759270315e-01  7.066109191e-03  2.630991377e-02  1.162588622e-02 -1.404423320e+01 -6.373053425e+00  6.553754777e-03  2.129693504e-03  3.303725654e+00  9.999125169e-01  2.011650791e+00
14 3  9.920470569e-01  4.666666667e+00  2.062634736e-01  5.049364661e-01  5.018991542e+06  7.981475549e-03  3.432348378e+06  9.495081350e+01  6.040022039e-01  4.111921343e-03  1.788303599e-02  8.232691853e-03 -1.019310910e+01 -3.963945656e+00  5.512549363e-03  1.847475467e-03  5.360757459e+00  9.999381526e-01  1.882791316e+00
