10  2.232072589e-07
4 3  4.326752933e-01  1.333333333e+00  7.337597361e-01  5.079589179e-01  2.951985772e+08 -3.478139759e-02  3.323108055e+06  3.268302308e+02  1.363654670e+00  1.647287985e-03 -2.109009625e-02 -3.210432966e-02 -4.272721858e+00 -5.476970237e+00  8.213198382e-03  2.138082289e-03  9.948906487e-01  1.014680240e+00  2.756585222e+00
5 3  5.590935811e-01  1.666666667e+00  6.602242189e-01  5.079589179e-01  2.118349032e+08 -2.432274114e-02  3.323108055e+06  2.280964322e+02  1.276282450e+00  1.755592479e-03 -1.431505387e-02 -2.235845624e-02 -2.826850821e+00 -4.610751474e+00  8.241442117e-03  2.147130148e-03  1.056777724e+00  1.008757943e+00  2.832967447e+00
6 3  6.612120175e-01  2.000000000e+00  6.198234504e-01  5.079589179e-01  1.772042713e+08 -1.869937235e-02  3.323108055e+06  1.793968742e+02  1.309639284e+00  2.076361461e-03 -1.126363119e-02 -1.761885104e-02 -2.017269468e+00 -3.835825183e+00  8.528307553e-03  2.243069963e-03  1.138663786e+00  1.005135471e+00  2.781981276e+00
7 3  7.493622969e-01  2.333333333e+00  5.943785192e-01  5.079589179e-01  1.557674160e+08 -1.171541551e-02  3.323108055e+06  1.448611018e+02  1.328043074e+00  2.286647637e-03 -6.506465162e-03 -1.173349768e-02 -1.488971733e+00 -3.214976354e+00  8.760253383e-03  2.304553378e-03  1.230483741e+00  1.002662892e+00  2.695807365e+00
8 3  8.224294213e-01  2.666666667e+00  5.797374344e-01  5.079589179e-01  1.364690071e+08 -6.877942921e-03  3.323108055e+06  1.239339390e+02  1.284068190e+00  2.170953132e-03 -2.884800086e-03 -7.208918565e-03 -7.838767013e-01 -2.774776095e+00  8.613498759e-03  2.273689642e-03  1.346657882e+00  1.000974775e+00  2.584472407e+00
9 3  8.755010523e-01  3.000000000e+00  5.818752929e-01  5.079589179e-01  1.159706213e+08 -8.080467595e-04  3.323108055e+06  1.075047964e+02  1.158124150e+00  1.492143908e-03 -2.576313934e-04 -3.009507970e-03  1.789418303e+00 -2.538814662e+00  8.000854021e-03  2.118659162e-03  1.509624673e+00  9.999096623e-01  2.442952615e+00
10 3  9.137758925e-01  3.333333333e+00  5.840264506e-01  5.079589179e-01  1.133854155e+08  8.129260206e-04  3.323108055e+06  9.306696879e+01  1.155248703e+00  2.524858881e-03  1.237620488e-02  4.509669824e-03 -7.271823004e+00 -2.472194438e+00  7.983206899e-03  2.095855531e-03  1.763458125e+00  9.993143549e-01  2.293411243e+00
11 3  9.577716866e-01  3.666666667e+00  3.585298628e-01  5.079589179e-01  5.987044393e+07  4.276208511e-03  3.323108055e+06  8.941751444e+01  1.248916722e+00  1.282081928e-02  8.755145878e-02  1.659251752e-02 -3.989518199e+01 -3.009620597e+01  8.896907200e-03  2.384682993e-03  2.064081264e+00  9.995904725e-01  2.185906253e+00
12 3  9.802653042e-01  4.000000000e+00  2.470134226e-01  5.079589179e-01  1.122650533e+07  1.364292014e-02  3.323108055e+06  9.743989109e+01  8.347654320e-01  9.289859370e-03  3.879683166e-02  1.528970719e-02 -2.128782347e+01 -1.058802798e+01  7.016368742e-03  2.208261111e-03  2.925014110e+00  9.998814212e-01  2.051403061e+00
13 3  9.904793297e-01  4.333333333e+00  2.158647461e-01  5.079589179e-01  5.669666509e+06  1.063730680e-02  3.323108055e+06  9.871859364e+01  6.341360925e-01  5.200993962e-03  2.349071867e-02  1.124952450e-02 -1.610682890e+01 -4.953163253e+00  5.836520643e-03  1.935355603e-03  4.731676660e+00  9.999454977e-01  1.913456127e+00
