13  2.367368152e-07
4 3  3.658869632e-01  1.333333333e+00  7.149572525e-01  5.065723904e-01  2.912825673e+08 -4.358140782e-02  1.477109951e+06  2.673024536e+02  1.394568886e+00  1.581506915e-03 -2.792536881e-02 -4.358140782e-02 -6.489784151e+00 -5.534922113e+00  9.943601199e-03  2.600312475e-03  9.963380441e-01  1.008874803e+00  2.651428291e+00  3.073604715e-01
5 3  4.779815126e-01  1.666666667e+00  6.314501054e-01  5.065723904e-01  2.243164491e+08 -3.446305354e-02  4.043663890e+05  1.852930693e+02  1.301855998e+00  1.614825226e-03 -2.292329863e-02 -3.446305354e-02 -4.203739720e+00 -4.955060983e+00  1.553720213e-02  4.012243171e-03  1.040837079e+00  1.006542175e+00  2.764577306e+00  4.614668338e-01
6 3  5.689377274e-01  2.000000000e+00  5.872529495e-01  5.065723904e-01  1.919958579e+08 -2.552839085e-02  1.861880466e+06  1.467399492e+02  1.342167326e+00  1.885327916e-03 -1.654138230e-02 -2.552839085e-02 -2.850258285e+00 -4.206273612e+00  9.683729837e-03  2.523598329e-03  1.109634241e+00  1.004632824e+00  2.737010822e+00  5.744566672e-01
7 3  6.516424310e-01  2.333333333e+00  5.592784832e-01  5.065723904e-01  1.756389107e+08 -2.143767925e-02  1.502202785e+06  1.236191640e+02  1.414395847e+00  2.260037470e-03 -1.401832737e-02 -2.143767925e-02 -2.032835463e+00 -3.659984539e+00  1.088382057e-02  2.862081040e-03  1.181759831e+00  1.002935265e+00  2.682500958e+00  6.691414040e-01
8 3  7.290872497e-01  2.666666667e+00  5.405975007e-01  5.065723904e-01  1.666904922e+08 -1.821698976e-02  9.231394907e+05  1.092027400e+02  1.474976620e+00  2.577896256e-03 -1.202164564e-02 -1.821698976e-02 -1.429139332e+00 -3.171970943e+00  1.331111204e-02  3.521916070e-03  1.254049372e+00  1.001423760e+00  2.622183476e+00  7.527757956e-01
9 3  7.986321304e-01  3.000000000e+00  5.293286538e-01  5.065723904e-01  1.501586384e+08 -1.516923426e-02  2.016196542e+06  9.630956225e+01  1.457870327e+00  2.586583375e-03 -1.002454162e-02 -1.516923426e-02 -8.493888890e-01 -2.730020840e+00  1.025841427e-02  2.727991546e-03  1.341126444e+00  1.000226189e+00  2.550105568e+00  8.230254082e-01
10 3  8.521733194e-01  3.333333333e+00  5.266165067e-01  5.065723904e-01  1.252333371e+08 -1.126485570e-02  4.656618292e+06  8.303140175e+01  1.322233180e+00  2.092517559e-03 -7.038947618e-03 -1.126485570e-02  4.133691135e-01 -2.551292249e+00  7.287850978e-03  1.940094627e-03  1.458424521e+00  9.994616777e-01  2.447088915e+00  8.755813399e-01
11 3  8.901302450e-01  3.666666667e+00  5.326955575e-01  5.065723904e-01  1.086839221e+08 -3.971953602e-03  5.493946273e+06  7.134336985e+01  1.220380908e+00  2.199887752e-03  1.870079270e-03 -3.971953602e-03  1.270170577e+00 -3.559929847e+00  6.548868008e-03  1.734786748e-03  1.634674037e+00  9.990458324e-01  2.322747257e+00  9.121637250e-01
12 3  9.259322585e-01  4.000000000e+00  5.027099013e-01  5.065723904e-01  1.111354538e+08  1.098654030e-02  3.231068520e+06  6.272787699e+01  1.584734891e+00  1.108037636e-02  4.761331182e-02  1.098654030e-02 -2.489899514e+01 -1.226462405e+01  9.488370516e-03  2.519502229e-03  1.841217316e+00  9.990081395e-01  2.214739578e+00  9.448712803e-01
13 3  9.628236557e-01  4.333333333e+00  2.799257711e-01  5.065723904e-01  2.533886181e+07  1.987681503e-02  6.988913789e+05  6.813512303e+01  1.115544768e+00  1.190847516e-02  5.849124993e-02  1.987681503e-02 -3.171958674e+01 -1.352595280e+01  1.323170629e-02  3.868305815e-03  2.132758951e+00  9.997258406e-01  2.127355097e+00  9.757026700e-01
14 3  9.789054708e-01  4.666666667e+00  2.265779097e-01  5.065723904e-01  1.165322095e+07  1.567766527e-02  4.234746774e+05  7.137113366e+01  8.980736834e-01  8.552003636e-03  3.553551816e-02  1.567766527e-02 -1.801559777e+01 -7.173474304e+00  1.373647466e-02  4.303606521e-03  2.871160521e+00  9.998721428e-01  2.008689732e+00  9.867744080e-01
15 3  9.882935137e-01  5.000000000e+00  2.059272778e-01  5.065723904e-01  6.956108942e+06  1.077988191e-02  3.360581377e+05  7.116462537e+01  7.339582672e-01  5.939102345e-03  2.449790283e-02  1.077988191e-02 -1.401941810e+01 -4.755679738e+00  1.296138557e-02  4.214841668e-03  4.209422688e+00  9.999246325e-01  1.892856208e+00  9.927408284e-01
16 3  9.938554616e-01  5.333333333e+00  1.957536585e-01  5.065723904e-01  4.649894130e+06  7.638939983e-03  2.969316031e+05  6.835923360e+01  5.910533598e-01  3.868124026e-03  1.885265312e-02  7.638939983e-03 -1.232134951e+01 -3.669903175e+00  1.159166813e-02  3.845907240e-03  6.720311958e+00  9.999563177e-01  1.784596105e+00  9.961982940e-01
