10  2.071834943e-07
4 3  4.618276316e-01  1.333333333e+00  7.411643009e-01  5.050930685e-01  3.853974649e+08 -2.488328638e-02  2.927530422e+05  4.350488050e+02  1.390398222e+00  1.459447013e-03 -1.589965501e-02 -2.488328638e-02 -3.569340692e+00 -4.844096916e+00  1.949717755e-02  5.016968996e-03  9.916849693e-01  1.015841328e+00  2.810430313e+00  4.071235191e-01
5 3  6.026033925e-01  1.666666667e+00  6.601010638e-01  5.050930685e-01  2.564216369e+08 -1.588315147e-02  2.228723617e+06  2.910091830e+02  1.274239007e+00  1.702076119e-03 -8.052847566e-03 -1.588315147e-02 -2.525124146e+00 -5.233911837e+00  9.854488165e-03  2.539490962e-03  1.060629421e+00  1.008013077e+00  2.911084121e+00  5.959102752e-01
6 3  7.055689027e-01  2.000000000e+00  6.170630802e-01  5.050930685e-01  1.954582463e+08 -9.783904648e-03  1.183698543e+06  2.272475727e+02  1.232889864e+00  1.877418797e-03 -3.149474465e-03 -9.783904648e-03 -1.932382035e+00 -4.621839182e+00  1.209162090e-02  3.153126713e-03  1.159247617e+00  1.004269545e+00  2.829863548e+00  7.183670965e-01
7 3  7.862598381e-01  2.333333333e+00  5.899964581e-01  5.050930685e-01  1.676024752e+08 -4.993748146e-03  1.728373970e+06  1.849734038e+02  1.238709952e+00  2.080755347e-03  8.525192669e-04 -4.993748146e-03 -1.631727432e+00 -4.013280405e+00  1.081549693e-02  2.830886327e-03  1.277121155e+00  1.002243951e+00  2.697543877e+00  8.057701787e-01
8 3  8.561577046e-01  2.666666667e+00  5.701226885e-01  5.050930685e-01  1.420812934e+08 -4.723255821e-03  5.144321579e+06  1.546756342e+02  1.234143814e+00  2.196835847e-03  2.944323236e-04 -4.723255821e-03 -1.078035103e+00 -3.487572632e+00  7.519551287e-03  1.984141404e-03  1.432489972e+00  1.000876133e+00  2.566676514e+00  8.733768889e-01
9 3  9.036470339e-01  3.000000000e+00  6.021217760e-01  5.050930685e-01  1.068823927e+08  9.353630218e-04  5.899790302e+06  1.264480910e+02  1.013402646e+00  1.403086933e-03 -2.799620150e-03  9.353630218e-04  1.512150490e+01 -3.300950537e+00  6.283186144e-03  1.659586706e-03  1.677160888e+00  9.999954193e-01  2.405920928e+00  9.187896981e-01
10 3  9.288351608e-01  3.333333333e+00  7.206809996e-01  5.050930685e-01  9.348375798e+07  7.850082783e-03  3.862895588e+06  1.041598490e+02  8.375842921e-01  1.401060806e-03  2.797710087e-04  7.850082783e-03  2.331350623e+01 -2.164831027e+00  6.334711724e-03  1.655993353e-03  2.178809064e+00  9.994844937e-01  2.224547734e+00  9.424191762e-01
11 3  9.647517306e-01  3.666666667e+00  4.669586473e-01  5.050930685e-01  1.846361611e+08  1.886669322e-02  8.681082054e+05  1.055568259e+02  1.755184529e+00  1.545866858e-02  8.876290610e-02  1.886669322e-02 -6.163553227e+01 -1.753743163e+01  1.771524515e-02  4.428252313e-03  2.395894522e+00  9.994923898e-01  2.100532446e+00  9.739515454e-01
12 3  9.886554900e-01  4.000000000e+00  2.864859721e-01  5.050930685e-01  1.210596814e+07  9.096620444e-03  3.933158622e+05  1.140483899e+02  6.858744189e-01  7.610901826e-03  5.381133604e-02  9.096620444e-03 -2.369980716e+01 -2.385983684e+01  1.269825371e-02  3.935344855e-03  3.643604312e+00  9.998898349e-01  1.973980739e+00  9.919360236e-01
13 3  9.954334784e-01  4.333333333e+00  2.597744408e-01  5.050930685e-01  4.496485776e+06  6.243977611e-03  3.308153430e+05  1.086853497e+02  4.873130529e-01  4.402798376e-03  2.711476405e-02  6.243977611e-03 -1.855112538e+01 -1.024690462e+01  1.060733574e-02  3.594119897e-03  7.141878388e+00  9.999746792e-01  1.834783877e+00  9.967590744e-01
