12  2.159104785e-07
4 3  3.847687366e-01  1.333333333e+00  7.930000622e-01  5.053816520e-01  3.216841137e+08 -3.672090828e-02  3.400641261e+06  3.018511164e+02  1.375306975e+00  1.473267870e-03 -2.254487808e-02 -3.532583738e-02 -3.931350548e+00 -6.270002436e+00  7.871323279e-03  2.037830921e-03  9.930750113e-01  1.011784296e+00  2.665917188e+00
5 3  5.038330632e-01  1.666666667e+00  7.260050205e-01  5.053816520e-01  2.419796330e+08 -2.730629077e-02  3.400641261e+06  2.046060850e+02  1.318576415e+00  1.658686041e-03 -1.620949701e-02 -2.536456200e-02 -2.739902167e+00 -5.082906650e+00  8.117967281e-03  2.088307031e-03  1.042435044e+00  1.007911532e+00  2.782005653e+00
6 3  6.017968813e-01  2.000000000e+00  6.873481938e-01  5.053816520e-01  2.024349611e+08 -1.996914464e-02  3.400641261e+06  1.596550970e+02  1.344187574e+00  1.933599700e-03 -1.195768943e-02 -1.899802963e-02 -1.979170460e+00 -4.098878956e+00  8.395914467e-03  2.176699063e-03  1.116418860e+00  1.005221433e+00  2.761718166e+00
7 3  6.874057950e-01  2.333333333e+00  6.622554971e-01  5.053816520e-01  1.820901190e+08 -1.479664665e-02  3.400641261e+06  1.326079933e+02  1.382920662e+00  2.205411075e-03 -9.187296382e-03 -1.498859477e-02 -1.509679350e+00 -3.438305291e+00  8.674669726e-03  2.260438511e-03  1.198146930e+00  1.003171049e+00  2.698417056e+00
8 3  7.639739671e-01  2.666666667e+00  6.449712134e-01  5.053816520e-01  1.719547223e+08 -1.162303904e-02  3.400641261e+06  1.173741554e+02  1.416275912e+00  2.396442178e-03 -7.007863063e-03 -1.190250309e-02 -1.165963721e+00 -2.909274318e+00  8.882755986e-03  2.327655687e-03  1.288002421e+00  1.001482106e+00  2.619694819e+00
9 3  8.298681823e-01  3.000000000e+00  6.334753315e-01  5.053816520e-01  1.535422477e+08 -9.051196721e-03  3.400641261e+06  1.032076127e+02  1.378449602e+00  2.329840039e-03 -4.569458991e-03 -8.816049025e-03 -9.170269082e-01 -2.495182057e+00  8.742597203e-03  2.302468326e-03  1.405958605e+00  1.000244223e+00  2.526338789e+00
10 3  8.785050912e-01  3.333333333e+00  6.263408604e-01  5.053816520e-01  1.282614774e+08 -5.377748773e-03  3.400641261e+06  9.002440465e+01  1.230945462e+00  1.946539263e-03 -7.148242355e-04 -4.931108283e-03 -8.110962064e-01 -2.402709309e+00  8.093450475e-03  2.130877423e-03  1.573428902e+00  9.995617703e-01  2.405319956e+00
11 3  9.117519683e-01  3.666666667e+00  6.221073983e-01  5.053816520e-01  1.098117949e+08  9.898691754e-04  3.400641261e+06  7.916189283e+01  1.097101905e+00  1.764188281e-03  6.319440687e-03  9.330189946e-04 -7.231694848e-01 -3.000776435e+00  7.483047737e-03  1.956516730e-03  1.841954344e+00  9.992918305e-01  2.268795205e+00
12 3  9.383249400e-01  4.000000000e+00  6.015802369e-01  5.053816520e-01  1.338434326e+08  1.595212924e-03  3.400641261e+06  7.240698479e+01  1.457448702e+00  7.880303020e-03  4.093543679e-02  9.350268882e-03 -2.394321320e+01 -1.057411837e+01  9.114148850e-03  2.367201666e-03  2.224893429e+00  9.992835576e-01  2.140324828e+00
13 3  9.776832690e-01  4.333333333e+00  2.721581773e-01  5.053816520e-01  2.006470114e+07  2.517126290e-02  3.400641261e+06  8.926506826e+01  9.533490188e-01  9.540772539e-03  5.122327996e-02  1.553800911e-02 -1.867941365e+01 -1.609688528e+01  7.287082553e-03  2.192208565e-03  2.659326002e+00  9.998802903e-01  2.059784439e+00
14 3  9.887612203e-01  4.666666667e+00  2.444381926e-01  5.053816520e-01  8.633665477e+06  1.985046331e-02  3.400641261e+06  8.937579656e+01  7.131994183e-01  6.373825016e-03  2.917805636e-02  9.329321848e-03 -1.274953609e+01 -8.781668544e+00  6.013068942e-03  1.958275792e-03  4.045938923e+00  9.999233534e-01  1.934412255e+00
15 3  9.955318372e-01  5.000000000e+00  2.309677626e-01  5.053816520e-01  4.734784708e+06  1.649246314e-02  3.400641261e+06  8.649433407e+01  5.550060363e-01  4.069068359e-03  1.869336893e-02  5.623469441e-03 -1.101420117e+01 -5.396001252e+00  5.051012403e-03  1.719600692e-03  8.447723357e+00  9.999596547e-01  1.817880397e+00
