11  2.167195778e-07
4 3  4.210219751e-01  1.333333333e+00  7.594828136e-01  5.064017986e-01  3.124415279e+08 -3.092776553e-02  3.401636724e+06  3.253427035e+02  1.389249297e+00  1.695069692e-03 -1.728484441e-02 -2.903001328e-02 -3.992538899e+00 -6.219878553e+00  8.298269925e-03  2.143275545e-03  9.962712245e-01  1.014793484e+00  2.721203503e+00
5 3  5.498089584e-01  1.666666667e+00  6.847836434e-01  5.064017986e-01  2.141895160e+08 -2.238108491e-02  3.401636724e+06  2.301157758e+02  1.291326867e+00  1.806413090e-03 -1.243842552e-02 -2.042507431e-02 -2.751528163e+00 -4.721832235e+00  8.299679934e-03  2.159444878e-03  1.054535403e+00  1.008947869e+00  2.826500804e+00
6 3  6.503001884e-01  2.000000000e+00  6.438015335e-01  5.064017986e-01  1.749080807e+08 -1.669653681e-02  3.401636724e+06  1.802434059e+02  1.297428009e+00  2.016827517e-03 -9.692919929e-03 -1.577904238e-02 -2.026962493e+00 -3.705560046e+00  8.471328233e-03  2.224712949e-03  1.138183095e+00  1.005567264e+00  2.776593705e+00
7 3  7.361192138e-01  2.333333333e+00  6.174206872e-01  5.064017986e-01  1.594953153e+08 -1.074824948e-02  3.401636724e+06  1.469718897e+02  1.337144975e+00  2.247494956e-03 -6.025243864e-03 -1.098682843e-02 -1.522297016e+00 -3.053653512e+00  8.794004932e-03  2.306396220e-03  1.229653097e+00  1.003233576e+00  2.687761636e+00
8 3  8.111475480e-01  2.666666667e+00  6.029113809e-01  5.064017986e-01  1.444079683e+08 -7.264968169e-03  3.401636724e+06  1.263438337e+02  1.328747475e+00  2.181260556e-03 -3.779697869e-03 -7.604888161e-03 -4.627628851e-01 -2.597463860e+00  8.815940460e-03  2.319479969e-03  1.336142302e+00  1.001416717e+00  2.586802599e+00
9 3  8.680856371e-01  3.000000000e+00  6.115347882e-01  5.064017986e-01  1.229110424e+08 -1.192135405e-03  3.401636724e+06  1.082252985e+02  1.213203662e+00  1.443721578e-03 -1.235728707e-03 -3.305351824e-03  2.602774387e+00 -2.392739770e+00  8.269613253e-03  2.183178460e-03  1.482032299e+00  1.000140223e+00  2.457647168e+00
10 3  9.111303789e-01  3.333333333e+00  6.140041919e-01  5.064017986e-01  1.198991356e+08 -1.483673947e-03  3.401636724e+06  9.178327949e+01  1.269160396e+00  3.861805781e-03  1.482931002e-02  3.681722927e-03 -8.990748816e+00 -4.294189604e+00  8.556063302e-03  2.242792015e-03  1.703192771e+00  9.993930112e-01  2.319826013e+00
11 3  9.569172653e-01  3.666666667e+00  3.700913871e-01  5.064017986e-01  4.526268044e+07  1.250251768e-02  3.401636724e+06  9.140898371e+01  1.128612448e+00  1.089937361e-02  6.685419304e-02  1.577782531e-02 -3.666547688e+01 -2.198343825e+01  8.412314498e-03  2.300895604e-03  2.015796776e+00  9.996975831e-01  2.215587600e+00
12 3  9.782094533e-01  4.000000000e+00  2.687222259e-01  5.064017986e-01  1.384108867e+07  2.099889201e-02  3.401636724e+06  9.860897053e+01  8.567327233e-01  8.572464783e-03  3.566697488e-02  1.306769350e-02 -1.988817978e+01 -1.038091519e+01  7.179156598e-03  2.197431934e-03  2.851307815e+00  9.998954830e-01  2.076556704e+00
13 3  9.892350199e-01  4.333333333e+00  2.361538309e-01  5.064017986e-01  6.858206596e+06  1.821937669e-02  3.401636724e+06  9.889183155e+01  6.664570405e-01  5.573961429e-03  2.239236896e-02  9.140310440e-03 -1.484691540e+01 -5.747680423e+00  6.067344166e-03  1.968471544e-03  4.537544582e+00  9.999521431e-01  1.938536240e+00
14 3  9.958104008e-01  4.666666667e+00  2.206450920e-01  5.064017986e-01  4.043954843e+06  1.576730445e-02  3.401636724e+06  9.533535370e+01  5.103190006e-01  3.253232275e-03  1.602607026e-02  6.486858852e-03 -1.261217914e+01 -3.819664925e+00  5.027272698e-03  1.680736408e-03  9.589830618e+00  9.999811320e-01  1.812086842e+00
