10  2.058618191e-07
4 3  4.717553657e-01  1.333333333e+00  7.484873835e-01  5.058589638e-01  3.612986056e+08 -2.456970163e-02  3.573375806e+06  4.354191919e+02  1.381184230e+00  1.540068458e-03 -1.393473609e-02 -2.258810776e-02 -3.463311877e+00 -4.945603264e+00  8.545680849e-03  2.208411207e-03  9.937291702e-01  1.015756848e+00  2.843082150e+00
5 3  6.121171528e-01  1.666666667e+00  6.670580962e-01  5.058589638e-01  2.391112536e+08 -1.426823025e-02  3.573375806e+06  2.963068244e+02  1.258501853e+00  1.729573332e-03 -5.293732893e-03 -1.254759928e-02 -2.536803162e+00 -4.911895401e+00  8.433247256e-03  2.187701153e-03  1.065499579e+00  1.007769636e+00  2.927983373e+00
6 3  7.136661312e-01  2.000000000e+00  6.228667332e-01  5.058589638e-01  1.836373792e+08 -7.557958107e-03  3.573375806e+06  2.256165355e+02  1.213307799e+00  1.855136768e-03 -6.385107986e-04 -6.744182986e-03 -1.998285366e+00 -4.239295245e+00  8.379538275e-03  2.187753123e-03  1.168020092e+00  1.004115410e+00  2.834459534e+00
7 3  7.924475960e-01  2.333333333e+00  5.947782210e-01  5.058589638e-01  1.604780778e+08 -3.389078241e-03  3.573375806e+06  1.830067004e+02  1.219739386e+00  2.007256345e-03  2.378870357e-03 -2.975224887e-03 -1.689368863e+00 -3.638677873e+00  8.498284871e-03  2.220934293e-03  1.292691522e+00  1.002199169e+00  2.692584509e+00
8 3  8.600221330e-01  2.666666667e+00  5.761760713e-01  5.058589638e-01  1.375622945e+08 -3.193767521e-03  3.573375806e+06  1.554790476e+02  1.199799081e+00  1.971439244e-03  1.401947967e-03 -2.989917793e-03 -6.318825746e-01 -3.236869095e+00  8.388167802e-03  2.211494681e-03  1.457220668e+00  1.000863590e+00  2.553508594e+00
9 3  9.051705077e-01  3.000000000e+00  6.170633587e-01  5.058589638e-01  1.069653100e+08  1.301005861e-02  3.573375806e+06  1.289306562e+02  9.930822581e-01  1.537086963e-03 -3.370411059e-03  1.512866616e-03  1.658371330e+01 -3.043537062e+00  7.336814077e-03  1.939958512e-03  1.716630803e+00  9.999543014e-01  2.386771434e+00
10 3  9.298959036e-01  3.333333333e+00  7.359548347e-01  5.058589638e-01  9.662017057e+07  2.082960133e-02  3.573375806e+06  1.065565221e+02  8.441870733e-01  1.249392509e-03  3.057909426e-03  9.005723917e-03  1.976225527e+01 -2.225256089e+00  6.535032638e-03  1.710839494e-03  2.237963879e+00  9.994388304e-01  2.205633482e+00
11 3  9.722953394e-01  3.666666667e+00  3.787674647e-01  5.058589638e-01  7.818311724e+07  2.735120021e-02  3.573375806e+06  1.139331834e+02  1.230807700e+00  1.180440745e-02  1.024909650e-01  1.818768372e-02 -4.702655885e+01 -3.731668436e+01  8.912236953e-03  2.336923906e-03  2.445909557e+00  9.996569331e-01  2.097004169e+00
12 3  9.894556208e-01  4.000000000e+00  2.680304421e-01  5.058589638e-01  1.000948450e+07  2.394115481e-02  3.573375806e+06  1.183608307e+02  6.601503181e-01  6.985658891e-03  4.529030496e-02  9.868483951e-03 -2.346075655e+01 -1.848474164e+01  5.977617401e-03  1.885966551e-03  3.925961100e+00  9.999073588e-01  1.956670201e+00
13 3  9.959613693e-01  4.333333333e+00  2.419861232e-01  5.058589638e-01  4.066506536e+06  2.123034352e-02  3.573375806e+06  1.126303883e+02  4.729197519e-01  3.962494000e-03  2.546153458e-02  7.254949802e-03 -1.839014030e+01 -8.733678304e+00  4.738750330e-03  1.612489537e-03  8.049751416e+00  9.999728885e-01  1.818151879e+00
