13  2.209334064e-07
4 3  3.693438594e-01  1.333333333e+00  8.183789405e-01  5.069209881e-01  3.313899143e+08 -4.376609052e-02  1.527645838e+06  3.033409372e+02  1.399747458e+00  1.432291442e-03 -2.980937133e-02 -4.256020342e-02 -4.276809287e+00 -5.651573902e+00  1.001689485e-02  2.627963979e-03  9.911756004e-01  1.009163583e+00  2.637827677e+00  3.103188484e-01
5 3  4.866333106e-01  1.666666667e+00  7.458630549e-01  5.069209881e-01  2.602461984e+08 -3.581347316e-02  5.007310038e+05  2.041367659e+02  1.330924741e+00  1.622954317e-03 -2.332646119e-02 -3.345649520e-02 -3.366010919e+00 -5.101217770e+00  1.500456614e-02  3.879263918e-03  1.036876616e+00  1.006085346e+00  2.771919485e+00  4.707853676e-01
6 3  5.828070057e-01  2.000000000e+00  6.992644265e-01  5.069209881e-01  2.183793113e+08 -2.638313260e-02  2.092230283e+06  1.608821844e+02  1.353783955e+00  1.922503561e-03 -1.639329292e-02 -2.461726183e-02 -2.684189221e+00 -4.320219244e+00  9.606527262e-03  2.506362286e-03  1.107645073e+00  1.003997499e+00  2.760705642e+00  5.905048832e-01
7 3  6.665082896e-01  2.333333333e+00  6.661434615e-01  5.069209881e-01  1.933519947e+08 -2.081635879e-02  1.409035563e+06  1.341355403e+02  1.384301183e+00  2.202786712e-03 -1.311730658e-02 -2.012224241e-02 -2.252542707e+00 -3.716602486e+00  1.125276512e-02  2.957756882e-03  1.186960094e+00  1.002405690e+00  2.701873408e+00  6.858407490e-01
8 3  7.403527143e-01  2.666666667e+00  6.411806242e-01  5.069209881e-01  1.822469594e+08 -1.610910822e-02  1.023313417e+06  1.178206957e+02  1.416517207e+00  2.420340613e-03 -1.033846046e-02 -1.647537019e-02 -1.948314664e+00 -3.234353293e+00  1.284059699e-02  3.386021867e-03  1.271816175e+00  1.001114800e+00  2.622687380e+00  7.645728931e-01
9 3  8.056573748e-01  3.000000000e+00  6.219733412e-01  5.069209881e-01  1.672697720e+08 -1.380227670e-02  2.428724751e+06  1.041561547e+02  1.416410424e+00  2.514433983e-03 -7.724310819e-03 -1.318566168e-02 -1.716471971e+00 -2.828424740e+00  9.670559920e-03  2.561005695e-03  1.370618236e+00  1.000072783e+00  2.534273279e+00  8.299748219e-01
10 3  8.575566459e-01  3.333333333e+00  6.079120318e-01  5.069209881e-01  1.424364367e+08 -9.729848748e-03  5.296079188e+06  9.130384812e+01  1.312261216e+00  2.271336795e-03 -3.325888656e-03 -8.613812517e-03 -1.663382866e+00 -2.640492204e+00  7.077785878e-03  1.880182086e-03  1.498395378e+00  9.993777763e-01  2.426087516e+00  8.806401722e-01
11 3  8.960188097e-01  3.666666667e+00  5.967321340e-01  5.069209881e-01  1.236246516e+08 -4.910948882e-03  5.643647673e+06  8.009301905e+01  1.224074687e+00  2.427371123e-03  4.423986249e-03 -2.976100560e-03 -2.357030837e+00 -3.507390939e+00  6.597848511e-03  1.750820437e-03  1.685168564e+00  9.990166239e-01  2.303621458e+00  9.176408235e-01
12 3  9.300483448e-01  4.000000000e+00  5.522891914e-01  5.069209881e-01  1.242986104e+08 -5.208233999e-03  3.110797165e+06  7.067207382e+01  1.555970771e+00  1.033414976e-02  4.607294356e-02  8.213980970e-03 -2.470177196e+01 -1.358633899e+01  9.588886158e-03  2.552469578e-03  1.925320137e+00  9.990460545e-01  2.191915186e+00  9.486485630e-01
13 3  9.671549431e-01  4.333333333e+00  3.027551154e-01  5.069209881e-01  2.490347321e+07  2.720567386e-02  6.355743867e+05  7.706398390e+01  1.086671274e+00  1.184946996e-02  5.805343039e-02  2.119683175e-02 -3.036690394e+01 -1.427163846e+01  1.370971446e-02  4.063586857e-03  2.254471365e+00  9.997545383e-01  2.105523274e+00  9.791099450e-01
14 3  9.819905204e-01  4.666666667e+00  2.474060909e-01  5.069209881e-01  1.093841288e+07  2.889554849e-02  4.169086703e+05  7.973568176e+01  8.487465972e-01  8.031153689e-03  3.643240102e-02  1.794495642e-02 -1.752026513e+01 -7.270072053e+00  1.360032195e-02  4.319480307e-03  3.140176400e+00  9.998911590e-01  1.985390533e+00  9.889249760e-01
15 3  9.902586825e-01  5.000000000e+00  2.272445370e-01  5.069209881e-01  6.468275278e+06  2.321850422e-02  3.437153730e+05  7.823987793e+01  6.812042588e-01  5.324255730e-03  2.493373062e-02  1.214728838e-02 -1.340367357e+01 -4.824350062e+00  1.250933543e-02  4.111453790e-03  4.771982951e+00  9.999409399e-01  1.868726345e+00  9.940567325e-01
16 3  9.957736623e-01  5.333333333e+00  2.163130601e-01  5.069209881e-01  4.210885171e+06  1.823495540e-02  3.054178522e+05  7.502357187e+01  5.426955779e-01  3.353535908e-03  1.727618489e-02  7.326994812e-03 -1.130473925e+01 -3.544815272e+00  1.109700300e-02  3.722968783e-03  9.370150395e+00  9.999731388e-01  1.761744585e+00  9.974247037e-01
