12  2.150588355e-07
4 3  3.693686974e-01  1.333333333e+00  8.620140890e-01  5.064308101e-01  3.430392482e+08 -4.220052634e-02  1.647974312e+06  3.150386837e+02  1.421774270e+00  1.456339501e-03 -2.994221039e-02 -4.190164423e-02 -3.443356557e+00 -5.890795214e+00  9.930570513e-03  2.612183133e-03  9.910820118e-01  1.009497499e+00  2.633888833e+00  3.062036876e-01
5 3  4.894250112e-01  1.666666667e+00  7.958303044e-01  5.064308101e-01  2.666093436e+08 -3.463931258e-02  5.137474789e+05  2.082127593e+02  1.339326904e+00  1.630987292e-03 -2.349811040e-02 -3.277115916e-02 -2.986684728e+00 -4.969081088e+00  1.511552851e-02  3.908754848e-03  1.035437577e+00  1.006166258e+00  2.782774414e+00  4.708276174e-01
6 3  5.871534273e-01  2.000000000e+00  7.500087783e-01  5.064308101e-01  2.248935379e+08 -2.545261781e-02  2.152774450e+06  1.653461414e+02  1.357954866e+00  1.909297855e-03 -1.647138481e-02 -2.393272402e-02 -2.548303979e+00 -4.063140365e+00  9.639949929e-03  2.517460965e-03  1.105663647e+00  1.003899320e+00  2.775764438e+00  5.931033171e-01
7 3  6.717359149e-01  2.333333333e+00  7.156564800e-01  5.064308101e-01  2.013137983e+08 -1.965172186e-02  1.400820954e+06  1.383957792e+02  1.383144237e+00  2.143776611e-03 -1.273013598e-02 -1.906241016e-02 -2.246867077e+00 -3.420553758e+00  1.138773298e-02  2.993075733e-03  1.185874704e+00  1.002200615e+00  2.717360707e+00  6.897909274e-01
8 3  7.452366956e-01  2.666666667e+00  6.889423597e-01  5.064308101e-01  1.907062727e+08 -1.502079306e-02  1.072119580e+06  1.208592054e+02  1.398513432e+00  2.269994094e-03 -9.584042014e-03 -1.517409382e-02 -2.032553105e+00 -2.956348757e+00  1.267625478e-02  3.331626230e-03  1.274394071e+00  1.000913789e+00  2.634468524e+00  7.682030565e-01
9 3  8.090138683e-01  3.000000000e+00  6.679205511e-01  5.064308101e-01  1.776928206e+08 -1.241024058e-02  2.582347166e+06  1.060687559e+02  1.399404872e+00  2.335563911e-03 -6.599769465e-03 -1.165142929e-02 -1.863508878e+00 -2.593919808e+00  9.500685810e-03  2.500283125e-03  1.379258733e+00  9.999564718e-01  2.539724743e+00  8.321396529e-01
10 3  8.603136241e-01  3.333333333e+00  6.517478941e-01  5.064308101e-01  1.543679101e+08 -8.518451432e-03  5.548460240e+06  9.296311739e+01  1.308739405e+00  2.176516417e-03 -2.173068922e-03 -7.316638738e-03 -1.832332536e+00 -2.563496118e+00  7.028959069e-03  1.852430090e-03  1.509848087e+00  9.993037693e-01  2.429105759e+00  8.827191519e-01
11 3  8.982487939e-01  3.666666667e+00  6.403762171e-01  5.064308101e-01  1.307348031e+08 -2.773622227e-03  5.669141033e+06  8.187699497e+01  1.196079827e+00  2.431941517e-03  6.880404385e-03 -1.605571862e-03 -1.781771788e+00 -4.463312262e+00  6.549333703e-03  1.726194510e-03  1.704311482e+00  9.989473427e-01  2.304828688e+00  9.195028553e-01
12 3  9.366807030e-01  4.000000000e+00  5.454579878e-01  5.064308101e-01  1.461892796e+08 -1.370021155e-02  2.525329030e+06  7.472271649e+01  2.021693991e+00  2.459693694e-02  7.349452643e-02  1.297626213e-02 -5.432359723e+01 -1.908364508e+01  1.246806562e-02  3.354357561e-03  1.907931942e+00  9.991108377e-01  2.203515423e+00  9.544445917e-01
13 3  9.700861449e-01  4.333333333e+00  2.885695251e-01  5.064308101e-01  1.999969579e+07  3.003179387e-02  5.909698292e+05  8.502604653e+01  1.014276702e+00  1.020462404e-02  4.823460917e-02  2.146213553e-02 -1.776760056e+01 -1.179181978e+01  1.357773791e-02  4.140235590e-03  2.331043905e+00  9.998059428e-01  2.108020165e+00  9.812329966e-01
14 3  9.833837528e-01  4.666666667e+00  2.577808439e-01  5.064308101e-01  9.973619638e+06  2.634494314e-02  4.122173493e+05  8.493324392e+01  8.108602877e-01  7.074503733e-03  3.053800198e-02  1.625227569e-02 -1.133826638e+01 -6.170414443e+00  1.333841666e-02  4.311448896e-03  3.320665245e+00  9.998894600e-01  1.984445065e+00  9.898572781e-01
15 3  9.910216569e-01  5.000000000e+00  2.442319186e-01  5.064308101e-01  6.219254678e+06  2.060283277e-02  3.461692046e+05  8.181964541e+01  6.560523353e-01  4.742117517e-03  2.084101860e-02  1.042912795e-02 -9.893435692e+00 -4.210717605e+00  1.223681906e-02  4.068056268e-03  5.148152295e+00  9.999282329e-01  1.866606675e+00  9.945555389e-01
