12  2.153470008e-07
4 3  3.748698579e-01  1.333333333e+00  8.530290203e-01  5.053090975e-01  3.466719919e+08 -4.140832088e-02  1.560779721e+06  3.118724885e+02  1.421327274e+00  1.477544769e-03 -2.853563157e-02 -4.068660585e-02 -3.606292857e+00 -5.966238792e+00  1.017884100e-02  2.664347472e-03  9.916907446e-01  1.009631072e+00  2.651856450e+00  3.101442428e-01
5 3  4.946694192e-01  1.666666667e+00  7.846034025e-01  5.053090975e-01  2.623290312e+08 -3.307351019e-02  5.394259771e+05  2.053078277e+02  1.325073842e+00  1.636280051e-03 -2.152151100e-02 -3.107818304e-02 -3.090178132e+00 -5.133790746e+00  1.483866541e-02  3.823202444e-03  1.038196154e+00  1.006500219e+00  2.790780665e+00  4.743893292e-01
6 3  5.917541822e-01  2.000000000e+00  7.378464346e-01  5.053090975e-01  2.207602812e+08 -2.387173626e-02  2.145347411e+06  1.639191628e+02  1.353436634e+00  1.958853919e-03 -1.456258830e-02 -2.233167361e-02 -2.632827527e+00 -4.247633305e+00  9.658877557e-03  2.518056199e-03  1.109185021e+00  1.004234673e+00  2.775824923e+00  5.954756804e-01
7 3  6.776049992e-01  2.333333333e+00  7.020018017e-01  5.053090975e-01  1.969267915e+08 -1.833027933e-02  1.351608999e+06  1.376310208e+02  1.395439790e+00  2.282890036e-03 -1.110924854e-02 -1.769943150e-02 -2.319984327e+00 -3.586402376e+00  1.162940695e-02  3.057298559e-03  1.187979414e+00  1.002392626e+00  2.719463271e+00  6.937027994e-01
8 3  7.528579548e-01  2.666666667e+00  6.739683248e-01  5.053090975e-01  1.820020664e+08 -1.375119544e-02  1.113338636e+06  1.194881834e+02  1.400920174e+00  2.409698597e-03 -7.921766297e-03 -1.368837604e-02 -2.089661435e+00 -3.081674853e+00  1.259872976e-02  3.313139836e-03  1.276721220e+00  1.001028741e+00  2.640197264e+00  7.740318331e-01
9 3  8.167212479e-01  3.000000000e+00  6.524480822e-01  5.053090975e-01  1.653382848e+08 -1.066939325e-02  2.834079895e+06  1.040569644e+02  1.385454553e+00  2.441352531e-03 -4.651099919e-03 -9.850789273e-03 -1.915061585e+00 -2.698862236e+00  9.211124547e-03  2.424747031e-03  1.386254679e+00  1.000109838e+00  2.543582438e+00  8.380055666e-01
10 3  8.673681455e-01  3.333333333e+00  6.362031216e-01  5.053090975e-01  1.423814137e+08 -7.610919582e-03  5.770707540e+06  9.096506931e+01  1.292504127e+00  2.275851002e-03 -1.163680054e-03 -6.472753461e-03 -1.859408360e+00 -2.683381381e+00  6.935129173e-03  1.826985610e-03  1.526267156e+00  9.994876857e-01  2.429672227e+00  8.877866170e-01
11 3  9.045416009e-01  3.666666667e+00  6.260266466e-01  5.053090975e-01  1.198980827e+08 -4.943625611e-04  5.412237743e+06  8.009242143e+01  1.175819224e+00  2.439236577e-03  8.036307204e-03 -1.386363990e-04 -1.231132847e+00 -4.490011217e+00  6.640643285e-03  1.747228037e-03  1.736121486e+00  9.990811098e-01  2.302519840e+00  9.237772725e-01
12 3  9.405699120e-01  4.000000000e+00  5.451419243e-01  5.053090975e-01  1.286504783e+08 -8.137534967e-04  2.268271971e+06  7.419865303e+01  1.763209854e+00  1.765988131e-02  6.899833857e-02  1.559093246e-02 -4.482720742e+01 -1.788787245e+01  1.191520201e-02  3.176347957e-03  1.970837721e+00  9.990593938e-01  2.194663379e+00  9.565486497e-01
13 3  9.739573814e-01  4.333333333e+00  2.653361291e-01  5.053090975e-01  1.760310711e+07  2.856797815e-02  5.386797589e+05  8.791150349e+01  9.793426787e-01  1.040623216e-02  4.700693403e-02  1.844855552e-02 -2.270274148e+01 -1.201498176e+01  1.384812066e-02  4.236248130e-03  2.440996688e+00  9.998273391e-01  2.099367077e+00  9.831927512e-01
14 3  9.860569099e-01  4.666666667e+00  2.371637217e-01  5.053090975e-01  8.505452596e+06  2.197258403e-02  3.896417034e+05  8.735945027e+01  7.621359274e-01  6.404639015e-03  2.541404072e-02  1.192558188e-02 -9.889982468e+00 -5.903250323e+00  1.317254530e-02  4.272002096e-03  3.551470197e+00  9.998916981e-01  1.973756989e+00  9.911797247e-01
15 3  9.927002472e-01  5.000000000e+00  2.276434268e-01  5.053090975e-01  5.366866889e+06  1.695614335e-02  3.339964900e+05  8.334887280e+01  6.042217012e-01  3.964118125e-03  1.683371050e-02  7.225491681e-03 -7.971605535e+00 -3.959645038e+00  1.181855786e-02  3.926442746e-03  5.653205150e+00  9.999206600e-01  1.854638137e+00  9.954012626e-01
