10  2.058023372e-07
4 3  4.767770068e-01  1.333333333e+00  7.472946622e-01  5.068804658e-01  3.386730682e+08 -2.304315207e-02  2.890212424e+05  4.301616500e+02  1.367203015e+00  1.597761497e-03 -1.248602022e-02 -2.108430286e-02 -3.422920222e+00 -5.097770881e+00  1.979963148e-02  5.131403752e-03  9.954445673e-01  1.015739576e+00  2.856733952e+00  4.261407205e-01
5 3  6.153679700e-01  1.666666667e+00  6.669296965e-01  5.068804658e-01  2.245579199e+08 -1.271843977e-02  2.257366699e+06  2.943880180e+02  1.247513190e+00  1.741835467e-03 -4.170867819e-03 -1.101728223e-02 -2.522659545e+00 -4.640832930e+00  9.833433656e-03  2.560490615e-03  1.069062544e+00  1.007799686e+00  2.926652859e+00  6.121640205e-01
6 3  7.159699496e-01  2.000000000e+00  6.228764273e-01  5.068804658e-01  1.752890082e+08 -5.986192117e-03  1.118719891e+06  2.213514569e+02  1.207519029e+00  1.846233154e-03  5.067465611e-04 -5.184730175e-03 -2.002144299e+00 -3.915856809e+00  1.239768211e-02  3.237170459e-03  1.172640458e+00  1.004177964e+00  2.827394063e+00  7.308822593e-01
7 3  7.943988169e-01  2.333333333e+00  5.946514792e-01  5.068804658e-01  1.557745144e+08 -2.434132785e-03  2.020900868e+06  1.807459008e+02  1.215394290e+00  1.964879710e-03  2.884503516e-03 -2.061839534e-03 -1.676280288e+00 -3.324586316e+00  1.031863522e-02  2.694945373e-03  1.298706008e+00  1.002231367e+00  2.683741303e+00  8.146818905e-01
8 3  8.607931905e-01  2.666666667e+00  5.771975740e-01  5.068804658e-01  1.346145166e+08 -1.988501695e-03  5.567584445e+06  1.549284132e+02  1.183293630e+00  1.831065003e-03  1.919568303e-03 -2.016419776e-03 -4.132239477e-01 -2.981782458e+00  7.197714652e-03  1.896211145e-03  1.464799815e+00  1.000860989e+00  2.541058763e+00  8.787494106e-01
9 3  9.051136670e-01  3.000000000e+00  6.184307553e-01  5.068804658e-01  1.076498490e+08  1.303546946e-02  5.832252778e+06  1.292683861e+02  9.927042251e-01  1.514962832e-03 -2.707978119e-03  2.090994287e-03  1.569248572e+01 -2.803198791e+00  6.244230955e-03  1.649242036e-03  1.725371013e+00  9.999313327e-01  2.372809656e+00  9.214438470e-01
10 3  9.305218744e-01  3.333333333e+00  7.261471286e-01  5.068804658e-01  1.007471708e+08  1.815752232e-02  3.696061091e+06  1.069613992e+02  8.797566402e-01  8.213881023e-04  7.544319394e-03  9.761865995e-03  1.262733933e+01 -2.625878371e+00  6.664514363e-03  1.741398414e-03  2.229818235e+00  9.994189733e-01  2.194351963e+00  9.451507737e-01
11 3  9.740373787e-01  3.666666667e+00  3.455148699e-01  5.068804658e-01  4.995493427e+07  2.796829621e-02  5.982489600e+05  1.171673812e+02  1.079719937e+00  1.065419113e-02  8.955965468e-02  1.778565165e-02 -4.089364512e+01 -3.383570505e+01  1.495171989e-02  4.061406557e-03  2.522426490e+00  9.997276233e-01  2.088799434e+00  9.819809266e-01
12 3  9.894489680e-01  4.000000000e+00  2.549886956e-01  5.068804658e-01  9.138486365e+06  2.398477748e-02  3.857886662e+05  1.207493012e+02  6.540109172e-01  6.646101225e-03  4.053551683e-02  1.030624784e-02 -2.219984858e+01 -1.550890334e+01  1.252848209e-02  3.987044146e-03  4.058650551e+00  9.999160924e-01  1.945395121e+00  9.928289686e-01
13 3  9.960182498e-01  4.333333333e+00  2.298614264e-01  5.068804658e-01  3.952822694e+06  2.106328607e-02  3.292438316e+05  1.151196223e+02  4.737833340e-01  3.774320683e-03  2.394514574e-02  7.495972649e-03 -1.740007480e+01 -7.763576187e+00  1.054790406e-02  3.592825001e-03  8.421643776e+00  9.999725313e-01  1.807773953e+00  9.972979476e-01
