10  2.076173724e-07
4 3  4.856278045e-01  1.333333333e+00  7.207520288e-01  5.126163518e-01  2.512489593e+08 -1.836611143e-02  3.750318205e+05  4.049716887e+02  1.297146074e+00  1.792242881e-03 -7.682717577e-03 -1.636981446e-02 -3.278374608e+00 -5.727598470e+00  1.801726679e-02  4.730024425e-03  1.001850940e+00  1.016054859e+00  2.856560844e+00  4.472808652e-01
5 3  6.137128501e-01  1.666666667e+00  6.500368511e-01  5.126163518e-01  1.700867994e+08 -9.879043703e-03  2.276997634e+06  2.674327559e+02  1.210328060e+00  1.762046038e-03 -2.917278576e-03 -8.315574170e-03 -2.320304881e+00 -3.615523969e+00  9.859476553e-03  2.588499487e-03  1.081663008e+00  1.008793646e+00  2.867347080e+00  6.162468823e-01
6 3  7.115395763e-01  2.000000000e+00  6.101234419e-01  5.126163518e-01  1.475495668e+08 -1.355749163e-03  1.137939867e+06  1.989410748e+02  1.221590478e+00  1.829948259e-03  3.022915767e-03 -1.030239684e-03 -1.813402998e+00 -2.637167133e+00  1.279149287e-02  3.331210891e-03  1.182358076e+00  1.005111020e+00  2.760225361e+00  7.301946136e-01
7 3  7.929716120e-01  2.333333333e+00  5.835347370e-01  5.126163518e-01  1.405300620e+08 -8.441507287e-04  2.111549572e+06  1.727582403e+02  1.231872122e+00  1.800014331e-03  2.525270677e-03 -7.574443566e-04 -1.467787790e+00 -2.056164368e+00  1.047481547e-02  2.736703977e-03  1.298602749e+00  1.002581530e+00  2.630037769e+00  8.164979260e-01
8 3  8.570731508e-01  2.666666667e+00  5.685861481e-01  5.126163518e-01  1.257703330e+08  1.322621202e-03  5.728420452e+06  1.503462810e+02  1.155818688e+00  1.417957155e-03  3.512178830e-03  1.060084048e-03 -4.090484960e-01 -1.780071940e+00  7.136777946e-03  1.871375063e-03  1.450288065e+00  1.000880382e+00  2.483091706e+00  8.800804013e-01
9 3  9.020530302e-01  3.000000000e+00  5.882737374e-01  5.126163518e-01  1.140472862e+08  9.634720247e-03  5.794661084e+06  1.256705041e+02  1.054063318e+00  6.813651187e-04  4.608326271e-03  5.415951669e-03  5.608365004e+00 -1.840030621e+00  6.650066451e-03  1.730660956e-03  1.682856352e+00  9.998806072e-01  2.320707320e+00  9.235034687e-01
10 3  9.414079446e-01  3.333333333e+00  5.066983168e-01  5.126163518e-01  1.219693246e+08 -4.792774445e-03  2.140099764e+06  1.085075314e+02  1.394485152e+00  1.011666368e-02  6.152456257e-02  1.250885783e-02 -4.323302472e+01 -1.654367668e+01  1.142238192e-02  2.938272299e-03  2.005181412e+00  9.995435014e-01  2.179024905e+00  9.589391820e-01
11 3  9.736257539e-01  3.666666667e+00  2.615784300e-01  5.126163518e-01  1.839237067e+07  2.412894952e-02  5.590850762e+05  1.239150680e+02  8.924868223e-01  8.898695624e-03  4.976659769e-02  1.728492490e-02 -2.180992984e+01 -1.650256280e+01  1.379971739e-02  4.115399400e-03  2.661024197e+00  9.998882704e-01  2.049431989e+00  9.838418981e-01
12 3  9.873510762e-01  4.000000000e+00  2.149036236e-01  5.126163518e-01  7.340611349e+06  1.984303087e-02  3.970153139e+05  1.279124271e+02  6.792947841e-01  5.844250782e-03  2.589626217e-02  1.086314415e-02 -1.362061616e+01 -7.377634850e+00  1.289044367e-02  4.220404098e-03  4.203388201e+00  9.999530762e-01  1.905252956e+00  9.924234333e-01
13 3  9.953170696e-01  4.333333333e+00  1.958625758e-01  5.126163518e-01  4.037277580e+06  1.462897493e-02  3.348636251e+05  1.249193471e+02  5.169651500e-01  3.310901381e-03  1.477578846e-02  5.513251479e-03 -1.067765626e+01 -4.160248339e+00  1.125209774e-02  3.849627902e-03  9.249768093e+00  9.999816514e-01  1.772934907e+00  9.972044801e-01
