 1.695500020e+00 -1.845468720e+00  8.589655832e-01  4.036273566e+00  9.313462536e-01  5.390528017e+00  9.950870675e-01  9.708418800e-01  7.959021600e+00 512 3 13
 0.000000000e+00  0.000000000e+00  1.316766942e-06
 1.956947162e-03  2.778043351e-02  1.408877054e-01
 3.913894325e-03  3.928757339e-02  1.992403597e-01
 5.870841487e-03  4.811756671e-02  2.440089968e-01
 7.827788650e-03  5.556194931e-02  2.817411378e-01
 9.784735812e-03  6.212101567e-02  3.149723206e-01
 1.174168297e-02  6.805136637e-02  3.450024665e-01
 1.369863014e-02  7.350544775e-02  3.726034581e-01
 1.565557730e-02  7.858259761e-02  3.982779696e-01
 1.761252446e-02  8.335182459e-02  4.223749632e-01
 1.956947162e-02  8.786338028e-02  4.451483622e-01
 2.152641879e-02  9.215520629e-02  4.667897189e-01
 2.348336595e-02  9.625678445e-02  4.874476653e-01
 2.544031311e-02  1.001915647e-01  5.072404542e-01
 2.739726027e-02  1.039785630e-01  5.262638870e-01
 2.935420744e-02  1.076334539e-01  5.445968138e-01
 3.131115460e-02  1.111693398e-01  5.623051371e-01
 3.326810176e-02  1.145973056e-01  5.794446347e-01
 3.522504892e-02  1.179268290e-01  5.960626595e-01
 3.718199609e-02  1.211660905e-01  6.122000258e-01
 3.913894325e-02  1.243222094e-01  6.278923498e-01
 4.109589041e-02  1.274014263e-01  6.431707284e-01
 4.305283757e-02  1.304092493e-01  6.580624079e-01
 4.500978474e-02  1.333505692e-01  6.725914493e-01
 4.696673190e-02  1.362297531e-01  6.867793084e-01
 4.892367906e-02  1.390507193e-01  7.006454838e-01
 5.088062622e-02  1.418169984e-01  7.142077848e-01
 5.283757339e-02  1.445317842e-01  7.274819918e-01
 5.479452055e-02  1.471979796e-01  7.404819276e-01
 5.675146771e-02  1.498182336e-01  7.532198266e-01
 5.870841487e-02  1.523949714e-01  7.657077540e-01
 6.066536204e-02  1.549304167e-01  7.779576500e-01
 6.262230920e-02  1.574266132e-01  7.899795239e-01
 6.457925636e-02  1.598854491e-01  8.017810552e-01
 6.653620352e-02  1.623086761e-01  8.133698440e-01
 6.849315068e-02  1.646979191e-01  8.247550548e-01
 7.045009785e-02  1.670546838e-01  8.359450295e-01
 7.240704501e-02  1.693803716e-01  8.469457642e-01
 7.436399217e-02  1.716762939e-01  8.577628164e-01
 7.632093933e-02  1.739436781e-01  8.684016200e-01
 7.827788650e-02  1.761836754e-01  8.788675021e-01
 8.023483366e-02  1.783973655e-01  8.891660429e-01
 8.219178082e-02  1.805857624e-01  8.993022261e-01
 8.414872798e-02  1.827498206e-01  9.092807125e-01
 8.610567515e-02  1.848904404e-01  9.191047436e-01
 8.806262231e-02  1.870084747e-01  9.287771367e-01
 9.001956947e-02  1.891047308e-01  9.383031151e-01
 9.197651663e-02  1.911799691e-01  9.476869098e-01
 9.393346380e-02  1.932349104e-01  9.569313173e-01
 9.589041096e-02  1.952702405e-01  9.660381836e-01
 9.784735812e-02  1.972866136e-01  9.750100525e-01
 9.980430528e-02  1.992846516e-01  9.838507727e-01
 1.017612524e-01  2.012649444e-01  9.925630786e-01
 1.037181996e-01  2.032280551e-01  1.001149290e+00
 1.056751468e-01  2.051745212e-01  1.009611794e+00
 1.076320939e-01  2.071048564e-01  1.017951965e+00
 1.095890411e-01  2.090195533e-01  1.026171960e+00
 1.115459883e-01  2.109190825e-01  1.034274407e+00
 1.135029354e-01  2.128038939e-01  1.042261162e+00
 1.154598826e-01  2.146744189e-01  1.050134411e+00
 1.174168297e-01  2.165310711e-01  1.057895230e+00
 1.193737769e-01  2.183742492e-01  1.065544385e+00
 1.213307241e-01  2.202043371e-01  1.073083698e+00
 1.232876712e-01  2.220217028e-01  1.080515950e+00
 1.252446184e-01  2.238266985e-01  1.087842945e+00
 1.272015656e-01  2.256196636e-01  1.095064981e+00
 1.291585127e-01  2.274009275e-01  1.102182269e+00
 1.311154599e-01  2.291708087e-01  1.109196323e+00
 1.330724070e-01  2.309296132e-01  1.116109579e+00
 1.350293542e-01  2.326776350e-01  1.122922917e+00
 1.369863014e-01  2.344151590e-01  1.129637832e+00
 1.389432485e-01  2.361424599e-01  1.136254232e+00
 1.409001957e-01  2.378598056e-01  1.142772719e+00
 1.428571429e-01  2.395674551e-01  1.149195199e+00
 1.448140900e-01  2.412656576e-01  1.155522677e+00
 1.467710372e-01  2.429546550e-01  1.161755878e+00
 1.487279843e-01  2.446346819e-01  1.167896116e+00
 1.506849315e-01  2.463059653e-01  1.173943279e+00
 1.526418787e-01  2.479687273e-01  1.179897723e+00
 1.545988258e-01  2.496231832e-01  1.185760504e+00
 1.565557730e-01  2.512695414e-01  1.191533831e+00
 1.585127202e-01  2.529080027e-01  1.197218272e+00
 1.604696673e-01  2.545387635e-01  1.202813258e+00
 1.624266145e-01  2.561620163e-01  1.208319004e+00
 1.643835616e-01  2.577779484e-01  1.213736513e+00
 1.663405088e-01  2.593867415e-01  1.219067213e+00
 1.682974560e-01  2.609885714e-01  1.224311876e+00
 1.702544031e-01  2.625836097e-01  1.229471205e+00
 1.722113503e-01  2.641720237e-01  1.234544499e+00
 1.741682975e-01  2.657539784e-01  1.239532106e+00
 1.761252446e-01  2.673296342e-01  1.244435229e+00
 1.780821918e-01  2.688991465e-01  1.249255247e+00
 1.800391389e-01  2.704626665e-01  1.253992410e+00
 1.819960861e-01  2.720203424e-01  1.258646665e+00
 1.839530333e-01  2.735723200e-01  1.263217978e+00
 1.859099804e-01  2.751187416e-01  1.267707163e+00
 1.878669276e-01  2.766597462e-01  1.272114999e+00
 1.898238748e-01  2.781954691e-01  1.276442164e+00
 1.917808219e-01  2.797260427e-01  1.280689451e+00
 1.937377691e-01  2.812515961e-01  1.284856418e+00
 1.956947162e-01  2.827722573e-01  1.288943496e+00
 1.976516634e-01  2.842881510e-01  1.292950859e+00
 1.996086106e-01  2.857993997e-01  1.296879416e+00
 2.015655577e-01  2.873061226e-01  1.300730308e+00
 2.035225049e-01  2.888084360e-01  1.304503676e+00
 2.054794521e-01  2.903064546e-01  1.308199132e+00
 2.074363992e-01  2.918002919e-01  1.311816947e+00
 2.093933464e-01  2.932900587e-01  1.315357627e+00
 2.113502935e-01  2.947758638e-01  1.318822243e+00
 2.133072407e-01  2.962578130e-01  1.322211871e+00
 2.152641879e-01  2.977360099e-01  1.325525868e+00
 2.172211350e-01  2.992105578e-01  1.328764189e+00
 2.191780822e-01  3.006815580e-01  1.331927395e+00
 2.211350294e-01  3.021491098e-01  1.335016105e+00
 2.230919765e-01  3.036133107e-01  1.338031336e+00
 2.250489237e-01  3.050742555e-01  1.340973532e+00
 2.270058708e-01  3.065320382e-01  1.343842222e+00
 2.289628180e-01  3.079867519e-01  1.346637687e+00
 2.309197652e-01  3.094384880e-01  1.349360715e+00
 2.328767123e-01  3.108873361e-01  1.352011694e+00
 2.348336595e-01  3.123333843e-01  1.354591444e+00
 2.367906067e-01  3.137767189e-01  1.357100200e+00
 2.387475538e-01  3.152174255e-01  1.359537862e+00
 2.407045010e-01  3.166555885e-01  1.361905037e+00
 2.426614481e-01  3.180912909e-01  1.364202131e+00
 2.446183953e-01  3.195246144e-01  1.366429484e+00
 2.465753425e-01  3.209556395e-01  1.368588141e+00
 2.485322896e-01  3.223844450e-01  1.370678096e+00
 2.504892368e-01  3.238111092e-01  1.372699649e+00
 2.524461840e-01  3.252357092e-01  1.374653214e+00
 2.544031311e-01  3.266583211e-01  1.376539129e+00
 2.563600783e-01  3.280790199e-01  1.378357980e+00
 2.583170254e-01  3.294978794e-01  1.380110539e+00
 2.602739726e-01  3.309149721e-01  1.381797122e+00
 2.622309198e-01  3.323303699e-01  1.383417875e+00
 2.641878669e-01  3.337441439e-01  1.384973265e+00
 2.661448141e-01  3.351563641e-01  1.386463836e+00
 2.681017613e-01  3.365670995e-01  1.387890200e+00
 2.700587084e-01  3.379764182e-01  1.389252926e+00
 2.720156556e-01  3.393843873e-01  1.390552221e+00
 2.739726027e-01  3.407910733e-01  1.391788632e+00
 2.759295499e-01  3.421965417e-01  1.392962702e+00
 2.778864971e-01  3.436008571e-01  1.394074930e+00
 2.798434442e-01  3.450040835e-01  1.395125796e+00
 2.818003914e-01  3.464062840e-01  1.396115839e+00
 2.837573386e-01  3.478075207e-01  1.397045627e+00
 2.857142857e-01  3.492078551e-01  1.397915591e+00
 2.876712329e-01  3.506073480e-01  1.398726339e+00
 2.896281800e-01  3.520060594e-01  1.399478530e+00
 2.915851272e-01  3.534040482e-01  1.400172400e+00
 2.935420744e-01  3.548013732e-01  1.400808571e+00
 2.954990215e-01  3.561980923e-01  1.401387807e+00
 2.974559687e-01  3.575942623e-01  1.401910731e+00
 2.994129159e-01  3.589899393e-01  1.402377965e+00
 3.013698630e-01  3.603851790e-01  1.402789775e+00
 3.033268102e-01  3.617800366e-01  1.403146442e+00
 3.052837573e-01  3.631745667e-01  1.403449006e+00
 3.072407045e-01  3.645688227e-01  1.403698152e+00
 3.091976517e-01  3.659628576e-01  1.403894293e+00
 3.111545988e-01  3.673567239e-01  1.404038012e+00
 3.131115460e-01  3.687504734e-01  1.404129601e+00
 3.150684932e-01  3.701441576e-01  1.404169593e+00
 3.170254403e-01  3.715378274e-01  1.404158768e+00
 3.189823875e-01  3.729315329e-01  1.404097849e+00
 3.209393346e-01  3.743253235e-01  1.403987385e+00
 3.228962818e-01  3.757192482e-01  1.403827774e+00
 3.248532290e-01  3.771133556e-01  1.403619227e+00
 3.268101761e-01  3.785076943e-01  1.403362330e+00
 3.287671233e-01  3.799023119e-01  1.403058187e+00
 3.307240705e-01  3.812972550e-01  1.402707362e+00
 3.326810176e-01  3.826925702e-01  1.402310138e+00
 3.346379648e-01  3.840883036e-01  1.401866960e+00
 3.365949119e-01  3.854845010e-01  1.401378235e+00
 3.385518591e-01  3.868812078e-01  1.400844778e+00
 3.405088063e-01  3.882784686e-01  1.400267261e+00
 3.424657534e-01  3.896763275e-01  1.399646285e+00
 3.444227006e-01  3.910748283e-01  1.398982419e+00
 3.463796477e-01  3.924740142e-01  1.398275799e+00
 3.483365949e-01  3.938739286e-01  1.397526896e+00
 3.502935421e-01  3.952746142e-01  1.396736633e+00
 3.522504892e-01  3.966761129e-01  1.395905816e+00
 3.542074364e-01  3.980784663e-01  1.395034973e+00
 3.561643836e-01  3.994817153e-01  1.394124154e+00
 3.581213307e-01  4.008859013e-01  1.393174097e+00
 3.600782779e-01  4.022910648e-01  1.392185317e+00
 3.620352250e-01  4.036972459e-01  1.391158602e+00
 3.639921722e-01  4.051044841e-01  1.390094565e+00
 3.659491194e-01  4.065128186e-01  1.388993696e+00
 3.679060665e-01  4.079222882e-01  1.387856332e+00
 3.698630137e-01  4.093329317e-01  1.386683227e+00
 3.718199609e-01  4.107447871e-01  1.385474627e+00
 3.737769080e-01  4.121578924e-01  1.384231525e+00
 3.757338552e-01  4.135722846e-01  1.382954677e+00
 3.776908023e-01  4.149880005e-01  1.381644203e+00
 3.796477495e-01  4.164050768e-01  1.380300553e+00
 3.816046967e-01  4.178235501e-01  1.378924508e+00
 3.835616438e-01  4.192434559e-01  1.377516640e+00
 3.855185910e-01  4.206648299e-01  1.376077830e+00
 3.874755382e-01  4.220877066e-01  1.374608360e+00
 3.894324853e-01  4.235121209e-01  1.373108483e+00
 3.913894325e-01  4.249381074e-01  1.371579369e+00
 3.933463796e-01  4.263656996e-01  1.370021208e+00
 3.953033268e-01  4.277949314e-01  1.368434526e+00
 3.972602740e-01  4.292258358e-01  1.366820334e+00
 3.992172211e-01  4.306584453e-01  1.365178740e+00
 4.011741683e-01  4.320927927e-01  1.363510629e+00
 4.031311155e-01  4.335289097e-01  1.361816560e+00
 4.050880626e-01  4.349668278e-01  1.360096723e+00
 4.070450098e-01  4.364065786e-01  1.358352202e+00
 4.090019569e-01  4.378481925e-01  1.356583293e+00
 4.109589041e-01  4.392917002e-01  1.354790520e+00
 4.129158513e-01  4.407371318e-01  1.352974813e+00
 4.148727984e-01  4.421845164e-01  1.351136568e+00
 4.168297456e-01  4.436338835e-01  1.349276242e+00
 4.187866928e-01  4.450852620e-01  1.347394389e+00
 4.207436399e-01  4.465386803e-01  1.345491560e+00
 4.227005871e-01  4.479941665e-01  1.343568783e+00
 4.246575342e-01  4.494517476e-01  1.341626682e+00
 4.266144814e-01  4.509114507e-01  1.339665207e+00
 4.285714286e-01  4.523733029e-01  1.337685045e+00
 4.305283757e-01  4.538373306e-01  1.335686856e+00
 4.324853229e-01  4.553035597e-01  1.333671629e+00
 4.344422701e-01  4.567720150e-01  1.331639910e+00
 4.363992172e-01  4.582427214e-01  1.329592184e+00
 4.383561644e-01  4.597157034e-01  1.327528512e+00
 4.403131115e-01  4.611909856e-01  1.325449591e+00
 4.422700587e-01  4.626685915e-01  1.323356483e+00
 4.442270059e-01  4.641485440e-01  1.321249822e+00
 4.461839530e-01  4.656308655e-01  1.319130249e+00
 4.481409002e-01  4.671155778e-01  1.316997991e+00
 4.500978474e-01  4.686027028e-01  1.314853086e+00
 4.520547945e-01  4.700922625e-01  1.312696724e+00
 4.540117417e-01  4.715842772e-01  1.310529945e+00
 4.559686888e-01  4.730787664e-01  1.308353237e+00
 4.579256360e-01  4.745757496e-01  1.306167090e+00
 4.598825832e-01  4.760752459e-01  1.303970940e+00
 4.618395303e-01  4.775772751e-01  1.301766128e+00
 4.637964775e-01  4.790818548e-01  1.299553885e+00
 4.657534247e-01  4.805890021e-01  1.297334687e+00
 4.677103718e-01  4.820987335e-01  1.295108947e+00
 4.696673190e-01  4.836110655e-01  1.292876597e+00
 4.716242661e-01  4.851260147e-01  1.290638169e+00
 4.735812133e-01  4.866435966e-01  1.288395125e+00
 4.755381605e-01  4.881638252e-01  1.286147997e+00
 4.774951076e-01  4.896867145e-01  1.283897289e+00
 4.794520548e-01  4.912122778e-01  1.281643272e+00
 4.814090020e-01  4.927405282e-01  1.279386062e+00
 4.833659491e-01  4.942714788e-01  1.277126766e+00
 4.853228963e-01  4.958051409e-01  1.274866300e+00
 4.872798434e-01  4.973415251e-01  1.272605332e+00
 4.892367906e-01  4.988806416e-01  1.270343913e+00
 4.911937378e-01  5.004225005e-01  1.268082532e+00
 4.931506849e-01  5.019671111e-01  1.265821642e+00
 4.951076321e-01  5.035144822e-01  1.263562437e+00
 4.970645793e-01  5.050646210e-01  1.261305604e+00
 4.990215264e-01  5.066175344e-01  1.259051172e+00
 5.009784736e-01  5.081732292e-01  1.256799795e+00
 5.029354207e-01  5.097317110e-01  1.254552081e+00
 5.048923679e-01  5.112929850e-01  1.252308491e+00
 5.068493151e-01  5.128570556e-01  1.250070123e+00
 5.088062622e-01  5.144239260e-01  1.247836916e+00
 5.107632094e-01  5.159935994e-01  1.245609667e+00
 5.127201566e-01  5.175660779e-01  1.243389305e+00
 5.146771037e-01  5.191413624e-01  1.241175787e+00
 5.166340509e-01  5.207194541e-01  1.238969928e+00
 5.185909980e-01  5.223003529e-01  1.236771925e+00
 5.205479452e-01  5.238840583e-01  1.234582725e+00
 5.225048924e-01  5.254705685e-01  1.232402983e+00
 5.244618395e-01  5.270598810e-01  1.230232759e+00
 5.264187867e-01  5.286519933e-01  1.228072287e+00
 5.283757339e-01  5.302469025e-01  1.225922010e+00
 5.303326810e-01  5.318446045e-01  1.223782720e+00
 5.322896282e-01  5.334450945e-01  1.221654889e+00
 5.342465753e-01  5.350483670e-01  1.219538734e+00
 5.362035225e-01  5.366544161e-01  1.217434119e+00
 5.381604697e-01  5.382632363e-01  1.215341585e+00
 5.401174168e-01  5.398748204e-01  1.213261796e+00
 5.420743640e-01  5.414891609e-01  1.211194977e+00
 5.440313112e-01  5.431062497e-01  1.209141376e+00
 5.459882583e-01  5.447260785e-01  1.207100935e+00
 5.479452055e-01  5.463486386e-01  1.205073944e+00
 5.499021526e-01  5.479739209e-01  1.203060965e+00
 5.518590998e-01  5.496019154e-01  1.201062190e+00
 5.538160470e-01  5.512326116e-01  1.199077699e+00
 5.557729941e-01  5.528659991e-01  1.197107567e+00
 5.577299413e-01  5.545020671e-01  1.195151939e+00
 5.596868885e-01  5.561408042e-01  1.193211156e+00
 5.616438356e-01  5.577821986e-01  1.191285386e+00
 5.636007828e-01  5.594262382e-01  1.189374688e+00
 5.655577299e-01  5.610729105e-01  1.187479124e+00
 5.675146771e-01  5.627222029e-01  1.185598796e+00
 5.694716243e-01  5.643741024e-01  1.183733780e+00
 5.714285714e-01  5.660285958e-01  1.181884247e+00
 5.733855186e-01  5.676856695e-01  1.180050216e+00
 5.753424658e-01  5.693453096e-01  1.178231712e+00
 5.772994129e-01  5.710075023e-01  1.176428850e+00
 5.792563601e-01  5.726722331e-01  1.174641562e+00
 5.812133072e-01  5.743394878e-01  1.172869864e+00
 5.831702544e-01  5.760092518e-01  1.171113794e+00
 5.851272016e-01  5.776815102e-01  1.169373373e+00
 5.870841487e-01  5.793562482e-01  1.167648578e+00
 5.890410959e-01  5.810334506e-01  1.165939379e+00
 5.909980431e-01  5.827131024e-01  1.164245702e+00
 5.929549902e-01  5.843951881e-01  1.162567504e+00
 5.949119374e-01  5.860796926e-01  1.160904744e+00
 5.968688845e-01  5.877666003e-01  1.159257366e+00
 5.988258317e-01  5.894558957e-01  1.157625300e+00
 6.007827789e-01  5.911475633e-01  1.156008484e+00
 6.027397260e-01  5.928415875e-01  1.154406829e+00
 6.046966732e-01  5.945379525e-01  1.152820174e+00
 6.066536204e-01  5.962366429e-01  1.151248372e+00
 6.086105675e-01  5.979376432e-01  1.149691332e+00
 6.105675147e-01  5.996409379e-01  1.148148919e+00
 6.125244618e-01  6.013465116e-01  1.146620916e+00
 6.144814090e-01  6.030543491e-01  1.145107087e+00
 6.164383562e-01  6.047644354e-01  1.143607108e+00
 6.183953033e-01  6.064767560e-01  1.142120877e+00
 6.203522505e-01  6.081912960e-01  1.140648098e+00
 6.223091977e-01  6.099080414e-01  1.139188312e+00
 6.242661448e-01  6.116269783e-01  1.137741355e+00
 6.262230920e-01  6.133480933e-01  1.136306930e+00
 6.281800391e-01  6.150713729e-01  1.134884834e+00
 6.301369863e-01  6.167968043e-01  1.133474448e+00
 6.320939335e-01  6.185243753e-01  1.132075287e+00
 6.340508806e-01  6.202540745e-01  1.130686986e+00
 6.360078278e-01  6.219858904e-01  1.129309514e+00
 6.379647750e-01  6.237198119e-01  1.127942701e+00
 6.399217221e-01  6.254558281e-01  1.126585521e+00
 6.418786693e-01  6.271939299e-01  1.125237424e+00
 6.438356164e-01  6.289341085e-01  1.123898087e+00
 6.457925636e-01  6.306763554e-01  1.122567229e+00
 6.477495108e-01  6.324206626e-01  1.121244779e+00
 6.497064579e-01  6.341670222e-01  1.119929966e+00
 6.516634051e-01  6.359154279e-01  1.118621925e+00
 6.536203523e-01  6.376658741e-01  1.117320270e+00
 6.555772994e-01  6.394183560e-01  1.116024780e+00
 6.575342466e-01  6.411728689e-01  1.114734699e+00
 6.594911937e-01  6.429294095e-01  1.113449813e+00
 6.614481409e-01  6.446879745e-01  1.112169511e+00
 6.634050881e-01  6.464485618e-01  1.110893108e+00
 6.653620352e-01  6.482111704e-01  1.109620272e+00
 6.673189824e-01  6.499757997e-01  1.108350117e+00
 6.692759295e-01  6.517424506e-01  1.107082182e+00
 6.712328767e-01  6.535111245e-01  1.105816047e+00
 6.731898239e-01  6.552818232e-01  1.104551888e+00
 6.751467710e-01  6.570545488e-01  1.103288370e+00
 6.771037182e-01  6.588293058e-01  1.102024627e+00
 6.790606654e-01  6.606060997e-01  1.100760200e+00
 6.810176125e-01  6.623849364e-01  1.099494928e+00
 6.829745597e-01  6.641658223e-01  1.098228512e+00
 6.849315068e-01  6.659487643e-01  1.096960304e+00
 6.868884540e-01  6.677337708e-01  1.095689341e+00
 6.888454012e-01  6.695208519e-01  1.094414786e+00
 6.908023483e-01  6.713100185e-01  1.093136555e+00
 6.927592955e-01  6.731012817e-01  1.091854308e+00
 6.947162427e-01  6.748946537e-01  1.090566951e+00
 6.966731898e-01  6.766901486e-01  1.089273954e+00
 6.986301370e-01  6.784877808e-01  1.087975250e+00
 7.005870841e-01  6.802875651e-01  1.086670359e+00
 7.025440313e-01  6.820895178e-01  1.085358156e+00
 7.045009785e-01  6.838936569e-01  1.084038099e+00
 7.064579256e-01  6.857000012e-01  1.082709555e+00
 7.084148728e-01  6.875085707e-01  1.081372051e+00
 7.103718200e-01  6.893193862e-01  1.080025667e+00
 7.123287671e-01  6.911324683e-01  1.078669705e+00
 7.142857143e-01  6.929478400e-01  1.077302854e+00
 7.162426614e-01  6.947655259e-01  1.075924711e+00
 7.181996086e-01  6.965855512e-01  1.074535297e+00
 7.201565558e-01  6.984079415e-01  1.073133856e+00
 7.221135029e-01  7.002327241e-01  1.071719324e+00
 7.240704501e-01  7.020599281e-01  1.070291692e+00
 7.260273973e-01  7.038895825e-01  1.068850355e+00
 7.279843444e-01  7.057217180e-01  1.067394917e+00
 7.299412916e-01  7.075563660e-01  1.065924665e+00
 7.318982387e-01  7.093935598e-01  1.064438653e+00
 7.338551859e-01  7.112333341e-01  1.062936308e+00
 7.358121331e-01  7.130757251e-01  1.061417310e+00
 7.377690802e-01  7.149207691e-01  1.059881756e+00
 7.397260274e-01  7.167685031e-01  1.058328852e+00
 7.416829746e-01  7.186189662e-01  1.056757626e+00
 7.436399217e-01  7.204721992e-01  1.055167409e+00
 7.455968689e-01  7.223282443e-01  1.053557839e+00
 7.475538160e-01  7.241871446e-01  1.051928478e+00
 7.495107632e-01  7.260489445e-01  1.050278433e+00
 7.514677104e-01  7.279136904e-01  1.048607254e+00
 7.534246575e-01  7.297814296e-01  1.046914761e+00
 7.553816047e-01  7.316522103e-01  1.045200345e+00
 7.573385519e-01  7.335260823e-01  1.043463331e+00
 7.592954990e-01  7.354030974e-01  1.041702547e+00
 7.612524462e-01  7.372833099e-01  1.039917208e+00
 7.632093933e-01  7.391667760e-01  1.038106660e+00
 7.651663405e-01  7.410535531e-01  1.036270532e+00
 7.671232877e-01  7.429437004e-01  1.034407874e+00
 7.690802348e-01  7.448372797e-01  1.032517346e+00
 7.710371820e-01  7.467343556e-01  1.030597975e+00
 7.729941292e-01  7.486349954e-01  1.028648687e+00
 7.749510763e-01  7.505392689e-01  1.026667874e+00
 7.769080235e-01  7.524472490e-01  1.024656303e+00
 7.788649706e-01  7.543590065e-01  1.022614183e+00
 7.808219178e-01  7.562746119e-01  1.020546574e+00
 7.827788650e-01  7.581941281e-01  1.018448374e+00
 7.847358121e-01  7.601176317e-01  1.016316791e+00
 7.866927593e-01  7.620451908e-01  1.014174972e+00
 7.886497065e-01  7.639768213e-01  1.012039128e+00
 7.906066536e-01  7.659125206e-01  1.009918068e+00
 7.925636008e-01  7.678522727e-01  1.007812594e+00
 7.945205479e-01  7.697960597e-01  1.005730303e+00
 7.964774951e-01  7.717438370e-01  1.003694847e+00
 7.984344423e-01  7.736955135e-01  1.001718654e+00
 8.003913894e-01  7.756509908e-01  9.997906688e-01
 8.023483366e-01  7.776101916e-01  9.979156542e-01
 8.043052838e-01  7.795730076e-01  9.961181806e-01
 8.062622309e-01  7.815392800e-01  9.944122212e-01
 8.082191781e-01  7.835088326e-01  9.928047914e-01
 8.101761252e-01  7.854814773e-01  9.912965880e-01
 8.121330724e-01  7.874570257e-01  9.898866606e-01
 8.140900196e-01  7.894352827e-01  9.885887999e-01
 8.160469667e-01  7.914160192e-01  9.874120554e-01
 8.180039139e-01  7.933989979e-01  9.863537015e-01
 8.199608611e-01  7.953839921e-01  9.854010443e-01
 8.219178082e-01  7.973707891e-01  9.845719934e-01
 8.238747554e-01  7.993591228e-01  9.838812164e-01
 8.258317025e-01  8.013487120e-01  9.833288901e-01
 8.277886497e-01  8.033392793e-01  9.829141049e-01
 8.297455969e-01  8.053305451e-01  9.826402057e-01
 8.317025440e-01  8.073222206e-01  9.825121684e-01
 8.336594912e-01  8.093140121e-01  9.825230727e-01
 8.356164384e-01  8.113056466e-01  9.826662936e-01
 8.375733855e-01  8.132968603e-01  9.829373799e-01
 8.395303327e-01  8.152873980e-01  9.833407356e-01
 8.414872798e-01  8.172770100e-01  9.838506292e-01
 8.434442270e-01  8.192655412e-01  9.843846001e-01
 8.454011742e-01  8.212530050e-01  9.849042641e-01
 8.473581213e-01  8.232394434e-01  9.853974115e-01
 8.493150685e-01  8.252249141e-01  9.858714250e-01
 8.512720157e-01  8.272094615e-01  9.863133029e-01
 8.532289628e-01  8.291931859e-01  9.866743868e-01
 8.551859100e-01  8.311762844e-01  9.869344270e-01
 8.571428571e-01  8.331589641e-01  9.870878560e-01
 8.590998043e-01  8.351414338e-01  9.871494287e-01
 8.610567515e-01  8.371238654e-01  9.871326368e-01
 8.630136986e-01  8.391064284e-01  9.870077928e-01
 8.649706458e-01  8.410893697e-01  9.867513852e-01
 8.669275930e-01  8.430729611e-01  9.863618329e-01
 8.688845401e-01  8.450574685e-01  9.858403370e-01
 8.708414873e-01  8.470431568e-01  9.851902133e-01
 8.727984344e-01  8.490302846e-01  9.844124687e-01
 8.747553816e-01  8.510191126e-01  9.835060574e-01
 8.767123288e-01  8.530099044e-01  9.824710417e-01
 8.786692759e-01  8.550029234e-01  9.813099320e-01
 8.806262231e-01  8.569984289e-01  9.800241988e-01
 8.825831703e-01  8.589966806e-01  9.786145131e-01
 8.845401174e-01  8.609979384e-01  9.770823342e-01
 8.864970646e-01  8.630024607e-01  9.754297601e-01
 8.884540117e-01  8.650105035e-01  9.736596529e-01
 8.904109589e-01  8.670223181e-01  9.717758639e-01
 8.923679061e-01  8.690381493e-01  9.697864619e-01
 8.943248532e-01  8.710582299e-01  9.676906340e-01
 8.962818004e-01  8.730828043e-01  9.654845327e-01
 8.982387476e-01  8.751121247e-01  9.631695974e-01
 9.001956947e-01  8.771464373e-01  9.607531156e-01
 9.021526419e-01  8.791859734e-01  9.582461768e-01
 9.041095890e-01  8.812309496e-01  9.556456106e-01
 9.060665362e-01  8.832816004e-01  9.529506547e-01
 9.080234834e-01  8.853381599e-01  9.501621119e-01
 9.099804305e-01  8.874008656e-01  9.472787896e-01
 9.119373777e-01  8.894699584e-01  9.443082262e-01
 9.138943249e-01  8.915456657e-01  9.412498789e-01
 9.158512720e-01  8.936282273e-01  9.381000177e-01
 9.178082192e-01  8.957178884e-01  9.348714642e-01
 9.197651663e-01  8.978148690e-01  9.315590944e-01
 9.217221135e-01  8.999194219e-01  9.281523311e-01
 9.236790607e-01  9.020318169e-01  9.246605060e-01
 9.256360078e-01  9.041523023e-01  9.210814421e-01
 9.275929550e-01  9.062811516e-01  9.174037078e-01
 9.295499022e-01  9.084186597e-01  9.136376061e-01
 9.315068493e-01  9.105650852e-01  9.098087457e-01
 9.334637965e-01  9.127206566e-01  9.058875212e-01
 9.354207436e-01  9.148857099e-01  9.018465183e-01
 9.373776908e-01  9.170606012e-01  8.977304758e-01
 9.393346380e-01  9.192455660e-01  8.935569020e-01
 9.412915851e-01  9.214408809e-01  8.892625399e-01
 9.432485323e-01  9.236470077e-01  8.848030304e-01
 9.452054795e-01  9.258644389e-01  8.802263998e-01
 9.471624266e-01  9.280934614e-01  8.757133545e-01
 9.491193738e-01  9.303340437e-01  8.710809286e-01
 9.510763209e-01  9.325868810e-01  8.661969140e-01
 9.530332681e-01  9.348528123e-01  8.607943080e-01
 9.549902153e-01  9.371327231e-01  8.554850387e-01
 9.569471624e-01  9.394235297e-01  8.549330799e-01
 9.589041096e-01  9.417120453e-01  8.552884596e-01
 9.608610568e-01  9.440021932e-01  8.533117072e-01
 9.628180039e-01  9.463017124e-01  8.481860158e-01
 9.647749511e-01  9.486197236e-01  8.396711494e-01
 9.667318982e-01  9.509659805e-01  8.282555806e-01
 9.686888454e-01  9.533502316e-01  8.122389438e-01
 9.706457926e-01  9.557889966e-01  7.914440169e-01
 9.726027397e-01  9.582968650e-01  7.691852714e-01
 9.745596869e-01  9.608781441e-01  7.472191664e-01
 9.765166341e-01  9.635350446e-01  7.261410271e-01
 9.784735812e-01  9.662678529e-01  7.063742898e-01
 9.804305284e-01  9.690751016e-01  6.882058017e-01
 9.823874755e-01  9.719537391e-01  6.718186105e-01
 9.843444227e-01  9.748992985e-01  6.573201344e-01
 9.863013699e-01  9.779060644e-01  6.447650857e-01
 9.882583170e-01  9.809672381e-01  6.341734157e-01
 9.902152642e-01  9.840751003e-01  6.255439836e-01
 9.921722114e-01  9.872211709e-01  6.188646617e-01
 9.941291585e-01  9.903963661e-01  6.141197376e-01
 9.960861057e-01  9.935911517e-01  6.112951404e-01
 9.980430528e-01  9.967956927e-01  6.107016621e-01
 1.000000000e+00  1.000000000e+00  6.107461980e-01
4  3.623178764e-01  6.828257590e-01  1.008976188e+00  7.450947932e-01  9.582078026e-01  6.695552348e+01  4.729681711e-01  9.962530396e-01  3.040815116e-01  2.633463709e+00
5  4.741854056e-01  9.638765446e-01  1.006711612e+00  6.108676638e-01  9.327415676e-01  3.978622059e+01  4.199588711e-01  1.039533510e+00  4.574156702e-01  2.751059014e+00
6  5.656384262e-01  1.096246965e+00  1.004794551e+00  5.204452362e-01  9.125338441e-01  2.898702835e+01  3.882899467e-01  1.107438627e+00  5.709673514e-01  2.729490430e+00
7  6.481107017e-01  1.164904485e+00  1.003112388e+00  4.555584233e-01  8.970921370e-01  2.295782043e+01  3.656188495e-01  1.179794023e+00  6.652505495e-01  2.676192790e+00
8  7.250764113e-01  1.218793459e+00  1.001607358e+00  4.069468715e-01  8.882054982e-01  1.915301589e+01  3.481742688e-01  1.251210679e+00  7.484889120e-01  2.615820542e+00
9  7.953749226e-01  1.368102799e+00  1.000365160e+00  3.689920976e-01  8.915944205e-01  1.694416993e+01  3.352380426e-01  1.333887186e+00  8.199519240e-01  2.547443687e+00
10  8.508265105e-01  1.833041259e+00  9.995450921e-01  3.379226782e-01  9.176805840e-01  1.630857533e+01  3.270750889e-01  1.444561737e+00  8.745659472e-01  2.450530173e+00
11  8.899016308e-01  2.451967331e+00  9.991099800e-01  3.115731036e-01  9.790366532e-01  1.734516131e+01  3.229236519e-01  1.614240264e+00  9.123448737e-01  2.329052426e+00
12  9.254725303e-01  1.577673487e+00  9.990341939e-01  2.898431692e-01  1.076134603e+00  1.965347164e+01  3.216150342e-01  1.821366746e+00  9.448603445e-01  2.220134520e+00
13  9.625528166e-01  3.549827103e+00  9.997650825e-01  2.725524538e-01  1.217013867e+00  2.343436636e+01  3.247292296e-01  2.111504478e+00  9.757996633e-01  2.133024439e+00
14  9.784488396e-01  5.792842663e+00  9.998879199e-01  2.552299474e-01  1.415763104e+00  3.041013224e+01  3.271532663e-01  2.841812867e+00  9.866507762e-01  2.013622514e+00
15  9.878784592e-01  9.155800819e+00  9.999280617e-01  2.397029917e-01  1.611149154e+00  3.780011873e+01  3.299595836e-01  4.155911327e+00  9.925786027e-01  1.897569377e+00
16  9.934194745e-01  1.507155014e+01  9.999545196e-01  2.258865558e-01  1.747487813e+00  4.256410407e+01  3.330604632e-01  6.461461260e+00  9.959811524e-01  1.788996885e+00
0 0 -1.260537588e-01 -3.820941127e-18
0 1  1.393365631e-02 -4.371528662e-03
0 2 -1.401388962e-02  4.915848456e-03
0 3  5.332231563e-03 -5.641009405e-03
0 4 -2.463844466e-03  5.531579891e-03
0 5 -1.401420816e-03 -4.345465008e-03
0 6  3.214278445e-03  1.497997875e-03
0 7 -2.391194787e-03  1.959181423e-03
0 8 -1.430895741e-03 -2.243100201e-03
0 9  1.614648235e-03 -1.639432974e-03
0 10  2.034566062e-03  4.777690374e-04
0 11  1.171226006e-03  1.538485636e-03
0 12  4.086191645e-04  1.758952692e-03
1 0 -1.105374123e-01 -3.467987551e-02
1 1 -9.755319712e-02  3.569662164e-18
1 2  1.007641252e-02 -5.889819113e-03
1 3 -1.351441270e-02  6.938011852e-03
1 4  2.813789214e-03 -7.532306506e-03
1 5  3.290908787e-04  6.224775799e-03
1 6 -4.526204904e-03 -2.689690948e-03
1 7  3.353357235e-03 -2.245670434e-03
1 8  1.356723717e-03  3.249633113e-03
1 9 -2.533435938e-03  1.859728587e-03
1 10 -2.678776722e-03 -1.020522155e-03
1 11 -1.331862595e-03 -2.264318644e-03
1 12 -2.764818346e-04 -2.415451646e-03
2 0  1.111739131e-01  3.899803151e-02
2 1 -1.032914637e-01 -6.037545961e-02
2 2 -7.863063138e-02 -1.650192160e-18
2 3  6.323579621e-03 -7.004739048e-03
2 4 -1.047366738e-02  8.040255211e-03
2 5 -1.034745928e-03 -7.654196093e-03
2 6  3.436334149e-03  4.096348507e-03
2 7 -5.039393444e-03  1.677994996e-03
2 8 -1.174723325e-03 -4.036034645e-03
2 9  2.990960267e-03 -1.498500417e-03
2 10  2.518048898e-03  1.725892031e-03
2 11  7.661931665e-04  2.781569531e-03
2 12 -4.146093179e-04  2.700575727e-03
3 0 -4.230125000e-02 -4.475082267e-02
3 1  1.385337754e-01  7.112029186e-02
3 2 -8.042132575e-02 -8.908410024e-02
3 3 -6.544412585e-02 -4.590165490e-17
3 4  3.397874791e-03 -7.975721220e-03
3 5 -6.948886877e-03  8.471962250e-03
3 6 -5.016890396e-03 -6.149308023e-03
3 7  4.516715667e-03 -2.644372053e-04
3 8 -1.119673607e-03  4.619520435e-03
3 9 -4.258457973e-03  4.732079220e-04
3 10 -2.519243985e-03 -2.737875276e-03
3 11 -2.502000196e-04 -3.237168214e-03
3 12  1.003714493e-03 -2.743369546e-03
4 0  1.954598173e-02  4.388270484e-02
4 1 -2.884363913e-02 -7.721229779e-02
4 2  1.332008557e-01  1.022534739e-01
4 3 -5.192024107e-02 -1.218706968e-01
4 4 -5.586001236e-02 -2.383829824e-17
4 5  7.591112630e-04 -8.989557371e-03
4 6 -3.531967740e-03  8.250658490e-03
4 7 -8.352240326e-03 -2.666580977e-03
4 8  1.392584650e-03 -4.636949176e-03
4 9  3.316312263e-03  1.404224754e-03
4 10  2.282433259e-04  3.850851002e-03
4 11 -2.166364339e-03  3.260400851e-03
4 12 -3.097080291e-03  2.159033881e-03
5 0  1.111764401e-02 -3.447310933e-02
5 1 -3.373450470e-03  6.380903940e-02
5 2  1.315957801e-02 -9.734369365e-02
5 3  1.061804522e-01  1.294533641e-01
5 4 -1.358952909e-02 -1.609300999e-01
5 5 -4.842511341e-02  5.446137031e-17
5 6 -2.254283099e-03 -1.014506028e-02
5 7 -2.507273345e-04  6.593352394e-03
5 8 -8.560656822e-03  2.438110613e-03
5 9 -4.597177456e-03 -4.102072753e-03
5 10  4.276049944e-04 -4.164304507e-03
5 11  2.537408458e-03 -1.966171760e-03
5 12  2.852454895e-03 -2.955453948e-04
6 0 -2.549926695e-02  1.188380171e-02
6 1  4.639729950e-02 -2.757153049e-02
6 2 -4.370223269e-02  5.209609073e-02
6 3  7.665913985e-02 -9.396271923e-02
6 4  6.322891081e-02  1.477024107e-01
6 5  4.655194258e-02 -2.094999798e-01
6 6 -4.206034299e-02  1.791957928e-17
6 7 -5.822897579e-03 -1.086723590e-02
6 8  2.031562226e-03  2.424607354e-03
6 9 -3.825293819e-03  5.310612794e-03
6 10 -6.734162823e-03  1.660544944e-03
6 11 -6.049926609e-03 -1.468747046e-03
6 12 -4.647381829e-03 -2.837746570e-03
7 0  1.896964288e-02  1.554242763e-02
7 1 -3.437465234e-02 -2.301995732e-02
7 2  6.408944396e-02  2.134022030e-02
7 3 -6.901636484e-02 -4.040656085e-03
7 4  1.495209180e-01 -4.773684903e-02
7 5  5.177630300e-03  1.361556418e-01
7 6  1.384415144e-01 -2.583724984e-01
7 7 -3.618699575e-02 -2.671111713e-18
7 8 -8.245804582e-03 -9.688330884e-03
7 9  1.507697987e-03 -2.314567276e-03
7 10  7.559236156e-04  2.929039242e-03
7 11 -1.745952322e-03  4.219191602e-03
7 12 -3.242133139e-03  3.863498945e-03
8 0  1.135147222e-02 -1.779479028e-02
8 1 -1.390752694e-02  3.331139531e-02
8 2  1.493976716e-02 -5.132903773e-02
8 3  1.710884808e-02  7.058724331e-02
8 4 -2.492990230e-02 -8.301017096e-02
8 5  1.767813479e-01  5.034806203e-02
8 6 -4.830113313e-02  5.764592444e-02
8 7  2.278665143e-01 -2.677296273e-01
8 8 -3.171945275e-02 -1.038047063e-16
8 9 -9.304822851e-03 -7.123326416e-03
8 10 -1.618921449e-03 -5.561082176e-03
8 11  1.010578663e-03 -2.259767963e-03
8 12  1.345914397e-03 -1.308934856e-04
9 0 -1.280920339e-02 -1.300582378e-02
9 1  2.596978892e-02  1.906373796e-02
9 2 -3.803810569e-02 -1.905746387e-02
9 3  6.507013299e-02  7.230716520e-03
9 4 -5.936826942e-02  2.513828219e-02
9 5  9.493374683e-02 -8.470961583e-02
9 6  9.094775618e-02  1.262617567e-01
9 7 -4.166408281e-02 -6.396129960e-02
9 8  2.933475216e-01 -2.245728031e-01
9 9 -2.876149416e-02  4.555663359e-17
9 10 -1.346781164e-02 -6.524103484e-03
9 11 -7.064714951e-03 -7.264334514e-03
9 12 -3.726841974e-03 -6.214161904e-03
10 0 -1.614046326e-02  3.790200642e-03
10 1  2.745965075e-02 -1.046118616e-02
10 2 -3.202376546e-02  2.194935995e-02
10 3  3.849457766e-02 -4.183530974e-02
10 4 -4.085987744e-03  6.893752506e-02
10 5 -8.830232173e-03 -8.599472906e-02
10 6  1.601071780e-01  3.948006187e-02
10 7 -2.088937200e-02  8.094176323e-02
10 8  5.103875724e-02 -1.753208739e-01
10 9  4.682584141e-01 -2.268346508e-01
10 10 -2.202402351e-02  7.608620016e-17
10 11 -1.181290794e-02 -3.368563938e-03
10 12 -8.984305028e-03 -4.580629910e-03
11 0 -9.291480221e-03  1.220499611e-02
11 1  1.365268012e-02 -2.321111671e-02
11 2 -9.744207226e-03  3.537513920e-02
11 3  3.823108893e-03 -4.946461080e-02
11 4  3.878202399e-02  5.836734926e-02
11 5 -5.239860641e-02 -4.060231607e-02
11 6  1.438392124e-01 -3.491999689e-02
11 7  4.824805944e-02  1.165941387e-01
11 8 -3.185990221e-02 -7.124233765e-02
11 9  2.456310132e-01 -2.525715276e-01
11 10  5.363646626e-01 -1.529495252e-01
11 11 -1.818447605e-02  8.675939415e-17
11 12 -9.610747237e-03 -1.480962042e-03
12 0 -3.241626180e-03  1.395398843e-02
12 1  2.834164772e-03 -2.476035351e-02
12 2  5.272872805e-03  3.434508511e-02
12 3 -1.533696844e-02 -4.191926334e-02
12 4  5.544360197e-02  3.865079491e-02
12 5 -5.890445461e-02 -6.103143059e-03
12 6  1.104931985e-01 -6.746846002e-02
12 7  8.959387404e-02  1.067648437e-01
12 8 -4.243182906e-02 -4.126599746e-03
12 9  1.295774814e-01 -2.160583825e-01
12 10  4.079320486e-01 -2.079833373e-01
12 11  5.285138383e-01 -8.144100702e-02
12 12 -1.538300710e-02 -2.069747036e-18
0 0 -8.240158570e+00 -9.563904434e-16
0 1 -8.823864382e-01  3.720373445e-01
0 2  1.165450139e+00 -3.402849535e-01
0 3 -2.798494093e-01  2.778884136e-01
0 4  1.256649877e-01 -2.313430793e-01
0 5  4.347839177e-02  1.627101967e-01
0 6 -1.027478645e-01 -5.504360993e-02
0 7  7.747301865e-02 -5.203758655e-02
0 8  3.701717739e-02  6.710726088e-02
0 9 -3.904146644e-02  6.686254859e-02
0 10 -5.148416836e-02 -9.265199107e-03
0 11 -1.434393476e-02 -4.296816736e-02
0 12  2.255550729e-02 -5.708988642e-02
1 0 -8.823864382e-01 -3.720373445e-01
1 1 -1.082887595e+01  1.264369731e-14
1 2 -8.996745453e-01  8.121801676e-01
1 3  1.849802238e+00 -7.975514772e-01
1 4 -2.498828053e-01  5.947698218e-01
1 5  1.861081115e-02 -4.194803355e-01
1 6  2.466930001e-01  1.691348868e-01
1 7 -1.799776814e-01  9.576847449e-02
1 8 -5.112956136e-02 -1.544385365e-01
1 9  1.005528863e-01 -1.178917777e-01
1 10  1.006928502e-01  3.610850054e-02
1 11  1.746209131e-02  9.180808426e-02
1 12 -5.924462760e-02  1.097725767e-01
2 0  1.165450139e+00  3.402849535e-01
2 1 -8.996745453e-01 -8.121801676e-01
2 2 -1.353314036e+01 -8.992564537e-15
2 3 -6.850582700e-01  1.436940427e+00
2 4  2.194735954e+00 -1.400240495e+00
2 5  8.123334362e-02  8.987258987e-01
2 6 -2.854177447e-01 -4.345581653e-01
2 7  4.245481773e-01 -9.405792518e-02
2 8  4.776751164e-02  2.994282914e-01
2 9 -1.980835161e-01  1.532006733e-01
2 10 -1.416847481e-01 -9.040090186e-02
2 11  1.012627339e-02 -1.474369098e-01
2 12  1.391106289e-01 -1.466366410e-01
3 0 -2.798494093e-01 -2.778884136e-01
3 1  1.849802238e+00  7.975514772e-01
3 2 -6.850582700e-01 -1.436940427e+00
3 3 -1.637849871e+01  5.718625701e-15
3 4 -2.398168683e-01  2.280875075e+00
3 5  2.182036772e+00 -2.112023459e+00
3 6  7.746528926e-01  1.045337305e+00
3 7 -6.007327601e-01 -8.390249043e-02
3 8  2.021734109e-01 -5.168973395e-01
3 9  4.103236783e-01 -1.003295560e-01
3 10  1.787868962e-01  2.153489369e-01
3 11 -7.242100329e-02  2.174262150e-01
3 12 -2.544642064e-01  1.525778747e-01
4 0  1.256649877e-01  2.313430793e-01
4 1 -2.498828053e-01 -5.947698218e-01
4 2  2.194735954e+00  1.400240495e+00
4 3 -2.398168683e-01 -2.280875075e+00
4 4 -1.950053311e+01 -6.461732123e-15
4 5  6.119042406e-01  3.453021163e+00
4 6  1.815360294e+00 -2.954480698e+00
4 7  1.835604401e+00  7.384407561e-01
4 8 -4.106070531e-01  6.754800727e-01
4 9 -5.409267978e-01 -1.529306278e-01
4 10 -2.514235720e-02 -4.331995379e-01
4 11  3.206459759e-01 -2.515833962e-01
4 12  5.421734241e-01 -2.504997155e-02
5 0  4.347839177e-02 -1.627101967e-01
5 1  1.861081115e-02  4.194803355e-01
5 2  8.123334362e-02 -8.987258987e-01
5 3  2.182036772e+00  2.112023459e+00
5 4  6.119042406e-01 -3.453021163e+00
5 5 -2.317185342e+01 -4.234597125e-14
5 6  2.279988018e+00  5.285689979e+00
5 7  1.017018352e+00 -3.749202443e+00
5 8  2.767644356e+00 -5.201671669e-01
5 9  9.860273875e-01  8.809378073e-01
5 10 -2.053614475e-01  6.138970739e-01
5 11 -4.985378115e-01  5.431618330e-03
5 12 -5.197958166e-01 -5.037715032e-01
6 0 -1.027478645e-01  5.504360993e-02
6 1  2.466930001e-01 -1.691348868e-01
6 2 -2.854177447e-01  4.345581653e-01
6 3  7.746528926e-01 -1.045337305e+00
6 4  1.815360294e+00  2.954480698e+00
6 5  2.279988018e+00 -5.285689979e+00
6 6 -2.758127184e+01  2.244874262e-14
6 7  5.123568682e+00  7.409275930e+00
6 8 -3.128821360e-01 -3.460430173e+00
6 9  1.440548261e+00 -2.076154201e+00
6 10  1.652935584e+00 -3.398617564e-01
6 11  1.016964057e+00  6.051533869e-01
6 12  4.741965326e-01  1.135673220e+00
7 0  7.747301865e-02  5.203758655e-02
7 1 -1.799776814e-01 -9.576847449e-02
7 2  4.245481773e-01  9.405792518e-02
7 3 -6.007327601e-01  8.390249043e-02
7 4  1.835604401e+00 -7.384407561e-01
7 5  1.017018352e+00  3.749202443e+00
7 6  5.123568682e+00 -7.409275930e+00
7 7 -3.253499994e+01  1.087044743e-13
7 8  8.103402033e+00  8.248741217e+00
7 9 -1.057321317e+00  8.442706319e-02
7 10 -8.027646643e-02 -1.991920728e+00
7 11  1.253057233e+00 -1.790268653e+00
7 12  2.399910410e+00 -1.398104810e+00
8 0  3.701717739e-02 -6.710726088e-02
8 1 -5.112956136e-02  1.544385365e-01
8 2  4.776751164e-02 -2.994282914e-01
8 3  2.021734109e-01  5.168973395e-01
8 4 -4.106070531e-01 -6.754800727e-01
8 5  2.767644356e+00  5.201671669e-01
8 6 -3.128821360e-01  3.460430173e+00
8 7  8.103402033e+00 -8.248741217e+00
8 8 -3.670942737e+01  2.154289286e-14
8 9  1.110059338e+01  7.284196332e+00
8 10  5.326623753e-03  1.962331126e+00
8 11 -1.023845901e+00 -1.268366419e+00
8 12 -4.262608291e-01 -3.340868084e+00
9 0 -3.904146644e-02 -6.686254859e-02
9 1  1.005528863e-01  1.178917777e-01
9 2 -1.980835161e-01 -1.532006733e-01
9 3  4.103236783e-01  1.003295560e-01
9 4 -5.409267978e-01  1.529306278e-01
9 5  9.860273875e-01 -8.809378073e-01
9 6  1.440548261e+00  2.076154201e+00
9 7 -1.057321317e+00 -8.442706319e-02
9 8  1.110059338e+01 -7.284196332e+00
9 9 -4.734467650e+01 -1.887512580e-13
9 10  2.016453437e+01  8.728655011e+00
9 11  2.497862330e+00  3.388866680e+00
9 12 -1.615400839e+00 -4.923215346e-01
10 0 -5.148416836e-02  9.265199107e-03
10 1  1.006928502e-01 -3.610850054e-02
10 2 -1.416847481e-01  9.040090186e-02
10 3  1.787868962e-01 -2.153489369e-01
10 4 -2.514235720e-02  4.331995379e-01
10 5 -2.053614475e-01 -6.138970739e-01
10 6  1.652935584e+00  3.398617564e-01
10 7 -8.027646643e-02  1.991920728e+00
10 8  5.326623753e-03 -1.962331126e+00
10 9  2.016453437e+01 -8.728655011e+00
10 10 -6.418331452e+01 -4.921474838e-13
10 11  2.434996751e+01  6.268220642e+00
10 12  8.900227671e+00  5.425812906e+00
11 0 -1.434393476e-02  4.296816736e-02
11 1  1.746209131e-02 -9.180808426e-02
11 2  1.012627339e-02  1.474369098e-01
11 3 -7.242100329e-02 -2.174262150e-01
11 4  3.206459759e-01  2.515833962e-01
11 5 -4.985378115e-01 -5.431618330e-03
11 6  1.016964057e+00 -6.051533869e-01
11 7  1.253057233e+00  1.790268653e+00
11 8 -1.023845901e+00  1.268366419e+00
11 9  2.497862330e+00 -3.388866680e+00
11 10  2.434996751e+01 -6.268220642e+00
11 11 -7.358127289e+01 -2.952330551e-13
11 12  3.435699113e+01  5.294218907e+00
12 0  2.255550729e-02  5.708988642e-02
12 1 -5.924462760e-02 -1.097725767e-01
12 2  1.391106289e-01  1.466366410e-01
12 3 -2.544642064e-01 -1.525778747e-01
12 4  5.421734241e-01  2.504997155e-02
12 5 -5.197958166e-01  5.037715032e-01
12 6  4.741965326e-01 -1.135673220e+00
12 7  2.399910410e+00  1.398104810e+00
12 8 -4.262608291e-01  3.340868084e+00
12 9 -1.615400839e+00  4.923215346e-01
12 10  8.900227671e+00 -5.425812906e+00
12 11  3.435699113e+01 -5.294218907e+00
12 12 -6.500679573e+01  8.746509830e-15
0  2.041362533e-02 -1.732528596e-04 -1.062632456e-01 -1.562796904e-02
1  3.273004670e-02  3.232237121e-04  1.322243540e-01  4.087829620e-02
2  4.404493483e-02 -2.632777517e-04 -1.329758705e-01 -7.730309979e-02
3  6.176103404e-02  3.842306485e-04  1.075155116e-01  1.241832980e-01
4  8.610702558e-02 -9.420263570e-04 -4.191826442e-02 -1.673691204e-01
5  1.187726039e-01 -5.251512529e-04 -6.899519949e-02  1.640941307e-01
6  1.530030950e-01 -2.048892647e-03  1.703011812e-01 -5.478965295e-02
7  1.783865242e-01 -3.109417391e-03 -1.202904159e-01 -1.278220548e-01
8  2.057109513e-01 -3.442666988e-03 -1.068535074e-01  1.334028718e-01
9  2.387289444e-01 -4.926431330e-03  1.021889797e-01  1.287469077e-01
10  2.408224533e-01 -5.732075814e-03  1.545210322e-01 -1.816555304e-02
11  2.349380041e-01 -6.765229485e-03  1.020810391e-01 -1.055977755e-01
12  2.259163557e-01 -7.100546498e-03  4.719358545e-02 -1.303030239e-01
