12  2.156372788e-07
4 3  3.848518991e-01  1.333333333e+00  7.942924904e-01  5.053827237e-01  3.213744932e+08 -3.520506291e-02  3.404964115e+06  3.021752488e+02  1.376348568e+00  1.475081161e-03 -2.250325826e-02 -3.520506291e-02 -3.896790706e+00 -6.252751216e+00  7.876966082e-03  2.039665244e-03  9.929648513e-01  1.011866387e+00  2.664800626e+00
5 3  5.042284668e-01  1.666666667e+00  7.275057780e-01  5.053827237e-01  2.418388646e+08 -2.522750755e-02  3.404964115e+06  2.049479221e+02  1.319912594e+00  1.662104533e-03 -1.614231865e-02 -2.522750755e-02 -2.717421225e+00 -5.060042271e+00  8.126159336e-03  2.090962859e-03  1.042246424e+00  1.007936706e+00  2.782265223e+00
6 3  6.024106822e-01  2.000000000e+00  6.889693403e-01  5.053827237e-01  2.022775369e+08 -1.891619712e-02  3.404964115e+06  1.599044236e+02  1.344355023e+00  1.933278632e-03 -1.193637766e-02 -1.891619712e-02 -1.962898306e+00 -4.075603031e+00  8.400777003e-03  2.178264704e-03  1.116292427e+00  1.005222234e+00  2.762558030e+00
7 3  6.880281129e-01  2.333333333e+00  6.640064731e-01  5.053827237e-01  1.820489667e+08 -1.489441379e-02  3.404964115e+06  1.327887114e+02  1.381729233e+00  2.198216703e-03 -9.142713535e-03 -1.489441379e-02 -1.497783360e+00 -3.417414972e+00  8.674736396e-03  2.260224638e-03  1.198295301e+00  1.003167489e+00  2.698916838e+00
8 3  7.645252571e-01  2.666666667e+00  6.468202737e-01  5.053827237e-01  1.721212272e+08 -1.186277565e-02  3.404964115e+06  1.175667071e+02  1.415200862e+00  2.386838209e-03 -7.008003261e-03 -1.186277565e-02 -1.157284344e+00 -2.891554807e+00  8.881760151e-03  2.327105173e-03  1.288513468e+00  1.001475445e+00  2.619690985e+00
9 3  8.303775719e-01  3.000000000e+00  6.353846451e-01  5.053827237e-01  1.537898297e+08 -8.776229769e-03  3.404964115e+06  1.034095588e+02  1.377280382e+00  2.318757853e-03 -4.561789500e-03 -8.776229769e-03 -9.106166080e-01 -2.480819755e+00  8.739234177e-03  2.301390515e-03  1.407000656e+00  1.000234061e+00  2.526054118e+00
10 3  8.789206808e-01  3.333333333e+00  6.282923426e-01  5.053827237e-01  1.284601831e+08 -4.802594064e-03  3.404964115e+06  9.021742096e+01  1.228942686e+00  1.933679181e-03 -6.134940946e-04 -4.802594064e-03 -8.058566814e-01 -2.391175252e+00  8.084843671e-03  2.128426273e-03  1.575430811e+00  9.995534526e-01  2.404715025e+00
11 3  9.120358554e-01  3.666666667e+00  6.240881749e-01  5.053827237e-01  1.098953516e+08  1.018051496e-03  3.404964115e+06  7.932856636e+01  1.093534047e+00  1.744744346e-03  6.367311532e-03  1.018051496e-03 -7.223746199e-01 -2.982875052e+00  7.466637658e-03  1.951818910e-03  1.846119645e+00  9.992893769e-01  2.267871313e+00
12 3  9.384689555e-01  4.000000000e+00  6.031317640e-01  5.053827237e-01  1.347311133e+08  9.312101391e-03  3.404964115e+06  7.258694754e+01  1.458092227e+00  7.883231686e-03  4.109342338e-02  9.312101391e-03 -2.440671962e+01 -1.053547632e+01  9.116376200e-03  2.366524024e-03  2.232814552e+00  9.992869926e-01  2.139128179e+00
13 3  9.778189061e-01  4.333333333e+00  2.740370313e-01  5.053827237e-01  2.011442825e+07  1.558286668e-02  3.404964115e+06  8.943823022e+01  9.513879246e-01  9.530092012e-03  5.140052453e-02  1.558286668e-02 -1.874251171e+01 -1.619573711e+01  7.276458574e-03  2.189237665e-03  2.667660115e+00  9.998797207e-01  2.058594214e+00
14 3  9.888499715e-01  4.666666667e+00  2.461435618e-01  5.053827237e-01  8.629394824e+06  9.389561232e-03  3.404964115e+06  8.950230970e+01  7.111315943e-01  6.366884820e-03  2.931914159e-02  9.389561232e-03 -1.285777340e+01 -8.830696609e+00  5.999845301e-03  1.954823572e-03  4.064623021e+00  9.999234982e-01  1.933201190e+00
15 3  9.955774426e-01  5.000000000e+00  2.326075161e-01  5.053827237e-01  4.724498663e+06  5.695031472e-03  3.404964115e+06  8.657097324e+01  5.529997705e-01  4.059734270e-03  1.881046940e-02  5.695031472e-03 -1.110019869e+01 -5.423025162e+00  5.036764733e-03  1.715748981e-03  8.502682664e+00  9.999601176e-01  1.816663028e+00
