10  2.063505354e-07
4 3  4.831928591e-01  1.333333333e+00  7.373669811e-01  5.096451545e-01  2.910958252e+08 -1.840913819e-02  3.618476841e+06  4.166796499e+02  1.331501856e+00  1.707969830e-03 -9.780190109e-03 -1.840913819e-02 -3.350666010e+00 -5.456598082e+00  8.515589199e-03  2.220548491e-03  9.989949856e-01  1.015854625e+00  2.865658438e+00
5 3  6.166377735e-01  1.666666667e+00  6.611452115e-01  5.096451545e-01  1.947682695e+08 -9.044121380e-03  3.618476841e+06  2.823295971e+02  1.227082048e+00  1.758457161e-03 -2.998308577e-03 -9.044121380e-03 -2.447078109e+00 -4.077927823e+00  8.427596485e-03  2.205460360e-03  1.075963502e+00  1.008206288e+00  2.903633972e+00
6 3  7.156859739e-01  2.000000000e+00  6.184652579e-01  5.096451545e-01  1.597595670e+08 -2.693443607e-03  3.618476841e+06  2.103212411e+02  1.209580070e+00  1.839472629e-03  2.122658953e-03 -2.693443607e-03 -1.944293201e+00 -3.225424966e+00  8.527112319e-03  2.224465801e-03  1.178916948e+00  1.004569842e+00  2.798232127e+00
7 3  7.950190747e-01  2.333333333e+00  5.905539145e-01  5.096451545e-01  1.471039117e+08 -1.006241582e-03  3.618476841e+06  1.764457330e+02  1.219234451e+00  1.885731204e-03  3.062704562e-03 -1.006241582e-03 -1.599632310e+00 -2.648293810e+00  8.618548728e-03  2.250130774e-03  1.302130137e+00  1.002386009e+00  2.658562359e+00
8 3  8.598351368e-01  2.666666667e+00  5.746671655e-01  5.096451545e-01  1.293395240e+08 -2.611772300e-04  3.618476841e+06  1.529517581e+02  1.162676133e+00  1.590557332e-03  2.820642472e-03 -2.611772300e-04 -2.676190625e-01 -2.363697816e+00  8.287578059e-03  2.178212424e-03  1.463611387e+00  1.000869686e+00  2.512089360e+00
9 3  9.038370179e-01  3.000000000e+00  6.086680151e-01  5.096451545e-01  1.100625022e+08  3.698293335e-03  3.618476841e+06  1.282042765e+02  1.012198700e+00  1.311447484e-03  2.887463012e-04  3.698293335e-03  1.151977733e+01 -2.278731601e+00  7.487496111e-03  1.965303037e-03  1.713379238e+00  9.999026841e-01  2.344972187e+00
10 3  9.333240788e-01  3.333333333e+00  6.644265649e-01  5.096451545e-01  1.177956861e+08  1.119747915e-02  3.618476841e+06  1.068194616e+02  1.074061409e+00  3.069796090e-03  2.542536878e-02  1.119747915e-02 -1.282982744e+01 -5.367705909e+00  7.799959735e-03  2.018806691e-03  2.144293787e+00  9.994174706e-01  2.178270220e+00
11 3  9.744869910e-01  3.666666667e+00  2.983207397e-01  5.096451545e-01  2.780716183e+07  1.757956437e-02  3.618476841e+06  1.216831233e+02  9.478439020e-01  9.479557521e-03  6.602692539e-02  1.757956437e-02 -3.083123337e+01 -2.381751548e+01  7.623613576e-03  2.182843321e-03  2.639621665e+00  9.998219498e-01  2.068418314e+00
12 3  9.886206482e-01  4.000000000e+00  2.324197141e-01  5.096451545e-01  8.128571724e+06  1.081010943e-02  3.618476841e+06  1.250995013e+02  6.638135793e-01  6.233456851e-03  3.258326609e-02  1.081010943e-02 -1.820879376e+01 -1.086334125e+01  6.040740587e-03  1.949897740e-03  4.189925734e+00  9.999335409e-01  1.923764534e+00
13 3  9.957877428e-01  4.333333333e+00  2.096780745e-01  5.096451545e-01  3.938925647e+06  6.910154579e-03  3.618476841e+06  1.203845302e+02  4.918186586e-01  3.544694064e-03  1.968694806e-02  6.910154579e-03 -1.420908879e+01 -5.868346781e+00  4.896081488e-03  1.671384136e-03  8.955957263e+00  9.999754315e-01  1.788731276e+00
