13  2.397002458e-07
4 3  3.676824169e-01  1.333333333e+00  7.564817404e-01  5.098496357e-01  2.584184641e+08 -4.546314280e-02  1.422528123e+06  2.326913273e+02  1.371426515e+00  1.925474581e-03 -2.965114872e-02 -4.320029550e-02 -4.546314280e-02 -6.018281147e+00 -4.927640906e+00  4.400297265e-03  1.982582284e-03  9.894383946e-01  1.008383993e+00  2.650575636e+00  3.156749904e-01
5 3  4.803193966e-01  1.666666667e+00  6.762442678e-01  5.098496357e-01  2.103577120e+08 -3.586362670e-02  3.869877425e+05  1.627884841e+02  1.315605906e+00  2.120709511e-03 -2.188649207e-02 -3.261076663e-02 -3.586362670e-02 -4.309985708e+00 -4.628543798e+00  6.431966023e-03  2.490422261e-03  1.036134902e+00  1.005634887e+00  2.762497159e+00  4.703634668e-01
6 3  5.732871396e-01  2.000000000e+00  6.285303239e-01  5.098496357e-01  1.804440073e+08 -2.499404639e-02  1.952635841e+06  1.281410371e+02  1.344151835e+00  2.472686242e-03 -1.435957930e-02 -2.304215412e-02 -2.499404639e-02 -3.193679080e+00 -4.017473041e+00  9.568257170e-03  3.204909228e-03  1.106387202e+00  1.003780427e+00  2.742591082e+00  5.858936097e-01
7 3  6.547081640e-01  2.333333333e+00  5.966655149e-01  5.098496357e-01  1.636031262e+08 -2.114666740e-02  1.439101576e+06  1.096554075e+02  1.380169653e+00  2.805620779e-03 -1.317705302e-02 -2.055405891e-02 -2.114666740e-02 -2.514399289e+00 -3.516319885e+00  9.212827189e-03  3.071269774e-03  1.183901234e+00  1.002325152e+00  2.680771098e+00  6.782723092e-01
8 3  7.271339739e-01  2.666666667e+00  5.739501123e-01  5.098496357e-01  1.562394251e+08 -1.720943421e-02  9.591135705e+05  9.840193342e+01  1.420474385e+00  3.090924994e-03 -1.129487695e-02 -1.771803174e-02 -1.720943421e-02 -2.023694854e+00 -3.097658778e+00  9.443133144e-03  3.193108030e-03  1.264703520e+00  1.001105944e+00  2.601991521e+00  7.552251063e-01
9 3  7.926659028e-01  3.000000000e+00  5.583965294e-01  5.098496357e-01  1.460707888e+08 -1.415276725e-02  2.039337029e+06  8.805386577e+01  1.441874506e+00  3.231680815e-03 -8.414525506e-03 -1.383899061e-02 -1.415276725e-02 -1.295457203e+00 -2.721172017e+00  9.650724281e-03  3.432136143e-03  1.356690437e+00  1.000086257e+00  2.518758415e+00  8.202933010e-01
10 3  8.457144383e-01  3.333333333e+00  5.556711280e-01  5.098496357e-01  1.241987995e+08 -6.601329207e-03  4.608678065e+06  7.682972075e+01  1.325143885e+00  2.527599172e-03 -3.833411173e-03 -7.810210836e-03 -6.601329207e-03  1.149995820e+00 -2.619788797e+00  7.757086992e-03  3.110502661e-03  1.471080842e+00  9.993662541e-01  2.416850647e+00  8.716459105e-01
11 3  8.830025795e-01  3.666666667e+00  5.684465413e-01  5.098496357e-01  1.083303018e+08  1.456327118e-05  5.774031432e+06  6.667949759e+01  1.211167873e+00  2.339452049e-03  2.319565315e-03 -2.148898046e-03  1.456327118e-05  2.564550317e+00 -3.148738014e+00  5.223379246e-03  2.380983706e-03  1.644976216e+00  9.989830197e-01  2.293130557e+00  9.072977699e-01
12 3  9.170685587e-01  4.000000000e+00  5.381554561e-01  5.098496357e-01  1.185825004e+08 -5.138974656e-03  3.799415730e+06  5.960350900e+01  1.525454177e+00  1.025451479e-02  3.782285555e-02  9.104845907e-03 -5.138974656e-03 -2.390381167e+01 -8.195857542e+00  4.707303549e-03  2.255943730e-03  1.853235281e+00  9.989554933e-01  2.183072134e+00  9.384300989e-01
13 3  9.581974895e-01  4.333333333e+00  3.059224983e-01  5.098496357e-01  3.425415029e+07  1.609700618e-02  1.154938837e+06  6.489069319e+01  1.190951861e+00  1.543687853e-02  6.835961918e-02  2.013410571e-02  1.609700618e-02 -3.793469816e+01 -1.631764764e+01  4.021628045e-03  2.589647848e-03  2.077973966e+00  9.996521635e-01  2.106987577e+00  9.731282098e-01
14 3  9.762182825e-01  4.666666667e+00  2.313437504e-01  5.098496357e-01  1.381585117e+07  2.474842658e-02  3.211654470e+05  6.895108348e+01  9.497284831e-01  1.161362291e-02  4.043107968e-02  1.631111142e-02  2.474842658e-02 -2.302142130e+01 -8.329961744e+00  4.323886316e-03  2.636218493e-03  2.738808068e+00  9.998506131e-01  1.993679791e+00  9.855322149e-01
15 3  9.866972297e-01  5.000000000e+00  2.023818705e-01  5.098496357e-01  7.699425038e+06  2.180355966e-02  1.851844167e+05  6.933169186e+01  7.761480401e-01  8.161498554e-03  2.673882581e-02  1.114024437e-02  2.180355966e-02 -1.749451151e+01 -5.153333247e+00  4.320509051e-03  2.418435087e-03  3.941355303e+00  9.999234231e-01  1.880878664e+00  9.920257569e-01
16 3  9.927985991e-01  5.333333333e+00  1.887550043e-01  5.098496357e-01  4.969483968e+06  1.911203732e-02  1.431347012e+05  6.688557331e+01  6.222911495e-01  5.273207627e-03  2.027975682e-02  7.960297795e-03  1.911203732e-02 -1.506172739e+01 -3.833258095e+00  3.964422483e-03  2.107638579e-03  6.079394100e+00  9.999591303e-01  1.774290844e+00  9.956973087e-01
