12  2.154483920e-07
4 3  3.750352049e-01  1.333333333e+00  8.519381589e-01  5.052855980e-01  3.465074219e+08 -4.139848146e-02  1.675019033e+06  3.115697269e+02  1.420846625e+00  1.796225376e-03 -2.847935076e-02 -4.065039857e-02 -4.139848146e-02 -3.624705978e+00 -5.965697551e+00  4.490754023e-03  2.014517795e-03  9.917144297e-01  1.009635135e+00  2.652412974e+00  3.103412571e-01
5 3  4.947810388e-01  1.666666667e+00  7.833509106e-01  5.052855980e-01  2.620604865e+08 -3.303590415e-02  4.597314040e+05  2.051583968e+02  1.324564997e+00  1.989030303e-03 -2.145335367e-02 -3.103004971e-02 -3.303590415e-02 -3.098013712e+00 -5.140189837e+00  6.590036725e-03  2.526930173e-03  1.038299351e+00  1.006512144e+00  2.790787088e+00  4.745018314e-01
6 3  5.918285681e-01  2.000000000e+00  7.365760662e-01  5.052855980e-01  2.205012093e+08 -2.383282703e-02  2.169414774e+06  1.638012393e+02  1.353255468e+00  2.382876646e-03 -1.450278890e-02 -2.229008574e-02 -2.383282703e-02 -2.635591251e+00 -4.256150045e+00  9.572067725e-03  3.224784964e-03  1.109318763e+00  1.004248039e+00  2.775558012e+00  5.955186980e-01
7 3  6.777042058e-01  2.333333333e+00  7.007375661e-01  5.052855980e-01  1.966470266e+08 -1.830440686e-02  1.393604291e+06  1.375325654e+02  1.395813461e+00  2.780705584e-03 -1.106767609e-02 -1.767290227e-02 -1.830440686e-02 -2.319947697e+00 -3.594937972e+00  9.194137629e-03  3.060368543e-03  1.188059397e+00  1.002402888e+00  2.719249717e+00  6.937699665e-01
8 3  7.530167492e-01  2.666666667e+00  6.727239840e-01  5.052855980e-01  1.816046975e+08 -1.372839738e-02  1.166732618e+06  1.193961587e+02  1.401284907e+00  2.936581932e-03 -7.886571677e-03 -1.366369713e-02 -1.372839738e-02 -2.087493687e+00 -3.088714641e+00  9.482180661e-03  3.241938937e-03  1.276748820e+00  1.001035973e+00  2.640152272e+00  7.741626639e-01
9 3  8.169064552e-01  3.000000000e+00  6.512457872e-01  5.052855980e-01  1.648204291e+08 -1.064020622e-02  2.986654728e+06  1.039672207e+02  1.385321448e+00  2.974069930e-03 -4.616631312e-03 -9.823661162e-03 -1.064020622e-02 -1.911515062e+00 -2.704540200e+00  9.351839955e-03  3.360056231e-03  1.386334480e+00  1.000116232e+00  2.543577278e+00  8.381595178e-01
10 3  8.675444453e-01  3.333333333e+00  6.350574569e-01  5.052855980e-01  1.418575977e+08 -7.601632580e-03  5.981800331e+06  9.088034466e+01  1.292066610e+00  2.770902417e-03 -1.155935103e-03 -6.468543285e-03 -7.601632580e-03 -1.854615835e+00 -2.686934093e+00  6.678725653e-03  2.852250913e-03  1.526608822e+00  9.994938383e-01  2.429609610e+00  8.879180065e-01
11 3  9.047019056e-01  3.666666667e+00  6.249263467e-01  5.052855980e-01  1.194977561e+08 -4.555680467e-04  5.550159850e+06  8.001157757e+01  1.175660825e+00  2.963828176e-03  8.032079825e-03 -1.098372029e-04 -4.555680467e-04 -1.227729526e+00 -4.469963188e+00  4.385517381e-03  2.043334406e-03  1.736858284e+00  9.990858859e-01  2.302397398e+00  9.238868718e-01
12 3  9.405435205e-01  4.000000000e+00  5.460614061e-01  5.052855980e-01  1.281603846e+08 -3.863705476e-04  2.347591614e+06  7.407725987e+01  1.750218418e+00  2.097239486e-02  6.833293684e-02  1.556485099e-02 -3.863705476e-04 -4.398761057e+01 -1.773983928e+01  4.908515113e-03  2.546426966e-03  1.973577191e+00  9.990560995e-01  2.194078530e+00  9.564909078e-01
13 3  9.740325168e-01  4.333333333e+00  2.647204316e-01  5.052855980e-01  1.758757517e+07  2.851300819e-02  4.439896181e+05  8.787414072e+01  9.791429961e-01  1.267146197e-02  4.708564154e-02  1.835685777e-02  2.851300819e-02 -2.294230607e+01 -1.205731820e+01  4.178393070e-03  2.661265256e-03  2.443085035e+00  9.998276843e-01  2.099036077e+00  9.832253593e-01
14 3  9.861143093e-01  4.666666667e+00  2.364141468e-01  5.052855980e-01  8.477602994e+06  2.188355990e-02  2.153185316e+05  8.734862912e+01  7.611198642e-01  7.774844667e-03  2.535736271e-02  1.182796635e-02  2.188355990e-02 -9.923490763e+00 -5.915902098e+00  4.202539807e-03  2.424721387e-03  3.555871850e+00  9.998919033e-01  1.973408156e+00  9.912064896e-01
15 3  9.927365310e-01  5.000000000e+00  2.269256989e-01  5.052855980e-01  5.347094125e+06  1.689260621e-02  1.593209731e+05  8.333728238e+01  6.030443918e-01  4.802447840e-03  1.679028006e-02  7.163983056e-03  1.689260621e-02 -7.967074671e+00 -3.965299003e+00  3.876442994e-03  2.104001546e-03  5.662977377e+00  9.999207028e-01  1.854269893e+00  9.954189175e-01
