11  2.181486234e-07
4 3  4.013222721e-01  1.333333333e+00  7.669081185e-01  5.073955022e-01  3.111025050e+08 -3.233444706e-02  9.378466532e+05  3.066651519e+02  1.397941009e+00  1.919034331e-03 -1.899448618e-02 -3.050146632e-02 -3.233444706e-02 -4.102543876e+00 -5.527628054e+00  4.713151772e-03  2.082646055e-03  9.917557668e-01  1.013401367e+00  2.680758178e+00  3.446866515e-01
5 3  5.277929581e-01  1.666666667e+00  6.931056114e-01  5.073955022e-01  2.289977715e+08 -2.360426237e-02  9.769605260e+05  2.119817091e+02  1.314331050e+00  2.110121830e-03 -1.317239726e-02 -2.164837040e-02 -2.360426237e-02 -2.796449041e+00 -4.761840747e+00  8.165086585e-03  2.928419402e-03  1.046234073e+00  1.008282664e+00  2.806200968e+00  5.155244331e-01
6 3  6.278354860e-01  2.000000000e+00  6.528566364e-01  5.073955022e-01  1.867661810e+08 -1.891864143e-02  2.043671411e+06  1.679903965e+02  1.316355811e+00  2.386695539e-03 -1.125479328e-02 -1.788698952e-02 -1.891864143e-02 -1.998234232e+00 -3.932899981e+00  9.516720100e-03  3.203598351e-03  1.127467859e+00  1.005216372e+00  2.773301231e+00  6.373157482e-01
7 3  7.117773694e-01  2.333333333e+00  6.278587070e-01  5.073955022e-01  1.658338442e+08 -1.169350944e-02  1.088313936e+06  1.382915631e+02  1.331443065e+00  2.622711218e-03 -6.522139456e-03 -1.211031310e-02 -1.169350944e-02 -1.541384784e+00 -3.356857298e+00  9.252519921e-03  3.060929804e-03  1.220537923e+00  1.003171957e+00  2.689455741e+00  7.307229911e-01
8 3  7.841896513e-01  2.666666667e+00  6.105599574e-01  5.073955022e-01  1.552358436e+08 -8.940343927e-03  1.769445425e+06  1.206431895e+02  1.355025116e+00  2.836896066e-03 -4.095310649e-03 -9.019412285e-03 -8.940343927e-03 -1.305743550e+00 -2.912445060e+00  9.617944987e-03  3.351977660e-03  1.325029387e+00  1.001606342e+00  2.588636487e+00  8.063193405e-01
9 3  8.455967927e-01  3.000000000e+00  5.970537169e-01  5.073955022e-01  1.372254180e+08 -8.037028288e-03  4.742170901e+06  1.062478126e+02  1.310762497e+00  2.801125228e-03 -2.978682659e-03 -7.595962545e-03 -8.037028288e-03 -1.296444982e+00 -2.610787797e+00  8.204735984e-03  3.211646774e-03  1.452785738e+00  1.000400279e+00  2.478206572e+00  8.675487721e-01
10 3  8.922409546e-01  3.333333333e+00  5.898333321e-01  5.073955022e-01  1.193563009e+08 -1.241872302e-03  6.101326016e+06  9.190236645e+01  1.219618065e+00  2.426513634e-03  2.836680188e-03 -1.378925165e-03 -1.241872302e-03 -1.188277643e-01 -2.657483352e+00  5.098053197e-03  2.338735331e-03  1.634401546e+00  9.996049574e-01  2.351545779e+00  9.135792346e-01
11 3  9.291574491e-01  3.666666667e+00  5.877980617e-01  5.073955022e-01  1.248084928e+08  1.103361497e-02  3.331048418e+06  7.817914490e+01  1.481748717e+00  1.020100039e-02  3.750999955e-02  1.133996378e-02  1.103361497e-02 -9.137004210e+00 -1.312212824e+01  4.608296962e-03  2.242455850e-03  1.911427158e+00  9.992128576e-01  2.225345893e+00  9.478655183e-01
12 3  9.686655133e-01  4.000000000e+00  2.923290144e-01  5.073955022e-01  2.296322443e+07  1.864756073e-02  6.149049727e+05  9.129543470e+01  9.915980841e-01  1.165732758e-02  4.244733023e-02  1.355395985e-02  1.864756073e-02 -2.057236027e+01 -1.311909933e+01  4.187686415e-03  2.642650989e-03  2.306453840e+00  9.998546827e-01  2.128003606e+00  9.803640580e-01
13 3  9.832995057e-01  4.333333333e+00  2.484730105e-01  5.073955022e-01  1.030348693e+07  1.389469821e-02  2.383759500e+05  9.233142813e+01  7.799328599e-01  8.233804280e-03  2.166409243e-02  6.316788828e-03  1.389469821e-02 -1.575959092e+01 -6.566271888e+00  4.403337850e-03  2.480428993e-03  3.408794400e+00  9.999121959e-01  1.994101300e+00  9.898641168e-01
14 3  9.913476511e-01  4.666666667e+00  2.281105356e-01  5.073955022e-01  6.041990240e+06  1.122186851e-02  1.655758644e+05  8.929373814e+01  6.197626510e-01  5.369273103e-03  1.418880718e-02  3.138917288e-03  1.122186851e-02 -1.403926628e+01 -4.344381317e+00  4.127036696e-03  2.177197519e-03  5.525393069e+00  9.999388176e-01  1.866870774e+00  9.947850887e-01
