10  2.058547272e-07
4 3  4.718894898e-01  1.333333333e+00  7.485071293e-01  5.058791773e-01  3.607997245e+08 -2.453250269e-02  1.651598830e+05  4.353275117e+02  1.380910542e+00  1.873637762e-03 -1.390084371e-02 -2.255184762e-02 -2.453250269e-02 -3.462183689e+00 -4.948730428e+00  5.756241007e-03  2.379889610e-03  9.937678429e-01  1.015755994e+00  2.843483760e+00  4.189867322e-01
5 3  6.122203223e-01  1.666666667e+00  6.670924608e-01  5.058791773e-01  2.387808001e+08 -1.422594059e-02  2.285916524e+06  2.963058871e+02  1.258240108e+00  2.102737561e-03 -5.261532880e-03 -1.250581223e-02 -1.422594059e-02 -2.536697057e+00 -4.905782369e+00  9.705882939e-03  3.255289799e-03  1.065582814e+00  1.007768701e+00  2.928057819e+00  6.075766015e-01
6 3  7.137459551e-01  2.000000000e+00  6.228973135e-01  5.058791773e-01  1.834368618e+08 -7.517583656e-03  1.163299116e+06  2.255348026e+02  1.213102690e+00  2.254610079e-03 -6.070456207e-04 -6.703268618e-03 -7.517583656e-03 -1.998739851e+00 -4.232020956e+00  8.993614989e-03  2.970254899e-03  1.168141941e+00  1.004115563e+00  2.834373984e+00  7.277859029e-01
7 3  7.925113460e-01  2.333333333e+00  5.948009421e-01  5.058791773e-01  1.603645589e+08 -3.363068632e-03  2.050291372e+06  1.829571140e+02  1.219574954e+00  2.438577901e-03  2.395088354e-03 -2.949804849e-03 -3.363068632e-03 -1.689443425e+00 -3.631594389e+00  9.317462405e-03  3.250040630e-03  1.292873423e+00  1.002199459e+00  2.692419068e+00  8.123265880e-01
8 3  8.600545506e-01  2.666666667e+00  5.762258753e-01  5.058791773e-01  1.374901752e+08 -3.163106050e-03  5.668156791e+06  1.554736514e+02  1.199347565e+00  2.392061512e-03  1.415534431e-03 -2.965501748e-03 -3.163106050e-03 -6.256337509e-01 -3.231443574e+00  7.446078595e-03  3.045682564e-03  1.457478550e+00  1.000863475e+00  2.553241511e+00  8.773329806e-01
9 3  9.051769454e-01  3.000000000e+00  6.171672725e-01  5.058791773e-01  1.069762781e+08  1.301857758e-02  6.008567014e+06  1.289493822e+02  9.929644810e-01  1.868651681e-03 -3.363395439e-03  1.524750121e-03  1.301857758e-02  1.657721895e+01 -3.038252234e+00  4.275478425e-03  1.990391281e-03  1.716989758e+00  9.999536933e-01  2.386447631e+00  9.206994242e-01
10 3  9.299096962e-01  3.333333333e+00  7.358911965e-01  5.058791773e-01  9.669981144e+07  2.078660457e-02  3.897948219e+06  1.065758865e+02  8.447500658e-01  1.512313997e-03  3.138788668e-03  9.023724284e-03  2.078660457e-02  1.963503988e+01 -2.230809747e+00  3.208238481e-03  1.555101079e-03  2.238150054e+00  9.994382451e-01  2.205351329e+00  9.438583681e-01
11 3  9.723569436e-01  3.666666667e+00  3.778406763e-01  5.058791773e-01  7.721517001e+07  2.738657678e-02  6.533791031e+05  1.140257210e+02  1.225608423e+00  1.429605222e-02  1.022521346e-01  1.817486399e-02  2.738657678e-02 -4.685985572e+01 -3.730708585e+01  4.663040104e-03  2.686998033e-03  2.447634353e+00  9.996589087e-01  2.096843031e+00  9.802856912e-01
12 3  9.894597656e-01  4.000000000e+00  2.677156368e-01  5.058791773e-01  9.984454048e+06  2.395017586e-02  2.026335185e+05  1.184216938e+02  6.598944616e-01  8.479884592e-03  4.516972188e-02  9.880369728e-03  2.395017586e-02 -2.343940485e+01 -1.840821076e+01  4.042703680e-03  2.204646843e-03  3.929672678e+00  9.999075825e-01  1.956400657e+00  9.926560064e-01
13 3  9.959648350e-01  4.333333333e+00  2.416902402e-01  5.058791773e-01  4.062498579e+06  2.123667900e-02  1.490091979e+05  1.126899238e+02  4.728516741e-01  4.809918413e-03  2.543059874e-02  7.265197626e-03  2.123667900e-02 -1.837367530e+01 -8.710521827e+00  3.483346399e-03  1.868160391e-03  8.060197658e+00  9.999728688e-01  1.817899685e+00  9.971922693e-01
