 GPEC_SINGFLD: Resonant fields, singular currents, and islands
 v1.4.4
 
    jac_out = hamada     tmag_out = 1
 sweet-spot =  5.00000000E-004
      msing =    9
 
      q              psi    real(singflx)    imag(singflx)    real(singcur)    imag(singcur)    real(singbwp)    imag(singbwp)      real(Delta)      imag(Delta)     islandhwidth         chirikov
  1.500  3.90948296E-001  5.88013598E-005 -7.72708343E-006  1.52756427E+002 -2.00737137E+001 -4.07755663E-007  7.55764290E-008 -1.48876552E-003  1.95638595E-004  1.11691016E-002  1.21767602E-001
  2.000  5.74397776E-001  6.02194550E-005 -9.57489060E-006  1.56208906E+002 -2.48372089E+001 -4.30445467E-007  1.10292021E-007 -2.19757343E-003  3.49414075E-004  1.06648346E-002  1.57865540E-001
  2.500  7.09510665E-001  5.81589121E-005 -9.63180153E-006  1.45396331E+002 -2.40793467E+001 -4.76107462E-007  1.45575185E-007 -2.98349128E-003  4.94101332E-004  9.99040266E-003  1.88549607E-001
  3.000  8.15481744E-001  6.45572144E-005 -9.73636989E-006  1.54793303E+002 -2.33455682E+001 -6.52327231E-007  1.47339160E-007 -4.54762501E-003  6.85862295E-004  9.66573917E-003  2.75854343E-001
  3.500  8.85560316E-001  6.74804221E-005 -1.41491713E-005  1.52570422E+002 -3.19906865E+001 -7.44480265E-007  2.62178291E-007 -6.77863347E-003  1.42133145E-003  7.67468689E-003  3.52452282E-001
  4.000  9.29110534E-001 -1.10709418E-005  1.24141434E-005 -2.34094491E+001  2.62496418E+001  9.71208008E-007 -1.01159418E-007  1.66831839E-003 -1.87073006E-003  3.96181687E-003  1.81942458E-001
  4.500  9.78265287E-001  2.58999634E-004  4.87094660E-005  5.30002285E+002  9.96763120E+001 -2.56254127E-006 -6.48727163E-007 -5.62357882E-002 -1.05761355E-002  9.70448387E-003  1.55214674E+000
  5.000  9.90769883E-001  2.15650802E-004  9.37175303E-005  4.07780662E+002  1.77213329E+002 -1.89645212E-006 -8.90300219E-007 -9.13218461E-002 -3.96866499E-002  5.99556939E-003  2.18609434E+000
  5.500  9.96255071E-001  2.74531760E-004  1.99181809E-004  4.79646099E+002  3.47998999E+002 -2.45302117E-006 -1.38918576E-006 -2.63513541E-001 -1.91187729E-001  4.77949983E-003  1.74269312E+000
 
