 GPEC_SINGFLD: Resonant fields, singular currents, and islands
 v1.4.4
 
    jac_out = hamada     tmag_out = 1
 sweet-spot =  5.00000000E-004
      msing =    9
 
      q              psi    real(singflx)    imag(singflx)    real(singcur)    imag(singcur)    real(singbwp)    imag(singbwp)      real(Delta)      imag(Delta)     islandhwidth         chirikov
  1.500  3.83496584E-001  6.22081118E-005 -7.44688024E-006  1.61139882E+002 -1.92899184E+001 -4.60600607E-007  6.09905526E-008 -1.57434139E-003  1.88463070E-004  1.18545391E-002  1.24285138E-001
  2.000  5.74260166E-001  5.98792316E-005 -8.69780929E-006  1.55972501E+002 -2.26559199E+001 -4.78661341E-007  9.07746941E-008 -2.16474455E-003  3.14441832E-004  1.07718914E-002  1.58150376E-001
  2.500  7.10483571E-001  5.52607105E-005 -8.89915665E-006  1.38514241E+002 -2.23062628E+001 -4.91037798E-007  1.25567242E-007 -2.81531843E-003  4.53377444E-004  9.80047549E-003  1.81273130E-001
  3.000  8.18612951E-001  6.52964458E-005 -7.62129591E-006  1.57083862E+002 -1.83345752E+001 -7.33542482E-007  1.04286025E-007 -4.56369371E-003  5.32666974E-004  9.87882449E-003  2.81964257E-001
  3.500  8.88684417E-001  8.78068902E-005 -3.85240538E-005  1.98851545E+002 -8.72433543E+001 -1.13643292E-006  5.17332498E-007 -8.80765745E-003  3.86423741E-003  8.88947788E-003  4.66089567E-001
  4.000  9.26829351E-001 -6.08826903E-005  3.86830380E-005 -1.27796673E+002  8.11981783E+001  1.80699099E-006 -4.76509036E-007  9.53824955E-003 -6.06031810E-003  6.81602821E-003  3.57375279E-001
  4.500  9.78615192E-001  2.02915669E-004  2.36835039E-005  4.14553109E+002  4.83849780E+001 -2.16726458E-006 -4.97419428E-007 -4.45255603E-002 -5.19684501E-003  8.97283258E-003  1.40207537E+000
  5.000  9.91414550E-001 -2.60938628E-005  5.16626567E-005 -4.93033636E+001  9.76146294E+001 -5.83693779E-007 -6.92238553E-007  1.13565909E-002 -2.24846608E-002  2.94380788E-003  1.12868976E+000
  5.500  9.96630878E-001  2.10142479E-004  1.83056169E-004  3.66779453E+002  3.19503423E+002 -1.77925178E-006 -9.58988566E-007 -2.13245664E-001 -1.85759368E-001  4.17444002E-003  1.60052827E+000
 
