 GPEC_SINGFLD: Resonant fields, singular currents, and islands
 v1.4.4
 
    jac_out = hamada     tmag_out = 1
 sweet-spot =  5.00000000E-004
      msing =    8
 
      q              psi    real(singflx)    imag(singflx)    real(singcur)    imag(singcur)    real(singbwp)    imag(singbwp)      real(Delta)      imag(Delta)     islandhwidth         chirikov
  1.500  3.95551824E-001  3.66864877E-005 -5.87651382E-006  9.77708061E+001 -1.56611202E+001 -3.20940321E-007  2.18093550E-008 -8.97532152E-004  1.43768467E-004  9.25554041E-003  9.38794628E-002
  2.000  5.92731061E-001  3.83013762E-005 -4.99175804E-006  1.02769439E+002 -1.33937792E+001 -3.76511739E-007  1.96392718E-008 -1.34079626E-003  1.74743865E-004  8.73855649E-003  1.26946718E-001
  2.500  7.30403884E-001  4.08164733E-005 -4.65964368E-006  1.05152095E+002 -1.20042535E+001 -4.69016123E-007  2.88947143E-008 -2.03613212E-003  2.32446593E-004  8.28212239E-003  1.63537341E-001
  3.000  8.31691117E-001  4.50448013E-005 -4.40168290E-006  1.10364031E+002 -1.07845402E+001 -5.93192801E-007  2.56968205E-008 -3.18114504E-003  3.10854779E-004  7.84859668E-003  2.21891045E-001
  3.500  9.02433915E-001  4.52568328E-005 -4.58192153E-006  1.04663060E+002 -1.05963652E+001 -6.46928942E-007  6.86326778E-008 -4.65926424E-003  4.71716243E-004  6.53187801E-003  2.55558332E-001
  4.000  9.53552405E-001  1.59998869E-006  3.95417029E-008  3.50352667E+000  8.65852439E-002 -3.49730163E-007 -6.38184512E-008 -2.46223300E-004 -6.08509839E-006  1.74039318E-003  1.06985406E-001
  4.500  9.86087556E-001  1.05735919E-004  5.80696086E-005  2.18082291E+002  1.19769643E+002 -1.33885206E-006 -6.50908838E-007 -2.85138198E-002 -1.56596393E-002  5.35282175E-003  1.27664406E+000
  5.000  9.94473326E-001 -2.16435838E-004  8.01097413E-005 -4.10405107E+002  1.51903896E+002 -2.79112677E-007 -6.46121783E-007  1.32801598E-001 -4.91540669E-002  4.77841991E-003  1.13964964E+000
 
