13  2.231678718e-07
4 3  3.686934035e-01  1.333333333e+00  8.020482476e-01  5.070797396e-01  3.268868857e+08 -4.278711369e-02  3.312199169e+06  2.984948359e+02  1.393770852e+00  1.428894618e-03 -2.966991333e-02 -4.278711369e-02 -4.604266118e+00 -5.576555900e+00  7.695767301e-03  2.017007048e-03  9.914738317e-01  1.009073303e+00  2.637289611e+00  3.106252423e-01
5 3  4.850048088e-01  1.666666667e+00  7.273582347e-01  5.070797396e-01  2.574342303e+08 -3.376489415e-02  3.312199169e+06  2.023826214e+02  1.328568927e+00  1.619481671e-03 -2.331261796e-02 -3.376489415e-02 -3.505956857e+00 -5.133249893e+00  7.946098075e-03  2.054371574e-03  1.037213352e+00  1.006089492e+00  2.767211607e+00  4.696737027e-01
6 3  5.806213830e-01  2.000000000e+00  6.806517083e-01  5.070797396e-01  2.159532903e+08 -2.487241547e-02  3.312199169e+06  1.594015433e+02  1.353190633e+00  1.922610184e-03 -1.638756736e-02 -2.487241547e-02 -2.723145488e+00 -4.390368315e+00  8.201432972e-03  2.139658082e-03  1.107867348e+00  1.004050115e+00  2.755033433e+00  5.885591161e-01
7 3  6.640639372e-01  2.333333333e+00  6.481628613e-01  5.070797396e-01  1.908360672e+08 -2.059927220e-02  3.312199169e+06  1.327375561e+02  1.385887681e+00  2.215402573e-03 -1.337761898e-02 -2.059927220e-02 -2.235713197e+00 -3.800685834e+00  8.431981917e-03  2.216538823e-03  1.186648238e+00  1.002483146e+00  2.696613098e+00  6.835366864e-01
8 3  7.380324620e-01  2.666666667e+00  6.240728655e-01  5.070797396e-01  1.794779722e+08 -1.711645486e-02  3.312199169e+06  1.165902453e+02  1.422797028e+00  2.460987720e-03 -1.080546217e-02 -1.711645486e-02 -1.895036145e+00 -3.318032570e+00  8.668231548e-03  2.287725647e-03  1.269966262e+00  1.001188659e+00  2.618973493e+00  7.624642258e-01
9 3  8.039184755e-01  3.000000000e+00  6.057708488e-01  5.070797396e-01  1.642667124e+08 -1.389740953e-02  3.312199169e+06  1.033288089e+02  1.424849478e+00  2.574878866e-03 -8.307830300e-03 -1.389740953e-02 -1.636193864e+00 -2.902573963e+00  8.718404071e-03  2.313076231e-03  1.366073780e+00  1.000116918e+00  2.533086259e+00  8.285396712e-01
10 3  8.563810793e-01  3.333333333e+00  5.926592201e-01  5.070797396e-01  1.392228682e+08 -9.213514984e-03  3.312199169e+06  9.064533850e+01  1.319771116e+00  2.330302140e-03 -3.842679702e-03 -9.213514984e-03 -1.544560658e+00 -2.703835674e+00  8.274602296e-03  2.203998250e-03  1.490957650e+00  9.993950016e-01  2.426799705e+00  8.797008205e-01
11 3  8.950923183e-01  3.666666667e+00  5.820132319e-01  5.070797396e-01  1.204557396e+08 -3.534808137e-03  3.312199169e+06  7.940396494e+01  1.231219640e+00  2.500045993e-03  3.977985986e-03 -3.534808137e-03 -2.534310637e+00 -3.476365696e+00  7.881836876e-03  2.097756758e-03  1.674321173e+00  9.990315440e-01  2.305069582e+00  9.168605411e-01
12 3  9.294491788e-01  4.000000000e+00  5.364086608e-01  5.070797396e-01  1.162729610e+08  7.793825939e-03  3.312199169e+06  6.966902264e+01  1.500795794e+00  9.322676281e-03  4.300831220e-02  7.793825939e-03 -2.188917416e+01 -1.277735134e+01  9.142369437e-03  2.436445810e-03  1.908813337e+00  9.990738582e-01  2.194177079e+00  9.481327500e-01
13 3  9.658799756e-01  4.333333333e+00  3.087756725e-01  5.070797396e-01  2.668939044e+07  2.067720027e-02  3.312199169e+06  7.429798650e+01  1.111443083e+00  1.237918116e-02  6.080263211e-02  2.067720027e-02 -3.488881601e+01 -1.487381760e+01  7.997722316e-03  2.348365631e-03  2.230699140e+00  9.997342986e-01  2.106173259e+00  9.781781104e-01
14 3  9.813187933e-01  4.666666667e+00  2.436818104e-01  5.070797396e-01  1.129814744e+07  1.828784372e-02  3.312199169e+06  7.777014517e+01  8.651512379e-01  8.393517363e-03  3.818988157e-02  1.828784372e-02 -1.975582656e+01 -7.558507510e+00  6.890955466e-03  2.173549660e-03  3.076211755e+00  9.998918403e-01  1.987306253e+00  9.884810943e-01
15 3  9.898965919e-01  5.000000000e+00  2.209291556e-01  5.070797396e-01  6.574836017e+06  1.275499697e-02  3.312199169e+06  7.688238678e+01  6.938379163e-01  5.558320762e-03  2.627577827e-02  1.275499697e-02 -1.459538723e+01 -4.966685516e+00  5.944322210e-03  1.944176732e-03  4.638070661e+00  9.999460674e-01  1.871133784e+00  9.938236421e-01
16 3  9.956615533e-01  5.333333333e+00  2.089119354e-01  5.070797396e-01  4.234511699e+06  7.873520296e-03  3.312199169e+06  7.418431284e+01  5.531260576e-01  3.510071118e-03  1.824374885e-02  7.873520296e-03 -1.195176234e+01 -3.618298006e+00  5.074110469e-03  1.696610381e-03  9.144443903e+00  9.999771184e-01  1.764458751e+00  9.973516362e-01
