11  2.131162851e-07
4 3  3.959217930e-01  1.333333333e+00  8.095586749e-01  5.046341419e-01  3.120698624e+08 -3.168906716e-02  3.435043343e+06  3.078942627e+02  1.383029285e+00  1.513907259e-03 -2.055861878e-02 -3.168906716e-02 -3.708715527e+00 -5.585418116e+00  8.021709608e-03  2.080144150e-03  9.915747441e-01  1.013329192e+00  2.667936725e+00  3.371313411e-01
5 3  5.194943799e-01  1.666666667e+00  7.379051240e-01  5.046341419e-01  2.348606529e+08 -2.284207605e-02  3.435043343e+06  2.126838335e+02  1.317882632e+00  1.725849418e-03 -1.438169457e-02 -2.284207605e-02 -2.875143401e+00 -4.732745034e+00  8.226918847e-03  2.122657866e-03  1.044125065e+00  1.008592584e+00  2.787418478e+00  5.032213674e-01
6 3  6.196293761e-01  2.000000000e+00  6.927106859e-01  5.046341419e-01  1.958259271e+08 -1.715212149e-02  3.435043343e+06  1.701981680e+02  1.332974603e+00  2.003014343e-03 -1.038009471e-02 -1.715212149e-02 -2.295880298e+00 -3.905983529e+00  8.435690895e-03  2.199822530e-03  1.122868398e+00  1.005612170e+00  2.762401646e+00  6.250235860e-01
7 3  7.056623782e-01  2.333333333e+00  6.607768589e-01  5.046341419e-01  1.751386941e+08 -1.153990783e-02  3.435043343e+06  1.408240476e+02  1.364217501e+00  2.280443487e-03 -5.760408755e-03 -1.153990783e-02 -1.945566000e+00 -3.338130455e+00  8.694255192e-03  2.274492560e-03  1.210731692e+00  1.003475406e+00  2.690798717e+00  7.214779137e-01
8 3  7.821307712e-01  2.666666667e+00  6.364158965e-01  5.046341419e-01  1.623129758e+08 -9.109734094e-03  3.435043343e+06  1.226952929e+02  1.398867089e+00  2.526552487e-03 -4.081638220e-03 -9.109734094e-03 -1.680481161e+00 -2.871115004e+00  8.914041828e-03  2.342899077e-03  1.307102365e+00  1.001691743e+00  2.604947856e+00  8.021843125e-01
9 3  8.472631727e-01  3.000000000e+00  6.183074269e-01  5.046341419e-01  1.408522351e+08 -6.664746395e-03  3.435043343e+06  1.077771975e+02  1.339873915e+00  2.433899066e-03 -2.085198894e-03 -6.664746395e-03 -1.521374600e+00 -2.549829209e+00  8.672335683e-03  2.292249720e-03  1.431775941e+00  1.000320354e+00  2.504900511e+00  8.669626843e-01
10 3  8.946212029e-01  3.333333333e+00  6.058380216e-01  5.046341419e-01  1.189019180e+08 -5.337553967e-05  3.435043343e+06  9.379200910e+01  1.210445901e+00  2.016085126e-03  4.279416916e-03 -5.337553967e-05 -1.476547369e+00 -2.284882369e+00  8.101586139e-03  2.136165681e-03  1.616511250e+00  9.995248771e-01  2.378528447e+00  9.135732521e-01
11 3  9.276603822e-01  3.666666667e+00  5.950012476e-01  5.046341419e-01  1.069539013e+08  6.853988672e-03  3.435043343e+06  8.190906288e+01  1.161125990e+00  3.565172655e-03  2.193334336e-02  6.853988672e-03 -4.893282788e+00 -7.608802421e+00  7.943191775e-03  2.069744774e-03  1.925032567e+00  9.991826135e-01  2.241386479e+00  9.446099294e-01
12 3  9.688386245e-01  4.000000000e+00  2.823362663e-01  5.046341419e-01  2.244033897e+07  1.666894711e-02  3.435043343e+06  9.306255637e+01  1.080019688e+00  1.369911290e-02  5.798956237e-02  1.666894711e-02 -3.850116229e+01 -1.662382870e+01  8.041870585e-03  2.403541482e-03  2.265400470e+00  9.998086748e-01  2.147151329e+00  9.794245896e-01
13 3  9.843825600e-01  4.333333333e+00  2.198507142e-01  5.046341419e-01  8.141739602e+06  1.218122268e-02  3.435043343e+06  9.816283849e+01  7.745692328e-01  7.099441156e-03  2.690894133e-02  1.218122268e-02 -1.389590346e+01 -6.408283597e+00  6.516572429e-03  2.128130892e-03  3.300095797e+00  9.999131677e-01  2.013995061e+00  9.900151851e-01
14 3  9.921289992e-01  4.666666667e+00  2.045537169e-01  5.046341419e-01  4.915745796e+06  8.786364747e-03  3.435043343e+06  9.551419107e+01  6.017526309e-01  4.085512921e-03  1.835265402e-02  8.786364747e-03 -9.794538969e+00 -3.957536652e+00  5.474093306e-03  1.843499086e-03  5.359532929e+00  9.999390365e-01  1.884903785e+00  9.949971028e-01
