10  2.202962981e-07
4 3  4.377896082e-01  1.333333333e+00  6.960925297e-01  5.067647134e-01  3.398433411e+08 -2.960266335e-02  3.351206062e+06  3.597418796e+02  1.375620888e+00  1.549987754e-03 -1.812449487e-02 -2.960266335e-02 -4.333577405e+00 -5.615198602e+00  8.336269449e-03  2.140392885e-03  9.927446702e-01  1.015794380e+00  2.736988840e+00  3.833876081e-01
5 3  5.704838621e-01  1.666666667e+00  6.186306072e-01  5.067647134e-01  2.322442550e+08 -2.395340224e-02  3.351206062e+06  2.492357006e+02  1.288071705e+00  1.727300786e-03 -1.548406970e-02 -2.395340224e-02 -2.685313775e+00 -5.042485542e+00  8.369537834e-03  2.161512411e-03  1.056179940e+00  1.009120312e+00  2.834510506e+00  5.600459953e-01
6 3  6.737115748e-01  2.000000000e+00  5.801144981e-01  5.067647134e-01  1.859746691e+08 -1.699723430e-02  3.351206062e+06  1.936914900e+02  1.290600307e+00  1.982233517e-03 -1.027845915e-02 -1.699723430e-02 -1.814321088e+00 -4.279782306e+00  8.547693279e-03  2.227600035e-03  1.142087733e+00  1.005333815e+00  2.779040095e+00  6.836600006e-01
7 3  7.615464410e-01  2.333333333e+00  5.573681149e-01  5.067647134e-01  1.645989623e+08 -1.040856098e-02  3.351206062e+06  1.626369047e+02  1.323112647e+00  2.257467356e-03 -4.843119451e-03 -1.040856098e-02 -1.289019382e+00 -3.626355701e+00  8.802798865e-03  2.310348140e-03  1.236057688e+00  1.002720003e+00  2.685590520e+00  7.806745953e-01
8 3  8.361287812e-01  2.666666667e+00  5.432230898e-01  5.067647134e-01  1.393936264e+08 -8.688489539e-03  3.351206062e+06  1.375158540e+02  1.290004934e+00  2.276324729e-03 -3.972998713e-03 -8.688489539e-03 -9.666724928e-01 -3.048701643e+00  8.698195281e-03  2.300268463e-03  1.357566972e+00  1.000918992e+00  2.575395185e+00  8.560431576e-01
9 3  8.894511862e-01  3.000000000e+00  5.436848634e-01  5.067647134e-01  1.107783422e+08 -1.484680027e-03  3.351206062e+06  1.135648967e+02  1.127454382e+00  1.343955815e-03  9.176216777e-04 -1.484680027e-03  2.887930173e+00 -2.817141430e+00  7.974903342e-03  2.103260525e-03  1.542189966e+00  9.999434671e-01  2.432858332e+00  9.075468495e-01
10 3  9.226655864e-01  3.333333333e+00  5.759843504e-01  5.067647134e-01  9.784551361e+07  5.306544510e-03  3.351206062e+06  9.423756597e+01  1.004956953e+00  1.125198136e-03  7.875093814e-03  5.306544510e-03  2.513591240e+00 -2.543588079e+00  7.415050310e-03  1.926813457e-03  1.866907790e+00  9.994812984e-01  2.270286981e+00  9.389160283e-01
11 3  9.552680343e-01  3.666666667e+00  4.266329722e-01  5.067647134e-01  1.192975512e+08  1.365592034e-02  3.351206062e+06  9.169845072e+01  1.311687513e+00  7.184986700e-03  5.943452689e-02  1.365592034e-02 -4.853044489e+01 -7.017597471e+00  9.092747522e-03  2.285721888e-03  2.280617352e+00  9.994759180e-01  2.136813694e+00  9.679716410e-01
12 3  9.831939102e-01  4.000000000e+00  2.668912101e-01  5.067647134e-01  1.719818992e+07  1.224251902e-02  3.351206062e+06  1.023073145e+02  8.490144313e-01  1.014987030e-02  6.351663910e-02  1.224251902e-02 -2.053681536e+01 -2.601536213e+01  7.015647967e-03  2.108584824e-03  3.106740061e+00  9.998501433e-01  2.016761819e+00  9.888733230e-01
13 3  9.925620914e-01  4.333333333e+00  2.388915323e-01  5.067647134e-01  5.538659916e+06  7.322139934e-03  3.351206062e+06  1.005995967e+02  5.768343992e-01  5.498206031e-03  2.734638720e-02  7.322139934e-03 -1.568407968e+01 -9.336609674e+00  5.387860705e-03  1.805517629e-03  5.197573865e+00  9.999640664e-01  1.879578591e+00  9.951109518e-01
