10  2.069015710e-07
4 3  4.632117955e-01  1.333333333e+00  7.427904559e-01  5.051271989e-01  3.834590424e+08 -2.459999438e-02  3.545139410e+06  4.359832507e+02  1.390209165e+00  1.468158934e-03 -1.568223944e-02 -2.459999438e-02 -3.551008154e+00 -4.843118034e+00  8.503946607e-03  2.189403084e-03  9.918825152e-01  1.015828799e+00  2.815205579e+00  4.085925179e-01
5 3  6.041260114e-01  1.666666667e+00  6.615421031e-01  5.051271989e-01  2.548149159e+08 -1.538628357e-02  3.545139410e+06  2.922817234e+02  1.272435810e+00  1.705938075e-03 -7.623172879e-03 -1.538628357e-02 -2.527931242e+00 -5.202976476e+00  8.445128117e-03  2.178098851e-03  1.061175171e+00  1.007962520e+00  2.914552546e+00  5.976651407e-01
6 3  7.069349225e-01  2.000000000e+00  6.182615449e-01  5.051271989e-01  1.941696296e+08 -9.354057177e-03  3.545139410e+06  2.275392310e+02  1.229756946e+00  1.874060698e-03 -2.775904561e-03 -9.354057177e-03 -1.944338410e+00 -4.585274710e+00  8.387482655e-03  2.187715061e-03  1.160437095e+00  1.004231041e+00  2.831599339e+00  7.198797012e-01
7 3  7.872870030e-01  2.333333333e+00  5.910014094e-01  5.051271989e-01  1.667539555e+08 -4.697117656e-03  3.545139410e+06  1.849222547e+02  1.235300876e+00  2.070572951e-03  1.100691218e-03 -4.697117656e-03 -1.645364838e+00 -3.977351264e+00  8.509715052e-03  2.226870529e-03  1.279486783e+00  1.002230500e+00  2.697569435e+00  8.068086411e-01
8 3  8.568592958e-01  2.666666667e+00  5.712058832e-01  5.051271989e-01  1.415512555e+08 -4.483135269e-03  3.545139410e+06  1.549276789e+02  1.229321342e+00  2.169431376e-03  4.678362870e-04 -4.483135269e-03 -1.022191386e+00 -3.468217587e+00  8.498958836e-03  2.242348235e-03  1.436486642e+00  1.000874043e+00  2.565481735e+00  8.740092708e-01
9 3  9.039804157e-01  3.000000000e+00  6.049247883e-01  5.051271989e-01  1.068276280e+08  9.914021012e-04  3.545139410e+06  1.269077758e+02  1.009432698e+00  1.436774886e-03 -2.985234817e-03  9.914021012e-04  1.552614456e+01 -3.279759209e+00  7.427252255e-03  1.962364567e-03  1.683913419e+00  9.999904158e-01  2.403711410e+00  9.190990500e-01
10 3  9.290039837e-01  3.333333333e+00  7.248374485e-01  5.051271989e-01  9.371407288e+07  7.997019013e-03  3.545139410e+06  1.045959332e+02  8.355626435e-01  1.397869608e-03  3.770654238e-04  7.997019013e-03  2.338239618e+01 -2.145541840e+00  6.506287082e-03  1.701648695e-03  2.191556245e+00  9.994781504e-01  2.222085962e+00  9.425733460e-01
11 3  9.661500414e-01  3.666666667e+00  4.519515715e-01  5.051271989e-01  1.717383103e+08  1.892084609e-02  3.545139410e+06  1.069133433e+02  1.709190452e+00  1.563226259e-02  9.454774993e-02  1.892084609e-02 -5.947277122e+01 -2.230332782e+01  1.092446197e-02  2.739448081e-03  2.391477215e+00  9.995159835e-01  2.100930133e+00  9.750864351e-01
12 3  9.888183070e-01  4.000000000e+00  2.845279986e-01  5.051271989e-01  1.175902478e+07  9.182037487e-03  3.545139410e+06  1.146415286e+02  6.798947620e-01  7.493181893e-03  5.267254054e-02  9.182037487e-03 -2.380304051e+01 -2.315569806e+01  6.072384153e-03  1.886757893e-03  3.682448978e+00  9.998924593e-01  1.971780288e+00  9.920576858e-01
13 3  9.955407777e-01  4.333333333e+00  2.578109742e-01  5.051271989e-01  4.420405160e+06  6.396144570e-03  3.545139410e+06  1.092011329e+02  4.843745573e-01  4.337412777e-03  2.691627661e-02  6.396144570e-03 -1.863199801e+01 -1.004902952e+01  4.796825532e-03  1.626717286e-03  7.283454702e+00  9.999744703e-01  1.832629144e+00  9.968373526e-01
