11  2.328666238e-07
4 3  3.716039358e-01  1.333333333e+00  7.605723778e-01  5.093050304e-01  2.858945750e+08 -4.420170566e-02  3.202169254e+06  2.530441833e+02  1.380936419e+00  1.609992302e-03 -2.743798010e-02 -4.226480478e-02 -5.443657717e+00 -6.145742104e+00  7.793690108e-03  2.028957871e-03  9.937317191e-01  1.008689225e+00  2.670918116e+00
5 3  4.851025729e-01  1.666666667e+00  6.838313690e-01  5.093050304e-01  2.186117846e+08 -3.463081808e-02  3.202169254e+06  1.767896487e+02  1.305508335e+00  1.704484091e-03 -2.118999054e-02 -3.180259670e-02 -3.816514549e+00 -4.984408492e+00  7.959568430e-03  2.054867178e-03  1.040830709e+00  1.005832796e+00  2.781456322e+00
6 3  5.771957312e-01  2.000000000e+00  6.398790874e-01  5.093050304e-01  1.860106578e+08 -2.548679877e-02  3.202169254e+06  1.400808916e+02  1.332744186e+00  1.942354543e-03 -1.575506629e-02 -2.391279855e-02 -2.782953430e+00 -4.014131713e+00  8.210754338e-03  2.136883374e-03  1.111722309e+00  1.003821640e+00  2.752398372e+00
7 3  6.582105843e-01  2.333333333e+00  6.108322811e-01  5.093050304e-01  1.709493265e+08 -2.041534762e-02  3.202169254e+06  1.191680610e+02  1.378030738e+00  2.191792007e-03 -1.342593756e-02 -2.015157778e-02 -2.158265972e+00 -3.372925050e+00  8.471460165e-03  2.221104579e-03  1.189022790e+00  1.002271049e+00  2.686178605e+00
8 3  7.311645955e-01  2.666666667e+00  5.902116874e-01  5.093050304e-01  1.656683375e+08 -1.659347356e-02  3.202169254e+06  1.065235358e+02  1.421687373e+00  2.382507102e-03 -1.136230356e-02 -1.708737750e-02 -1.719119031e+00 -2.886252432e+00  8.710979280e-03  2.294322785e-03  1.269576471e+00  1.001016983e+00  2.607651148e+00
9 3  7.963951922e-01  3.000000000e+00  5.755434072e-01  5.093050304e-01  1.545521229e+08 -1.423074088e-02  3.202169254e+06  9.404632778e+01  1.428850157e+00  2.431433433e-03 -8.800380545e-03 -1.368533221e-02 -1.362749271e+00 -2.450952971e+00  8.774306650e-03  2.319150347e-03  1.363226536e+00  1.000033697e+00  2.522223877e+00
10 3  8.488268929e-01  3.333333333e+00  5.662270165e-01  5.093050304e-01  1.336867503e+08 -1.040245373e-02  3.202169254e+06  8.135907987e+01  1.323202953e+00  2.080839433e-03 -5.352679202e-03 -9.681816856e-03 -9.896736034e-01 -2.170220463e+00  8.354389609e-03  2.203734211e-03  1.482469246e+00  9.993744564e-01  2.417855008e+00
11 3  8.868483515e-01  3.666666667e+00  5.639299918e-01  5.093050304e-01  1.166546014e+08 -3.357562380e-03  3.202169254e+06  7.035604688e+01  1.210196656e+00  1.872778637e-03  1.115055186e-03 -3.659660974e-03  6.015735415e-01 -2.834560453e+00  7.884028002e-03  2.063181062e-03  1.655763700e+00  9.990090315e-01  2.295667421e+00
12 3  9.166268416e-01  4.000000000e+00  5.656761965e-01  5.093050304e-01  1.123740871e+08  4.473270203e-03  3.202169254e+06  6.198302567e+01  1.302909418e+00  4.950305146e-03  2.784731035e-02  6.870994418e-03 -5.406535100e+00 -9.409016772e+00  8.344606429e-03  2.174998321e-03  1.910005951e+00  9.988571032e-01  2.174691041e+00
13 3  9.587912806e-01  4.333333333e+00  2.996643034e-01  5.093050304e-01  3.239260839e+07  1.354323240e-02  3.202169254e+06  6.759832820e+01  1.224679839e+00  1.437125443e-02  6.920946419e-02  1.994462701e-02 -4.464173910e+01 -1.596403453e+01  8.506788402e-03  2.438506889e-03  2.086998967e+00  9.996617957e-01  2.101438559e+00
14 3  9.769216142e-01  4.666666667e+00  2.181104685e-01  5.093050304e-01  1.250162575e+07  2.602998903e-02  3.202169254e+06  7.301260770e+01  9.379214007e-01  9.236365869e-03  3.892498201e-02  1.695419516e-02 -2.087124876e+01 -7.698800647e+00  7.262205880e-03  2.257397134e-03  2.765578815e+00  9.998690478e-01  1.988646937e+00
