11  2.337836166e-07
4 3  3.687422023e-01  1.333333333e+00  7.328683779e-01  5.064808219e-01  2.980084667e+08 -4.584370749e-02  3.154332976e+06  2.747784581e+02  1.395915665e+00  1.577194703e-03 -2.811342222e-02 -4.330102332e-02 -6.064910465e+00 -5.683500187e+00  7.766969504e-03  2.032544355e-03  9.960818522e-01  1.008782106e+00  2.662594256e+00
5 3  4.814717667e-01  1.666666667e+00  6.512389109e-01  5.064808219e-01  2.284984758e+08 -3.698240053e-02  3.154332976e+06  1.891965161e+02  1.299292374e+00  1.604201713e-03 -2.278140987e-02 -3.392463540e-02 -4.050964515e+00 -4.937231147e+00  7.869751662e-03  2.032911192e-03  1.041377760e+00  1.006353167e+00  2.774572039e+00
6 3  5.727096441e-01  2.000000000e+00  6.067751451e-01  5.064808219e-01  1.967710601e+08 -2.689660855e-02  3.154332976e+06  1.492387274e+02  1.340249670e+00  1.869716583e-03 -1.629753502e-02 -2.499133817e-02 -2.835922657e+00 -4.136145335e+00  8.170376220e-03  2.126908755e-03  1.110791166e+00  1.004428871e+00  2.745030664e+00
7 3  6.556495870e-01  2.333333333e+00  5.776826831e-01  5.064808219e-01  1.808740653e+08 -2.141102666e-02  3.154332976e+06  1.259224724e+02  1.410691048e+00  2.224777922e-03 -1.364443043e-02 -2.083111471e-02 -2.095402305e+00 -3.565971031e+00  8.540202473e-03  2.242131235e-03  1.183625497e+00  1.002727610e+00  2.689066188e+00
8 3  7.327163609e-01  2.666666667e+00  5.576195906e-01  5.064808219e-01  1.718327401e+08 -1.707521433e-02  3.154332976e+06  1.114284336e+02  1.462617720e+00  2.489003347e-03 -1.163001316e-02 -1.764570043e-02 -1.540263804e+00 -3.071882774e+00  8.837494538e-03  2.333283485e-03  1.258183896e+00  1.001243903e+00  2.625612029e+00
9 3  8.009911558e-01  3.000000000e+00  5.453219223e-01  5.064808219e-01  1.549484171e+08 -1.456969198e-02  3.154332976e+06  9.800138925e+01  1.438545886e+00  2.445781841e-03 -9.463053502e-03 -1.445585573e-02 -8.803153172e-01 -2.666348769e+00  8.798010579e-03  2.332394431e-03  1.348927797e+00  1.000105324e+00  2.548447654e+00
10 3  8.533981687e-01  3.333333333e+00  5.444245102e-01  5.064808219e-01  1.307299485e+08 -9.457606109e-03  3.154332976e+06  8.418719064e+01  1.310192371e+00  1.908441089e-03 -6.784347002e-03 -1.058816832e-02  1.138481704e+00 -2.598970291e+00  8.284711496e-03  2.195690061e-03  1.469817676e+00  9.993874634e-01  2.441914033e+00
11 3  8.909301273e-01  3.666666667e+00  5.569733197e-01  5.064808219e-01  1.148079850e+08 -1.393953073e-03  3.154332976e+06  7.197788753e+01  1.220120751e+00  2.104346704e-03  2.081395387e-03 -3.453916257e-03  2.541465152e+00 -3.838188821e+00  7.920068144e-03  2.087149953e-03  1.650678079e+00  9.989868442e-01  2.316623704e+00
12 3  9.269025819e-01  4.000000000e+00  5.236207417e-01  5.064808219e-01  1.159338003e+08 -2.346165116e-03  3.154332976e+06  6.333088467e+01  1.574697263e+00  1.091944752e-02  4.910976865e-02  1.170686680e-02 -2.638018382e+01 -1.249559861e+01  9.595783355e-03  2.532013653e-03  1.859377484e+00  9.989781195e-01  2.209294384e+00
13 3  9.630077225e-01  4.333333333e+00  2.996946496e-01  5.064808219e-01  2.841930818e+07  2.029257497e-02  3.154332976e+06  6.878189181e+01  1.127457520e+00  1.200163362e-02  6.064254347e-02  1.954130973e-02 -3.519983266e+01 -1.432694254e+01  8.125786829e-03  2.346180554e-03  2.141207323e+00  9.996904867e-01  2.120297218e+00
14 3  9.793841387e-01  4.666666667e+00  2.352971631e-01  5.064808219e-01  1.256157869e+07  2.454250457e-02  3.154332976e+06  7.261551431e+01  9.065819189e-01  8.841252102e-03  3.641142064e-02  1.485253319e-02 -2.134229852e+01 -7.670041131e+00  7.140120598e-03  2.217180903e-03  2.882064432e+00  9.998604868e-01  2.002669130e+00
