11  2.277601556e-07
4 3  3.692537560e-01  1.333333333e+00  7.695330787e-01  5.070365073e-01  3.114257552e+08 -4.481892064e-02  3.244862573e+06  2.876628922e+02  1.402531023e+00  1.540788553e-03 -2.873577662e-02 -4.293930189e-02 -5.259291304e+00 -5.770126199e+00  7.771316887e-03  2.036403472e-03  9.953215800e-01  1.008875938e+00  2.661505604e+00
5 3  4.833100297e-01  1.666666667e+00  6.917958313e-01  5.070365073e-01  2.392052566e+08 -3.649455709e-02  3.244862573e+06  1.968264778e+02  1.305137286e+00  1.584939301e-03 -2.331487232e-02 -3.380233144e-02 -3.711627289e+00 -4.903459707e+00  7.879847228e-03  2.038190752e-03  1.040346052e+00  1.006190709e+00  2.779462359e+00
6 3  5.756545646e-01  2.000000000e+00  6.472075106e-01  5.070365073e-01  2.071616390e+08 -2.651137807e-02  3.244862573e+06  1.560820635e+02  1.344268787e+00  1.846385155e-03 -1.654796038e-02 -2.478214826e-02 -2.721959610e+00 -4.063305239e+00  8.170146995e-03  2.130463631e-03  1.109790150e+00  1.004170564e+00  2.753232449e+00
7 3  6.590515618e-01  2.333333333e+00  6.168443379e-01  5.070365073e-01  1.907814676e+08 -2.135511083e-02  3.244862573e+06  1.312905712e+02  1.405617417e+00  2.160646114e-03 -1.395014401e-02 -2.079135655e-02 -2.108097497e+00 -3.471661551e+00  8.509296578e-03  2.234267900e-03  1.183904143e+00  1.002465138e+00  2.697213488e+00
8 3  7.351544704e-01  2.666666667e+00  5.951603644e-01  5.070365073e-01  1.813139620e+08 -1.744760617e-02  3.244862573e+06  1.150964187e+02  1.443813614e+00  2.359610961e-03 -1.203421988e-02 -1.783700766e-02 -1.650518410e+00 -2.989033658e+00  8.759519573e-03  2.305999128e-03  1.261915584e+00  1.001050151e+00  2.628870189e+00
9 3  8.017603406e-01  3.000000000e+00  5.809797170e-01  5.070365073e-01  1.652385838e+08 -1.460836977e-02  3.244862573e+06  1.011845202e+02  1.422389157e+00  2.322249017e-03 -9.465900940e-03 -1.439699300e-02 -1.063085656e+00 -2.629221001e+00  8.718639949e-03  2.302294410e-03  1.356300651e+00  9.999849206e-01  2.545776084e+00
10 3  8.536674504e-01  3.333333333e+00  5.784697490e-01  5.070365073e-01  1.416241158e+08 -9.106596800e-03  3.244862573e+06  8.763868322e+01  1.312109758e+00  1.930978813e-03 -6.018877276e-03 -1.011731888e-02  9.286825334e-01 -2.771116767e+00  8.261872529e-03  2.184185515e-03  1.478347114e+00  9.992726150e-01  2.437796218e+00
11 3  8.912062309e-01  3.666666667e+00  5.898067651e-01  5.070365073e-01  1.223582513e+08 -2.196843193e-03  3.244862573e+06  7.542294459e+01  1.221978883e+00  2.446149368e-03  4.027404221e-03 -3.651189030e-03  1.667577871e+00 -4.864280799e+00  7.882046007e-03  2.080310589e-03  1.661780546e+00  9.988960607e-01  2.312759749e+00
12 3  9.291598961e-01  4.000000000e+00  5.276403796e-01  5.070365073e-01  1.155955627e+08 -4.550179365e-03  3.244862573e+06  6.655962501e+01  1.647110201e+00  1.363404597e-02  5.625732620e-02  1.282332446e-02 -3.289429450e+01 -1.461458033e+01  9.880738590e-03  2.634726146e-03  1.856065843e+00  9.990371538e-01  2.210627362e+00
13 3  9.634023842e-01  4.333333333e+00  3.110643283e-01  5.070365073e-01  2.745624226e+07  2.117392487e-02  3.244862573e+06  7.161235224e+01  1.110696233e+00  1.167449229e-02  5.630036992e-02  1.938170915e-02 -3.353589011e+01 -1.324659324e+01  8.074210231e-03  2.344967653e-03  2.174892010e+00  9.997002597e-01  2.117185252e+00
14 3  9.794808086e-01  4.666666667e+00  2.451864331e-01  5.070365073e-01  1.257607131e+07  2.452580583e-02  3.244862573e+06  7.515045991e+01  9.005049067e-01  8.670098924e-03  3.515942980e-02  1.502597547e-02 -2.156002233e+01 -7.249855641e+00  7.142675818e-03  2.216409103e-03  2.944715810e+00  9.998698907e-01  1.999107170e+00
