11  2.173617084e-07
4 3  3.687324888e-01  1.333333333e+00  8.481177732e-01  5.068717738e-01  3.386461083e+08 -4.297237406e-02  3.397885767e+06  3.110421233e+02  1.414592530e+00  1.449049971e-03 -3.016593923e-02 -4.241709735e-02 -3.710956476e+00 -5.825050737e+00  7.748528444e-03  2.038016645e-03  9.912265785e-01  1.009322024e+00  2.633335930e+00
5 3  4.878239022e-01  1.666666667e+00  7.800235696e-01  5.068717738e-01  2.646328649e+08 -3.547987787e-02  3.397885767e+06  2.065859924e+02  1.337253645e+00  1.627241044e-03 -2.392995855e-02 -3.347079588e-02 -3.103758160e+00 -5.000736749e+00  8.004815207e-03  2.070686487e-03  1.035811401e+00  1.006062596e+00  2.778069942e+00
6 3  5.850217419e-01  2.000000000e+00  7.341573414e-01  5.068717738e-01  2.230767361e+08 -2.607486514e-02  3.397885767e+06  1.637701236e+02  1.357192848e+00  1.909524507e-03 -1.678903459e-02 -2.447421643e-02 -2.584414463e+00 -4.128181302e+00  8.236752918e-03  2.151425204e-03  1.106081428e+00  1.003856315e+00  2.770240111e+00
7 3  6.692609188e-01  2.333333333e+00  7.004357632e-01  5.068717738e-01  1.991948260e+08 -2.022317652e-02  3.397885767e+06  1.369081131e+02  1.383718840e+00  2.154035108e-03 -1.307687710e-02 -1.960115451e-02 -2.239871595e+00 -3.496973411e+00  8.437494710e-03  2.218663965e-03  1.185928676e+00  1.002203693e+00  2.711930312e+00
8 3  7.428207357e-01  2.666666667e+00  6.744905011e-01  5.068717738e-01  1.887134791e+08 -1.554036342e-02  3.397885767e+06  1.195746985e+02  1.404787511e+00  2.306434186e-03 -1.003303079e-02 -1.577729739e-02 -1.996731027e+00 -3.028822275e+00  8.615273623e-03  2.266635043e-03  1.273097104e+00  1.000927198e+00  2.630398955e+00
9 3  8.070521753e-01  3.000000000e+00  6.542137567e-01  5.068717738e-01  1.752283534e+08 -1.301993972e-02  3.397885767e+06  1.051070062e+02  1.405121266e+00  2.378023221e-03 -7.137800297e-03 -1.230821622e-02 -1.809276491e+00 -2.657599889e+00  8.655463740e-03  2.281642521e-03  1.375521642e+00  9.999513646e-01  2.537833243e+00
10 3  8.586459679e-01  3.333333333e+00  6.388498696e-01  5.068717738e-01  1.517092671e+08 -8.937714173e-03  3.397885767e+06  9.219094934e+01  1.313334396e+00  2.206021544e-03 -2.573023392e-03 -7.761617021e-03 -1.760707775e+00 -2.587486979e+00  8.259137573e-03  2.181811457e-03  1.504431125e+00  9.992894543e-01  2.428457686e+00
11 3  8.969087045e-01  3.666666667e+00  6.275275577e-01  5.068717738e-01  1.295729847e+08 -3.607686911e-03  3.397885767e+06  8.121221759e+01  1.212212944e+00  2.510789329e-03  6.407277607e-03 -2.102583060e-03 -2.034428713e+00 -4.340547891e+00  7.800547259e-03  2.061865684e-03  1.695953246e+00  9.989413517e-01  2.305263885e+00
12 3  9.339095334e-01  4.000000000e+00  5.501618613e-01  5.068717738e-01  1.329207989e+08 -1.279801519e-02  3.397885767e+06  7.315366521e+01  1.793306540e+00  1.789993822e-02  6.634744732e-02  1.156232831e-02 -4.629802525e+01 -1.766459446e+01  1.034174925e-02  2.779172686e-03  1.915017333e+00  9.990853103e-01  2.200651325e+00
13 3  9.683112033e-01  4.333333333e+00  2.969253295e-01  5.068717738e-01  2.210170166e+07  2.960720157e-02  3.397885767e+06  8.177253404e+01  1.049133803e+00  1.077590623e-02  5.113938279e-02  2.179584818e-02 -2.074045905e+01 -1.244686833e+01  7.705377463e-03  2.325981404e-03  2.289646267e+00  9.997839013e-01  2.107671122e+00
14 3  9.824764127e-01  4.666666667e+00  2.580071537e-01  5.068717738e-01  1.065542141e+07  2.754000728e-02  3.397885767e+06  8.271069079e+01  8.378223399e-01  7.589783094e-03  3.272302240e-02  1.713884795e-02 -1.353198091e+01 -6.494033797e+00  6.726429789e-03  2.159027763e-03  3.238580766e+00  9.998887053e-01  1.985961665e+00
