11  2.175718328e-07
4 3  3.744338132e-01  1.333333333e+00  8.100403755e-01  5.028897935e-01  3.352085146e+08 -3.725849920e-02  3.341477731e+06  2.909591385e+02  1.384207072e+00  1.442846449e-03 -2.237435447e-02 -3.600523969e-02 -4.162155347e+00 -6.386808038e+00  7.786525799e-03  2.012792987e-03  9.921671853e-01  1.010187601e+00  2.639262842e+00
5 3  4.917732725e-01  1.666666667e+00  7.396225436e-01  5.028897935e-01  2.553872836e+08 -2.911145722e-02  3.341477731e+06  1.968026350e+02  1.328013713e+00  1.649816598e-03 -1.673230623e-02 -2.687057821e-02 -3.168930977e+00 -5.303006470e+00  8.057315571e-03  2.064409657e-03  1.039984348e+00  1.007204138e+00  2.764890641e+00
6 3  5.892398712e-01  2.000000000e+00  6.950600226e-01  5.028897935e-01  2.136433987e+08 -2.164288397e-02  3.341477731e+06  1.563054362e+02  1.358929974e+00  1.962949624e-03 -1.227780484e-02 -2.022562012e-02 -2.470456023e+00 -4.319211402e+00  8.337283219e-03  2.159728331e-03  1.111375072e+00  1.004882979e+00  2.754367630e+00
7 3  6.751967369e-01  2.333333333e+00  6.635840826e-01  5.028897935e-01  1.901024878e+08 -1.654482822e-02  3.341477731e+06  1.309212925e+02  1.399482940e+00  2.273393481e-03 -9.518681125e-03 -1.614291020e-02 -2.033312595e+00 -3.640168427e+00  8.610648119e-03  2.247806916e-03  1.189958056e+00  1.002986548e+00  2.700181410e+00
8 3  7.522287058e-01  2.666666667e+00  6.400295443e-01  5.028897935e-01  1.783583991e+08 -1.241580890e-02  3.341477731e+06  1.156942626e+02  1.435656107e+00  2.509493745e-03 -6.956765868e-03 -1.262790068e-02 -1.713611777e+00 -3.107563996e+00  8.845172282e-03  2.320813745e-03  1.274673475e+00  1.001432147e+00  2.628130850e+00
9 3  8.197381015e-01  3.000000000e+00  6.225883273e-01  5.028897935e-01  1.608431044e+08 -1.058367726e-02  3.341477731e+06  1.027229850e+02  1.419877115e+00  2.536939673e-03 -5.170195650e-03 -1.009308696e-02 -1.457067791e+00 -2.659051286e+00  8.807645143e-03  2.325699743e-03  1.380514120e+00  1.000259041e+00  2.542790837e+00
10 3  8.720301292e-01  3.333333333e+00  6.105720590e-01  5.028897935e-01  1.351907942e+08 -7.382168501e-03  3.341477731e+06  9.019185478e+01  1.289051771e+00  2.187186667e-03 -1.881543198e-03 -6.631971214e-03 -1.364802032e+00 -2.485701677e+00  8.254001983e-03  2.182808272e-03  1.528503391e+00  9.995224871e-01  2.432705851e+00
11 3  9.083926732e-01  3.666666667e+00  6.026022620e-01  5.028897935e-01  1.156512133e+08 -8.019024272e-04  3.341477731e+06  7.919501876e+01  1.156031491e+00  1.953237218e-03  5.243047404e-03 -4.126751437e-04 -1.432156883e+00 -2.868282009e+00  7.673816183e-03  2.016465115e-03  1.759368366e+00  9.991332680e-01  2.302872520e+00
12 3  9.366698897e-01  4.000000000e+00  5.847175906e-01  5.028897935e-01  1.163844871e+08  5.905268469e-03  3.341477731e+06  7.157469951e+01  1.288788596e+00  5.858619357e-03  3.760876051e-02  8.571584667e-03 -1.354138369e+01 -1.213054261e+01  8.334193774e-03  2.176425745e-03  2.106653439e+00  9.989763927e-01  2.176336666e+00
13 3  9.747278272e-01  4.333333333e+00  2.530478558e-01  5.028897935e-01  1.898411737e+07  3.162546273e-02  3.341477731e+06  8.578941444e+01  1.063807384e+00  1.347616227e-02  5.888458535e-02  2.000866792e-02 -3.522850875e+01 -1.478041492e+01  7.787437061e-03  2.385557597e-03  2.441660234e+00  9.997959614e-01  2.092266159e+00
14 3  9.876560021e-01  4.666666667e+00  2.087675972e-01  5.028897935e-01  7.410382070e+06  2.717337057e-02  3.341477731e+06  8.833118261e+01  7.633475884e-01  7.006193356e-03  3.123521297e-02  1.582291096e-02 -1.302593069e+01 -6.354991805e+00  6.288866966e-03  2.083365200e-03  3.597602973e+00  9.999120439e-01  1.968815461e+00
