11  2.171005773e-07
4 3  3.759860834e-01  1.333333333e+00  8.151844897e-01  5.044825401e-01  3.274277158e+08 -3.705695321e-02  3.369976717e+06  2.922081299e+02  1.377657479e+00  1.467771188e-03 -2.210212808e-02 -3.577361182e-02 -3.995153986e+00 -6.633644839e+00  7.772991327e-03  2.014573950e-03  9.913057122e-01  1.010360708e+00  2.644544744e+00
5 3  4.922462758e-01  1.666666667e+00  7.470257930e-01  5.044825401e-01  2.474669647e+08 -2.903910264e-02  3.369976717e+06  1.960689856e+02  1.318924105e+00  1.652365864e-03 -1.703187372e-02 -2.692786433e-02 -3.065182477e+00 -5.262841345e+00  8.031826654e-03  2.062674545e-03  1.040445729e+00  1.007364353e+00  2.761605922e+00
6 3  5.885612928e-01  2.000000000e+00  7.036513721e-01  5.044825401e-01  2.088949263e+08 -2.122464028e-02  3.369976717e+06  1.551227096e+02  1.353381419e+00  1.953144448e-03 -1.217776106e-02 -1.985057543e-02 -2.412877404e+00 -4.194299741e+00  8.327213392e-03  2.159338354e-03  1.112609986e+00  1.005028737e+00  2.745248217e+00
7 3  6.742054168e-01  2.333333333e+00  6.724665175e-01  5.044825401e-01  1.879147833e+08 -1.635077437e-02  3.369976717e+06  1.302415961e+02  1.401378808e+00  2.267538794e-03 -9.553431265e-03 -1.590346760e-02 -2.001779919e+00 -3.490458478e+00  8.623515332e-03  2.253657468e-03  1.190978789e+00  1.003088677e+00  2.690272161e+00
8 3  7.513244853e-01  2.666666667e+00  6.488608045e-01  5.044825401e-01  1.768705696e+08 -1.232851151e-02  3.369976717e+06  1.152138762e+02  1.435427168e+00  2.477516603e-03 -7.097756522e-03 -1.250460461e-02 -1.696829254e+00 -2.953967310e+00  8.841920414e-03  2.322590631e-03  1.275541862e+00  1.001495814e+00  2.619083748e+00
9 3  8.184114282e-01  3.000000000e+00  6.313734489e-01  5.044825401e-01  1.600450994e+08 -1.034625865e-02  3.369976717e+06  1.021153323e+02  1.410574284e+00  2.459152892e-03 -5.170497066e-03 -9.894753998e-03 -1.465156472e+00 -2.535943134e+00  8.770029546e-03  2.314619533e-03  1.381400210e+00  1.000308530e+00  2.532945467e+00
10 3  8.698935095e-01  3.333333333e+00  6.192390929e-01  5.044825401e-01  1.363301942e+08 -7.098801176e-03  3.369976717e+06  8.947660987e+01  1.285210903e+00  2.122268902e-03 -1.834712169e-03 -6.421288232e-03 -1.378141665e+00 -2.382213241e+00  8.243098646e-03  2.174750910e-03  1.527035045e+00  9.995589811e-01  2.421236476e+00
11 3  9.063227223e-01  3.666666667e+00  6.111389782e-01  5.044825401e-01  1.182105684e+08 -3.547671204e-04  3.369976717e+06  7.857908016e+01  1.170869930e+00  2.214331473e-03  6.860765689e-03 -9.326742240e-05 -1.438713782e+00 -3.647033870e+00  7.751491394e-03  2.031596724e-03  1.753681074e+00  9.991499101e-01  2.292363731e+00
12 3  9.394063292e-01  4.000000000e+00  5.653329778e-01  5.044825401e-01  1.247998895e+08 -2.971222050e-03  3.369976717e+06  7.186754854e+01  1.593242856e+00  1.312926972e-02  5.954740002e-02  1.025875697e-02 -3.492951977e+01 -1.789192083e+01  9.694493503e-03  2.561101171e-03  2.042074011e+00  9.990886564e-01  2.177905119e+00
13 3  9.744560686e-01  4.333333333e+00  2.462554930e-01  5.044825401e-01  1.611013716e+07  2.963434541e-02  3.369976717e+06  8.643104171e+01  1.005098594e+00  1.149820850e-02  4.983048959e-02  1.979722701e-02 -2.632756633e+01 -1.186986103e+01  7.506994757e-03  2.332072188e-03  2.474494114e+00  9.998393602e-01  2.086948988e+00
14 3  9.868677865e-01  4.666666667e+00  2.091612768e-01  5.044825401e-01  7.364291031e+06  2.704214851e-02  3.369976717e+06  8.841946190e+01  7.619815142e-01  6.727122570e-03  3.056501241e-02  1.624168452e-02 -1.299306627e+01 -5.814093102e+00  6.268936246e-03  2.079786643e-03  3.655425614e+00  9.999213208e-01  1.962725016e+00
