11  2.166373848e-07
4 3  3.886726220e-01  1.333333333e+00  7.932926613e-01  5.047390379e-01  3.263129188e+08 -3.696055667e-02  3.380617111e+06  3.113908094e+02  1.386813765e+00  1.481816989e-03 -2.342238739e-02 -3.561407836e-02 -3.998876553e+00 -5.861710895e+00  7.926273074e-03  2.057783235e-03  9.913989656e-01  1.011840832e+00  2.667227917e+00
5 3  5.086171962e-01  1.666666667e+00  7.241507781e-01  5.047390379e-01  2.455920098e+08 -2.642701588e-02  3.380617111e+06  2.104433816e+02  1.310379392e+00  1.640311044e-03 -1.535877487e-02 -2.453601536e-02 -2.857580152e+00 -5.047777001e+00  8.110705681e-03  2.086100418e-03  1.043096636e+00  1.008019113e+00  2.781722288e+00
6 3  6.063785753e-01  2.000000000e+00  6.835509903e-01  5.047390379e-01  2.058271639e+08 -1.975283351e-02  3.380617111e+06  1.695870115e+02  1.341987476e+00  1.957897983e-03 -1.128662088e-02 -1.858047380e-02 -2.131306428e+00 -4.207026192e+00  8.354923978e-03  2.180332521e-03  1.118687709e+00  1.005320965e+00  2.756267129e+00
7 3  6.931523208e-01  2.333333333e+00  6.559171616e-01  5.047390379e-01  1.830561348e+08 -1.481161089e-02  3.380617111e+06  1.399019956e+02  1.390052908e+00  2.310103567e-03 -8.568525142e-03 -1.467282848e-02 -1.676443736e+00 -3.585894488e+00  8.675716590e-03  2.278396557e-03  1.200726250e+00  1.003193654e+00  2.694879720e+00
8 3  7.707004403e-01  2.666666667e+00  6.362803822e-01  5.047390379e-01  1.680097420e+08 -9.748610170e-03  3.380617111e+06  1.194677447e+02  1.415132535e+00  2.528282601e-03 -4.588390984e-03 -9.776390578e-03 -1.338572882e+00 -3.053052878e+00  8.910604256e-03  2.341467069e-03  1.292231006e+00  1.001516519e+00  2.617445849e+00
9 3  8.360689835e-01  3.000000000e+00  6.228654591e-01  5.047390379e-01  1.453347373e+08 -7.341963371e-03  3.380617111e+06  1.036387990e+02  1.352791288e+00  2.431869662e-03 -2.333363445e-03 -6.991739522e-03 -1.128193085e+00 -2.699248203e+00  8.692147677e-03  2.291238802e-03  1.411319414e+00  1.000322133e+00  2.520945455e+00
10 3  8.835970851e-01  3.333333333e+00  6.141695451e-01  5.047390379e-01  1.211805237e+08 -3.766448339e-03  3.380617111e+06  9.055686159e+01  1.217379657e+00  2.081780831e-03  1.502522791e-03 -3.163086353e-03 -1.070616155e+00 -2.601709381e+00  8.083407520e-03  2.132799112e-03  1.583162973e+00  9.996098124e-01  2.396121045e+00
11 3  9.180735104e-01  3.666666667e+00  6.046666665e-01  5.047390379e-01  1.121495488e+08  3.342785097e-03  3.380617111e+06  7.905427641e+01  1.209710480e+00  3.194969376e-03  1.558013968e-02  5.068606906e-03 -4.392697198e+00 -4.908164651e+00  8.082311396e-03  2.115325940e-03  1.853700832e+00  9.992357725e-01  2.262438139e+00
12 3  9.592398657e-01  4.000000000e+00  3.576659162e-01  5.047390379e-01  5.690249029e+07  1.529760209e-02  3.380617111e+06  8.353807930e+01  1.306897189e+00  1.422342151e-02  8.526136303e-02  2.007324978e-02 -5.357328409e+01 -2.252447697e+01  9.046486549e-03  2.452447807e-03  2.099271046e+00  9.996371387e-01  2.167765622e+00
13 3  9.802874181e-01  4.333333333e+00  2.398634798e-01  5.047390379e-01  1.447584570e+07  2.394430433e-02  3.380617111e+06  9.280561174e+01  8.802834705e-01  8.444501586e-03  3.980910591e-02  1.430623521e-02 -1.705579746e+01 -1.123920659e+01  7.173463788e-03  2.182341804e-03  2.861380890e+00  9.998925487e-01  2.045442976e+00
14 3  9.901719152e-01  4.666666667e+00  2.185118691e-01  5.047390379e-01  7.246661072e+06  1.824074201e-02  3.380617111e+06  9.124428701e+01  6.796166620e-01  5.384039148e-03  2.361515203e-02  9.006563562e-03 -1.068306112e+01 -6.322871719e+00  6.041809520e-03  1.944293001e-03  4.425426972e+00  9.999361593e-01  1.918575128e+00
