11  2.151730549e-07
4 3  3.957094977e-01  1.333333333e+00  7.967641951e-01  5.048273979e-01  3.272084478e+08 -3.567814411e-02  3.404815210e+06  3.148505017e+02  1.397962535e+00  1.555244809e-03 -2.209855643e-02 -3.417693081e-02 -3.962522748e+00 -5.992466719e+00  8.059461756e-03  2.087651424e-03  9.944962220e-01  1.012304366e+00  2.694615832e+00
5 3  5.181715347e-01  1.666666667e+00  7.238723230e-01  5.048273979e-01  2.357360479e+08 -2.564069282e-02  3.404815210e+06  2.151989662e+02  1.302454362e+00  1.695146675e-03 -1.460351084e-02 -2.358341922e-02 -2.947569490e+00 -5.004740268e+00  8.140170248e-03  2.100879460e-03  1.046711148e+00  1.007997878e+00  2.810816081e+00
6 3  6.155578763e-01  2.000000000e+00  6.804606727e-01  5.048273979e-01  1.948299015e+08 -1.938614682e-02  3.404815210e+06  1.719316017e+02  1.321883876e+00  1.975450762e-03 -1.102372020e-02 -1.813728498e-02 -2.283348856e+00 -4.093549351e+00  8.337522015e-03  2.180529419e-03  1.125304390e+00  1.005267716e+00  2.775036132e+00
7 3  7.003804773e-01  2.333333333e+00  6.502609122e-01  5.048273979e-01  1.737606941e+08 -1.403555211e-02  3.404815210e+06  1.409783120e+02  1.364425438e+00  2.289612745e-03 -7.819856973e-03 -1.381312761e-02 -1.878279005e+00 -3.465977600e+00  8.639841221e-03  2.268276903e-03  1.212095977e+00  1.003282729e+00  2.701024928e+00
8 3  7.761227061e-01  2.666666667e+00  6.277980387e-01  5.048273979e-01  1.607211913e+08 -9.193964962e-03  3.404815210e+06  1.207674352e+02  1.396479196e+00  2.516253992e-03 -3.877963372e-03 -9.017942973e-03 -1.573692055e+00 -2.948972452e+00  8.886212617e-03  2.334866280e-03  1.308394541e+00  1.001713449e+00  2.614888478e+00
9 3  8.399787116e-01  3.000000000e+00  6.116362904e-01  5.048273979e-01  1.390061828e+08 -6.651200603e-03  3.404815210e+06  1.056845793e+02  1.330625211e+00  2.396612168e-03 -1.499499146e-03 -6.171705429e-03 -1.383545191e+00 -2.625177514e+00  8.625116595e-03  2.276518014e-03  1.430868407e+00  1.000522369e+00  2.512591215e+00
10 3  8.865102402e-01  3.333333333e+00  6.021294362e-01  5.048273979e-01  1.179972413e+08 -2.751966914e-03  3.404815210e+06  9.290432646e+01  1.207922787e+00  1.954352673e-03  1.653848184e-03 -2.532247049e-03 -8.327396394e-01 -2.387460152e+00  8.056418139e-03  2.128459239e-03  1.609404446e+00  9.997368668e-01  2.384727328e+00
11 3  9.229787142e-01  3.666666667e+00  5.861185522e-01  5.048273979e-01  1.187245977e+08  3.829408857e-05  3.404815210e+06  8.181014548e+01  1.323968199e+00  5.070823755e-03  2.322879489e-02  5.493941276e-03 -1.128551510e+01 -7.031447187e+00  8.618687244e-03  2.261649335e-03  1.872746770e+00  9.992884288e-01  2.256104040e+00
12 3  9.645853226e-01  4.000000000e+00  3.154733382e-01  5.048273979e-01  3.102904593e+07  2.103229408e-02  3.404815210e+06  8.847957404e+01  1.120701744e+00  1.225139888e-02  6.181191829e-02  1.786607773e-02 -3.183375294e+01 -1.843131080e+01  8.182658645e-03  2.360627560e-03  2.171314516e+00  9.997770714e-01  2.162379125e+00
13 3  9.820168910e-01  4.333333333e+00  2.463039206e-01  5.048273979e-01  1.106331810e+07  2.291581255e-02  3.404815210e+06  9.308332091e+01  8.376447440e-01  8.130664716e-03  3.189524455e-02  1.294335431e-02 -1.697470208e+01 -8.171743999e+00  6.854873500e-03  2.175680748e-03  3.081996283e+00  9.999111113e-01  2.032386326e+00
14 3  9.910423539e-01  4.666666667e+00  2.233315781e-01  5.048273979e-01  6.095884639e+06  1.906573054e-02  3.404815210e+06  9.137395080e+01  6.546606477e-01  5.145895942e-03  2.100245740e-02  8.671669316e-03 -1.319009490e+01 -5.021524935e+00  5.798969423e-03  1.921354868e-03  4.847653974e+00  9.999522669e-01  1.904639177e+00
