11  2.159874768e-07
4 3  4.117724644e-01  1.333333333e+00  7.639436317e-01  5.040498130e-01  3.118920910e+08 -3.233559851e-02  3.381535441e+06  3.118264860e+02  1.388377932e+00  1.666730352e-03 -1.811722152e-02 -3.037131063e-02 -4.221688561e+00 -6.242590045e+00  8.215730338e-03  2.118777216e-03  9.951581680e-01  1.014079152e+00  2.720656283e+00
5 3  5.385708353e-01  1.666666667e+00  6.851597304e-01  5.040498130e-01  2.184725236e+08 -2.300874469e-02  3.381535441e+06  2.194960921e+02  1.299431820e+00  1.811295943e-03 -1.237710493e-02 -2.096499663e-02 -3.063796553e+00 -4.859972444e+00  8.288990776e-03  2.144523619e-03  1.052407242e+00  1.008886674e+00  2.832172665e+00
6 3  6.387657331e-01  2.000000000e+00  6.392500527e-01  5.040498130e-01  1.782995186e+08 -1.744485405e-02  3.381535441e+06  1.725875038e+02  1.310251971e+00  2.058179169e-03 -9.619054315e-03 -1.624997407e-02 -2.354065647e+00 -3.854348305e+00  8.494189149e-03  2.217736460e-03  1.135810075e+00  1.005776647e+00  2.790592488e+00
7 3  7.248815802e-01  2.333333333e+00  6.079670296e-01  5.040498130e-01  1.597480390e+08 -1.112395701e-02  3.381535441e+06  1.427497765e+02  1.348612881e+00  2.329117468e-03 -5.555031659e-03 -1.104525195e-02 -1.918940138e+00 -3.193404727e+00  8.787281623e-03  2.300981024e-03  1.228542878e+00  1.003498888e+00  2.708260484e+00
8 3  8.004515457e-01  2.666666667e+00  5.853889799e-01  5.040498130e-01  1.455896155e+08 -8.242100546e-03  3.381535441e+06  1.244478175e+02  1.358064636e+00  2.435983265e-03 -3.325604108e-03 -7.966902821e-03 -1.586931853e+00 -2.666528370e+00  8.889074235e-03  2.338319866e-03  1.338398616e+00  1.001660995e+00  2.611982944e+00
9 3  8.611507313e-01  3.000000000e+00  5.702749015e-01  5.040498130e-01  1.245759184e+08 -4.476878336e-03  3.381535441e+06  1.086316254e+02  1.262038483e+00  2.153306462e-03  1.464424565e-04 -4.049832283e-03 -1.287410815e+00 -2.381940995e+00  8.472651164e-03  2.233426429e-03  1.493021804e+00  1.000439614e+00  2.494778879e+00
10 3  9.029456781e-01  3.333333333e+00  5.652516194e-01  5.040498130e-01  1.061635041e+08  5.560048906e-04  3.381535441e+06  9.369075918e+01  1.125651820e+00  1.546788346e-03  2.972358710e-03 -3.017304808e-04  4.627707337e-01 -2.292732827e+00  7.861349681e-03  2.055672118e-03  1.735724833e+00  9.998213563e-01  2.352819149e+00
11 3  9.343003474e-01  3.666666667e+00  5.660003799e-01  5.040498130e-01  1.005743868e+08  3.036390923e-03  3.381535441e+06  8.193238730e+01  1.103425795e+00  2.983485075e-03  1.659767466e-02  3.790731570e-03 -6.138452519e+00 -5.748119425e+00  7.841684818e-03  2.015059584e-03  2.113324003e+00  9.994665429e-01  2.212415026e+00
12 3  9.722381648e-01  4.000000000e+00  2.958926419e-01  5.040498130e-01  3.098012095e+07  1.936552343e-02  3.381535441e+06  9.054604569e+01  1.121948286e+00  1.330036372e-02  6.715579494e-02  1.324150539e-02 -3.732195747e+01 -2.249486362e+01  8.322276268e-03  2.367291702e-03  2.491604321e+00  9.997617577e-01  2.111020511e+00
13 3  9.871949137e-01  4.333333333e+00  2.367516791e-01  5.040498130e-01  8.671755788e+06  1.906482655e-02  3.381535441e+06  9.490815047e+01  7.322200956e-01  7.211176674e-03  3.138384233e-02  9.758207894e-03 -1.553718450e+01 -9.893607256e+00  6.298653299e-03  2.020766576e-03  3.814347539e+00  9.999331900e-01  1.978951060e+00
14 3  9.937439219e-01  4.666666667e+00  2.219003245e-01  5.040498130e-01  4.725334309e+06  1.694223191e-02  3.381535441e+06  9.136359551e+01  5.526561794e-01  4.166092938e-03  2.134996509e-02  7.450929736e-03 -1.219617007e+01 -5.949998769e+00  5.167861662e-03  1.732674832e-03  6.516032959e+00  9.999797773e-01  1.849874137e+00
