11  2.236817507e-07
4 3  4.214656432e-01  1.333333333e+00  7.214274178e-01  5.086471910e-01  3.088515447e+08 -3.152304218e-02  3.325051269e+06  3.178086360e+02  1.375909689e+00  1.658375543e-03 -1.671955820e-02 -2.916531899e-02 -4.450728131e+00 -6.134166660e+00  8.243556833e-03  2.125858948e-03  9.937966981e-01  1.014777667e+00  2.704099628e+00
5 3  5.499062080e-01  1.666666667e+00  6.448365831e-01  5.086471910e-01  2.186836999e+08 -2.376660101e-02  3.325051269e+06  2.260202118e+02  1.295892657e+00  1.763405935e-03 -1.332519392e-02 -2.164504103e-02 -2.873637059e+00 -4.674440857e+00  8.325704625e-03  2.156714269e-03  1.053037109e+00  1.008963026e+00  2.806360576e+00
6 3  6.513921891e-01  2.000000000e+00  6.048399124e-01  5.086471910e-01  1.792364051e+08 -1.748493684e-02  3.325051269e+06  1.761161204e+02  1.303447734e+00  1.953705449e-03 -1.020802485e-02 -1.646072204e-02 -1.991860656e+00 -3.683698528e+00  8.511713815e-03  2.222591351e-03  1.135360717e+00  1.005420926e+00  2.760506775e+00
7 3  7.378645137e-01  2.333333333e+00  5.807551147e-01  5.086471910e-01  1.630294048e+08 -1.053259862e-02  3.325051269e+06  1.446130244e+02  1.337224968e+00  2.137845325e-03 -5.830539354e-03 -1.085661068e-02 -1.392407837e+00 -3.036865082e+00  8.786785742e-03  2.295684347e-03  1.225285976e+00  1.002967011e+00  2.673713286e+00
8 3  8.122770724e-01  2.666666667e+00  5.690683395e-01  5.086471910e-01  1.474258435e+08 -7.467842978e-03  3.325051269e+06  1.254628906e+02  1.314056476e+00  1.999811730e-03 -4.218257001e-03 -8.043740296e-03 -2.608325994e-01 -2.604009722e+00  8.716837447e-03  2.288267023e-03  1.330373661e+00  1.001141718e+00  2.570747179e+00
9 3  8.679564373e-01  3.000000000e+00  5.770591900e-01  5.086471910e-01  1.267291789e+08 -1.990385497e-03  3.325051269e+06  1.073083199e+02  1.202957101e+00  1.458074525e-03 -1.111853542e-03 -3.644145509e-03  1.833903169e+00 -2.422839461e+00  8.182190696e-03  2.154113243e-03  1.474182606e+00  9.999319053e-01  2.438795842e+00
10 3  9.116575483e-01  3.333333333e+00  5.538468432e-01  5.086471910e-01  1.224084832e+08 -6.987992515e-03  3.325051269e+06  9.077584822e+01  1.301318230e+00  4.876997733e-03  2.252807621e-02  4.130801018e-03 -1.598578764e+01 -5.885402707e+00  8.669500992e-03  2.268485038e-03  1.688200843e+00  9.992917642e-01  2.303953138e+00
11 3  9.556063488e-01  3.666666667e+00  3.216354736e-01  5.086471910e-01  3.953186541e+07  1.627331850e-02  3.325051269e+06  9.018956691e+01  1.104230924e+00  1.033396618e-02  7.000001248e-02  1.942196873e-02 -3.358896108e+01 -2.096886765e+01  8.219956639e-03  2.276384575e-03  1.992957530e+00  9.997043368e-01  2.196380192e+00
12 3  9.768710132e-01  4.000000000e+00  2.323802650e-01  5.086471910e-01  1.391825192e+07  2.629687512e-02  3.325051269e+06  1.006797912e+02  8.712510095e-01  8.234505700e-03  4.103957846e-02  1.771234945e-02 -1.877598008e+01 -1.018926906e+01  7.189558316e-03  2.207559219e-03  2.787904304e+00  9.998905167e-01  2.058533919e+00
13 3  9.883718718e-01  4.333333333e+00  2.018135890e-01  5.086471910e-01  7.120126767e+06  2.118999626e-02  3.325051269e+06  1.024164340e+02  6.865172555e-01  5.521182990e-03  2.522679193e-02  1.108190979e-02 -1.405380017e+01 -5.885371105e+00  6.134606557e-03  1.996861575e-03  4.367498529e+00  9.999468749e-01  1.922664703e+00
14 3  9.942797141e-01  4.666666667e+00  1.891402216e-01  5.086471910e-01  4.400559030e+06  1.763888875e-02  3.325051269e+06  9.768116060e+01  5.306041620e-01  3.323031198e-03  1.817312608e-02  7.088351889e-03 -1.225161522e+01 -4.297464611e+00  5.107713920e-03  1.708338807e-03  7.355428419e+00  9.999728165e-01  1.796049651e+00
