11  2.177063400e-07
4 3  4.223501527e-01  1.333333333e+00  7.590246715e-01  5.076515464e-01  3.079844855e+08 -3.049207184e-02  3.402952982e+06  3.263565591e+02  1.378721988e+00  1.681077161e-03 -1.693578839e-02 -2.859843998e-02 -4.011216048e+00 -6.171581812e+00  8.261115620e-03  2.137396152e-03  9.946260849e-01  1.014838370e+00  2.715857453e+00
5 3  5.505516228e-01  1.666666667e+00  6.838259797e-01  5.076515464e-01  2.159923276e+08 -2.258044065e-02  3.402952982e+06  2.317831129e+02  1.290807586e+00  1.778592104e-03 -1.276301397e-02 -2.058109162e-02 -2.819893272e+00 -4.539807602e+00  8.299351493e-03  2.159976757e-03  1.053708674e+00  1.008966501e+00  2.815802682e+00
6 3  6.513513690e-01  2.000000000e+00  6.414002021e-01  5.076515464e-01  1.785838437e+08 -1.712407193e-02  3.402952982e+06  1.808524756e+02  1.300128772e+00  1.970426355e-03 -1.011706578e-02 -1.604874944e-02 -2.116183264e+00 -3.520895206e+00  8.487557376e-03  2.225582651e-03  1.136501119e+00  1.005477930e+00  2.766521505e+00
7 3  7.378094559e-01  2.333333333e+00  6.137264110e-01  5.076515464e-01  1.643623535e+08 -1.118501574e-02  3.402952982e+06  1.484890762e+02  1.339514528e+00  2.158214047e-03 -6.610253739e-03 -1.138243457e-02 -1.561366687e+00 -2.873494216e+00  8.791503638e-03  2.303400364e-03  1.226596228e+00  1.003050468e+00  2.679577917e+00
8 3  8.123635583e-01  2.666666667e+00  6.007862240e-01  5.076515464e-01  1.495395443e+08 -7.180055546e-03  3.402952982e+06  1.285029410e+02  1.313276134e+00  1.931719162e-03 -4.466822356e-03 -7.871536625e-03 -6.213044279e-02 -2.454113258e+00  8.716607115e-03  2.290468079e-03  1.332354374e+00  1.001218525e+00  2.576835832e+00
9 3  8.678366855e-01  3.000000000e+00  6.153071794e-01  5.076515464e-01  1.298394819e+08 -3.185573689e-04  3.402952982e+06  1.093493723e+02  1.200695578e+00  1.204566337e-03 -1.085049537e-03 -2.753956785e-03  3.009112287e+00 -2.304345315e+00  8.180744140e-03  2.152353557e-03  1.477605385e+00  9.999777169e-01  2.443898958e+00
10 3  9.117241550e-01  3.333333333e+00  6.008923135e-01  5.076515464e-01  1.283703115e+08 -5.370428245e-03  3.402952982e+06  9.249034914e+01  1.310552092e+00  4.829343904e-03  2.095050316e-02  4.151968862e-03 -1.485022561e+01 -5.740470888e+00  8.719421344e-03  2.279172895e-03  1.691626764e+00  9.992932758e-01  2.309159088e+00
11 3  9.566378606e-01  3.666666667e+00  3.505792607e-01  5.076515464e-01  3.945826644e+07  1.407813190e-02  3.402952982e+06  9.150237812e+01  1.104390170e+00  1.080963228e-02  6.603164971e-02  1.732630224e-02 -3.461616911e+01 -2.103110191e+01  8.225644328e-03  2.290283471e-03  1.998012367e+00  9.996984158e-01  2.203541894e+00
12 3  9.775836455e-01  4.000000000e+00  2.540215836e-01  5.076515464e-01  1.337327911e+07  2.487656973e-02  3.402952982e+06  1.007675072e+02  8.613956888e-01  8.477097646e-03  3.851705575e-02  1.658620903e-02 -1.996068942e+01 -9.797790734e+00  7.120975714e-03  2.207376252e-03  2.811532536e+00  9.998900554e-01  2.064535517e+00
13 3  9.887925176e-01  4.333333333e+00  2.205654438e-01  5.076515464e-01  6.863940108e+06  2.144813577e-02  3.402952982e+06  1.024633881e+02  6.759618505e-01  5.558829324e-03  2.485312650e-02  1.157809013e-02 -1.511826413e+01 -5.598019927e+00  6.050153046e-03  1.985141012e-03  4.424860618e+00  9.999482631e-01  1.927688150e+00
14 3  9.944932587e-01  4.666666667e+00  2.067160111e-01  5.076515464e-01  4.285017197e+06  1.867518711e-02  3.402952982e+06  9.777850774e+01  5.216860561e-01  3.301233046e-03  1.875662418e-02  8.294352442e-03 -1.324306812e+01 -4.092496477e+00  5.028267430e-03  1.692454693e-03  7.468399742e+00  9.999740072e-01  1.800362455e+00
