10  2.150623652e-07
4 3  4.224660862e-01  1.333333333e+00  7.717445976e-01  5.061142877e-01  3.101340730e+08 -3.032287376e-02  3.423957586e+06  3.288590510e+02  1.384907516e+00  1.695710743e-03 -1.713162465e-02 -2.857325508e-02 -3.857613828e+00 -6.204805901e+00  8.286058726e-03  2.144197289e-03  9.956335522e-01  1.014826708e+00  2.720917563e+00
5 3  5.511909739e-01  1.666666667e+00  6.972650058e-01  5.061142877e-01  2.146194608e+08 -2.207189963e-02  3.423957586e+06  2.331649549e+02  1.290835446e+00  1.801810993e-03 -1.240955393e-02 -2.013685771e-02 -2.767275537e+00 -4.583008924e+00  8.298179573e-03  2.162717109e-03  1.054325825e+00  1.008947204e+00  2.823528459e+00
6 3  6.519782838e-01  2.000000000e+00  6.546828118e-01  5.061142877e-01  1.767236624e+08 -1.673504133e-02  3.423957586e+06  1.823128089e+02  1.298558673e+00  2.002491029e-03 -9.842532715e-03 -1.572966481e-02 -2.109347867e+00 -3.555632771e+00  8.478563001e-03  2.227850274e-03  1.137540786e+00  1.005522432e+00  2.773736997e+00
7 3  7.382676925e-01  2.333333333e+00  6.264643403e-01  5.061142877e-01  1.623787460e+08 -1.111922881e-02  3.423957586e+06  1.492125075e+02  1.338368369e+00  2.207302378e-03 -6.530882845e-03 -1.129935905e-02 -1.593538106e+00 -2.906650682e+00  8.794354061e-03  2.307364208e-03  1.228239232e+00  1.003148614e+00  2.685794232e+00
8 3  8.131459144e-01  2.666666667e+00  6.124228747e-01  5.061142877e-01  1.476916262e+08 -7.080766256e-03  3.423957586e+06  1.285761919e+02  1.320165779e+00  2.027587962e-03 -4.180966626e-03 -7.642931615e-03 -1.764365211e-01 -2.474442377e+00  8.765443284e-03  2.305555792e-03  1.334269108e+00  1.001322327e+00  2.583711587e+00
9 3  8.693787935e-01  3.000000000e+00  6.266763762e-01  5.061142877e-01  1.275415437e+08 -1.537798047e-04  3.423957586e+06  1.095106791e+02  1.206629267e+00  1.233511550e-03 -1.062949164e-03 -2.663023821e-03  3.204691649e+00 -2.312042013e+00  8.229176979e-03  2.168104454e-03  1.479904893e+00  1.000054567e+00  2.452346687e+00
10 3  9.130078338e-01  3.333333333e+00  6.212636474e-01  5.061142877e-01  1.254785455e+08 -3.305483136e-03  3.423957586e+06  9.266498154e+01  1.292403590e+00  4.490143695e-03  1.849039111e-02  4.122936697e-03 -1.258618551e+01 -5.215375870e+00  8.660749516e-03  2.265575374e-03  1.697376942e+00  9.993355179e-01  2.316207496e+00
11 3  9.576581261e-01  3.666666667e+00  3.673578959e-01  5.061142877e-01  4.111971183e+07  1.313715756e-02  3.423957586e+06  9.197031745e+01  1.107251959e+00  1.101910260e-02  6.563403087e-02  1.597853694e-02 -3.631351067e+01 -2.176245476e+01  8.277928386e-03  2.292924423e-03  2.001505552e+00  9.997013930e-01  2.209427453e+00
12 3  9.787248462e-01  4.000000000e+00  2.661570979e-01  5.061142877e-01  1.313998687e+07  2.254779717e-02  3.423957586e+06  1.000339161e+02  8.608320304e-01  8.780428790e-03  3.558506255e-02  1.438467249e-02 -2.003383602e+01 -9.695700019e+00  7.160697592e-03  2.220815613e-03  2.820053527e+00  9.998966710e-01  2.070265885e+00
13 3  9.898951268e-01  4.333333333e+00  2.324075080e-01  5.061142877e-01  6.645583904e+06  1.954857365e-02  3.423957586e+06  1.010548068e+02  6.739665843e-01  5.701060614e-03  2.264373843e-02  1.017192302e-02 -1.503567490e+01 -5.359724642e+00  6.074579071e-03  1.994149780e-03  4.477460346e+00  9.999543264e-01  1.932936706e+00
