11  2.322258481e-07
4 3  4.289993630e-01  1.333333333e+00  6.428698588e-01  5.090271478e-01  2.948089483e+08 -3.482936818e-02  3.207501964e+06  3.364828010e+02  1.369101047e+00  1.709511321e-03 -1.761507159e-02 -3.104896571e-02 -5.254871798e+00 -6.021537074e+00  8.257370115e-03  2.142311337e-03  9.936655698e-01  1.016033986e+00  2.699028594e+00
5 3  5.599437253e-01  1.666666667e+00  5.609826444e-01  5.090271478e-01  2.024612842e+08 -2.724427516e-02  3.207501964e+06  2.372540806e+02  1.299088657e+00  1.817023536e-03 -1.631806439e-02 -2.485144898e-02 -3.031282384e+00 -4.536203026e+00  8.362447245e-03  2.186449917e-03  1.055276542e+00  1.009827399e+00  2.801071031e+00
6 3  6.637528060e-01  2.000000000e+00  5.225973198e-01  5.090271478e-01  1.668121142e+08 -1.856450755e-02  3.207501964e+06  1.859377389e+02  1.303553234e+00  1.958355820e-03 -1.165729614e-02 -1.783335143e-02 -1.875407470e+00 -3.553856805e+00  8.556304219e-03  2.251840130e-03  1.139277026e+00  1.005951437e+00  2.756352324e+00
7 3  7.512455246e-01  2.333333333e+00  5.021982870e-01  5.090271478e-01  1.512375386e+08 -1.175456618e-02  3.207501964e+06  1.529327375e+02  1.323994545e+00  2.073211519e-03 -7.038914774e-03 -1.190893815e-02 -1.196205858e+00 -2.919997453e+00  8.778596824e-03  2.310379992e-03  1.232357849e+00  1.003245809e+00  2.666820631e+00
8 3  8.245332004e-01  2.666666667e+00  4.913832574e-01  5.090271478e-01  1.337775555e+08 -1.025438145e-02  3.207501964e+06  1.295120936e+02  1.290196036e+00  2.004997038e-03 -6.167208231e-03 -1.025873006e-02 -7.257840310e-01 -2.507827854e+00  8.661380525e-03  2.287063798e-03  1.344178585e+00  1.001277017e+00  2.556083297e+00
9 3  8.798883175e-01  3.000000000e+00  4.884629315e-01  5.090271478e-01  1.160650074e+08 -4.490180426e-03  3.207501964e+06  1.089337388e+02  1.202169908e+00  1.755691410e-03 -1.418779338e-03 -5.112837821e-03  2.292330485e-01 -2.521728266e+00  8.265935974e-03  2.177790771e-03  1.501001592e+00  1.000012679e+00  2.421548339e+00
10 3  9.232786189e-01  3.333333333e+00  4.655690942e-01  5.090271478e-01  1.072341164e+08 -4.055356830e-03  3.207501964e+06  9.114753556e+01  1.290364787e+00  5.762767261e-03  3.039742337e-02  5.620238607e-03 -1.708058501e+01 -9.012473776e+00  8.806646583e-03  2.298565923e-03  1.744281811e+00  9.994248383e-01  2.285522553e+00
11 3  9.616314718e-01  3.666666667e+00  2.696795927e-01  5.090271478e-01  3.313976607e+07  1.376487005e-02  3.207501964e+06  9.158831520e+01  1.045851929e+00  9.141652873e-03  6.109783332e-02  1.384295639e-02 -2.896470162e+01 -1.912073281e+01  8.045170633e-03  2.230020668e-03  2.164110951e+00  9.997774307e-01  2.164820570e+00
12 3  9.805974120e-01  4.000000000e+00  2.078190878e-01  5.090271478e-01  1.020433997e+07  1.978530077e-02  3.207501964e+06  9.536853294e+01  8.082350195e-01  8.216104276e-03  3.500643262e-02  1.096761678e-02 -1.539849250e+01 -1.089290387e+01  6.881105756e-03  2.150897197e-03  3.139920419e+00  9.999212700e-01  2.023848026e+00
13 3  9.902545201e-01  4.333333333e+00  1.880529441e-01  5.090271478e-01  5.160030906e+06  1.653837807e-02  3.207501964e+06  9.417860342e+01  6.224315697e-01  4.980122200e-03  2.024619788e-02  7.048568007e-03 -1.177811695e+01 -5.516179144e+00  5.755120680e-03  1.903813055e-03  5.115993677e+00  9.999677927e-01  1.886653248e+00
14 3  9.948769463e-01  4.666666667e+00  1.801887436e-01  5.090271478e-01  3.290328218e+06  1.476370464e-02  3.207501964e+06  8.804261022e+01  4.728429676e-01  2.700242166e-03  1.473379691e-02  4.978656030e-03 -1.044445263e+01 -3.699850408e+00  4.723704638e-03  1.595772081e-03  8.742538668e+00  9.999850253e-01  1.760100322e+00
