10  2.328356126e-07
4 3  4.279845224e-01  1.333333333e+00  6.385171448e-01  5.089156073e-01  2.910147593e+08 -3.465910400e-02  3.197700106e+06  3.391538840e+02  1.365614341e+00  1.715584097e-03 -1.715789444e-02 -3.078935621e-02 -5.334417059e+00 -6.076153206e+00  8.225648760e-03  2.139194831e-03  9.938087407e-01  1.016153454e+00  2.690008093e+00
5 3  5.587988750e-01  1.666666667e+00  5.558686486e-01  5.089156073e-01  2.007527983e+08 -2.702345816e-02  3.197700106e+06  2.383604727e+02  1.302268234e+00  1.828566715e-03 -1.604265833e-02 -2.457796568e-02 -3.086252368e+00 -4.477799962e+00  8.365821077e-03  2.191097351e-03  1.055293232e+00  1.009970213e+00  2.792674382e+00
6 3  6.629262830e-01  2.000000000e+00  5.168661359e-01  5.089156073e-01  1.656874938e+08 -1.834776384e-02  3.197700106e+06  1.871621812e+02  1.305332804e+00  1.951192117e-03 -1.146138463e-02 -1.756911412e-02 -1.911932213e+00 -3.462996451e+00  8.554222787e-03  2.254827175e-03  1.139204091e+00  1.006070920e+00  2.750228640e+00
7 3  7.502493698e-01  2.333333333e+00  4.961632509e-01  5.089156073e-01  1.503995371e+08 -1.173129934e-02  3.197700106e+06  1.537095726e+02  1.321764075e+00  2.039974751e-03 -7.052009334e-03 -1.185388779e-02 -1.229987984e+00 -2.835663798e+00  8.758106479e-03  2.307043653e-03  1.232529203e+00  1.003366284e+00  2.660684131e+00
8 3  8.232492310e-01  2.666666667e+00  4.850418089e-01  5.089156073e-01  1.340390314e+08 -1.023410001e-02  3.197700106e+06  1.300682852e+02  1.290874730e+00  1.977599225e-03 -6.165170366e-03 -1.022727749e-02 -7.715309556e-01 -2.450531930e+00  8.654133148e-03  2.285419873e-03  1.342276863e+00  1.001380233e+00  2.549567872e+00
9 3  8.793510680e-01  3.000000000e+00  4.810543590e-01  5.089156073e-01  1.183654084e+08 -5.150731127e-03  3.197700106e+06  1.094618818e+02  1.222725057e+00  1.839741649e-03 -1.624230598e-03 -5.508686031e-03 -1.301113446e-01 -2.488176380e+00  8.352323160e-03  2.200355573e-03  1.492076923e+00  1.000055699e+00  2.417520647e+00
10 3  9.267499931e-01  3.333333333e+00  4.377269462e-01  5.089156073e-01  1.074687016e+08 -7.866203323e-03  3.197700106e+06  9.147214416e+01  1.392540289e+00  8.123010516e-03  4.017364756e-02  6.267558499e-03 -2.399830930e+01 -1.201611772e+01  9.322786500e-03  2.439400659e-03  1.711640905e+00  9.994514352e-01  2.291661688e+00
11 3  9.631808206e-01  3.666666667e+00  2.487955273e-01  5.089156073e-01  2.267586348e+07  1.419706851e-02  3.197700106e+06  9.175362023e+01  9.906677823e-01  9.674839091e-03  5.195971132e-02  1.274640626e-02 -2.523747703e+01 -1.679575480e+01  7.807683569e-03  2.250067760e-03  2.147779274e+00  9.998356460e-01  2.166057464e+00
12 3  9.808397712e-01  4.000000000e+00  1.986774566e-01  5.089156073e-01  8.787402812e+06  1.832937786e-02  3.197700106e+06  9.440453723e+01  7.967689162e-01  7.577060516e-03  2.780431478e-02  9.919226386e-03 -1.374441330e+01 -7.856901252e+00  6.839775512e-03  2.166478286e-03  3.153670058e+00  9.999375485e-01  2.022161861e+00
13 3  9.904513450e-01  4.333333333e+00  1.811912193e-01  5.089156073e-01  4.922583308e+06  1.541372209e-02  3.197700106e+06  9.314288610e+01  6.261274973e-01  4.752197573e-03  1.783901270e-02  6.543550768e-03 -1.055736128e+01 -4.644504743e+00  5.797329783e-03  1.918432481e-03  5.140569745e+00  9.999701340e-01  1.884963911e+00
