9  2.074533782e-07
4 3  4.818399607e-01  1.333333333e+00  7.312320740e-01  5.090471843e-01  2.968076926e+08 -2.079853775e-02  3.590799586e+06  4.203938542e+02  1.332576020e+00  1.662331220e-03 -1.019328294e-02 -1.879224639e-02 -3.352742189e+00 -5.322144791e+00  8.480203687e-03  2.212327012e-03  9.984481676e-01  1.015696163e+00  2.858424517e+00
5 3  6.153199750e-01  1.666666667e+00  6.570589583e-01  5.090471843e-01  2.006321202e+08 -1.155624074e-02  3.590799586e+06  2.860154484e+02  1.229792878e+00  1.726640822e-03 -3.781816306e-03 -9.943575909e-03 -2.378256648e+00 -4.156144918e+00  8.392831967e-03  2.197728461e-03  1.075215976e+00  1.008103810e+00  2.898386903e+00
6 3  7.146224533e-01  2.000000000e+00  6.165027522e-01  5.090471843e-01  1.645452339e+08 -4.573474399e-03  3.590799586e+06  2.129130637e+02  1.212738661e+00  1.821623915e-03  9.435648546e-04 -4.005967417e-03 -1.848183397e+00 -3.352909086e+00  8.494144591e-03  2.218316866e-03  1.177562020e+00  1.004488237e+00  2.795054984e+00
7 3  7.943753026e-01  2.333333333e+00  5.904307689e-01  5.090471843e-01  1.509727449e+08 -1.609028243e-03  3.590799586e+06  1.775927113e+02  1.222516556e+00  1.885095859e-03  2.757479182e-03 -1.448129922e-03 -1.497982916e+00 -2.788647260e+00  8.596934892e-03  2.246095118e-03  1.299141354e+00  1.002320275e+00  2.657383914e+00
8 3  8.593809282e-01  2.666666667e+00  5.753686527e-01  5.090471843e-01  1.320852889e+08 -5.877334042e-04  3.590799586e+06  1.536727072e+02  1.167201243e+00  1.643454772e-03  2.579056043e-03 -7.635496660e-04 -3.851237268e-01 -2.499555695e+00  8.274752369e-03  2.177951282e-03  1.457242336e+00  1.000815228e+00  2.511711317e+00
9 3  9.039466003e-01  3.000000000e+00  6.036553203e-01  5.090471843e-01  1.122280869e+08  1.075317849e-02  3.590799586e+06  1.289751561e+02  1.024813842e+00  1.155706999e-03  7.876124337e-04  3.370624874e-03  1.017116786e+01 -2.363065613e+00  7.518779359e-03  1.978013539e-03  1.700667937e+00  9.998585317e-01  2.346166968e+00
10 3  9.349669584e-01  3.333333333e+00  6.511217851e-01  5.090471843e-01  1.224518630e+08  7.348545793e-03  3.590799586e+06  1.069756929e+02  1.116241360e+00  3.577479641e-03  2.924988237e-02  1.236246196e-02 -1.647782157e+01 -5.806288074e+00  7.999754457e-03  2.070635256e-03  2.118637358e+00  9.993839368e-01  2.182974794e+00
11 3  9.743694868e-01  3.666666667e+00  2.985646162e-01  5.090471843e-01  2.848155775e+07  2.673205224e-02  3.590799586e+06  1.203152899e+02  9.555777514e-01  9.615426559e-03  6.685717477e-02  1.747171001e-02 -3.083397152e+01 -2.428738681e+01  7.677170089e-03  2.191253270e-03  2.595482922e+00  9.998140406e-01  2.069046801e+00
12 3  9.888752150e-01  4.000000000e+00  2.325221990e-01  5.090471843e-01  8.182073713e+06  2.202182589e-02  3.590799586e+06  1.234490612e+02  6.791590158e-01  6.580930786e-03  3.162547658e-02  1.042582334e-02 -1.790240900e+01 -1.057494164e+01  6.157084192e-03  1.988240651e-03  4.089091437e+00  9.999334076e-01  1.925091681e+00
