10  2.118485053e-07
4 3  4.753558375e-01  1.333333333e+00  7.077707739e-01  5.108076825e-01  2.898542181e+08 -2.097773707e-02  3.540666608e+06  4.218965437e+02  1.326272798e+00  1.613871832e-03 -1.005790708e-02 -1.880763616e-02 -3.331775501e+00 -5.221411484e+00  8.370265981e-03  2.195344967e-03  9.968248325e-01  1.015646398e+00  2.827813693e+00
5 3  6.068234022e-01  1.666666667e+00  6.409820947e-01  5.108076825e-01  2.007029707e+08 -1.365743166e-02  3.540666608e+06  2.854149532e+02  1.233031392e+00  1.657697276e-03 -6.098674255e-03 -1.217697019e-02 -2.113116589e+00 -4.068957437e+00  8.320132636e-03  2.187373696e-03  1.073401780e+00  1.008269386e+00  2.866938112e+00
6 3  7.059957164e-01  2.000000000e+00  6.076284255e-01  5.108076825e-01  1.690689501e+08 -7.207424622e-03  3.540666608e+06  2.117930951e+02  1.225892010e+00  1.753451353e-03 -2.188589166e-03 -6.987081814e-03 -1.491130164e+00 -3.296958944e+00  8.476532777e-03  2.218615246e-03  1.173285756e+00  1.004651125e+00  2.769590182e+00
7 3  7.873562233e-01  2.333333333e+00  5.877330054e-01  5.108076825e-01  1.580162009e+08 -2.473840831e-03  3.540666608e+06  1.778319664e+02  1.241069631e+00  1.821529026e-03  1.328348202e-03 -2.700827760e-03 -1.109656274e+00 -2.755136989e+00  8.607635236e-03  2.254107667e-03  1.288289426e+00  1.002310340e+00  2.641343329e+00
8 3  8.530712345e-01  2.666666667e+00  5.758463556e-01  5.108076825e-01  1.386889497e+08 -1.314049186e-03  3.540666608e+06  1.540350902e+02  1.178720425e+00  1.662823926e-03  2.270850837e-03 -1.319285194e-03 -7.132378308e-01 -2.471998262e+00  8.258013721e-03  2.178176669e-03  1.434960628e+00  1.000691070e+00  2.500027325e+00
9 3  8.993068876e-01  3.000000000e+00  5.791494186e-01  5.108076825e-01  1.195890438e+08  5.464355990e-03  3.540666608e+06  1.301900999e+02  1.066129859e+00  9.081625328e-04  4.690126716e-03  3.171293121e-03  2.593698027e+00 -2.253011873e+00  7.663202078e-03  2.018860268e-03  1.655948735e+00  9.997401438e-01  2.340463980e+00
10 3  9.355587222e-01  3.333333333e+00  5.571205173e-01  5.108076825e-01  1.324631440e+08  3.414182076e-03  3.540666608e+06  1.079267122e+02  1.263730336e+00  5.812451860e-03  4.474381530e-02  1.447710645e-02 -2.819501471e+01 -9.178607951e+00  8.735249228e-03  2.250618959e-03  1.998616016e+00  9.993595195e-01  2.190494798e+00
11 3  9.724455644e-01  3.666666667e+00  2.782985505e-01  5.108076825e-01  2.389789754e+07  2.559331758e-02  3.540666608e+06  1.187304049e+02  9.356762272e-01  9.417425485e-03  5.867571914e-02  1.747008130e-02 -2.435861348e+01 -2.078573812e+01  7.641362229e-03  2.213437394e-03  2.515209073e+00  9.998305502e-01  2.070849023e+00
12 3  9.871409274e-01  4.000000000e+00  2.265327897e-01  5.108076825e-01  8.220430729e+06  2.015425916e-02  3.540666608e+06  1.208686151e+02  6.985556451e-01  6.339141870e-03  2.713496450e-02  1.027069285e-02 -1.461332439e+01 -8.271965993e+00  6.343893577e-03  2.042454659e-03  3.909629274e+00  9.999360525e-01  1.927167929e+00
13 3  9.941678421e-01  4.333333333e+00  2.091601011e-01  5.108076825e-01  4.570588485e+06  1.605712819e-02  3.540666608e+06  1.149785896e+02  5.293105846e-01  3.588073008e-03  1.706831853e-02  6.213783657e-03 -1.198701932e+01 -4.861770775e+00  5.220310969e-03  1.747881671e-03  6.704673842e+00  9.999708621e-01  1.791649796e+00
