13  2.204880197e-07
4 3  3.693902976e-01  1.333333333e+00  8.216443577e-01  5.068886086e-01  3.322510204e+08 -4.251481853e-02  1.652282574e+06  3.042561580e+02  1.401188644e+00  1.742502947e-03 -2.983072935e-02 -4.251481853e-02 -4.365136961e-02 -4.212640977e+00 -5.667774428e+00  4.418574902e-03  1.987323768e-03  9.911431072e-01  1.009185349e+00  2.637673943e+00  3.101090067e-01
5 3  4.868812631e-01  1.666666667e+00  7.495748742e-01  5.068886086e-01  2.607644317e+08 -3.340480482e-02  4.202541159e+05  2.044655438e+02  1.331515672e+00  1.973491488e-03 -2.334086906e-02 -3.340480482e-02 -3.572307611e-02 -3.337429690e+00 -5.092257353e+00  6.449773189e-03  2.497058239e-03  1.036778528e+00  1.006087802e+00  2.772768552e+00  4.708741244e-01
6 3  5.831710333e-01  2.000000000e+00  7.030182155e-01  5.068886086e-01  2.188703805e+08 -2.456969032e-02  2.119979277e+06  1.612008459e+02  1.354023482e+00  2.336040193e-03 -1.640244625e-02 -2.456969032e-02 -2.631776942e-02 -2.674689356e+00 -4.302628465e+00  9.517454641e-03  3.207696854e-03  1.107530926e+00  1.003988115e+00  2.761836368e+00  5.907774934e-01
7 3  6.669308872e-01  2.333333333e+00  6.697954358e-01  5.068886086e-01  1.939131891e+08 -2.003840812e-02  1.452877362e+06  1.344378459e+02  1.384101170e+00  2.672828585e-03 -1.308245481e-02 -2.003840812e-02 -2.072543904e-02 -2.253422621e+00 -3.696118737e+00  9.113968921e-03  3.042192393e-03  1.186930513e+00  1.002389821e+00  2.702987999e+00  6.862005757e-01
8 3  7.407483430e-01  2.666666667e+00  6.446867678e-01  5.068886086e-01  1.828631859e+08 -1.636736114e-02  1.069907785e+06  1.180592514e+02  1.415201000e+00  2.929298655e-03 -1.027012617e-02 -1.636736114e-02 -1.601793406e-02 -1.956230113e+00 -3.214726122e+00  9.423948505e-03  3.211412153e-03  1.272074384e+00  1.001099456e+00  2.623509286e+00  7.649001477e-01
9 3  8.059351287e-01  3.000000000e+00  6.253276819e-01  5.068886086e-01  1.679953774e+08 -1.306212726e-02  2.575392469e+06  1.043120044e+02  1.414958618e+00  3.039871465e-03 -7.630448126e-03 -1.306212726e-02 -1.369173966e-02 -1.729427843e+00 -2.811509127e+00  9.466761901e-03  3.389710501e-03  1.371362927e+00  1.000063604e+00  2.534602607e+00  8.301789939e-01
10 3  8.577596845e-01  3.333333333e+00  6.110981746e-01  5.068886086e-01  1.432450127e+08 -8.507904975e-03  5.518218953e+06  9.143441139e+01  1.311507725e+00  2.749088736e-03 -3.234518249e-03 -8.507904975e-03 -9.635696908e-03 -1.680830701e+00 -2.630942118e+00  7.105193403e-03  2.974266761e-03  1.499504640e+00  9.993726884e-01  2.426150767e+00  8.807977049e-01
11 3  8.961828444e-01  3.666666667e+00  5.998580291e-01  5.068886086e-01  1.242095635e+08 -2.871455296e-03  5.807170521e+06  8.023118630e+01  1.222057608e+00  2.942039381e-03  4.564079670e-03 -2.871455296e-03 -4.756146893e-03 -2.318758044e+00 -3.548624333e+00  4.701798599e-03  2.187264922e-03  1.686842447e+00  9.990119899e-01  2.303558894e+00  9.177807026e-01
12 3  9.302729916e-01  4.000000000e+00  5.547066693e-01  5.068886086e-01  1.261385845e+08  8.395141754e-03  3.186074977e+06  7.088731385e+01  1.575975563e+00  1.307025637e-02  4.717676787e-02  8.395141754e-03 -5.477382175e-03 -2.571572488e+01 -1.385183373e+01  4.537431103e-03  2.274459578e-03  1.926873823e+00  9.990428833e-01  2.191987007e+00  9.488474881e-01
13 3  9.673897164e-01  4.333333333e+00  3.015011237e-01  5.068886086e-01  2.450006339e+07  2.127100167e-02  6.819825349e+05  7.763491456e+01  1.080893071e+00  1.424683398e-02  5.735507098e-02  2.127100167e-02  2.756921955e-02 -2.937569117e+01 -1.410287528e+01  4.050653109e-03  2.672860185e-03  2.259459668e+00  9.997587745e-01  2.105610402e+00  9.792832303e-01
14 3  9.821031915e-01  4.666666667e+00  2.481761146e-01  5.068886086e-01  1.086594756e+07  1.785206345e-02  2.526842014e+05  8.012129755e+01  8.457437630e-01  9.673763405e-03  3.602258384e-02  1.785206345e-02  2.876001785e-02 -1.704801036e+01 -7.195432488e+00  4.266075735e-03  2.523546201e-03  3.152775905e+00  9.998910782e-01  1.985210021e+00  9.890012066e-01
15 3  9.903175376e-01  5.000000000e+00  2.285329948e-01  5.068886086e-01  6.455467409e+06  1.202789089e-02  1.714245131e+05  7.850562933e+01  6.796830144e-01  6.428689822e-03  2.464509431e-02  1.202789089e-02  2.304817231e-02 -1.314797226e+01 -4.785468695e+00  4.065580043e-03  2.244879910e-03  4.797578987e+00  9.999399628e-01  1.868451440e+00  9.940956989e-01
16 3  9.957868208e-01  5.333333333e+00  2.178203080e-01  5.068886086e-01  4.209033710e+06  7.238479236e-03  1.375731458e+05  7.518665637e+01  5.409440999e-01  4.040134996e-03  1.708946246e-02  7.238479236e-03  1.811902087e-02 -1.116442760e+01 -3.523923896e+00  3.679837669e-03  1.937291355e-03  9.402604545e+00  9.999723444e-01  1.761404329e+00  9.974339831e-01
