12  2.143579622e-07
4 3  3.699640291e-01  1.333333333e+00  8.670596038e-01  5.062525176e-01  3.451401837e+08 -4.172247176e-02  1.785242069e+06  3.163076310e+02  1.424636036e+00  1.776031156e-03 -2.984681837e-02 -4.172247176e-02 -4.195594895e-02 -3.354497443e+00 -5.925714901e+00  4.472673305e-03  2.012891563e-03  9.911105686e-01  1.009536414e+00  2.635449463e+00  3.061359179e-01
5 3  4.903455179e-01  1.666666667e+00  8.014975564e-01  5.062525176e-01  2.671184754e+08 -3.252915896e-02  4.345866042e+05  2.084522637e+02  1.338738565e+00  1.984089421e-03 -2.332418947e-02 -3.252915896e-02 -3.435485671e-02 -2.953986163e+00 -4.972210215e+00  6.510600701e-03  2.518548969e-03  1.035564668e+00  1.006199115e+00  2.785154754e+00  4.712557532e-01
6 3  5.881778260e-01  2.000000000e+00  7.556183082e-01  5.062525176e-01  2.253881832e+08 -2.369363088e-02  2.184439075e+06  1.657756567e+02  1.357839337e+00  2.325236820e-03 -1.628253873e-02 -2.369363088e-02 -2.519275433e-02 -2.546489059e+00 -4.054380476e+00  9.558203252e-03  3.225036213e-03  1.105831967e+00  1.003915257e+00  2.777714763e+00  5.936968978e-01
7 3  6.729805301e-01  2.333333333e+00  7.208604278e-01  5.062525176e-01  2.019230492e+08 -1.879353064e-02  1.439678455e+06  1.388701438e+02  1.384138290e+00  2.615142207e-03 -1.250408651e-02 -1.879353064e-02 -1.938176540e-02 -2.261426532e+00 -3.405684016e+00  9.115573387e-03  3.037108416e-03  1.186026870e+00  1.002191667e+00  2.719496111e+00  6.906851421e-01
8 3  7.466078373e-01  2.666666667e+00  6.936891542e-01  5.062525176e-01  1.908954080e+08 -1.485812069e-02  1.130365567e+06  1.211209622e+02  1.396562612e+00  2.756773322e-03 -9.304087991e-03 -1.485812069e-02 -1.475634803e-02 -2.057096690e+00 -2.939434067e+00  9.387933026e-03  3.196841026e-03  1.275028160e+00  1.000899608e+00  2.636490870e+00  7.692394004e-01
9 3  8.102162629e-01  3.000000000e+00  6.722904757e-01  5.062525176e-01  1.776766389e+08 -1.126802750e-02  2.768057522e+06  1.061183496e+02  1.395793707e+00  2.829168813e-03 -6.239036994e-03 -1.126802750e-02 -1.205528171e-02 -1.895801972e+00 -2.580005312e+00  9.388641717e-03  3.349185535e-03  1.381109169e+00  9.999578567e-01  2.540816720e+00  8.330041250e-01
10 3  8.613528367e-01  3.333333333e+00  6.557573928e-01  5.062525176e-01  1.545357135e+08 -7.064104816e-03  5.813302192e+06  9.297528046e+01  1.306268354e+00  2.645171197e-03 -1.912600617e-03 -7.064104816e-03 -8.277746232e-03 -1.867251354e+00 -2.567522024e+00  6.945318660e-03  2.913580345e-03  1.513037587e+00  9.993154979e-01  2.429500014e+00  8.834656283e-01
11 3  8.991410093e-01  3.666666667e+00  6.444357860e-01  5.062525176e-01  1.304663178e+08 -1.312064558e-03  5.807873775e+06  8.192661554e+01  1.190797874e+00  2.954707988e-03  7.259693396e-03 -1.312064558e-03 -2.301620024e-03 -1.644111034e+00 -4.581784021e+00  4.530065166e-03  2.098247202e-03  1.709912286e+00  9.989543575e-01  2.304697663e+00  9.201345993e-01
12 3  9.383264174e-01  4.000000000e+00  5.360563385e-01  5.062525176e-01  1.452857967e+08  1.404836644e-02  2.457684254e+06  7.552951245e+01  2.071961988e+00  3.291646102e-02  7.753211879e-02  1.404836644e-02 -1.360961472e-02 -5.863451110e+01 -1.978402547e+01  5.446863049e-03  2.848060795e-03  1.908000492e+00  9.991307172e-01  2.205099565e+00  9.557344685e-01
13 3  9.708127685e-01  4.333333333e+00  2.855640469e-01  5.062525176e-01  1.932497516e+07  2.118325646e-02  5.345766718e+05  8.629564282e+01  1.003899533e+00  1.226630100e-02  4.723701774e-02  2.118325646e-02  3.003220687e-02 -1.726057943e+01 -1.156771950e+01  4.056576016e-03  2.662966412e-03  2.351845892e+00  9.998117506e-01  2.107383420e+00  9.816607970e-01
14 3  9.838323308e-01  4.666666667e+00  2.570969485e-01  5.062525176e-01  9.707988819e+06  1.560094476e-02  2.369246163e+05  8.582673395e+01  8.016021659e-01  8.391806331e-03  2.936288728e-02  1.560094476e-02  2.561163471e-02 -1.057375869e+01 -6.016361762e+00  4.209142414e-03  2.481417328e-03  3.365263623e+00  9.998890055e-01  1.983252647e+00  9.901016815e-01
15 3  9.912978810e-01  5.000000000e+00  2.446601822e-01  5.062525176e-01  6.094327033e+06  9.869800097e-03  1.686614621e+05  8.243085191e+01  6.475620851e-01  5.578787780e-03  1.992724384e-02  9.869800097e-03  1.991655101e-02 -9.310612640e+00 -4.108548777e+00  3.973904406e-03  2.193024384e-03  5.244515613e+00  9.999257335e-01  1.865150405e+00  9.947050577e-01
