12  2.180846896e-07
4 3  3.791051130e-01  1.333333333e+00  8.216122278e-01  5.048340794e-01  3.400659490e+08 -3.953696360e-02  1.527072257e+06  3.036390195e+02  1.405241621e+00  1.797825591e-03 -2.681490296e-02 -3.953696360e-02 -4.094319219e-02 -4.097775396e+00 -5.966551575e+00  4.486834654e-03  2.005788969e-03  9.923338808e-01  1.009859246e+00  2.664824180e+00  3.159367004e-01
5 3  4.974438389e-01  1.666666667e+00  7.494570681e-01  5.048340794e-01  2.545310499e+08 -2.966293541e-02  4.826082819e+05  2.016899690e+02  1.313283376e+00  1.993417221e-03 -1.962025209e-02 -2.966293541e-02 -3.192462859e-02 -3.265283868e+00 -5.281801114e+00  6.669203827e-03  2.537691719e-03  1.040834078e+00  1.006864560e+00  2.789029901e+00  4.777573043e-01
6 3  5.936977038e-01  2.000000000e+00  7.028247637e-01  5.048340794e-01  2.132862461e+08 -2.121352893e-02  2.142269390e+06  1.607482337e+02  1.348810769e+00  2.422035664e-03 -1.303388752e-02 -2.121352893e-02 -2.279167334e-02 -2.657348978e+00 -4.442929761e+00  9.581306647e-03  3.222637204e-03  1.112704844e+00  1.004609007e+00  2.767701507e+00  5.971309843e-01
7 3  6.800397211e-01  2.333333333e+00  6.679718435e-01  5.048340794e-01  1.891008202e+08 -1.701076288e-02  1.354155399e+06  1.348020048e+02  1.403098221e+00  2.905835960e-03 -1.009453978e-02 -1.701076288e-02 -1.760318954e-02 -2.260282965e+00 -3.785136842e+00  9.258897526e-03  3.077869980e-03  1.190399654e+00  1.002690669e+00  2.712134841e+00  6.957190615e-01
8 3  7.567463275e-01  2.666666667e+00  6.412951707e-01  5.048340794e-01  1.719276653e+08 -1.311733488e-02  1.188320085e+06  1.170914863e+02  1.411361540e+00  3.115910071e-03 -7.143772621e-03 -1.311733488e-02 -1.317589735e-02 -1.966713594e+00 -3.243706653e+00  9.583620932e-03  3.288234422e-03  1.277713712e+00  1.001236488e+00  2.636969260e+00  7.775538724e-01
9 3  8.214147980e-01  3.000000000e+00  6.215715342e-01  5.048340794e-01  1.525494123e+08 -9.335943324e-03  3.147478588e+06  1.018899126e+02  1.383475745e+00  3.126095766e-03 -4.022023247e-03 -9.335943324e-03 -1.005091204e-02 -1.749376694e+00 -2.821936160e+00  9.320642467e-03  3.381410545e-03  1.388501279e+00  1.000269780e+00  2.541822531e+00  8.421755981e-01
10 3  8.718098850e-01  3.333333333e+00  6.073639448e-01  5.048340794e-01  1.294020732e+08 -6.409696035e-03  6.031940455e+06  8.892807183e+01  1.279723657e+00  2.850973935e-03 -1.112875993e-03 -6.409696035e-03 -7.379449764e-03 -1.666089435e+00 -2.732330749e+00  6.465267721e-03  2.805045883e-03  1.535871970e+00  9.996303765e-01  2.426438552e+00  8.912912417e-01
11 3  9.084807444e-01  3.666666667e+00  5.984324489e-01  5.048340794e-01  1.105545989e+08  5.676273401e-04  5.283573589e+06  7.811260064e+01  1.172051876e+00  2.853945890e-03  7.573997842e-03  5.676273401e-04  3.563253317e-04 -1.236911855e+00 -3.755057766e+00  4.308354626e-03  2.018399820e-03  1.757269843e+00  9.992004695e-01  2.297649266e+00  9.266064273e-01
12 3  9.399619505e-01  4.000000000e+00  5.611896199e-01  5.048340794e-01  1.148635094e+08  1.449650221e-02  2.455827365e+06  7.135721462e+01  1.456203957e+00  1.145550290e-02  5.134919843e-02  1.449650221e-02  8.717209825e-03 -2.396894965e+01 -1.391069622e+01  4.355469324e-03  2.215893270e-03  2.046679238e+00  9.990200918e-01  2.178769633e+00  9.552725495e-01
13 3  9.756670042e-01  4.333333333e+00  2.519783847e-01  5.048340794e-01  1.762428276e+07  1.623642384e-02  4.044753015e+05  8.656739497e+01  9.772302837e-01  1.310138081e-02  4.965484939e-02  1.623642384e-02  2.715757779e-02 -2.787268272e+01 -1.337891220e+01  4.269264978e-03  2.651766721e-03  2.493280281e+00  9.998382258e-01  2.089277204e+00  9.839755616e-01
14 3  9.873974899e-01  4.666666667e+00  2.204388199e-01  5.048340794e-01  7.968347086e+06  9.794355023e-03  2.023426304e+05  8.690323590e+01  7.386585566e-01  7.620807202e-03  2.491960355e-02  9.794355023e-03  2.009820932e-02 -1.109468539e+01 -6.466090570e+00  4.195454075e-03  2.378201686e-03  3.666461601e+00  9.998989096e-01  1.963487503e+00  9.918405272e-01
15 3  9.935493236e-01  5.000000000e+00  2.112068980e-01  5.048340794e-01  4.924638279e+06  5.993358880e-03  1.528382119e+05  8.292915771e+01  5.755129948e-01  4.509001250e-03  1.651109218e-02  5.993358880e-03  1.578333882e-02 -8.289705098e+00 -4.272826228e+00  3.804031686e-03  2.040595926e-03  5.901298863e+00  9.999248980e-01  1.844053934e+00  9.958361260e-01
