12  2.130248340e-07
4 3  3.829601381e-01  1.333333333e+00  8.267035693e-01  5.050410073e-01  3.194931292e+08 -3.445090499e-02  1.404432980e+06  3.021220963e+02  1.400851133e+00  1.839613435e-03 -2.273296956e-02 -3.445090499e-02 -3.546262317e-02 -3.520954556e+00 -5.934589721e+00  4.533490021e-03  2.027217441e-03  9.900370656e-01  1.012284011e+00  2.641707639e+00  3.231181362e-01
5 3  5.061466193e-01  1.666666667e+00  7.597858302e-01  5.050410073e-01  2.410045036e+08 -2.452444986e-02  6.178988560e+05  2.053752134e+02  1.337069969e+00  2.098850832e-03 -1.595097525e-02 -2.452444986e-02 -2.635054667e-02 -2.705148500e+00 -4.827088323e+00  7.182617974e-03  2.696670609e-03  1.038448451e+00  1.007995095e+00  2.781336592e+00  4.895822033e-01
6 3  6.067712620e-01  2.000000000e+00  7.178041375e-01  5.050410073e-01  2.014282181e+08 -1.799699019e-02  2.193432918e+06  1.620048462e+02  1.351469738e+00  2.420308205e-03 -1.131652374e-02 -1.799699019e-02 -1.899063266e-02 -2.120962930e+00 -3.885108615e+00  9.678437552e-03  3.257131550e-03  1.112406628e+00  1.005099959e+00  2.770587070e+00  6.134498295e-01
7 3  6.931312618e-01  2.333333333e+00  6.887983644e-01  5.050410073e-01  1.812103516e+08 -1.406728700e-02  1.240215551e+06  1.348378054e+02  1.375978471e+00  2.695630640e-03 -8.486430201e-03 -1.406728700e-02 -1.394921544e-02 -1.755195049e+00 -3.256585051e+00  9.275742725e-03  3.057719675e-03  1.196123548e+00  1.003012400e+00  2.707151395e+00  7.111633407e-01
8 3  7.689800006e-01  2.666666667e+00  6.674343258e-01  5.050410073e-01  1.712795433e+08 -1.175716471e-02  1.438755496e+06  1.193150127e+02  1.402379668e+00  2.893965326e-03 -6.960178878e-03 -1.175716471e-02 -1.178365358e-02 -1.482895456e+00 -2.769389429e+00  9.674304347e-03  3.340866763e-03  1.289485454e+00  1.001366612e+00  2.623656405e+00  7.914572621e-01
9 3  8.341129856e-01  3.000000000e+00  6.519076275e-01  5.050410073e-01  1.542384955e+08 -8.536579731e-03  4.005569982e+06  1.054585078e+02  1.369589218e+00  2.823776793e-03 -4.311948792e-03 -8.536579731e-03 -9.025574333e-03 -1.273206555e+00 -2.386174466e+00  8.910197796e-03  3.339171666e-03  1.410739617e+00  1.000167031e+00  2.526641950e+00  8.554472581e-01
10 3  8.825881350e-01  3.333333333e+00  6.414017315e-01  5.050410073e-01  1.299122031e+08 -3.538230684e-03  6.393017234e+06  9.240965899e+01  1.227128257e+00  2.359868771e-03  6.691251742e-04 -3.538230684e-03 -4.247076870e-03 -1.211652849e+00 -2.289225899e+00  5.647539186e-03  2.537457575e-03  1.582691821e+00  9.994877768e-01  2.404497704e+00  9.020577587e-01
11 3  9.156612849e-01  3.666666667e+00  6.347057706e-01  5.050410073e-01  1.111792460e+08  2.598354608e-03  4.766081196e+06  8.099172509e+01  1.084831078e+00  2.078652117e-03  7.933140040e-03  2.598354608e-03  2.836093865e-03 -1.166625985e+00 -2.859667684e+00  3.887361965e-03  1.830938232e-03  1.858889924e+00  9.991991460e-01  2.267164412e+00  9.334640244e-01
12 3  9.418371761e-01  4.000000000e+00  6.110186963e-01  5.050410073e-01  1.315287312e+08  1.046730875e-02  2.299648197e+06  7.420454305e+01  1.382741459e+00  8.798508903e-03  4.414177869e-02  1.046730875e-02  5.291266525e-03 -2.348276264e+01 -1.200149987e+01  4.196133369e-03  2.114948743e-03  2.263226249e+00  9.991635276e-01  2.137568054e+00  9.570944026e-01
13 3  9.791165789e-01  4.333333333e+00  2.842729117e-01  5.050410073e-01  1.919427399e+07  1.734841242e-02  3.245565001e+05  9.015645330e+01  9.417340173e-01  1.239507066e-02  5.465752946e-02  1.734841242e-02  2.819246949e-02 -2.564448519e+01 -1.630348954e+01  4.345727932e-03  2.568620490e-03  2.715398970e+00  9.998552996e-01  2.052659906e+00  9.864668195e-01
14 3  9.896704982e-01  4.666666667e+00  2.500518555e-01  5.050410073e-01  7.924589698e+06  1.205892111e-02  1.851227485e+05  9.015432623e+01  6.885315036e-01  7.577045733e-03  3.130231819e-02  1.205892111e-02  2.295184194e-02 -1.471162221e+01 -8.446613202e+00  4.049796538e-03  2.255179930e-03  4.159957503e+00  9.999170987e-01  1.926705682e+00  9.933886550e-01
15 3  9.957632104e-01  5.000000000e+00  2.364811481e-01  5.050410073e-01  4.443913704e+06  8.216950210e-03  1.426128634e+05  8.658540262e+01  5.316583353e-01  4.568125650e-03  2.068771553e-02  8.216950210e-03  1.880746085e-02 -1.135195815e+01 -5.157691210e+00  3.627418710e-03  1.941628007e-03  8.414915251e+00  9.999567363e-01  1.809400987e+00  9.972927784e-01
