11  2.128434461e-07
4 3  3.956743812e-01  1.333333333e+00  8.119361674e-01  5.044262712e-01  3.129840546e+08 -3.186626764e-02  1.113173690e+06  3.083169104e+02  1.383202932e+00  1.839687641e-03 -2.071271069e-02 -3.186626764e-02 -3.320317040e-02 -3.692056183e+00 -5.614667347e+00  4.609381782e-03  2.048488299e-03  9.918066587e-01  1.013296461e+00  2.668789251e+00  3.365496450e-01
5 3  5.190729665e-01  1.666666667e+00  7.403291933e-01  5.044262712e-01  2.350296767e+08 -2.297149077e-02  7.762667425e+05  2.128869229e+02  1.317248366e+00  2.097583287e-03 -1.448662199e-02 -2.297149077e-02 -2.486714934e-02 -2.883150722e+00 -4.747675985e+00  7.634918514e-03  2.805640383e-03  1.044197022e+00  1.008593680e+00  2.787882452e+00  5.024550386e-01
6 3  6.190752114e-01  2.000000000e+00  6.948619956e-01  5.044262712e-01  1.960838675e+08 -1.712509945e-02  2.153511626e+06  1.704464506e+02  1.333145789e+00  2.438228117e-03 -1.032762756e-02 -1.712509945e-02 -1.826502021e-02 -2.315909268e+00 -3.914917502e+00  9.613158335e-03  3.239880038e-03  1.122834684e+00  1.005630997e+00  2.762680299e+00  6.241243329e-01
7 3  7.051572849e-01  2.333333333e+00  6.624935301e-01  5.044262712e-01  1.754631926e+08 -1.154816584e-02  1.165297132e+06  1.410091574e+02  1.366048811e+00  2.785076968e-03 -5.743604730e-03 -1.154816584e-02 -1.176328715e-02 -1.972667124e+00 -3.344608181e+00  9.319141744e-03  3.078962724e-03  1.210367811e+00  1.003497507e+00  2.691560074e+00  7.207001313e-01
8 3  7.818884418e-01  2.666666667e+00  6.376217863e-01  5.044262712e-01  1.624726060e+08 -9.078460479e-03  1.671863312e+06  1.227379584e+02  1.402099022e+00  3.095072030e-03 -4.032973048e-03 -9.078460479e-03 -9.490075163e-03 -1.709964114e+00 -2.873072158e+00  9.781176871e-03  3.408270799e-03  1.306200150e+00  1.001706680e+00  2.606724934e+00  8.017525800e-01
9 3  8.472528000e-01  3.000000000e+00  6.190799715e-01  5.044262712e-01  1.406628396e+08 -6.571443133e-03  4.751065345e+06  1.078051260e+02  1.341389828e+00  2.976050499e-03 -1.980594266e-03 -6.571443133e-03 -7.270066044e-03 -1.549053301e+00 -2.549509468e+00  8.353722992e-03  3.266680996e-03  1.430723092e+00  1.000328029e+00  2.507337389e+00  8.667744468e-01
10 3  8.945879151e-01  3.333333333e+00  6.064485883e-01  5.044262712e-01  1.184742945e+08 -5.853318849e-05  6.189544851e+06  9.392725672e+01  1.208894855e+00  2.435172045e-03  4.223260444e-03 -5.853318849e-05 -8.274550884e-04 -1.481992209e+00 -2.251836491e+00  5.061324626e-03  2.328120162e-03  1.616099826e+00  9.995305971e-01  2.380778307e+00  9.133691333e-01
11 3  9.276112864e-01  3.666666667e+00  5.943015176e-01  5.044262712e-01  1.066681321e+08  6.562963535e-03  3.701954778e+06  8.226161551e+01  1.155551553e+00  4.238449320e-03  2.137528829e-02  6.562963535e-03  5.584409958e-03 -5.565920276e+00 -7.210416831e+00  3.869167088e-03  1.871231760e-03  1.925103903e+00  9.991886778e-01  2.243472098e+00  9.444223927e-01
12 3  9.687897733e-01  4.000000000e+00  2.835435900e-01  5.044262712e-01  2.269734708e+07  1.683014570e-02  6.977882441e+05  9.300231298e+01  1.088089216e+00  1.703570347e-02  5.937839085e-02  1.683014570e-02  2.217723649e-02 -3.984723464e+01 -1.700718603e+01  4.154460590e-03  2.760913245e-03  2.261884006e+00  9.998039677e-01  2.149131484e+00  9.793085124e-01
13 3  9.844280326e-01  4.333333333e+00  2.190394480e-01  5.044262712e-01  8.055574338e+06  1.259502148e-02  2.387384878e+05  9.840116786e+01  7.744668876e-01  8.684894841e-03  2.744117033e-02  1.259502148e-02  2.260002682e-02 -1.390434913e+01 -6.466960054e+00  4.171324522e-03  2.490885602e-03  3.293930675e+00  9.999137061e-01  2.016057763e+00  9.900049800e-01
14 3  9.921653950e-01  4.666666667e+00  2.038932780e-01  5.044262712e-01  4.861552593e+06  9.185565870e-03  1.652957245e+05  9.580936423e+01  6.010185011e-01  4.970093269e-03  1.875353019e-02  9.185565870e-03  1.881520883e-02 -9.622978975e+00 -3.974355937e+00  3.853014160e-03  2.145260320e-03  5.349910907e+00  9.999400032e-01  1.886817135e+00  9.950003272e-01
