11  2.269156846e-07
4 3  4.223544719e-01  1.333333333e+00  7.046219943e-01  5.090739270e-01  3.079192991e+08 -3.021114795e-02  5.324517225e+05  3.155249136e+02  1.372188613e+00  1.980230857e-03 -1.768990141e-02 -3.021114795e-02 -3.291172285e-02 -4.643132709e+00 -5.904682550e+00  4.933842506e-03  2.120560749e-03  9.933362407e-01  1.014703120e+00  2.701469012e+00  3.678617471e-01
5 3  5.506966218e-01  1.666666667e+00  6.281481284e-01  5.090739270e-01  2.208760031e+08 -2.248584186e-02  1.419294205e+06  2.228664567e+02  1.296896945e+00  2.124262659e-03 -1.390742756e-02 -2.248584186e-02 -2.464014266e-02 -2.880542755e+00 -4.749737770e+00  9.018253781e-03  3.105163226e-03  1.053061191e+00  1.008903561e+00  2.801792394e+00  5.393398158e-01
6 3  6.527140792e-01  2.000000000e+00  5.895778220e-01  5.090739270e-01  1.804768916e+08 -1.692902247e-02  1.718166055e+06  1.740955915e+02  1.305803320e+00  2.380833448e-03 -1.042271433e-02 -1.692902247e-02 -1.793190050e-02 -1.912930872e+00 -3.842881867e+00  9.385112196e-03  3.142677668e-03  1.135086731e+00  1.005323808e+00  2.757538516e+00  6.619916419e-01
7 3  7.393148413e-01  2.333333333e+00  5.673032198e-01  5.090739270e-01  1.617654896e+08 -1.073063511e-02  1.015639445e+06  1.425141614e+02  1.334520536e+00  2.624071465e-03 -5.443469076e-03 -1.073063511e-02 -1.040247698e-02 -1.316023841e+00 -3.214096011e+00  9.528786251e-03  3.202537094e-03  1.225023394e+00  1.002864120e+00  2.670652409e+00  7.578002026e-01
8 3  8.135813151e-01  2.666666667e+00  5.553279069e-01  5.090739270e-01  1.449021358e+08 -8.009572360e-03  2.704252406e+06  1.233653556e+02  1.312748600e+00  2.562680221e-03 -3.707843246e-03 -8.009572360e-03 -7.601541170e-03 -5.587513897e-01 -2.773719781e+00  9.448211594e-03  3.371241415e-03  1.330542478e+00  1.001073340e+00  2.566969826e+00  8.343704889e-01
9 3  8.691818607e-01  3.000000000e+00  5.573939725e-01  5.090739270e-01  1.230556627e+08 -4.020055508e-03  5.855949826e+06  1.061460029e+02  1.197755544e+00  1.994192954e-03 -7.468635488e-04 -4.020055508e-03 -2.850672949e-03  9.702237407e-01 -2.559507544e+00  6.446730721e-03  2.779387548e-03  1.474450037e+00  9.999099873e-01  2.434854086e+00  8.901940485e-01
10 3  9.118669366e-01  3.333333333e+00  5.355084809e-01  5.090739270e-01  1.182718292e+08  4.255642759e-03  4.765955267e+06  9.017958352e+01  1.273012509e+00  5.357607735e-03  2.107163335e-02  4.255642759e-03 -5.883510171e-03 -1.453338916e+01 -5.199958910e+00  4.537397424e-03  2.134430177e-03  1.689352350e+00  9.992974185e-01  2.297577257e+00  9.312514466e-01
11 3  9.558649341e-01  3.666666667e+00  3.107358506e-01  5.090739270e-01  4.113254056e+07  2.025160268e-02  1.526233425e+06  8.969387361e+01  1.107134658e+00  1.244584739e-02  7.520678293e-02  2.025160268e-02  1.732773141e-02 -3.407968890e+01 -2.252459043e+01  3.872573127e-03  2.404214881e-03  1.999022124e+00  9.996912026e-01  2.190350439e+00  9.702748458e-01
12 3  9.771047187e-01  4.000000000e+00  2.238922011e-01  5.090739270e-01  1.379397119e+07  1.759961405e-02  3.340391660e+05  9.983090306e+01  8.686043854e-01  9.978353796e-03  4.187649579e-02  1.759961405e-02  2.657774952e-02 -1.841643680e+01 -1.055481049e+01  4.227055174e-03  2.571812262e-03  2.788890670e+00  9.998875908e-01  2.052839201e+00  9.856615084e-01
13 3  9.885951068e-01  4.333333333e+00  1.948581390e-01  5.090739270e-01  7.018673950e+06  1.040113760e-02  1.819515556e+05  1.014583695e+02  6.843280739e-01  6.655524110e-03  2.474013771e-02  1.040113760e-02  2.064054128e-02 -1.364788826e+01 -5.925752893e+00  4.181793304e-03  2.331555794e-03  4.371348601e+00  9.999458214e-01  1.917323800e+00  9.929705426e-01
14 3  9.956236609e-01  4.666666667e+00  1.807635188e-01  5.090739270e-01  4.133629969e+06  5.705251431e-03  1.358883413e+05  9.866973746e+01  5.264373944e-01  3.962021439e-03  1.602344509e-02  5.705251431e-03  1.616701932e-02 -1.153741775e+01 -3.958157724e+00  3.768577599e-03  1.986579535e-03  9.261900369e+00  9.999781559e-01  1.793087883e+00  9.973093132e-01
