10  2.163172594e-07
4 3  4.420616347e-01  1.333333333e+00  7.045663058e-01  5.062758304e-01  3.603581397e+08 -2.857404563e-02  3.162184335e+05  3.821523114e+02  1.375914889e+00  1.796588590e-03 -1.775128751e-02 -2.857404563e-02 -3.115423843e-02 -4.097134376e+00 -5.384691639e+00  5.220878282e-03  2.182583459e-03  9.918063748e-01  1.015874979e+00  2.746251671e+00  3.882620239e-01
5 3  5.764069195e-01  1.666666667e+00  6.271994906e-01  5.062758304e-01  2.454548116e+08 -2.303834021e-02  1.966661120e+06  2.593014945e+02  1.287522216e+00  2.059337297e-03 -1.459641849e-02 -2.303834021e-02 -2.505958297e-02 -2.591987116e+00 -5.199726263e+00  9.653762523e-03  3.210739739e-03  1.056453013e+00  1.008960062e+00  2.845184236e+00  5.669626047e-01
6 3  6.797846867e-01  2.000000000e+00  5.883134795e-01  5.062758304e-01  1.938457718e+08 -1.589064119e-02  1.429455165e+06  2.031052833e+02  1.280680035e+00  2.367756877e-03 -9.024652141e-03 -1.589064119e-02 -1.637185585e-02 -1.792594310e+00 -4.515836017e+00  9.181213881e-03  3.026926185e-03  1.144649269e+00  1.005166127e+00  2.785705541e+00  6.904412599e-01
7 3  7.664825294e-01  2.333333333e+00  5.649557614e-01  5.062758304e-01  1.696117295e+08 -9.468415574e-03  1.323175127e+06  1.712066740e+02  1.308459736e+00  2.716168168e-03 -3.656586116e-03 -9.468415574e-03 -9.432047880e-03 -1.334829427e+00 -3.879314171e+00  9.570379398e-03  3.290154684e-03  1.242264414e+00  1.002635635e+00  2.685496514e+00  7.858750148e-01
8 3  8.406890967e-01  2.666666667e+00  5.489142483e-01  5.062758304e-01  1.426129460e+08 -8.197753784e-03  4.270722920e+06  1.433220421e+02  1.288596329e+00  2.854507469e-03 -3.161410222e-03 -8.197753784e-03 -8.778615876e-03 -1.182114672e+00 -3.262321805e+00  8.719502573e-03  3.324386271e-03  1.368883723e+00  1.000913449e+00  2.572877975e+00  8.602077833e-01
9 3  8.935485795e-01  3.000000000e+00  5.521638928e-01  5.062758304e-01  1.098893189e+08 -4.660312630e-04  6.226456710e+06  1.166036145e+02  1.104300368e+00  1.224520837e-03  9.677590813e-04 -4.660312630e-04  3.348261386e-03  5.042636187e+00 -3.041718545e+00  5.061675287e-03  2.314725051e-03  1.563515888e+00  9.999845476e-01  2.428545167e+00  9.108867138e-01
10 3  9.244757124e-01  3.333333333e+00  6.081032713e-01  5.062758304e-01  9.561607452e+07  5.825929712e-03  3.996246176e+06  9.597314634e+01  9.538970060e-01  5.080232410e-04  5.405244577e-03  5.825929712e-03  1.248894541e-02  8.514906285e+00 -2.601551826e+00  3.602541262e-03  1.712175670e-03  1.922937360e+00  9.995170968e-01  2.260283786e+00  9.399670917e-01
11 3  9.555269821e-01  3.666666667e+00  4.635464586e-01  5.062758304e-01  1.360953629e+08  1.383281814e-02  1.844275708e+06  9.394598587e+01  1.371970294e+00  8.756959646e-03  5.346093048e-02  1.383281814e-02  5.006884229e-03 -5.341705181e+01 -2.084299542e+00  4.368712292e-03  2.416193561e-03  2.348056136e+00  9.994591069e-01  2.123696916e+00  9.675826057e-01
12 3  9.844507199e-01  4.000000000e+00  2.809208491e-01  5.062758304e-01  1.779441279e+07  1.059021761e-02  2.473076757e+05  1.047989051e+02  8.248354496e-01  1.185419693e-02  6.580429757e-02  1.059021761e-02  2.098897555e-02 -2.049887501e+01 -2.885527100e+01  4.370083174e-03  2.410027807e-03  3.173988325e+00  9.998495044e-01  2.006432746e+00  9.894619817e-01
13 3  9.931778113e-01  4.333333333e+00  2.539805600e-01  5.062758304e-01  5.521686139e+06  5.981167880e-03  1.594902952e+05  1.018227648e+02  5.518284676e-01  6.445361472e-03  2.811736772e-02  5.981167880e-03  1.711051852e-02 -1.577085169e+01 -1.069817631e+01  3.716336491e-03  2.034047275e-03  5.418519932e+00  9.999698272e-01  1.868735296e+00  9.954013225e-01
