11  2.164856199e-07
4 3  3.939544065e-01  1.333333333e+00  7.823099457e-01  5.040017656e-01  3.299709009e+08 -2.092857579e-02  3.373111215e+06  3.119933051e+02  1.386398258e+00  1.541709423e-03 -2.092857579e-02 -3.401209669e-02 -4.221782401e+00 -6.392739207e+00  7.992380083e-03  2.065712484e-03  9.939342061e-01  1.012310799e+00  2.683042930e+00
5 3  5.159137381e-01  1.666666667e+00  7.074100786e-01  5.040017656e-01  2.390021759e+08 -1.492233187e-02  3.373111215e+06  2.115855061e+02  1.311940871e+00  1.729361416e-03 -1.492233187e-02 -2.445973593e-02 -3.074280659e+00 -5.253907031e+00  8.178099975e-03  2.103743404e-03  1.046526512e+00  1.008329251e+00  2.799865924e+00
6 3  6.151790891e-01  2.000000000e+00  6.625859163e-01  5.040017656e-01  1.956508451e+08 -1.128904264e-02  3.373111215e+06  1.678184384e+02  1.339842336e+00  2.060157144e-03 -1.128904264e-02 -1.872717336e-02 -2.340385855e+00 -4.264391168e+00  8.441272520e-03  2.199460630e-03  1.122880209e+00  1.005530503e+00  2.774427268e+00
7 3  7.025769508e-01  2.333333333e+00  6.316752832e-01  5.040017656e-01  1.716610305e+08 -7.981056533e-03  3.373111215e+06  1.390210603e+02  1.382918670e+00  2.407331466e-03 -7.981056533e-03 -1.412106965e-02 -1.881089880e+00 -3.563279525e+00  8.746053070e-03  2.295237494e-03  1.206494379e+00  1.003330693e+00  2.709990301e+00
8 3  7.797538006e-01  2.666666667e+00  6.094283742e-01  5.040017656e-01  1.556222236e+08 -5.190059768e-03  3.373111215e+06  1.210179346e+02  1.395591285e+00  2.576262822e-03 -5.190059768e-03 -1.037826479e-02 -1.553613209e+00 -2.994696682e+00  8.895705435e-03  2.344923792e-03  1.302664182e+00  1.001598781e+00  2.627175475e+00
9 3  8.439398945e-01  3.000000000e+00  5.936179729e-01  5.040017656e-01  1.350619065e+08 -2.691106807e-03  3.373111215e+06  1.054115016e+02  1.337332909e+00  2.465875825e-03 -2.691106807e-03 -7.321298450e-03 -1.422915567e+00 -2.586078823e+00  8.682273130e-03  2.296319799e-03  1.433477347e+00  1.000419182e+00  2.524519902e+00
10 3  8.904985992e-01  3.333333333e+00  5.824154599e-01  5.040017656e-01  1.126429558e+08  1.033807743e-03  3.373111215e+06  9.157632065e+01  1.195737755e+00  1.988590530e-03  1.033807743e-03 -3.273788953e-03 -1.297457314e+00 -2.301394408e+00  8.062389319e-03  2.126044137e-03  1.624475473e+00  9.997501373e-01  2.395810664e+00
11 3  9.226220955e-01  3.666666667e+00  5.788487634e-01  5.040017656e-01  1.013971057e+08  8.428972697e-03  3.373111215e+06  8.018537415e+01  1.104793516e+00  1.792876200e-03  8.428972697e-03  3.610067188e-03  2.341203133e-01 -2.986350219e+00  7.677248311e-03  1.997318289e-03  1.937660914e+00  9.993866411e-01  2.255757897e+00
12 3  9.573511211e-01  4.000000000e+00  4.632067597e-01  5.040017656e-01  1.168118736e+08  9.427166298e-02  3.373111215e+06  7.805890670e+01  1.955288284e+00  3.026971729e-02  9.427166298e-02  1.483112598e-02 -7.433483262e+01 -2.523236196e+01  1.165829826e-02  3.084111720e-03  2.236869221e+00  9.994793525e-01  2.145811712e+00
13 3  9.832123233e-01  4.333333333e+00  2.331412390e-01  5.040017656e-01  1.154789626e+07  3.729850706e-02  3.373111215e+06  9.281515989e+01  8.258329634e-01  8.412096741e-03  3.729850706e-02  1.139328099e-02 -1.917706173e+01 -1.131674314e+01  6.804542158e-03  2.125805677e-03  3.073193075e+00  9.998924569e-01  2.035096623e+00
14 3  9.915602163e-01  4.666666667e+00  2.138072550e-01  5.040017656e-01  5.818987928e+06  2.265441836e-02  3.373111215e+06  9.125494919e+01  6.180158517e-01  4.828721563e-03  2.265441836e-02  7.889989096e-03 -1.129604696e+01 -6.357986053e+00  5.583246964e-03  1.840298740e-03  4.967828954e+00  9.999424659e-01  1.905872532e+00
