10  2.168989809e-07
4 3  4.357417668e-01  1.333333333e+00  7.222374317e-01  5.053473377e-01  2.922113617e+08 -1.254369727e-02  3.384683398e+06  3.379171645e+02  1.370382868e+00  1.760554366e-03 -1.254369727e-02 -2.413543093e-02 -4.174169313e+00 -6.197950343e+00  8.357758622e-03  2.165013386e-03  9.956051815e-01  1.015728031e+00  2.749252394e+00
5 3  5.669626281e-01  1.666666667e+00  6.433003393e-01  5.053473377e-01  2.012255908e+08 -1.124205265e-02  3.384683398e+06  2.430097846e+02  1.283556901e+00  1.852860795e-03 -1.124205265e-02 -1.878171933e-02 -2.818103423e+00 -4.448872359e+00  8.397629928e-03  2.193057694e-03  1.060817165e+00  1.009370872e+00  2.843826992e+00
6 3  6.684470642e-01  2.000000000e+00  6.008727607e-01  5.053473377e-01  1.632158279e+08 -8.170330853e-03  3.384683398e+06  1.871168287e+02  1.280264207e+00  2.005832714e-03 -8.170330853e-03 -1.383106701e-02 -2.068936478e+00 -3.419812227e+00  8.552133237e-03  2.245601959e-03  1.152423649e+00  1.005896627e+00  2.784435083e+00
7 3  7.542243012e-01  2.333333333e+00  5.736712524e-01  5.053473377e-01  1.496093719e+08 -3.010919962e-03  3.384683398e+06  1.553309887e+02  1.317841981e+00  2.199139867e-03 -3.010919962e-03 -7.619486722e-03 -1.606497939e+00 -2.783701956e+00  8.829916172e-03  2.321434589e-03  1.254280921e+00  1.003336473e+00  2.686068332e+00
8 3  8.280573621e-01  2.666666667e+00  5.556913883e-01  5.053473377e-01  1.355530331e+08 -1.189909415e-03  3.384683398e+06  1.349307166e+02  1.296810601e+00  2.142047912e-03 -1.189909415e-03 -5.058540791e-03 -1.186684605e+00 -2.342026425e+00  8.769873223e-03  2.313046909e-03  1.379741358e+00  1.001314898e+00  2.575188885e+00
9 3  8.829618012e-01  3.000000000e+00  5.465138012e-01  5.053473377e-01  1.143339656e+08  2.618012214e-03  3.384683398e+06  1.158682770e+02  1.164290223e+00  1.767575319e-03  2.618012214e-03 -1.072787302e-03 -7.972190904e-01 -2.259617478e+00  8.156154142e-03  2.146902065e-03  1.567887676e+00  1.000177543e+00  2.438060513e+00
10 3  9.214941309e-01  3.333333333e+00  5.358166744e-01  5.053473377e-01  1.109985912e+08  1.147302582e-02  3.384683398e+06  9.756196910e+01  1.192116877e+00  2.720852622e-03  1.147302582e-02  3.757096303e-03 -4.397847637e+00 -3.404621632e+00  8.359547694e-03  2.164527502e-03  1.869353482e+00  9.997182583e-01  2.288959839e+00
11 3  9.538853599e-01  3.666666667e+00  4.622764957e-01  5.053473377e-01  7.951320591e+07  6.811861958e-02  3.384683398e+06  8.797902654e+01  1.223978008e+00  9.938619775e-03  6.811861958e-02  9.780052914e-03 -3.658904145e+01 -2.460591030e+01  8.794168091e-03  2.283521898e-03  2.355661104e+00  9.995762954e-01  2.153710980e+00
12 3  9.823889075e-01  4.000000000e+00  2.336603035e-01  5.053473377e-01  1.095660281e+07  3.695086683e-02  3.384683398e+06  1.027473542e+02  8.338799504e-01  9.331034318e-03  3.695086683e-02  1.229215963e-02 -2.313425764e+01 -1.099119775e+01  7.046721087e-03  2.204838161e-03  3.127737397e+00  9.998988112e-01  2.033884242e+00
13 3  9.919920482e-01  4.333333333e+00  2.061412972e-01  5.053473377e-01  5.078973867e+06  2.260727006e-02  3.384683398e+06  1.025724944e+02  5.994629116e-01  4.750247809e-03  2.260727006e-02  1.007299650e-02 -1.308796996e+01 -5.446905808e+00  5.617073459e-03  1.867340329e-03  5.263324680e+00  1.000001909e+00  1.895979525e+00
