10  2.168771744e-07
4 3  4.401718193e-01  1.333333333e+00  7.173452042e-01  5.057939027e-01  2.894159863e+08 -1.207007165e-02  3.391008914e+06  3.432921545e+02  1.367061282e+00  1.764709752e-03 -1.207007165e-02 -2.338424607e-02 -4.128902545e+00 -6.099339234e+00  8.377024724e-03  2.172534366e-03  9.956834411e-01  1.015858200e+00  2.757458346e+00
5 3  5.717494892e-01  1.666666667e+00  6.390514132e-01  5.057939027e-01  1.989769535e+08 -1.089691001e-02  3.391008914e+06  2.468398034e+02  1.278190311e+00  1.842069664e-03 -1.089691001e-02 -1.823983600e-02 -2.762786724e+00 -4.367727597e+00  8.397126780e-03  2.196089953e-03  1.062325507e+00  1.009334422e+00  2.846980496e+00
6 3  6.730298432e-01  2.000000000e+00  5.974441004e-01  5.057939027e-01  1.620607082e+08 -7.604776564e-03  3.391008914e+06  1.891270676e+02  1.273950126e+00  1.982109575e-03 -7.604776564e-03 -1.313031165e-02 -2.019370690e+00 -3.363635653e+00  8.550652093e-03  2.245403881e-03  1.155233969e+00  1.005831171e+00  2.783054995e+00
7 3  7.585257814e-01  2.333333333e+00  5.709485531e-01  5.057939027e-01  1.493301801e+08 -2.530097213e-03  3.391008914e+06  1.571950267e+02  1.311232306e+00  2.162095043e-03 -2.530097213e-03 -7.030441160e-03 -1.556542692e+00 -2.739501531e+00  8.824014039e-03  2.319259984e-03  1.258629536e+00  1.003254561e+00  2.681619010e+00
8 3  8.316728161e-01  2.666666667e+00  5.537504551e-01  5.057939027e-01  1.349867682e+08 -7.988142215e-04  3.391008914e+06  1.365887179e+02  1.283927581e+00  2.078545855e-03 -7.988142215e-04 -4.583167387e-03 -1.119374271e+00 -2.317626760e+00  8.725809244e-03  2.301180188e-03  1.386790431e+00  1.001245370e+00  2.567536741e+00
9 3  8.854434071e-01  3.000000000e+00  5.454993668e-01  5.057939027e-01  1.138879346e+08  3.152634552e-03  3.391008914e+06  1.170373663e+02  1.150333233e+00  1.712838870e-03  3.152634552e-03 -5.057325729e-04 -7.083628332e-01 -2.277722576e+00  8.098960752e-03  2.131029568e-03  1.580003636e+00  1.000137626e+00  2.427122475e+00
10 3  9.240601309e-01  3.333333333e+00  5.327781672e-01  5.057939027e-01  1.117225657e+08  1.387165076e-02  3.391008914e+06  9.807175794e+01  1.197002889e+00  3.022064623e-03  1.387165076e-02  4.508291462e-03 -6.053396629e+00 -3.860266412e+00  8.407852942e-03  2.173257384e-03  1.884245531e+00  9.996869011e-01  2.278651249e+00
11 3  9.571478901e-01  3.666666667e+00  4.321298698e-01  5.057939027e-01  7.083928430e+07  7.615225807e-02  3.391008914e+06  9.025844403e+01  1.251182145e+00  1.207542617e-02  7.615225807e-02  1.106457500e-02 -4.494718698e+01 -2.688395406e+01  8.993843170e-03  2.364429798e-03  2.390092705e+00  9.995983933e-01  2.145485270e+00
12 3  9.831315108e-01  4.000000000e+00  2.307534896e-01  5.057939027e-01  1.029578239e+07  3.517562959e-02  3.391008914e+06  1.040871264e+02  8.166848406e-01  8.969084831e-03  3.517562959e-02  1.223905102e-02 -2.172642535e+01 -1.030097412e+01  6.965429900e-03  2.192388190e-03  3.218575612e+00  9.999108616e-01  2.020716011e+00
13 3  9.924265173e-01  4.333333333e+00  2.049444396e-01  5.057939027e-01  4.897195623e+06  2.187310691e-02  3.391008914e+06  1.034417363e+02  5.883936599e-01  4.548642145e-03  2.187310691e-02  9.898988203e-03 -1.284111900e+01 -5.188105181e+00  5.556880719e-03  1.851510503e-03  5.472349532e+00  1.000005145e+00  1.883089096e+00
