10  2.158962469e-07
4 3  4.571533692e-01  1.333333333e+00  7.039215811e-01  5.080617216e-01  2.835480809e+08 -1.076848565e-02  3.437031059e+06  3.734518594e+02  1.349689375e+00  1.729302934e-03 -1.076848565e-02 -2.089389778e-02 -3.837552311e+00 -5.667094817e+00  8.402352760e-03  2.191628091e-03  9.959829436e-01  1.016012077e+00  2.789663495e+00
5 3  5.890838486e-01  1.666666667e+00  6.302736676e-01  5.080617216e-01  1.950241859e+08 -9.134025348e-03  3.437031059e+06  2.637271727e+02  1.255755095e+00  1.764348786e-03 -9.134025348e-03 -1.578051785e-02 -2.476498690e+00 -4.126040021e+00  8.366468151e-03  2.197453900e-03  1.067948390e+00  1.008994004e+00  2.855924433e+00
6 3  6.893612247e-01  2.000000000e+00  5.927142125e-01  5.080617216e-01  1.621539267e+08 -5.247731286e-03  3.437031059e+06  1.985316585e+02  1.251709704e+00  1.874360294e-03 -5.247731286e-03 -1.033056740e-02 -1.769965775e+00 -3.235304153e+00  8.532050268e-03  2.238890161e-03  1.164852699e+00  1.005408788e+00  2.775168092e+00
7 3  7.734281401e-01  2.333333333e+00  5.695717341e-01  5.080617216e-01  1.515906653e+08 -7.844262470e-04  3.437031059e+06  1.660415296e+02  1.282160220e+00  1.995852117e-03 -7.844262470e-04 -4.950339585e-03 -1.318791614e+00 -2.656235201e+00  8.758180200e-03  2.298593702e-03  1.273742271e+00  1.002844163e+00  2.661989853e+00
8 3  8.432936624e-01  2.666666667e+00  5.556395948e-01  5.080617216e-01  1.351597571e+08  7.442283528e-04  3.437031059e+06  1.443194818e+02  1.230719904e+00  1.841410139e-03  7.442283528e-04 -2.841210534e-03 -8.720052643e-01 -2.317964788e+00  8.506799686e-03  2.243141409e-03  1.411258990e+00  1.000962582e+00  2.534881768e+00
9 3  8.930634117e-01  3.000000000e+00  5.507102378e-01  5.080617216e-01  1.153703243e+08  4.854271523e-03  3.437031059e+06  1.228073901e+02  1.108902481e+00  1.506646151e-03  4.854271523e-03  1.436562922e-03 -2.160924321e-01 -2.341318238e+00  7.903972107e-03  2.079016676e-03  1.620065367e+00  9.999587689e-01  2.383816909e+00
10 3  9.312044573e-01  3.333333333e+00  5.259335523e-01  5.080617216e-01  1.146278439e+08  2.749514625e-02  3.437031059e+06  1.016956972e+02  1.194217736e+00  4.227584959e-03  2.749514625e-02  8.444967928e-03 -1.587499944e+01 -6.394223238e+00  8.445561937e-03  2.174353866e-03  1.924061322e+00  9.995559545e-01  2.236161532e+00
11 3  9.663742032e-01  3.666666667e+00  3.269433987e-01  5.080617216e-01  3.550673308e+07  7.212606550e-02  3.437031059e+06  1.023306843e+02  1.065665220e+00  1.179846088e-02  7.212606550e-02  1.491648236e-02 -4.306399148e+01 -2.487434092e+01  8.256118942e-03  2.298545806e-03  2.455949651e+00  9.997136122e-01  2.109984495e+00
12 3  9.852718011e-01  4.000000000e+00  2.244379994e-01  5.080617216e-01  8.860576808e+06  3.010469997e-02  3.437031059e+06  1.105686326e+02  7.667611897e-01  7.794366269e-03  3.010469997e-02  1.164664327e-02 -1.765968857e+01 -8.538926686e+00  6.728262746e-03  2.150296509e-03  3.558993856e+00  9.999383758e-01  1.972418461e+00
13 3  9.940880877e-01  4.333333333e+00  2.022907376e-01  5.080617216e-01  4.492716430e+06  1.842511456e-02  3.437031059e+06  1.087501003e+02  5.621777680e-01  4.015486944e-03  1.842511456e-02  8.333438074e-03 -1.181482848e+01 -4.360406346e+00  5.428628244e-03  1.821246663e-03  6.722462838e+00  1.000002607e+00  1.837103670e+00
