 1.695500020e+00 -1.845721960e+00  8.603086798e-01  4.072067437e+00  9.330915346e-01  5.255595600e+00  9.952697510e-01  9.724994640e-01  7.555451090e+00 512 3 13
 0.000000000e+00  0.000000000e+00 -1.795703816e-06
 1.956947162e-03  2.791409890e-02  1.402145179e-01
 3.913894325e-03  3.947634917e-02  1.982927206e-01
 5.870841487e-03  4.834844582e-02  2.428536507e-01
 7.827788650e-03  5.582816104e-02  2.804134348e-01
 9.784735812e-03  6.241820679e-02  3.134953872e-01
 1.174168297e-02  6.837642414e-02  3.433931601e-01
 1.369863014e-02  7.385599658e-02  3.708749166e-01
 1.565557730e-02  7.895674226e-02  3.964409124e-01
 1.761252446e-02  8.374800346e-02  4.204384345e-01
 1.956947162e-02  8.828027467e-02  4.431202188e-01
 2.152641879e-02  9.259168077e-02  4.646768536e-01
 2.348336595e-02  9.671184724e-02  4.852556666e-01
 2.544031311e-02  1.006643418e-01  5.049749109e-01
 2.739726027e-02  1.044682692e-01  5.239303873e-01
 2.935420744e-02  1.081393757e-01  5.422007207e-01
 3.131115460e-02  1.116908226e-01  5.598518116e-01
 3.326810176e-02  1.151337424e-01  5.769396934e-01
 3.522504892e-02  1.184776515e-01  5.935111237e-01
 3.718199609e-02  1.217307674e-01  6.096065338e-01
 3.913894325e-02  1.249002419e-01  6.252607731e-01
 4.109589041e-02  1.279923474e-01  6.405046668e-01
 4.305283757e-02  1.310126183e-01  6.553659994e-01
 4.500978474e-02  1.339659653e-01  6.698697329e-01
 4.696673190e-02  1.368567692e-01  6.840380249e-01
 4.892367906e-02  1.396889592e-01  6.978894550e-01
 5.088062622e-02  1.424660811e-01  7.114401308e-01
 5.283757339e-02  1.451913480e-01  7.247053562e-01
 5.479452055e-02  1.478676786e-01  7.377000402e-01
 5.675146771e-02  1.504977308e-01  7.504382192e-01
 5.870841487e-02  1.530839340e-01  7.629312914e-01
 6.066536204e-02  1.556285209e-01  7.751885505e-01
 6.262230920e-02  1.581335508e-01  7.872196986e-01
 6.457925636e-02  1.606009222e-01  7.990355640e-01
 6.653620352e-02  1.630323864e-01  8.106454732e-01
 6.849315068e-02  1.654295679e-01  8.220553362e-01
 7.045009785e-02  1.677939836e-01  8.332708133e-01
 7.240704501e-02  1.701270485e-01  8.442992313e-01
 7.436399217e-02  1.724300803e-01  8.551474524e-01
 7.632093933e-02  1.747043101e-01  8.658222524e-01
 7.827788650e-02  1.769508893e-01  8.763292114e-01
 8.023483366e-02  1.791708997e-01  8.866711078e-01
 8.219178082e-02  1.813653645e-01  8.968521606e-01
 8.414872798e-02  1.835352455e-01  9.068780132e-01
 8.610567515e-02  1.856814466e-01  9.167535696e-01
 8.806262231e-02  1.878048206e-01  9.264830391e-01
 9.001956947e-02  1.899061740e-01  9.360686928e-01
 9.197651663e-02  1.919862746e-01  9.455130448e-01
 9.393346380e-02  1.940458507e-01  9.548190069e-01
 9.589041096e-02  1.960855935e-01  9.639915915e-01
 9.784735812e-02  1.981061551e-01  9.730344715e-01
 9.980430528e-02  2.001081567e-01  9.819486052e-01
 1.017612524e-01  2.020921940e-01  9.907355500e-01
 1.037181996e-01  2.040588355e-01  9.993976872e-01
 1.056751468e-01  2.060086235e-01  1.007937801e+00
 1.076320939e-01  2.079420740e-01  1.016360535e+00
 1.095890411e-01  2.098596767e-01  1.024666959e+00
 1.115459883e-01  2.117619044e-01  1.032856577e+00
 1.135029354e-01  2.136492133e-01  1.040931553e+00
 1.154598826e-01  2.155220387e-01  1.048893902e+00
 1.174168297e-01  2.173807982e-01  1.056746696e+00
 1.193737769e-01  2.192258897e-01  1.064492211e+00
 1.213307241e-01  2.210576962e-01  1.072130042e+00
 1.232876712e-01  2.228765895e-01  1.079661085e+00
 1.252446184e-01  2.246829272e-01  1.087086688e+00
 1.272015656e-01  2.264770536e-01  1.094408640e+00
 1.291585127e-01  2.282592992e-01  1.101629464e+00
 1.311154599e-01  2.300299808e-01  1.108750751e+00
 1.330724070e-01  2.317894049e-01  1.115771345e+00
 1.350293542e-01  2.335378713e-01  1.122692214e+00
 1.369863014e-01  2.352756683e-01  1.129514422e+00
 1.389432485e-01  2.370030746e-01  1.136239835e+00
 1.409001957e-01  2.387203582e-01  1.142870768e+00
 1.428571429e-01  2.404277771e-01  1.149407128e+00
 1.448140900e-01  2.421255838e-01  1.155848028e+00
 1.467710372e-01  2.438140247e-01  1.162194597e+00
 1.487279843e-01  2.454933373e-01  1.168448268e+00
 1.506849315e-01  2.471637513e-01  1.174610614e+00
 1.526418787e-01  2.488254884e-01  1.180683134e+00
 1.545988258e-01  2.504787639e-01  1.186664258e+00
 1.565557730e-01  2.521237903e-01  1.192554717e+00
 1.585127202e-01  2.537607726e-01  1.198355453e+00
 1.604696673e-01  2.553899105e-01  1.204066983e+00
 1.624266145e-01  2.570113978e-01  1.209691694e+00
 1.643835616e-01  2.586254206e-01  1.215229349e+00
 1.663405088e-01  2.602321630e-01  1.220679373e+00
 1.682974560e-01  2.618318046e-01  1.226042053e+00
 1.702544031e-01  2.634245209e-01  1.231317998e+00
 1.722113503e-01  2.650104823e-01  1.236508494e+00
 1.741682975e-01  2.665898538e-01  1.241615952e+00
 1.761252446e-01  2.681627948e-01  1.246638450e+00
 1.780821918e-01  2.697294649e-01  1.251575732e+00
 1.800391389e-01  2.712900193e-01  1.256428818e+00
 1.819960861e-01  2.728446091e-01  1.261198282e+00
 1.839530333e-01  2.743933816e-01  1.265885649e+00
 1.859099804e-01  2.759364795e-01  1.270491290e+00
 1.878669276e-01  2.774740433e-01  1.275014371e+00
 1.898238748e-01  2.790062117e-01  1.279455194e+00
 1.917808219e-01  2.805331200e-01  1.283814340e+00
 1.937377691e-01  2.820549005e-01  1.288092201e+00
 1.956947162e-01  2.835716827e-01  1.292290265e+00
 1.976516634e-01  2.850835919e-01  1.296408645e+00
 1.996086106e-01  2.865907523e-01  1.300446684e+00
 2.015655577e-01  2.880932861e-01  1.304404688e+00
 2.035225049e-01  2.895913133e-01  1.308283220e+00
 2.054794521e-01  2.910849510e-01  1.312082690e+00
 2.074363992e-01  2.925743140e-01  1.315804711e+00
 2.093933464e-01  2.940595137e-01  1.319448838e+00
 2.113502935e-01  2.955406609e-01  1.323014654e+00
 2.133072407e-01  2.970178649e-01  1.326502586e+00
 2.152641879e-01  2.984912328e-01  1.329913048e+00
 2.172211350e-01  2.999608696e-01  1.333246932e+00
 2.191780822e-01  3.014268776e-01  1.336505428e+00
 2.211350294e-01  3.028893571e-01  1.339687587e+00
 2.230919765e-01  3.043484084e-01  1.342793463e+00
 2.250489237e-01  3.058041299e-01  1.345823715e+00
 2.270058708e-01  3.072566178e-01  1.348778943e+00
 2.289628180e-01  3.087059667e-01  1.351659821e+00
 2.309197652e-01  3.101522694e-01  1.354466749e+00
 2.328767123e-01  3.115956173e-01  1.357199448e+00
 2.348336595e-01  3.130361012e-01  1.359858372e+00
 2.367906067e-01  3.144738100e-01  1.362444033e+00
 2.387475538e-01  3.159088312e-01  1.364956719e+00
 2.407045010e-01  3.173412512e-01  1.367397146e+00
 2.426614481e-01  3.187711545e-01  1.369765765e+00
 2.446183953e-01  3.201986246e-01  1.372062661e+00
 2.465753425e-01  3.216237442e-01  1.374288131e+00
 2.485322896e-01  3.230465946e-01  1.376442579e+00
 2.504892368e-01  3.244672561e-01  1.378526461e+00
 2.524461840e-01  3.258858076e-01  1.380540563e+00
 2.544031311e-01  3.273023266e-01  1.382485277e+00
 2.563600783e-01  3.287168898e-01  1.384360705e+00
 2.583170254e-01  3.301295732e-01  1.386167266e+00
 2.602739726e-01  3.315404514e-01  1.387905487e+00
 2.622309198e-01  3.329495981e-01  1.389575969e+00
 2.641878669e-01  3.343570859e-01  1.391179229e+00
 2.661448141e-01  3.357629864e-01  1.392715554e+00
 2.681017613e-01  3.371673704e-01  1.394185463e+00
 2.700587084e-01  3.385703076e-01  1.395589507e+00
 2.720156556e-01  3.399718670e-01  1.396928249e+00
 2.739726027e-01  3.413721163e-01  1.398202096e+00
 2.759295499e-01  3.427711228e-01  1.399411501e+00
 2.778864971e-01  3.441689526e-01  1.400557155e+00
 2.798434442e-01  3.455656710e-01  1.401639640e+00
 2.818003914e-01  3.469613423e-01  1.402659457e+00
 2.837573386e-01  3.483560302e-01  1.403617317e+00
 2.857142857e-01  3.497497972e-01  1.404513495e+00
 2.876712329e-01  3.511427055e-01  1.405348551e+00
 2.896281800e-01  3.525348163e-01  1.406123258e+00
 2.915851272e-01  3.539261899e-01  1.406838468e+00
 2.935420744e-01  3.553168854e-01  1.407494786e+00
 2.954990215e-01  3.567069616e-01  1.408092611e+00
 2.974559687e-01  3.580964763e-01  1.408632261e+00
 2.994129159e-01  3.594854872e-01  1.409114528e+00
 3.013698630e-01  3.608740507e-01  1.409540484e+00
 3.033268102e-01  3.622622220e-01  1.409910714e+00
 3.052837573e-01  3.636500562e-01  1.410225620e+00
 3.072407045e-01  3.650376074e-01  1.410485671e+00
 3.091976517e-01  3.664249296e-01  1.410691523e+00
 3.111545988e-01  3.678120758e-01  1.410843851e+00
 3.131115460e-01  3.691990982e-01  1.410943351e+00
 3.150684932e-01  3.705860484e-01  1.410990813e+00
 3.170254403e-01  3.719729773e-01  1.410986779e+00
 3.189823875e-01  3.733599354e-01  1.410931551e+00
 3.209393346e-01  3.747469727e-01  1.410825627e+00
 3.228962818e-01  3.761341388e-01  1.410669822e+00
 3.248532290e-01  3.775214822e-01  1.410465052e+00
 3.268101761e-01  3.789090510e-01  1.410211865e+00
 3.287671233e-01  3.802968926e-01  1.409910416e+00
 3.307240705e-01  3.816850544e-01  1.409561415e+00
 3.326810176e-01  3.830735832e-01  1.409165503e+00
 3.346379648e-01  3.844625250e-01  1.408723400e+00
 3.365949119e-01  3.858519252e-01  1.408235725e+00
 3.385518591e-01  3.872418289e-01  1.407703219e+00
 3.405088063e-01  3.886322805e-01  1.407126054e+00
 3.424657534e-01  3.900233244e-01  1.406505071e+00
 3.444227006e-01  3.914150040e-01  1.405840489e+00
 3.463796477e-01  3.928073630e-01  1.405133209e+00
 3.483365949e-01  3.942004438e-01  1.404384170e+00
 3.502935421e-01  3.955942883e-01  1.403593742e+00
 3.522504892e-01  3.969889385e-01  1.402762013e+00
 3.542074364e-01  3.983844361e-01  1.401889999e+00
 3.561643836e-01  3.997808218e-01  1.400978156e+00
 3.581213307e-01  4.011781362e-01  1.400027333e+00
 3.600782779e-01  4.025764192e-01  1.399038046e+00
 3.620352250e-01  4.039757104e-01  1.398010537e+00
 3.639921722e-01  4.053760492e-01  1.396945687e+00
 3.659491194e-01  4.067774744e-01  1.395844150e+00
 3.679060665e-01  4.081800242e-01  1.394706075e+00
 3.698630137e-01  4.095837370e-01  1.393532496e+00
 3.718199609e-01  4.109886501e-01  1.392324113e+00
 3.737769080e-01  4.123948005e-01  1.391080967e+00
 3.757338552e-01  4.138022254e-01  1.389804036e+00
 3.776908023e-01  4.152109608e-01  1.388493757e+00
 3.796477495e-01  4.166210430e-01  1.387150656e+00
 3.816046967e-01  4.180325076e-01  1.385775740e+00
 3.835616438e-01  4.194453893e-01  1.384368983e+00
 3.855185910e-01  4.208597235e-01  1.382931208e+00
 3.874755382e-01  4.222755444e-01  1.381463393e+00
 3.894324853e-01  4.236928857e-01  1.379965642e+00
 3.913894325e-01  4.251117813e-01  1.378438611e+00
 3.933463796e-01  4.265322645e-01  1.376882819e+00
 3.953033268e-01  4.279543683e-01  1.375298905e+00
 3.972602740e-01  4.293781250e-01  1.373687827e+00
 3.992172211e-01  4.308035664e-01  1.372049984e+00
 4.011741683e-01  4.322307242e-01  1.370385484e+00
 4.031311155e-01  4.336596301e-01  1.368695396e+00
 4.050880626e-01  4.350903147e-01  1.366979987e+00
 4.070450098e-01  4.365228087e-01  1.365240066e+00
 4.090019569e-01  4.379571421e-01  1.363476370e+00
 4.109589041e-01  4.393933444e-01  1.361689271e+00
 4.129158513e-01  4.408314450e-01  1.359879237e+00
 4.148727984e-01  4.422714730e-01  1.358046794e+00
 4.168297456e-01  4.437134569e-01  1.356192507e+00
 4.187866928e-01  4.451574250e-01  1.354317418e+00
 4.207436399e-01  4.466034046e-01  1.352422168e+00
 4.227005871e-01  4.480514227e-01  1.350506758e+00
 4.246575342e-01  4.495015066e-01  1.348571525e+00
 4.266144814e-01  4.509536832e-01  1.346617335e+00
 4.285714286e-01  4.524079786e-01  1.344645247e+00
 4.305283757e-01  4.538644179e-01  1.342655814e+00
 4.324853229e-01  4.553230261e-01  1.340649322e+00
 4.344422701e-01  4.567838281e-01  1.338625905e+00
 4.363992172e-01  4.582468489e-01  1.336586184e+00
 4.383561644e-01  4.597121126e-01  1.334531357e+00
 4.403131115e-01  4.611796421e-01  1.332461894e+00
 4.422700587e-01  4.626494605e-01  1.330378332e+00
 4.442270059e-01  4.641215904e-01  1.328281013e+00
 4.461839530e-01  4.655960540e-01  1.326169928e+00
 4.481409002e-01  4.670728739e-01  1.324046277e+00
 4.500978474e-01  4.685520711e-01  1.321910879e+00
 4.520547945e-01  4.700336659e-01  1.319764262e+00
 4.540117417e-01  4.715176787e-01  1.317607036e+00
 4.559686888e-01  4.730041292e-01  1.315438651e+00
 4.579256360e-01  4.744930380e-01  1.313260078e+00
 4.598825832e-01  4.759844240e-01  1.311072691e+00
 4.618395303e-01  4.774783050e-01  1.308876875e+00
 4.637964775e-01  4.789746990e-01  1.306673120e+00
 4.657534247e-01  4.804736234e-01  1.304461295e+00
 4.677103718e-01  4.819750960e-01  1.302241778e+00
 4.696673190e-01  4.834791337e-01  1.300015959e+00
 4.716242661e-01  4.849857520e-01  1.297784465e+00
 4.735812133e-01  4.864949664e-01  1.295547591e+00
 4.755381605e-01  4.880067917e-01  1.293305750e+00
 4.774951076e-01  4.895212427e-01  1.291058895e+00
 4.794520548e-01  4.910383343e-01  1.288808056e+00
 4.814090020e-01  4.925580796e-01  1.286554080e+00
 4.833659491e-01  4.940804913e-01  1.284297454e+00
 4.853228963e-01  4.956055819e-01  1.282038450e+00
 4.872798434e-01  4.971333633e-01  1.279777414e+00
 4.892367906e-01  4.986638473e-01  1.277514799e+00
 4.911937378e-01  5.001970450e-01  1.275251371e+00
 4.931506849e-01  5.017329664e-01  1.272987928e+00
 4.951076321e-01  5.032716211e-01  1.270724717e+00
 4.970645793e-01  5.048130183e-01  1.268461998e+00
 4.990215264e-01  5.063571670e-01  1.266200344e+00
 5.009784736e-01  5.079040754e-01  1.263940202e+00
 5.029354207e-01  5.094537511e-01  1.261682456e+00
 5.048923679e-01  5.110062007e-01  1.259427355e+00
 5.068493151e-01  5.125614308e-01  1.257175218e+00
 5.088062622e-01  5.141194473e-01  1.254926840e+00
 5.107632094e-01  5.156802552e-01  1.252682343e+00
 5.127201566e-01  5.172438594e-01  1.250442507e+00
 5.146771037e-01  5.188102639e-01  1.248207601e+00
 5.166340509e-01  5.203794721e-01  1.245977968e+00
 5.185909980e-01  5.219514872e-01  1.243754551e+00
 5.205479452e-01  5.235263109e-01  1.241537555e+00
 5.225048924e-01  5.251039451e-01  1.239327314e+00
 5.244618395e-01  5.266843908e-01  1.237124166e+00
 5.264187867e-01  5.282676488e-01  1.234928628e+00
 5.283757339e-01  5.298537188e-01  1.232741463e+00
 5.303326810e-01  5.314425998e-01  1.230563034e+00
 5.322896282e-01  5.330342903e-01  1.228393373e+00
 5.342465753e-01  5.346287888e-01  1.226232650e+00
 5.362035225e-01  5.362260933e-01  1.224081622e+00
 5.381604697e-01  5.378262006e-01  1.221940662e+00
 5.401174168e-01  5.394291071e-01  1.219810039e+00
 5.420743640e-01  5.410348089e-01  1.217689890e+00
 5.440313112e-01  5.426433020e-01  1.215580145e+00
 5.459882583e-01  5.442545820e-01  1.213481451e+00
 5.479452055e-01  5.458686435e-01  1.211394145e+00
 5.499021526e-01  5.474854809e-01  1.209318295e+00
 5.518590998e-01  5.491050883e-01  1.207254023e+00
 5.538160470e-01  5.507274596e-01  1.205201290e+00
 5.557729941e-01  5.523525886e-01  1.203160461e+00
 5.577299413e-01  5.539804683e-01  1.201131780e+00
 5.596868885e-01  5.556110915e-01  1.199115309e+00
 5.616438356e-01  5.572444508e-01  1.197111066e+00
 5.636007828e-01  5.588805386e-01  1.195119046e+00
 5.655577299e-01  5.605193473e-01  1.193139391e+00
 5.675146771e-01  5.621608687e-01  1.191172219e+00
 5.694716243e-01  5.638050947e-01  1.189217562e+00
 5.714285714e-01  5.654520168e-01  1.187275373e+00
 5.733855186e-01  5.671016264e-01  1.185345667e+00
 5.753424658e-01  5.687539151e-01  1.183428432e+00
 5.772994129e-01  5.704088741e-01  1.181523641e+00
 5.792563601e-01  5.720664945e-01  1.179631291e+00
 5.812133072e-01  5.737267675e-01  1.177751294e+00
 5.831702544e-01  5.753896841e-01  1.175883578e+00
 5.851272016e-01  5.770552355e-01  1.174028067e+00
 5.870841487e-01  5.787234127e-01  1.172184719e+00
 5.890410959e-01  5.803942066e-01  1.170353396e+00
 5.909980431e-01  5.820676085e-01  1.168533961e+00
 5.929549902e-01  5.837436094e-01  1.166726281e+00
 5.949119374e-01  5.854222008e-01  1.164930215e+00
 5.968688845e-01  5.871033738e-01  1.163145685e+00
 5.988258317e-01  5.887871198e-01  1.161372585e+00
 6.007827789e-01  5.904734302e-01  1.159610701e+00
 6.027397260e-01  5.921622966e-01  1.157859825e+00
 6.046966732e-01  5.938537109e-01  1.156119859e+00
 6.066536204e-01  5.955476647e-01  1.154390695e+00
 6.086105675e-01  5.972441499e-01  1.152672237e+00
 6.105675147e-01  5.989431584e-01  1.150964311e+00
 6.125244618e-01  6.006446822e-01  1.149266725e+00
 6.144814090e-01  6.023487137e-01  1.147579330e+00
 6.164383562e-01  6.040552451e-01  1.145902070e+00
 6.183953033e-01  6.057642687e-01  1.144234762e+00
 6.203522505e-01  6.074757771e-01  1.142577195e+00
 6.223091977e-01  6.091897630e-01  1.140929159e+00
 6.242661448e-01  6.109062195e-01  1.139290406e+00
 6.262230920e-01  6.126251398e-01  1.137660877e+00
 6.281800391e-01  6.143465171e-01  1.136040261e+00
 6.301369863e-01  6.160703452e-01  1.134428200e+00
 6.320939335e-01  6.177966183e-01  1.132824589e+00
 6.340508806e-01  6.195253305e-01  1.131229160e+00
 6.360078278e-01  6.212564764e-01  1.129641780e+00
 6.379647750e-01  6.229900507e-01  1.128061938e+00
 6.399217221e-01  6.247260490e-01  1.126489273e+00
 6.418786693e-01  6.264644672e-01  1.124923521e+00
 6.438356164e-01  6.282053015e-01  1.123364677e+00
 6.457925636e-01  6.299485479e-01  1.121812484e+00
 6.477495108e-01  6.316942032e-01  1.120266282e+00
 6.497064579e-01  6.334422651e-01  1.118725651e+00
 6.516634051e-01  6.351927318e-01  1.117190349e+00
 6.536203523e-01  6.369456017e-01  1.115660191e+00
 6.555772994e-01  6.387008735e-01  1.114134959e+00
 6.575342466e-01  6.404585462e-01  1.112614234e+00
 6.594911937e-01  6.422186198e-01  1.111097354e+00
 6.614481409e-01  6.439810951e-01  1.109584040e+00
 6.634050881e-01  6.457459731e-01  1.108074170e+00
 6.653620352e-01  6.475132551e-01  1.106567043e+00
 6.673189824e-01  6.492829438e-01  1.105062589e+00
 6.692759295e-01  6.510550414e-01  1.103560411e+00
 6.712328767e-01  6.528295514e-01  1.102060055e+00
 6.731898239e-01  6.546064777e-01  1.100561015e+00
 6.751467710e-01  6.563858253e-01  1.099062817e+00
 6.771037182e-01  6.581675995e-01  1.097565144e+00
 6.790606654e-01  6.599518064e-01  1.096067777e+00
 6.810176125e-01  6.617384524e-01  1.094570643e+00
 6.829745597e-01  6.635275440e-01  1.093072870e+00
 6.849315068e-01  6.653190898e-01  1.091573842e+00
 6.868884540e-01  6.671130988e-01  1.090073208e+00
 6.888454012e-01  6.689095807e-01  1.088570857e+00
 6.908023483e-01  6.707085452e-01  1.087066510e+00
 6.927592955e-01  6.725100029e-01  1.085559725e+00
 6.947162427e-01  6.743139652e-01  1.084049949e+00
 6.966731898e-01  6.761204447e-01  1.082536476e+00
 6.986301370e-01  6.779294547e-01  1.081019242e+00
 7.005870841e-01  6.797410089e-01  1.079497775e+00
 7.025440313e-01  6.815551221e-01  1.077971543e+00
 7.045009785e-01  6.833718099e-01  1.076440133e+00
 7.064579256e-01  6.851910885e-01  1.074903532e+00
 7.084148728e-01  6.870129745e-01  1.073361201e+00
 7.103718200e-01  6.888374856e-01  1.071812362e+00
 7.123287671e-01  6.906646410e-01  1.070256630e+00
 7.142857143e-01  6.924944605e-01  1.068693666e+00
 7.162426614e-01  6.943269644e-01  1.067123160e+00
 7.181996086e-01  6.961621740e-01  1.065544949e+00
 7.201565558e-01  6.980001107e-01  1.063958402e+00
 7.221135029e-01  6.998407980e-01  1.062362809e+00
 7.240704501e-01  7.016842600e-01  1.060757771e+00
 7.260273973e-01  7.035305218e-01  1.059143253e+00
 7.279843444e-01  7.053796088e-01  1.057518725e+00
 7.299412916e-01  7.072315477e-01  1.055883422e+00
 7.318982387e-01  7.090863667e-01  1.054237181e+00
 7.338551859e-01  7.109440942e-01  1.052579779e+00
 7.358121331e-01  7.128047596e-01  1.050910499e+00
 7.377690802e-01  7.146683938e-01  1.049228728e+00
 7.397260274e-01  7.165350290e-01  1.047534011e+00
 7.416829746e-01  7.184046985e-01  1.045825837e+00
 7.436399217e-01  7.202774366e-01  1.044103830e+00
 7.455968689e-01  7.221532787e-01  1.042367535e+00
 7.475538160e-01  7.240322612e-01  1.040616455e+00
 7.495107632e-01  7.259144216e-01  1.038850634e+00
 7.514677104e-01  7.277997975e-01  1.037069971e+00
 7.534246575e-01  7.296884268e-01  1.035274272e+00
 7.553816047e-01  7.315803477e-01  1.033464965e+00
 7.573385519e-01  7.334755953e-01  1.031643201e+00
 7.592954990e-01  7.353742038e-01  1.029809719e+00
 7.612524462e-01  7.372762069e-01  1.027962940e+00
 7.632093933e-01  7.391816412e-01  1.026105121e+00
 7.651663405e-01  7.410905367e-01  1.024239167e+00
 7.671232877e-01  7.430029196e-01  1.022366222e+00
 7.690802348e-01  7.449188153e-01  1.020486504e+00
 7.710371820e-01  7.468382489e-01  1.018600985e+00
 7.729941292e-01  7.487612425e-01  1.016712207e+00
 7.749510763e-01  7.506878133e-01  1.014822458e+00
 7.769080235e-01  7.526179756e-01  1.012931696e+00
 7.788649706e-01  7.545517443e-01  1.011040916e+00
 7.808219178e-01  7.564891308e-01  1.009152763e+00
 7.827788650e-01  7.584301409e-01  1.007270030e+00
 7.847358121e-01  7.603747757e-01  1.005394877e+00
 7.866927593e-01  7.623230326e-01  1.003528309e+00
 7.886497065e-01  7.642749089e-01  1.001668779e+00
 7.906066536e-01  7.662304038e-01  9.998185856e-01
 7.925636008e-01  7.681895091e-01  9.979809628e-01
 7.945205479e-01  7.701522116e-01  9.961572498e-01
 7.964774951e-01  7.721184970e-01  9.943472876e-01
 7.984344423e-01  7.740883512e-01  9.925506933e-01
 8.003913894e-01  7.760617601e-01  9.907687439e-01
 8.023483366e-01  7.780387061e-01  9.890023018e-01
 8.043052838e-01  7.800191703e-01  9.872517865e-01
 8.062622309e-01  7.820031325e-01  9.855205232e-01
 8.082191781e-01  7.839905702e-01  9.837961278e-01
 8.101761252e-01  7.859814892e-01  9.820769570e-01
 8.121330724e-01  7.879758819e-01  9.803762342e-01
 8.140900196e-01  7.899737125e-01  9.787008670e-01
 8.160469667e-01  7.919749392e-01  9.770504859e-01
 8.180039139e-01  7.939795202e-01  9.754283187e-01
 8.199608611e-01  7.959873998e-01  9.738454376e-01
 8.219178082e-01  7.979984955e-01  9.723143651e-01
 8.238747554e-01  8.000127034e-01  9.708379992e-01
 8.258317025e-01  8.020299182e-01  9.694132430e-01
 8.277886497e-01  8.040500276e-01  9.680645283e-01
 8.297455969e-01  8.060728484e-01  9.668221276e-01
 8.317025440e-01  8.080981403e-01  9.657109551e-01
 8.336594912e-01  8.101256245e-01  9.647276200e-01
 8.356164384e-01  8.121550385e-01  9.638765271e-01
 8.375733855e-01  8.141860931e-01  9.631761885e-01
 8.395303327e-01  8.162184633e-01  9.626275613e-01
 8.414872798e-01  8.182518359e-01  9.622260313e-01
 8.434442270e-01  8.202859044e-01  9.619681249e-01
 8.454011742e-01  8.223203669e-01  9.618542976e-01
 8.473581213e-01  8.243549202e-01  9.618847422e-01
 8.493150685e-01  8.263892711e-01  9.620395784e-01
 8.512720157e-01  8.284231779e-01  9.623016843e-01
 8.532289628e-01  8.304564248e-01  9.626649405e-01
 8.551859100e-01  8.324888079e-01  9.631170381e-01
 8.571428571e-01  8.345201569e-01  9.636422776e-01
 8.590998043e-01  8.365503329e-01  9.642287225e-01
 8.610567515e-01  8.385792206e-01  9.648638827e-01
 8.630136986e-01  8.406067313e-01  9.655407371e-01
 8.649706458e-01  8.426327967e-01  9.662411804e-01
 8.669275930e-01  8.446574124e-01  9.669048273e-01
 8.688845401e-01  8.466807040e-01  9.674984919e-01
 8.708414873e-01  8.487028162e-01  9.680490182e-01
 8.727984344e-01  8.507238348e-01  9.685426328e-01
 8.747553816e-01  8.527439284e-01  9.689198419e-01
 8.767123288e-01  8.547633908e-01  9.691436300e-01
 8.786692759e-01  8.567825674e-01  9.691865282e-01
 8.806262231e-01  8.588018511e-01  9.690385051e-01
 8.825831703e-01  8.608216350e-01  9.687107253e-01
 8.845401174e-01  8.628422842e-01  9.682101429e-01
 8.864970646e-01  8.648641606e-01  9.675333614e-01
 8.884540117e-01  8.668876369e-01  9.666785156e-01
 8.904109589e-01  8.689130848e-01  9.656520647e-01
 8.923679061e-01  8.709408593e-01  9.644645797e-01
 8.943248532e-01  8.729712986e-01  9.631184967e-01
 8.962818004e-01  8.750047448e-01  9.616136305e-01
 8.982387476e-01  8.770415398e-01  9.599546240e-01
 9.001956947e-01  8.790820142e-01  9.581504139e-01
 9.021526419e-01  8.811264809e-01  9.562115916e-01
 9.041095890e-01  8.831752359e-01  9.541429443e-01
 9.060665362e-01  8.852285702e-01  9.519543535e-01
 9.080234834e-01  8.872867546e-01  9.496524328e-01
 9.099804305e-01  8.893500560e-01  9.472371096e-01
 9.119373777e-01  8.914187451e-01  9.447145348e-01
 9.138943249e-01  8.934930800e-01  9.420874774e-01
 9.158512720e-01  8.955733201e-01  9.393570465e-01
 9.178082192e-01  8.976597195e-01  9.365411420e-01
 9.197651663e-01  8.997524977e-01  9.336360147e-01
 9.217221135e-01  9.018519064e-01  9.306315530e-01
 9.236790607e-01  9.039582139e-01  9.275334049e-01
 9.256360078e-01  9.060716748e-01  9.243413076e-01
 9.275929550e-01  9.081925576e-01  9.210489724e-01
 9.295499022e-01  9.103211409e-01  9.176693289e-01
 9.315068493e-01  9.124576628e-01  9.142289887e-01
 9.334637965e-01  9.146023286e-01  9.107003834e-01
 9.354207436e-01  9.167554437e-01  9.070589535e-01
 9.373776908e-01  9.189173313e-01  9.033405185e-01
 9.393346380e-01  9.210882181e-01  8.995598375e-01
 9.412915851e-01  9.232683619e-01  8.956674213e-01
 9.432485323e-01  9.254581634e-01  8.916291030e-01
 9.452054795e-01  9.276580435e-01  8.874855950e-01
 9.471624266e-01  9.298682539e-01  8.833866994e-01
 9.491193738e-01  9.320887845e-01  8.791854279e-01
 9.510763209e-01  9.343202015e-01  8.747765561e-01
 9.530332681e-01  9.365631783e-01  8.699124482e-01
 9.549902153e-01  9.388184184e-01  8.651716270e-01
 9.569471624e-01  9.410829524e-01  8.649708505e-01
 9.589041096e-01  9.433444760e-01  8.656737322e-01
 9.608610568e-01  9.456064924e-01  8.642133192e-01
 9.628180039e-01  9.478760375e-01  8.598016995e-01
 9.647749511e-01  9.501614348e-01  8.521876577e-01
 9.667318982e-01  9.524716074e-01  8.418079989e-01
 9.686888454e-01  9.548154910e-01  8.270061011e-01
 9.706457926e-01  9.572082596e-01  8.075589672e-01
 9.726027397e-01  9.596633305e-01  7.865998368e-01
 9.745596869e-01  9.621846890e-01  7.657984062e-01
 9.765166341e-01  9.647744073e-01  7.457342055e-01
 9.784735812e-01  9.674328014e-01  7.268296963e-01
 9.804305284e-01  9.701585866e-01  7.093802243e-01
 9.823874755e-01  9.729490311e-01  6.935826333e-01
 9.843444227e-01  9.758001101e-01  6.795604138e-01
 9.863013699e-01  9.787066565e-01  6.673846044e-01
 9.882583170e-01  9.816625118e-01  6.570904748e-01
 9.902152642e-01  9.846606734e-01  6.486904628e-01
 9.921722114e-01  9.876934404e-01  6.421839436e-01
 9.941291585e-01  9.907525557e-01  6.375644615e-01
 9.960861057e-01  9.938293466e-01  6.348249445e-01
 9.980430528e-01  9.969148608e-01  6.342755124e-01
 1.000000000e+00  1.000000000e+00  6.343525847e-01
4  3.723978935e-01  7.103369566e-01  1.008588794e+00  7.458863803e-01  9.632439670e-01  6.326647753e+01  4.625750269e-01  9.915541831e-01  3.176249891e-01  2.663457930e+00
5  4.838589025e-01  9.801275010e-01  1.006042980e+00  6.113995922e-01  9.360615246e-01  3.823302561e+01  4.122513175e-01  1.039538259e+00  4.701609177e-01  2.761529871e+00
6  5.758232190e-01  1.109461596e+00  1.004171054e+00  5.210899501e-01  9.141320453e-01  2.797036196e+01  3.820233814e-01  1.110600905e+00  5.836799359e-01  2.733569369e+00
7  6.585197017e-01  1.186933081e+00  1.002560908e+00  4.563070160e-01  8.976520241e-01  2.222389435e+01  3.604364205e-01  1.186242754e+00  6.774901213e-01  2.675259888e+00
8  7.342405267e-01  1.276098964e+00  1.001201050e+00  4.076302849e-01  8.889957271e-01  1.870058912e+01  3.442920153e-01  1.264631089e+00  7.581274060e-01  2.606478457e+00
9  8.011701391e-01  1.459256634e+00  1.000163143e+00  3.694565316e-01  8.946053442e-01  1.679262357e+01  3.328513899e-01  1.357608032e+00  8.249979605e-01  2.525442993e+00
10  8.542593340e-01  1.904351192e+00  9.994779655e-01  3.382419367e-01  9.251485666e-01  1.640988499e+01  3.256995155e-01  1.480430682e+00  8.762238367e-01  2.421851083e+00
11  8.931634954e-01  2.350380213e+00  9.990839625e-01  3.119768712e-01  9.925288914e-01  1.763964401e+01  3.219246037e-01  1.656167263e+00  9.135837572e-01  2.301043059e+00
12  9.254395404e-01  2.366467771e+00  9.989804837e-01  2.899126435e-01  1.098772399e+00  2.036019475e+01  3.207240580e-01  1.895234906e+00  9.432319270e-01  2.185286021e+00
13  9.655305905e-01  3.170089015e+00  9.997312265e-01  2.731523704e-01  1.253700576e+00  2.447673123e+01  3.242660041e-01  2.149477591e+00  9.770784355e-01  2.106155447e+00
14  9.815655983e-01  6.132382941e+00  9.998968769e-01  2.559301147e-01  1.456156533e+00  3.163148276e+01  3.270260231e-01  2.918417712e+00  9.881946230e-01  1.988524671e+00
15  9.902844089e-01  1.023212424e+01  9.999169338e-01  2.403896255e-01  1.646614767e+00  3.877182795e+01  3.300484970e-01  4.358148357e+00  9.938305537e-01  1.872479554e+00
16  9.959683797e-01  1.741150920e+01  9.999512634e-01  2.233266823e-01  1.787281178e+00  4.318906084e+01  3.341587271e-01  8.245827888e+00  9.974430028e-01  1.765586013e+00
0 0 -1.258302246e-01  3.733402298e-18
0 1  1.409767148e-02 -4.194378936e-03
0 2 -1.443549430e-02  4.885428640e-03
0 3  5.471914805e-03 -5.698811691e-03
0 4 -2.577067651e-03  5.676907504e-03
0 5 -1.485433112e-03 -4.499480055e-03
0 6  3.390791448e-03  1.460743634e-03
0 7 -2.353492749e-03  2.203294495e-03
0 8 -1.699521497e-03 -2.213595891e-03
0 9  1.255393597e-03 -2.045198418e-03
0 10  2.171436095e-03 -9.835748754e-05
0 11  1.657567610e-03  1.135414798e-03
0 12  9.029293953e-04  1.602326742e-03
1 0 -1.120372432e-01 -3.333363625e-02
1 1 -9.738970841e-02 -2.586764498e-17
1 2  1.022796156e-02 -5.827340850e-03
1 3 -1.370831189e-02  7.055151903e-03
1 4  2.828323169e-03 -7.684817542e-03
1 5  4.098383051e-04  6.410752149e-03
1 6 -4.808561340e-03 -2.619611054e-03
1 7  3.283466673e-03 -2.599203642e-03
1 8  1.723706082e-03  3.224870886e-03
1 9 -2.104038770e-03  2.459648715e-03
1 10 -2.950194353e-03 -2.596227354e-04
1 11 -2.052797324e-03 -1.791335479e-03
1 12 -1.060212825e-03 -2.379151174e-03
2 0  1.147219942e-01  3.882555765e-02
2 1 -1.050209691e-01 -5.983528388e-02
2 2 -7.837403320e-02 -2.390124312e-17
2 3  6.395236727e-03 -7.015732758e-03
2 4 -1.063740153e-02  8.248171325e-03
2 5 -1.217776831e-03 -7.866674620e-03
2 6  3.698186179e-03  4.086172348e-03
2 7 -5.087924247e-03  2.105760170e-03
2 8 -1.644744067e-03 -4.094416831e-03
2 9  2.631138448e-03 -2.262664379e-03
2 10  2.975343323e-03  9.429028977e-04
2 11  1.657645808e-03  2.419676484e-03
2 12  3.310738940e-04  2.607593339e-03
3 0 -4.348649000e-02 -4.528968861e-02
3 1  1.407572947e-01  7.244247896e-02
3 2 -8.159892334e-02 -8.951603575e-02
3 3 -6.519664546e-02 -7.571768152e-17
3 4  3.365908567e-03 -8.072848089e-03
3 5 -7.119664401e-03  8.802534983e-03
3 6 -5.500037889e-03 -6.228888121e-03
3 7  4.605969188e-03 -6.897750183e-04
3 8 -7.446394253e-04  4.857763472e-03
3 9 -4.182284881e-03  1.395019011e-03
3 10 -3.286892301e-03 -2.072329740e-03
3 11 -1.326450961e-03 -3.155052068e-03
3 12  5.376989651e-05 -3.344094825e-03
4 0  2.048051379e-02  4.511561130e-02
4 1 -2.904129415e-02 -7.890790174e-02
4 2  1.357260956e-01  1.052411237e-01
4 3 -5.162702073e-02 -1.238230592e-01
4 4 -5.557985004e-02  2.825661100e-17
4 5  5.292860837e-04 -9.213006704e-03
4 6 -3.443813338e-03  8.486405517e-03
4 7 -8.798942859e-03 -2.244165926e-03
4 8  9.090744771e-04 -5.023162215e-03
4 9  3.553924737e-03  4.411324885e-04
4 10  1.238924971e-03  3.513659082e-03
4 11 -1.091616131e-03  3.656556358e-03
4 12 -2.484937581e-03  2.336888859e-03
5 0  1.180505809e-02 -3.575834080e-02
5 1 -4.208230128e-03  6.582576592e-02
5 2  1.553801407e-02 -1.003734821e-01
5 3  1.092029253e-01  1.350151518e-01
5 4 -9.522985098e-03 -1.657616330e-01
5 5 -4.805160407e-02 -1.798829249e-17
5 6 -2.691291993e-03 -1.033850556e-02
5 7  9.534425784e-05  6.295932897e-03
5 8 -8.510560936e-03  2.972997294e-03
5 9 -5.411545889e-03 -3.299843109e-03
5 10 -7.751575907e-04 -4.385060745e-03
5 11  1.685213561e-03 -2.928793493e-03
5 12  2.552260338e-03 -2.238527165e-03
6 0 -2.694735274e-02  1.160884547e-02
6 1  4.937443000e-02 -2.689823285e-02
6 2 -4.718637064e-02  5.213681344e-02
6 3  8.436074971e-02 -9.554000942e-02
6 4  6.196154426e-02  1.526885285e-01
6 5  5.600836944e-02 -2.151542234e-01
6 6 -4.163902739e-02  2.530955118e-18
6 7 -6.224879906e-03 -1.079079003e-02
6 8  2.038317875e-03  1.932686476e-03
6 9 -2.717053613e-03  5.222773832e-03
6 10 -6.001215726e-03  2.622045622e-03
6 11 -6.106862199e-03 -1.837833832e-04
6 12 -4.862608552e-03 -3.247400157e-03
7 0  1.870371571e-02  1.751005771e-02
7 1 -3.371471921e-02 -2.668868903e-02
7 2  6.491849455e-02  2.686808480e-02
7 3 -7.064733402e-02 -1.057991578e-02
7 4  1.583117416e-01 -4.037732964e-02
7 5 -1.984205516e-03  1.310244063e-01
7 6  1.494962850e-01 -2.591508666e-01
7 7 -3.590468620e-02 -1.942022578e-17
7 8 -8.704625608e-03 -9.769379054e-03
7 9  1.031705880e-03 -3.066071006e-03
7 10  1.195832203e-03  2.006631236e-03
7 11 -7.425278665e-04  3.745806353e-03
7 12 -1.644076282e-03  2.048619440e-03
8 0  1.350646478e-02 -1.759192513e-02
8 1 -1.769905783e-02  3.311305618e-02
8 2  2.098582911e-02 -5.224200751e-02
8 3  1.142143772e-02  7.450940823e-02
8 4 -1.635618802e-02 -9.037739777e-02
8 5  1.771129414e-01  6.187092714e-02
8 6 -4.895210102e-02  4.641526465e-02
8 7  2.424370334e-01 -2.720920328e-01
8 8 -3.127991410e-02  7.496522678e-18
8 9 -9.408754281e-03 -6.196678101e-03
8 10 -2.498174739e-03 -5.611889908e-03
8 11  3.366692464e-04 -3.132493675e-03
8 12  2.376828492e-03 -3.257628350e-03
9 0 -9.976884337e-03 -1.625363401e-02
9 1  2.160432354e-02  2.525573549e-02
9 2 -3.357155859e-02 -2.887007707e-02
9 3  6.414877409e-02  2.139709799e-02
9 4 -6.394268308e-02  7.936913974e-03
9 5  1.126194639e-01 -6.867290224e-02
9 6  6.525257153e-02  1.254297749e-01
9 7 -2.873457449e-02 -8.539473063e-02
9 8  3.007922033e-01 -1.981040638e-01
9 9 -2.896106579e-02 -3.264486650e-17
9 10 -1.376073058e-02 -6.232269874e-03
9 11 -7.661223437e-03 -7.184515575e-03
9 12 -1.495941361e-03 -9.774887367e-03
10 0 -1.725687212e-02 -7.816682187e-04
10 1  3.029267057e-02 -2.665812843e-03
10 2 -3.796338151e-02  1.203080739e-02
10 3  5.041505247e-02 -3.178583386e-02
10 4 -2.229090165e-02  6.321821811e-02
10 5  1.613177345e-02 -9.125732283e-02
10 6  1.441247815e-01  6.297086618e-02
10 7 -3.330574167e-02  5.588772522e-02
10 8  7.986514062e-02 -1.794087378e-01
10 9  4.751458622e-01 -2.151947694e-01
10 10 -2.182742028e-02 -9.799753444e-17
10 11 -1.189054261e-02 -3.117940095e-03
10 12 -5.592689362e-03 -7.162287530e-03
11 0 -1.317304817e-02  9.023386879e-03
11 1  2.107817507e-02 -1.839347820e-02
11 2 -2.115044666e-02  3.087344603e-02
11 3  2.034538666e-02 -4.839285896e-02
11 4  1.964050155e-02  6.578924477e-02
11 5 -3.507091165e-02 -6.095100361e-02
11 6  1.466619799e-01 -4.413729012e-03
11 7  2.068052795e-02  1.043263916e-01
11 8 -1.076311288e-02 -1.001439347e-01
11 9  2.645352727e-01 -2.480749716e-01
11 10  5.447525386e-01 -1.428451029e-01
11 11 -1.780173137e-02  7.820071672e-17
11 12 -5.538923137e-03 -3.930311596e-03
12 0 -7.175775121e-03  1.273403705e-02
12 1  1.088629223e-02 -2.442918469e-02
12 2 -4.224280421e-03  3.327113883e-02
12 3 -8.247340968e-04 -5.129243693e-02
12 4  4.470932504e-02  4.204561289e-02
12 5 -5.311498726e-02 -4.658589882e-02
12 6  1.167800705e-01 -7.798933743e-02
12 7  4.579001953e-02  5.705716041e-02
12 8 -7.598577426e-02 -1.041444148e-01
12 9  5.165353277e-02 -3.375182197e-01
12 10  2.562231034e-01 -3.281325708e-01
12 11  3.111451926e-01 -2.207825472e-01
12 12 -1.709198540e-02 -4.354722884e-18
0 0 -8.266309848e+00  3.075388789e-15
0 1 -8.900301126e-01  3.602195907e-01
0 2  1.204362040e+00 -3.394159172e-01
0 3 -2.816835232e-01  2.780515125e-01
0 4  1.286195314e-01 -2.336447144e-01
0 5  4.626562113e-02  1.657108855e-01
0 6 -1.061292509e-01 -5.355648676e-02
0 7  7.729396840e-02 -6.208979063e-02
0 8  4.395957612e-02  6.724917076e-02
0 9 -1.524609470e-02  8.017420085e-02
0 10 -5.248048399e-02 -4.850574247e-04
0 11 -2.066813849e-02 -6.331233736e-02
0 12 -6.218192218e-03 -3.892515172e-02
1 0 -8.900301126e-01 -3.602195907e-01
1 1 -1.086414437e+01  7.770168290e-15
1 2 -9.112192173e-01  8.063973859e-01
1 3  1.876576056e+00 -8.125011716e-01
1 4 -2.469696730e-01  6.027022834e-01
1 5  1.219415152e-02 -4.271662953e-01
1 6  2.563806529e-01  1.666606225e-01
1 7 -1.816042121e-01  1.190446155e-01
1 8 -6.685408565e-02 -1.555387170e-01
1 9  5.199592188e-02 -1.444491061e-01
1 10  9.216152356e-02  2.431181734e-02
1 11  7.237624489e-04  1.367607139e-01
1 12  6.104154079e-02  1.135321182e-01
2 0  1.204362040e+00  3.394159172e-01
2 1 -9.112192173e-01 -8.063973859e-01
2 2 -1.361075432e+01  2.380680320e-15
2 3 -6.801475006e-01  1.447250896e+00
2 4  2.237864383e+00 -1.445484764e+00
2 5  1.035628338e-01  9.267150528e-01
2 6 -3.082677390e-01 -4.389676046e-01
2 7  4.385625829e-01 -1.380160794e-01
2 8  7.822866986e-02  3.156473371e-01
2 9 -1.409869624e-01  2.259209274e-01
2 10 -1.562336103e-01 -5.869360051e-02
2 11  6.063385474e-03 -2.070504248e-01
2 12  5.830925369e-02 -1.272333544e-01
3 0 -2.816835232e-01 -2.780515125e-01
3 1  1.876576056e+00  8.125011716e-01
3 2 -6.801475006e-01 -1.447250896e+00
3 3 -1.651813844e+01  1.732979104e-14
3 4 -1.972609196e-01  2.336182765e+00
3 5  2.258927396e+00 -2.232075682e+00
3 6  8.444580505e-01  1.076021789e+00
3 7 -6.446189090e-01 -2.315835099e-02
3 8  1.731403092e-01 -5.665458165e-01
3 9  3.531454757e-01 -2.158700018e-01
3 10  1.714481720e-01  1.931682471e-01
3 11 -1.783600088e-01  3.078575013e-01
3 12  5.219410678e-02  3.043752223e-01
4 0  1.286195314e-01  2.336447144e-01
4 1 -2.469696730e-01 -6.027022834e-01
4 2  2.237864383e+00  1.445484764e+00
4 3 -1.972609196e-01 -2.336182765e+00
4 4 -1.971757673e+01  5.477786930e-18
4 5  7.396576965e-01  3.621180767e+00
4 6  1.844017839e+00 -3.130719458e+00
4 7  1.996677158e+00  6.557877939e-01
4 8 -3.763318798e-01  7.809317199e-01
4 9 -5.713514565e-01  8.703235822e-02
4 10 -1.101545194e-01 -3.773185252e-01
4 11  3.978805188e-01 -3.194853460e-01
4 12  5.063800095e-01 -1.668935518e-01
5 0  4.626562113e-02 -1.657108855e-01
5 1  1.219415152e-02  4.271662953e-01
5 2  1.035628338e-01 -9.267150528e-01
5 3  2.258927396e+00  2.232075682e+00
5 4  7.396576965e-01 -3.621180767e+00
5 5 -2.345254009e+01  2.630883148e-14
5 6  2.500912165e+00  5.453814453e+00
5 7  7.928702618e-01 -3.751504110e+00
5 8  2.904428404e+00 -7.008220885e-01
5 9  1.187200776e+00  6.505652215e-01
5 10 -1.815848260e-01  6.082405911e-01
5 11 -8.387862401e-01 -8.385747497e-02
5 12 -2.067079343e-01  3.030743750e-01
6 0 -1.061292509e-01  5.355648676e-02
6 1  2.563806529e-01 -1.666606225e-01
6 2 -3.082677390e-01  4.389676046e-01
6 3  8.444580505e-01 -1.076021789e+00
6 4  1.844017839e+00  3.130719458e+00
6 5  2.500912165e+00 -5.453814453e+00
6 6 -2.790074196e+01  2.503293077e-14
6 7  5.479443330e+00  7.605919373e+00
6 8 -4.506571769e-01 -3.438383779e+00
6 9  8.396155581e-01 -1.922658883e+00
6 10  1.361301242e+00 -4.005912936e-01
6 11  1.023743677e+00  8.231991492e-01
6 12  1.386319290e+00  1.024234286e+00
7 0  7.729396840e-02  6.208979063e-02
7 1 -1.816042121e-01 -1.190446155e-01
7 2  4.385625829e-01  1.380160794e-01
7 3 -6.446189090e-01  2.315835099e-02
7 4  1.996677158e+00 -6.557877939e-01
7 5  7.928702618e-01  3.751504110e+00
7 6  5.479443330e+00 -7.605919373e+00
7 7 -3.289926952e+01  9.641660137e-15
7 8  8.615104938e+00  8.614195869e+00
7 9 -7.679548804e-01  8.911151763e-01
7 10 -2.305383465e-01 -1.826532900e+00
7 11  1.640563960e+00 -2.480812990e+00
7 12  1.491484573e+00 -8.117795424e-01
8 0  4.395957612e-02 -6.724917076e-02
8 1 -6.685408565e-02  1.555387170e-01
8 2  7.822866986e-02 -3.156473371e-01
8 3  1.731403092e-01  5.665458165e-01
8 4 -3.763318798e-01 -7.809317199e-01
8 5  2.904428404e+00  7.008220885e-01
8 6 -4.506571769e-01  3.438383779e+00
8 7  8.615104938e+00 -8.614195869e+00
8 8 -3.661298757e+01  3.284576415e-14
8 9  1.074796223e+01  6.096274353e+00
8 10  1.567733791e-01  1.610587430e+00
8 11 -1.444209050e+00 -2.325829869e+00
8 12 -7.023351298e-01  6.291480749e-01
9 0 -1.524609470e-02 -8.017420085e-02
9 1  5.199592188e-02  1.444491061e-01
9 2 -1.409869624e-01 -2.259209274e-01
9 3  3.531454757e-01  2.158700018e-01
9 4 -5.713514565e-01 -8.703235822e-02
9 5  1.187200776e+00 -6.505652215e-01
9 6  8.396155581e-01  1.922658883e+00
9 7 -7.679548804e-01 -8.911151763e-01
9 8  1.074796223e+01 -6.096274353e+00
9 9 -4.786320477e+01  2.829134900e-13
9 10  1.918165613e+01  7.569906983e+00
9 11  7.140196291e-01  1.778343386e+00
9 12  1.807202656e-01  5.782263099e+00
10 0 -5.248048399e-02  4.850574247e-04
10 1  9.216152356e-02 -2.431181734e-02
10 2 -1.562336103e-01  5.869360051e-02
10 3  1.714481720e-01 -1.931682471e-01
10 4 -1.101545194e-01  3.773185252e-01
10 5 -1.815848260e-01 -6.082405911e-01
10 6  1.361301242e+00  4.005912936e-01
10 7 -2.305383465e-01  1.826532900e+00
10 8  1.567733791e-01 -1.610587430e+00
10 9  1.918165613e+01 -7.569906983e+00
10 10 -6.601087709e+01 -9.740223570e-14
10 11  2.633732327e+01  6.577039216e+00
10 12  6.919247394e+00  9.560922671e+00
11 0 -2.066813849e-02  6.331233736e-02
11 1  7.237624489e-04 -1.367607139e-01
11 2  6.063385474e-03  2.070504248e-01
11 3 -1.783600088e-01 -3.078575013e-01
11 4  3.978805188e-01  3.194853460e-01
11 5 -8.387862401e-01  8.385747497e-02
11 6  1.023743677e+00 -8.231991492e-01
11 7  1.640563960e+00  2.480812990e+00
11 8 -1.444209050e+00  2.325829869e+00
11 9  7.140196291e-01 -1.778343386e+00
11 10  2.633732327e+01 -6.577039216e+00
11 11 -6.469036493e+01 -3.449188363e-14
11 12  1.820415740e+01  1.291731428e+01
12 0 -6.218192218e-03  3.892515172e-02
12 1  6.104154079e-02 -1.135321182e-01
12 2  5.830925369e-02  1.272333544e-01
12 3  5.219410678e-02 -3.043752223e-01
12 4  5.063800095e-01  1.668935518e-01
12 5 -2.067079343e-01 -3.030743750e-01
12 6  1.386319290e+00 -1.024234286e+00
12 7  1.491484573e+00  8.117795424e-01
12 8 -7.023351298e-01 -6.291480749e-01
12 9  1.807202656e-01 -5.782263099e+00
12 10  6.919247394e+00 -9.560922671e+00
12 11  1.820415740e+01 -1.291731428e+01
12 12 -5.850695378e+01  1.490649357e-14
0  2.505981528e-02  2.345228577e-03 -1.089221465e-01 -2.477206609e-02
1  3.803345824e-02  3.995168345e-03  1.341200763e-01  5.177556918e-02
2  5.026872961e-02  4.809111238e-03 -1.327711600e-01 -8.957096154e-02
3  6.954215506e-02  7.567816529e-03  1.026555901e-01  1.368486242e-01
4  9.477266419e-02  9.101375191e-03 -3.043312536e-02 -1.762412688e-01
5  1.263172821e-01  1.338037952e-02 -8.499104174e-02  1.620884572e-01
6  1.590050838e-01  1.581143033e-02  1.792250061e-01 -3.666857837e-02
7  1.851387034e-01  1.813285011e-02 -1.023456136e-01 -1.473034608e-01
8  2.093454327e-01  2.117776456e-02 -1.298516880e-01  1.158583184e-01
9  2.488714862e-01  2.492798442e-02  5.983020958e-02  1.570863486e-01
10  2.519261444e-01  2.472611846e-02  1.543050963e-01  3.726526190e-02
11  2.455203158e-01  2.333598551e-02  1.376403066e-01 -5.891491259e-02
12  1.525123738e-01 -1.007462246e-01  9.297325438e-02 -1.065221878e-01
