 1.695500020e+00 -1.841510250e+00  8.584134126e-01  4.040481841e+00  9.336892866e-01  5.172276599e+00  9.953268488e-01  9.798084820e-01  7.386732710e+00 512 3 12
 0.000000000e+00  0.000000000e+00  3.006092071e-07
 1.956947162e-03  2.815291536e-02  1.390239318e-01
 3.913894325e-03  3.981425994e-02  1.966064450e-01
 5.870841487e-03  4.876249860e-02  2.407858612e-01
 7.827788650e-03  5.630648093e-02  2.780233209e-01
 9.784735812e-03  6.295320489e-02  3.108209676e-01
 1.174168297e-02  6.896270695e-02  3.404616582e-01
 1.369863014e-02  7.448947296e-02  3.677071848e-01
 1.565557730e-02  7.963416835e-02  3.930536824e-01
 1.761252446e-02  8.446672298e-02  4.168455990e-01
 1.956947162e-02  8.903805834e-02  4.393335956e-01
 2.152641879e-02  9.338662108e-02  4.607067747e-01
 2.348336595e-02  9.754228493e-02  4.811118380e-01
 2.544031311e-02  1.015288113e-01  5.006655935e-01
 2.739726027e-02  1.053654676e-01  5.194626819e-01
 2.935420744e-02  1.090681352e-01  5.375809762e-01
 3.131115460e-02  1.126500891e-01  5.550856413e-01
 3.326810176e-02  1.161225591e-01  5.720319314e-01
 3.522504892e-02  1.194951459e-01  5.884664166e-01
 3.718199609e-02  1.227761380e-01  6.044293102e-01
 3.913894325e-02  1.259727485e-01  6.199553525e-01
 4.109589041e-02  1.290913028e-01  6.350751567e-01
 4.305283757e-02  1.321373823e-01  6.498161036e-01
 4.500978474e-02  1.351159404e-01  6.642026257e-01
 4.696673190e-02  1.380313974e-01  6.782564414e-01
 4.892367906e-02  1.408877180e-01  6.919963222e-01
 5.088062622e-02  1.436884779e-01  7.054389807e-01
 5.283757339e-02  1.464369148e-01  7.185997718e-01
 5.479452055e-02  1.491359704e-01  7.314929244e-01
 5.675146771e-02  1.517883262e-01  7.441315408e-01
 5.870841487e-02  1.543964350e-01  7.565271298e-01
 6.066536204e-02  1.569625492e-01  7.686894900e-01
 6.262230920e-02  1.594887446e-01  7.806284292e-01
 6.457925636e-02  1.619769349e-01  7.923546434e-01
 6.653620352e-02  1.644288857e-01  8.038773538e-01
 6.849315068e-02  1.668462348e-01  8.152021965e-01
 7.045009785e-02  1.692305122e-01  8.263346085e-01
 7.240704501e-02  1.715831452e-01  8.372824340e-01
 7.436399217e-02  1.739054609e-01  8.480529032e-01
 7.632093933e-02  1.761986996e-01  8.586515953e-01
 7.827788650e-02  1.784640241e-01  8.690834916e-01
 8.023483366e-02  1.807025275e-01  8.793524263e-01
 8.219178082e-02  1.829152397e-01  8.894630711e-01
 8.414872798e-02  1.851031290e-01  8.994210542e-01
 8.610567515e-02  1.872671059e-01  9.092306668e-01
 8.806262231e-02  1.894080307e-01  9.188954451e-01
 9.001956947e-02  1.915267182e-01  9.284179031e-01
 9.197651663e-02  1.936239425e-01  9.378009284e-01
 9.393346380e-02  1.957004376e-01  9.470477004e-01
 9.589041096e-02  1.977568993e-01  9.561634522e-01
 9.784735812e-02  1.997939838e-01  9.651516020e-01
 9.980430528e-02  2.018123173e-01  9.740120975e-01
 1.017612524e-01  2.038125017e-01  9.827470940e-01
 1.037181996e-01  2.057951096e-01  9.913595353e-01
 1.056751468e-01  2.077606864e-01  9.998519818e-01
 1.076320939e-01  2.097097521e-01  1.008228533e+00
 1.095890411e-01  2.116428007e-01  1.016490318e+00
 1.115459883e-01  2.135603090e-01  1.024637124e+00
 1.135029354e-01  2.154627363e-01  1.032670927e+00
 1.154598826e-01  2.173505216e-01  1.040593775e+00
 1.174168297e-01  2.192240851e-01  1.048409381e+00
 1.193737769e-01  2.210838267e-01  1.056119912e+00
 1.213307241e-01  2.229301319e-01  1.063723588e+00
 1.232876712e-01  2.247633772e-01  1.071221946e+00
 1.252446184e-01  2.265839224e-01  1.078616893e+00
 1.272015656e-01  2.283921133e-01  1.085910909e+00
 1.291585127e-01  2.301882812e-01  1.093105621e+00
 1.311154599e-01  2.319727462e-01  1.100200863e+00
 1.330724070e-01  2.337458194e-01  1.107197548e+00
 1.350293542e-01  2.355078008e-01  1.114096398e+00
 1.369863014e-01  2.372589809e-01  1.120898115e+00
 1.389432485e-01  2.389996402e-01  1.127606139e+00
 1.409001957e-01  2.407300461e-01  1.134221157e+00
 1.428571429e-01  2.424504600e-01  1.140742019e+00
 1.448140900e-01  2.441611375e-01  1.147169237e+00
 1.467710372e-01  2.458623257e-01  1.153504044e+00
 1.487279843e-01  2.475542633e-01  1.159748288e+00
 1.506849315e-01  2.492371803e-01  1.165903799e+00
 1.526418787e-01  2.509112993e-01  1.171969544e+00
 1.545988258e-01  2.525768396e-01  1.177945475e+00
 1.565557730e-01  2.542340139e-01  1.183832956e+00
 1.585127202e-01  2.558830281e-01  1.189632407e+00
 1.604696673e-01  2.575240827e-01  1.195345084e+00
 1.624266145e-01  2.591573717e-01  1.200972545e+00
 1.643835616e-01  2.607830830e-01  1.206513890e+00
 1.663405088e-01  2.624014024e-01  1.211969172e+00
 1.682974560e-01  2.640125105e-01  1.217338952e+00
 1.702544031e-01  2.656165831e-01  1.222624093e+00
 1.722113503e-01  2.672137909e-01  1.227826376e+00
 1.741682975e-01  2.688042990e-01  1.232946238e+00
 1.761252446e-01  2.703882693e-01  1.237982380e+00
 1.780821918e-01  2.719658622e-01  1.242935327e+00
 1.800391389e-01  2.735372330e-01  1.247805761e+00
 1.819960861e-01  2.751025334e-01  1.252594680e+00
 1.839530333e-01  2.766619109e-01  1.257303552e+00
 1.859099804e-01  2.782155085e-01  1.261931783e+00
 1.878669276e-01  2.797634682e-01  1.266478790e+00
 1.898238748e-01  2.813059294e-01  1.270945130e+00
 1.917808219e-01  2.828430278e-01  1.275331588e+00
 1.937377691e-01  2.843748958e-01  1.279639285e+00
 1.956947162e-01  2.859016624e-01  1.283868690e+00
 1.976516634e-01  2.874234542e-01  1.288019034e+00
 1.996086106e-01  2.889403967e-01  1.292090683e+00
 2.015655577e-01  2.904526120e-01  1.296084311e+00
 2.035225049e-01  2.919602201e-01  1.299999994e+00
 2.054794521e-01  2.934633385e-01  1.303838920e+00
 2.074363992e-01  2.949620816e-01  1.307601591e+00
 2.093933464e-01  2.964565618e-01  1.311287517e+00
 2.113502935e-01  2.979468905e-01  1.314896668e+00
 2.133072407e-01  2.994331773e-01  1.318429486e+00
 2.152641879e-01  3.009155293e-01  1.321886688e+00
 2.172211350e-01  3.023940513e-01  1.325269280e+00
 2.191780822e-01  3.038688458e-01  1.328577402e+00
 2.211350294e-01  3.053400139e-01  1.331810430e+00
 2.230919765e-01  3.068076562e-01  1.334968759e+00
 2.250489237e-01  3.082718710e-01  1.338053073e+00
 2.270058708e-01  3.097327546e-01  1.341064098e+00
 2.289628180e-01  3.111904014e-01  1.344002241e+00
 2.309197652e-01  3.126449045e-01  1.346867439e+00
 2.328767123e-01  3.140963558e-01  1.349659774e+00
 2.348336595e-01  3.155448462e-01  1.352379784e+00
 2.367906067e-01  3.169904646e-01  1.355027844e+00
 2.387475538e-01  3.184332986e-01  1.357604653e+00
 2.407045010e-01  3.198734343e-01  1.360110556e+00
 2.426614481e-01  3.213109564e-01  1.362545524e+00
 2.446183953e-01  3.227459490e-01  1.364910023e+00
 2.465753425e-01  3.241784946e-01  1.367204403e+00
 2.485322896e-01  3.256086747e-01  1.369429114e+00
 2.504892368e-01  3.270365693e-01  1.371584651e+00
 2.524461840e-01  3.284622573e-01  1.373671493e+00
 2.544031311e-01  3.298858165e-01  1.375689946e+00
 2.563600783e-01  3.313073238e-01  1.377640225e+00
 2.583170254e-01  3.327268550e-01  1.379522780e+00
 2.602739726e-01  3.341444849e-01  1.381338145e+00
 2.622309198e-01  3.355602872e-01  1.383086852e+00
 2.641878669e-01  3.369743344e-01  1.384769317e+00
 2.661448141e-01  3.383866982e-01  1.386385856e+00
 2.681017613e-01  3.397974494e-01  1.387936936e+00
 2.700587084e-01  3.412066580e-01  1.389423035e+00
 2.720156556e-01  3.426143928e-01  1.390844648e+00
 2.739726027e-01  3.440207217e-01  1.392202378e+00
 2.759295499e-01  3.454257119e-01  1.393496577e+00
 2.778864971e-01  3.468294296e-01  1.394727779e+00
 2.798434442e-01  3.482319401e-01  1.395896486e+00
 2.818003914e-01  3.496333080e-01  1.397003316e+00
 2.837573386e-01  3.510335968e-01  1.398048767e+00
 2.857142857e-01  3.524328694e-01  1.399033309e+00
 2.876712329e-01  3.538311879e-01  1.399957350e+00
 2.896281800e-01  3.552286135e-01  1.400821757e+00
 2.915851272e-01  3.566252066e-01  1.401627215e+00
 2.935420744e-01  3.580210265e-01  1.402373990e+00
 2.954990215e-01  3.594161323e-01  1.403062587e+00
 2.974559687e-01  3.608105821e-01  1.403693710e+00
 2.994129159e-01  3.622044334e-01  1.404268096e+00
 3.013698630e-01  3.635977425e-01  1.404786459e+00
 3.033268102e-01  3.649905652e-01  1.405249223e+00
 3.052837573e-01  3.663829566e-01  1.405656787e+00
 3.072407045e-01  3.677749714e-01  1.406009988e+00
 3.091976517e-01  3.691666633e-01  1.406309217e+00
 3.111545988e-01  3.705580855e-01  1.406555131e+00
 3.131115460e-01  3.719492905e-01  1.406748563e+00
 3.150684932e-01  3.733403299e-01  1.406889924e+00
 3.170254403e-01  3.747312552e-01  1.406979602e+00
 3.189823875e-01  3.761221171e-01  1.407018329e+00
 3.209393346e-01  3.775129657e-01  1.407006544e+00
 3.228962818e-01  3.789038506e-01  1.406945072e+00
 3.248532290e-01  3.802948205e-01  1.406834574e+00
 3.268101761e-01  3.816859239e-01  1.406675161e+00
 3.287671233e-01  3.830772088e-01  1.406467637e+00
 3.307240705e-01  3.844687225e-01  1.406212810e+00
 3.326810176e-01  3.858605116e-01  1.405910974e+00
 3.346379648e-01  3.872526226e-01  1.405562744e+00
 3.365949119e-01  3.886451012e-01  1.405168906e+00
 3.385518591e-01  3.900379927e-01  1.404729630e+00
 3.405088063e-01  3.914313420e-01  1.404245905e+00
 3.424657534e-01  3.928251932e-01  1.403718061e+00
 3.444227006e-01  3.942195904e-01  1.403146554e+00
 3.463796477e-01  3.956145769e-01  1.402532422e+00
 3.483365949e-01  3.970101955e-01  1.401875934e+00
 3.502935421e-01  3.984064887e-01  1.401177465e+00
 3.522504892e-01  3.998034988e-01  1.400438023e+00
 3.542074364e-01  4.012012668e-01  1.399658019e+00
 3.561643836e-01  4.025998342e-01  1.398837876e+00
 3.581213307e-01  4.039992416e-01  1.397978304e+00
 3.600782779e-01  4.053995292e-01  1.397079677e+00
 3.620352250e-01  4.068007371e-01  1.396142888e+00
 3.639921722e-01  4.082029044e-01  1.395168652e+00
 3.659491194e-01  4.096060699e-01  1.394156956e+00
 3.679060665e-01  4.110102726e-01  1.393108699e+00
 3.698630137e-01  4.124155504e-01  1.392024513e+00
 3.718199609e-01  4.138219412e-01  1.390904791e+00
 3.737769080e-01  4.152294823e-01  1.389750367e+00
 3.757338552e-01  4.166382104e-01  1.388561826e+00
 3.776908023e-01  4.180481620e-01  1.387339410e+00
 3.796477495e-01  4.194593735e-01  1.386084025e+00
 3.816046967e-01  4.208718802e-01  1.384795840e+00
 3.835616438e-01  4.222857181e-01  1.383475762e+00
 3.855185910e-01  4.237009215e-01  1.382124660e+00
 3.874755382e-01  4.251175248e-01  1.380742915e+00
 3.894324853e-01  4.265355621e-01  1.379330622e+00
 3.913894325e-01  4.279550676e-01  1.377888478e+00
 3.933463796e-01  4.293760745e-01  1.376417321e+00
 3.953033268e-01  4.307986158e-01  1.374918044e+00
 3.972602740e-01  4.322227234e-01  1.373391091e+00
 3.992172211e-01  4.336484296e-01  1.371836699e+00
 4.011741683e-01  4.350757661e-01  1.370255359e+00
 4.031311155e-01  4.365047646e-01  1.368647633e+00
 4.050880626e-01  4.379354561e-01  1.367014628e+00
 4.070450098e-01  4.393678708e-01  1.365356786e+00
 4.090019569e-01  4.408020385e-01  1.363674770e+00
 4.109589041e-01  4.422379889e-01  1.361968819e+00
 4.129158513e-01  4.436757515e-01  1.360239149e+00
 4.148727984e-01  4.451153558e-01  1.358486819e+00
 4.168297456e-01  4.465568298e-01  1.356712768e+00
 4.187866928e-01  4.480002012e-01  1.354917526e+00
 4.207436399e-01  4.494454975e-01  1.353101473e+00
 4.227005871e-01  4.508927461e-01  1.351264334e+00
 4.246575342e-01  4.523419745e-01  1.349407277e+00
 4.266144814e-01  4.537932090e-01  1.347531428e+00
 4.285714286e-01  4.552464750e-01  1.345637297e+00
 4.305283757e-01  4.567017977e-01  1.343725268e+00
 4.324853229e-01  4.581592024e-01  1.341795476e+00
 4.344422701e-01  4.596187142e-01  1.339848222e+00
 4.363992172e-01  4.610803577e-01  1.337884924e+00
 4.383561644e-01  4.625441561e-01  1.335906129e+00
 4.403131115e-01  4.640101327e-01  1.333912348e+00
 4.422700587e-01  4.654783101e-01  1.331904146e+00
 4.442270059e-01  4.669487108e-01  1.329881255e+00
 4.461839530e-01  4.684213576e-01  1.327844736e+00
 4.481409002e-01  4.698962719e-01  1.325795585e+00
 4.500978474e-01  4.713734743e-01  1.323734412e+00
 4.520547945e-01  4.728529851e-01  1.321661725e+00
 4.540117417e-01  4.743348245e-01  1.319577388e+00
 4.559686888e-01  4.758190127e-01  1.317481861e+00
 4.579256360e-01  4.773055692e-01  1.315376484e+00
 4.598825832e-01  4.787945122e-01  1.313261944e+00
 4.618395303e-01  4.802858596e-01  1.311138673e+00
 4.637964775e-01  4.817796290e-01  1.309006676e+00
 4.657534247e-01  4.832758380e-01  1.306866456e+00
 4.677103718e-01  4.847745037e-01  1.304718808e+00
 4.696673190e-01  4.862756422e-01  1.302564699e+00
 4.716242661e-01  4.877792687e-01  1.300404565e+00
 4.735812133e-01  4.892853984e-01  1.298238574e+00
 4.755381605e-01  4.907940462e-01  1.296067291e+00
 4.774951076e-01  4.923052264e-01  1.293891246e+00
 4.794520548e-01  4.938189526e-01  1.291711111e+00
 4.814090020e-01  4.953352379e-01  1.289527648e+00
 4.833659491e-01  4.968540946e-01  1.287341230e+00
 4.853228963e-01  4.983755347e-01  1.285152093e+00
 4.872798434e-01  4.998995699e-01  1.282961093e+00
 4.892367906e-01  5.014262109e-01  1.280768320e+00
 4.911937378e-01  5.029554686e-01  1.278574818e+00
 4.931506849e-01  5.044873523e-01  1.276380931e+00
 4.951076321e-01  5.060218714e-01  1.274187057e+00
 4.970645793e-01  5.075590345e-01  1.271993904e+00
 4.990215264e-01  5.090988497e-01  1.269801678e+00
 5.009784736e-01  5.106413246e-01  1.267611111e+00
 5.029354207e-01  5.121864662e-01  1.265422674e+00
 5.048923679e-01  5.137342808e-01  1.263236594e+00
 5.068493151e-01  5.152847744e-01  1.261053807e+00
 5.088062622e-01  5.168379519e-01  1.258874868e+00
 5.107632094e-01  5.183938175e-01  1.256699704e+00
 5.127201566e-01  5.199523759e-01  1.254528931e+00
 5.146771037e-01  5.215136304e-01  1.252363032e+00
 5.166340509e-01  5.230775840e-01  1.250202873e+00
 5.185909980e-01  5.246442383e-01  1.248049001e+00
 5.205479452e-01  5.262135946e-01  1.245901457e+00
 5.225048924e-01  5.277856542e-01  1.243760388e+00
 5.244618395e-01  5.293604178e-01  1.241626620e+00
 5.264187867e-01  5.309378851e-01  1.239500845e+00
 5.283757339e-01  5.325180548e-01  1.237383496e+00
 5.303326810e-01  5.341009252e-01  1.235274852e+00
 5.322896282e-01  5.356864942e-01  1.233174684e+00
 5.342465753e-01  5.372747602e-01  1.231083725e+00
 5.362035225e-01  5.388657197e-01  1.229002675e+00
 5.381604697e-01  5.404593690e-01  1.226931639e+00
 5.401174168e-01  5.420557039e-01  1.224870894e+00
 5.420743640e-01  5.436547201e-01  1.222820343e+00
 5.440313112e-01  5.452564131e-01  1.220780347e+00
 5.459882583e-01  5.468607776e-01  1.218751422e+00
 5.479452055e-01  5.484678078e-01  1.216733732e+00
 5.499021526e-01  5.500774977e-01  1.214727308e+00
 5.518590998e-01  5.516898411e-01  1.212732184e+00
 5.538160470e-01  5.533048315e-01  1.210748557e+00
 5.557729941e-01  5.549224623e-01  1.208776646e+00
 5.577299413e-01  5.565427261e-01  1.206816599e+00
 5.596868885e-01  5.581656157e-01  1.204868408e+00
 5.616438356e-01  5.597911234e-01  1.202932082e+00
 5.636007828e-01  5.614192418e-01  1.201007680e+00
 5.655577299e-01  5.630499629e-01  1.199095247e+00
 5.675146771e-01  5.646832787e-01  1.197194836e+00
 5.694716243e-01  5.663191810e-01  1.195306408e+00
 5.714285714e-01  5.679576617e-01  1.193429914e+00
 5.733855186e-01  5.695987126e-01  1.191565328e+00
 5.753424658e-01  5.712423252e-01  1.189712585e+00
 5.772994129e-01  5.728884912e-01  1.187871638e+00
 5.792563601e-01  5.745372023e-01  1.186042393e+00
 5.812133072e-01  5.761884501e-01  1.184224723e+00
 5.831702544e-01  5.778422263e-01  1.182418488e+00
 5.851272016e-01  5.794985228e-01  1.180623589e+00
 5.870841487e-01  5.811573313e-01  1.178839956e+00
 5.890410959e-01  5.828186437e-01  1.177067403e+00
 5.909980431e-01  5.844824521e-01  1.175305672e+00
 5.929549902e-01  5.861487488e-01  1.173554566e+00
 5.949119374e-01  5.878175262e-01  1.171813967e+00
 5.968688845e-01  5.894887768e-01  1.170083703e+00
 5.988258317e-01  5.911624933e-01  1.168363691e+00
 6.007827789e-01  5.928386685e-01  1.166653538e+00
 6.027397260e-01  5.945172955e-01  1.164952999e+00
 6.046966732e-01  5.961983678e-01  1.163261956e+00
 6.066536204e-01  5.978818789e-01  1.161580277e+00
 6.086105675e-01  5.995678224e-01  1.159907714e+00
 6.105675147e-01  6.012561922e-01  1.158244098e+00
 6.125244618e-01  6.029469825e-01  1.156589101e+00
 6.144814090e-01  6.046401877e-01  1.154942608e+00
 6.164383562e-01  6.063358023e-01  1.153304469e+00
 6.183953033e-01  6.080338210e-01  1.151674344e+00
 6.203522505e-01  6.097342391e-01  1.150052021e+00
 6.223091977e-01  6.114370520e-01  1.148437327e+00
 6.242661448e-01  6.131422551e-01  1.146830041e+00
 6.262230920e-01  6.148498444e-01  1.145229956e+00
 6.281800391e-01  6.165598160e-01  1.143636661e+00
 6.301369863e-01  6.182721667e-01  1.142049883e+00
 6.320939335e-01  6.199868933e-01  1.140469481e+00
 6.340508806e-01  6.217039931e-01  1.138895396e+00
 6.360078278e-01  6.234234632e-01  1.137327193e+00
 6.379647750e-01  6.251453016e-01  1.135764422e+00
 6.399217221e-01  6.268695069e-01  1.134206821e+00
 6.418786693e-01  6.285960779e-01  1.132654138e+00
 6.438356164e-01  6.303250137e-01  1.131106345e+00
 6.457925636e-01  6.320563133e-01  1.129563275e+00
 6.477495108e-01  6.337899763e-01  1.128024214e+00
 6.497064579e-01  6.355260036e-01  1.126488827e+00
 6.516634051e-01  6.372643959e-01  1.124956937e+00
 6.536203523e-01  6.390051544e-01  1.123428408e+00
 6.555772994e-01  6.407482806e-01  1.121902899e+00
 6.575342466e-01  6.424937765e-01  1.120380152e+00
 6.594911937e-01  6.442416445e-01  1.118859668e+00
 6.614481409e-01  6.459918877e-01  1.117341252e+00
 6.634050881e-01  6.477445097e-01  1.115824551e+00
 6.653620352e-01  6.494995145e-01  1.114309197e+00
 6.673189824e-01  6.512569066e-01  1.112794894e+00
 6.692759295e-01  6.530166911e-01  1.111281596e+00
 6.712328767e-01  6.547788731e-01  1.109768974e+00
 6.731898239e-01  6.565434584e-01  1.108256403e+00
 6.751467710e-01  6.583104538e-01  1.106743543e+00
 6.771037182e-01  6.600798667e-01  1.105230215e+00
 6.790606654e-01  6.618517045e-01  1.103716204e+00
 6.810176125e-01  6.636259752e-01  1.102201366e+00
 6.829745597e-01  6.654026870e-01  1.100685166e+00
 6.849315068e-01  6.671818494e-01  1.099167092e+00
 6.868884540e-01  6.689634724e-01  1.097646881e+00
 6.888454012e-01  6.707475665e-01  1.096124446e+00
 6.908023483e-01  6.725341422e-01  1.094599469e+00
 6.927592955e-01  6.743232111e-01  1.093071532e+00
 6.947162427e-01  6.761147851e-01  1.091540434e+00
 6.966731898e-01  6.779088769e-01  1.090005696e+00
 6.986301370e-01  6.797054996e-01  1.088467144e+00
 7.005870841e-01  6.815046671e-01  1.086924408e+00
 7.025440313e-01  6.833063939e-01  1.085377068e+00
 7.045009785e-01  6.851106951e-01  1.083824766e+00
 7.064579256e-01  6.869175865e-01  1.082267408e+00
 7.084148728e-01  6.887270843e-01  1.080705063e+00
 7.103718200e-01  6.905392045e-01  1.079136849e+00
 7.123287671e-01  6.923539652e-01  1.077562436e+00
 7.142857143e-01  6.941713848e-01  1.075981609e+00
 7.162426614e-01  6.959914820e-01  1.074394167e+00
 7.181996086e-01  6.978142764e-01  1.072799748e+00
 7.201565558e-01  6.996397880e-01  1.071198133e+00
 7.221135029e-01  7.014680374e-01  1.069588983e+00
 7.240704501e-01  7.032990461e-01  1.067971867e+00
 7.260273973e-01  7.051328365e-01  1.066346602e+00
 7.279843444e-01  7.069694312e-01  1.064712864e+00
 7.299412916e-01  7.088088539e-01  1.063070133e+00
 7.318982387e-01  7.106511292e-01  1.061418116e+00
 7.338551859e-01  7.124962822e-01  1.059756883e+00
 7.358121331e-01  7.143443382e-01  1.058086037e+00
 7.377690802e-01  7.161953236e-01  1.056404985e+00
 7.397260274e-01  7.180492660e-01  1.054713371e+00
 7.416829746e-01  7.199061939e-01  1.053010851e+00
 7.436399217e-01  7.217661363e-01  1.051297163e+00
 7.455968689e-01  7.236291232e-01  1.049571981e+00
 7.475538160e-01  7.254951852e-01  1.047834999e+00
 7.495107632e-01  7.273643538e-01  1.046086170e+00
 7.514677104e-01  7.292366605e-01  1.044325232e+00
 7.534246575e-01  7.311121380e-01  1.042551972e+00
 7.553816047e-01  7.329908189e-01  1.040766989e+00
 7.573385519e-01  7.348727350e-01  1.038970703e+00
 7.592954990e-01  7.367579176e-01  1.037163397e+00
 7.612524462e-01  7.386463982e-01  1.035344845e+00
 7.632093933e-01  7.405382090e-01  1.033515059e+00
 7.651663405e-01  7.424333817e-01  1.031675202e+00
 7.671232877e-01  7.443319457e-01  1.029826213e+00
 7.690802348e-01  7.462339299e-01  1.027968206e+00
 7.710371820e-01  7.481393630e-01  1.026101467e+00
 7.729941292e-01  7.500482731e-01  1.024227004e+00
 7.749510763e-01  7.519606864e-01  1.022346008e+00
 7.769080235e-01  7.538766271e-01  1.020459235e+00
 7.788649706e-01  7.557961192e-01  1.018565969e+00
 7.808219178e-01  7.577191881e-01  1.016667087e+00
 7.827788650e-01  7.596458562e-01  1.014764412e+00
 7.847358121e-01  7.615761429e-01  1.012859123e+00
 7.866927593e-01  7.635100664e-01  1.010951549e+00
 7.886497065e-01  7.654476451e-01  1.009040661e+00
 7.906066536e-01  7.673888994e-01  1.007127254e+00
 7.925636008e-01  7.693338469e-01  1.005212423e+00
 7.945205479e-01  7.712825035e-01  1.003297050e+00
 7.964774951e-01  7.732348842e-01  1.001381929e+00
 7.984344423e-01  7.751910033e-01  9.994649340e-01
 8.003913894e-01  7.771508812e-01  9.975444306e-01
 8.023483366e-01  7.791145403e-01  9.956193622e-01
 8.043052838e-01  7.810820050e-01  9.936888221e-01
 8.062622309e-01  7.830533015e-01  9.917527758e-01
 8.082191781e-01  7.850284562e-01  9.898115221e-01
 8.101761252e-01  7.870074985e-01  9.878584082e-01
 8.121330724e-01  7.889904753e-01  9.858840717e-01
 8.140900196e-01  7.909774462e-01  9.838930564e-01
 8.160469667e-01  7.929684542e-01  9.818899169e-01
 8.180039139e-01  7.949635344e-01  9.798812790e-01
 8.199608611e-01  7.969627038e-01  9.778801087e-01
 8.219178082e-01  7.989659499e-01  9.759010252e-01
 8.238747554e-01  8.009732357e-01  9.739469196e-01
 8.258317025e-01  8.029845236e-01  9.720134971e-01
 8.277886497e-01  8.049997613e-01  9.701513144e-01
 8.297455969e-01  8.070187705e-01  9.683887580e-01
 8.317025440e-01  8.090413503e-01  9.667244516e-01
 8.336594912e-01  8.110672977e-01  9.651766001e-01
 8.356164384e-01  8.130963492e-01  9.637741573e-01
 8.375733855e-01  8.151281786e-01  9.625479150e-01
 8.395303327e-01  8.171624030e-01  9.615060938e-01
 8.414872798e-01  8.191986379e-01  9.606483141e-01
 8.434442270e-01  8.212364977e-01  9.599725436e-01
 8.454011742e-01  8.232755996e-01  9.594783755e-01
 8.473581213e-01  8.253155579e-01  9.591661212e-01
 8.493150685e-01  8.273559836e-01  9.590411584e-01
 8.512720157e-01  8.293964756e-01  9.591038051e-01
 8.532289628e-01  8.314366389e-01  9.593510502e-01
 8.551859100e-01  8.334760914e-01  9.597695585e-01
 8.571428571e-01  8.355144876e-01  9.603409602e-01
 8.590998043e-01  8.375515179e-01  9.610580017e-01
 8.610567515e-01  8.395868859e-01  9.619113622e-01
 8.630136986e-01  8.416203323e-01  9.628684970e-01
 8.649706458e-01  8.436516849e-01  9.638909961e-01
 8.669275930e-01  8.456808588e-01  9.649221250e-01
 8.688845401e-01  8.477078872e-01  9.659247359e-01
 8.708414873e-01  8.497328471e-01  9.669027561e-01
 8.727984344e-01  8.517558044e-01  9.678328526e-01
 8.747553816e-01  8.537769076e-01  9.686681427e-01
 8.767123288e-01  8.557964046e-01  9.693681491e-01
 8.786692759e-01  8.578146233e-01  9.698796847e-01
 8.806262231e-01  8.598319917e-01  9.701810581e-01
 8.825831703e-01  8.618489413e-01  9.702900673e-01
 8.845401174e-01  8.638658568e-01  9.702159670e-01
 8.864970646e-01  8.658831243e-01  9.699470291e-01
 8.884540117e-01  8.679011604e-01  9.694739239e-01
 8.904109589e-01  8.699203878e-01  9.688055569e-01
 8.923679061e-01  8.719412019e-01  9.679554786e-01
 8.943248532e-01  8.739639771e-01  9.669279377e-01
 8.962818004e-01  8.759890876e-01  9.657232548e-01
 8.982387476e-01  8.780169062e-01  9.643475420e-01
 9.001956947e-01  8.800477882e-01  9.628148427e-01
 9.021526419e-01  8.820820582e-01  9.611448546e-01
 9.041095890e-01  8.841200129e-01  9.593334542e-01
 9.060665362e-01  8.861619783e-01  9.573689529e-01
 9.080234834e-01  8.882083002e-01  9.552527002e-01
 9.099804305e-01  8.902593113e-01  9.529981817e-01
 9.119373777e-01  8.923153101e-01  9.506326653e-01
 9.138943249e-01  8.943765472e-01  9.481587150e-01
 9.158512720e-01  8.964432928e-01  9.455691337e-01
 9.178082192e-01  8.985158304e-01  9.428699603e-01
 9.197651663e-01  9.005944300e-01  9.400601433e-01
 9.217221135e-01  9.026793760e-01  9.371357661e-01
 9.236790607e-01  9.047709565e-01  9.341131848e-01
 9.256360078e-01  9.068694247e-01  9.309921503e-01
 9.275929550e-01  9.089750590e-01  9.277606073e-01
 9.295499022e-01  9.110881606e-01  9.244265934e-01
 9.315068493e-01  9.132090013e-01  9.210120858e-01
 9.334637965e-01  9.153378269e-01  9.174938742e-01
 9.354207436e-01  9.174749671e-01  9.138502120e-01
 9.373776908e-01  9.196207649e-01  9.101236347e-01
 9.393346380e-01  9.217754522e-01  9.063318843e-01
 9.412915851e-01  9.239392932e-01  9.024192372e-01
 9.432485323e-01  9.261127115e-01  8.983476591e-01
 9.452054795e-01  9.282961538e-01  8.941586545e-01
 9.471624266e-01  9.304898960e-01  8.900076078e-01
 9.491193738e-01  9.326939468e-01  8.857409266e-01
 9.510763209e-01  9.349089085e-01  8.812487271e-01
 9.530332681e-01  9.371354944e-01  8.762900248e-01
 9.549902153e-01  9.393744494e-01  8.714261185e-01
 9.569471624e-01  9.416230137e-01  8.709292138e-01
 9.589041096e-01  9.438695162e-01  8.712812756e-01
 9.608610568e-01  9.461173639e-01  8.695197997e-01
 9.628180039e-01  9.483733279e-01  8.648913027e-01
 9.647749511e-01  9.506453992e-01  8.571610558e-01
 9.667318982e-01  9.529421306e-01  8.467585818e-01
 9.686888454e-01  9.552720757e-01  8.320804089e-01
 9.706457926e-01  9.576497508e-01  8.129047149e-01
 9.726027397e-01  9.600879813e-01  7.922658997e-01
 9.745596869e-01  9.625905519e-01  7.717820535e-01
 9.765166341e-01  9.651594074e-01  7.520174942e-01
 9.784735812e-01  9.677948035e-01  7.333856851e-01
 9.804305284e-01  9.704954560e-01  7.161776322e-01
 9.823874755e-01  9.732586886e-01  7.005890568e-01
 9.843444227e-01  9.760805809e-01  6.867443885e-01
 9.863013699e-01  9.789561136e-01  6.747167773e-01
 9.882583170e-01  9.818793130e-01  6.645441453e-01
 9.902152642e-01  9.848433929e-01  6.562416808e-01
 9.921722114e-01  9.878408944e-01  6.498113332e-01
 9.941291585e-01  9.908638232e-01  6.452488581e-01
 9.960861057e-01  9.939037840e-01  6.425489278e-01
 9.980430528e-01  9.969521116e-01  6.420202880e-01
 1.000000000e+00  1.000000000e+00  6.421128149e-01
4  3.754426515e-01  6.989983887e-01  1.009226677e+00  7.463741348e-01  9.600792246e-01  6.227238936e+01  4.616000545e-01  9.919564758e-01  3.180263704e-01  2.664885639e+00
5  4.890909108e-01  9.743123054e-01  1.006511479e+00  6.120489575e-01  9.320514487e-01  3.738619657e+01  4.106759298e-01  1.040293559e+00  4.733286947e-01  2.769775424e+00
6  5.825723529e-01  1.103727240e+00  1.004471798e+00  5.217957089e-01  9.093513918e-01  2.725473611e+01  3.801629353e-01  1.111659680e+00  5.887511628e-01  2.743737793e+00
7  6.667920535e-01  1.179787554e+00  1.002712687e+00  4.570822701e-01  8.919972611e-01  2.157325947e+01  3.583568701e-01  1.187535796e+00  6.845029912e-01  2.687046136e+00
8  7.435275492e-01  1.286641435e+00  1.001269885e+00  4.084494707e-01  8.828896381e-01  1.813272519e+01  3.422829572e-01  1.268215410e+00  7.662945836e-01  2.617968818e+00
9  8.100432677e-01  1.495774337e+00  1.000228531e+00  3.702150671e-01  8.896258137e-01  1.636803962e+01  3.312886952e-01  1.367684098e+00  8.326707287e-01  2.532626714e+00
10  8.620516140e-01  1.969158184e+00  9.995606153e-01  3.388988285e-01  9.237185104e-01  1.616707730e+01  3.246363675e-01  1.501846024e+00  8.827798217e-01  2.424089457e+00
11  9.000140140e-01  2.459821023e+00  9.991670291e-01  3.125490362e-01  9.976774238e-01  1.763605870e+01  3.212444207e-01  1.695244719e+00  9.192193092e-01  2.299857453e+00
12  9.298192308e-01  2.568249812e+00  9.990174414e-01  2.902080036e-01  1.117446731e+00  2.088889016e+01  3.203445663e-01  1.978792689e+00  9.465651285e-01  2.177692654e+00
13  9.698066211e-01  3.553152667e+00  9.997939002e-01  2.734594547e-01  1.283975830e+00  2.546577598e+01  3.243259328e-01  2.259996987e+00  9.799357591e-01  2.098256190e+00
14  9.843008997e-01  6.914539328e+00  9.999006532e-01  2.560936142e-01  1.497100531e+00  3.314990093e+01  3.272199116e-01  3.163775578e+00  9.898588956e-01  1.977711487e+00
15  9.919663860e-01  1.189172883e+01  9.999180622e-01  2.404409807e-01  1.685050418e+00  4.020582700e+01  3.304110942e-01  4.878218029e+00  9.948399033e-01  1.860271565e+00
0 0 -1.257229481e-01 -8.485773724e-18
0 1  1.401552589e-02 -4.298239210e-03
0 2 -1.430824315e-02  4.949374779e-03
0 3  5.329216243e-03 -5.760411838e-03
0 4 -2.379768190e-03  5.698125902e-03
0 5 -1.751305358e-03 -4.394999066e-03
0 6  3.517649328e-03  1.093298786e-03
0 7 -1.984092306e-03  2.541075224e-03
0 8 -2.194296392e-03 -1.766297868e-03
0 9  5.483550495e-04 -2.361292436e-03
0 10  1.970669624e-03 -9.707261557e-04
0 11  2.015813797e-03  2.230564284e-04
1 0 -1.114794562e-01 -3.418818342e-02
1 1 -9.726258677e-02  2.121393680e-17
1 2  1.017437132e-02 -5.938407828e-03
1 3 -1.361653260e-02  7.120392613e-03
1 4  2.595174920e-03 -7.793062084e-03
1 5  7.497229145e-04  6.345771420e-03
1 6 -5.083290654e-03 -2.188484739e-03
1 7  2.864735423e-03 -3.129255331e-03
1 8  2.452213647e-03  2.740900457e-03
1 9 -1.261302536e-03  3.011064248e-03
1 10 -2.872780198e-03  9.115622538e-04
1 11 -2.709319475e-03 -6.765294633e-04
2 0  1.138077285e-01  3.936731403e-02
2 1 -1.046072458e-01 -6.105541735e-02
2 2 -7.825476750e-02  4.769656279e-19
2 3  6.307021734e-03 -7.193571073e-03
2 4 -1.044777660e-02  8.375443564e-03
2 5 -1.671987483e-03 -7.923148978e-03
2 6  4.070662648e-03  3.652489166e-03
2 7 -4.799816797e-03  2.790636920e-03
2 8 -2.625278131e-03 -3.754349537e-03
2 9  1.813097303e-03 -3.085909884e-03
2 10  3.150089738e-03 -3.665466798e-04
2 11  2.617881364e-03  1.349420208e-03
3 0 -4.238857204e-02 -4.581830067e-02
3 1  1.399976399e-01  7.320792968e-02
3 2 -8.059600630e-02 -9.192502007e-02
3 3 -6.505552682e-02 -8.545944175e-17
3 4  3.203930787e-03 -8.352165047e-03
3 5 -6.801363632e-03  8.965800856e-03
3 6 -6.160881055e-03 -5.982940241e-03
3 7  4.467194857e-03 -1.545445495e-03
3 8  3.009865079e-04  4.834777780e-03
3 9 -3.710835166e-03  2.512906237e-03
3 10 -4.003237612e-03 -8.081335343e-04
3 11 -2.767536318e-03 -2.418521484e-03
4 0  1.892866995e-02  4.532287850e-02
4 1 -2.668214990e-02 -8.012394429e-02
4 2  1.335097775e-01  1.070279017e-01
4 3 -4.924917134e-02 -1.283851727e-01
4 4 -5.540437506e-02  1.954959941e-17
4 5  1.844272981e-04 -9.617074243e-03
4 6 -2.935348829e-03  8.471657948e-03
4 7 -9.266020463e-03 -1.461777526e-03
4 8 -3.001240826e-04 -5.592366769e-03
4 9  3.509867172e-03 -9.022821028e-04
4 10  2.404536144e-03  2.608278316e-03
4 11  5.139205022e-04  3.595320418e-03
5 0  1.392987823e-02 -3.495781106e-02
5 1 -7.708235401e-03  6.524370398e-02
5 2  2.136595042e-02 -1.012481313e-01
5 3  1.045470533e-01  1.378176658e-01
5 4 -3.328749723e-03 -1.735796899e-01
5 5 -4.778370162e-02  6.256702530e-17
5 6 -3.277110043e-03 -1.074239491e-02
5 7  6.380452159e-04  5.746894203e-03
5 8 -8.140779262e-03  3.981826132e-03
5 9 -6.390146094e-03 -2.280656755e-03
5 10 -2.514941626e-03 -4.440942679e-03
5 11  7.512829835e-05 -3.985505719e-03
6 0 -2.797937354e-02  8.696095679e-03
6 1  5.226357660e-02 -2.250078691e-02
6 2 -5.201807861e-02  4.667433413e-02
6 3  9.470188555e-02 -9.196667115e-02
6 4  5.298045192e-02  1.529059382e-01
6 5  6.858217199e-02 -2.248129498e-01
6 6 -4.125088183e-02 -8.274368571e-18
6 7 -6.932347168e-03 -1.098933887e-02
6 8  2.165800890e-03  7.867305296e-04
6 9 -1.654629255e-03  5.047712958e-03
6 10 -5.202321698e-03  3.685373731e-03
6 11 -6.104321296e-03  1.416866848e-03
7 0  1.578146501e-02  2.021170567e-02
7 1 -2.945362156e-02 -3.217326862e-02
7 2  6.133577481e-02  3.566091894e-02
7 3 -6.866741499e-02 -2.375579095e-02
7 4  1.672434795e-01 -2.638379233e-02
7 5 -1.335277918e-02  1.202689203e-01
7 6  1.680533085e-01 -2.664025199e-01
7 7 -3.544481961e-02 -6.333525300e-17
7 8 -9.685784742e-03 -9.811705073e-03
7 9  3.768417151e-04 -4.041658274e-03
7 10  1.521400816e-03  7.144364795e-04
7 11  3.243404473e-04  2.805305218e-03
8 0  1.745342776e-02 -1.404912861e-02
8 1 -2.521230134e-02  2.818041909e-02
8 2  3.354783631e-02 -4.797598482e-02
8 3 -4.626609339e-03  7.431771006e-02
8 4  5.416974423e-03 -1.009372773e-01
8 5  1.703672798e-01  8.333021505e-02
8 6 -5.250314161e-02  1.907184755e-02
8 7  2.732637617e-01 -2.768163354e-01
8 8 -3.055285105e-02 -1.254137000e-17
8 9 -9.638993858e-03 -5.741662511e-03
8 10 -3.505355249e-03 -5.872790502e-03
8 11 -6.251526226e-04 -4.186071577e-03
9 0 -4.361614628e-03 -1.878171386e-02
9 1  1.296801348e-02  3.095809342e-02
9 2 -2.316916094e-02 -3.943414545e-02
9 3  5.704104398e-02  3.862709841e-02
9 4 -6.335000021e-02 -1.628539446e-02
9 5  1.337306629e-01 -4.772875850e-02
9 6  4.011136689e-02  1.223661831e-01
9 7 -1.063178538e-02 -1.140267694e-01
9 8  3.154859049e-01 -1.879255884e-01
9 9 -2.865955798e-02 -1.299994708e-17
9 10 -1.430475416e-02 -5.788861848e-03
9 11 -8.892109032e-03 -7.086289451e-03
10 0 -1.567470103e-02 -7.721153301e-03
10 1  2.953633348e-02  9.372177772e-03
10 2 -4.025428531e-02 -4.684017237e-03
10 3  6.153570355e-02 -1.242221182e-02
10 4 -4.339975212e-02  4.707711825e-02
10 5  5.263178742e-02 -9.293843985e-02
10 6  1.261141936e-01  8.934048358e-02
10 7 -4.292307966e-02  2.015630175e-02
10 8  1.147308722e-01 -1.922174298e-01
10 9  4.991268242e-01 -2.019871295e-01
10 10 -2.100309473e-02  6.643498483e-17
10 11 -1.148573196e-02 -2.692178964e-03
11 0 -1.603377766e-02  1.774190248e-03
11 1  2.785572094e-02 -6.955700910e-03
11 2 -3.345331471e-02  1.724393607e-02
11 3  4.254114068e-02 -3.717626469e-02
11 4 -9.275810830e-03  6.489235578e-02
11 5 -1.572257816e-03 -8.340722011e-02
11 6  1.479803831e-01  3.434755295e-02
11 7 -9.150574071e-03  7.914570447e-02
11 8  2.046135144e-02 -1.370108332e-01
11 9  3.102667891e-01 -2.472574579e-01
11 10  5.468590275e-01 -1.281801087e-01
11 11 -1.710428666e-02  5.335643448e-18
0 0 -8.270632326e+00  1.881999603e-16
0 1 -8.876060480e-01  3.695024048e-01
0 2  1.198171804e+00 -3.442254802e-01
0 3 -2.741335770e-01  2.810082048e-01
0 4  1.203103577e-01 -2.348203675e-01
0 5  5.553213501e-02  1.615645795e-01
0 6 -1.113792086e-01 -4.304059872e-02
0 7  6.538180078e-02 -7.533980545e-02
0 8  5.668084518e-02  5.477285447e-02
0 9  8.815363617e-03  8.051293410e-02
0 10 -5.500475710e-02  1.632499234e-02
0 11 -5.908171371e-02 -5.063282050e-02
1 0 -8.876060480e-01 -3.695024048e-01
1 1 -1.087837098e+01 -4.301331254e-16
1 2 -9.080051537e-01  8.265515932e-01
1 3  1.873719359e+00 -8.201625297e-01
1 4 -2.266608405e-01  6.126976267e-01
1 5 -9.326473815e-03 -4.239473287e-01
1 6  2.759278049e-01  1.459193926e-01
1 7 -1.601024987e-01  1.540745143e-01
1 8 -9.971702210e-02 -1.367725739e-01
1 9  8.588108351e-03 -1.601787570e-01
1 10  1.160193076e-01 -1.334672977e-02
1 11  1.086909989e-01  1.223222606e-01
2 0  1.198171804e+00  3.442254802e-01
2 1 -9.080051537e-01 -8.265515932e-01
2 2 -1.363696203e+01  1.605487861e-14
2 3 -6.624796235e-01  1.490992346e+00
2 4  2.216250604e+00 -1.471100714e+00
2 5  1.571862271e-01  9.349921579e-01
2 6 -3.470096599e-01 -4.077973916e-01
2 7  4.190869870e-01 -2.054797980e-01
2 8  1.469352432e-01  2.981400696e-01
2 9 -7.184225479e-02  2.587841359e-01
2 10 -1.850496183e-01 -1.851464235e-02
2 11 -1.151314786e-01 -2.283284949e-01
3 0 -2.741335770e-01 -2.810082048e-01
3 1  1.873719359e+00  8.201625297e-01
3 2 -6.624796235e-01 -1.490992346e+00
3 3 -1.658442283e+01  1.761412310e-14
3 4 -1.397255944e-01  2.437486368e+00
3 5  2.207606315e+00 -2.292075954e+00
3 6  9.659197759e-01  1.054781033e+00
3 7 -6.427321667e-01  1.112323424e-01
3 8  5.918722130e-02 -5.919577740e-01
3 9  2.924745702e-01 -3.224195955e-01
3 10  2.867522283e-01  1.364429049e-01
3 11  9.080679037e-02  4.066266414e-01
4 0  1.203103577e-01  2.348203675e-01
4 1 -2.266608405e-01 -6.126976267e-01
4 2  2.216250604e+00  1.471100714e+00
4 3 -1.397255944e-01 -2.437486368e+00
4 4 -1.986347363e+01 -3.597867961e-14
4 5  8.965108869e-01  3.816468417e+00
4 6  1.728002013e+00 -3.216051692e+00
4 7  2.158784880e+00  4.750914759e-01
4 8 -2.007506731e-01  9.143899524e-01
4 9 -5.393299805e-01  2.505219779e-01
4 10 -2.161805421e-01 -4.196645306e-01
4 11  3.048901207e-01 -6.508248451e-01
5 0  5.553213501e-02 -1.615645795e-01
5 1 -9.326473815e-03  4.239473287e-01
5 2  1.571862271e-01 -9.349921579e-01
5 3  2.207606315e+00  2.292075954e+00
5 4  8.965108869e-01 -3.816468417e+00
5 5 -2.374915226e+01 -1.288606524e-14
5 6  2.841051344e+00  5.749829120e+00
5 7  5.009592213e-01 -3.617324798e+00
5 8  2.927647448e+00 -1.073157153e+00
5 9  1.406252982e+00  4.000443690e-01
5 10  8.172086775e-02  7.339941284e-01
5 11 -6.949469118e-01  4.400802213e-01
6 0 -1.113792086e-01  4.304059872e-02
6 1  2.759278049e-01 -1.459193926e-01
6 2 -3.470096599e-01  4.077973916e-01
6 3  9.659197759e-01 -1.054781033e+00
6 4  1.728002013e+00  3.216051692e+00
6 5  2.841051344e+00 -5.749829120e+00
6 6 -2.833668527e+01  8.895158401e-14
6 7  6.126385992e+00  7.976839736e+00
6 8 -7.080578591e-01 -3.116662934e+00
6 9  5.178146024e-01 -1.985912304e+00
6 10  1.611496562e+00 -8.430834079e-01
6 11  2.110188368e+00  3.215797155e-01
7 0  6.538180078e-02  7.533980545e-02
7 1 -1.601024987e-01 -1.540745143e-01
7 2  4.190869870e-01  2.054797980e-01
7 3 -6.427321667e-01 -1.112323424e-01
7 4  2.158784880e+00 -4.750914759e-01
7 5  5.009592213e-01  3.617324798e+00
7 6  6.126385992e+00 -7.976839736e+00
7 7 -3.380882138e+01  4.491536256e-14
7 8  9.707200001e+00  8.909230384e+00
7 9 -5.149456934e-01  1.386716847e+00
7 10 -4.579535845e-01 -1.946135397e+00
7 11  1.306983627e+00 -3.368290349e+00
8 0  5.668084518e-02 -5.477285447e-02
8 1 -9.971702210e-02  1.367725739e-01
8 2  1.469352432e-01 -2.981400696e-01
8 3  5.918722130e-02  5.919577740e-01
8 4 -2.007506731e-01 -9.143899524e-01
8 5  2.927647448e+00  1.073157153e+00
8 6 -7.080578591e-01  3.116662934e+00
8 7  9.707200001e+00 -8.909230384e+00
8 8 -3.754534190e+01  4.553097206e-14
8 9  1.095144886e+01  5.650248938e+00
8 10  6.689224127e-01  2.037519915e+00
8 11 -1.397156141e+00 -1.032671041e+00
9 0  8.815363617e-03 -8.051293410e-02
9 1  8.588108351e-03  1.601787570e-01
9 2 -7.184225479e-02 -2.587841359e-01
9 3  2.924745702e-01  3.224195955e-01
9 4 -5.393299805e-01 -2.505219779e-01
9 5  1.406252982e+00 -4.000443690e-01
9 6  5.178146024e-01  1.985912304e+00
9 7 -5.149456934e-01 -1.386716847e+00
9 8  1.095144886e+01 -5.650248938e+00
9 9 -4.923995303e+01 -1.126256579e-13
9 10  2.119791053e+01  7.762450498e+00
9 11  3.695302409e+00  4.257461514e+00
10 0 -5.500475710e-02 -1.632499234e-02
10 1  1.160193076e-01  1.334672977e-02
10 2 -1.850496183e-01  1.851464235e-02
10 3  2.867522283e-01 -1.364429049e-01
10 4 -2.161805421e-01  4.196645306e-01
10 5  8.172086775e-02 -7.339941284e-01
10 6  1.611496562e+00  8.430834079e-01
10 7 -4.579535845e-01  1.946135397e+00
10 8  6.689224127e-01 -2.037519915e+00
10 9  2.119791053e+01 -7.762450498e+00
10 10 -6.605681884e+01 -3.468892638e-13
10 11  3.197204528e+01  7.494034170e+00
11 0 -5.908171371e-02  5.063282050e-02
11 1  1.086909989e-01 -1.223222606e-01
11 2 -1.151314786e-01  2.283284949e-01
11 3  9.080679037e-02 -4.066266414e-01
11 4  3.048901207e-01  6.508248451e-01
11 5 -6.949469118e-01 -4.400802213e-01
11 6  2.110188368e+00 -3.215797155e-01
11 7  1.306983627e+00  3.368290349e+00
11 8 -1.397156141e+00  1.032671041e+00
11 9  3.695302409e+00 -4.257461514e+00
11 10  3.197204528e+01 -7.494034170e+00
11 11 -5.846487608e+01 -1.823798555e-14
0  2.580797699e-02 -1.472088133e-03 -1.121127722e-01 -8.557780123e-03
1  4.004482510e-02 -1.796842673e-03  1.418353431e-01  3.264155338e-02
2  5.359021922e-02 -3.141235467e-03 -1.459556765e-01 -7.124407372e-02
3  7.510643395e-02 -3.767592110e-03  1.217163517e-01  1.240730517e-01
4  1.026486983e-01 -6.897972877e-03 -5.146735042e-02 -1.742834536e-01
5  1.358715545e-01 -8.413339515e-03 -7.135340064e-02  1.711450808e-01
6  1.689503690e-01 -1.209397588e-02  1.790762344e-01 -4.524666048e-02
7  1.948495081e-01 -1.507205111e-02 -1.016862443e-01 -1.492947146e-01
8  2.159859841e-01 -1.672492198e-02 -1.404907999e-01  1.037453123e-01
9  2.546183694e-01 -2.097376778e-02  3.194169840e-02  1.650259710e-01
10  2.549761468e-01 -2.191733465e-02  1.393728040e-01  7.564642701e-02
11  2.455836219e-01 -2.514273500e-02  1.491431566e-01 -9.941902096e-03
