 1.695500020e+00 -1.832174330e+00  8.557392307e-01  3.929309392e+00  9.340013151e-01  5.011448337e+00  9.953400326e-01  9.814805860e-01  7.186681890e+00 512 3 12
 0.000000000e+00  0.000000000e+00  8.327281683e-07
 1.956947162e-03  2.850770916e-02  1.372934037e-01
 3.913894325e-03  4.031606055e-02  1.941584921e-01
 5.870841487e-03  4.937713117e-02  2.377871635e-01
 7.827788650e-03  5.701625853e-02  2.745602196e-01
 9.784735812e-03  6.374682607e-02  3.069487225e-01
 1.174168297e-02  6.983214458e-02  3.362196088e-01
 1.369863014e-02  7.542864468e-02  3.631252266e-01
 1.565557730e-02  8.063825867e-02  3.881555671e-01
 1.761252446e-02  8.553179619e-02  4.116508187e-01
 1.956947162e-02  9.016081920e-02  4.338585417e-01
 2.152641879e-02  9.456425770e-02  4.549655156e-01
 2.348336595e-02  9.877236062e-02  4.751167432e-01
 2.544031311e-02  1.028091870e-01  4.944274959e-01
 2.739726027e-02  1.066942467e-01  5.129911722e-01
 2.935420744e-02  1.104436213e-01  5.308846627e-01
 3.131115460e-02  1.140707529e-01  5.481722891e-01
 3.326810176e-02  1.175870132e-01  5.649085575e-01
 3.522504892e-02  1.210021243e-01  5.811395076e-01
 3.718199609e-02  1.243244792e-01  5.969048793e-01
 3.913894325e-02  1.275613818e-01  6.122390371e-01
 4.109589041e-02  1.307192366e-01  6.271722273e-01
 4.305283757e-02  1.338036954e-01  6.417314416e-01
 4.500978474e-02  1.368197741e-01  6.559406916e-01
 4.696673190e-02  1.397719491e-01  6.698213313e-01
 4.892367906e-02  1.426642359e-01  6.833920606e-01
 5.088062622e-02  1.455002547e-01  6.966696906e-01
 5.283757339e-02  1.482832826e-01  7.096694801e-01
 5.479452055e-02  1.510162970e-01  7.224052911e-01
 5.675146771e-02  1.537020133e-01  7.348897321e-01
 5.870841487e-02  1.563429158e-01  7.471343001e-01
 6.066536204e-02  1.589412848e-01  7.591493341e-01
 6.262230920e-02  1.614992197e-01  7.709445275e-01
 6.457925636e-02  1.640186576e-01  7.825294073e-01
 6.653620352e-02  1.665013888e-01  7.939125022e-01
 6.849315068e-02  1.689490743e-01  8.051003397e-01
 7.045009785e-02  1.713632620e-01  8.160990951e-01
 7.240704501e-02  1.737453945e-01  8.269164219e-01
 7.436399217e-02  1.760968144e-01  8.375592935e-01
 7.632093933e-02  1.784187765e-01  8.480327188e-01
 7.827788650e-02  1.807124591e-01  8.583413839e-01
 8.023483366e-02  1.829789693e-01  8.684894859e-01
 8.219178082e-02  1.852193494e-01  8.784819227e-01
 8.414872798e-02  1.874345786e-01  8.883245335e-01
 8.610567515e-02  1.896255771e-01  8.980211722e-01
 8.806262231e-02  1.917932162e-01  9.075748089e-01
 9.001956947e-02  1.939383217e-01  9.169879759e-01
 9.197651663e-02  1.960616771e-01  9.262642333e-01
 9.393346380e-02  1.981640237e-01  9.354082040e-01
 9.589041096e-02  2.002460622e-01  9.444228325e-01
 9.784735812e-02  2.023084598e-01  9.533103027e-01
 9.980430528e-02  2.043518526e-01  9.620726035e-01
 1.017612524e-01  2.063768478e-01  9.707121075e-01
 1.037181996e-01  2.083840235e-01  9.792316285e-01
 1.056751468e-01  2.103739306e-01  9.876341959e-01
 1.076320939e-01  2.123470937e-01  9.959223376e-01
 1.095890411e-01  2.143040147e-01  1.004097052e+00
 1.115459883e-01  2.162451764e-01  1.012159043e+00
 1.135029354e-01  2.181710426e-01  1.020110337e+00
 1.154598826e-01  2.200820565e-01  1.027954486e+00
 1.174168297e-01  2.219786399e-01  1.035693420e+00
 1.193737769e-01  2.238611990e-01  1.043327484e+00
 1.213307241e-01  2.257301264e-01  1.050857048e+00
 1.232876712e-01  2.275858008e-01  1.058284054e+00
 1.252446184e-01  2.294285849e-01  1.065610924e+00
 1.272015656e-01  2.312588263e-01  1.072839046e+00
 1.291585127e-01  2.330768608e-01  1.079969044e+00
 1.311154599e-01  2.348830132e-01  1.087001652e+00
 1.330724070e-01  2.366775971e-01  1.093937930e+00
 1.350293542e-01  2.384609155e-01  1.100778933e+00
 1.369863014e-01  2.402332608e-01  1.107526411e+00
 1.389432485e-01  2.419949141e-01  1.114181787e+00
 1.409001957e-01  2.437461476e-01  1.120745280e+00
 1.428571429e-01  2.454872262e-01  1.127216904e+00
 1.448140900e-01  2.472184069e-01  1.133597720e+00
 1.467710372e-01  2.489399383e-01  1.139889312e+00
 1.487279843e-01  2.506520599e-01  1.146092776e+00
 1.506849315e-01  2.523550041e-01  1.152208735e+00
 1.526418787e-01  2.540489969e-01  1.158237081e+00
 1.545988258e-01  2.557342591e-01  1.164178265e+00
 1.565557730e-01  2.574110045e-01  1.170033269e+00
 1.585127202e-01  2.590794407e-01  1.175803905e+00
 1.604696673e-01  2.607397676e-01  1.181490149e+00
 1.624266145e-01  2.623921816e-01  1.187092311e+00
 1.643835616e-01  2.640368738e-01  1.192610376e+00
 1.663405088e-01  2.656740308e-01  1.198045247e+00
 1.682974560e-01  2.673038336e-01  1.203398126e+00
 1.702544031e-01  2.689264577e-01  1.208669188e+00
 1.722113503e-01  2.705420751e-01  1.213859078e+00
 1.741682975e-01  2.721508530e-01  1.218968089e+00
 1.761252446e-01  2.737529552e-01  1.223996280e+00
 1.780821918e-01  2.753485416e-01  1.228944225e+00
 1.800391389e-01  2.769377681e-01  1.233812803e+00
 1.819960861e-01  2.785207863e-01  1.238602511e+00
 1.839530333e-01  2.800977447e-01  1.243313961e+00
 1.859099804e-01  2.816687880e-01  1.247946732e+00
 1.878669276e-01  2.832340590e-01  1.252500952e+00
 1.898238748e-01  2.847936970e-01  1.256977862e+00
 1.917808219e-01  2.863478374e-01  1.261378147e+00
 1.937377691e-01  2.878966126e-01  1.265701680e+00
 1.956947162e-01  2.894401528e-01  1.269948909e+00
 1.976516634e-01  2.909785855e-01  1.274119718e+00
 1.996086106e-01  2.925120360e-01  1.278214599e+00
 2.015655577e-01  2.940406267e-01  1.282234694e+00
 2.035225049e-01  2.955644766e-01  1.286179774e+00
 2.054794521e-01  2.970837038e-01  1.290050365e+00
 2.074363992e-01  2.985984230e-01  1.293846665e+00
 2.093933464e-01  3.001087476e-01  1.297568798e+00
 2.113502935e-01  3.016147886e-01  1.301217277e+00
 2.133072407e-01  3.031166550e-01  1.304792701e+00
 2.152641879e-01  3.046144533e-01  1.308295003e+00
 2.172211350e-01  3.061082888e-01  1.311725049e+00
 2.191780822e-01  3.075982640e-01  1.315082799e+00
 2.211350294e-01  3.090844806e-01  1.318368229e+00
 2.230919765e-01  3.105670382e-01  1.321582266e+00
 2.250489237e-01  3.120460345e-01  1.324725020e+00
 2.270058708e-01  3.135215657e-01  1.327796901e+00
 2.289628180e-01  3.149937261e-01  1.330798447e+00
 2.309197652e-01  3.164626087e-01  1.333729522e+00
 2.328767123e-01  3.179283052e-01  1.336590429e+00
 2.348336595e-01  3.193909059e-01  1.339382027e+00
 2.367906067e-01  3.208504989e-01  1.342104462e+00
 2.387475538e-01  3.223071715e-01  1.344758017e+00
 2.407045010e-01  3.237610096e-01  1.347343071e+00
 2.426614481e-01  3.252120977e-01  1.349859740e+00
 2.446183953e-01  3.266605193e-01  1.352308729e+00
 2.465753425e-01  3.281063561e-01  1.354690466e+00
 2.485322896e-01  3.295496890e-01  1.357004955e+00
 2.504892368e-01  3.309905976e-01  1.359252785e+00
 2.524461840e-01  3.324291604e-01  1.361434351e+00
 2.544031311e-01  3.338654547e-01  1.363549988e+00
 2.563600783e-01  3.352995566e-01  1.365600189e+00
 2.583170254e-01  3.367315412e-01  1.367585242e+00
 2.602739726e-01  3.381614827e-01  1.369505425e+00
 2.622309198e-01  3.395894542e-01  1.371361372e+00
 2.641878669e-01  3.410155277e-01  1.373153555e+00
 2.661448141e-01  3.424397739e-01  1.374882214e+00
 2.681017613e-01  3.438622633e-01  1.376547785e+00
 2.700587084e-01  3.452830649e-01  1.378150716e+00
 2.720156556e-01  3.467022468e-01  1.379691536e+00
 2.739726027e-01  3.481198765e-01  1.381170768e+00
 2.759295499e-01  3.495360200e-01  1.382588679e+00
 2.778864971e-01  3.509507432e-01  1.383945800e+00
 2.798434442e-01  3.523641105e-01  1.385242662e+00
 2.818003914e-01  3.537761856e-01  1.386479805e+00
 2.837573386e-01  3.551870316e-01  1.387657662e+00
 2.857142857e-01  3.565967104e-01  1.388776652e+00
 2.876712329e-01  3.580052835e-01  1.389837411e+00
 2.896281800e-01  3.594128111e-01  1.390840340e+00
 2.915851272e-01  3.608193532e-01  1.391786013e+00
 2.935420744e-01  3.622249685e-01  1.392675171e+00
 2.954990215e-01  3.636297149e-01  1.393508257e+00
 2.974559687e-01  3.650336499e-01  1.394285699e+00
 2.994129159e-01  3.664368300e-01  1.395008049e+00
 3.013698630e-01  3.678393111e-01  1.395675891e+00
 3.033268102e-01  3.692411484e-01  1.396289968e+00
 3.052837573e-01  3.706423960e-01  1.396850793e+00
 3.072407045e-01  3.720431078e-01  1.397358614e+00
 3.091976517e-01  3.734433368e-01  1.397814146e+00
 3.111545988e-01  3.748431356e-01  1.398217989e+00
 3.131115460e-01  3.762425557e-01  1.398570652e+00
 3.150684932e-01  3.776416484e-01  1.398872655e+00
 3.170254403e-01  3.790404641e-01  1.399124636e+00
 3.189823875e-01  3.804390528e-01  1.399326988e+00
 3.209393346e-01  3.818374638e-01  1.399480301e+00
 3.228962818e-01  3.832357459e-01  1.399584915e+00
 3.248532290e-01  3.846339475e-01  1.399641634e+00
 3.268101761e-01  3.860321161e-01  1.399651124e+00
 3.287671233e-01  3.874302987e-01  1.399613859e+00
 3.307240705e-01  3.888285417e-01  1.399529989e+00
 3.326810176e-01  3.902268915e-01  1.399400255e+00
 3.346379648e-01  3.916253936e-01  1.399225172e+00
 3.365949119e-01  3.930240932e-01  1.399005527e+00
 3.385518591e-01  3.944230344e-01  1.398741721e+00
 3.405088063e-01  3.958222613e-01  1.398434365e+00
 3.424657534e-01  3.972218175e-01  1.398083712e+00
 3.444227006e-01  3.986217462e-01  1.397690282e+00
 3.463796477e-01  4.000220902e-01  1.397254706e+00
 3.483365949e-01  4.014228916e-01  1.396777797e+00
 3.502935421e-01  4.028241919e-01  1.396260152e+00
 3.522504892e-01  4.042260321e-01  1.395702072e+00
 3.542074364e-01  4.056284531e-01  1.395103730e+00
 3.561643836e-01  4.070314958e-01  1.394465790e+00
 3.581213307e-01  4.084352000e-01  1.393789256e+00
 3.600782779e-01  4.098396049e-01  1.393074664e+00
 3.620352250e-01  4.112447495e-01  1.392322389e+00
 3.639921722e-01  4.126506724e-01  1.391532701e+00
 3.659491194e-01  4.140574121e-01  1.390706003e+00
 3.679060665e-01  4.154650066e-01  1.389843237e+00
 3.698630137e-01  4.168734932e-01  1.388945047e+00
 3.718199609e-01  4.182829087e-01  1.388011860e+00
 3.737769080e-01  4.196932897e-01  1.387044393e+00
 3.757338552e-01  4.211046721e-01  1.386042700e+00
 3.776908023e-01  4.225170921e-01  1.385007048e+00
 3.796477495e-01  4.239305857e-01  1.383938652e+00
 3.816046967e-01  4.253451872e-01  1.382838208e+00
 3.835616438e-01  4.267609312e-01  1.381706149e+00
 3.855185910e-01  4.281778517e-01  1.380542929e+00
 3.874755382e-01  4.295959825e-01  1.379348136e+00
 3.894324853e-01  4.310153581e-01  1.378123165e+00
 3.913894325e-01  4.324360111e-01  1.376868929e+00
 3.933463796e-01  4.338579737e-01  1.375585742e+00
 3.953033268e-01  4.352812782e-01  1.374274096e+00
 3.972602740e-01  4.367059564e-01  1.372934197e+00
 3.992172211e-01  4.381320402e-01  1.371566350e+00
 4.011741683e-01  4.395595611e-01  1.370171771e+00
 4.031311155e-01  4.409885493e-01  1.368750917e+00
 4.050880626e-01  4.424190352e-01  1.367304410e+00
 4.070450098e-01  4.438510484e-01  1.365832817e+00
 4.090019569e-01  4.452846186e-01  1.364335850e+00
 4.109589041e-01  4.467197756e-01  1.362814379e+00
 4.129158513e-01  4.481565482e-01  1.361269498e+00
 4.148727984e-01  4.495949644e-01  1.359701744e+00
 4.168297456e-01  4.510350521e-01  1.358111625e+00
 4.187866928e-01  4.524768386e-01  1.356499116e+00
 4.207436399e-01  4.539203518e-01  1.354864560e+00
 4.227005871e-01  4.553656189e-01  1.353209192e+00
 4.246575342e-01  4.568126658e-01  1.351533689e+00
 4.266144814e-01  4.582615184e-01  1.349838418e+00
 4.285714286e-01  4.597122023e-01  1.348123697e+00
 4.305283757e-01  4.611647428e-01  1.346389929e+00
 4.324853229e-01  4.626191650e-01  1.344637641e+00
 4.344422701e-01  4.640754934e-01  1.342867702e+00
 4.363992172e-01  4.655337520e-01  1.341080751e+00
 4.383561644e-01  4.669939639e-01  1.339277261e+00
 4.403131115e-01  4.684561525e-01  1.337457410e+00
 4.422700587e-01  4.699203407e-01  1.335621897e+00
 4.442270059e-01  4.713865508e-01  1.333770996e+00
 4.461839530e-01  4.728548052e-01  1.331905759e+00
 4.481409002e-01  4.743251247e-01  1.330026813e+00
 4.500978474e-01  4.757975305e-01  1.328134106e+00
 4.520547945e-01  4.772720434e-01  1.326228398e+00
 4.540117417e-01  4.787486836e-01  1.324310135e+00
 4.559686888e-01  4.802274710e-01  1.322379994e+00
 4.579256360e-01  4.817084248e-01  1.320438754e+00
 4.598825832e-01  4.831915635e-01  1.318486349e+00
 4.618395303e-01  4.846769061e-01  1.316523570e+00
 4.637964775e-01  4.861644703e-01  1.314551221e+00
 4.657534247e-01  4.876542734e-01  1.312569358e+00
 4.677103718e-01  4.891463329e-01  1.310578767e+00
 4.696673190e-01  4.906406650e-01  1.308579770e+00
 4.716242661e-01  4.921372863e-01  1.306572955e+00
 4.735812133e-01  4.936362121e-01  1.304559198e+00
 4.755381605e-01  4.951374573e-01  1.302538765e+00
 4.774951076e-01  4.966410368e-01  1.300511766e+00
 4.794520548e-01  4.981469650e-01  1.298479048e+00
 4.814090020e-01  4.996552557e-01  1.296440976e+00
 4.833659491e-01  5.011659221e-01  1.294398458e+00
 4.853228963e-01  5.026789765e-01  1.292351910e+00
 4.872798434e-01  5.041944311e-01  1.290301447e+00
 4.892367906e-01  5.057122980e-01  1.288247585e+00
 4.911937378e-01  5.072325885e-01  1.286190870e+00
 4.931506849e-01  5.087553134e-01  1.284132078e+00
 4.951076321e-01  5.102804824e-01  1.282071750e+00
 4.970645793e-01  5.118081052e-01  1.280010383e+00
 4.990215264e-01  5.133381907e-01  1.277947768e+00
 5.009784736e-01  5.148707482e-01  1.275884630e+00
 5.029354207e-01  5.164057858e-01  1.273821770e+00
 5.048923679e-01  5.179433108e-01  1.271759838e+00
 5.068493151e-01  5.194833299e-01  1.269699332e+00
 5.088062622e-01  5.210258493e-01  1.267640157e+00
 5.107632094e-01  5.225708755e-01  1.265582521e+00
 5.127201566e-01  5.241184142e-01  1.263527613e+00
 5.146771037e-01  5.256684698e-01  1.261475934e+00
 5.166340509e-01  5.272210464e-01  1.259427926e+00
 5.185909980e-01  5.287761472e-01  1.257383902e+00
 5.205479452e-01  5.303337757e-01  1.255343570e+00
 5.225048924e-01  5.318939351e-01  1.253308055e+00
 5.244618395e-01  5.334566271e-01  1.251278131e+00
 5.264187867e-01  5.350218526e-01  1.249254032e+00
 5.283757339e-01  5.365896124e-01  1.247235852e+00
 5.303326810e-01  5.381599073e-01  1.245223915e+00
 5.322896282e-01  5.397327372e-01  1.243218590e+00
 5.342465753e-01  5.413081017e-01  1.241220531e+00
 5.362035225e-01  5.428859993e-01  1.239230073e+00
 5.381604697e-01  5.444664286e-01  1.237247157e+00
 5.401174168e-01  5.460493878e-01  1.235272146e+00
 5.420743640e-01  5.476348747e-01  1.233305344e+00
 5.440313112e-01  5.492228867e-01  1.231346985e+00
 5.459882583e-01  5.508134207e-01  1.229397392e+00
 5.479452055e-01  5.524064732e-01  1.227456621e+00
 5.499021526e-01  5.540020406e-01  1.225524876e+00
 5.518590998e-01  5.556001191e-01  1.223602413e+00
 5.538160470e-01  5.572007043e-01  1.221689276e+00
 5.557729941e-01  5.588037917e-01  1.219785634e+00
 5.577299413e-01  5.604093766e-01  1.217891582e+00
 5.596868885e-01  5.620174540e-01  1.216007282e+00
 5.616438356e-01  5.636280186e-01  1.214132859e+00
 5.636007828e-01  5.652410650e-01  1.212268329e+00
 5.655577299e-01  5.668565877e-01  1.210413660e+00
 5.675146771e-01  5.684745811e-01  1.208568931e+00
 5.694716243e-01  5.700950393e-01  1.206734249e+00
 5.714285714e-01  5.717179563e-01  1.204909634e+00
 5.733855186e-01  5.733433259e-01  1.203095068e+00
 5.753424658e-01  5.749711421e-01  1.201290530e+00
 5.772994129e-01  5.766013986e-01  1.199495905e+00
 5.792563601e-01  5.782340893e-01  1.197711234e+00
 5.812133072e-01  5.798692079e-01  1.195936480e+00
 5.831702544e-01  5.815067480e-01  1.194171576e+00
 5.851272016e-01  5.831467033e-01  1.192416459e+00
 5.870841487e-01  5.847890675e-01  1.190671029e+00
 5.890410959e-01  5.864338345e-01  1.188935188e+00
 5.909980431e-01  5.880809980e-01  1.187208785e+00
 5.929549902e-01  5.897305520e-01  1.185491737e+00
 5.949119374e-01  5.913824904e-01  1.183783958e+00
 5.968688845e-01  5.930368074e-01  1.182085262e+00
 5.988258317e-01  5.946934971e-01  1.180395517e+00
 6.007827789e-01  5.963525538e-01  1.178714548e+00
 6.027397260e-01  5.980139721e-01  1.177042186e+00
 6.046966732e-01  5.996777467e-01  1.175378289e+00
 6.066536204e-01  6.013438724e-01  1.173722589e+00
 6.086105675e-01  6.030123443e-01  1.172074852e+00
 6.105675147e-01  6.046831579e-01  1.170434964e+00
 6.125244618e-01  6.063563085e-01  1.168802787e+00
 6.144814090e-01  6.080317919e-01  1.167178073e+00
 6.164383562e-01  6.097096040e-01  1.165560475e+00
 6.183953033e-01  6.113897413e-01  1.163949761e+00
 6.203522505e-01  6.130722003e-01  1.162345715e+00
 6.223091977e-01  6.147569779e-01  1.160748346e+00
 6.242661448e-01  6.164440709e-01  1.159157422e+00
 6.262230920e-01  6.181334766e-01  1.157572450e+00
 6.281800391e-01  6.198251929e-01  1.155993180e+00
 6.301369863e-01  6.215192178e-01  1.154419406e+00
 6.320939335e-01  6.232155497e-01  1.152851057e+00
 6.340508806e-01  6.249141870e-01  1.151288039e+00
 6.360078278e-01  6.266151283e-01  1.149729852e+00
 6.379647750e-01  6.283183730e-01  1.148176153e+00
 6.399217221e-01  6.300239208e-01  1.146626714e+00
 6.418786693e-01  6.317317719e-01  1.145081486e+00
 6.438356164e-01  6.334419261e-01  1.143540162e+00
 6.457925636e-01  6.351543842e-01  1.142002477e+00
 6.477495108e-01  6.368691471e-01  1.140468230e+00
 6.497064579e-01  6.385862159e-01  1.138937041e+00
 6.516634051e-01  6.403055926e-01  1.137408709e+00
 6.536203523e-01  6.420272791e-01  1.135882945e+00
 6.555772994e-01  6.437512781e-01  1.134359505e+00
 6.575342466e-01  6.454775923e-01  1.132838159e+00
 6.594911937e-01  6.472062249e-01  1.131318828e+00
 6.614481409e-01  6.489371793e-01  1.129801104e+00
 6.634050881e-01  6.506704595e-01  1.128284600e+00
 6.653620352e-01  6.524060701e-01  1.126769130e+00
 6.673189824e-01  6.541440161e-01  1.125254418e+00
 6.692759295e-01  6.558843025e-01  1.123740336e+00
 6.712328767e-01  6.576269350e-01  1.122226747e+00
 6.731898239e-01  6.593719193e-01  1.120713146e+00
 6.751467710e-01  6.611192621e-01  1.119199217e+00
 6.771037182e-01  6.628689705e-01  1.117684889e+00
 6.790606654e-01  6.646210516e-01  1.116169916e+00
 6.810176125e-01  6.663755132e-01  1.114653889e+00
 6.829745597e-01  6.681323636e-01  1.113136648e+00
 6.849315068e-01  6.698916113e-01  1.111618003e+00
 6.868884540e-01  6.716532654e-01  1.110097629e+00
 6.888454012e-01  6.734173354e-01  1.108575406e+00
 6.908023483e-01  6.751838310e-01  1.107050853e+00
 6.927592955e-01  6.769527632e-01  1.105523719e+00
 6.947162427e-01  6.787241427e-01  1.103993774e+00
 6.966731898e-01  6.804979810e-01  1.102461141e+00
 6.986301370e-01  6.822742895e-01  1.100925361e+00
 7.005870841e-01  6.840530804e-01  1.099386065e+00
 7.025440313e-01  6.858343666e-01  1.097842943e+00
 7.045009785e-01  6.876181617e-01  1.096295791e+00
 7.064579256e-01  6.894044793e-01  1.094744480e+00
 7.084148728e-01  6.911933336e-01  1.093188713e+00
 7.103718200e-01  6.929847392e-01  1.091628367e+00
 7.123287671e-01  6.947787113e-01  1.090063148e+00
 7.142857143e-01  6.965752653e-01  1.088492747e+00
 7.162426614e-01  6.983744177e-01  1.086916908e+00
 7.181996086e-01  7.001761851e-01  1.085335307e+00
 7.201565558e-01  7.019805851e-01  1.083747723e+00
 7.221135029e-01  7.037876353e-01  1.082153871e+00
 7.240704501e-01  7.055973543e-01  1.080553942e+00
 7.260273973e-01  7.074097601e-01  1.078947565e+00
 7.279843444e-01  7.092248722e-01  1.077334148e+00
 7.299412916e-01  7.110427107e-01  1.075713501e+00
 7.318982387e-01  7.128632962e-01  1.074085449e+00
 7.338551859e-01  7.146866498e-01  1.072449811e+00
 7.358121331e-01  7.165127931e-01  1.070806255e+00
 7.377690802e-01  7.183417482e-01  1.069154773e+00
 7.397260274e-01  7.201735377e-01  1.067495057e+00
 7.416829746e-01  7.220081848e-01  1.065826682e+00
 7.436399217e-01  7.238457136e-01  1.064149412e+00
 7.455968689e-01  7.256861488e-01  1.062462971e+00
 7.475538160e-01  7.275295158e-01  1.060767114e+00
 7.495107632e-01  7.293758406e-01  1.059061570e+00
 7.514677104e-01  7.312251497e-01  1.057346242e+00
 7.534246575e-01  7.330774700e-01  1.055621070e+00
 7.553816047e-01  7.349328291e-01  1.053885327e+00
 7.573385519e-01  7.367912561e-01  1.052138636e+00
 7.592954990e-01  7.386527808e-01  1.050380770e+00
 7.612524462e-01  7.405174335e-01  1.048611548e+00
 7.632093933e-01  7.423852454e-01  1.046830576e+00
 7.651663405e-01  7.442562484e-01  1.045037455e+00
 7.671232877e-01  7.461304756e-01  1.043232071e+00
 7.690802348e-01  7.480079604e-01  1.041414172e+00
 7.710371820e-01  7.498887370e-01  1.039583197e+00
 7.729941292e-01  7.517728414e-01  1.037738630e+00
 7.749510763e-01  7.536603103e-01  1.035880098e+00
 7.769080235e-01  7.555511818e-01  1.034007239e+00
 7.788649706e-01  7.574454946e-01  1.032119755e+00
 7.808219178e-01  7.593432886e-01  1.030217232e+00
 7.827788650e-01  7.612446047e-01  1.028299287e+00
 7.847358121e-01  7.631494850e-01  1.026365495e+00
 7.866927593e-01  7.650579730e-01  1.024415192e+00
 7.886497065e-01  7.669701137e-01  1.022447947e+00
 7.906066536e-01  7.688859533e-01  1.020463157e+00
 7.925636008e-01  7.708055398e-01  1.018460234e+00
 7.945205479e-01  7.727289227e-01  1.016438625e+00
 7.964774951e-01  7.746561531e-01  1.014397651e+00
 7.984344423e-01  7.765872841e-01  1.012336539e+00
 8.003913894e-01  7.785223708e-01  1.010254577e+00
 8.023483366e-01  7.804614700e-01  1.008151116e+00
 8.043052838e-01  7.824046407e-01  1.006025368e+00
 8.062622309e-01  7.843519443e-01  1.003876038e+00
 8.082191781e-01  7.863034452e-01  1.001702285e+00
 8.101761252e-01  7.882592101e-01  9.995034429e-01
 8.121330724e-01  7.902193077e-01  9.972786107e-01
 8.140900196e-01  7.921838098e-01  9.950261196e-01
 8.160469667e-01  7.941527927e-01  9.927451056e-01
 8.180039139e-01  7.961263353e-01  9.904325085e-01
 8.199608611e-01  7.981045245e-01  9.880808920e-01
 8.219178082e-01  8.000874502e-01  9.857172910e-01
 8.238747554e-01  8.020751357e-01  9.833553030e-01
 8.258317025e-01  8.040675985e-01  9.809875260e-01
 8.277886497e-01  8.060648557e-01  9.786538704e-01
 8.297455969e-01  8.080668184e-01  9.763870231e-01
 8.317025440e-01  8.100733548e-01  9.741999351e-01
 8.336594912e-01  8.120843163e-01  9.720913287e-01
 8.356164384e-01  8.140995529e-01  9.700734122e-01
 8.375733855e-01  8.161188711e-01  9.681717510e-01
 8.395303327e-01  8.181420206e-01  9.664054265e-01
 8.414872798e-01  8.201687160e-01  9.647897470e-01
 8.434442270e-01  8.221986374e-01  9.633371022e-01
 8.454011742e-01  8.242314336e-01  9.620675759e-01
 8.473581213e-01  8.262667042e-01  9.610024845e-01
 8.493150685e-01  8.283040125e-01  9.601392415e-01
 8.512720157e-01  8.303429323e-01  9.594848290e-01
 8.532289628e-01  8.323830006e-01  9.590664183e-01
 8.551859100e-01  8.344236935e-01  9.588992400e-01
 8.571428571e-01  8.364644682e-01  9.589877562e-01
 8.590998043e-01  8.385047675e-01  9.593557297e-01
 8.610567515e-01  8.405439847e-01  9.600179478e-01
 8.630136986e-01  8.425815375e-01  9.609009502e-01
 8.649706458e-01  8.446170465e-01  9.619354936e-01
 8.669275930e-01  8.466502469e-01  9.630751997e-01
 8.688845401e-01  8.486809575e-01  9.642858934e-01
 8.708414873e-01  8.507090472e-01  9.655834604e-01
 8.727984344e-01  8.527343603e-01  9.669262334e-01
 8.747553816e-01  8.547569103e-01  9.681835184e-01
 8.767123288e-01  8.567769765e-01  9.692973030e-01
 8.786692759e-01  8.587948669e-01  9.702812524e-01
 8.806262231e-01  8.608108469e-01  9.711344719e-01
 8.825831703e-01  8.628252076e-01  9.718361413e-01
 8.845401174e-01  8.648382830e-01  9.723716110e-01
 8.864970646e-01  8.668504225e-01  9.727423610e-01
 8.884540117e-01  8.688619659e-01  9.729512512e-01
 8.904109589e-01  8.708732596e-01  9.729780303e-01
 8.923679061e-01  8.728847049e-01  9.727969456e-01
 8.943248532e-01  8.748967409e-01  9.724084840e-01
 8.962818004e-01  8.769097879e-01  9.718223963e-01
 8.982387476e-01  8.789242499e-01  9.710431498e-01
 9.001956947e-01  8.809405270e-01  9.700735340e-01
 9.021526419e-01  8.829590141e-01  9.689199684e-01
 9.041095890e-01  8.849800956e-01  9.675835943e-01
 9.060665362e-01  8.870041595e-01  9.660674208e-01
 9.080234834e-01  8.890315871e-01  9.643761604e-01
 9.099804305e-01  8.910627526e-01  9.625139068e-01
 9.119373777e-01  8.930980205e-01  9.605000129e-01
 9.138943249e-01  8.951377198e-01  9.583340356e-01
 9.158512720e-01  8.971822031e-01  9.560077655e-01
 9.178082192e-01  8.992318405e-01  9.535201360e-01
 9.197651663e-01  9.012870032e-01  9.508742636e-01
 9.217221135e-01  9.033480584e-01  9.480730376e-01
 9.236790607e-01  9.054153623e-01  9.451474783e-01
 9.256360078e-01  9.074892087e-01  9.420977612e-01
 9.275929550e-01  9.095699308e-01  9.389042585e-01
 9.295499022e-01  9.116579015e-01  9.355697259e-01
 9.315068493e-01  9.137534749e-01  9.321120426e-01
 9.334637965e-01  9.158569862e-01  9.285128242e-01
 9.354207436e-01  9.179688384e-01  9.247530932e-01
 9.373776908e-01  9.200894421e-01  9.208881946e-01
 9.393346380e-01  9.222190692e-01  9.169416633e-01
 9.412915851e-01  9.243580278e-01  9.128455621e-01
 9.432485323e-01  9.265068175e-01  9.085535680e-01
 9.452054795e-01  9.286659671e-01  9.041139896e-01
 9.471624266e-01  9.308358109e-01  8.997093113e-01
 9.491193738e-01  9.330163779e-01  8.951570250e-01
 9.510763209e-01  9.352083872e-01  8.903263281e-01
 9.530332681e-01  9.374126904e-01  8.849746610e-01
 9.549902153e-01  9.396301806e-01  8.796593080e-01
 9.569471624e-01  9.418583485e-01  8.786011316e-01
 9.589041096e-01  9.440860228e-01  8.783207412e-01
 9.608610568e-01  9.463166717e-01  8.758975590e-01
 9.628180039e-01  9.485570174e-01  8.706060029e-01
 9.647749511e-01  9.508149498e-01  8.622367542e-01
 9.667318982e-01  9.530988830e-01  8.512363656e-01
 9.686888454e-01  9.554172075e-01  8.360404731e-01
 9.706457926e-01  9.577841302e-01  8.164481612e-01
 9.726027397e-01  9.602121813e-01  7.954676360e-01
 9.745596869e-01  9.627050183e-01  7.747005647e-01
 9.765166341e-01  9.652644789e-01  7.547032037e-01
 9.784735812e-01  9.678907299e-01  7.358811887e-01
 9.804305284e-01  9.705824147e-01  7.185184032e-01
 9.823874755e-01  9.733367999e-01  7.028044177e-01
 9.843444227e-01  9.761499215e-01  6.888584946e-01
 9.863013699e-01  9.790167287e-01  6.767495502e-01
 9.882583170e-01  9.819312267e-01  6.665121082e-01
 9.902152642e-01  9.848866174e-01  6.581586732e-01
 9.921722114e-01  9.878754377e-01  6.516891139e-01
 9.941291585e-01  9.908896952e-01  6.470976152e-01
 9.960861057e-01  9.939210012e-01  6.443777054e-01
 9.980430528e-01  9.969607008e-01  6.438386439e-01
 1.000000000e+00  1.000000000e+00  6.439234429e-01
4  3.840101267e-01  6.872821890e-01  1.010801570e+00  7.478827028e-01  9.586902121e-01  6.015719922e+01  4.582795489e-01  9.930042703e-01  3.239801088e-01  2.671833421e+00
5  5.020925248e-01  9.643754850e-01  1.007520352e+00  6.137502577e-01  9.307470205e-01  3.593293323e+01  4.062760853e-01  1.043086545e+00  4.845647617e-01  2.785661637e+00
6  5.988067957e-01  1.099197488e+00  1.005080948e+00  5.235765402e-01  9.084289628e-01  2.617987210e+01  3.753808286e-01  1.116320140e+00  6.036725978e-01  2.761832242e+00
7  6.853460379e-01  1.188331700e+00  1.003057851e+00  4.589251223e-01  8.922413841e-01  2.078508528e+01  3.536332085e-01  1.195101267e+00  7.020078198e-01  2.703949850e+00
8  7.627967234e-01  1.325823568e+00  1.001462776e+00  4.102468641e-01  8.869016129e-01  1.767817230e+01  3.381227314e-01  1.283044479e+00  7.843736865e-01  2.629144330e+00
9  8.282453516e-01  1.577636320e+00  1.000363391e+00  3.718276100e-01  9.021943341e-01  1.634888992e+01  3.280147596e-01  1.398185276e+00  8.492587451e-01  2.534749651e+00
10  8.777199206e-01  2.125806907e+00  9.996892463e-01  3.402928522e-01  9.517192599e-01  1.674220502e+01  3.223052697e-01  1.558752621e+00  8.970689901e-01  2.415915610e+00
11  9.127395325e-01  2.828142010e+00  9.993028104e-01  3.136836474e-01  1.050536078e+00  1.914163683e+01  3.198539000e-01  1.806776802e+00  9.305608873e-01  2.283032370e+00
12  9.405192104e-01  2.261214281e+00  9.991177926e-01  2.911893232e-01  1.201837131e+00  2.365284341e+01  3.197418971e-01  2.165458447e+00  9.557716102e-01  2.156075189e+00
13  9.777862523e-01  4.714287480e+00  9.998626108e-01  2.740690309e-01  1.397712564e+00  2.965961847e+01  3.244674179e-01  2.605604194e+00  9.854656602e-01  2.070626117e+00
14  9.888046036e-01  9.281256395e+00  9.999132275e-01  2.564070399e-01  1.618587001e+00  3.800361385e+01  3.277230775e-01  3.927843013e+00  9.927769713e-01  1.944489230e+00
15  9.951641505e-01  1.646755900e+01  9.999463246e-01  2.375699635e-01  1.793015232e+00  4.406364337e+01  3.320077722e-01  7.564220173e+00  9.968867740e-01  1.826589415e+00
0 0 -1.253756049e-01  2.021932380e-18
0 1  1.384314374e-02 -4.635191535e-03
0 2 -1.410718906e-02  5.357270633e-03
0 3  4.867627182e-03 -6.177035071e-03
0 4 -1.651168515e-03  5.934702666e-03
0 5 -2.702586864e-03 -3.998279832e-03
0 6  3.738017059e-03 -1.522883157e-04
0 7 -5.843099923e-04  3.231303088e-03
0 8 -2.918244830e-03 -8.478526587e-06
0 9 -1.513149143e-03 -2.038690632e-03
0 10  8.088912963e-05 -2.310228321e-03
0 11  9.698447185e-04 -1.910737817e-03
1 0 -1.104133755e-01 -3.697044206e-02
1 1 -9.690563499e-02 -6.392497481e-17
1 2  9.914974385e-03 -6.427090925e-03
1 3 -1.327139674e-02  7.712950046e-03
1 4  1.606118299e-03 -8.249891970e-03
1 5  1.989978084e-03  6.026203565e-03
1 6 -5.694360423e-03 -5.914521976e-04
1 7  1.094540411e-03 -4.321167413e-03
1 8  3.709139651e-03  5.540156681e-04
1 9  1.468713231e-03  2.989864793e-03
1 10 -6.863721262e-04  3.036836081e-03
1 11 -1.884011664e-03  2.195393231e-03
2 0  1.125194098e-01  4.272976899e-02
2 1 -1.023157671e-01 -6.632319087e-02
2 2 -7.789545614e-02  1.358400533e-17
2 3  5.921998178e-03 -7.838542802e-03
2 4 -9.772449892e-03  9.047977650e-03
2 5 -3.274265139e-03 -7.909763193e-03
2 6  4.971615912e-03  2.071067758e-03
2 7 -3.310645669e-03  4.538331072e-03
2 8 -4.676002567e-03 -1.675319304e-03
2 9 -1.250398983e-03 -3.754226805e-03
2 10  1.215743289e-03 -3.231001762e-03
2 11  2.215728992e-03 -2.296078927e-03
3 0 -3.882435652e-02 -4.926823745e-02
3 1  1.369517545e-01  7.959237920e-02
3 2 -7.602495025e-02 -1.006290121e-01
3 3 -6.464046561e-02  2.835637182e-17
3 4  2.524906426e-03 -9.214919356e-03
3 5 -5.651190508e-03  9.425084054e-03
3 6 -7.944788737e-03 -4.791586141e-03
3 7  3.305675048e-03 -3.884339418e-03
3 8  2.898606918e-03  3.434994740e-03
3 9 -1.071325742e-03  4.287839463e-03
3 10 -3.291094780e-03  2.790674560e-03
3 11 -3.998576569e-03  7.950060146e-04
4 0  1.316977507e-02  4.733538612e-02
4 1 -1.657404442e-02 -8.513325330e-02
4 2  1.254559685e-01  1.161553972e-01
4 3 -3.906077103e-02 -1.425565127e-01
4 4 -5.489084006e-02  3.714686575e-17
4 5 -9.559917981e-04 -1.060288371e-02
4 6 -1.384724059e-03  8.079944789e-03
4 7 -9.830359537e-03  1.073778668e-03
4 8 -3.835709658e-03 -5.674890916e-03
4 9  1.578082140e-03 -3.930490909e-03
4 10  3.181461252e-03 -1.178371554e-03
4 11  3.007134450e-03 -6.253805159e-06
5 0  2.155592284e-02 -3.189041311e-02
5 1 -2.053521536e-02  6.218630698e-02
5 2  4.203409674e-02 -1.015433195e-01
5 3  8.742496600e-02  1.458077996e-01
5 4  1.741623552e-02 -1.931630796e-01
5 5 -4.709247431e-02  1.455049577e-17
5 6 -4.888518483e-03 -1.154332072e-02
5 7  1.883818945e-03  3.890218839e-03
5 8 -6.059615940e-03  5.912288888e-03
5 9 -7.338989411e-03  1.026512382e-03
5 10 -6.090319661e-03 -2.193476392e-03
5 11 -4.147819249e-03 -4.751259781e-03
6 0 -2.981454856e-02 -1.214656678e-03
6 1  5.876191228e-02 -6.103382922e-03
6 2 -6.382420950e-02  2.658778651e-02
6 3  1.229073563e-01 -7.412672690e-02
6 4  2.522686950e-02  1.472002393e-01
6 5  1.038067877e-01 -2.451202849e-01
6 6 -4.033691825e-02  9.137907774e-17
6 7 -8.894109100e-03 -1.127794835e-02
6 8  1.868918802e-03 -2.137552155e-03
6 9  6.527437980e-04  3.513257214e-03
6 10 -2.158882200e-03  4.655690968e-03
6 11 -3.401299268e-03  2.378502242e-03
7 0  4.660475959e-03  2.577298105e-02
7 1 -1.129490985e-02 -4.459149783e-02
7 2  4.250113977e-02  5.826182035e-02
7 3 -5.113940651e-02 -6.009145171e-02
7 4  1.790892529e-01  1.956207387e-02
7 5 -4.000254760e-02  8.260807901e-02
7 6  2.204955035e-01 -2.795937032e-01
7 7 -3.424988270e-02  8.732605110e-17
7 8 -1.138536880e-02 -9.218868273e-03
7 9 -1.656151382e-03 -5.777286496e-03
7 10  9.904923932e-04 -2.512542855e-03
7 11  2.385395080e-03 -2.240329334e-03
8 0  2.327601796e-02 -6.762501044e-05
8 1 -3.827578914e-02  5.717063494e-03
8 2  6.002920836e-02 -2.150727895e-02
8 3 -4.484198699e-02  5.314000615e-02
8 4  6.987886601e-02 -1.033850258e-01
8 5  1.286748261e-01  1.255463633e-01
8 6 -4.633271164e-02 -5.299245079e-02
8 7  3.324206655e-01 -2.691649590e-01
8 8 -2.930710612e-02  7.187703722e-17
8 9 -1.050377888e-02 -4.852570399e-03
8 10 -5.917688013e-03 -5.994299673e-03
8 11 -1.501838277e-03 -7.672184815e-03
9 0  1.206892796e-02 -1.626066438e-02
9 1 -1.515611792e-02  3.085336362e-02
9 2  1.605227115e-02 -4.819570987e-02
9 3  1.657360807e-02  6.633367230e-02
9 4 -2.874946236e-02 -7.160558856e-02
9 5  1.558420856e-01  2.179780096e-02
9 6 -1.618229221e-02  8.709780932e-02
9 7  4.835495047e-02 -1.686804754e-01
9 8  3.584038232e-01 -1.655765799e-01
9 9 -2.753216961e-02 -2.625813374e-17
9 10 -1.504688409e-02 -4.495896228e-03
9 11 -7.907851429e-03 -9.838982245e-03
10 0 -6.451743919e-04 -1.842645803e-02
10 1  7.082891787e-03  3.133807525e-02
10 2 -1.560737107e-02 -4.147869366e-02
10 3  5.091384707e-02  4.317225338e-02
10 4 -5.795978434e-02 -2.146754455e-02
10 5  1.293268139e-01 -4.657806633e-02
10 6  5.352124788e-02  1.154200958e-01
10 7 -2.891958498e-02 -7.335916671e-02
10 8  2.019199026e-01 -2.045340010e-01
10 9  5.465201002e-01 -1.632961111e-01
10 10 -1.916715018e-02  1.184966479e-16
10 11 -6.944839174e-03 -4.504919972e-03
11 0 -7.735513776e-03 -1.524010847e-02
11 1  1.944171425e-02  2.265495945e-02
11 2 -2.844490683e-02 -2.947641673e-02
11 3  6.185872165e-02  1.229889060e-02
11 4 -5.478390287e-02 -1.139316715e-04
11 5  8.807817617e-02 -1.008921245e-01
11 6  8.432223918e-02  5.896588894e-02
11 7 -6.964681021e-02 -6.541129947e-02
11 8  5.124485068e-02 -2.617858203e-01
11 9  2.872222401e-01 -3.573631278e-01
11 10  3.623302948e-01 -2.350333738e-01
11 11 -1.724839926e-02  8.312250967e-17
0 0 -8.294129858e+00  4.884638347e-15
0 1 -8.793395441e-01  4.008055454e-01
0 2  1.195008427e+00 -3.762642499e-01
0 3 -2.516057837e-01  3.028887736e-01
0 4  9.116206298e-02 -2.474473848e-01
0 5  8.870418595e-02  1.487916534e-01
0 6 -1.248720274e-01 -4.996219089e-03
0 7  1.865514969e-02 -1.014130606e-01
0 8  7.417335050e-02  4.820487953e-03
0 9  5.006166046e-02  4.288281977e-02
0 10 -5.634817371e-02  5.409833129e-02
0 11 -1.489000951e-02  5.198206164e-02
1 0 -8.793395441e-01 -4.008055454e-01
1 1 -1.092867280e+01  6.383014255e-15
1 2 -8.764715343e-01  9.026941556e-01
1 3  1.858322027e+00 -8.990894389e-01
1 4 -1.477759026e-01  6.554793132e-01
1 5 -8.879275660e-02 -4.104270228e-01
1 6  3.228246067e-01  6.189664060e-02
1 7 -6.597086892e-02  2.276026275e-01
1 8 -1.600063198e-01 -3.295262815e-02
1 9 -1.003606451e-01 -9.257617768e-02
1 10  1.020073682e-01 -8.368388952e-02
1 11  1.234884938e-01 -6.495082616e-02
2 0  1.195008427e+00  3.762642499e-01
2 1 -8.764715343e-01 -9.026941556e-01
2 2 -1.373415533e+01 -1.413500231e-14
2 3 -5.798256089e-01  1.644079567e+00
2 4  2.141915642e+00 -1.619085552e+00
2 5  3.448420707e-01  9.486097527e-01
2 6 -4.602067298e-01 -2.808656575e-01
2 7  2.988296982e-01 -3.776002407e-01
2 8  3.016314683e-01  1.550509969e-01
2 9  9.621631150e-02  2.148711550e-01
2 10 -2.581389877e-01  1.028024874e-01
2 11 -7.464583674e-02  1.361333634e-01
3 0 -2.516057837e-01 -3.028887736e-01
3 1  1.858322027e+00  8.990894389e-01
3 2 -5.798256089e-01 -1.644079567e+00
3 3 -1.678494641e+01 -3.267905338e-14
3 4  7.599523424e-02  2.739863520e+00
3 5  1.996698061e+00 -2.489294363e+00
3 6  1.307401478e+00  9.035693075e-01
3 7 -5.262760074e-01  4.651413387e-01
3 8 -2.732992170e-01 -4.612153867e-01
3 9 -1.788801665e-02 -3.414413027e-01
3 10  3.682015890e-01 -3.542423281e-04
3 11  4.764836720e-01  2.127565188e-02
4 0  9.116206298e-02  2.474473848e-01
4 1 -1.477759026e-01 -6.554793132e-01
4 2  2.141915642e+00  1.619085552e+00
4 3  7.599523424e-02 -2.739863520e+00
4 4 -2.025027889e+01 -8.620250976e-15
4 5  1.379476054e+00  4.297781508e+00
4 6  1.261341275e+00 -3.339186809e+00
4 7  2.430042094e+00 -1.399767691e-01
4 8  4.312048719e-01  1.036324989e+00
4 9 -2.378175501e-01  5.500421686e-01
4 10 -5.900737647e-01 -3.898077416e-01
4 11 -1.369464480e-01 -6.174961706e-02
5 0  8.870418595e-02 -1.487916534e-01
5 1 -8.879275660e-02  4.104270228e-01
5 2  3.448420707e-01 -9.486097527e-01
5 3  1.996698061e+00  2.489294363e+00
5 4  1.379476054e+00 -4.297781508e+00
5 5 -2.448735104e+01 -7.565857702e-14
5 6  3.787280483e+00  6.412892760e+00
5 7 -2.175484335e-01 -3.147469143e+00
5 8  2.430972637e+00 -1.902340676e+00
5 9  1.282292447e+00 -2.107564813e-01
5 10  3.567558501e-01  9.013910724e-01
5 11  8.615487664e-01  9.780578439e-01
6 0 -1.248720274e-01  4.996219089e-03
6 1  3.228246067e-01 -6.189664060e-02
6 2 -4.602067298e-01  2.808656575e-01
6 3  1.307401478e+00 -9.035693075e-01
6 4  1.261341275e+00  3.339186809e+00
6 5  3.787280483e+00 -6.412892760e+00
6 6 -2.949572859e+01 -1.584827712e-13
6 7  7.862640291e+00  8.613000432e+00
6 8 -1.120842004e+00 -1.730274849e+00
6 9 -2.176797529e-01 -1.419567491e+00
6 10  1.776860891e+00 -1.779865205e+00
6 11  1.647291199e+00 -6.086046364e-01
7 0  1.865514969e-02  1.014130606e-01
7 1 -6.597086892e-02 -2.276026275e-01
7 2  2.988296982e-01  3.776002407e-01
7 3 -5.262760074e-01 -4.651413387e-01
7 4  2.430042094e+00  1.399767691e-01
7 5 -2.175484335e-01  3.147469143e+00
7 6  7.862640291e+00 -8.613000432e+00
7 7 -3.566224784e+01 -1.472192914e-13
7 8  1.180128204e+01  8.807852559e+00
7 9  2.943869525e-01  1.939987289e+00
7 10 -1.027028337e+00 -2.790832306e+00
7 11 -3.837816712e-01 -3.341634120e-01
8 0  7.417335050e-02 -4.820487953e-03
8 1 -1.600063198e-01  3.295262815e-02
8 2  3.016314683e-01 -1.550509969e-01
8 3 -2.732992170e-01  4.612153867e-01
8 4  4.312048719e-01 -1.036324989e+00
8 5  2.430972637e+00  1.902340676e+00
8 6 -1.120842004e+00  1.730274849e+00
8 7  1.180128204e+01 -8.807852559e+00
8 8 -4.020165027e+01 -6.205235715e-14
8 9  1.096488957e+01  4.365894977e+00
8 10  7.528882372e-01  1.788999139e+00
8 11  4.948668994e-01  3.377535672e+00
9 0  5.006166046e-02 -4.288281977e-02
9 1 -1.003606451e-01  9.257617768e-02
9 2  9.621631150e-02 -2.148711550e-01
9 3 -1.788801665e-02  3.414413027e-01
9 4 -2.378175501e-01 -5.500421686e-01
9 5  1.282292447e+00  2.107564813e-01
9 6 -2.176797529e-01  1.419567491e+00
9 7  2.943869525e-01 -1.939987289e+00
9 8  1.096488957e+01 -4.365894977e+00
9 9 -5.590968322e+01 -8.526367987e-14
9 10  2.352030062e+01  6.692279687e+00
9 11  7.396714621e+00  9.841234198e+00
10 0 -5.634817371e-02 -5.409833129e-02
10 1  1.020073682e-01  8.368388952e-02
10 2 -2.581389877e-01 -1.028024874e-01
10 3  3.682015890e-01  3.542423281e-04
10 4 -5.900737647e-01  3.898077416e-01
10 5  3.567558501e-01 -9.013910724e-01
10 6  1.776860891e+00  1.779865205e+00
10 7 -1.027028337e+00  2.790832306e+00
10 8  7.528882372e-01 -1.788999139e+00
10 9  2.352030062e+01 -6.692279687e+00
10 10 -6.298658182e+01 -7.621938077e-13
10 11  2.100660411e+01  1.362638760e+01
11 0 -1.489000951e-02 -5.198206164e-02
11 1  1.234884938e-01  6.495082616e-02
11 2 -7.464583674e-02 -1.361333634e-01
11 3  4.764836720e-01 -2.127565188e-02
11 4 -1.369464480e-01  6.174961706e-02
11 5  8.615487664e-01 -9.780578439e-01
11 6  1.647291199e+00  6.086046364e-01
11 7 -3.837816712e-01  3.341634120e-01
11 8  4.948668994e-01 -3.377535672e+00
11 9  7.396714621e+00 -9.841234198e+00
11 10  2.100660411e+01 -1.362638760e+01
11 11 -5.797639449e+01 -2.793965595e-13
0  2.815707814e-02 -1.101075903e-03 -1.155674949e-01 -1.254639182e-02
1  4.553875213e-02 -1.193104128e-03  1.451743805e-01  4.043173945e-02
2  6.264535877e-02 -2.565099626e-03 -1.459378196e-01 -8.364356650e-02
3  8.872840726e-02 -2.876992898e-03  1.124177060e-01  1.403657261e-01
4  1.211661589e-01 -5.968570321e-03 -2.395751594e-02 -1.856952975e-01
5  1.572532304e-01 -7.062985714e-03 -1.134234832e-01  1.521504964e-01
6  1.913616290e-01 -9.947539224e-03  1.865122490e-01  2.153376950e-02
7  2.152818432e-01 -1.267836470e-02 -1.450645730e-02 -1.817726791e-01
8  2.334361375e-01 -1.374320919e-02 -1.749507685e-01 -1.351694977e-02
9  2.653853891e-01 -1.657309519e-02 -1.086824673e-01  1.274795229e-01
10  2.596519155e-01 -1.722630145e-02 -4.613027751e-03  1.574346148e-01
11  1.683617007e-01 -1.214789870e-01  6.131402699e-02  1.353105965e-01
