 1.695500020e+00 -1.831317340e+00  8.555698048e-01  3.917086304e+00  9.339852549e-01  4.996997893e+00  9.953356610e-01  9.809265630e-01  7.176317670e+00 512 3 12
 0.000000000e+00  0.000000000e+00  5.776423182e-07
 1.956947162e-03  2.853225944e-02  1.371754131e-01
 3.913894325e-03  4.035075803e-02  1.939919433e-01
 5.870841487e-03  4.941960191e-02  2.375835090e-01
 7.827788650e-03  5.706527311e-02  2.743253873e-01
 9.784735812e-03  6.380159899e-02  3.066864865e-01
 1.174168297e-02  6.989211841e-02  3.359326320e-01
 1.369863014e-02  7.549339768e-02  3.628155074e-01
 1.565557730e-02  8.070745771e-02  3.878246681e-01
 1.761252446e-02  8.560516981e-02  4.112999971e-01
 1.956947162e-02  9.023814094e-02  4.334888346e-01
 2.152641879e-02  9.464533517e-02  4.545777823e-01
 2.348336595e-02  9.885702815e-02  4.747116255e-01
 2.544031311e-02  1.028973008e-01  4.940056061e-01
 2.739726027e-02  1.067856797e-01  5.125530990e-01
 2.935420744e-02  1.105382601e-01  5.304309434e-01
 3.131115460e-02  1.141684954e-01  5.477034362e-01
 3.326810176e-02  1.176877667e-01  5.644250892e-01
 3.522504892e-02  1.211058039e-01  5.806418659e-01
 3.718199609e-02  1.244310071e-01  5.963934474e-01
 3.913894325e-02  1.276706863e-01  6.117141524e-01
 4.109589041e-02  1.308312516e-01  6.266341918e-01
 4.305283757e-02  1.339183597e-01  6.411805388e-01
 4.500978474e-02  1.369370307e-01  6.553771731e-01
 4.696673190e-02  1.398917451e-01  6.692454197e-01
 4.892367906e-02  1.427865218e-01  6.828039883e-01
 5.088062622e-02  1.456249842e-01  6.960697279e-01
 5.283757339e-02  1.484104116e-01  7.090579003e-01
 5.479452055e-02  1.511457842e-01  7.217823229e-01
 5.675146771e-02  1.538338193e-01  7.342555538e-01
 5.870841487e-02  1.564770035e-01  7.464890829e-01
 6.066536204e-02  1.590776192e-01  7.584932679e-01
 6.262230920e-02  1.616377674e-01  7.702778004e-01
 6.457925636e-02  1.641593869e-01  7.818521417e-01
 6.653620352e-02  1.666442696e-01  7.932247904e-01
 6.849315068e-02  1.690940781e-01  8.044023425e-01
 7.045009785e-02  1.715103615e-01  8.153910313e-01
 7.240704501e-02  1.738945633e-01  8.261984701e-01
 7.436399217e-02  1.762480273e-01  8.368315934e-01
 7.632093933e-02  1.785720092e-01  8.472953948e-01
 7.827788650e-02  1.808676885e-01  8.575945602e-01
 8.023483366e-02  1.831361733e-01  8.677332607e-01
 8.219178082e-02  1.853785065e-01  8.777164038e-01
 8.414872798e-02  1.875956685e-01  8.875498732e-01
 8.610567515e-02  1.897885800e-01  8.972375013e-01
 8.806262231e-02  1.919581131e-01  9.067822243e-01
 9.001956947e-02  1.941050942e-01  9.161865687e-01
 9.197651663e-02  1.962303077e-01  9.254541400e-01
 9.393346380e-02  1.983344951e-01  9.345896581e-01
 9.589041096e-02  2.004183576e-01  9.435959673e-01
 9.784735812e-02  2.024825629e-01  9.524751725e-01
 9.980430528e-02  2.045277479e-01  9.612293277e-01
 1.017612524e-01  2.065545200e-01  9.698608551e-01
 1.037181996e-01  2.085634579e-01  9.783725090e-01
 1.056751468e-01  2.105551128e-01  9.867672076e-01
 1.076320939e-01  2.125300100e-01  9.950475795e-01
 1.095890411e-01  2.144886518e-01  1.003214669e+00
 1.115459883e-01  2.164315212e-01  1.011269222e+00
 1.135029354e-01  2.183590822e-01  1.019213536e+00
 1.154598826e-01  2.202717777e-01  1.027050546e+00
 1.174168297e-01  2.221700307e-01  1.034782190e+00
 1.193737769e-01  2.240542479e-01  1.042409210e+00
 1.213307241e-01  2.259248218e-01  1.049931936e+00
 1.232876712e-01  2.277821315e-01  1.057352243e+00
 1.252446184e-01  2.296265396e-01  1.064672596e+00
 1.272015656e-01  2.314583942e-01  1.071894310e+00
 1.291585127e-01  2.332780311e-01  1.079017957e+00
 1.311154599e-01  2.350857755e-01  1.086044338e+00
 1.330724070e-01  2.368819413e-01  1.092974534e+00
 1.350293542e-01  2.386668314e-01  1.099809829e+00
 1.369863014e-01  2.404407381e-01  1.106551570e+00
 1.389432485e-01  2.422039433e-01  1.113201208e+00
 1.409001957e-01  2.439567193e-01  1.119759142e+00
 1.428571429e-01  2.456993309e-01  1.126225382e+00
 1.448140900e-01  2.474320355e-01  1.132601050e+00
 1.467710372e-01  2.491550813e-01  1.138887739e+00
 1.487279843e-01  2.508687081e-01  1.145086246e+00
 1.506849315e-01  2.525731488e-01  1.151197414e+00
 1.526418787e-01  2.542686294e-01  1.157221166e+00
 1.545988258e-01  2.559553704e-01  1.163157884e+00
 1.565557730e-01  2.576335863e-01  1.169008574e+00
 1.585127202e-01  2.593034842e-01  1.174775132e+00
 1.604696673e-01  2.609652644e-01  1.180457452e+00
 1.624266145e-01  2.626191232e-01  1.186055778e+00
 1.643835616e-01  2.642652520e-01  1.191570177e+00
 1.663405088e-01  2.659038373e-01  1.197001592e+00
 1.682974560e-01  2.675350601e-01  1.202351317e+00
 1.702544031e-01  2.691590959e-01  1.207619275e+00
 1.722113503e-01  2.707761169e-01  1.212806191e+00
 1.741682975e-01  2.723862905e-01  1.217912382e+00
 1.761252446e-01  2.739897802e-01  1.222937939e+00
 1.780821918e-01  2.755867462e-01  1.227883466e+00
 1.800391389e-01  2.771773444e-01  1.232749851e+00
 1.819960861e-01  2.787617263e-01  1.237537514e+00
 1.839530333e-01  2.803400404e-01  1.242247109e+00
 1.859099804e-01  2.819124314e-01  1.246878207e+00
 1.878669276e-01  2.834790423e-01  1.251430942e+00
 1.898238748e-01  2.850400123e-01  1.255906690e+00
 1.917808219e-01  2.865954765e-01  1.260305904e+00
 1.937377691e-01  2.881455677e-01  1.264628563e+00
 1.956947162e-01  2.896904159e-01  1.268875081e+00
 1.976516634e-01  2.912301487e-01  1.273045349e+00
 1.996086106e-01  2.927648914e-01  1.277140151e+00
 2.015655577e-01  2.942947660e-01  1.281160239e+00
 2.035225049e-01  2.958198920e-01  1.285105351e+00
 2.054794521e-01  2.973403872e-01  1.288976295e+00
 2.074363992e-01  2.988563665e-01  1.292773162e+00
 2.093933464e-01  3.003679430e-01  1.296496051e+00
 2.113502935e-01  3.018752278e-01  1.300145594e+00
 2.133072407e-01  3.033783297e-01  1.303722276e+00
 2.152641879e-01  3.048773554e-01  1.307225988e+00
 2.172211350e-01  3.063724100e-01  1.310657674e+00
 2.191780822e-01  3.078635960e-01  1.314017323e+00
 2.211350294e-01  3.093510149e-01  1.317304890e+00
 2.230919765e-01  3.108347666e-01  1.320521310e+00
 2.250489237e-01  3.123149483e-01  1.323666627e+00
 2.270058708e-01  3.137916564e-01  1.326741294e+00
 2.289628180e-01  3.152649852e-01  1.329745874e+00
 2.309197652e-01  3.167350274e-01  1.332680200e+00
 2.328767123e-01  3.182018748e-01  1.335544617e+00
 2.348336595e-01  3.196656175e-01  1.338340009e+00
 2.367906067e-01  3.211263436e-01  1.341066412e+00
 2.387475538e-01  3.225841404e-01  1.343724175e+00
 2.407045010e-01  3.240390936e-01  1.346313651e+00
 2.426614481e-01  3.254912877e-01  1.348834977e+00
 2.446183953e-01  3.269408061e-01  1.351288937e+00
 2.465753425e-01  3.283877304e-01  1.353675840e+00
 2.485322896e-01  3.298321413e-01  1.355995712e+00
 2.504892368e-01  3.312741185e-01  1.358249193e+00
 2.524461840e-01  3.327137403e-01  1.360436647e+00
 2.544031311e-01  3.341510839e-01  1.362558400e+00
 2.563600783e-01  3.355862253e-01  1.364614992e+00
 2.583170254e-01  3.370192395e-01  1.366606675e+00
 2.602739726e-01  3.384502007e-01  1.368533705e+00
 2.622309198e-01  3.398791817e-01  1.370396723e+00
 2.641878669e-01  3.413062546e-01  1.372196213e+00
 2.661448141e-01  3.427314900e-01  1.373932429e+00
 2.681017613e-01  3.441549581e-01  1.375605812e+00
 2.700587084e-01  3.455767278e-01  1.377216803e+00
 2.720156556e-01  3.469968674e-01  1.378765926e+00
 2.739726027e-01  3.484154438e-01  1.380253690e+00
 2.759295499e-01  3.498325234e-01  1.381680364e+00
 2.778864971e-01  3.512481715e-01  1.383046471e+00
 2.798434442e-01  3.526624527e-01  1.384352555e+00
 2.818003914e-01  3.540754306e-01  1.385599130e+00
 2.837573386e-01  3.554871680e-01  1.386786657e+00
 2.857142857e-01  3.568977268e-01  1.387915572e+00
 2.876712329e-01  3.583071683e-01  1.388986490e+00
 2.896281800e-01  3.597155527e-01  1.389999779e+00
 2.915851272e-01  3.611229397e-01  1.390956048e+00
 2.935420744e-01  3.625293880e-01  1.391856044e+00
 2.954990215e-01  3.639349553e-01  1.392700177e+00
 2.974559687e-01  3.653396990e-01  1.393488825e+00
 2.994129159e-01  3.667436756e-01  1.394222627e+00
 3.013698630e-01  3.681469407e-01  1.394902126e+00
 3.033268102e-01  3.695495495e-01  1.395528088e+00
 3.052837573e-01  3.709515560e-01  1.396100997e+00
 3.072407045e-01  3.723530137e-01  1.396621098e+00
 3.091976517e-01  3.737539758e-01  1.397089133e+00
 3.111545988e-01  3.751544945e-01  1.397505654e+00
 3.131115460e-01  3.765546214e-01  1.397871179e+00
 3.150684932e-01  3.779544076e-01  1.398186250e+00
 3.170254403e-01  3.793539034e-01  1.398451493e+00
 3.189823875e-01  3.807531585e-01  1.398667261e+00
 3.209393346e-01  3.821522222e-01  1.398834187e+00
 3.228962818e-01  3.835511433e-01  1.398952547e+00
 3.248532290e-01  3.849499700e-01  1.399023245e+00
 3.268101761e-01  3.863487496e-01  1.399046908e+00
 3.287671233e-01  3.877475288e-01  1.399023960e+00
 3.307240705e-01  3.891463542e-01  1.398954559e+00
 3.326810176e-01  3.905452719e-01  1.398839393e+00
 3.346379648e-01  3.919443274e-01  1.398679131e+00
 3.365949119e-01  3.933435656e-01  1.398474455e+00
 3.385518591e-01  3.947430305e-01  1.398225728e+00
 3.405088063e-01  3.961427663e-01  1.397933562e+00
 3.424657534e-01  3.975428163e-01  1.397598241e+00
 3.444227006e-01  3.989432236e-01  1.397220310e+00
 3.463796477e-01  4.003440308e-01  1.396800413e+00
 3.483365949e-01  4.017452800e-01  1.396339333e+00
 3.502935421e-01  4.031470124e-01  1.395837617e+00
 3.522504892e-01  4.045492689e-01  1.395295544e+00
 3.542074364e-01  4.059520906e-01  1.394713291e+00
 3.561643836e-01  4.073555180e-01  1.394091599e+00
 3.581213307e-01  4.087595908e-01  1.393431447e+00
 3.600782779e-01  4.101643481e-01  1.392733342e+00
 3.620352250e-01  4.115698288e-01  1.391997631e+00
 3.639921722e-01  4.129760714e-01  1.391224587e+00
 3.659491194e-01  4.143831143e-01  1.390414578e+00
 3.679060665e-01  4.157909954e-01  1.389568662e+00
 3.698630137e-01  4.171997518e-01  1.388687356e+00
 3.718199609e-01  4.186094204e-01  1.387771201e+00
 3.737769080e-01  4.200200373e-01  1.386820836e+00
 3.757338552e-01  4.214316386e-01  1.385836110e+00
 3.776908023e-01  4.228442606e-01  1.384817655e+00
 3.796477495e-01  4.242579386e-01  1.383766569e+00
 3.816046967e-01  4.256727073e-01  1.382683451e+00
 3.835616438e-01  4.270886010e-01  1.381568758e+00
 3.855185910e-01  4.285056535e-01  1.380422849e+00
 3.874755382e-01  4.299238988e-01  1.379245423e+00
 3.894324853e-01  4.313433712e-01  1.378037922e+00
 3.913894325e-01  4.327641030e-01  1.376801183e+00
 3.933463796e-01  4.341861266e-01  1.375535462e+00
 3.953033268e-01  4.356094741e-01  1.374241326e+00
 3.972602740e-01  4.370341773e-01  1.372918832e+00
 3.992172211e-01  4.384602680e-01  1.371568504e+00
 4.011741683e-01  4.398877774e-01  1.370191435e+00
 4.031311155e-01  4.413167360e-01  1.368788107e+00
 4.050880626e-01  4.427471738e-01  1.367359141e+00
 4.070450098e-01  4.441791206e-01  1.365904926e+00
 4.090019569e-01  4.456126059e-01  1.364425353e+00
 4.109589041e-01  4.470476596e-01  1.362921331e+00
 4.129158513e-01  4.484843102e-01  1.361393865e+00
 4.148727984e-01  4.499225857e-01  1.359843487e+00
 4.168297456e-01  4.513625140e-01  1.358270609e+00
 4.187866928e-01  4.528041226e-01  1.356675267e+00
 4.207436399e-01  4.542474391e-01  1.355057913e+00
 4.227005871e-01  4.556924907e-01  1.353419704e+00
 4.246575342e-01  4.571393032e-01  1.351761270e+00
 4.266144814e-01  4.585879026e-01  1.350082983e+00
 4.285714286e-01  4.600383144e-01  1.348385134e+00
 4.305283757e-01  4.614905641e-01  1.346668156e+00
 4.324853229e-01  4.629446765e-01  1.344932591e+00
 4.344422701e-01  4.644006764e-01  1.343179264e+00
 4.363992172e-01  4.658585875e-01  1.341408840e+00
 4.383561644e-01  4.673184331e-01  1.339621747e+00
 4.403131115e-01  4.687802365e-01  1.337818162e+00
 4.422700587e-01  4.702440207e-01  1.335998779e+00
 4.442270059e-01  4.717098081e-01  1.334163989e+00
 4.461839530e-01  4.731776209e-01  1.332314727e+00
 4.481409002e-01  4.746474801e-01  1.330451585e+00
 4.500978474e-01  4.761194067e-01  1.328574463e+00
 4.520547945e-01  4.775934220e-01  1.326684249e+00
 4.540117417e-01  4.790695459e-01  1.324781337e+00
 4.559686888e-01  4.805477984e-01  1.322866414e+00
 4.579256360e-01  4.820281987e-01  1.320940217e+00
 4.598825832e-01  4.835107657e-01  1.319002613e+00
 4.618395303e-01  4.849955182e-01  1.317054545e+00
 4.637964775e-01  4.864824740e-01  1.315096722e+00
 4.657534247e-01  4.879716505e-01  1.313129205e+00
 4.677103718e-01  4.894630653e-01  1.311152761e+00
 4.696673190e-01  4.909567348e-01  1.309167688e+00
 4.716242661e-01  4.924526755e-01  1.307174626e+00
 4.735812133e-01  4.939509031e-01  1.305174444e+00
 4.755381605e-01  4.954514324e-01  1.303167368e+00
 4.774951076e-01  4.969542784e-01  1.301153492e+00
 4.794520548e-01  4.984594559e-01  1.299133583e+00
 4.814090020e-01  4.999669786e-01  1.297108262e+00
 4.833659491e-01  5.014768599e-01  1.295078254e+00
 4.853228963e-01  5.029891123e-01  1.293043950e+00
 4.872798434e-01  5.045037482e-01  1.291005508e+00
 4.892367906e-01  5.060207797e-01  1.288963359e+00
 4.911937378e-01  5.075402185e-01  1.286918181e+00
 4.931506849e-01  5.090620754e-01  1.284870682e+00
 4.951076321e-01  5.105863604e-01  1.282821399e+00
 4.970645793e-01  5.121130833e-01  1.280770820e+00
 4.990215264e-01  5.136422533e-01  1.278718700e+00
 5.009784736e-01  5.151738799e-01  1.276665764e+00
 5.029354207e-01  5.167079715e-01  1.274612914e+00
 5.048923679e-01  5.182445355e-01  1.272560723e+00
 5.068493151e-01  5.197835788e-01  1.270509685e+00
 5.088062622e-01  5.213251080e-01  1.268459602e+00
 5.107632094e-01  5.228691299e-01  1.266410838e+00
 5.127201566e-01  5.244156503e-01  1.264364567e+00
 5.146771037e-01  5.259646739e-01  1.262321231e+00
 5.166340509e-01  5.275162049e-01  1.260281266e+00
 5.185909980e-01  5.290702472e-01  1.258244919e+00
 5.205479452e-01  5.306268043e-01  1.256212020e+00
 5.225048924e-01  5.321858798e-01  1.254183673e+00
 5.244618395e-01  5.337474755e-01  1.252160615e+00
 5.264187867e-01  5.353115928e-01  1.250143063e+00
 5.283757339e-01  5.368782330e-01  1.248131086e+00
 5.303326810e-01  5.384473969e-01  1.246125068e+00
 5.322896282e-01  5.400190849e-01  1.244125375e+00
 5.342465753e-01  5.415932968e-01  1.242132636e+00
 5.362035225e-01  5.431700317e-01  1.240147185e+00
 5.381604697e-01  5.447492882e-01  1.238168932e+00
 5.401174168e-01  5.463310652e-01  1.236198307e+00
 5.420743640e-01  5.479153607e-01  1.234235602e+00
 5.440313112e-01  5.495021723e-01  1.232281033e+00
 5.459882583e-01  5.510914974e-01  1.230334932e+00
 5.479452055e-01  5.526833329e-01  1.228397326e+00
 5.499021526e-01  5.542776756e-01  1.226468494e+00
 5.518590998e-01  5.558745219e-01  1.224548669e+00
 5.538160470e-01  5.574738677e-01  1.222637879e+00
 5.557729941e-01  5.590757089e-01  1.220736309e+00
 5.577299413e-01  5.606800412e-01  1.218844050e+00
 5.596868885e-01  5.622868600e-01  1.216961302e+00
 5.616438356e-01  5.638961602e-01  1.215088191e+00
 5.636007828e-01  5.655079367e-01  1.213224726e+00
 5.655577299e-01  5.671221843e-01  1.211370891e+00
 5.675146771e-01  5.687388977e-01  1.209526749e+00
 5.694716243e-01  5.703580714e-01  1.207692452e+00
 5.714285714e-01  5.719796996e-01  1.205868023e+00
 5.733855186e-01  5.736037765e-01  1.204053458e+00
 5.753424658e-01  5.752302961e-01  1.202248727e+00
 5.772994129e-01  5.768592526e-01  1.200453726e+00
 5.792563601e-01  5.784906400e-01  1.198668523e+00
 5.812133072e-01  5.801244521e-01  1.196893101e+00
 5.831702544e-01  5.817606830e-01  1.195127393e+00
 5.851272016e-01  5.833993264e-01  1.193371344e+00
 5.870841487e-01  5.850403762e-01  1.191624867e+00
 5.890410959e-01  5.866838264e-01  1.189887875e+00
 5.909980431e-01  5.883296710e-01  1.188160249e+00
 5.929549902e-01  5.899779040e-01  1.186441917e+00
 5.949119374e-01  5.916285194e-01  1.184732790e+00
 5.968688845e-01  5.932815115e-01  1.183032699e+00
 5.988258317e-01  5.949368744e-01  1.181341510e+00
 6.007827789e-01  5.965946027e-01  1.179659102e+00
 6.027397260e-01  5.982546908e-01  1.177985288e+00
 6.046966732e-01  5.999171334e-01  1.176319934e+00
 6.066536204e-01  6.015819255e-01  1.174662770e+00
 6.086105675e-01  6.032490621e-01  1.173013576e+00
 6.105675147e-01  6.049185387e-01  1.171372244e+00
 6.125244618e-01  6.065903506e-01  1.169738667e+00
 6.144814090e-01  6.082644935e-01  1.168112560e+00
 6.164383562e-01  6.099409635e-01  1.166493589e+00
 6.183953033e-01  6.116197567e-01  1.164881539e+00
 6.203522505e-01  6.133008700e-01  1.163276206e+00
 6.223091977e-01  6.149843000e-01  1.161677609e+00
 6.242661448e-01  6.166700434e-01  1.160085480e+00
 6.262230920e-01  6.183580975e-01  1.158499348e+00
 6.281800391e-01  6.200484601e-01  1.156918980e+00
 6.301369863e-01  6.217411292e-01  1.155344183e+00
 6.320939335e-01  6.234361031e-01  1.153774878e+00
 6.340508806e-01  6.251333801e-01  1.152210938e+00
 6.360078278e-01  6.268329586e-01  1.150651906e+00
 6.379647750e-01  6.285348381e-01  1.149097435e+00
 6.399217221e-01  6.302390182e-01  1.147547332e+00
 6.418786693e-01  6.319454986e-01  1.146001487e+00
 6.438356164e-01  6.336542795e-01  1.144459619e+00
 6.457925636e-01  6.353653612e-01  1.142921466e+00
 6.477495108e-01  6.370787446e-01  1.141386837e+00
 6.497064579e-01  6.387944309e-01  1.139855378e+00
 6.516634051e-01  6.405124215e-01  1.138326851e+00
 6.536203523e-01  6.422327186e-01  1.136800984e+00
 6.555772994e-01  6.439553244e-01  1.135277528e+00
 6.575342466e-01  6.456802417e-01  1.133756232e+00
 6.594911937e-01  6.474074734e-01  1.132237076e+00
 6.614481409e-01  6.491370229e-01  1.130719623e+00
 6.634050881e-01  6.508688939e-01  1.129203483e+00
 6.653620352e-01  6.526030909e-01  1.127688478e+00
 6.673189824e-01  6.543396186e-01  1.126174324e+00
 6.692759295e-01  6.560784820e-01  1.124660908e+00
 6.712328767e-01  6.578196866e-01  1.123148064e+00
 6.731898239e-01  6.595632379e-01  1.121635316e+00
 6.751467710e-01  6.613091424e-01  1.120122352e+00
 6.771037182e-01  6.630574070e-01  1.118609098e+00
 6.790606654e-01  6.648080386e-01  1.117095289e+00
 6.810176125e-01  6.665610448e-01  1.115580522e+00
 6.829745597e-01  6.683164339e-01  1.114064586e+00
 6.849315068e-01  6.700742142e-01  1.112547417e+00
 6.868884540e-01  6.718343943e-01  1.111028655e+00
 6.888454012e-01  6.735969837e-01  1.109508087e+00
 6.908023483e-01  6.753619920e-01  1.107985286e+00
 6.927592955e-01  6.771294298e-01  1.106460005e+00
 6.947162427e-01  6.788993078e-01  1.104932013e+00
 6.966731898e-01  6.806716372e-01  1.103401417e+00
 6.986301370e-01  6.824464292e-01  1.101867778e+00
 7.005870841e-01  6.842236959e-01  1.100330733e+00
 7.025440313e-01  6.860034499e-01  1.098789947e+00
 7.045009785e-01  6.877857045e-01  1.097245221e+00
 7.064579256e-01  6.895704733e-01  1.095696436e+00
 7.084148728e-01  6.913577702e-01  1.094143257e+00
 7.103718200e-01  6.931476097e-01  1.092585569e+00
 7.123287671e-01  6.949400067e-01  1.091023135e+00
 7.142857143e-01  6.967349765e-01  1.089455605e+00
 7.162426614e-01  6.985325352e-01  1.087882712e+00
 7.181996086e-01  7.003326994e-01  1.086304134e+00
 7.201565558e-01  7.021354863e-01  1.084719642e+00
 7.221135029e-01  7.039409136e-01  1.083128961e+00
 7.240704501e-01  7.057489995e-01  1.081532272e+00
 7.260273973e-01  7.075597619e-01  1.079929211e+00
 7.279843444e-01  7.093732199e-01  1.078319182e+00
 7.299412916e-01  7.111893937e-01  1.076701989e+00
 7.318982387e-01  7.130083036e-01  1.075077469e+00
 7.338551859e-01  7.148299704e-01  1.073445419e+00
 7.358121331e-01  7.166544155e-01  1.071805506e+00
 7.377690802e-01  7.184816611e-01  1.070157711e+00
 7.397260274e-01  7.203117293e-01  1.068501746e+00
 7.416829746e-01  7.221446432e-01  1.066837202e+00
 7.436399217e-01  7.239804268e-01  1.065163824e+00
 7.455968689e-01  7.258191045e-01  1.063481315e+00
 7.475538160e-01  7.276607015e-01  1.061789421e+00
 7.495107632e-01  7.295052437e-01  1.060087881e+00
 7.514677104e-01  7.313527574e-01  1.058376589e+00
 7.534246575e-01  7.332032695e-01  1.056655439e+00
 7.553816047e-01  7.350568074e-01  1.054923712e+00
 7.573385519e-01  7.369134001e-01  1.053180971e+00
 7.592954990e-01  7.387730775e-01  1.051426947e+00
 7.612524462e-01  7.406358700e-01  1.049661482e+00
 7.632093933e-01  7.425018087e-01  1.047884108e+00
 7.651663405e-01  7.443709260e-01  1.046094361e+00
 7.671232877e-01  7.462432552e-01  1.044292079e+00
 7.690802348e-01  7.481188299e-01  1.042477040e+00
 7.710371820e-01  7.499976849e-01  1.040648679e+00
 7.729941292e-01  7.518798564e-01  1.038806313e+00
 7.749510763e-01  7.537653821e-01  1.036949494e+00
 7.769080235e-01  7.556543006e-01  1.035077811e+00
 7.788649706e-01  7.575466517e-01  1.033190990e+00
 7.808219178e-01  7.594424760e-01  1.031288535e+00
 7.827788650e-01  7.613418157e-01  1.029369910e+00
 7.847358121e-01  7.632447143e-01  1.027434596e+00
 7.866927593e-01  7.651512165e-01  1.025481923e+00
 7.886497065e-01  7.670613691e-01  1.023511482e+00
 7.906066536e-01  7.689752198e-01  1.021522524e+00
 7.925636008e-01  7.708928184e-01  1.019514349e+00
 7.945205479e-01  7.728142165e-01  1.017486411e+00
 7.964774951e-01  7.747394672e-01  1.015438024e+00
 7.984344423e-01  7.766686255e-01  1.013368367e+00
 8.003913894e-01  7.786017488e-01  1.011276720e+00
 8.023483366e-01  7.805388960e-01  1.009162730e+00
 8.043052838e-01  7.824801273e-01  1.007026035e+00
 8.062622309e-01  7.844255046e-01  1.004865328e+00
 8.082191781e-01  7.863750933e-01  1.002680218e+00
 8.101761252e-01  7.883289592e-01  1.000470593e+00
 8.121330724e-01  7.902871697e-01  9.982358422e-01
 8.140900196e-01  7.922497950e-01  9.959742711e-01
 8.160469667e-01  7.942169092e-01  9.936852753e-01
 8.180039139e-01  7.961885885e-01  9.913667494e-01
 8.199608611e-01  7.981649149e-01  9.890130253e-01
 8.219178082e-01  8.001459713e-01  9.866472031e-01
 8.238747554e-01  8.021317847e-01  9.842811339e-01
 8.258317025e-01  8.041223757e-01  9.819093547e-01
 8.277886497e-01  8.061177610e-01  9.795702631e-01
 8.297455969e-01  8.081178570e-01  9.772946306e-01
 8.317025440e-01  8.101225407e-01  9.750945038e-01
 8.336594912e-01  8.121316734e-01  9.729666575e-01
 8.356164384e-01  8.141451180e-01  9.709258105e-01
 8.375733855e-01  8.161626850e-01  9.690054281e-01
 8.395303327e-01  8.181841213e-01  9.672080053e-01
 8.414872798e-01  8.202091825e-01  9.655396787e-01
 8.434442270e-01  8.222375882e-01  9.640280891e-01
 8.454011742e-01  8.242689900e-01  9.626982025e-01
 8.473581213e-01  8.263029933e-01  9.615694073e-01
 8.493150685e-01  8.283391711e-01  9.606377880e-01
 8.512720157e-01  8.303771077e-01  9.599114723e-01
 8.532289628e-01  8.324163451e-01  9.594215802e-01
 8.551859100e-01  8.344563560e-01  9.591856165e-01
 8.571428571e-01  8.364965913e-01  9.592097180e-01
 8.590998043e-01  8.385364852e-01  9.595150497e-01
 8.610567515e-01  8.405754293e-01  9.601139539e-01
 8.630136986e-01  8.426128381e-01  9.609426459e-01
 8.649706458e-01  8.446483036e-01  9.619382922e-01
 8.669275930e-01  8.466815288e-01  9.630505514e-01
 8.688845401e-01  8.487123124e-01  9.642426317e-01
 8.708414873e-01  8.507405046e-01  9.655309245e-01
 8.727984344e-01  8.527659296e-01  9.668736661e-01
 8.747553816e-01  8.547885827e-01  9.681384690e-01
 8.767123288e-01  8.568087284e-01  9.692668470e-01
 8.786692759e-01  8.588266587e-01  9.702758614e-01
 8.806262231e-01  8.608426161e-01  9.711642413e-01
 8.825831703e-01  8.628568761e-01  9.719035607e-01
 8.845401174e-01  8.648697731e-01  9.724753601e-01
 8.864970646e-01  8.668816576e-01  9.728857453e-01
 8.884540117e-01  8.688928578e-01  9.731417187e-01
 8.904109589e-01  8.709037044e-01  9.732212085e-01
 8.923679061e-01  8.729145892e-01  9.730971663e-01
 8.943248532e-01  8.749259442e-01  9.727675307e-01
 8.962818004e-01  8.769381890e-01  9.722379994e-01
 8.982387476e-01  8.789517342e-01  9.715114018e-01
 9.001956947e-01  8.809669877e-01  9.705906697e-01
 9.021526419e-01  8.829843512e-01  9.694819471e-01
 9.041095890e-01  8.850042167e-01  9.681867899e-01
 9.060665362e-01  8.870269776e-01  9.667095719e-01
 9.080234834e-01  8.890530182e-01  9.650552877e-01
 9.099804305e-01  8.910827169e-01  9.632270406e-01
 9.119373777e-01  8.931164451e-01  9.612414465e-01
 9.138943249e-01  8.951545434e-01  9.590988301e-01
 9.158512720e-01  8.971973715e-01  9.567930433e-01
 9.178082192e-01  8.992453008e-01  9.543291616e-01
 9.197651663e-01  9.012986928e-01  9.517078275e-01
 9.217221135e-01  9.033579176e-01  9.489274729e-01
 9.236790607e-01  9.054233439e-01  9.460112474e-01
 9.256360078e-01  9.074952933e-01  9.429595119e-01
 9.275929550e-01  9.095741188e-01  9.397573291e-01
 9.295499022e-01  9.116602028e-01  9.364113751e-01
 9.315068493e-01  9.137539019e-01  9.329431592e-01
 9.334637965e-01  9.158555483e-01  9.293324626e-01
 9.354207436e-01  9.179655496e-01  9.255589089e-01
 9.373776908e-01  9.200843216e-01  9.216774857e-01
 9.393346380e-01  9.222121429e-01  9.177115699e-01
 9.412915851e-01  9.243493284e-01  9.135932998e-01
 9.432485323e-01  9.264963840e-01  9.092762246e-01
 9.452054795e-01  9.286538448e-01  9.048097660e-01
 9.471624266e-01  9.308220476e-01  9.003798734e-01
 9.491193738e-01  9.330010188e-01  8.958005916e-01
 9.510763209e-01  9.351914867e-01  8.909385499e-01
 9.530332681e-01  9.373943148e-01  8.855497915e-01
 9.549902153e-01  9.396104096e-01  8.801936406e-01
 9.569471624e-01  9.418372670e-01  8.791063140e-01
 9.589041096e-01  9.440636985e-01  8.787952615e-01
 9.608610568e-01  9.462931927e-01  8.763294032e-01
 9.628180039e-01  9.485325001e-01  8.709816445e-01
 9.647749511e-01  9.507895407e-01  8.625435959e-01
 9.667318982e-01  9.530727590e-01  8.514652808e-01
 9.686888454e-01  9.553905744e-01  8.361792352e-01
 9.706457926e-01  9.577572397e-01  8.164869571e-01
 9.726027397e-01  9.601853242e-01  7.954084812e-01
 9.745596869e-01  9.626784959e-01  7.745513099e-01
 9.765166341e-01  9.652385960e-01  7.544730481e-01
 9.784735812e-01  9.678657886e-01  7.355797683e-01
 9.804305284e-01  9.705587088e-01  7.181552006e-01
 9.823874755e-01  9.733146096e-01  7.023883743e-01
 9.843444227e-01  9.761295089e-01  6.883978321e-01
 9.863013699e-01  9.789983338e-01  6.762516923e-01
 9.882583170e-01  9.819150640e-01  6.659836987e-01
 9.902152642e-01  9.848728729e-01  6.576056411e-01
 9.921722114e-01  9.878642664e-01  6.511167672e-01
 9.941291585e-01  9.908812194e-01  6.465107510e-01
 9.960861057e-01  9.939153091e-01  6.437807295e-01
 9.980430528e-01  9.969578457e-01  6.432363496e-01
 1.000000000e+00  1.000000000e+00  6.433171919e-01
4  3.849238700e-01  6.868508055e-01  1.010953420e+00  7.480468081e-01  9.585357134e-01  5.992073812e+01  4.578938415e-01  9.931026534e-01  3.248167145e-01  2.672749264e+00
5  5.034020879e-01  9.637999975e-01  1.007608490e+00  6.139237798e-01  9.306400131e-01  3.578740236e+01  4.058055403e-01  1.043400692e+00  4.858567771e-01  2.787077512e+00
6  6.003979092e-01  1.099554324e+00  1.005131659e+00  5.237547097e-01  9.083739705e-01  2.607790199e+01  3.748962129e-01  1.116887011e+00  6.052621040e-01  2.763268550e+00
7  6.870770367e-01  1.190455880e+00  1.003088244e+00  4.591026582e-01  8.923455000e-01  2.071756671e+01  3.531895273e-01  1.196076511e+00  7.037231784e-01  2.704946969e+00
8  7.645257492e-01  1.329935755e+00  1.001479712e+00  4.104131151e-01  8.874517815e-01  1.764618801e+01  3.377459903e-01  1.284795864e+00  7.860511530e-01  2.629399079e+00
9  8.298665020e-01  1.586196234e+00  1.000372608e+00  3.719747957e-01  9.036596585e-01  1.635936623e+01  3.277146595e-01  1.401463278e+00  8.507818364e-01  2.534193293e+00
10  8.790793115e-01  2.143282767e+00  9.996974877e-01  3.404191624e-01  9.547963224e-01  1.681325681e+01  3.220921641e-01  1.564738333e+00  8.983626870e-01  2.414398101e+00
11  9.137781874e-01  2.863591190e+00  9.993132199e-01  3.137829305e-01  1.056427389e+00  1.931849922e+01  3.197370381e-01  1.819048626e+00  9.315295058e-01  2.280667402e+00
12  9.416746360e-01  2.169071230e+00  9.991338537e-01  2.913108738e-01  1.209565011e+00  2.390889284e+01  3.197149770e-01  2.181411847e+00  9.568043509e-01  2.154048721e+00
13  9.784171331e-01  4.864740381e+00  9.998657519e-01  2.741215017e-01  1.409994987e+00  3.010553556e+01  3.244735117e-01  2.645233188e+00  9.859076790e-01  2.067448073e+00
14  9.891334743e-01  9.555495657e+00  9.999154722e-01  2.564349639e-01  1.628557145e+00  3.842019681e+01  3.277728244e-01  4.016272183e+00  9.929971982e-01  1.940896483e+00
15  9.953699259e-01  1.697601381e+01  9.999495478e-01  2.373108753e-01  1.800163255e+00  4.428603945e+01  3.321603646e-01  7.900804708e+00  9.970220398e-01  1.822986972e+00
0 0 -1.253370293e-01  2.379854620e-18
0 1  1.382748264e-02 -4.671409099e-03
0 2 -1.409531013e-02  5.402346609e-03
0 3  4.821501703e-03 -6.225076803e-03
0 4 -1.575500192e-03  5.960048061e-03
0 5 -2.798110355e-03 -3.950280922e-03
0 6  3.740387404e-03 -2.824301063e-04
0 7 -4.238826218e-04  3.264910655e-03
0 8 -2.923750154e-03  1.782088720e-04
0 9 -1.686839910e-03 -1.916181555e-03
0 10 -1.561882069e-04 -2.320825237e-03
0 11  7.534560300e-04 -2.029457591e-03
1 0 -1.103224060e-01 -3.727078202e-02
1 1 -9.686801749e-02 -9.717762165e-18
1 2  9.887051138e-03 -6.479983396e-03
1 3 -1.323958922e-02  7.777980722e-03
1 4  1.499422786e-03 -8.296645849e-03
1 5  2.114158977e-03  5.981138899e-03
1 6 -5.730489335e-03 -4.200842098e-04
1 7  8.817344824e-04 -4.397169982e-03
1 8  3.747342855e-03  3.073864795e-04
1 9  1.716726686e-03  2.863048039e-03
1 10 -3.807872913e-04  3.097421303e-03
1 11 -1.629792147e-03  2.375835467e-03
2 0  1.124592645e-01  4.310255826e-02
2 1 -1.020672395e-01 -6.689497281e-02
2 2 -7.785625111e-02  9.764529062e-18
2 3  5.878482103e-03 -7.909254426e-03
2 4 -9.703098325e-03  9.116976465e-03
2 5 -3.440421305e-03 -7.895400976e-03
2 6  5.036039070e-03  1.894268409e-03
2 7 -3.114429917e-03  4.675781450e-03
2 8 -4.793050875e-03 -1.416494266e-03
2 9 -1.562595094e-03 -3.682211526e-03
2 10  8.897190566e-04 -3.377139359e-03
2 11  1.981103116e-03 -2.596943972e-03
3 0 -3.846829408e-02 -4.966670134e-02
3 1  1.366765788e-01  8.029462070e-02
3 2 -7.550430465e-02 -1.015879176e-01
3 3 -6.459534422e-02  5.574923425e-17
3 4  2.448139746e-03 -9.303277987e-03
3 5 -5.530264354e-03  9.457276860e-03
3 6 -8.105406270e-03 -4.647464096e-03
3 7  3.128192776e-03 -4.098947871e-03
3 8  3.088082843e-03  3.213199875e-03
3 9 -7.546820158e-04  4.330740944e-03
3 10 -3.040486407e-03  3.058288410e-03
3 11 -3.868570033e-03  1.117463527e-03
4 0  1.257010957e-02  4.755217267e-02
4 1 -1.547902832e-02 -8.564896922e-02
4 2  1.246283784e-01  1.171001215e-01
4 3 -3.789963155e-02 -1.440239711e-01
4 4 -5.483612872e-02 -3.969409180e-17
4 5 -1.075499780e-03 -1.069388921e-02
4 6 -1.233737001e-03  8.013166227e-03
4 7 -9.829158177e-03  1.336456442e-03
4 8 -4.155342946e-03 -5.581607557e-03
4 9  1.276194883e-03 -4.141205198e-03
4 10  3.054863115e-03 -1.561844318e-03
4 11  3.103520801e-03 -4.799521308e-04
5 0  2.232469024e-02 -3.151726942e-02
5 1 -2.182514964e-02  6.174523907e-02
5 2  4.418940363e-02 -1.014099814e-01
5 3  8.561397760e-02  1.464080264e-01
5 4  1.961297788e-02 -1.950153934e-01
5 5 -4.702320490e-02  5.262246210e-19
5 6 -5.049450879e-03 -1.161045994e-02
5 7  1.983768322e-03  3.672426728e-03
5 8 -5.811774735e-03  6.015187664e-03
5 9 -7.309033943e-03  1.350772129e-03
5 10 -6.303903372e-03 -1.851241701e-03
5 11 -4.410088349e-03 -4.605373011e-03
6 0 -2.984263649e-02 -2.253365249e-03
6 1  5.915770224e-02 -4.336665710e-03
6 2 -6.468381148e-02  2.433033162e-02
6 3  1.254797287e-01 -7.194735398e-02
6 4  2.249861596e-02  1.461293205e-01
6 5  1.073821083e-01 -2.469091583e-01
6 6 -4.024713601e-02 -6.052273874e-17
6 7 -9.097757962e-03 -1.129084676e-02
6 8  1.796384408e-03 -2.397129122e-03
6 9  8.238232724e-04  3.291987842e-03
6 10 -1.848128945e-03  4.601531762e-03
6 11 -2.925293841e-03  2.382925909e-03
7 0  3.381942464e-03  2.604905089e-02
7 1 -9.102431383e-03 -4.539341360e-02
7 2  4.000231031e-02  6.005659639e-02
7 3 -4.842752699e-02 -6.345577874e-02
7 4  1.792460264e-01  2.437182335e-02
7 5 -4.218700802e-02  7.809818017e-02
7 6  2.260473381e-01 -2.805378936e-01
7 7 -3.412407217e-02 -1.543892057e-17
7 8 -1.145861678e-02 -9.130922761e-03
7 9 -1.864743092e-03 -5.892171290e-03
7 10  8.516868085e-04 -2.789737559e-03
7 11  2.593691296e-03 -2.642069690e-03
8 0  2.332710588e-02  1.421837369e-03
8 1 -3.868503714e-02  3.173250444e-03
8 2  6.156282644e-02 -1.819371271e-02
8 3 -4.780658545e-02  4.974352120e-02
8 4  7.577746721e-02 -1.017870460e-01
8 5  1.235937607e-01  1.279195597e-01
8 6 -4.463384444e-02 -5.956024104e-02
8 7  3.357927718e-01 -2.675801034e-01
8 8 -2.924467747e-02 -2.013404824e-16
8 9 -1.064718206e-02 -4.781223197e-03
8 10 -6.170334429e-03 -5.988849339e-03
8 11 -1.490366742e-03 -7.830846396e-03
9 0  1.345843219e-02 -1.528823178e-02
9 1 -1.772232705e-02  2.955617461e-02
9 2  2.007025860e-02 -4.729500167e-02
9 3  1.168322617e-02  6.704416542e-02
9 4 -2.327288437e-02 -7.551964909e-02
9 5  1.554346191e-01  2.872565007e-02
9 6 -2.046911542e-02  8.179433791e-02
9 7  5.464597197e-02 -1.726690549e-01
9 8  3.640724733e-01 -1.634903720e-01
9 9 -2.736963838e-02 -1.720585968e-17
9 10 -1.505070448e-02 -4.358242208e-03
9 11 -7.565865373e-03 -9.774072315e-03
10 0  1.246145754e-03 -1.851667659e-02
10 1  3.930990860e-03  3.197568592e-02
10 2 -1.142771510e-02 -4.337659868e-02
10 3  4.706974540e-02  4.734533807e-02
10 4 -5.570894931e-02 -2.848203099e-02
10 5  1.340594157e-01 -3.936868414e-02
10 6  4.591951450e-02  1.143319058e-01
10 7 -2.495853379e-02 -8.175277395e-02
10 8  2.109899976e-01 -2.047842499e-01
10 9  5.499051274e-01 -1.592363826e-01
10 10 -1.900472198e-02 -7.886226657e-17
10 11 -6.445274015e-03 -4.381560687e-03
11 0 -6.011439987e-03 -1.619200329e-02
11 1  1.682487356e-02  2.452652102e-02
11 2 -2.544565256e-02 -3.335562572e-02
11 3  5.988930130e-02  1.729944380e-02
11 4 -5.659627829e-02 -8.752480198e-03
11 5  9.378536317e-02 -9.793830559e-02
11 6  7.268327963e-02  5.920734108e-02
11 7 -7.600767232e-02 -7.742539275e-02
11 8  5.096198253e-02 -2.677699696e-01
11 9  2.764327854e-01 -3.571136812e-01
11 10  3.391406631e-01 -2.305511594e-01
11 11 -1.768844318e-02  6.632205153e-17
0 0 -8.297117108e+00  2.768051170e-15
0 1 -8.783682935e-01  4.042165045e-01
0 2  1.195412992e+00 -3.798170695e-01
0 3 -2.494312356e-01  3.054393212e-01
0 4  8.807980737e-02 -2.487413988e-01
0 5  9.186377200e-02  1.473124417e-01
0 6 -1.256350397e-01 -6.087609173e-04
0 7  1.316570824e-02 -1.019878601e-01
0 8  7.345772025e-02  5.353894344e-05
0 9  5.076201991e-02  3.895239971e-02
0 10 -5.323940527e-02  5.971895066e-02
0 11 -5.495685020e-03  5.837695573e-02
1 0 -8.783682935e-01 -4.042165045e-01
1 1 -1.093454011e+01 -3.672055192e-15
1 2 -8.726447959e-01  9.110800445e-01
1 3  1.857556803e+00 -9.079242329e-01
1 4 -1.391474152e-01  6.600169348e-01
1 5 -9.654982021e-02 -4.085351459e-01
1 6  3.267423466e-01  5.199078042e-02
1 7 -5.394904430e-02  2.316088588e-01
1 8 -1.609182136e-01 -2.163844604e-02
1 9 -1.046677219e-01 -8.459855595e-02
1 10  9.726184636e-02 -9.666990095e-02
1 11  1.105578036e-01 -7.568538763e-02
2 0  1.195412992e+00  3.798170695e-01
2 1 -8.726447959e-01 -9.110800445e-01
2 2 -1.374575134e+01 -6.185024762e-15
2 3 -5.703244581e-01  1.661052186e+00
2 4  2.134439124e+00 -1.634717511e+00
2 5  3.638664488e-01  9.485894637e-01
2 6 -4.697232257e-01 -2.651023318e-01
2 7  2.815140551e-01 -3.893028827e-01
2 8  3.080838729e-01  1.370024759e-01
2 9  1.031657111e-01  2.052825745e-01
2 10 -2.571651267e-01  1.239799374e-01
2 11 -5.199778452e-02  1.707889161e-01
3 0 -2.494312356e-01 -3.054393212e-01
3 1  1.857556803e+00  9.079242329e-01
3 2 -5.703244581e-01 -1.661052186e+00
3 3 -1.680635915e+01 -5.789804058e-15
3 4  1.004015243e-01  2.771839032e+00
3 5  1.974429172e+00 -2.507087460e+00
3 6  1.342238951e+00  8.828518733e-01
3 7 -5.031550957e-01  4.976880665e-01
3 8 -2.966330238e-01 -4.355642929e-01
3 9 -3.812284270e-02 -3.328469971e-01
3 10  3.812515020e-01 -3.621190905e-02
3 11  4.722275211e-01 -1.823885420e-02
4 0  8.807980737e-02  2.487413988e-01
4 1 -1.391474152e-01 -6.600169348e-01
4 2  2.134439124e+00  1.634717511e+00
4 3  1.004015243e-01 -2.771839032e+00
4 4 -2.029103372e+01  1.730403300e-14
4 5  1.429203784e+00  4.341817505e+00
4 6  1.211419327e+00 -3.341571508e+00
4 7  2.440605166e+00 -2.035183118e-01
4 8  4.874506248e-01  1.023601906e+00
4 9 -2.129708530e-01  5.529472360e-01
4 10 -6.310503381e-01 -3.671134142e-01
4 11 -1.633685540e-01  4.071144760e-02
5 0  9.186377200e-02 -1.473124417e-01
5 1 -9.654982021e-02  4.085351459e-01
5 2  3.638664488e-01 -9.485894637e-01
5 3  1.974429172e+00  2.507087460e+00
5 4  1.429203784e+00 -4.341817505e+00
5 5 -2.456080623e+01  1.803385895e-14
5 6  3.891277354e+00  6.478979608e+00
5 7 -2.761255922e-01 -3.083763485e+00
5 8  2.354499537e+00 -1.949480843e+00
5 9  1.256072867e+00 -2.484644905e-01
5 10  4.512683930e-01  9.001505988e-01
5 11  9.702191225e-01  9.697149932e-01
6 0 -1.256350397e-01  6.087609173e-04
6 1  3.267423466e-01 -5.199078042e-02
6 2 -4.697232257e-01  2.651023318e-01
6 3  1.342238951e+00 -8.828518733e-01
6 4  1.211419327e+00  3.341571508e+00
6 5  3.891277354e+00 -6.478979608e+00
6 6 -2.961264316e+01  8.162679523e-14
6 7  8.042764937e+00  8.650310626e+00
6 8 -1.121814482e+00 -1.589228660e+00
6 9 -2.355123846e-01 -1.390872746e+00
6 10  1.790511373e+00 -1.935254634e+00
6 11  1.446801477e+00 -6.541054684e-01
7 0  1.316570824e-02  1.019878601e-01
7 1 -5.394904430e-02 -2.316088588e-01
7 2  2.815140551e-01  3.893028827e-01
7 3 -5.031550957e-01 -4.976880665e-01
7 4  2.440605166e+00  2.035183118e-01
7 5 -2.761255922e-01  3.083763485e+00
7 6  8.042764937e+00 -8.650310626e+00
7 7 -3.581957270e+01  3.014141469e-13
7 8  1.188494292e+01  8.721157862e+00
7 9  3.491742790e-01  1.901478881e+00
7 10 -1.082741586e+00 -2.813521388e+00
7 11 -6.203603018e-01 -1.691641275e-02
8 0  7.345772025e-02 -5.353894344e-05
8 1 -1.609182136e-01  2.163844604e-02
8 2  3.080838729e-01 -1.370024759e-01
8 3 -2.966330238e-01  4.355642929e-01
8 4  4.874506248e-01 -1.023601906e+00
8 5  2.354499537e+00  1.949480843e+00
8 6 -1.121814482e+00  1.589228660e+00
8 7  1.188494292e+01 -8.721157862e+00
8 8 -4.049761144e+01  3.352258394e-13
8 9  1.104734900e+01  4.264629103e+00
8 10  9.140306621e-01  1.874159580e+00
8 11  5.279343097e-01  3.661871758e+00
9 0  5.076201991e-02 -3.895239971e-02
9 1 -1.046677219e-01  8.459855595e-02
9 2  1.031657111e-01 -2.052825745e-01
9 3 -3.812284270e-02  3.328469971e-01
9 4 -2.129708530e-01 -5.529472360e-01
9 5  1.256072867e+00  2.484644905e-01
9 6 -2.355123846e-01  1.390872746e+00
9 7  3.491742790e-01 -1.901478881e+00
9 8  1.104734900e+01 -4.264629103e+00
9 9 -5.644721532e+01  2.536731420e-13
9 10  2.420865715e+01  6.648777286e+00
9 11  7.160026872e+00  9.968592620e+00
10 0 -5.323940527e-02 -5.971895066e-02
10 1  9.726184636e-02  9.666990095e-02
10 2 -2.571651267e-01 -1.239799374e-01
10 3  3.812515020e-01  3.621190905e-02
10 4 -6.310503381e-01  3.671134142e-01
10 5  4.512683930e-01 -9.001505988e-01
10 6  1.790511373e+00  1.935254634e+00
10 7 -1.082741586e+00  2.813521388e+00
10 8  9.140306621e-01 -1.874159580e+00
10 9  2.420865715e+01 -6.648777286e+00
10 10 -6.212585227e+01 -2.124200443e-13
10 11  1.917300803e+01  1.303399949e+01
11 0 -5.495685020e-03 -5.837695573e-02
11 1  1.105578036e-01  7.568538763e-02
11 2 -5.199778452e-02 -1.707889161e-01
11 3  4.722275211e-01  1.823885420e-02
11 4 -1.633685540e-01 -4.071144760e-02
11 5  9.702191225e-01 -9.697149932e-01
11 6  1.446801477e+00  6.541054684e-01
11 7 -6.203603018e-01  1.691641275e-02
11 8  5.279343097e-01 -3.661871758e+00
11 9  7.160026872e+00 -9.968592620e+00
11 10  1.917300803e+01 -1.303399949e+01
11 11 -5.653408781e+01 -2.119721135e-13
0  2.843556784e-02 -1.074069013e-03 -1.159988728e-01 -1.293842002e-02
1  4.615251096e-02 -1.144544292e-03  1.455296506e-01  4.120611877e-02
2  6.362628355e-02 -2.523777349e-03 -1.458925766e-01 -8.488417967e-02
3  9.012644181e-02 -2.808211131e-03  1.113238722e-01  1.419349152e-01
4  1.229977054e-01 -5.899610055e-03 -2.100468606e-02 -1.865213116e-01
5  1.593337307e-01 -6.969784794e-03 -1.173776950e-01  1.495732224e-01
6  1.934869852e-01 -9.781214380e-03  1.858366164e-01  2.832326331e-02
7  2.171193332e-01 -1.249097285e-02 -4.893615277e-03 -1.823822542e-01
8  2.353598398e-01 -1.368149274e-02 -1.736838064e-01 -2.528460495e-02
9  2.662963914e-01 -1.620905121e-02 -1.192707995e-01  1.175082226e-01
10  2.599850467e-01 -1.693956941e-02 -2.106249419e-02  1.562038097e-01
11  1.642207171e-01 -1.257658400e-01  4.541915627e-02  1.414497672e-01
