 1.695500020e+00 -1.824862900e+00  8.546409157e-01  3.818170121e+00  9.337036501e-01  4.887663249e+00  9.952815331e-01  9.740442830e-01  7.125541680e+00 512 3 11
 0.000000000e+00  0.000000000e+00 -1.812737139e-06
 1.956947162e-03  2.868832934e-02  1.364304880e-01
 3.913894325e-03  4.057126655e-02  1.929414027e-01
 5.870841487e-03  4.968943267e-02  2.362998825e-01
 7.827788650e-03  5.737659556e-02  2.728461989e-01
 9.784735812e-03  6.414941071e-02  3.050355671e-01
 1.174168297e-02  7.027287082e-02  3.341267263e-01
 1.369863014e-02  7.590440816e-02  3.608671085e-01
 1.565557730e-02  8.114660948e-02  3.857434690e-01
 1.761252446e-02  8.607074038e-02  4.090937227e-01
 1.956947162e-02  9.072869588e-02  4.311637873e-01
 2.152641879e-02  9.515965829e-02  4.521391039e-01
 2.348336595e-02  9.939407490e-02  4.721629759e-01
 2.544031311e-02  1.034561675e-01  4.913505113e-01
 2.739726027e-02  1.073655705e-01  5.097949619e-01
 2.935420744e-02  1.111384666e-01  5.275728522e-01
 3.131115460e-02  1.147883816e-01  5.447482956e-01
 3.326810176e-02  1.183267568e-01  5.613757758e-01
 3.522504892e-02  1.217633723e-01  5.775008846e-01
 3.718199609e-02  1.251066728e-01  5.931630104e-01
 3.913894325e-02  1.283640075e-01  6.083963226e-01
 4.109589041e-02  1.315418202e-01  6.232308794e-01
 4.305283757e-02  1.346457977e-01  6.376934651e-01
 4.500978474e-02  1.376809872e-01  6.518078942e-01
 4.696673190e-02  1.406518932e-01  6.655953507e-01
 4.892367906e-02  1.435625564e-01  6.790744395e-01
 5.088062622e-02  1.464166199e-01  6.922618633e-01
 5.283757339e-02  1.492173810e-01  7.051727981e-01
 5.479452055e-02  1.519678361e-01  7.178210667e-01
 5.675146771e-02  1.546707172e-01  7.302192446e-01
 5.870841487e-02  1.573285237e-01  7.423787821e-01
 6.066536204e-02  1.599435499e-01  7.543101101e-01
 6.262230920e-02  1.625179074e-01  7.660228531e-01
 6.457925636e-02  1.650535449e-01  7.775260931e-01
 6.653620352e-02  1.675522652e-01  7.888280962e-01
 6.849315068e-02  1.700157402e-01  7.999358770e-01
 7.045009785e-02  1.724455265e-01  8.108560002e-01
 7.240704501e-02  1.748430743e-01  8.215954632e-01
 7.436399217e-02  1.772097356e-01  8.321607208e-01
 7.632093933e-02  1.795467742e-01  8.425572231e-01
 7.827788650e-02  1.818553753e-01  8.527900067e-01
 8.023483366e-02  1.841366517e-01  8.628635547e-01
 8.219178082e-02  1.863916506e-01  8.727825025e-01
 8.414872798e-02  1.886213573e-01  8.825517438e-01
 8.610567515e-02  1.908266996e-01  8.921752563e-01
 8.806262231e-02  1.930085543e-01  9.016565272e-01
 9.001956947e-02  1.951677518e-01  9.109981861e-01
 9.197651663e-02  1.973050799e-01  9.202038708e-01
 9.393346380e-02  1.994212834e-01  9.292784128e-01
 9.589041096e-02  2.015170664e-01  9.382242384e-01
 9.784735812e-02  2.035931007e-01  9.470432249e-01
 9.980430528e-02  2.056500267e-01  9.557376646e-01
 1.017612524e-01  2.076884545e-01  9.643107013e-01
 1.037181996e-01  2.097089643e-01  9.727648239e-01
 1.056751468e-01  2.117121101e-01  9.811015825e-01
 1.076320939e-01  2.136984219e-01  9.893244330e-01
 1.095890411e-01  2.156684039e-01  9.974348558e-01
 1.115459883e-01  2.176225407e-01  1.005433550e+00
 1.135029354e-01  2.195612981e-01  1.013323450e+00
 1.154598826e-01  2.214851197e-01  1.021106143e+00
 1.174168297e-01  2.233944322e-01  1.028783488e+00
 1.193737769e-01  2.252896445e-01  1.036357099e+00
 1.213307241e-01  2.271711502e-01  1.043827336e+00
 1.232876712e-01  2.290393294e-01  1.051196398e+00
 1.252446184e-01  2.308945456e-01  1.058465838e+00
 1.272015656e-01  2.327371492e-01  1.065636969e+00
 1.291585127e-01  2.345674779e-01  1.072710934e+00
 1.311154599e-01  2.363858576e-01  1.079688333e+00
 1.330724070e-01  2.381926036e-01  1.086570335e+00
 1.350293542e-01  2.399880196e-01  1.093358946e+00
 1.369863014e-01  2.417723977e-01  1.100054451e+00
 1.389432485e-01  2.435460222e-01  1.106658182e+00
 1.409001957e-01  2.453091665e-01  1.113171101e+00
 1.428571429e-01  2.470620960e-01  1.119593361e+00
 1.448140900e-01  2.488050686e-01  1.125926327e+00
 1.467710372e-01  2.505383327e-01  1.132171268e+00
 1.487279843e-01  2.522621290e-01  1.138328311e+00
 1.506849315e-01  2.539766918e-01  1.144399139e+00
 1.526418787e-01  2.556822471e-01  1.150383504e+00
 1.545988258e-01  2.573790163e-01  1.156281814e+00
 1.565557730e-01  2.590672138e-01  1.162095884e+00
 1.585127202e-01  2.607470465e-01  1.167826106e+00
 1.604696673e-01  2.624187163e-01  1.173473040e+00
 1.624266145e-01  2.640824197e-01  1.179036931e+00
 1.643835616e-01  2.657383484e-01  1.184518048e+00
 1.663405088e-01  2.673866891e-01  1.189917967e+00
 1.682974560e-01  2.690276219e-01  1.195236948e+00
 1.702544031e-01  2.706613236e-01  1.200474910e+00
 1.722113503e-01  2.722879667e-01  1.205633178e+00
 1.741682975e-01  2.739077183e-01  1.210711871e+00
 1.761252446e-01  2.755207423e-01  1.215711356e+00
 1.780821918e-01  2.771271982e-01  1.220632503e+00
 1.800391389e-01  2.787272417e-01  1.225475198e+00
 1.819960861e-01  2.803210252e-01  1.230240393e+00
 1.839530333e-01  2.819086968e-01  1.234928832e+00
 1.859099804e-01  2.834904013e-01  1.239539955e+00
 1.878669276e-01  2.850662814e-01  1.244074747e+00
 1.898238748e-01  2.866364754e-01  1.248533716e+00
 1.917808219e-01  2.882011189e-01  1.252917018e+00
 1.937377691e-01  2.897603448e-01  1.257225442e+00
 1.956947162e-01  2.913142825e-01  1.261459000e+00
 1.976516634e-01  2.928630595e-01  1.265617950e+00
 1.996086106e-01  2.944068004e-01  1.269703206e+00
 2.015655577e-01  2.959456268e-01  1.273714916e+00
 2.035225049e-01  2.974796582e-01  1.277653038e+00
 2.054794521e-01  2.990090121e-01  1.281518698e+00
 2.074363992e-01  3.005338027e-01  1.285311618e+00
 2.093933464e-01  3.020541430e-01  1.289032397e+00
 2.113502935e-01  3.035701432e-01  1.292681757e+00
 2.133072407e-01  3.050819114e-01  1.296259359e+00
 2.152641879e-01  3.065895543e-01  1.299765691e+00
 2.172211350e-01  3.080931765e-01  1.303201572e+00
 2.191780822e-01  3.095928799e-01  1.306567030e+00
 2.211350294e-01  3.110887654e-01  1.309862601e+00
 2.230919765e-01  3.125809317e-01  1.313088500e+00
 2.250489237e-01  3.140694759e-01  1.316244726e+00
 2.270058708e-01  3.155544940e-01  1.319332190e+00
 2.289628180e-01  3.170360792e-01  1.322351329e+00
 2.309197652e-01  3.185143238e-01  1.325301896e+00
 2.328767123e-01  3.199893187e-01  1.328184778e+00
 2.348336595e-01  3.214611530e-01  1.331000038e+00
 2.367906067e-01  3.229299145e-01  1.333747965e+00
 2.387475538e-01  3.243956896e-01  1.336429336e+00
 2.407045010e-01  3.258585631e-01  1.339044169e+00
 2.426614481e-01  3.273186189e-01  1.341592873e+00
 2.446183953e-01  3.287759391e-01  1.344076047e+00
 2.465753425e-01  3.302306048e-01  1.346493792e+00
 2.485322896e-01  3.316826959e-01  1.348846476e+00
 2.504892368e-01  3.331322911e-01  1.351134688e+00
 2.524461840e-01  3.345794678e-01  1.353358667e+00
 2.544031311e-01  3.360243023e-01  1.355519047e+00
 2.563600783e-01  3.374668695e-01  1.357616111e+00
 2.583170254e-01  3.389072436e-01  1.359650024e+00
 2.602739726e-01  3.403454979e-01  1.361621333e+00
 2.622309198e-01  3.417817041e-01  1.363530517e+00
 2.641878669e-01  3.432159333e-01  1.365378132e+00
 2.661448141e-01  3.446482550e-01  1.367164432e+00
 2.681017613e-01  3.460787385e-01  1.368889774e+00
 2.700587084e-01  3.475074517e-01  1.370554621e+00
 2.720156556e-01  3.489344618e-01  1.372159486e+00
 2.739726027e-01  3.503598346e-01  1.373704903e+00
 2.759295499e-01  3.517836355e-01  1.375191256e+00
 2.778864971e-01  3.532059286e-01  1.376618984e+00
 2.798434442e-01  3.546267774e-01  1.377988552e+00
 2.818003914e-01  3.560462445e-01  1.379300428e+00
 2.837573386e-01  3.574643916e-01  1.380555197e+00
 2.857142857e-01  3.588812794e-01  1.381753304e+00
 2.876712329e-01  3.602969679e-01  1.382895134e+00
 2.896281800e-01  3.617115166e-01  1.383981264e+00
 2.915851272e-01  3.631249838e-01  1.385012364e+00
 2.935420744e-01  3.645374268e-01  1.385988994e+00
 2.954990215e-01  3.659489026e-01  1.386911440e+00
 2.974559687e-01  3.673594672e-01  1.387780178e+00
 2.994129159e-01  3.687691760e-01  1.388595912e+00
 3.013698630e-01  3.701780836e-01  1.389359313e+00
 3.033268102e-01  3.715862435e-01  1.390070860e+00
 3.052837573e-01  3.729937089e-01  1.390730917e+00
 3.072407045e-01  3.744005323e-01  1.391339995e+00
 3.091976517e-01  3.758067655e-01  1.391898603e+00
 3.111545988e-01  3.772124596e-01  1.392407379e+00
 3.131115460e-01  3.786176651e-01  1.392866894e+00
 3.150684932e-01  3.800224318e-01  1.393277674e+00
 3.170254403e-01  3.814268087e-01  1.393640195e+00
 3.189823875e-01  3.828308445e-01  1.393954601e+00
 3.209393346e-01  3.842345876e-01  1.394221578e+00
 3.228962818e-01  3.856380855e-01  1.394441968e+00
 3.248532290e-01  3.870413848e-01  1.394616244e+00
 3.268101761e-01  3.884445319e-01  1.394744818e+00
 3.287671233e-01  3.898475724e-01  1.394827960e+00
 3.307240705e-01  3.912505519e-01  1.394866102e+00
 3.326810176e-01  3.926535154e-01  1.394860047e+00
 3.346379648e-01  3.940565070e-01  1.394810369e+00
 3.365949119e-01  3.954595703e-01  1.394717463e+00
 3.385518591e-01  3.968627486e-01  1.394581939e+00
 3.405088063e-01  3.982660845e-01  1.394404046e+00
 3.424657534e-01  3.996696207e-01  1.394184025e+00
 3.444227006e-01  4.010733993e-01  1.393922813e+00
 3.463796477e-01  4.024774615e-01  1.393621069e+00
 3.483365949e-01  4.038818479e-01  1.393279221e+00
 3.502935421e-01  4.052865990e-01  1.392897713e+00
 3.522504892e-01  4.066917548e-01  1.392476417e+00
 3.542074364e-01  4.080973557e-01  1.392016236e+00
 3.561643836e-01  4.095034405e-01  1.391518039e+00
 3.581213307e-01  4.109100479e-01  1.390982230e+00
 3.600782779e-01  4.123172162e-01  1.390409195e+00
 3.620352250e-01  4.137249831e-01  1.389799302e+00
 3.639921722e-01  4.151333866e-01  1.389152683e+00
 3.659491194e-01  4.165424640e-01  1.388470324e+00
 3.679060665e-01  4.179522520e-01  1.387752814e+00
 3.698630137e-01  4.193627868e-01  1.387000631e+00
 3.718199609e-01  4.207741042e-01  1.386214318e+00
 3.737769080e-01  4.221862396e-01  1.385393912e+00
 3.757338552e-01  4.235992288e-01  1.384539702e+00
 3.776908023e-01  4.250131069e-01  1.383652841e+00
 3.796477495e-01  4.264279080e-01  1.382733897e+00
 3.816046967e-01  4.278436659e-01  1.381783245e+00
 3.835616438e-01  4.292604143e-01  1.380801184e+00
 3.855185910e-01  4.306781867e-01  1.379787716e+00
 3.874755382e-01  4.320970167e-01  1.378743817e+00
 3.894324853e-01  4.335169367e-01  1.377670326e+00
 3.913894325e-01  4.349379786e-01  1.376567538e+00
 3.933463796e-01  4.363601744e-01  1.375435934e+00
 3.953033268e-01  4.377835555e-01  1.374275729e+00
 3.972602740e-01  4.392081534e-01  1.373087272e+00
 3.992172211e-01  4.406339993e-01  1.371871359e+00
 4.011741683e-01  4.420611235e-01  1.370628674e+00
 4.031311155e-01  4.434895560e-01  1.369359740e+00
 4.050880626e-01  4.449193263e-01  1.368064790e+00
 4.070450098e-01  4.463504641e-01  1.366744101e+00
 4.090019569e-01  4.477829987e-01  1.365398144e+00
 4.109589041e-01  4.492169591e-01  1.364027857e+00
 4.129158513e-01  4.506523734e-01  1.362633796e+00
 4.148727984e-01  4.520892693e-01  1.361216297e+00
 4.168297456e-01  4.535276746e-01  1.359775340e+00
 4.187866928e-01  4.549676171e-01  1.358311753e+00
 4.207436399e-01  4.564091238e-01  1.356826064e+00
 4.227005871e-01  4.578522212e-01  1.355318974e+00
 4.246575342e-01  4.592969355e-01  1.353790887e+00
 4.266144814e-01  4.607432925e-01  1.352241917e+00
 4.285714286e-01  4.621913182e-01  1.350672860e+00
 4.305283757e-01  4.636410375e-01  1.349084069e+00
 4.324853229e-01  4.650924756e-01  1.347475987e+00
 4.344422701e-01  4.665456570e-01  1.345849427e+00
 4.363992172e-01  4.680006056e-01  1.344204584e+00
 4.383561644e-01  4.694573453e-01  1.342541895e+00
 4.403131115e-01  4.709158997e-01  1.340862096e+00
 4.422700587e-01  4.723762917e-01  1.339165252e+00
 4.442270059e-01  4.738385443e-01  1.337452228e+00
 4.461839530e-01  4.753026797e-01  1.335723505e+00
 4.481409002e-01  4.767687196e-01  1.333979157e+00
 4.500978474e-01  4.782366862e-01  1.332220038e+00
 4.520547945e-01  4.797066003e-01  1.330446756e+00
 4.540117417e-01  4.811784826e-01  1.328659300e+00
 4.559686888e-01  4.826523540e-01  1.326858513e+00
 4.579256360e-01  4.841282344e-01  1.325044417e+00
 4.598825832e-01  4.856061438e-01  1.323217934e+00
 4.618395303e-01  4.870861013e-01  1.321379735e+00
 4.637964775e-01  4.885681254e-01  1.319529967e+00
 4.657534247e-01  4.900522350e-01  1.317668889e+00
 4.677103718e-01  4.915384484e-01  1.315796929e+00
 4.696673190e-01  4.930267835e-01  1.313914890e+00
 4.716242661e-01  4.945172575e-01  1.312023438e+00
 4.735812133e-01  4.960098869e-01  1.310122915e+00
 4.755381605e-01  4.975046882e-01  1.308213419e+00
 4.774951076e-01  4.990016779e-01  1.306295293e+00
 4.794520548e-01  5.005008720e-01  1.304369334e+00
 4.814090020e-01  5.020022856e-01  1.302436231e+00
 4.833659491e-01  5.035059332e-01  1.300496303e+00
 4.853228963e-01  5.050118292e-01  1.298550102e+00
 4.872798434e-01  5.065199875e-01  1.296597370e+00
 4.892367906e-01  5.080304223e-01  1.294638933e+00
 4.911937378e-01  5.095431467e-01  1.292675594e+00
 4.931506849e-01  5.110581731e-01  1.290707750e+00
 4.951076321e-01  5.125755135e-01  1.288735961e+00
 4.970645793e-01  5.140951795e-01  1.286760143e+00
 4.990215264e-01  5.156171830e-01  1.284780560e+00
 5.009784736e-01  5.171415352e-01  1.282798250e+00
 5.029354207e-01  5.186682462e-01  1.280813775e+00
 5.048923679e-01  5.201973255e-01  1.278827477e+00
 5.068493151e-01  5.217287827e-01  1.276839657e+00
 5.088062622e-01  5.232626268e-01  1.274850126e+00
 5.107632094e-01  5.247988672e-01  1.272859883e+00
 5.127201566e-01  5.263375115e-01  1.270869726e+00
 5.146771037e-01  5.278785670e-01  1.268879997e+00
 5.166340509e-01  5.294220406e-01  1.266890700e+00
 5.185909980e-01  5.309679393e-01  1.264902256e+00
 5.205479452e-01  5.325162692e-01  1.262915156e+00
 5.225048924e-01  5.340670361e-01  1.260930064e+00
 5.244618395e-01  5.356202448e-01  1.258947506e+00
 5.264187867e-01  5.371758998e-01  1.256967512e+00
 5.283757339e-01  5.387340054e-01  1.254990370e+00
 5.303326810e-01  5.402945656e-01  1.253016770e+00
 5.322896282e-01  5.418575834e-01  1.251046788e+00
 5.342465753e-01  5.434230619e-01  1.249081046e+00
 5.362035225e-01  5.449910032e-01  1.247119661e+00
 5.381604697e-01  5.465614095e-01  1.245162904e+00
 5.401174168e-01  5.481342825e-01  1.243211300e+00
 5.420743640e-01  5.497096232e-01  1.241264966e+00
 5.440313112e-01  5.512874325e-01  1.239324139e+00
 5.459882583e-01  5.528677110e-01  1.237389053e+00
 5.479452055e-01  5.544504588e-01  1.235460045e+00
 5.499021526e-01  5.560356758e-01  1.233537504e+00
 5.518590998e-01  5.576233612e-01  1.231621566e+00
 5.538160470e-01  5.592135139e-01  1.229712258e+00
 5.557729941e-01  5.608061332e-01  1.227809698e+00
 5.577299413e-01  5.624012177e-01  1.225914323e+00
 5.596868885e-01  5.639987653e-01  1.224026418e+00
 5.616438356e-01  5.655987740e-01  1.222146082e+00
 5.636007828e-01  5.672012412e-01  1.220273439e+00
 5.655577299e-01  5.688061644e-01  1.218408298e+00
 5.675146771e-01  5.704135412e-01  1.216551072e+00
 5.694716243e-01  5.720233684e-01  1.214702056e+00
 5.714285714e-01  5.736356424e-01  1.212861310e+00
 5.733855186e-01  5.752503596e-01  1.211028876e+00
 5.753424658e-01  5.768675164e-01  1.209204783e+00
 5.772994129e-01  5.784871089e-01  1.207389072e+00
 5.792563601e-01  5.801091331e-01  1.205581983e+00
 5.812133072e-01  5.817335846e-01  1.203783620e+00
 5.831702544e-01  5.833604587e-01  1.201993991e+00
 5.851272016e-01  5.849897510e-01  1.200213113e+00
 5.870841487e-01  5.866214566e-01  1.198441092e+00
 5.890410959e-01  5.882555705e-01  1.196677931e+00
 5.909980431e-01  5.898920878e-01  1.194923700e+00
 5.929549902e-01  5.915310033e-01  1.193178416e+00
 5.949119374e-01  5.931723116e-01  1.191442077e+00
 5.968688845e-01  5.948160075e-01  1.189714686e+00
 5.988258317e-01  5.964620854e-01  1.187996215e+00
 6.007827789e-01  5.981105400e-01  1.186286621e+00
 6.027397260e-01  5.997613658e-01  1.184585831e+00
 6.046966732e-01  6.014145575e-01  1.182893708e+00
 6.066536204e-01  6.030701097e-01  1.181210134e+00
 6.086105675e-01  6.047280174e-01  1.179534955e+00
 6.105675147e-01  6.063882754e-01  1.177868122e+00
 6.125244618e-01  6.080508786e-01  1.176209611e+00
 6.144814090e-01  6.097158222e-01  1.174559089e+00
 6.164383562e-01  6.113831015e-01  1.172916354e+00
 6.183953033e-01  6.130527120e-01  1.171281266e+00
 6.203522505e-01  6.147246496e-01  1.169653688e+00
 6.223091977e-01  6.163989099e-01  1.168033608e+00
 6.242661448e-01  6.180754889e-01  1.166420787e+00
 6.262230920e-01  6.197543826e-01  1.164814856e+00
 6.281800391e-01  6.214355877e-01  1.163215613e+00
 6.301369863e-01  6.231191011e-01  1.161622967e+00
 6.320939335e-01  6.248049195e-01  1.160036817e+00
 6.340508806e-01  6.264930400e-01  1.158456797e+00
 6.360078278e-01  6.281834602e-01  1.156882837e+00
 6.379647750e-01  6.298761775e-01  1.155314549e+00
 6.399217221e-01  6.315711901e-01  1.153751751e+00
 6.418786693e-01  6.332684963e-01  1.152194367e+00
 6.438356164e-01  6.349680944e-01  1.150641959e+00
 6.457925636e-01  6.366699836e-01  1.149094328e+00
 6.477495108e-01  6.383741630e-01  1.147551370e+00
 6.497064579e-01  6.400806320e-01  1.146012900e+00
 6.516634051e-01  6.417893902e-01  1.144478495e+00
 6.536203523e-01  6.435004381e-01  1.142947927e+00
 6.555772994e-01  6.452137761e-01  1.141420894e+00
 6.575342466e-01  6.469294052e-01  1.139897191e+00
 6.594911937e-01  6.486473268e-01  1.138376818e+00
 6.614481409e-01  6.503675420e-01  1.136859324e+00
 6.634050881e-01  6.520900529e-01  1.135344361e+00
 6.653620352e-01  6.538148620e-01  1.133831708e+00
 6.673189824e-01  6.555419721e-01  1.132321156e+00
 6.692759295e-01  6.572713864e-01  1.130812410e+00
 6.712328767e-01  6.590031084e-01  1.129305151e+00
 6.731898239e-01  6.607371422e-01  1.127799327e+00
 6.751467710e-01  6.624734919e-01  1.126294511e+00
 6.771037182e-01  6.642121625e-01  1.124790489e+00
 6.790606654e-01  6.659531590e-01  1.123286929e+00
 6.810176125e-01  6.676964874e-01  1.121783449e+00
 6.829745597e-01  6.694421540e-01  1.120279786e+00
 6.849315068e-01  6.711901654e-01  1.118775898e+00
 6.868884540e-01  6.729405285e-01  1.117271675e+00
 6.888454012e-01  6.746932502e-01  1.115766506e+00
 6.908023483e-01  6.764483390e-01  1.114259998e+00
 6.927592955e-01  6.782058036e-01  1.112751908e+00
 6.947162427e-01  6.799656529e-01  1.111242114e+00
 6.966731898e-01  6.817278965e-01  1.109730334e+00
 6.986301370e-01  6.834925440e-01  1.108216529e+00
 7.005870841e-01  6.852596056e-01  1.106700169e+00
 7.025440313e-01  6.870290923e-01  1.105180801e+00
 7.045009785e-01  6.888010159e-01  1.103658284e+00
 7.064579256e-01  6.905753883e-01  1.102132350e+00
 7.084148728e-01  6.923522221e-01  1.100602598e+00
 7.103718200e-01  6.941315304e-01  1.099068874e+00
 7.123287671e-01  6.959133268e-01  1.097531156e+00
 7.142857143e-01  6.976976248e-01  1.095989002e+00
 7.162426614e-01  6.994844392e-01  1.094441912e+00
 7.181996086e-01  7.012737855e-01  1.092889556e+00
 7.201565558e-01  7.030656797e-01  1.091331691e+00
 7.221135029e-01  7.048601383e-01  1.089768121e+00
 7.240704501e-01  7.066571782e-01  1.088198683e+00
 7.260273973e-01  7.084568167e-01  1.086623247e+00
 7.279843444e-01  7.102590716e-01  1.085041263e+00
 7.299412916e-01  7.120639619e-01  1.083452229e+00
 7.318982387e-01  7.138715073e-01  1.081856057e+00
 7.338551859e-01  7.156817276e-01  1.080252473e+00
 7.358121331e-01  7.174946436e-01  1.078641066e+00
 7.377690802e-01  7.193102768e-01  1.077021658e+00
 7.397260274e-01  7.211286488e-01  1.075394118e+00
 7.416829746e-01  7.229497820e-01  1.073758161e+00
 7.436399217e-01  7.247736995e-01  1.072113272e+00
 7.455968689e-01  7.266004254e-01  1.070458985e+00
 7.475538160e-01  7.284299848e-01  1.068794967e+00
 7.495107632e-01  7.302624034e-01  1.067121026e+00
 7.514677104e-01  7.320977073e-01  1.065436990e+00
 7.534246575e-01  7.339359235e-01  1.063742326e+00
 7.553816047e-01  7.357770802e-01  1.062036499e+00
 7.573385519e-01  7.376212066e-01  1.060318894e+00
 7.592954990e-01  7.394683333e-01  1.058589057e+00
 7.612524462e-01  7.413184918e-01  1.056846665e+00
 7.632093933e-01  7.431717147e-01  1.055090931e+00
 7.651663405e-01  7.450280363e-01  1.053321297e+00
 7.671232877e-01  7.468874918e-01  1.051537175e+00
 7.690802348e-01  7.487501180e-01  1.049738371e+00
 7.710371820e-01  7.506159520e-01  1.047924546e+00
 7.729941292e-01  7.524850326e-01  1.046094476e+00
 7.749510763e-01  7.543574012e-01  1.044247098e+00
 7.769080235e-01  7.562331012e-01  1.042381695e+00
 7.788649706e-01  7.581121774e-01  1.040498214e+00
 7.808219178e-01  7.599946752e-01  1.038595666e+00
 7.827788650e-01  7.618806428e-01  1.036672754e+00
 7.847358121e-01  7.637701313e-01  1.034728523e+00
 7.866927593e-01  7.656631936e-01  1.032762038e+00
 7.886497065e-01  7.675598848e-01  1.030772998e+00
 7.906066536e-01  7.694602613e-01  1.028759876e+00
 7.925636008e-01  7.713643835e-01  1.026721500e+00
 7.945205479e-01  7.732723137e-01  1.024657227e+00
 7.964774951e-01  7.751841164e-01  1.022566124e+00
 7.984344423e-01  7.770998581e-01  1.020447364e+00
 8.003913894e-01  7.790196065e-01  1.018302834e+00
 8.023483366e-01  7.809434254e-01  1.016134093e+00
 8.043052838e-01  7.828713777e-01  1.013940886e+00
 8.062622309e-01  7.848035281e-01  1.011721901e+00
 8.082191781e-01  7.867399411e-01  1.009484100e+00
 8.101761252e-01  7.886806646e-01  1.007234030e+00
 8.121330724e-01  7.906257384e-01  1.004973816e+00
 8.140900196e-01  7.925752012e-01  1.002703315e+00
 8.160469667e-01  7.945290922e-01  1.000423718e+00
 8.180039139e-01  7.964874460e-01  9.981392579e-01
 8.199608611e-01  7.984502869e-01  9.958574463e-01
 8.219178082e-01  8.004176271e-01  9.935770635e-01
 8.238747554e-01  8.023894842e-01  9.913005141e-01
 8.258317025e-01  8.043658634e-01  9.890368210e-01
 8.277886497e-01  8.063467472e-01  9.868012711e-01
 8.297455969e-01  8.083320877e-01  9.846028241e-01
 8.317025440e-01  8.103218260e-01  9.824445680e-01
 8.336594912e-01  8.123158987e-01  9.803248961e-01
 8.356164384e-01  8.143142410e-01  9.782528411e-01
 8.375733855e-01  8.163167583e-01  9.762471496e-01
 8.395303327e-01  8.183233201e-01  9.743136265e-01
 8.414872798e-01  8.203337955e-01  9.724507326e-01
 8.434442270e-01  8.223480593e-01  9.706382133e-01
 8.454011742e-01  8.243660064e-01  9.689174751e-01
 8.473581213e-01  8.263873983e-01  9.673513463e-01
 8.493150685e-01  8.284118973e-01  9.659343713e-01
 8.512720157e-01  8.304392025e-01  9.646765450e-01
 8.532289628e-01  8.324689467e-01  9.636282109e-01
 8.551859100e-01  8.345006486e-01  9.628230504e-01
 8.571428571e-01  8.365337758e-01  9.622825024e-01
 8.590998043e-01  8.385677559e-01  9.620184172e-01
 8.610567515e-01  8.406020014e-01  9.620353127e-01
 8.630136986e-01  8.426359314e-01  9.623100304e-01
 8.649706458e-01  8.446690294e-01  9.628164757e-01
 8.669275930e-01  8.467008213e-01  9.635557105e-01
 8.688845401e-01  8.487308368e-01  9.644968365e-01
 8.708414873e-01  8.507587147e-01  9.655746993e-01
 8.727984344e-01  8.527842420e-01  9.667286646e-01
 8.747553816e-01  8.548073293e-01  9.678849712e-01
 8.767123288e-01  8.568280305e-01  9.690057499e-01
 8.786692759e-01  8.588464311e-01  9.701029068e-01
 8.806262231e-01  8.608625884e-01  9.711608414e-01
 8.825831703e-01  8.628766316e-01  9.721265592e-01
 8.845401174e-01  8.648888026e-01  9.729625086e-01
 8.864970646e-01  8.668993945e-01  9.736518660e-01
 8.884540117e-01  8.689087243e-01  9.741795729e-01
 8.904109589e-01  8.709171295e-01  9.745502449e-01
 8.923679061e-01  8.729249207e-01  9.747876442e-01
 8.943248532e-01  8.749323774e-01  9.748668607e-01
 8.962818004e-01  8.769398677e-01  9.747432669e-01
 8.982387476e-01  8.789478365e-01  9.743997764e-01
 9.001956947e-01  8.809567383e-01  9.738396914e-01
 9.021526419e-01  8.829670162e-01  9.730666077e-01
 9.041095890e-01  8.849791102e-01  9.720817271e-01
 9.060665362e-01  8.869934584e-01  9.708920423e-01
 9.080234834e-01  8.890104852e-01  9.695022913e-01
 9.099804305e-01  8.910306126e-01  9.679118797e-01
 9.119373777e-01  8.930542641e-01  9.661342806e-01
 9.138943249e-01  8.950818380e-01  9.641686355e-01
 9.158512720e-01  8.971137529e-01  9.620086808e-01
 9.178082192e-01  8.991504412e-01  9.596540131e-01
 9.197651663e-01  9.011923359e-01  9.571094771e-01
 9.217221135e-01  9.032398618e-01  9.543791961e-01
 9.236790607e-01  9.052934280e-01  9.515045339e-01
 9.256360078e-01  9.073533618e-01  9.484840835e-01
 9.275929550e-01  9.094200461e-01  9.452901095e-01
 9.295499022e-01  9.114939215e-01  9.419179356e-01
 9.315068493e-01  9.135754261e-01  9.383781291e-01
 9.334637965e-01  9.156649896e-01  9.346605830e-01
 9.354207436e-01  9.177630833e-01  9.307529430e-01
 9.373776908e-01  9.198701772e-01  9.267186372e-01
 9.393346380e-01  9.219865876e-01  9.225861972e-01
 9.412915851e-01  9.241126632e-01  9.182854838e-01
 9.432485323e-01  9.262489508e-01  9.137683640e-01
 9.452054795e-01  9.283960243e-01  9.090913757e-01
 9.471624266e-01  9.305542368e-01  9.044612734e-01
 9.491193738e-01  9.327235998e-01  8.996723806e-01
 9.510763209e-01  9.349048947e-01  8.945767965e-01
 9.530332681e-01  9.370990533e-01  8.889159790e-01
 9.549902153e-01  9.393070566e-01  8.832785932e-01
 9.569471624e-01  9.415263214e-01  8.821235568e-01
 9.589041096e-01  9.437451830e-01  8.817712200e-01
 9.608610568e-01  9.459673287e-01  8.791349022e-01
 9.628180039e-01  9.481998574e-01  8.734529811e-01
 9.647749511e-01  9.504510901e-01  8.645144124e-01
 9.667318982e-01  9.527298947e-01  8.528025873e-01
 9.686888454e-01  9.550451100e-01  8.366906046e-01
 9.706457926e-01  9.574116822e-01  8.159984834e-01
 9.726027397e-01  9.598427916e-01  7.939060245e-01
 9.745596869e-01  9.623422918e-01  7.721010380e-01
 9.765166341e-01  9.649121202e-01  7.511615094e-01
 9.784735812e-01  9.675524547e-01  7.315027046e-01
 9.804305284e-01  9.702618693e-01  7.134097763e-01
 9.823874755e-01  9.730374885e-01  6.970682308e-01
 9.843444227e-01  9.758751410e-01  6.825902804e-01
 9.863013699e-01  9.787695119e-01  6.700364635e-01
 9.882583170e-01  9.817142929e-01  6.594327219e-01
 9.902152642e-01  9.847023307e-01  6.507835005e-01
 9.921722114e-01  9.877257730e-01  6.440815656e-01
 9.941291585e-01  9.907762114e-01  6.393152038e-01
 9.960861057e-01  9.938448216e-01  6.364733856e-01
 9.980430528e-01  9.969225005e-01  6.358701683e-01
 1.000000000e+00  1.000000000e+00  6.359072323e-01
4  3.925485615e-01  6.852456936e-01  1.012116326e+00  7.494120058e-01  9.573093423e-01  5.793764350e+01  4.545013861e-01  9.938209773e-01  3.325346216e-01  2.681313107e+00
5  5.140090749e-01  9.604549154e-01  1.008233499e+00  6.153285635e-01  9.299046488e-01  3.462309586e+01  4.018590285e-01  1.046040945e+00  4.969537784e-01  2.797986452e+00
6  6.129781424e-01  1.106067837e+00  1.005479264e+00  5.251795495e-01  9.080890158e-01  2.529122491e+01  3.709982217e-01  1.121911943e+00  6.183079585e-01  2.773004400e+00
7  7.003266897e-01  1.211721955e+00  1.003299657e+00  4.604887146e-01  8.935324835e-01  2.022780372e+01  3.497614988e-01  1.204812935e+00  7.171641482e-01  2.709673745e+00
8  7.775620112e-01  1.361598608e+00  1.001586062e+00  4.116878343e-01  8.924425853e-01  1.744022526e+01  3.348610502e-01  1.299853566e+00  7.989059264e-01  2.627949538e+00
9  8.419442659e-01  1.661752036e+00  1.000416613e+00  3.730969786e-01  9.161394434e-01  1.648766213e+01  3.254133805e-01  1.428560912e+00  8.623481472e-01  2.526419305e+00
10  8.889232683e-01  2.300840580e+00  9.997444623e-01  3.413705295e-01  9.805092238e-01  1.744092485e+01  3.204988607e-01  1.615104159e+00  9.079389235e-01  2.399037207e+00
11  9.213386671e-01  3.013329028e+00  9.993787696e-01  3.145489136e-01  1.103786163e+00  2.078362031e+01  3.188639234e-01  1.920121486e+00  9.387364690e-01  2.259646141e+00
12  9.544121616e-01  9.786109748e-01  9.994053280e-01  2.929152660e-01  1.267306612e+00  2.559074323e+01  3.200362326e-01  2.233963167e+00  9.681575656e-01  2.145754742e+00
13  9.826036416e-01  6.109704382e+00  9.998882435e-01  2.744858254e-01  1.494593470e+00  3.341063828e+01  3.245664166e-01  3.003183919e+00  9.888435259e-01  2.040187963e+00
14  9.912433509e-01  1.179904055e+01  9.999379470e-01  2.566353303e-01  1.703192689e+00  4.141413676e+01  3.281480034e-01  4.808624039e+00  9.944276758e-01  1.911212615e+00
0 0 -1.250116534e-01  1.121380974e-17
0 1  1.370990080e-02 -4.961398463e-03
0 2 -1.403643908e-02  5.777523556e-03
0 3  4.446715125e-03 -6.631393824e-03
0 4 -9.591662570e-04  6.150802566e-03
0 5 -3.537347799e-03 -3.508701824e-03
0 6  3.616698042e-03 -1.322682003e-03
0 7  8.844751198e-04  3.251818390e-03
0 8 -2.559262601e-03  1.565387383e-03
0 9 -2.615766199e-03 -5.490713999e-04
0 10 -1.823933288e-03 -1.638227963e-03
1 0 -1.096689822e-01 -3.968748774e-02
1 1 -9.655779909e-02 -2.438556566e-17
1 2  9.659699886e-03 -6.919079292e-03
1 3 -1.299806991e-02  8.320970438e-03
1 4  6.126103058e-04 -8.654066324e-03
1 5  3.074544006e-03  5.535825929e-03
1 6 -5.837022482e-03  9.749907547e-04
1 7 -9.127019309e-04 -4.638652013e-03
1 8  3.496594061e-03 -1.595708408e-03
1 9  3.171197373e-03  1.252694625e-03
1 10  1.910642987e-03  2.533494280e-03
2 0  1.122810450e-01  4.621587986e-02
2 1 -1.000405972e-01 -7.165738404e-02
2 2 -7.752586463e-02 -1.302861238e-17
2 3  5.503246687e-03 -8.496207693e-03
2 4 -9.136832255e-03  9.649492256e-03
2 5 -4.764066135e-03 -7.688345280e-03
2 6  5.353707853e-03  4.104816673e-04
2 7 -1.364941926e-03  5.406204557e-03
2 8 -5.077372236e-03  7.125646078e-04
2 9 -3.661836973e-03 -2.341508505e-03
2 10 -1.836521003e-03 -3.393174637e-03
3 0 -3.557040486e-02 -5.304620523e-02
3 1  1.346143971e-01  8.617605741e-02
3 2 -7.098594402e-02 -1.095919115e-01
3 3 -6.421562233e-02 -3.354758734e-17
3 4  1.804093643e-03 -9.991077784e-03
3 5 -4.559446395e-03  9.616592911e-03
3 6 -9.233378711e-03 -3.380021898e-03
3 7  1.407498662e-03 -5.524702760e-03
3 8  4.029064560e-03  1.175418013e-03
3 9  1.652532133e-03  3.786394617e-03
3 10 -5.162177144e-04  4.106585865e-03
4 0  7.672614757e-03  4.920183357e-02
4 1 -6.344493263e-03 -8.962576203e-02
4 2  1.178552771e-01  1.244680379e-01
4 3 -2.809431066e-02 -1.555864044e-01
4 4 -5.438667102e-02  2.080166834e-17
4 5 -2.035993405e-03 -1.136368731e-02
4 6 -9.469108684e-05  7.339696679e-03
4 7 -9.452446238e-03  3.330139773e-03
4 8 -6.187200764e-03 -4.306978872e-03
4 9 -1.465785244e-03 -5.037477025e-03
4 10  1.050948756e-03 -3.964676146e-03
5 0  2.829614442e-02 -2.806699798e-02
5 1 -3.184148805e-02  5.733173272e-02
5 2  6.145131250e-02 -9.917135806e-02
5 3  7.100213669e-02  1.497547257e-01
5 4  3.743552174e-02 -2.089425054e-01
5 5 -4.647000753e-02 -2.079654494e-17
5 6 -6.333638185e-03 -1.207652043e-02
5 7  2.555688859e-03  1.823637612e-03
5 8 -3.673822862e-03  6.271245955e-03
5 9 -6.412063695e-03  3.602891804e-03
5 10 -6.947336380e-03  1.001339712e-03
6 0 -2.893088719e-02 -1.058046963e-02
6 1  6.045107218e-02  1.009748321e-02
6 2 -6.905705442e-02  5.294770580e-03
6 3  1.437871094e-01 -5.263550793e-02
6 4  1.741071573e-03  1.349539610e-01
6 5  1.362951831e-01 -2.598777378e-01
6 6 -3.952123378e-02 -4.381741494e-17
6 7 -1.063922658e-02 -1.124345841e-02
6 8  1.112784425e-03 -4.047231390e-03
6 9  1.728837022e-03  1.260613274e-03
6 10  2.558652644e-04  3.399514410e-03
7 0 -7.075141361e-03  2.601212207e-02
7 1  9.452389548e-03 -4.804015891e-02
7 2  1.760627801e-02  6.973420526e-02
7 3 -2.191832160e-02 -8.603362483e-02
7 4  1.738007872e-01  6.123080731e-02
7 5 -5.499652346e-02  3.924332509e-02
7 6  2.692027945e-01 -2.844915842e-01
7 7 -3.314122908e-02  1.273194942e-17
7 8 -1.122000740e-02 -8.007166367e-03
7 9 -3.507927674e-03 -6.535421563e-03
7 10 -5.585207411e-04 -4.598486548e-03
8 0  2.047219224e-02  1.252193167e-02
8 1 -3.621244575e-02 -1.652594014e-02
8 2  6.549262313e-02  9.191314552e-03
8 3 -6.274274723e-02  1.830423766e-02
8 4  1.137631822e-01 -7.919180916e-02
8 5  7.905793558e-02  1.349525487e-01
8 6 -2.815662161e-02 -1.024065041e-01
8 7  3.385513366e-01 -2.416074053e-01
8 8 -2.953746306e-02 -1.565552910e-16
8 9 -1.308048628e-02 -4.660405018e-03
8 10 -8.840289487e-03 -6.313720769e-03
9 0  2.092417888e-02 -4.392161729e-03
9 1 -3.284247780e-02  1.297352091e-02
9 2  4.723374567e-02 -3.020293312e-02
9 3 -2.573411380e-02  5.896376114e-02
9 4  2.695118522e-02 -9.262337501e-02
9 5  1.379828417e-01  7.753155198e-02
9 6 -4.374451040e-02  3.189711336e-02
9 7  1.058478448e-01 -1.971991306e-01
9 8  4.428439318e-01 -1.577794616e-01
9 9 -2.487468382e-02  1.460685436e-17
9 10 -1.397682055e-02 -3.136018252e-03
10 0  1.459010611e-02 -1.310460200e-02
10 1 -1.978755735e-02  2.623811131e-02
10 2  2.368913926e-02 -4.376829144e-02
10 3  8.038818213e-03  6.394995043e-02
10 4 -1.932364560e-02 -7.289793752e-02
10 5  1.495015118e-01  2.154808585e-02
10 6 -6.474121374e-03  8.601741607e-02
10 7  1.685274676e-02 -1.387542549e-01
10 8  2.992907505e-01 -2.137529806e-01
10 9  5.618893750e-01 -1.260726880e-01
10 10 -1.783742485e-02 -4.735898539e-17
0 0 -8.323632139e+00  2.286001699e-15
0 1 -8.700457888e-01  4.321878870e-01
0 2  1.202683058e+00 -4.097447170e-01
0 3 -2.316849818e-01  3.283839487e-01
0 4  6.393437779e-02 -2.592364056e-01
0 5  1.202746136e-01  1.360998488e-01
0 6 -1.258261173e-01  3.842229741e-02
0 7 -2.532003159e-02 -1.004105252e-01
0 8  6.469461584e-02 -4.323890531e-02
0 9  7.023405438e-02  9.789805034e-03
0 10  2.381933900e-02  8.699568350e-02
1 0 -8.700457888e-01 -4.321878870e-01
1 1 -1.098595218e+01  1.112946194e-14
1 2 -8.403873515e-01  9.809411754e-01
1 3  1.855806067e+00 -9.838839013e-01
1 4 -6.923190190e-02  6.948328194e-01
1 5 -1.591413042e-01 -3.946230512e-01
1 6  3.464804656e-01 -3.405106741e-02
1 7  3.164599792e-02  2.434025423e-01
1 8 -1.524723256e-01  7.046452324e-02
1 9 -1.371190486e-01 -4.318314867e-02
1 10 -1.081344373e-02 -1.844826653e-01
2 0  1.202683058e+00  4.097447170e-01
2 1 -8.403873515e-01 -9.809411754e-01
2 2 -1.384428907e+01 -3.868431377e-15
2 3 -4.882431753e-01  1.808045022e+00
2 4  2.077670291e+00 -1.761595559e+00
2 5  5.295367592e-01  9.512519215e-01
2 6 -5.289480869e-01 -1.152779615e-01
2 7  1.510658581e-01 -4.602170207e-01
2 8  3.430083684e-01 -3.508608875e-02
2 9  2.138577415e-01  1.422011040e-01
2 10 -4.322284976e-02  3.086331737e-01
3 0 -2.316849818e-01 -3.283839487e-01
3 1  1.855806067e+00  9.838839013e-01
3 2 -4.882431753e-01 -1.808045022e+00
3 3 -1.697977563e+01  1.347099427e-14
3 4  2.998275222e-01  3.018240754e+00
3 5  1.801452304e+00 -2.652315684e+00
3 6  1.606408220e+00  6.865956324e-01
3 7 -3.187980518e-01  6.909195105e-01
3 8 -4.393315953e-01 -2.005029373e-01
3 9 -1.550787802e-01 -3.520703917e-01
3 10  3.545472900e-01 -4.468851407e-01
4 0  6.393437779e-02  2.592364056e-01
4 1 -6.923190190e-02 -6.948328194e-01
4 2  2.077670291e+00  1.761595559e+00
4 3  2.998275222e-01 -3.018240754e+00
4 4 -2.062008315e+01 -1.375374235e-14
4 5  1.839732733e+00  4.714595880e+00
4 6  7.912150302e-01 -3.284968294e+00
4 7  2.496877137e+00 -6.832980041e-01
4 8  9.360428106e-01  8.061706066e-01
4 9  6.544100257e-02  6.416330351e-01
4 10 -6.552996915e-01  2.001852831e-01
5 0  1.202746136e-01 -1.360998488e-01
5 1 -1.591413042e-01  3.946230512e-01
5 2  5.295367592e-01 -9.512519215e-01
5 3  1.801452304e+00  2.652315684e+00
5 4  1.839732733e+00 -4.714595880e+00
5 5 -2.504702046e+01  3.439881233e-14
5 6  4.764421426e+00  7.021810411e+00
5 7 -6.450898531e-01 -2.761931439e+00
5 8  1.602873347e+00 -2.194976565e+00
5 9  1.386752607e+00 -7.004013343e-01
5 10  1.675360543e+00  4.333796604e-01
6 0 -1.258261173e-01 -3.842229741e-02
6 1  3.464804656e-01  3.405106741e-02
6 2 -5.289480869e-01  1.152779615e-01
6 3  1.606408220e+00 -6.865956324e-01
6 4  7.912150302e-01  3.284968294e+00
6 5  4.764421426e+00 -7.021810411e+00
6 6 -3.059080971e+01  4.407401100e-15
6 7  9.257053666e+00  8.714879184e+00
6 8 -1.023362400e+00 -2.732360278e-01
6 9 -4.508099017e-01 -1.402851814e+00
6 10  1.261069332e+00 -3.016657406e+00
7 0 -2.532003159e-02  1.004105252e-01
7 1  3.164599792e-02 -2.434025423e-01
7 2  1.510658581e-01  4.602170207e-01
7 3 -3.187980518e-01 -6.909195105e-01
7 4  2.496877137e+00  6.832980041e-01
7 5 -6.450898531e-01  2.761931439e+00
7 6  9.257053666e+00 -8.714879184e+00
7 7 -3.615844117e+01  2.240424470e-13
7 8  1.153280380e+01  7.492422239e+00
7 9  7.257523678e-01  2.117425043e+00
7 10 -1.392753092e+00 -1.448803597e+00
8 0  6.469461584e-02  4.323890531e-02
8 1 -1.524723256e-01 -7.046452324e-02
8 2  3.430083684e-01  3.508608875e-02
8 3 -4.393315953e-01  2.005029373e-01
8 4  9.360428106e-01 -8.061706066e-01
8 5  1.602873347e+00  2.194976565e+00
8 6 -1.023362400e+00  2.732360278e-01
8 7  1.153280380e+01 -7.492422239e+00
8 8 -4.328652032e+01  2.813593439e-13
8 9  1.509725588e+01  4.658242578e+00
8 10  3.944130491e+00  3.883287712e+00
9 0  7.023405438e-02 -9.789805034e-03
9 1 -1.371190486e-01  4.318314867e-02
9 2  2.138577415e-01 -1.422011040e-01
9 3 -1.550787802e-01  3.520703917e-01
9 4  6.544100257e-02 -6.416330351e-01
9 5  1.386752607e+00  7.004013343e-01
9 6 -4.508099017e-01  1.402851814e+00
9 7  7.257523678e-01 -2.117425043e+00
9 8  1.509725588e+01 -4.658242578e+00
9 9 -5.879242783e+01 -3.826198527e-14
9 10  3.150058822e+01  7.067874935e+00
10 0  2.381933900e-02 -8.699568350e-02
10 1 -1.081344373e-02  1.844826653e-01
10 2 -4.322284976e-02 -3.086331737e-01
10 3  3.545472900e-01  4.468851407e-01
10 4 -6.552996915e-01 -2.001852831e-01
10 5  1.675360543e+00 -4.333796604e-01
10 6  1.261069332e+00  3.016657406e+00
10 7 -1.392753092e+00  1.448803597e+00
10 8  3.944130491e+00 -3.883287712e+00
10 9  3.150058822e+01 -7.067874935e+00
10 10 -5.606190404e+01  1.488463115e-13
0  3.095735821e-02 -9.068627537e-04 -1.197886442e-01 -1.596006856e-02
1  5.151109783e-02 -8.226246976e-04  1.484999068e-01  4.722662372e-02
2  7.197117509e-02 -2.284039824e-03 -1.453349598e-01 -9.460923272e-02
3  1.016072828e-01 -2.385469532e-03  1.018694538e-01  1.538575285e-01
4  1.377596482e-01 -5.501538282e-03  2.963103841e-03 -1.910649036e-01
5  1.758724318e-01 -6.478277199e-03 -1.460248521e-01  1.256611276e-01
6  2.098356710e-01 -8.749073051e-03  1.716776766e-01  8.020633256e-02
7  2.312613318e-01 -1.127419206e-02  6.928949384e-02 -1.693652939e-01
8  2.566944596e-01 -1.304611366e-02 -1.392983496e-01 -1.079759127e-01
9  2.724987031e-01 -1.454867576e-02 -1.655198952e-01  1.819452789e-02
10  2.619117911e-01 -1.648438413e-02 -1.250604603e-01  9.357610986e-02
