 1.695500020e+00 -1.827874540e+00  8.550155674e-01  3.865715346e+00  9.338541913e-01  4.940959469e+00  9.953112160e-01  9.778032250e-01  7.143965100e+00 512 3 12
 0.000000000e+00  0.000000000e+00 -6.416898823e-07
 1.956947162e-03  2.862067555e-02  1.367523238e-01
 3.913894325e-03  4.047569190e-02  1.933951114e-01
 5.870841487e-03  4.957249405e-02  2.368540949e-01
 7.827788650e-03  5.724168966e-02  2.734846954e-01
 9.784735812e-03  6.399870715e-02  3.057480628e-01
 1.174168297e-02  7.010790818e-02  3.349060120e-01
 1.369863014e-02  7.572634902e-02  3.617078233e-01
 1.565557730e-02  8.095637061e-02  3.866414713e-01
 1.761252446e-02  8.586906718e-02  4.100457297e-01
 1.956947162e-02  9.051620848e-02  4.321671354e-01
 2.152641879e-02  9.493688188e-02  4.531916425e-01
 2.348336595e-02  9.916145980e-02  4.732632604e-01
 2.544031311e-02  1.032141022e-01  4.924971047e-01
 2.739726027e-02  1.071143967e-01  5.109864405e-01
 2.935420744e-02  1.108784883e-01  5.288079190e-01
 3.131115460e-02  1.145198717e-01  5.460257027e-01
 3.326810176e-02  1.180499624e-01  5.626942297e-01
 3.522504892e-02  1.214785194e-01  5.788593099e-01
 3.718199609e-02  1.248139679e-01  5.945604950e-01
 3.913894325e-02  1.280636400e-01  6.098320912e-01
 4.109589041e-02  1.312339646e-01  6.247042483e-01
 4.305283757e-02  1.343306147e-01  6.392037739e-01
 4.500978474e-02  1.373586261e-01  6.533544916e-01
 4.696673190e-02  1.403224929e-01  6.671775993e-01
 4.892367906e-02  1.432262469e-01  6.806917778e-01
 5.088062622e-02  1.460735225e-01  6.939138246e-01
 5.283757339e-02  1.488676094e-01  7.068589650e-01
 5.479452055e-02  1.516114967e-01  7.195410174e-01
 5.675146771e-02  1.543079103e-01  7.319725526e-01
 5.870841487e-02  1.569593439e-01  7.441650365e-01
 6.066536204e-02  1.595680866e-01  7.561288516e-01
 6.262230920e-02  1.621362454e-01  7.678736496e-01
 6.457925636e-02  1.646657649e-01  7.794087227e-01
 6.653620352e-02  1.671584429e-01  7.907424612e-01
 6.849315068e-02  1.696159472e-01  8.018815696e-01
 7.045009785e-02  1.720398315e-01  8.128323697e-01
 7.240704501e-02  1.744315435e-01  8.236023929e-01
 7.436399217e-02  1.767924309e-01  8.341985068e-01
 7.632093933e-02  1.791237533e-01  8.446257036e-01
 7.827788650e-02  1.814266938e-01  8.548886935e-01
 8.023483366e-02  1.837023634e-01  8.649918841e-01
 8.219178082e-02  1.859518077e-01  8.749400806e-01
 8.414872798e-02  1.881760096e-01  8.847386349e-01
 8.610567515e-02  1.903758941e-01  8.943914563e-01
 8.806262231e-02  1.925523358e-01  9.039017695e-01
 9.001956947e-02  1.947061635e-01  9.132721665e-01
 9.197651663e-02  1.968381635e-01  9.225062848e-01
 9.393346380e-02  1.989490792e-01  9.316089308e-01
 9.589041096e-02  2.010396133e-01  9.405826827e-01
 9.784735812e-02  2.031104359e-01  9.494294962e-01
 9.980430528e-02  2.051621860e-01  9.581515768e-01
 1.017612524e-01  2.071954724e-01  9.667518663e-01
 1.037181996e-01  2.092108744e-01  9.752329124e-01
 1.056751468e-01  2.112089449e-01  9.835966066e-01
 1.076320939e-01  2.131902124e-01  9.918462418e-01
 1.095890411e-01  2.151551798e-01  9.999831829e-01
 1.115459883e-01  2.171043312e-01  1.008008090e+00
 1.135029354e-01  2.190381315e-01  1.015923652e+00
 1.154598826e-01  2.209570240e-01  1.023731949e+00
 1.174168297e-01  2.228614338e-01  1.031434871e+00
 1.193737769e-01  2.247517692e-01  1.039033698e+00
 1.213307241e-01  2.266284231e-01  1.046528734e+00
 1.232876712e-01  2.284917752e-01  1.053922087e+00
 1.252446184e-01  2.303421887e-01  1.061215824e+00
 1.272015656e-01  2.321800128e-01  1.068411141e+00
 1.291585127e-01  2.340055844e-01  1.075508825e+00
 1.311154599e-01  2.358192293e-01  1.082509700e+00
 1.330724070e-01  2.376212620e-01  1.089414837e+00
 1.350293542e-01  2.394119861e-01  1.096225989e+00
 1.369863014e-01  2.411916936e-01  1.102943814e+00
 1.389432485e-01  2.429606679e-01  1.109569662e+00
 1.409001957e-01  2.447191821e-01  1.116104371e+00
 1.428571429e-01  2.464675012e-01  1.122548037e+00
 1.448140900e-01  2.482058828e-01  1.128901881e+00
 1.467710372e-01  2.499345753e-01  1.135167296e+00
 1.487279843e-01  2.516538190e-01  1.141344631e+00
 1.506849315e-01  2.533638479e-01  1.147435247e+00
 1.526418787e-01  2.550648877e-01  1.153439003e+00
 1.545988258e-01  2.567571597e-01  1.159356310e+00
 1.565557730e-01  2.584408781e-01  1.165188734e+00
 1.585127202e-01  2.601162498e-01  1.170936922e+00
 1.604696673e-01  2.617834767e-01  1.176601497e+00
 1.624266145e-01  2.634427548e-01  1.182182667e+00
 1.643835616e-01  2.650942757e-01  1.187680508e+00
 1.663405088e-01  2.667382261e-01  1.193096133e+00
 1.682974560e-01  2.683747869e-01  1.198430907e+00
 1.702544031e-01  2.700041336e-01  1.203684258e+00
 1.722113503e-01  2.716264390e-01  1.208857198e+00
 1.741682975e-01  2.732418704e-01  1.213950081e+00
 1.761252446e-01  2.748505914e-01  1.218963063e+00
 1.780821918e-01  2.764527622e-01  1.223896926e+00
 1.800391389e-01  2.780485383e-01  1.228752134e+00
 1.819960861e-01  2.796380718e-01  1.233529238e+00
 1.839530333e-01  2.812215111e-01  1.238228996e+00
 1.859099804e-01  2.827990009e-01  1.242850920e+00
 1.878669276e-01  2.843706842e-01  1.247395379e+00
 1.898238748e-01  2.859366999e-01  1.251863766e+00
 1.917808219e-01  2.874971830e-01  1.256256117e+00
 1.937377691e-01  2.890522664e-01  1.260572718e+00
 1.956947162e-01  2.906020802e-01  1.264813865e+00
 1.976516634e-01  2.921467516e-01  1.268979542e+00
 1.996086106e-01  2.936864060e-01  1.273070775e+00
 2.015655577e-01  2.952211649e-01  1.277088055e+00
 2.035225049e-01  2.967511478e-01  1.281030967e+00
 2.054794521e-01  2.982764726e-01  1.284900671e+00
 2.074363992e-01  2.997972536e-01  1.288697020e+00
 2.093933464e-01  3.013136042e-01  1.292420328e+00
 2.113502935e-01  3.028256349e-01  1.296071354e+00
 2.133072407e-01  3.043334542e-01  1.299650119e+00
 2.152641879e-01  3.058371687e-01  1.303156725e+00
 2.172211350e-01  3.073368835e-01  1.306592244e+00
 2.191780822e-01  3.088327007e-01  1.309956597e+00
 2.211350294e-01  3.103247215e-01  1.313250080e+00
 2.230919765e-01  3.118130451e-01  1.316473156e+00
 2.250489237e-01  3.132977688e-01  1.319625823e+00
 2.270058708e-01  3.147789889e-01  1.322708832e+00
 2.289628180e-01  3.162567991e-01  1.325722752e+00
 2.309197652e-01  3.177312918e-01  1.328667273e+00
 2.328767123e-01  3.192025586e-01  1.331543089e+00
 2.348336595e-01  3.206706889e-01  1.334350585e+00
 2.367906067e-01  3.221357707e-01  1.337089975e+00
 2.387475538e-01  3.235978910e-01  1.339761828e+00
 2.407045010e-01  3.250571349e-01  1.342366304e+00
 2.426614481e-01  3.265135868e-01  1.344903669e+00
 2.446183953e-01  3.279673293e-01  1.347374664e+00
 2.465753425e-01  3.294184438e-01  1.349779463e+00
 2.485322896e-01  3.308670106e-01  1.352118242e+00
 2.504892368e-01  3.323131090e-01  1.354391649e+00
 2.524461840e-01  3.337568167e-01  1.356599956e+00
 2.544031311e-01  3.351982106e-01  1.358743664e+00
 2.563600783e-01  3.366373661e-01  1.360823215e+00
 2.583170254e-01  3.380743579e-01  1.362838710e+00
 2.602739726e-01  3.395092595e-01  1.364790619e+00
 2.622309198e-01  3.409421436e-01  1.366679516e+00
 2.641878669e-01  3.423730813e-01  1.368505880e+00
 2.661448141e-01  3.438021431e-01  1.370270019e+00
 2.681017613e-01  3.452293985e-01  1.371972303e+00
 2.700587084e-01  3.466549160e-01  1.373613155e+00
 2.720156556e-01  3.480787633e-01  1.375193137e+00
 2.739726027e-01  3.495010069e-01  1.376712708e+00
 2.759295499e-01  3.509217125e-01  1.378172255e+00
 2.778864971e-01  3.523409450e-01  1.379572263e+00
 2.798434442e-01  3.537587683e-01  1.380913208e+00
 2.818003914e-01  3.551752455e-01  1.382195566e+00
 2.837573386e-01  3.565904390e-01  1.383419863e+00
 2.857142857e-01  3.580044101e-01  1.384586576e+00
 2.876712329e-01  3.594172193e-01  1.385696173e+00
 2.896281800e-01  3.608289266e-01  1.386749086e+00
 2.915851272e-01  3.622395909e-01  1.387746053e+00
 2.935420744e-01  3.636492703e-01  1.388687680e+00
 2.954990215e-01  3.650580221e-01  1.389574289e+00
 2.974559687e-01  3.664659030e-01  1.390406377e+00
 2.994129159e-01  3.678729689e-01  1.391184432e+00
 3.013698630e-01  3.692792751e-01  1.391909274e+00
 3.033268102e-01  3.706848758e-01  1.392581470e+00
 3.052837573e-01  3.720898245e-01  1.393201386e+00
 3.072407045e-01  3.734941744e-01  1.393769414e+00
 3.091976517e-01  3.748979779e-01  1.394286188e+00
 3.111545988e-01  3.763012868e-01  1.394752283e+00
 3.131115460e-01  3.777041521e-01  1.395168273e+00
 3.150684932e-01  3.791066240e-01  1.395534718e+00
 3.170254403e-01  3.805087525e-01  1.395852128e+00
 3.189823875e-01  3.819105866e-01  1.396120850e+00
 3.209393346e-01  3.833121751e-01  1.396341270e+00
 3.228962818e-01  3.847135664e-01  1.396514204e+00
 3.248532290e-01  3.861148076e-01  1.396640302e+00
 3.268101761e-01  3.875159457e-01  1.396720050e+00
 3.287671233e-01  3.889170268e-01  1.396753748e+00
 3.307240705e-01  3.903180971e-01  1.396741717e+00
 3.326810176e-01  3.917192022e-01  1.396684679e+00
 3.346379648e-01  3.931203867e-01  1.396583397e+00
 3.365949119e-01  3.945216948e-01  1.396438262e+00
 3.385518591e-01  3.959231704e-01  1.396249832e+00
 3.405088063e-01  3.973248567e-01  1.396018492e+00
 3.424657534e-01  3.987267967e-01  1.395744559e+00
 3.444227006e-01  4.001290330e-01  1.395428640e+00
 3.463796477e-01  4.015316076e-01  1.395071539e+00
 3.483365949e-01  4.029345618e-01  1.394673811e+00
 3.502935421e-01  4.043379363e-01  1.394235970e+00
 3.522504892e-01  4.057417717e-01  1.393758095e+00
 3.542074364e-01  4.071461086e-01  1.393240479e+00
 3.561643836e-01  4.085509870e-01  1.392684295e+00
 3.581213307e-01  4.099564456e-01  1.392090147e+00
 3.600782779e-01  4.113625234e-01  1.391458323e+00
 3.620352250e-01  4.127692585e-01  1.390789396e+00
 3.639921722e-01  4.141766892e-01  1.390083304e+00
 3.659491194e-01  4.155848534e-01  1.389340900e+00
 3.679060665e-01  4.169937884e-01  1.388563008e+00
 3.698630137e-01  4.184035308e-01  1.387750085e+00
 3.718199609e-01  4.198141168e-01  1.386902703e+00
 3.737769080e-01  4.212255823e-01  1.386021161e+00
 3.757338552e-01  4.226379631e-01  1.385105455e+00
 3.776908023e-01  4.240512951e-01  1.384156616e+00
 3.796477495e-01  4.254656128e-01  1.383175487e+00
 3.816046967e-01  4.268809505e-01  1.382162476e+00
 3.835616438e-01  4.282973420e-01  1.381118076e+00
 3.855185910e-01  4.297148211e-01  1.380042132e+00
 3.874755382e-01  4.311334217e-01  1.378935289e+00
 3.894324853e-01  4.325531769e-01  1.377798714e+00
 3.913894325e-01  4.339741189e-01  1.376632869e+00
 3.933463796e-01  4.353962798e-01  1.375438076e+00
 3.953033268e-01  4.368196914e-01  1.374214854e+00
 3.972602740e-01  4.382443852e-01  1.372963170e+00
 3.992172211e-01  4.396703929e-01  1.371683974e+00
 4.011741683e-01  4.410977451e-01  1.370378010e+00
 4.031311155e-01  4.425264720e-01  1.369045790e+00
 4.050880626e-01  4.439566033e-01  1.367687808e+00
 4.070450098e-01  4.453881687e-01  1.366304255e+00
 4.090019569e-01  4.468211978e-01  1.364895316e+00
 4.109589041e-01  4.482557198e-01  1.363462082e+00
 4.129158513e-01  4.496917631e-01  1.362005283e+00
 4.148727984e-01  4.511293554e-01  1.360525327e+00
 4.168297456e-01  4.525685246e-01  1.359022300e+00
 4.187866928e-01  4.540092983e-01  1.357496756e+00
 4.207436399e-01  4.554517038e-01  1.355949117e+00
 4.227005871e-01  4.568957679e-01  1.354380399e+00
 4.246575342e-01  4.583415167e-01  1.352791062e+00
 4.266144814e-01  4.597889759e-01  1.351181461e+00
 4.285714286e-01  4.612381711e-01  1.349551782e+00
 4.305283757e-01  4.626891279e-01  1.347902824e+00
 4.324853229e-01  4.641418710e-01  1.346234964e+00
 4.344422701e-01  4.655964250e-01  1.344548929e+00
 4.363992172e-01  4.670528136e-01  1.342845368e+00
 4.383561644e-01  4.685110605e-01  1.341124265e+00
 4.403131115e-01  4.699711893e-01  1.339386526e+00
 4.422700587e-01  4.714332226e-01  1.337632297e+00
 4.442270059e-01  4.728971833e-01  1.335862310e+00
 4.461839530e-01  4.743630933e-01  1.334077339e+00
 4.481409002e-01  4.758309741e-01  1.332277447e+00
 4.500978474e-01  4.773008474e-01  1.330463171e+00
 4.520547945e-01  4.787727341e-01  1.328635350e+00
 4.540117417e-01  4.802466544e-01  1.326794080e+00
 4.559686888e-01  4.817226288e-01  1.324940211e+00
 4.579256360e-01  4.832006767e-01  1.323073948e+00
 4.598825832e-01  4.846808177e-01  1.321195697e+00
 4.618395303e-01  4.861630707e-01  1.319306451e+00
 4.637964775e-01  4.876474538e-01  1.317406616e+00
 4.657534247e-01  4.891339851e-01  1.315496178e+00
 4.677103718e-01  4.906226824e-01  1.313575915e+00
 4.696673190e-01  4.921135629e-01  1.311646092e+00
 4.716242661e-01  4.936066437e-01  1.309707695e+00
 4.735812133e-01  4.951019405e-01  1.307761264e+00
 4.755381605e-01  4.965994692e-01  1.305806748e+00
 4.774951076e-01  4.980992454e-01  1.303844671e+00
 4.794520548e-01  4.996012843e-01  1.301875511e+00
 4.814090020e-01  5.011056006e-01  1.299900121e+00
 4.833659491e-01  5.026122080e-01  1.297918992e+00
 4.853228963e-01  5.041211201e-01  1.295932564e+00
 4.872798434e-01  5.056323498e-01  1.293940807e+00
 4.892367906e-01  5.071459104e-01  1.291944252e+00
 4.911937378e-01  5.086618143e-01  1.289943783e+00
 4.931506849e-01  5.101800729e-01  1.287939897e+00
 4.951076321e-01  5.117006974e-01  1.285933121e+00
 4.970645793e-01  5.132236984e-01  1.283923811e+00
 4.990215264e-01  5.147490862e-01  1.281911602e+00
 5.009784736e-01  5.162768715e-01  1.279897695e+00
 5.029354207e-01  5.178070634e-01  1.277882783e+00
 5.048923679e-01  5.193396703e-01  1.275867276e+00
 5.068493151e-01  5.208747004e-01  1.273851587e+00
 5.088062622e-01  5.224121614e-01  1.271835438e+00
 5.107632094e-01  5.239520617e-01  1.269819628e+00
 5.127201566e-01  5.254944077e-01  1.267805113e+00
 5.146771037e-01  5.270392055e-01  1.265792252e+00
 5.166340509e-01  5.285864606e-01  1.263781415e+00
 5.185909980e-01  5.301361782e-01  1.261772534e+00
 5.205479452e-01  5.316883637e-01  1.259766170e+00
 5.225048924e-01  5.332430212e-01  1.257763121e+00
 5.244618395e-01  5.348001543e-01  1.255763953e+00
 5.264187867e-01  5.363597658e-01  1.253768839e+00
 5.283757339e-01  5.379218585e-01  1.251777807e+00
 5.303326810e-01  5.394864349e-01  1.249791583e+00
 5.322896282e-01  5.410534966e-01  1.247810332e+00
 5.342465753e-01  5.426230451e-01  1.245834652e+00
 5.362035225e-01  5.441950809e-01  1.243864764e+00
 5.381604697e-01  5.457696045e-01  1.241900756e+00
 5.401174168e-01  5.473466162e-01  1.239943139e+00
 5.420743640e-01  5.489261155e-01  1.237992101e+00
 5.440313112e-01  5.505081016e-01  1.236047861e+00
 5.459882583e-01  5.520925736e-01  1.234110698e+00
 5.479452055e-01  5.536795299e-01  1.232180780e+00
 5.499021526e-01  5.552689690e-01  1.230258476e+00
 5.518590998e-01  5.568608885e-01  1.228343945e+00
 5.538160470e-01  5.584552861e-01  1.226437231e+00
 5.557729941e-01  5.600521592e-01  1.224538451e+00
 5.577299413e-01  5.616515051e-01  1.222647891e+00
 5.596868885e-01  5.632533204e-01  1.220765797e+00
 5.616438356e-01  5.648576015e-01  1.218892278e+00
 5.636007828e-01  5.664643447e-01  1.217027406e+00
 5.655577299e-01  5.680735462e-01  1.215171050e+00
 5.675146771e-01  5.696852020e-01  1.213323465e+00
 5.694716243e-01  5.712993080e-01  1.211484876e+00
 5.714285714e-01  5.729158593e-01  1.209655322e+00
 5.733855186e-01  5.745348515e-01  1.207834830e+00
 5.753424658e-01  5.761562796e-01  1.206023380e+00
 5.772994129e-01  5.777801388e-01  1.204220936e+00
 5.792563601e-01  5.794064242e-01  1.202427668e+00
 5.812133072e-01  5.810351306e-01  1.200643620e+00
 5.831702544e-01  5.826662527e-01  1.198868776e+00
 5.851272016e-01  5.842997850e-01  1.197103079e+00
 5.870841487e-01  5.859357223e-01  1.195346536e+00
 5.890410959e-01  5.875740591e-01  1.193599127e+00
 5.909980431e-01  5.892147898e-01  1.191860828e+00
 5.929549902e-01  5.908579090e-01  1.190131623e+00
 5.949119374e-01  5.925034111e-01  1.188411444e+00
 5.968688845e-01  5.941512905e-01  1.186700195e+00
 5.988258317e-01  5.958015417e-01  1.184997810e+00
 6.007827789e-01  5.974541592e-01  1.183304223e+00
 6.027397260e-01  5.991091376e-01  1.181619288e+00
 6.046966732e-01  6.007664717e-01  1.179942875e+00
 6.066536204e-01  6.024261562e-01  1.178274768e+00
 6.086105675e-01  6.040881863e-01  1.176614787e+00
 6.105675147e-01  6.057525571e-01  1.174962848e+00
 6.125244618e-01  6.074192639e-01  1.173318933e+00
 6.144814090e-01  6.090883020e-01  1.171682681e+00
 6.164383562e-01  6.107596673e-01  1.170053814e+00
 6.183953033e-01  6.124333558e-01  1.168432178e+00
 6.203522505e-01  6.141093636e-01  1.166817579e+00
 6.223091977e-01  6.157876872e-01  1.165210047e+00
 6.242661448e-01  6.174683229e-01  1.163609335e+00
 6.262230920e-01  6.191512674e-01  1.162014984e+00
 6.281800391e-01  6.208365182e-01  1.160426793e+00
 6.301369863e-01  6.225240725e-01  1.158844618e+00
 6.320939335e-01  6.242139282e-01  1.157268380e+00
 6.340508806e-01  6.259060829e-01  1.155697834e+00
 6.360078278e-01  6.276005347e-01  1.154132686e+00
 6.379647750e-01  6.292972822e-01  1.152572584e+00
 6.399217221e-01  6.309963243e-01  1.151017383e+00
 6.418786693e-01  6.326976601e-01  1.149466918e+00
 6.438356164e-01  6.344012890e-01  1.147920872e+00
 6.457925636e-01  6.361072107e-01  1.146379011e+00
 6.477495108e-01  6.378154255e-01  1.144841190e+00
 6.497064579e-01  6.395259335e-01  1.143307142e+00
 6.516634051e-01  6.412387355e-01  1.141776534e+00
 6.536203523e-01  6.429538327e-01  1.140249118e+00
 6.555772994e-01  6.446712267e-01  1.138724625e+00
 6.575342466e-01  6.463909194e-01  1.137202745e+00
 6.594911937e-01  6.481129130e-01  1.135683638e+00
 6.614481409e-01  6.498372097e-01  1.134166773e+00
 6.634050881e-01  6.515638126e-01  1.132651766e+00
 6.653620352e-01  6.532927252e-01  1.131138433e+00
 6.673189824e-01  6.550239513e-01  1.129626547e+00
 6.692759295e-01  6.567574951e-01  1.128115876e+00
 6.712328767e-01  6.584933610e-01  1.126606192e+00
 6.731898239e-01  6.602315541e-01  1.125097235e+00
 6.751467710e-01  6.619720795e-01  1.123588626e+00
 6.771037182e-01  6.637149433e-01  1.122080270e+00
 6.790606654e-01  6.654601516e-01  1.120571847e+00
 6.810176125e-01  6.672077109e-01  1.119062948e+00
 6.829745597e-01  6.689576288e-01  1.117553334e+00
 6.849315068e-01  6.707099126e-01  1.116042999e+00
 6.868884540e-01  6.724645702e-01  1.114531665e+00
 6.888454012e-01  6.742216097e-01  1.113018962e+00
 6.908023483e-01  6.759810403e-01  1.111504462e+00
 6.927592955e-01  6.777428714e-01  1.109987914e+00
 6.947162427e-01  6.795071130e-01  1.108469171e+00
 6.966731898e-01  6.812737753e-01  1.106948116e+00
 6.986301370e-01  6.830428689e-01  1.105424548e+00
 7.005870841e-01  6.848144048e-01  1.103898004e+00
 7.025440313e-01  6.865883947e-01  1.102368090e+00
 7.045009785e-01  6.883648513e-01  1.100834618e+00
 7.064579256e-01  6.901437872e-01  1.099297494e+00
 7.084148728e-01  6.919252155e-01  1.097756245e+00
 7.103718200e-01  6.937091501e-01  1.096210768e+00
 7.123287671e-01  6.954956051e-01  1.094660983e+00
 7.142857143e-01  6.972845949e-01  1.093106453e+00
 7.162426614e-01  6.990761348e-01  1.091546834e+00
 7.181996086e-01  7.008702407e-01  1.089981771e+00
 7.201565558e-01  7.026669292e-01  1.088411033e+00
 7.221135029e-01  7.044662173e-01  1.086834394e+00
 7.240704501e-01  7.062681224e-01  1.085251899e+00
 7.260273973e-01  7.080726620e-01  1.083663249e+00
 7.279843444e-01  7.098798545e-01  1.082067877e+00
 7.299412916e-01  7.116897193e-01  1.080465486e+00
 7.318982387e-01  7.135022762e-01  1.078855933e+00
 7.338551859e-01  7.153175454e-01  1.077238986e+00
 7.358121331e-01  7.171355480e-01  1.075614278e+00
 7.377690802e-01  7.189563054e-01  1.073981663e+00
 7.397260274e-01  7.207798395e-01  1.072341018e+00
 7.416829746e-01  7.226061728e-01  1.070692007e+00
 7.436399217e-01  7.244353286e-01  1.069034186e+00
 7.455968689e-01  7.262673309e-01  1.067367196e+00
 7.475538160e-01  7.281022048e-01  1.065690747e+00
 7.495107632e-01  7.299399757e-01  1.064004612e+00
 7.514677104e-01  7.317806698e-01  1.062308629e+00
 7.534246575e-01  7.336243137e-01  1.060602469e+00
 7.553816047e-01  7.354709350e-01  1.058885654e+00
 7.573385519e-01  7.373205626e-01  1.057157425e+00
 7.592954990e-01  7.391732267e-01  1.055417357e+00
 7.612524462e-01  7.410289584e-01  1.053665402e+00
 7.632093933e-01  7.428877892e-01  1.051900815e+00
 7.651663405e-01  7.447497525e-01  1.050123012e+00
 7.671232877e-01  7.466148828e-01  1.048331486e+00
 7.690802348e-01  7.484832155e-01  1.046526197e+00
 7.710371820e-01  7.503547865e-01  1.044706825e+00
 7.729941292e-01  7.522296333e-01  1.042872047e+00
 7.749510763e-01  7.541077960e-01  1.041021067e+00
 7.769080235e-01  7.559893161e-01  1.039153347e+00
 7.788649706e-01  7.578742365e-01  1.037268741e+00
 7.808219178e-01  7.597626007e-01  1.035366456e+00
 7.827788650e-01  7.616544544e-01  1.033445447e+00
 7.847358121e-01  7.635498459e-01  1.031504904e+00
 7.866927593e-01  7.654488251e-01  1.029544065e+00
 7.886497065e-01  7.673514436e-01  1.027562651e+00
 7.906066536e-01  7.692577544e-01  1.025559385e+00
 7.925636008e-01  7.711678136e-01  1.023533205e+00
 7.945205479e-01  7.730816798e-01  1.021483538e+00
 7.964774951e-01  7.749994126e-01  1.019409657e+00
 7.984344423e-01  7.769210743e-01  1.017310520e+00
 8.003913894e-01  7.788467289e-01  1.015186946e+00
 8.023483366e-01  7.807764389e-01  1.013039081e+00
 8.043052838e-01  7.827102684e-01  1.010865985e+00
 8.062622309e-01  7.846482833e-01  1.008668022e+00
 8.082191781e-01  7.865905479e-01  1.006448060e+00
 8.101761252e-01  7.885371209e-01  1.004208495e+00
 8.121330724e-01  7.904880584e-01  1.001950072e+00
 8.140900196e-01  7.924434174e-01  9.996717497e-01
 8.160469667e-01  7.944032574e-01  9.973730547e-01
 8.180039139e-01  7.963676376e-01  9.950564396e-01
 8.199608611e-01  7.983366101e-01  9.927279939e-01
 8.219178082e-01  8.003102162e-01  9.903880189e-01
 8.238747554e-01  8.022884979e-01  9.880413422e-01
 8.258317025e-01  8.042714796e-01  9.856997123e-01
 8.277886497e-01  8.062591538e-01  9.833885918e-01
 8.297455969e-01  8.082514587e-01  9.811260658e-01
 8.317025440e-01  8.102483070e-01  9.789212212e-01
 8.336594912e-01  8.122495993e-01  9.767681619e-01
 8.356164384e-01  8.142552437e-01  9.746809006e-01
 8.375733855e-01  8.162650965e-01  9.726950928e-01
 8.395303327e-01  8.182789528e-01  9.708008613e-01
 8.414872798e-01  8.202966498e-01  9.689936685e-01
 8.434442270e-01  8.223180036e-01  9.672955249e-01
 8.454011742e-01  8.243427654e-01  9.657425018e-01
 8.473581213e-01  8.263706072e-01  9.643699659e-01
 8.493150685e-01  8.284011448e-01  9.631713851e-01
 8.512720157e-01  8.304340175e-01  9.621568661e-01
 8.532289628e-01  8.324688064e-01  9.613708831e-01
 8.551859100e-01  8.345049925e-01  9.608403017e-01
 8.571428571e-01  8.365420204e-01  9.605800687e-01
 8.590998043e-01  8.385793078e-01  9.605973708e-01
 8.610567515e-01  8.406162668e-01  9.608918782e-01
 8.630136986e-01  8.426523237e-01  9.614460778e-01
 8.649706458e-01  8.446869605e-01  9.622299280e-01
 8.669275930e-01  8.467197365e-01  9.631982023e-01
 8.688845401e-01  8.487503165e-01  9.643031076e-01
 8.708414873e-01  8.507784618e-01  9.655110219e-01
 8.727984344e-01  8.528040085e-01  9.667718470e-01
 8.747553816e-01  8.548269259e-01  9.679972684e-01
 8.767123288e-01  8.568473583e-01  9.691439447e-01
 8.786692759e-01  8.588654821e-01  9.702223060e-01
 8.806262231e-01  8.608814447e-01  9.712208507e-01
 8.825831703e-01  8.628954502e-01  9.720979539e-01
 8.845401174e-01  8.649077897e-01  9.728246989e-01
 8.864970646e-01  8.669187932e-01  9.733879496e-01
 8.884540117e-01  8.689288089e-01  9.737759746e-01
 8.904109589e-01  8.709381974e-01  9.739982222e-01
 8.923679061e-01  8.729472816e-01  9.740857393e-01
 8.943248532e-01  8.749563417e-01  9.740131824e-01
 8.962818004e-01  8.769657558e-01  9.737272455e-01
 8.982387476e-01  8.789759942e-01  9.732123571e-01
 9.001956947e-01  8.809875228e-01  9.724828137e-01
 9.021526419e-01  8.830007718e-01  9.715532351e-01
 9.041095890e-01  8.850161527e-01  9.704249345e-01
 9.060665362e-01  8.870340814e-01  9.691030620e-01
 9.080234834e-01  8.890549622e-01  9.675925227e-01
 9.099804305e-01  8.910791952e-01  9.658939774e-01
 9.119373777e-01  8.931071794e-01  9.640230232e-01
 9.138943249e-01  8.951392841e-01  9.619785222e-01
 9.158512720e-01  8.971759022e-01  9.597528511e-01
 9.178082192e-01  8.992174423e-01  9.573452665e-01
 9.197651663e-01  9.012643142e-01  9.547593420e-01
 9.217221135e-01  9.033169231e-01  9.519981267e-01
 9.236790607e-01  9.053756615e-01  9.490975110e-01
 9.256360078e-01  9.074408506e-01  9.460567827e-01
 9.275929550e-01  9.095128593e-01  9.428524127e-01
 9.295499022e-01  9.115921054e-01  9.394830492e-01
 9.315068493e-01  9.136789974e-01  9.359621987e-01
 9.334637965e-01  9.157739310e-01  9.322774445e-01
 9.354207436e-01  9.178773511e-01  9.284143929e-01
 9.373776908e-01  9.199897034e-01  9.244349340e-01
 9.393346380e-01  9.221112821e-01  9.203663199e-01
 9.412915851e-01  9.242424156e-01  9.161377160e-01
 9.432485323e-01  9.263836321e-01  9.117006773e-01
 9.452054795e-01  9.285354885e-01  9.071084762e-01
 9.471624266e-01  9.306983311e-01  9.025592372e-01
 9.491193738e-01  9.328721769e-01  8.978548670e-01
 9.510763209e-01  9.350577871e-01  8.928530599e-01
 9.530332681e-01  9.372560681e-01  8.873035927e-01
 9.549902153e-01  9.394679728e-01  8.817768328e-01
 9.569471624e-01  9.416909902e-01  8.805913819e-01
 9.589041096e-01  9.439137830e-01  8.801846238e-01
 9.608610568e-01  9.461399310e-01  8.775684500e-01
 9.628180039e-01  9.483763275e-01  8.720053818e-01
 9.647749511e-01  9.506310521e-01  8.632890735e-01
 9.667318982e-01  9.529127140e-01  8.518849227e-01
 9.686888454e-01  9.552298931e-01  8.362064732e-01
 9.706457926e-01  9.575971037e-01  8.160651882e-01
 9.726027397e-01  9.600271426e-01  7.945416864e-01
 9.745596869e-01  9.625237417e-01  7.732734872e-01
 9.765166341e-01  9.650887700e-01  7.528252805e-01
 9.784735812e-01  9.677223862e-01  7.336057620e-01
 9.804305284e-01  9.704231894e-01  7.158982702e-01
 9.823874755e-01  9.731883699e-01  6.998895760e-01
 9.843444227e-01  9.760138580e-01  6.856949583e-01
 9.863013699e-01  9.788944723e-01  6.733789014e-01
 9.882583170e-01  9.818240654e-01  6.629715300e-01
 9.902152642e-01  9.847956679e-01  6.544812962e-01
 9.921722114e-01  9.878016307e-01  6.479045416e-01
 9.941291585e-01  9.908337632e-01  6.432325454e-01
 9.960861057e-01  9.938834705e-01  6.404566028e-01
 9.980430528e-01  9.969418855e-01  6.398880817e-01
 1.000000000e+00  1.000000000e+00  6.399509697e-01
4  3.888148190e-01  6.856216598e-01  1.011570592e+00  7.487466427e-01  9.578906547e-01  5.890670900e+01  4.561959826e-01  9.934922009e-01  3.286243642e-01  2.676937017e+00
5  5.088790337e-01  9.616023554e-01  1.007951250e+00  6.146510486e-01  9.302346793e-01  3.518176463e+01  4.037921851e-01  1.044749147e+00  4.914739075e-01  2.792821775e+00
6  6.069624106e-01  1.101896888e+00  1.005324963e+00  5.244960528e-01  9.081950515e-01  2.566250095e+01  3.728721576e-01  1.119398480e+00  6.119883246e-01  2.768701605e+00
7  6.940799209e-01  1.200694570e+00  1.003205523e+00  4.598307855e-01  8.928918494e-01  2.045268194e+01  3.513824637e-01  1.200434962e+00  7.107782033e-01  2.708073801e+00
8  7.714496919e-01  1.346665420e+00  1.001541968e+00  4.110870910e-01  8.899364206e-01  1.752958600e+01  3.362214044e-01  1.292423935e+00  7.928520702e-01  2.629334959e+00
9  8.363181945e-01  1.623586949e+00  1.000401970e+00  3.725694604e-01  9.100094781e-01  1.641765671e+01  3.264976794e-01  1.415385066e+00  8.569278527e-01  2.530828489e+00
10  8.844003571e-01  2.221391044e+00  9.997255710e-01  3.409260697e-01  9.679515725e-01  1.712775687e+01  3.212394754e-01  1.590371371e+00  9.035118914e-01  2.407070722e+00
11  9.178131036e-01  2.978282069e+00  9.993515212e-01  3.141838431e-01  1.080931436e+00  2.007243240e+01  3.192771282e-01  1.871609389e+00  9.353610907e-01  2.270068629e+00
12  9.471055713e-01  1.563221772e+00  9.992322091e-01  2.919546967e-01  1.240059980e+00  2.487296294e+01  3.197080574e-01  2.229917783e+00  9.617075402e-01  2.147052729e+00
13  9.807675086e-01  5.533133387e+00  9.998774982e-01  2.743146304e-01  1.455075829e+00  3.185117162e+01  3.245228274e-01  2.823796095e+00  9.875560334e-01  2.053660514e+00
14  9.903043383e-01  1.076457815e+01  9.999262760e-01  2.565785247e-01  1.669920455e+00  4.007754391e+01  3.279667321e-01  4.402202961e+00  9.937884429e-01  1.925607493e+00
15  9.958636248e-01  1.918808965e+01  9.999601994e-01  2.373697049e-01  1.821018660e+00  4.491131550e+01  3.324907679e-01  8.916866998e+00  9.973533967e-01  1.807384133e+00
0 0 -1.251711856e-01  1.196149432e-18
0 1  1.376464842e-02 -4.822790591e-03
0 2 -1.405728948e-02  5.594628369e-03
0 3  4.627960531e-03 -6.432394417e-03
0 4 -1.256852329e-03  6.062750993e-03
0 5 -3.189354621e-03 -3.733072220e-03
0 6  3.707770731e-03 -8.260021266e-04
0 7  2.607103897e-04  3.320795618e-03
0 8 -2.825795106e-03  9.200897198e-04
0 9 -2.282699616e-03 -1.273699307e-03
0 10 -1.102855534e-03 -2.119459508e-03
0 11 -2.468862497e-04 -2.236166438e-03
1 0 -1.099665898e-01 -3.852955909e-02
1 1 -9.670859549e-02 -4.810971751e-18
1 2  9.769394830e-03 -6.705064998e-03
1 3 -1.311125267e-02  8.056149788e-03
1 4  1.044582947e-03 -8.487151616e-03
1 5  2.622575451e-03  5.767805549e-03
1 6 -5.826654644e-03  3.033336186e-04
1 7 -4.421072700e-05 -4.605980380e-03
1 8  3.740457065e-03 -6.936382436e-04
1 9  2.607363515e-03  2.136886687e-03
1 10  8.874545655e-04  3.021647223e-03
1 11 -3.762454057e-04  2.827938899e-03
2 0  1.123045165e-01  4.469581671e-02
2 1 -1.010188886e-01 -6.933266856e-02
2 2 -7.768795828e-02  2.630129930e-17
2 3  5.688942570e-03 -8.211048911e-03
2 4 -9.410755982e-03  9.399652855e-03
2 5 -4.132323469e-03 -7.807927680e-03
2 6  5.246046466e-03  1.134486203e-03
2 7 -2.230818768e-03  5.142971551e-03
2 8 -5.087282712e-03 -3.268542046e-04
2 9 -2.766200190e-03 -3.137242781e-03
2 10 -5.472297208e-04 -3.633022678e-03
2 11  6.975745726e-04 -3.466361663e-03
3 0 -3.697305022e-02 -5.138877918e-02
3 1  1.355748432e-01  8.330334804e-02
3 2 -7.322811277e-02 -1.056926851e-01
3 3 -6.440172483e-02  6.314203475e-17
3 4  2.118410401e-03 -9.666522468e-03
3 5 -5.024272834e-03  9.561680514e-03
3 6 -8.728432274e-03 -4.010492595e-03
3 7  2.287496270e-03 -4.915089489e-03
3 8  3.699252016e-03  2.218635433e-03
3 9  5.522499699e-04  4.234561734e-03
3 10 -1.790609169e-03  3.860182683e-03
3 11 -2.981521231e-03  2.397385249e-03
4 0  1.004106754e-02  4.843567602e-02
4 1 -1.080134544e-02 -8.776005455e-02
4 2  1.211353238e-01  1.209924043e-01
4 3 -3.289369044e-02 -1.500972605e-01
4 4 -5.460451443e-02  5.878121859e-17
4 5 -1.575336768e-03 -1.105525040e-02
4 6 -6.241488105e-04  7.691441688e-03
4 7 -9.709776095e-03  2.411167011e-03
4 8 -5.326733334e-03 -5.042646160e-03
4 9 -1.050130928e-04 -4.788229467e-03
4 10  2.202004743e-03 -2.981101350e-03
4 11  2.908730594e-03 -2.270249687e-03
5 0  2.547994257e-02 -2.982373461e-02
5 1 -2.711832839e-02  5.964108484e-02
5 2  5.319129966e-02 -1.005037055e-01
5 3  7.801456945e-02  1.484693234e-01
5 4  2.884993639e-02 -2.024603738e-01
5 5 -4.673525090e-02  1.333324847e-17
5 6 -5.718553541e-03 -1.186824488e-02
5 7  2.336002588e-03  2.722176511e-03
5 8 -4.764249061e-03  6.275866640e-03
5 9 -6.975982127e-03  2.611233658e-03
5 10 -6.861252664e-03 -3.388083687e-04
5 11 -5.540595114e-03 -3.391823998e-03
6 0 -2.962159952e-02 -6.598979810e-03
6 1  6.024960465e-02  3.136573508e-03
6 2 -6.752715069e-02  1.460311518e-02
6 3  1.355310327e-01 -6.227306188e-02
6 4  1.143035181e-02  1.408572490e-01
6 5  1.223606043e-01 -2.539463178e-01
6 6 -3.987185583e-02  8.549302673e-17
6 7 -9.935035171e-03 -1.130067089e-02
6 8  1.463335135e-03 -3.332687227e-03
6 9  1.398991627e-03  2.275371258e-03
6 10 -6.422561315e-04  4.147386955e-03
6 11 -1.404048047e-03  2.431805929e-03
7 0 -2.082830712e-03  2.653003246e-02
7 1  4.571540593e-04 -4.762741467e-02
7 2  2.871511644e-02  6.620036960e-02
7 3 -3.551917711e-02 -7.631922130e-02
7 4  1.778200245e-01  4.415691698e-02
7 5 -4.998373911e-02  5.824675075e-02
7 6  2.491741346e-01 -2.834247529e-01
7 7 -3.359928428e-02 -7.698869562e-17
7 8 -1.151887146e-02 -8.681881499e-03
7 9 -2.725534183e-03 -6.286479084e-03
7 10  1.724862820e-04 -3.793615772e-03
7 11  2.466827690e-03 -3.990733007e-03
8 0  2.257544412e-02  7.350651153e-03
8 1 -3.867760716e-02 -7.172457009e-03
8 2  6.548354243e-02 -4.207269851e-03
8 3 -5.744026307e-02  3.444993809e-02
8 4  9.755115286e-02 -9.234852122e-02
8 5  1.019412321e-01  1.342855022e-01
8 6 -3.670095370e-02 -8.358495380e-02
8 7  3.428308581e-01 -2.583948345e-01
8 8 -2.919114218e-02 -9.550056905e-17
8 9 -1.153230254e-02 -4.568778325e-03
8 10 -7.371773906e-03 -5.985999244e-03
8 11 -2.586127359e-03 -8.327066841e-03
9 0  1.823662215e-02 -1.017565904e-02
9 1 -2.696103177e-02  2.209614022e-02
9 2  3.560655025e-02 -4.038261335e-02
9 3 -8.575080424e-03  6.575230314e-02
9 4  1.923157707e-03 -8.768926007e-02
9 5  1.492659608e-01  5.587289267e-02
9 6 -3.508719617e-02  5.706710187e-02
9 7  8.111881671e-02 -1.871015773e-01
9 8  3.950617097e-01 -1.565124892e-01
9 9 -2.644150244e-02 -4.088261360e-18
9 10 -1.481215001e-02 -3.688140528e-03
9 11 -7.829938508e-03 -8.954803031e-03
10 0  8.810778043e-03 -1.693248728e-02
10 1 -9.176584160e-03  3.124486720e-02
10 2  7.043945200e-03 -4.676429602e-02
10 3  2.780374553e-02  5.993911954e-02
10 4 -4.032642293e-02 -5.459441185e-02
10 5  1.468110801e-01 -7.249524978e-03
10 6  1.610800697e-02  1.040179061e-01
10 7 -5.133629652e-03 -1.129076364e-01
10 8  2.525346169e-01 -2.050621797e-01
10 9  5.601856414e-01 -1.394830167e-01
10 10 -1.840690318e-02 -1.519239563e-16
10 11 -6.027278128e-03 -3.946321740e-03
11 0  1.972388841e-03 -1.786486584e-02
11 1  3.890506359e-03  2.924185679e-02
11 2 -8.979185296e-03 -4.461903414e-02
11 3  4.629567359e-02  3.722548200e-02
11 4 -5.326904972e-02 -4.157622699e-02
11 5  1.185528056e-01 -7.257528166e-02
11 6  3.521401295e-02  6.099053779e-02
11 7 -7.341905471e-02 -1.187743457e-01
11 8  8.859288011e-02 -2.852600556e-01
11 9  2.961230559e-01 -3.386646826e-01
11 10  3.274466143e-01 -2.143935729e-01
11 11 -1.761026634e-02  1.154784347e-16
0 0 -8.310397649e+00 -8.098562133e-16
0 1 -8.741271621e-01  4.186563378e-01
0 2  1.198263007e+00 -3.950477262e-01
0 3 -2.402885333e-01  3.167655829e-01
0 4  7.528110638e-02 -2.540431997e-01
0 5  1.055838079e-01  1.411262975e-01
0 6 -1.268967044e-01  1.865354923e-02
0 7 -8.505080164e-03 -1.019220547e-01
0 8  6.888668758e-02 -1.994040250e-02
0 9  5.503395750e-02  2.168913994e-02
0 10 -2.938205088e-02  7.469430032e-02
0 11  2.560919099e-02  6.422741523e-02
1 0 -8.741271621e-01 -4.186563378e-01
1 1 -1.096034725e+01 -5.772479815e-15
1 2 -8.560664784e-01  9.468444865e-01
1 3  1.855665615e+00 -9.462666603e-01
1 4 -1.027647810e-01  6.784000094e-01
1 5 -1.287533617e-01 -4.005930279e-01
1 6  3.391142730e-01  8.770556044e-03
1 7 -6.077869723e-03  2.413972499e-01
1 8 -1.597736076e-01  2.422715255e-02
1 9 -1.212819513e-01 -5.253596696e-02
1 10  5.282548398e-02 -1.364220585e-01
1 11  5.658084817e-02 -9.437495092e-02
2 0  1.198263007e+00  3.950477262e-01
2 1 -8.560664784e-01 -9.468444865e-01
2 2 -1.379622761e+01 -1.976130212e-14
2 3 -5.287455932e-01  1.734970718e+00
2 4  2.103661130e+00 -1.700101490e+00
2 5  4.460132797e-01  9.480746677e-01
2 6 -5.035716170e-01 -1.927873152e-01
2 7  2.091820572e-01 -4.295037556e-01
2 8  3.262533229e-01  5.739474457e-02
2 9  1.403026647e-01  1.623126437e-01
2 10 -2.074245514e-01  2.040173452e-01
2 11  3.894785847e-02  2.340944656e-01
3 0 -2.402885333e-01 -3.167655829e-01
3 1  1.855665615e+00  9.462666603e-01
3 2 -5.287455932e-01 -1.734970718e+00
3 3 -1.689664470e+01 -2.475200324e-14
3 4  2.042160662e-01  2.902753016e+00
3 5  1.882159963e+00 -2.580120611e+00
3 6  1.481045822e+00  7.863243895e-01
3 7 -4.028935913e-01  6.139027149e-01
3 8 -3.787380326e-01 -3.216477318e-01
3 9 -1.201378797e-01 -3.031365325e-01
3 10  3.605624057e-01 -1.921439347e-01
3 11  4.027521660e-01 -1.446574196e-01
4 0  7.528110638e-02  2.540431997e-01
4 1 -1.027647810e-01 -6.784000094e-01
4 2  2.103661130e+00  1.700101490e+00
4 3  2.042160662e-01 -2.902753016e+00
4 4 -2.046346523e+01 -6.396905311e-14
4 5  1.639952276e+00  4.527213126e+00
4 6  9.982780839e-01 -3.327186542e+00
4 7  2.467936115e+00 -4.614070447e-01
4 8  7.090821299e-01  9.388686970e-01
4 9 -8.639557294e-02  5.734274994e-01
4 10 -7.285091641e-01 -1.747820242e-01
4 11 -1.560326620e-01  3.039137314e-01
5 0  1.055838079e-01 -1.411262975e-01
5 1 -1.287533617e-01  4.005930279e-01
5 2  4.460132797e-01 -9.480746677e-01
5 3  1.882159963e+00  2.580120611e+00
5 4  1.639952276e+00 -4.527213126e+00
5 5 -2.484700007e+01 -8.949608079e-14
5 6  4.334457931e+00  6.749643027e+00
5 7 -4.913841072e-01 -2.855162645e+00
5 8  2.005962889e+00 -2.101992378e+00
5 9  1.172188625e+00 -4.320579200e-01
5 10  8.113748847e-01  7.616291036e-01
5 11  1.257067778e+00  7.586789990e-01
6 0 -1.268967044e-01 -1.865354923e-02
6 1  3.391142730e-01 -8.770556044e-03
6 2 -5.035716170e-01  1.927873152e-01
6 3  1.481045822e+00 -7.863243895e-01
6 4  9.982780839e-01  3.327186542e+00
6 5  4.334457931e+00 -6.749643027e+00
6 6 -3.013078433e+01  2.940804362e-14
6 7  8.746658085e+00  8.737838390e+00
6 8 -1.098292838e+00 -9.837602266e-01
6 9 -3.547299250e-01 -1.237523209e+00
6 10  1.528566400e+00 -2.375722131e+00
6 11  9.476934570e-01 -7.905341323e-01
7 0 -8.505080164e-03  1.019220547e-01
7 1 -6.077869723e-03 -2.413972499e-01
7 2  2.091820572e-01  4.295037556e-01
7 3 -4.028935913e-01 -6.139027149e-01
7 4  2.467936115e+00  4.614070447e-01
7 5 -4.913841072e-01  2.855162645e+00
7 6  8.746658085e+00 -8.737838390e+00
7 7 -3.625893688e+01  2.169359176e-13
7 8  1.194069528e+01  8.245919990e+00
7 9  5.790678217e-01  1.908893401e+00
7 10 -1.310299743e+00 -2.478689020e+00
7 11 -8.436046345e-01  6.661843327e-01
8 0  6.888668758e-02  1.994040250e-02
8 1 -1.597736076e-01 -2.422715255e-02
8 2  3.262533229e-01 -5.739474457e-02
8 3 -3.787380326e-01  3.216477318e-01
8 4  7.090821299e-01 -9.388686970e-01
8 5  2.005962889e+00  2.101992378e+00
8 6 -1.098292838e+00  9.837602266e-01
8 7  1.194069528e+01 -8.245919990e+00
8 8 -4.177927099e+01  9.632242967e-14
8 9  1.196743264e+01  4.034012994e+00
8 10  1.606624366e+00  2.270398840e+00
8 11  1.169234923e+00  4.165212975e+00
9 0  5.503395750e-02 -2.168913994e-02
9 1 -1.212819513e-01  5.253596696e-02
9 2  1.403026647e-01 -1.623126437e-01
9 3 -1.201378797e-01  3.031365325e-01
9 4 -8.639557294e-02 -5.734274994e-01
9 5  1.172188625e+00  4.320579200e-01
9 6 -3.547299250e-01  1.237523209e+00
9 7  5.790678217e-01 -1.908893401e+00
9 8  1.196743264e+01 -4.034012994e+00
9 9 -5.877672218e+01  4.625932007e-13
9 10  2.567716661e+01  6.099022096e+00
9 11  8.097346388e+00  9.817639123e+00
10 0 -2.938205088e-02 -7.469430032e-02
10 1  5.282548398e-02  1.364220585e-01
10 2 -2.074245514e-01 -2.040173452e-01
10 3  3.605624057e-01  1.921439347e-01
10 4 -7.285091641e-01  1.747820242e-01
10 5  8.113748847e-01 -7.616291036e-01
10 6  1.528566400e+00  2.375722131e+00
10 7 -1.310299743e+00  2.478689020e+00
10 8  1.606624366e+00 -2.270398840e+00
10 9  2.567716661e+01 -6.099022096e+00
10 10 -6.302611354e+01 -3.965486611e-14
10 11  1.859407507e+01  1.217435152e+01
11 0  2.560919099e-02 -6.422741523e-02
11 1  5.658084817e-02  9.437495092e-02
11 2  3.894785847e-02 -2.340944656e-01
11 3  4.027521660e-01  1.446574196e-01
11 4 -1.560326620e-01 -3.039137314e-01
11 5  1.257067778e+00 -7.586789990e-01
11 6  9.476934570e-01  7.905341323e-01
11 7 -8.436046345e-01 -6.661843327e-01
11 8  1.169234923e+00 -4.165212975e+00
11 9  8.097346388e+00 -9.817639123e+00
11 10  1.859407507e+01 -1.217435152e+01
11 11 -5.678505824e+01 -3.723651596e-13
0  2.968085276e-02 -9.767766739e-04 -1.179028423e-01 -1.453905778e-02
1  4.883840779e-02 -9.623926600e-04  1.470457560e-01  4.438271257e-02
2  6.785673307e-02 -2.379232932e-03 -1.456418102e-01 -8.999445579e-02
3  9.602953052e-02 -2.559660712e-03  1.065414618e-01  1.482867587e-01
4  1.306426949e-01 -5.658043567e-03 -8.566760674e-03 -1.893355331e-01
5  1.679525471e-01 -6.658391440e-03 -1.329937482e-01  1.377942997e-01
6  2.021335305e-01 -9.178257079e-03  1.803381621e-01  5.601474823e-02
7  2.245396933e-01 -1.179520108e-02  3.489964231e-02 -1.793796298e-01
8  2.446046368e-01 -1.319879480e-02 -1.609949208e-01 -7.054381892e-02
9  2.696144162e-01 -1.533483561e-02 -1.522163146e-01  6.875044394e-02
10  2.619084264e-01 -1.463685317e-02 -8.307776284e-02  1.331075334e-01
11  1.632714650e-01 -1.246173769e-01 -2.501505456e-02  1.452845861e-01
