 1.695500020e+00 -1.803786410e+00  8.562889302e-01  3.448733714e+00  9.323172094e-01  4.443178073e+00  9.949867376e-01  9.329146340e-01  7.023217390e+00 512 3 10
 0.000000000e+00  0.000000000e+00  2.224406078e-05
 1.956947162e-03  2.908443783e-02  1.345594638e-01
 3.913894325e-03  4.113359817e-02  1.902649778e-01
 5.870841487e-03  5.038066004e-02  2.329896939e-01
 7.827788650e-03  5.817752392e-02  2.689901311e-01
 9.784735812e-03  6.504781903e-02  3.006902543e-01
 1.174168297e-02  7.126008694e-02  3.293332961e-01
 1.369863014e-02  7.697385023e-02  3.556578137e-01
 1.565557730e-02  8.229304495e-02  3.801450195e-01
 1.761252446e-02  8.728986448e-02  4.031291589e-01
 1.956947162e-02  9.201687200e-02  4.248533479e-01
 2.152641879e-02  9.651374834e-02  4.455017189e-01
 2.348336595e-02  1.008113093e-01  4.652220881e-01
 2.544031311e-02  1.049340279e-01  4.841231476e-01
 2.739726027e-02  1.089018072e-01  5.022930447e-01
 2.935420744e-02  1.127310654e-01  5.198061833e-01
 3.131115460e-02  1.164355320e-01  5.367239824e-01
 3.326810176e-02  1.200268343e-01  5.530972430e-01
 3.522504892e-02  1.235149239e-01  5.689724045e-01
 3.718199609e-02  1.269083779e-01  5.843892099e-01
 3.913894325e-02  1.302146593e-01  5.993816166e-01
 4.109589041e-02  1.334403108e-01  6.139793226e-01
 4.305283757e-02  1.365911061e-01  6.282084727e-01
 4.500978474e-02  1.396721715e-01  6.420921323e-01
 4.696673190e-02  1.426880838e-01  6.556508248e-01
 4.892367906e-02  1.456429490e-01  6.689033661e-01
 5.088062622e-02  1.485404655e-01  6.818671925e-01
 5.283757339e-02  1.513839774e-01  6.945575175e-01
 5.479452055e-02  1.541765243e-01  7.069872916e-01
 5.675146771e-02  1.569208811e-01  7.191678813e-01
 5.870841487e-02  1.596195891e-01  7.311108803e-01
 6.066536204e-02  1.622749779e-01  7.428275881e-01
 6.262230920e-02  1.648891888e-01  7.543277141e-01
 6.457925636e-02  1.674641987e-01  7.656195714e-01
 6.653620352e-02  1.700018385e-01  7.767109575e-01
 6.849315068e-02  1.725038066e-01  7.876092310e-01
 7.045009785e-02  1.749716821e-01  7.983212398e-01
 7.240704501e-02  1.774069358e-01  8.088540631e-01
 7.436399217e-02  1.798109383e-01  8.192141548e-01
 7.632093933e-02  1.821849717e-01  8.294059023e-01
 7.827788650e-02  1.845302408e-01  8.394339166e-01
 8.023483366e-02  1.868478764e-01  8.493042370e-01
 8.219178082e-02  1.891389377e-01  8.590218219e-01
 8.414872798e-02  1.914044223e-01  8.685905985e-01
 8.610567515e-02  1.936452724e-01  8.780141452e-01
 8.806262231e-02  1.958623781e-01  8.872958659e-01
 9.001956947e-02  1.980565817e-01  8.964398403e-01
 9.197651663e-02  2.002286790e-01  9.054497257e-01
 9.393346380e-02  2.023794242e-01  9.143285959e-01
 9.589041096e-02  2.045095334e-01  9.230792558e-01
 9.784735812e-02  2.066196876e-01  9.317043139e-01
 9.980430528e-02  2.087105348e-01  9.402061909e-01
 1.017612524e-01  2.107826926e-01  9.485878838e-01
 1.037181996e-01  2.128367480e-01  9.568522998e-01
 1.056751468e-01  2.148732604e-01  9.650018938e-01
 1.076320939e-01  2.168927645e-01  9.730375670e-01
 1.095890411e-01  2.188957743e-01  9.809614527e-01
 1.115459883e-01  2.208827797e-01  9.887763159e-01
 1.135029354e-01  2.228542489e-01  9.964838272e-01
 1.154598826e-01  2.248106312e-01  1.004086206e+00
 1.174168297e-01  2.267523566e-01  1.011584560e+00
 1.193737769e-01  2.286798397e-01  1.018980029e+00
 1.213307241e-01  2.305934785e-01  1.026275181e+00
 1.232876712e-01  2.324936539e-01  1.033471122e+00
 1.252446184e-01  2.343807334e-01  1.040569466e+00
 1.272015656e-01  2.362550702e-01  1.047571556e+00
 1.291585127e-01  2.381170048e-01  1.054478156e+00
 1.311154599e-01  2.399668663e-01  1.061290547e+00
 1.330724070e-01  2.418049715e-01  1.068010835e+00
 1.350293542e-01  2.436316246e-01  1.074639727e+00
 1.369863014e-01  2.454471206e-01  1.081178650e+00
 1.389432485e-01  2.472517440e-01  1.087628046e+00
 1.409001957e-01  2.490457709e-01  1.093988729e+00
 1.428571429e-01  2.508294681e-01  1.100262300e+00
 1.448140900e-01  2.526030929e-01  1.106449998e+00
 1.467710372e-01  2.543668942e-01  1.112552566e+00
 1.487279843e-01  2.561211136e-01  1.118570457e+00
 1.506849315e-01  2.578659860e-01  1.124504370e+00
 1.526418787e-01  2.596017387e-01  1.130355902e+00
 1.545988258e-01  2.613285912e-01  1.136125788e+00
 1.565557730e-01  2.630467572e-01  1.141814383e+00
 1.585127202e-01  2.647564445e-01  1.147422772e+00
 1.604696673e-01  2.664578545e-01  1.152951297e+00
 1.624266145e-01  2.681511835e-01  1.158400784e+00
 1.643835616e-01  2.698366218e-01  1.163772604e+00
 1.663405088e-01  2.715143539e-01  1.169066638e+00
 1.682974560e-01  2.731845605e-01  1.174284066e+00
 1.702544031e-01  2.748474165e-01  1.179425404e+00
 1.722113503e-01  2.765030925e-01  1.184490813e+00
 1.741682975e-01  2.781517554e-01  1.189481415e+00
 1.761252446e-01  2.797935668e-01  1.194397517e+00
 1.780821918e-01  2.814286849e-01  1.199239919e+00
 1.800391389e-01  2.830572632e-01  1.204009642e+00
 1.819960861e-01  2.846794515e-01  1.208706243e+00
 1.839530333e-01  2.862953971e-01  1.213330645e+00
 1.859099804e-01  2.879052428e-01  1.217883805e+00
 1.878669276e-01  2.895091278e-01  1.222365774e+00
 1.898238748e-01  2.911071887e-01  1.226777521e+00
 1.917808219e-01  2.926995583e-01  1.231119109e+00
 1.937377691e-01  2.942863672e-01  1.235390861e+00
 1.956947162e-01  2.958677426e-01  1.239594102e+00
 1.976516634e-01  2.974438083e-01  1.243728719e+00
 1.996086106e-01  2.990146863e-01  1.247795176e+00
 2.015655577e-01  3.005804957e-01  1.251794156e+00
 2.035225049e-01  3.021413526e-01  1.255725883e+00
 2.054794521e-01  3.036973713e-01  1.259591183e+00
 2.074363992e-01  3.052486630e-01  1.263390367e+00
 2.093933464e-01  3.067953371e-01  1.267123425e+00
 2.113502935e-01  3.083375010e-01  1.270791255e+00
 2.133072407e-01  3.098752593e-01  1.274394553e+00
 2.152641879e-01  3.114087145e-01  1.277933249e+00
 2.172211350e-01  3.129379676e-01  1.281408117e+00
 2.191780822e-01  3.144631172e-01  1.284819213e+00
 2.211350294e-01  3.159842604e-01  1.288167050e+00
 2.230919765e-01  3.175014922e-01  1.291452504e+00
 2.250489237e-01  3.190149055e-01  1.294675523e+00
 2.270058708e-01  3.205245921e-01  1.297836552e+00
 2.289628180e-01  3.220306418e-01  1.300936265e+00
 2.309197652e-01  3.235331425e-01  1.303974835e+00
 2.328767123e-01  3.250321810e-01  1.306952844e+00
 2.348336595e-01  3.265278420e-01  1.309870756e+00
 2.367906067e-01  3.280202090e-01  1.312728652e+00
 2.387475538e-01  3.295093643e-01  1.315527316e+00
 2.407045010e-01  3.309953882e-01  1.318267069e+00
 2.426614481e-01  3.324783598e-01  1.320948033e+00
 2.446183953e-01  3.339583573e-01  1.323570909e+00
 2.465753425e-01  3.354354570e-01  1.326135971e+00
 2.485322896e-01  3.369097343e-01  1.328643709e+00
 2.504892368e-01  3.383812631e-01  1.331094720e+00
 2.524461840e-01  3.398501160e-01  1.333489040e+00
 2.544031311e-01  3.413163648e-01  1.335827121e+00
 2.563600783e-01  3.427800800e-01  1.338109533e+00
 2.583170254e-01  3.442413308e-01  1.340336661e+00
 2.602739726e-01  3.457001855e-01  1.342509065e+00
 2.622309198e-01  3.471567109e-01  1.344626917e+00
 2.641878669e-01  3.486109734e-01  1.346690580e+00
 2.661448141e-01  3.500630380e-01  1.348700557e+00
 2.681017613e-01  3.515129688e-01  1.350657410e+00
 2.700587084e-01  3.529608287e-01  1.352561490e+00
 2.720156556e-01  3.544066798e-01  1.354413135e+00
 2.739726027e-01  3.558505834e-01  1.356212736e+00
 2.759295499e-01  3.572925997e-01  1.357960721e+00
 2.778864971e-01  3.587327882e-01  1.359657635e+00
 2.798434442e-01  3.601712071e-01  1.361303858e+00
 2.818003914e-01  3.616079143e-01  1.362899737e+00
 2.837573386e-01  3.630429664e-01  1.364445682e+00
 2.857142857e-01  3.644764195e-01  1.365942136e+00
 2.876712329e-01  3.659083287e-01  1.367389591e+00
 2.896281800e-01  3.673387485e-01  1.368788416e+00
 2.915851272e-01  3.687677324e-01  1.370139053e+00
 2.935420744e-01  3.701953332e-01  1.371441943e+00
 2.954990215e-01  3.716216030e-01  1.372697563e+00
 2.974559687e-01  3.730465931e-01  1.373906358e+00
 2.994129159e-01  3.744703541e-01  1.375068695e+00
 3.013698630e-01  3.758929360e-01  1.376184951e+00
 3.033268102e-01  3.773143881e-01  1.377255536e+00
 3.052837573e-01  3.787347590e-01  1.378280924e+00
 3.072407045e-01  3.801540966e-01  1.379261556e+00
 3.091976517e-01  3.815724484e-01  1.380197810e+00
 3.111545988e-01  3.829898609e-01  1.381090017e+00
 3.131115460e-01  3.844063805e-01  1.381938526e+00
 3.150684932e-01  3.858220529e-01  1.382743728e+00
 3.170254403e-01  3.872369230e-01  1.383506108e+00
 3.189823875e-01  3.886510354e-01  1.384226020e+00
 3.209393346e-01  3.900644341e-01  1.384903835e+00
 3.228962818e-01  3.914771625e-01  1.385539849e+00
 3.248532290e-01  3.928892638e-01  1.386134357e+00
 3.268101761e-01  3.943007804e-01  1.386687859e+00
 3.287671233e-01  3.957117544e-01  1.387200754e+00
 3.307240705e-01  3.971222274e-01  1.387673364e+00
 3.326810176e-01  3.985322404e-01  1.388106045e+00
 3.346379648e-01  3.999418341e-01  1.388498954e+00
 3.365949119e-01  4.013510490e-01  1.388852508e+00
 3.385518591e-01  4.027599249e-01  1.389167197e+00
 3.405088063e-01  4.041685013e-01  1.389443357e+00
 3.424657534e-01  4.055768172e-01  1.389681303e+00
 3.444227006e-01  4.069849112e-01  1.389881369e+00
 3.463796477e-01  4.083928216e-01  1.390043583e+00
 3.483365949e-01  4.098005867e-01  1.390168544e+00
 3.502935421e-01  4.112082439e-01  1.390256712e+00
 3.522504892e-01  4.126158303e-01  1.390308354e+00
 3.542074364e-01  4.140233829e-01  1.390323795e+00
 3.561643836e-01  4.154309380e-01  1.390303153e+00
 3.581213307e-01  4.168385322e-01  1.390246711e+00
 3.600782779e-01  4.182462015e-01  1.390155043e+00
 3.620352250e-01  4.196539812e-01  1.390028486e+00
 3.639921722e-01  4.210619067e-01  1.389867298e+00
 3.659491194e-01  4.224700130e-01  1.389671822e+00
 3.679060665e-01  4.238783346e-01  1.389442029e+00
 3.698630137e-01  4.252869064e-01  1.389178440e+00
 3.718199609e-01  4.266957624e-01  1.388881582e+00
 3.737769080e-01  4.281049363e-01  1.388551731e+00
 3.757338552e-01  4.295144616e-01  1.388189156e+00
 3.776908023e-01  4.309243717e-01  1.387794031e+00
 3.796477495e-01  4.323346997e-01  1.387366449e+00
 3.816046967e-01  4.337454787e-01  1.386907036e+00
 3.835616438e-01  4.351567412e-01  1.386416199e+00
 3.855185910e-01  4.365685192e-01  1.385894216e+00
 3.874755382e-01  4.379808449e-01  1.385341280e+00
 3.894324853e-01  4.393937501e-01  1.384757564e+00
 3.913894325e-01  4.408072666e-01  1.384143306e+00
 3.933463796e-01  4.422214260e-01  1.383499113e+00
 3.953033268e-01  4.436362591e-01  1.382825320e+00
 3.972602740e-01  4.450517968e-01  1.382122140e+00
 3.992172211e-01  4.464680698e-01  1.381389776e+00
 4.011741683e-01  4.478851088e-01  1.380628463e+00
 4.031311155e-01  4.493029442e-01  1.379838489e+00
 4.050880626e-01  4.507216060e-01  1.379020401e+00
 4.070450098e-01  4.521411240e-01  1.378174512e+00
 4.090019569e-01  4.535615278e-01  1.377301022e+00
 4.109589041e-01  4.549828468e-01  1.376400055e+00
 4.129158513e-01  4.564051106e-01  1.375472001e+00
 4.148727984e-01  4.578283483e-01  1.374517169e+00
 4.168297456e-01  4.592525886e-01  1.373536053e+00
 4.187866928e-01  4.606778602e-01  1.372528926e+00
 4.207436399e-01  4.621041914e-01  1.371495813e+00
 4.227005871e-01  4.635316108e-01  1.370437178e+00
 4.246575342e-01  4.649601465e-01  1.369353269e+00
 4.266144814e-01  4.663898265e-01  1.368244445e+00
 4.285714286e-01  4.678206784e-01  1.367111123e+00
 4.305283757e-01  4.692527297e-01  1.365953446e+00
 4.324853229e-01  4.706860078e-01  1.364771635e+00
 4.344422701e-01  4.721205402e-01  1.363566228e+00
 4.363992172e-01  4.735563536e-01  1.362337347e+00
 4.383561644e-01  4.749934750e-01  1.361085348e+00
 4.403131115e-01  4.764319310e-01  1.359810660e+00
 4.422700587e-01  4.778717480e-01  1.358513283e+00
 4.442270059e-01  4.793129525e-01  1.357193804e+00
 4.461839530e-01  4.807555705e-01  1.355852544e+00
 4.481409002e-01  4.821996278e-01  1.354489548e+00
 4.500978474e-01  4.836451503e-01  1.353105386e+00
 4.520547945e-01  4.850921636e-01  1.351700139e+00
 4.540117417e-01  4.865406931e-01  1.350274212e+00
 4.559686888e-01  4.879907641e-01  1.348828072e+00
 4.579256360e-01  4.894424013e-01  1.347361926e+00
 4.598825832e-01  4.908956297e-01  1.345875979e+00
 4.618395303e-01  4.923504741e-01  1.344370566e+00
 4.637964775e-01  4.938069589e-01  1.342845902e+00
 4.657534247e-01  4.952651085e-01  1.341302564e+00
 4.677103718e-01  4.967249470e-01  1.339740950e+00
 4.696673190e-01  4.981864979e-01  1.338161150e+00
 4.716242661e-01  4.996497852e-01  1.336563349e+00
 4.735812133e-01  5.011148325e-01  1.334947770e+00
 4.755381605e-01  5.025816635e-01  1.333315096e+00
 4.774951076e-01  5.040503010e-01  1.331665727e+00
 4.794520548e-01  5.055207677e-01  1.329999951e+00
 4.814090020e-01  5.069930863e-01  1.328317741e+00
 4.833659491e-01  5.084672798e-01  1.326619224e+00
 4.853228963e-01  5.099433707e-01  1.324905162e+00
 4.872798434e-01  5.114213810e-01  1.323176020e+00
 4.892367906e-01  5.129013323e-01  1.321432018e+00
 4.911937378e-01  5.143832463e-01  1.319673485e+00
 4.931506849e-01  5.158671446e-01  1.317900233e+00
 4.951076321e-01  5.173530489e-01  1.316112838e+00
 4.970645793e-01  5.188409803e-01  1.314311980e+00
 4.990215264e-01  5.203309593e-01  1.312497885e+00
 5.009784736e-01  5.218230065e-01  1.310670911e+00
 5.029354207e-01  5.233171423e-01  1.308831251e+00
 5.048923679e-01  5.248133868e-01  1.306978825e+00
 5.068493151e-01  5.263117606e-01  1.305114429e+00
 5.088062622e-01  5.278122830e-01  1.303238483e+00
 5.107632094e-01  5.293149734e-01  1.301351381e+00
 5.127201566e-01  5.308198508e-01  1.299453289e+00
 5.146771037e-01  5.323269343e-01  1.297544340e+00
 5.166340509e-01  5.338362428e-01  1.295624838e+00
 5.185909980e-01  5.353477949e-01  1.293695450e+00
 5.205479452e-01  5.368616086e-01  1.291756658e+00
 5.225048924e-01  5.383777014e-01  1.289808684e+00
 5.244618395e-01  5.398960910e-01  1.287851647e+00
 5.264187867e-01  5.414167949e-01  1.285885995e+00
 5.283757339e-01  5.429398301e-01  1.283912051e+00
 5.303326810e-01  5.444652133e-01  1.281930570e+00
 5.322896282e-01  5.459929604e-01  1.279941906e+00
 5.342465753e-01  5.475230873e-01  1.277946024e+00
 5.362035225e-01  5.490556099e-01  1.275943532e+00
 5.381604697e-01  5.505905432e-01  1.273934996e+00
 5.401174168e-01  5.521279020e-01  1.271920658e+00
 5.420743640e-01  5.536677006e-01  1.269901218e+00
 5.440313112e-01  5.552099529e-01  1.267876627e+00
 5.459882583e-01  5.567546727e-01  1.265847550e+00
 5.479452055e-01  5.583018730e-01  1.263814791e+00
 5.499021526e-01  5.598515659e-01  1.261778510e+00
 5.518590998e-01  5.614037639e-01  1.259739011e+00
 5.538160470e-01  5.629584786e-01  1.257696581e+00
 5.557729941e-01  5.645157217e-01  1.255652045e+00
 5.577299413e-01  5.660755033e-01  1.253606070e+00
 5.596868885e-01  5.676378334e-01  1.251559130e+00
 5.616438356e-01  5.692027213e-01  1.249511346e+00
 5.636007828e-01  5.707701764e-01  1.247462692e+00
 5.655577299e-01  5.723402078e-01  1.245414327e+00
 5.675146771e-01  5.739128231e-01  1.243367052e+00
 5.694716243e-01  5.754880289e-01  1.241321237e+00
 5.714285714e-01  5.770658319e-01  1.239277292e+00
 5.733855186e-01  5.786462381e-01  1.237234938e+00
 5.753424658e-01  5.802292540e-01  1.235195054e+00
 5.772994129e-01  5.818148841e-01  1.233158814e+00
 5.792563601e-01  5.834031320e-01  1.231126694e+00
 5.812133072e-01  5.849940008e-01  1.229099018e+00
 5.831702544e-01  5.865874933e-01  1.227075788e+00
 5.851272016e-01  5.881836122e-01  1.225057659e+00
 5.870841487e-01  5.897823588e-01  1.223045546e+00
 5.890410959e-01  5.913837335e-01  1.221040181e+00
 5.909980431e-01  5.929877357e-01  1.219041979e+00
 5.929549902e-01  5.945943645e-01  1.217050815e+00
 5.949119374e-01  5.962036190e-01  1.215067599e+00
 5.968688845e-01  5.978154967e-01  1.213092680e+00
 5.988258317e-01  5.994299949e-01  1.211126417e+00
 6.007827789e-01  6.010471104e-01  1.209169241e+00
 6.027397260e-01  6.026668394e-01  1.207221166e+00
 6.046966732e-01  6.042891778e-01  1.205282681e+00
 6.066536204e-01  6.059141210e-01  1.203354159e+00
 6.086105675e-01  6.075416636e-01  1.201435688e+00
 6.105675147e-01  6.091718002e-01  1.199527335e+00
 6.125244618e-01  6.108045254e-01  1.197629331e+00
 6.144814090e-01  6.124398329e-01  1.195741986e+00
 6.164383562e-01  6.140777161e-01  1.193865477e+00
 6.183953033e-01  6.157181683e-01  1.191999905e+00
 6.203522505e-01  6.173611824e-01  1.190145277e+00
 6.223091977e-01  6.190067513e-01  1.188301632e+00
 6.242661448e-01  6.206548675e-01  1.186469128e+00
 6.262230920e-01  6.223055234e-01  1.184647833e+00
 6.281800391e-01  6.239587112e-01  1.182837749e+00
 6.301369863e-01  6.256144229e-01  1.181038868e+00
 6.320939335e-01  6.272726505e-01  1.179251166e+00
 6.340508806e-01  6.289333860e-01  1.177474629e+00
 6.360078278e-01  6.305966212e-01  1.175709157e+00
 6.379647750e-01  6.322623481e-01  1.173954615e+00
 6.399217221e-01  6.339305586e-01  1.172210980e+00
 6.418786693e-01  6.356012447e-01  1.170478111e+00
 6.438356164e-01  6.372743985e-01  1.168755820e+00
 6.457925636e-01  6.389500121e-01  1.167044103e+00
 6.477495108e-01  6.406280776e-01  1.165342652e+00
 6.497064579e-01  6.423085877e-01  1.163651354e+00
 6.516634051e-01  6.439915349e-01  1.161969904e+00
 6.536203523e-01  6.456769123e-01  1.160297982e+00
 6.555772994e-01  6.473647131e-01  1.158635431e+00
 6.575342466e-01  6.490549307e-01  1.156982221e+00
 6.594911937e-01  6.507475585e-01  1.155338118e+00
 6.614481409e-01  6.524425903e-01  1.153702516e+00
 6.634050881e-01  6.541400209e-01  1.152075047e+00
 6.653620352e-01  6.558398452e-01  1.150455411e+00
 6.673189824e-01  6.575420584e-01  1.148843607e+00
 6.692759295e-01  6.592466559e-01  1.147239285e+00
 6.712328767e-01  6.609536335e-01  1.145642072e+00
 6.731898239e-01  6.626629876e-01  1.144051367e+00
 6.751467710e-01  6.643747155e-01  1.142466682e+00
 6.771037182e-01  6.660888149e-01  1.140887886e+00
 6.790606654e-01  6.678052837e-01  1.139314793e+00
 6.810176125e-01  6.695241202e-01  1.137746706e+00
 6.829745597e-01  6.712453238e-01  1.136183067e+00
 6.849315068e-01  6.729688945e-01  1.134623912e+00
 6.868884540e-01  6.746948322e-01  1.133068653e+00
 6.888454012e-01  6.764231381e-01  1.131516618e+00
 6.908023483e-01  6.781538139e-01  1.129967405e+00
 6.927592955e-01  6.798868623e-01  1.128420646e+00
 6.947162427e-01  6.816222863e-01  1.126875645e+00
 6.966731898e-01  6.833600900e-01  1.125332599e+00
 6.986301370e-01  6.851002771e-01  1.123790784e+00
 7.005870841e-01  6.868428529e-01  1.122249235e+00
 7.025440313e-01  6.885878241e-01  1.120707501e+00
 7.045009785e-01  6.903351977e-01  1.119165499e+00
 7.064579256e-01  6.920849810e-01  1.117622841e+00
 7.084148728e-01  6.938371823e-01  1.116078489e+00
 7.103718200e-01  6.955918115e-01  1.114532142e+00
 7.123287671e-01  6.973488786e-01  1.112983490e+00
 7.142857143e-01  6.991083945e-01  1.111431796e+00
 7.162426614e-01  7.008703713e-01  1.109876795e+00
 7.181996086e-01  7.026348215e-01  1.108317743e+00
 7.201565558e-01  7.044017592e-01  1.106753845e+00
 7.221135029e-01  7.061711997e-01  1.105184499e+00
 7.240704501e-01  7.079431590e-01  1.103609841e+00
 7.260273973e-01  7.097176530e-01  1.102029350e+00
 7.279843444e-01  7.114946991e-01  1.100441844e+00
 7.299412916e-01  7.132743167e-01  1.098846924e+00
 7.318982387e-01  7.150565255e-01  1.097244011e+00
 7.338551859e-01  7.168413466e-01  1.095632774e+00
 7.358121331e-01  7.186288016e-01  1.094012519e+00
 7.377690802e-01  7.204189137e-01  1.092382312e+00
 7.397260274e-01  7.222117077e-01  1.090742118e+00
 7.416829746e-01  7.240072081e-01  1.089091377e+00
 7.436399217e-01  7.258054412e-01  1.087429458e+00
 7.455968689e-01  7.276064343e-01  1.085755794e+00
 7.475538160e-01  7.294102161e-01  1.084069493e+00
 7.495107632e-01  7.312168168e-01  1.082370047e+00
 7.514677104e-01  7.330262675e-01  1.080657093e+00
 7.534246575e-01  7.348386003e-01  1.078930400e+00
 7.553816047e-01  7.366538475e-01  1.077189646e+00
 7.573385519e-01  7.384720431e-01  1.075433936e+00
 7.592954990e-01  7.402932223e-01  1.073662973e+00
 7.612524462e-01  7.421174213e-01  1.071876255e+00
 7.632093933e-01  7.439446774e-01  1.070073261e+00
 7.651663405e-01  7.457750291e-01  1.068253560e+00
 7.671232877e-01  7.476085161e-01  1.066416702e+00
 7.690802348e-01  7.494451789e-01  1.064562363e+00
 7.710371820e-01  7.512850592e-01  1.062690102e+00
 7.729941292e-01  7.531281998e-01  1.060799345e+00
 7.749510763e-01  7.549746449e-01  1.058889844e+00
 7.769080235e-01  7.568244396e-01  1.056960957e+00
 7.788649706e-01  7.586776306e-01  1.055012062e+00
 7.808219178e-01  7.605342665e-01  1.053041894e+00
 7.827788650e-01  7.623943983e-01  1.051050330e+00
 7.847358121e-01  7.642580770e-01  1.049037643e+00
 7.866927593e-01  7.661253544e-01  1.047002491e+00
 7.886497065e-01  7.679962852e-01  1.044945210e+00
 7.906066536e-01  7.698709240e-01  1.042862810e+00
 7.925636008e-01  7.717493311e-01  1.040757723e+00
 7.945205479e-01  7.736315578e-01  1.038636112e+00
 7.964774951e-01  7.755176454e-01  1.036501332e+00
 7.984344423e-01  7.774076318e-01  1.034355472e+00
 8.003913894e-01  7.793015501e-01  1.032202044e+00
 8.023483366e-01  7.811994242e-01  1.030049278e+00
 8.043052838e-01  7.831012585e-01  1.027910102e+00
 8.062622309e-01  7.850070310e-01  1.025800846e+00
 8.082191781e-01  7.869166921e-01  1.023725719e+00
 8.101761252e-01  7.888301849e-01  1.021699860e+00
 8.121330724e-01  7.907474104e-01  1.019750313e+00
 8.140900196e-01  7.926682203e-01  1.017893012e+00
 8.160469667e-01  7.945924466e-01  1.016133388e+00
 8.180039139e-01  7.965199142e-01  1.014472639e+00
 8.199608611e-01  7.984504459e-01  1.012909604e+00
 8.219178082e-01  8.003838643e-01  1.011449685e+00
 8.238747554e-01  8.023199837e-01  1.010083224e+00
 8.258317025e-01  8.042586501e-01  1.008785558e+00
 8.277886497e-01  8.061997494e-01  1.007562960e+00
 8.297455969e-01  8.081431535e-01  1.006387385e+00
 8.317025440e-01  8.100888245e-01  1.005200518e+00
 8.336594912e-01  8.120368281e-01  1.003974804e+00
 8.356164384e-01  8.139872528e-01  1.002706367e+00
 8.375733855e-01  8.159401871e-01  1.001403131e+00
 8.395303327e-01  8.178957170e-01  1.000036586e+00
 8.414872798e-01  8.198540052e-01  9.985788173e-01
 8.434442270e-01  8.218152541e-01  9.970132827e-01
 8.454011742e-01  8.237796827e-01  9.953524965e-01
 8.473581213e-01  8.257474677e-01  9.936198594e-01
 8.493150685e-01  8.277187436e-01  9.918314245e-01
 8.512720157e-01  8.296936163e-01  9.900067501e-01
 8.532289628e-01  8.316721466e-01  9.881769686e-01
 8.551859100e-01  8.336543386e-01  9.863524105e-01
 8.571428571e-01  8.356401927e-01  9.845270163e-01
 8.590998043e-01  8.376297013e-01  9.827456357e-01
 8.610567515e-01  8.396227343e-01  9.810586070e-01
 8.630136986e-01  8.416190791e-01  9.794909799e-01
 8.649706458e-01  8.436184861e-01  9.780600135e-01
 8.669275930e-01  8.456206729e-01  9.767716988e-01
 8.688845401e-01  8.476253450e-01  9.756377833e-01
 8.708414873e-01  8.496321686e-01  9.746879050e-01
 8.727984344e-01  8.516407498e-01  9.739315133e-01
 8.747553816e-01  8.536506937e-01  9.733688772e-01
 8.767123288e-01  8.556616108e-01  9.729860939e-01
 8.786692759e-01  8.576731506e-01  9.727635287e-01
 8.806262231e-01  8.596850055e-01  9.726778121e-01
 8.825831703e-01  8.616969203e-01  9.726989946e-01
 8.845401174e-01  8.637087011e-01  9.728005706e-01
 8.864970646e-01  8.657201948e-01  9.729804646e-01
 8.884540117e-01  8.677312456e-01  9.732382261e-01
 8.904109589e-01  8.697417392e-01  9.735004223e-01
 8.923679061e-01  8.717517571e-01  9.736716233e-01
 8.943248532e-01  8.737615312e-01  9.737380592e-01
 8.962818004e-01  8.757712554e-01  9.737358727e-01
 8.982387476e-01  8.777810658e-01  9.736511203e-01
 9.001956947e-01  8.797911807e-01  9.734275064e-01
 9.021526419e-01  8.818019408e-01  9.730129854e-01
 9.041095890e-01  8.838137657e-01  9.723996258e-01
 9.060665362e-01  8.858270672e-01  9.715844383e-01
 9.080234834e-01  8.878422700e-01  9.705646299e-01
 9.099804305e-01  8.898598015e-01  9.693421612e-01
 9.119373777e-01  8.918800812e-01  9.679316251e-01
 9.138943249e-01  8.939035032e-01  9.663317720e-01
 9.158512720e-01  8.959304810e-01  9.645354659e-01
 9.178082192e-01  8.979614397e-01  9.625523935e-01
 9.197651663e-01  8.999967857e-01  9.603788705e-01
 9.217221135e-01  9.020369505e-01  9.580078889e-01
 9.236790607e-01  9.040823771e-01  9.554476928e-01
 9.256360078e-01  9.061334919e-01  9.527009405e-01
 9.275929550e-01  9.081907300e-01  9.497639815e-01
 9.295499022e-01  9.102545303e-01  9.466575775e-01
 9.315068493e-01  9.123252762e-01  9.434200015e-01
 9.334637965e-01  9.144033058e-01  9.400157141e-01
 9.354207436e-01  9.164890829e-01  9.364157613e-01
 9.373776908e-01  9.185830930e-01  9.326528422e-01
 9.393346380e-01  9.206857411e-01  9.287428035e-01
 9.412915851e-01  9.227974561e-01  9.246452119e-01
 9.432485323e-01  9.249187819e-01  9.203326214e-01
 9.452054795e-01  9.270502702e-01  9.158573819e-01
 9.471624266e-01  9.291922836e-01  9.113925586e-01
 9.491193738e-01  9.313449002e-01  9.067800881e-01
 9.510763209e-01  9.335087911e-01  9.019079858e-01
 9.530332681e-01  9.356847315e-01  8.964239912e-01
 9.549902153e-01  9.378735198e-01  8.911727098e-01
 9.569471624e-01  9.400708728e-01  8.926664551e-01
 9.589041096e-01  9.422596063e-01  8.955590333e-01
 9.608610568e-01  9.444444136e-01  8.953050516e-01
 9.628180039e-01  9.466349058e-01  8.906963635e-01
 9.647749511e-01  9.488425162e-01  8.813461055e-01
 9.667318982e-01  9.510795553e-01  8.679053453e-01
 9.686888454e-01  9.533584030e-01  8.480775289e-01
 9.706457926e-01  9.557000307e-01  8.217611361e-01
 9.726027397e-01  9.581230490e-01  7.935676706e-01
 9.745596869e-01  9.606331894e-01  7.659184000e-01
 9.765166341e-01  9.632335953e-01  7.395890579e-01
 9.784735812e-01  9.659250324e-01  7.150974044e-01
 9.804305284e-01  9.687060974e-01  6.927642212e-01
 9.823874755e-01  9.715734270e-01  6.727674979e-01
 9.843444227e-01  9.745219059e-01  6.551868585e-01
 9.863013699e-01  9.775448728e-01  6.400379854e-01
 9.882583170e-01  9.806343244e-01  6.272982766e-01
 9.902152642e-01  9.837811177e-01  6.169253891e-01
 9.921722114e-01  9.869751670e-01  6.088703219e-01
 9.941291585e-01  9.902056392e-01  6.030864581e-01
 9.960861057e-01  9.934611431e-01  5.995356794e-01
 9.980430528e-01  9.967299152e-01  5.985594567e-01
 1.000000000e+00  1.000000000e+00  5.983190664e-01
4  4.322667493e-01  6.967865126e-01  1.015598199e+00  7.558961428e-01  9.537171578e-01  4.845863178e+01  4.336593368e-01  9.955393402e-01  3.795534767e-01  2.742916989e+00
5  5.631257278e-01  9.960178996e-01  1.009383698e+00  6.217061459e-01  9.276311104e-01  2.964685743e+01  3.817658850e-01  1.059628833e+00  5.540263773e-01  2.841126395e+00
6  6.647410927e-01  1.203586286e+00  1.005935185e+00  5.313149926e-01  9.074992613e-01  2.228949097e+01  3.539064039e-01  1.150143097e+00  6.755652829e-01  2.785288453e+00
7  7.507252054e-01  1.328705723e+00  1.003392053e+00  4.661224726e-01  8.998505885e-01  1.850484673e+01  3.356284371e-01  1.250755390e+00  7.704420710e-01  2.689382148e+00
8  8.250442485e-01  1.559678110e+00  1.001367293e+00  4.167126846e-01  9.140573602e-01  1.678386785e+01  3.232784200e-01  1.374047509e+00  8.466591667e-01  2.580949813e+00
9  8.808489709e-01  2.168788010e+00  1.000207563e+00  3.773871630e-01  9.684310784e-01  1.719291278e+01  3.168520482e-01  1.557961925e+00  9.012252800e-01  2.446515544e+00
10  9.193574615e-01  2.393503256e+00  9.997407853e-01  3.450731141e-01  1.083517519e+00  2.010303963e+01  3.148840097e-01  1.855641109e+00  9.380993568e-01  2.297051427e+00
11  9.513684312e-01  2.676753984e+00  9.995612685e-01  3.186686926e-01  1.271565439e+00  2.592407275e+01  3.161518510e-01  2.322741708e+00  9.669823143e-01  2.160550263e+00
12  9.817215965e-01  5.533730037e+00  9.998878155e-01  2.966277609e-01  1.500984612e+00  3.389588236e+01  3.201811241e-01  3.053897809e+00  9.889382245e-01  2.044359546e+00
13  9.916083002e-01  1.169847986e+01  9.999980192e-01  2.760252499e-01  1.728847500e+00  4.279921796e+01  3.243662101e-01  5.093593799e+00  9.949737671e-01  1.906315786e+00
0 0 -1.233619205e-01 -1.631698015e-18
0 1  1.343157680e-02 -6.088280243e-03
0 2 -1.443127769e-02  7.487275334e-03
0 3  2.868729863e-03 -8.440537907e-03
0 4  1.487501120e-03  6.604281272e-03
0 5 -5.817316380e-03 -1.022684140e-03
0 6  1.134641550e-03 -4.473518285e-03
0 7  3.856278006e-03 -2.255278051e-04
0 8  2.311924323e-03  2.570810985e-03
0 9  6.187238934e-04  3.146762845e-03
1 0 -1.088794399e-01 -4.935299499e-02
1 1 -9.503855859e-02  2.845972199e-17
1 2  8.727154287e-03 -8.798095922e-03
1 3 -1.232238135e-02  1.055454544e-02
1 4 -3.153651926e-03 -9.628264902e-03
1 5  5.885229334e-03  2.695606127e-03
1 6 -3.657019639e-03  5.503267522e-03
1 7 -5.804808598e-03 -7.456975469e-04
1 8 -2.877421516e-03 -3.960548666e-03
1 9 -4.761961901e-04 -4.275722459e-03
2 0  1.169832444e-01  6.069356982e-02
2 1 -9.182751102e-02 -9.257396211e-02
2 2 -7.581987453e-02 -4.248090521e-17
2 3  3.705985162e-03 -1.071269425e-02
2 4 -6.940225585e-03  1.110292680e-02
2 5 -9.356552955e-03 -5.627375795e-03
2 6  3.452691618e-03 -5.005946443e-03
2 7  4.250338473e-03  2.593045458e-03
2 8  4.340279591e-04  5.008669337e-03
2 9 -2.039840308e-03  4.513436407e-03
3 0 -2.325458174e-02 -6.842093472e-02
3 1  1.296566524e-01  1.110554032e-01
3 2 -4.887880895e-02 -1.412913740e-01
3 3 -6.234622500e-02 -4.952133554e-17
3 4 -8.478320047e-04 -1.216462003e-02
3 5 -1.221466498e-03  8.992981125e-03
3 6 -1.093408724e-02  2.040240658e-03
3 7 -6.104900828e-03 -5.452548459e-03
3 8 -2.564732317e-04 -5.522989437e-03
3 9  2.180508573e-03 -3.715577926e-03
4 0 -1.205802499e-02  5.353581759e-02
4 1  3.318286780e-02 -1.013090376e-01
4 2  9.153570390e-02  1.464382113e-01
4 3  1.359877049e-02 -1.951139789e-01
4 4 -5.237153331e-02  1.236325894e-16
4 5 -5.758180069e-03 -1.324928334e-02
4 6  2.670225268e-03  3.374917585e-03
4 7 -4.540987474e-03  7.073765954e-03
4 8 -7.860992616e-03  3.323260551e-03
4 9 -7.942546792e-03  2.424405089e-04
5 0  4.715649982e-02 -8.290112023e-03
5 1 -6.192464849e-02  2.836328924e-02
5 2  1.234050177e-01 -7.422032587e-02
5 3  1.959166731e-02  1.442425925e-01
5 4  1.099486630e-01 -2.529863554e-01
5 5 -4.401884581e-02 -2.459223054e-17
5 6 -1.068542132e-02 -1.264018922e-02
5 7  1.429883970e-03 -4.602763304e-03
5 8  1.879352019e-03  2.044122596e-03
5 9 -5.220972960e-05  4.243387449e-03
6 0 -9.197664447e-03 -3.626336448e-02
6 1  3.847932558e-02  5.790562908e-02
6 2 -4.553808140e-02 -6.602419845e-02
6 3  1.753768932e-01  3.272436555e-02
6 4 -5.098619611e-02  6.444183265e-02
6 5  2.427465128e-01 -2.871540357e-01
6 6 -3.656693772e-02  5.562419040e-17
6 7 -1.360737627e-02 -9.091125588e-03
6 8 -3.933864368e-03 -7.732242921e-03
6 9 -5.076529995e-04 -5.338769052e-03
7 0 -3.125987332e-02 -1.828180076e-03
7 1  6.107845788e-02 -7.846263221e-03
7 2 -5.605836860e-02  3.420007583e-02
7 3  9.791933398e-02 -8.745595196e-02
7 4  8.670717062e-02  1.350689106e-01
7 5 -3.248344983e-02 -1.045634709e-01
7 6  3.721223902e-01 -2.486159945e-01
7 7 -3.073727681e-02  1.492612964e-16
7 8 -1.341645827e-02 -5.482333199e-03
7 9 -8.844679204e-03 -6.911795915e-03
8 0 -1.874098842e-02  2.083958303e-02
8 1  3.027635897e-02 -4.167307170e-02
8 2 -5.724461584e-03  6.606011113e-02
8 3  4.113693038e-03 -8.858578747e-02
8 4  1.501004862e-01  6.345547554e-02
8 5 -4.269425934e-02  4.643744193e-02
8 6  1.075798142e-01 -2.114544833e-01
8 7  4.364881885e-01 -1.783610576e-01
8 8 -2.648366528e-02  6.296049042e-17
8 9 -1.505801726e-02 -3.303017526e-03
9 0 -5.015517682e-03  2.550838081e-02
9 1  5.010557790e-03 -4.498934456e-02
9 2  2.690376792e-02  5.952840775e-02
9 3 -3.497418766e-02 -5.959587651e-02
9 4  1.516577096e-01  4.629242139e-03
9 5  1.186076750e-03  9.639933466e-02
9 6  1.388284147e-02 -1.459998946e-01
9 7  2.877509045e-01 -2.248668924e-01
9 8  5.685775404e-01 -1.247190482e-01
9 9 -1.878676757e-02 -1.351671346e-16
0 0 -8.484932066e+00 -3.758832338e-17
0 1 -8.339278952e-01  5.502798961e-01
0 2  1.299933193e+00 -5.542267090e-01
0 3 -1.533496111e-01  4.340364722e-01
0 4 -3.103526110e-02 -2.935470526e-01
0 5  2.235388301e-01  5.396592335e-02
0 6 -4.078599136e-02  1.514306752e-01
0 7 -1.106129862e-01  1.054026300e-02
0 8 -6.520323904e-02 -6.965394877e-02
0 9  4.882703510e-02 -1.146791421e-01
1 0 -8.339278952e-01 -5.502798961e-01
1 1 -1.128771159e+01  7.718578512e-15
1 2 -6.898500928e-01  1.306537139e+00
1 3  1.911379920e+00 -1.326025843e+00
1 4  2.425165918e-01  8.156099391e-01
1 5 -3.851574451e-01 -2.449109870e-01
1 6  2.328113238e-01 -3.185167272e-01
1 7  2.770320000e-01  4.002254447e-02
1 8  1.157357709e-01  1.802185601e-01
1 9 -1.292544161e-01  2.179512633e-01
2 0  1.299933193e+00  5.542267090e-01
2 1 -6.898500928e-01 -1.306537139e+00
2 2 -1.436671667e+01 -3.614070535e-15
2 3 -8.005244156e-02  2.416776585e+00
2 4  1.870845938e+00 -2.220308215e+00
2 5  1.204779258e+00  7.988638909e-01
2 6 -4.052171936e-01  4.462732511e-01
2 7 -3.371645262e-01 -2.514989412e-01
2 8 -1.843122846e-02 -3.589274100e-01
2 9  4.186545270e-01 -2.910497348e-01
3 0 -1.533496111e-01 -4.340364722e-01
3 1  1.911379920e+00  1.326025843e+00
3 2 -8.005244156e-02 -2.416776585e+00
3 3 -1.786308801e+01 -9.120827788e-15
3 4  1.169637727e+00  3.932134314e+00
3 5  1.058745478e+00 -2.972395904e+00
3 6  2.145074726e+00 -2.793741488e-01
3 7  7.119912057e-01  7.560275434e-01
3 8 -9.743810342e-02  5.432896043e-01
3 9 -6.166561696e-01  9.164732304e-03
4 0 -3.103526110e-02  2.935470526e-01
4 1  2.425165918e-01 -8.156099391e-01
4 2  1.870845938e+00  2.220308215e+00
4 3  1.169637727e+00 -3.932134314e+00
4 4 -2.210075240e+01 -4.577651864e-14
4 5  3.692064518e+00  6.150967482e+00
4 6 -3.710771390e-01 -2.656850477e+00
4 7  1.502640030e+00 -1.918906574e+00
4 8  1.421153212e+00 -5.073740413e-01
4 9  1.463525331e+00  5.857046038e-01
5 0  2.235388301e-01 -5.396592335e-02
5 1 -3.851574451e-01  2.449109870e-01
5 2  1.204779258e+00 -7.988638909e-01
5 3  1.058745478e+00  2.972395904e+00
5 4  3.692064518e+00 -6.150967482e+00
5 5 -2.731449940e+01 -3.525256342e-14
5 6  7.851957542e+00  8.044414849e+00
5 7 -9.949774102e-01 -2.197019178e-01
5 8 -3.413335117e-01 -1.657375277e+00
5 9  1.445108692e+00 -2.887329557e+00
6 0 -4.078599136e-02 -1.514306752e-01
6 1  2.328113238e-01  3.185167272e-01
6 2 -4.052171936e-01 -4.462732511e-01
6 3  2.145074726e+00  2.793741488e-01
6 4 -3.710771390e-01  2.656850477e+00
6 5  7.851957542e+00 -8.044414849e+00
6 6 -3.399973167e+01 -2.130160478e-13
6 7  1.222688704e+01  7.411176636e+00
6 8  6.037133588e-01  2.071520534e+00
6 9 -1.424284633e+00 -1.527525039e+00
7 0 -1.106129862e-01 -1.054026300e-02
7 1  2.770320000e-01 -4.002254447e-02
7 2 -3.371645262e-01  2.514989412e-01
7 3  7.119912057e-01 -7.560275434e-01
7 4  1.502640030e+00  1.918906574e+00
7 5 -9.949774102e-01  2.197019178e-01
7 6  1.222688704e+01 -7.411176636e+00
7 7 -4.138590618e+01 -3.105020984e-13
7 8  1.415230965e+01  5.056382856e+00
7 9  3.290536546e+00  3.673671336e+00
8 0 -6.520323904e-02  6.965394877e-02
8 1  1.157357709e-01 -1.802185601e-01
8 2 -1.843122846e-02  3.589274100e-01
8 3 -9.743810342e-02 -5.432896043e-01
8 4  1.421153212e+00  5.073740413e-01
8 5 -3.413335117e-01  1.657375277e+00
8 6  6.037133588e-01 -2.071520534e+00
8 7  1.415230965e+01 -5.056382856e+00
8 8 -5.579497068e+01  3.698663222e-13
8 9  3.026478815e+01  6.638664567e+00
9 0  4.882703510e-02  1.146791421e-01
9 1 -1.292544161e-01 -2.179512633e-01
9 2  4.186545270e-01  2.910497348e-01
9 3 -6.166561696e-01 -9.164732305e-03
9 4  1.463525331e+00 -5.857046038e-01
9 5  1.445108692e+00  2.887329557e+00
9 6 -1.424284633e+00  1.527525039e+00
9 7  3.290536546e+00 -3.673671336e+00
9 8  3.026478815e+01 -6.638664567e+00
9 9 -5.322895471e+01  3.829719647e-13
0  4.986675435e-02 -1.209934171e-03 -1.409747849e-01 -2.457079322e-02
1  8.563456219e-02 -1.246263658e-03  1.647593687e-01  6.697140749e-02
2  1.188632708e-01 -3.579416907e-03 -1.435824152e-01 -1.280132493e-01
3  1.603327052e-01 -4.092300248e-03  6.265723842e-02  1.894371748e-01
4  2.075761649e-01 -8.036212588e-03  8.720707623e-02 -1.825443800e-01
5  2.464405877e-01 -1.003314632e-02 -1.992498327e-01  8.954420649e-03
6  2.739451199e-01 -1.143380912e-02  3.081821220e-02  1.898190690e-01
7  2.959212338e-01 -1.380467331e-02  1.800956672e-01  3.430091214e-02
8  3.096809342e-01 -1.634479062e-02  1.343511312e-01 -1.088671298e-01
9  2.948463329e-01 -1.902638248e-02  5.675738173e-02 -1.510728717e-01
