 1.695500020e+00 -1.796836750e+00  8.627661269e-01  3.331007166e+00  9.322610223e-01  4.328587394e+00  9.950386703e-01  9.245655490e-01  6.685151910e+00 512 3 10
 0.000000000e+00  0.000000000e+00  3.575984510e-05
 1.956947162e-03  2.942147392e-02  1.330104560e-01
 3.913894325e-03  4.161152442e-02  1.880575781e-01
 5.870841487e-03  5.096748333e-02  2.302687998e-01
 7.827788650e-03  5.885674273e-02  2.658306508e-01
 9.784735812e-03  6.580889958e-02  2.971407122e-01
 1.174168297e-02  7.209553763e-02  3.254290192e-01
 1.369863014e-02  7.787797455e-02  3.514265082e-01
 1.565557730e-02  8.326130737e-02  3.756095829e-01
 1.761252446e-02  8.831852943e-02  3.983092670e-01
 1.956947162e-02  9.310278126e-02  4.197662731e-01
 2.152641879e-02  9.765417548e-02  4.401633806e-01
 2.348336595e-02  1.020038517e-01  4.596504487e-01
 2.544031311e-02  1.061765151e-01  4.783322230e-01
 2.739726027e-02  1.101922953e-01  4.962937116e-01
 2.935420744e-02  1.140678053e-01  5.136078999e-01
 3.131115460e-02  1.178169411e-01  5.303345230e-01
 3.326810176e-02  1.214514788e-01  5.465221930e-01
 3.522504892e-02  1.249815044e-01  5.622176549e-01
 3.718199609e-02  1.284157014e-01  5.774607172e-01
 3.913894325e-02  1.317616251e-01  5.922850577e-01
 4.109589041e-02  1.350258982e-01  6.067200576e-01
 4.305283757e-02  1.382143651e-01  6.207915328e-01
 4.500978474e-02  1.413322151e-01  6.345221280e-01
 4.696673190e-02  1.443840819e-01  6.479320413e-01
 4.892367906e-02  1.473741224e-01  6.610400573e-01
 5.088062622e-02  1.503060795e-01  6.738637229e-01
 5.283757339e-02  1.531833367e-01  6.864181858e-01
 5.479452055e-02  1.560089691e-01  6.987160985e-01
 5.675146771e-02  1.587857849e-01  7.107684181e-01
 5.870841487e-02  1.615163568e-01  7.225867617e-01
 6.066536204e-02  1.642030415e-01  7.341828488e-01
 6.262230920e-02  1.668480038e-01  7.455663601e-01
 6.457925636e-02  1.694532428e-01  7.567448656e-01
 6.653620352e-02  1.720206124e-01  7.677257221e-01
 6.849315068e-02  1.745518319e-01  7.785170757e-01
 7.045009785e-02  1.770484969e-01  7.891264024e-01
 7.240704501e-02  1.795120923e-01  7.995598013e-01
 7.436399217e-02  1.819440062e-01  8.098229452e-01
 7.632093933e-02  1.843455368e-01  8.199208533e-01
 7.827788650e-02  1.867179020e-01  8.298586368e-01
 8.023483366e-02  1.890622432e-01  8.396427600e-01
 8.219178082e-02  1.913796292e-01  8.492778266e-01
 8.414872798e-02  1.936710684e-01  8.587664053e-01
 8.610567515e-02  1.959375157e-01  8.681123796e-01
 8.806262231e-02  1.981798711e-01  8.773200510e-01
 9.001956947e-02  2.003989841e-01  8.863939584e-01
 9.197651663e-02  2.025956568e-01  8.953374854e-01
 9.393346380e-02  2.047706504e-01  9.041528583e-01
 9.589041096e-02  2.069246898e-01  9.128426473e-01
 9.784735812e-02  2.090584635e-01  9.214099064e-01
 9.980430528e-02  2.111726255e-01  9.298580780e-01
 1.017612524e-01  2.132677967e-01  9.381900876e-01
 1.037181996e-01  2.153445687e-01  9.464079529e-01
 1.056751468e-01  2.174035075e-01  9.545130242e-01
 1.076320939e-01  2.194451549e-01  9.625073615e-01
 1.095890411e-01  2.214700280e-01  9.703942759e-01
 1.115459883e-01  2.234786187e-01  9.781765778e-01
 1.135029354e-01  2.254713976e-01  9.858547073e-01
 1.154598826e-01  2.274488190e-01  9.934299885e-01
 1.174168297e-01  2.294113184e-01  1.000904459e+00
 1.193737769e-01  2.313593126e-01  1.008280443e+00
 1.213307241e-01  2.332932005e-01  1.015560264e+00
 1.232876712e-01  2.352133650e-01  1.022744387e+00
 1.252446184e-01  2.371201767e-01  1.029833963e+00
 1.272015656e-01  2.390139918e-01  1.036830378e+00
 1.291585127e-01  2.408951535e-01  1.043735236e+00
 1.311154599e-01  2.427639915e-01  1.050550523e+00
 1.330724070e-01  2.446208228e-01  1.057277459e+00
 1.350293542e-01  2.464659536e-01  1.063916481e+00
 1.369863014e-01  2.482996812e-01  1.070468443e+00
 1.389432485e-01  2.501222922e-01  1.076934331e+00
 1.409001957e-01  2.519340637e-01  1.083316599e+00
 1.428571429e-01  2.537352611e-01  1.089616472e+00
 1.448140900e-01  2.555261418e-01  1.095833569e+00
 1.467710372e-01  2.573069574e-01  1.101968646e+00
 1.487279843e-01  2.590779508e-01  1.108022874e+00
 1.506849315e-01  2.608393569e-01  1.113997816e+00
 1.526418787e-01  2.625914021e-01  1.119895160e+00
 1.545988258e-01  2.643343055e-01  1.125714362e+00
 1.565557730e-01  2.660682821e-01  1.131455928e+00
 1.585127202e-01  2.677935402e-01  1.137121099e+00
 1.604696673e-01  2.695102812e-01  1.142710589e+00
 1.624266145e-01  2.712187009e-01  1.148226112e+00
 1.643835616e-01  2.729189882e-01  1.153667706e+00
 1.663405088e-01  2.746113284e-01  1.159035678e+00
 1.682974560e-01  2.762959017e-01  1.164330690e+00
 1.702544031e-01  2.779728833e-01  1.169553376e+00
 1.722113503e-01  2.796424438e-01  1.174704895e+00
 1.741682975e-01  2.813047482e-01  1.179786593e+00
 1.761252446e-01  2.829599569e-01  1.184798066e+00
 1.780821918e-01  2.846082277e-01  1.189739449e+00
 1.800391389e-01  2.862497146e-01  1.194611430e+00
 1.819960861e-01  2.878845674e-01  1.199415229e+00
 1.839530333e-01  2.895129311e-01  1.204152050e+00
 1.859099804e-01  2.911349468e-01  1.208821578e+00
 1.878669276e-01  2.927507538e-01  1.213423849e+00
 1.898238748e-01  2.943604881e-01  1.217959511e+00
 1.917808219e-01  2.959642821e-01  1.222429443e+00
 1.937377691e-01  2.975622647e-01  1.226834800e+00
 1.956947162e-01  2.991545612e-01  1.231175681e+00
 1.976516634e-01  3.007412950e-01  1.235451844e+00
 1.996086106e-01  3.023225872e-01  1.239663967e+00
 2.015655577e-01  3.038985559e-01  1.243812665e+00
 2.035225049e-01  3.054693163e-01  1.247898584e+00
 2.054794521e-01  3.070349811e-01  1.251922639e+00
 2.074363992e-01  3.085956598e-01  1.255884552e+00
 2.093933464e-01  3.101514612e-01  1.259784701e+00
 2.113502935e-01  3.117024911e-01  1.263623484e+00
 2.133072407e-01  3.132488535e-01  1.267401267e+00
 2.152641879e-01  3.147906500e-01  1.271119298e+00
 2.172211350e-01  3.163279792e-01  1.274777640e+00
 2.191780822e-01  3.178609388e-01  1.278376353e+00
 2.211350294e-01  3.193896245e-01  1.281915607e+00
 2.230919765e-01  3.209141305e-01  1.285395866e+00
 2.250489237e-01  3.224345489e-01  1.288817967e+00
 2.270058708e-01  3.239509694e-01  1.292182642e+00
 2.289628180e-01  3.254634801e-01  1.295489633e+00
 2.309197652e-01  3.269721682e-01  1.298739094e+00
 2.328767123e-01  3.284771192e-01  1.301931459e+00
 2.348336595e-01  3.299784173e-01  1.305067342e+00
 2.367906067e-01  3.314761442e-01  1.308147606e+00
 2.387475538e-01  3.329703803e-01  1.311172195e+00
 2.407045010e-01  3.344612052e-01  1.314141093e+00
 2.426614481e-01  3.359486970e-01  1.317054664e+00
 2.446183953e-01  3.374329327e-01  1.319913498e+00
 2.465753425e-01  3.389139876e-01  1.322718183e+00
 2.485322896e-01  3.403919355e-01  1.325469025e+00
 2.504892368e-01  3.418668491e-01  1.328166076e+00
 2.524461840e-01  3.433388003e-01  1.330809584e+00
 2.544031311e-01  3.448078599e-01  1.333400067e+00
 2.563600783e-01  3.462740971e-01  1.335937855e+00
 2.583170254e-01  3.477375803e-01  1.338423381e+00
 2.602739726e-01  3.491983766e-01  1.340857034e+00
 2.622309198e-01  3.506565520e-01  1.343238909e+00
 2.641878669e-01  3.521121720e-01  1.345569311e+00
 2.661448141e-01  3.535653007e-01  1.347848500e+00
 2.681017613e-01  3.550160016e-01  1.350077048e+00
 2.700587084e-01  3.564643368e-01  1.352255301e+00
 2.720156556e-01  3.579103677e-01  1.354383486e+00
 2.739726027e-01  3.593541546e-01  1.356461797e+00
 2.759295499e-01  3.607957575e-01  1.358490510e+00
 2.778864971e-01  3.622352353e-01  1.360470035e+00
 2.798434442e-01  3.636726459e-01  1.362400765e+00
 2.818003914e-01  3.651080464e-01  1.364283076e+00
 2.837573386e-01  3.665414932e-01  1.366117146e+00
 2.857142857e-01  3.679730420e-01  1.367903189e+00
 2.876712329e-01  3.694027477e-01  1.369641482e+00
 2.896281800e-01  3.708306648e-01  1.371332502e+00
 2.915851272e-01  3.722568466e-01  1.372976627e+00
 2.935420744e-01  3.736813458e-01  1.374574058e+00
 2.954990215e-01  3.751042145e-01  1.376125004e+00
 2.974559687e-01  3.765255044e-01  1.377629761e+00
 2.994129159e-01  3.779452663e-01  1.379088738e+00
 3.013698630e-01  3.793635504e-01  1.380502284e+00
 3.033268102e-01  3.807804062e-01  1.381870559e+00
 3.052837573e-01  3.821958828e-01  1.383193833e+00
 3.072407045e-01  3.836100288e-01  1.384472401e+00
 3.091976517e-01  3.850228921e-01  1.385706521e+00
 3.111545988e-01  3.864345201e-01  1.386896559e+00
 3.131115460e-01  3.878449597e-01  1.388042738e+00
 3.150684932e-01  3.892542572e-01  1.389145363e+00
 3.170254403e-01  3.906624585e-01  1.390204678e+00
 3.189823875e-01  3.920696090e-01  1.391220918e+00
 3.209393346e-01  3.934757536e-01  1.392194382e+00
 3.228962818e-01  3.948809368e-01  1.393125399e+00
 3.248532290e-01  3.962852025e-01  1.394014157e+00
 3.268101761e-01  3.976885944e-01  1.394860909e+00
 3.287671233e-01  3.990911556e-01  1.395665940e+00
 3.307240705e-01  4.004929288e-01  1.396429545e+00
 3.326810176e-01  4.018939564e-01  1.397151965e+00
 3.346379648e-01  4.032942803e-01  1.397833449e+00
 3.365949119e-01  4.046939421e-01  1.398474213e+00
 3.385518591e-01  4.060929829e-01  1.399074598e+00
 3.405088063e-01  4.074914435e-01  1.399634826e+00
 3.424657534e-01  4.088893645e-01  1.400155143e+00
 3.444227006e-01  4.102867858e-01  1.400635781e+00
 3.463796477e-01  4.116837474e-01  1.401077062e+00
 3.483365949e-01  4.130802886e-01  1.401479203e+00
 3.502935421e-01  4.144764485e-01  1.401842448e+00
 3.522504892e-01  4.158722659e-01  1.402167070e+00
 3.542074364e-01  4.172677793e-01  1.402453316e+00
 3.561643836e-01  4.186630269e-01  1.402701432e+00
 3.581213307e-01  4.200580466e-01  1.402911696e+00
 3.600782779e-01  4.214528760e-01  1.403084300e+00
 3.620352250e-01  4.228475523e-01  1.403219551e+00
 3.639921722e-01  4.242421127e-01  1.403317751e+00
 3.659491194e-01  4.256365938e-01  1.403379050e+00
 3.679060665e-01  4.270310322e-01  1.403403757e+00
 3.698630137e-01  4.284254642e-01  1.403392142e+00
 3.718199609e-01  4.298199256e-01  1.403344407e+00
 3.737769080e-01  4.312144523e-01  1.403260857e+00
 3.757338552e-01  4.326090798e-01  1.403141707e+00
 3.776908023e-01  4.340038432e-01  1.402987221e+00
 3.796477495e-01  4.353987777e-01  1.402797715e+00
 3.816046967e-01  4.367939180e-01  1.402573407e+00
 3.835616438e-01  4.381892986e-01  1.402314499e+00
 3.855185910e-01  4.395849539e-01  1.402021336e+00
 3.874755382e-01  4.409809181e-01  1.401694074e+00
 3.894324853e-01  4.423772252e-01  1.401333056e+00
 3.913894325e-01  4.437739087e-01  1.400938595e+00
 3.933463796e-01  4.451710021e-01  1.400510860e+00
 3.953033268e-01  4.465685387e-01  1.400050109e+00
 3.972602740e-01  4.479665518e-01  1.399556604e+00
 3.992172211e-01  4.493650741e-01  1.399030605e+00
 4.011741683e-01  4.507641385e-01  1.398472455e+00
 4.031311155e-01  4.521637773e-01  1.397882451e+00
 4.050880626e-01  4.535640229e-01  1.397260718e+00
 4.070450098e-01  4.549649075e-01  1.396607585e+00
 4.090019569e-01  4.563664630e-01  1.395923220e+00
 4.109589041e-01  4.577687214e-01  1.395208010e+00
 4.129158513e-01  4.591717142e-01  1.394462305e+00
 4.148727984e-01  4.605754727e-01  1.393686371e+00
 4.168297456e-01  4.619800281e-01  1.392880312e+00
 4.187866928e-01  4.633854116e-01  1.392044368e+00
 4.207436399e-01  4.647916544e-01  1.391178869e+00
 4.227005871e-01  4.661987870e-01  1.390284245e+00
 4.246575342e-01  4.676068401e-01  1.389360792e+00
 4.266144814e-01  4.690158438e-01  1.388408757e+00
 4.285714286e-01  4.704258286e-01  1.387428177e+00
 4.305283757e-01  4.718368246e-01  1.386419321e+00
 4.324853229e-01  4.732488619e-01  1.385382705e+00
 4.344422701e-01  4.746619702e-01  1.384318698e+00
 4.363992172e-01  4.760761790e-01  1.383227532e+00
 4.383561644e-01  4.774915176e-01  1.382109449e+00
 4.403131115e-01  4.789080154e-01  1.380964409e+00
 4.422700587e-01  4.803257018e-01  1.379792902e+00
 4.442270059e-01  4.817446059e-01  1.378595457e+00
 4.461839530e-01  4.831647562e-01  1.377372300e+00
 4.481409002e-01  4.845861813e-01  1.376123755e+00
 4.500978474e-01  4.860089098e-01  1.374849951e+00
 4.520547945e-01  4.874329700e-01  1.373550906e+00
 4.540117417e-01  4.888583906e-01  1.372227266e+00
 4.559686888e-01  4.902851994e-01  1.370879466e+00
 4.579256360e-01  4.917134242e-01  1.369507766e+00
 4.598825832e-01  4.931430926e-01  1.368112506e+00
 4.618395303e-01  4.945742320e-01  1.366693606e+00
 4.637964775e-01  4.960068703e-01  1.365251283e+00
 4.657534247e-01  4.974410350e-01  1.363786305e+00
 4.677103718e-01  4.988767528e-01  1.362299047e+00
 4.696673190e-01  5.003140506e-01  1.360789748e+00
 4.716242661e-01  5.017529550e-01  1.359258593e+00
 4.735812133e-01  5.031934927e-01  1.357705473e+00
 4.755381605e-01  5.046356907e-01  1.356131071e+00
 4.774951076e-01  5.060795751e-01  1.354535957e+00
 4.794520548e-01  5.075251717e-01  1.352920395e+00
 4.814090020e-01  5.089725065e-01  1.351284603e+00
 4.833659491e-01  5.104216052e-01  1.349628674e+00
 4.853228963e-01  5.118724936e-01  1.347952923e+00
 4.872798434e-01  5.133251973e-01  1.346257892e+00
 4.892367906e-01  5.147797415e-01  1.344543993e+00
 4.911937378e-01  5.162361511e-01  1.342811569e+00
 4.931506849e-01  5.176944508e-01  1.341060709e+00
 4.951076321e-01  5.191546657e-01  1.339291826e+00
 4.970645793e-01  5.206168201e-01  1.337505146e+00
 4.990215264e-01  5.220809385e-01  1.335701064e+00
 5.009784736e-01  5.235470452e-01  1.333880164e+00
 5.029354207e-01  5.250151638e-01  1.332042675e+00
 5.048923679e-01  5.264853180e-01  1.330188715e+00
 5.068493151e-01  5.279575317e-01  1.328318825e+00
 5.088062622e-01  5.294318279e-01  1.326433114e+00
 5.107632094e-01  5.309082302e-01  1.324532151e+00
 5.127201566e-01  5.323867613e-01  1.322616455e+00
 5.146771037e-01  5.338674436e-01  1.320686000e+00
 5.166340509e-01  5.353502999e-01  1.318741307e+00
 5.185909980e-01  5.368353524e-01  1.316782824e+00
 5.205479452e-01  5.383226229e-01  1.314810729e+00
 5.225048924e-01  5.398121334e-01  1.312825640e+00
 5.244618395e-01  5.413039051e-01  1.310827748e+00
 5.264187867e-01  5.427979593e-01  1.308817330e+00
 5.283757339e-01  5.442943171e-01  1.306795133e+00
 5.303326810e-01  5.457929988e-01  1.304761541e+00
 5.322896282e-01  5.472940247e-01  1.302716607e+00
 5.342465753e-01  5.487974150e-01  1.300660844e+00
 5.362035225e-01  5.503031895e-01  1.298594508e+00
 5.381604697e-01  5.518113676e-01  1.296518445e+00
 5.401174168e-01  5.533219682e-01  1.294433147e+00
 5.420743640e-01  5.548350095e-01  1.292338886e+00
 5.440313112e-01  5.563505099e-01  1.290235631e+00
 5.459882583e-01  5.578684879e-01  1.288123793e+00
 5.479452055e-01  5.593889612e-01  1.286004408e+00
 5.499021526e-01  5.609119466e-01  1.283878011e+00
 5.518590998e-01  5.624374605e-01  1.281744995e+00
 5.538160470e-01  5.639655191e-01  1.279605471e+00
 5.557729941e-01  5.654961386e-01  1.277459315e+00
 5.577299413e-01  5.670293352e-01  1.275307761e+00
 5.596868885e-01  5.685651235e-01  1.273151538e+00
 5.616438356e-01  5.701035177e-01  1.270991020e+00
 5.636007828e-01  5.716445317e-01  1.268826592e+00
 5.655577299e-01  5.731881789e-01  1.266658065e+00
 5.675146771e-01  5.747344734e-01  1.264486085e+00
 5.694716243e-01  5.762834278e-01  1.262311824e+00
 5.714285714e-01  5.778350536e-01  1.260135755e+00
 5.733855186e-01  5.793893622e-01  1.257958207e+00
 5.753424658e-01  5.809463644e-01  1.255779240e+00
 5.772994129e-01  5.825060712e-01  1.253599503e+00
 5.792563601e-01  5.840684925e-01  1.251419570e+00
 5.812133072e-01  5.856336375e-01  1.249240321e+00
 5.831702544e-01  5.872015147e-01  1.247062204e+00
 5.851272016e-01  5.887721319e-01  1.244885167e+00
 5.870841487e-01  5.903454971e-01  1.242709969e+00
 5.890410959e-01  5.919216173e-01  1.240537229e+00
 5.909980431e-01  5.935004986e-01  1.238367279e+00
 5.929549902e-01  5.950821469e-01  1.236200792e+00
 5.949119374e-01  5.966665671e-01  1.234037837e+00
 5.968688845e-01  5.982537644e-01  1.231878902e+00
 5.988258317e-01  5.998437428e-01  1.229724760e+00
 6.007827789e-01  6.014365055e-01  1.227575699e+00
 6.027397260e-01  6.030320557e-01  1.225431933e+00
 6.046966732e-01  6.046303959e-01  1.223293767e+00
 6.066536204e-01  6.062315283e-01  1.221161582e+00
 6.086105675e-01  6.078354546e-01  1.219036107e+00
 6.105675147e-01  6.094421752e-01  1.216917674e+00
 6.125244618e-01  6.110516905e-01  1.214806501e+00
 6.144814090e-01  6.126640005e-01  1.212702503e+00
 6.164383562e-01  6.142791053e-01  1.210606182e+00
 6.183953033e-01  6.158970038e-01  1.208518160e+00
 6.203522505e-01  6.175176943e-01  1.206438667e+00
 6.223091977e-01  6.191411749e-01  1.204367882e+00
 6.242661448e-01  6.207674434e-01  1.202305844e+00
 6.262230920e-01  6.223964974e-01  1.200252560e+00
 6.281800391e-01  6.240283346e-01  1.198208466e+00
 6.301369863e-01  6.256629516e-01  1.196173751e+00
 6.320939335e-01  6.273003450e-01  1.194148476e+00
 6.340508806e-01  6.289405113e-01  1.192132658e+00
 6.360078278e-01  6.305834468e-01  1.190126346e+00
 6.379647750e-01  6.322291476e-01  1.188129591e+00
 6.399217221e-01  6.338776099e-01  1.186142433e+00
 6.418786693e-01  6.355288295e-01  1.184164835e+00
 6.438356164e-01  6.371828024e-01  1.182196790e+00
 6.457925636e-01  6.388395243e-01  1.180238275e+00
 6.477495108e-01  6.404989910e-01  1.178289201e+00
 6.497064579e-01  6.421611984e-01  1.176349498e+00
 6.516634051e-01  6.438261423e-01  1.174419054e+00
 6.536203523e-01  6.454938187e-01  1.172497730e+00
 6.555772994e-01  6.471642237e-01  1.170585428e+00
 6.575342466e-01  6.488373534e-01  1.168681922e+00
 6.594911937e-01  6.505132043e-01  1.166787042e+00
 6.614481409e-01  6.521917728e-01  1.164900575e+00
 6.634050881e-01  6.538730559e-01  1.163022550e+00
 6.653620352e-01  6.555570500e-01  1.161152652e+00
 6.673189824e-01  6.572437526e-01  1.159290388e+00
 6.692759295e-01  6.589331615e-01  1.157435618e+00
 6.712328767e-01  6.606252743e-01  1.155588125e+00
 6.731898239e-01  6.623200894e-01  1.153747670e+00
 6.751467710e-01  6.640176052e-01  1.151914059e+00
 6.771037182e-01  6.657178204e-01  1.150086950e+00
 6.790606654e-01  6.674207343e-01  1.148265731e+00
 6.810176125e-01  6.691263471e-01  1.146450179e+00
 6.829745597e-01  6.708346590e-01  1.144640276e+00
 6.849315068e-01  6.725456702e-01  1.142835415e+00
 6.868884540e-01  6.742593822e-01  1.141035108e+00
 6.888454012e-01  6.759757970e-01  1.139239233e+00
 6.908023483e-01  6.776949165e-01  1.137447236e+00
 6.927592955e-01  6.794167439e-01  1.135658957e+00
 6.947162427e-01  6.811412820e-01  1.133873995e+00
 6.966731898e-01  6.828685351e-01  1.132091568e+00
 6.986301370e-01  6.845985081e-01  1.130311233e+00
 7.005870841e-01  6.863312066e-01  1.128532686e+00
 7.025440313e-01  6.880666366e-01  1.126756242e+00
 7.045009785e-01  6.898048038e-01  1.124980824e+00
 7.064579256e-01  6.915457159e-01  1.123205821e+00
 7.084148728e-01  6.932893813e-01  1.121430800e+00
 7.103718200e-01  6.950358090e-01  1.119655350e+00
 7.123287671e-01  6.967850089e-01  1.117879173e+00
 7.142857143e-01  6.985369910e-01  1.116101800e+00
 7.162426614e-01  7.002917667e-01  1.114322763e+00
 7.181996086e-01  7.020493479e-01  1.112541425e+00
 7.201565558e-01  7.038097475e-01  1.110757417e+00
 7.221135029e-01  7.055729792e-01  1.108970313e+00
 7.240704501e-01  7.073390577e-01  1.107179343e+00
 7.260273973e-01  7.091079987e-01  1.105383893e+00
 7.279843444e-01  7.108798192e-01  1.103583424e+00
 7.299412916e-01  7.126545368e-01  1.101778180e+00
 7.318982387e-01  7.144321688e-01  1.099967628e+00
 7.338551859e-01  7.162127341e-01  1.098150706e+00
 7.358121331e-01  7.179962536e-01  1.096326745e+00
 7.377690802e-01  7.197827488e-01  1.094495234e+00
 7.397260274e-01  7.215722424e-01  1.092655971e+00
 7.416829746e-01  7.233647574e-01  1.090808472e+00
 7.436399217e-01  7.251603181e-01  1.088952329e+00
 7.455968689e-01  7.269589494e-01  1.087087045e+00
 7.475538160e-01  7.287606777e-01  1.085211829e+00
 7.495107632e-01  7.305655305e-01  1.083326366e+00
 7.514677104e-01  7.323735362e-01  1.081430309e+00
 7.534246575e-01  7.341847239e-01  1.079522877e+00
 7.553816047e-01  7.359991246e-01  1.077603585e+00
 7.573385519e-01  7.378167700e-01  1.075672077e+00
 7.592954990e-01  7.396376927e-01  1.073728204e+00
 7.612524462e-01  7.414619258e-01  1.071771539e+00
 7.632093933e-01  7.432895037e-01  1.069801446e+00
 7.651663405e-01  7.451204621e-01  1.067817306e+00
 7.671232877e-01  7.469548384e-01  1.065818605e+00
 7.690802348e-01  7.487926707e-01  1.063804957e+00
 7.710371820e-01  7.506339983e-01  1.061776036e+00
 7.729941292e-01  7.524788616e-01  1.059731164e+00
 7.749510763e-01  7.543273031e-01  1.057668808e+00
 7.769080235e-01  7.561793679e-01  1.055588836e+00
 7.788649706e-01  7.580351008e-01  1.053491543e+00
 7.808219178e-01  7.598945466e-01  1.051377776e+00
 7.827788650e-01  7.617577484e-01  1.049248478e+00
 7.847358121e-01  7.636247483e-01  1.047104651e+00
 7.866927593e-01  7.654955867e-01  1.044947622e+00
 7.886497065e-01  7.673703027e-01  1.042777506e+00
 7.906066536e-01  7.692489363e-01  1.040592395e+00
 7.925636008e-01  7.711315287e-01  1.038398042e+00
 7.945205479e-01  7.730181058e-01  1.036203907e+00
 7.964774951e-01  7.749086786e-01  1.034014138e+00
 7.984344423e-01  7.768032564e-01  1.031825278e+00
 8.003913894e-01  7.787018532e-01  1.029642853e+00
 8.023483366e-01  7.806044663e-01  1.027475566e+00
 8.043052838e-01  7.825110790e-01  1.025328603e+00
 8.062622309e-01  7.844216679e-01  1.023203671e+00
 8.082191781e-01  7.863362079e-01  1.021099291e+00
 8.101761252e-01  7.882546742e-01  1.019021311e+00
 8.121330724e-01  7.901770240e-01  1.016981096e+00
 8.140900196e-01  7.921031952e-01  1.014983472e+00
 8.160469667e-01  7.940331244e-01  1.013020214e+00
 8.180039139e-01  7.959667634e-01  1.011091656e+00
 8.199608611e-01  7.979040477e-01  1.009217828e+00
 8.219178082e-01  7.998448688e-01  1.007412405e+00
 8.238747554e-01  8.017891030e-01  1.005677949e+00
 8.258317025e-01  8.037366260e-01  1.004011947e+00
 8.277886497e-01  8.056873176e-01  1.002410087e+00
 8.297455969e-01  8.076410563e-01  1.000886029e+00
 8.317025440e-01  8.095976790e-01  9.994650952e-01
 8.336594912e-01  8.115569799e-01  9.981481940e-01
 8.356164384e-01  8.135187614e-01  9.969409155e-01
 8.375733855e-01  8.154828029e-01  9.958616019e-01
 8.395303327e-01  8.174488599e-01  9.948891956e-01
 8.414872798e-01  8.194167504e-01  9.940026613e-01
 8.434442270e-01  8.213863152e-01  9.931954924e-01
 8.454011742e-01  8.233573928e-01  9.924833662e-01
 8.473581213e-01  8.253297831e-01  9.918843039e-01
 8.493150685e-01  8.273032799e-01  9.913543775e-01
 8.512720157e-01  8.292777899e-01  9.908610963e-01
 8.532289628e-01  8.312532505e-01  9.904014017e-01
 8.551859100e-01  8.332295948e-01  9.899753819e-01
 8.571428571e-01  8.352067585e-01  9.895858993e-01
 8.590998043e-01  8.371846844e-01  9.892034894e-01
 8.610567515e-01  8.391633924e-01  9.887961201e-01
 8.630136986e-01  8.411429488e-01  9.883567554e-01
 8.649706458e-01  8.431234209e-01  9.878814899e-01
 8.669275930e-01  8.451048897e-01  9.873589273e-01
 8.688845401e-01  8.470874577e-01  9.867842878e-01
 8.708414873e-01  8.490712248e-01  9.861735055e-01
 8.727984344e-01  8.510562609e-01  9.855222034e-01
 8.747553816e-01  8.530426704e-01  9.848014671e-01
 8.767123288e-01  8.550306169e-01  9.839975861e-01
 8.786692759e-01  8.570202757e-01  9.831051276e-01
 8.806262231e-01  8.590118292e-01  9.821256311e-01
 8.825831703e-01  8.610054491e-01  9.810726960e-01
 8.845401174e-01  8.630012787e-01  9.799541430e-01
 8.864970646e-01  8.649994582e-01  9.787639131e-01
 8.884540117e-01  8.670001460e-01  9.774972329e-01
 8.904109589e-01  8.690035043e-01  9.761569788e-01
 8.923679061e-01  8.710096865e-01  9.747496684e-01
 8.943248532e-01  8.730188368e-01  9.732737412e-01
 8.962818004e-01  8.750311093e-01  9.717267006e-01
 8.982387476e-01  8.770466620e-01  9.701077451e-01
 9.001956947e-01  8.790656537e-01  9.684197795e-01
 9.021526419e-01  8.810882354e-01  9.666713483e-01
 9.041095890e-01  8.831145488e-01  9.648521482e-01
 9.060665362e-01  8.851447710e-01  9.629501695e-01
 9.080234834e-01  8.871790987e-01  9.609604548e-01
 9.099804305e-01  8.892177355e-01  9.588823062e-01
 9.119373777e-01  8.912608818e-01  9.567301515e-01
 9.138943249e-01  8.933087120e-01  9.544974312e-01
 9.158512720e-01  8.953614364e-01  9.521694049e-01
 9.178082192e-01  8.974192916e-01  9.497462784e-01
 9.197651663e-01  8.994825128e-01  9.472200169e-01
 9.217221135e-01  9.015513641e-01  9.445799759e-01
 9.236790607e-01  9.036261263e-01  9.418367839e-01
 9.256360078e-01  9.057070569e-01  9.389856934e-01
 9.275929550e-01  9.077944467e-01  9.360106374e-01
 9.295499022e-01  9.098886162e-01  9.329186524e-01
 9.315068493e-01  9.119898567e-01  9.297330738e-01
 9.334637965e-01  9.140984358e-01  9.264223527e-01
 9.354207436e-01  9.162147278e-01  9.229588555e-01
 9.373776908e-01  9.183391301e-01  9.193785807e-01
 9.393346380e-01  9.204719469e-01  9.156962805e-01
 9.412915851e-01  9.226135158e-01  9.118602524e-01
 9.432485323e-01  9.247643200e-01  9.078351739e-01
 9.452054795e-01  9.269248628e-01  9.036650381e-01
 9.471624266e-01  9.290954746e-01  8.995094773e-01
 9.491193738e-01  9.312762170e-01  8.952147453e-01
 9.510763209e-01  9.334677376e-01  8.906714603e-01
 9.530332681e-01  9.356707903e-01  8.855531764e-01
 9.549902153e-01  9.378861570e-01  8.806341870e-01
 9.569471624e-01  9.401098472e-01  8.818867359e-01
 9.589041096e-01  9.423257503e-01  8.844069254e-01
 9.608610568e-01  9.445383107e-01  8.840304099e-01
 9.628180039e-01  9.467565894e-01  8.796539064e-01
 9.647749511e-01  9.489913536e-01  8.709200892e-01
 9.667318982e-01  9.512541873e-01  8.584196904e-01
 9.686888454e-01  9.535567322e-01  8.400071735e-01
 9.706457926e-01  9.559187082e-01  8.155364791e-01
 9.726027397e-01  9.583576063e-01  7.892440402e-01
 9.745596869e-01  9.608787907e-01  7.633644037e-01
 9.765166341e-01  9.634851854e-01  7.386299631e-01
 9.784735812e-01  9.661774730e-01  7.155413260e-01
 9.804305284e-01  9.689542922e-01  6.944193789e-01
 9.823874755e-01  9.718124344e-01  6.754524577e-01
 9.843444227e-01  9.747470397e-01  6.587357153e-01
 9.863013699e-01  9.777517914e-01  6.443021730e-01
 9.882583170e-01  9.808191077e-01  6.321462656e-01
 9.902152642e-01  9.839403318e-01  6.222411609e-01
 9.921722114e-01  9.871059181e-01  6.145511924e-01
 9.941291585e-01  9.903056154e-01  6.090406049e-01
 9.960861057e-01  9.935286454e-01  6.056795746e-01
 9.980430528e-01  9.967638777e-01  6.048029664e-01
 1.000000000e+00  1.000000000e+00  6.046366036e-01
4  4.618220114e-01  7.270301410e-01  1.015962865e+00  7.601659186e-01  9.565765011e-01  4.268044613e+01  4.159338273e-01  9.960778183e-01  4.166096399e-01  2.798543765e+00
5  5.935945977e-01  1.058327086e+00  1.008843583e+00  6.258099780e-01  9.295180385e-01  2.695209551e+01  3.677898764e-01  1.069412996e+00  5.911145662e-01  2.857481341e+00
6  6.935588907e-01  1.282467160e+00  1.005243392e+00  5.351132499e-01  9.091002746e-01  2.070046519e+01  3.427328472e-01  1.167145979e+00  7.087170720e-01  2.772317405e+00
7  7.770830089e-01  1.436511143e+00  1.002709092e+00  4.695940569e-01  9.025092684e-01  1.750510499e+01  3.267520389e-01  1.277437523e+00  7.987230529e-01  2.655730234e+00
8  8.458979572e-01  1.801638064e+00  1.000882095e+00  4.197241192e-01  9.208851769e-01  1.628161919e+01  3.168416575e-01  1.417150650e+00  8.677105473e-01  2.524936968e+00
9  8.947106484e-01  2.479216644e+00  9.998988907e-01  3.798867933e-01  9.848757304e-01  1.720667842e+01  3.123240243e-01  1.629193822e+00  9.152313673e-01  2.371569274e+00
10  9.325509523e-01  2.241029756e+00  9.995115359e-01  3.476708450e-01  1.106559527e+00  2.032845676e+01  3.116376278e-01  1.935703965e+00  9.502588784e-01  2.223821950e+00
11  9.681556194e-01  3.533417900e+00  9.997481344e-01  3.218712800e-01  1.318597181e+00  2.697327035e+01  3.148171816e-01  2.468235891e+00  9.798736286e-01  2.099339704e+00
12  9.857252602e-01  7.126538734e+00  9.999409452e-01  2.983115090e-01  1.572459858e+00  3.646247181e+01  3.188484977e-01  3.653376244e+00  9.913216792e-01  1.959695628e+00
13  9.948861304e-01  1.411864886e+01  9.999988338e-01  2.729367361e-01  1.813062619e+00  4.539943484e+01  3.243911762e-01  7.752948477e+00  9.969077373e-01  1.825867042e+00
0 0 -1.221678795e-01  5.235422696e-18
0 1  1.366094125e-02 -6.393735224e-03
0 2 -1.546516604e-02  8.187566964e-03
0 3  2.579651245e-03 -9.339605029e-03
0 4  2.090981214e-03  7.093773662e-03
0 5 -6.706618200e-03 -3.595164052e-04
0 6  3.808867949e-04 -5.226279791e-03
0 7  3.989659781e-03 -1.662720487e-03
0 8  3.543678984e-03  1.602006597e-03
0 9  2.109329201e-03  2.690807902e-03
1 0 -1.118210556e-01 -5.233564870e-02
1 1 -9.396723735e-02  6.705465855e-17
1 2  8.410494675e-03 -9.252998462e-03
1 3 -1.269281677e-02  1.132318109e-02
1 4 -4.351866933e-03 -1.010325939e-02
1 5  6.468946893e-03  1.937701626e-03
1 6 -3.114453663e-03  6.393743773e-03
1 7 -6.335127275e-03  1.007014980e-03
1 8 -4.792110085e-03 -2.949018120e-03
1 9 -2.822427024e-03 -4.615670959e-03
2 0  1.265894612e-01  6.701898238e-02
2 1 -8.950454342e-02 -9.847047464e-02
2 2 -7.462204677e-02 -3.062702340e-17
2 3  3.099711185e-03 -1.115733843e-02
2 4 -6.751089517e-03  1.156409872e-02
2 5 -1.072510182e-02 -5.044319891e-03
2 6  2.570218702e-03 -5.987671105e-03
2 7  4.834754154e-03  9.074002411e-04
2 8  2.230472675e-03  4.456799048e-03
2 9 -1.641004807e-04  4.168727776e-03
3 0 -2.111562593e-02 -7.644894113e-02
3 1  1.350770452e-01  1.205013727e-01
3 2 -4.153881218e-02 -1.495179898e-01
3 3 -6.115990142e-02  2.501704943e-17
3 4 -1.685359206e-03 -1.263834511e-02
3 5 -7.641524829e-04  8.823959323e-03
3 6 -1.117372564e-02  3.095065931e-03
3 7 -7.766112786e-03 -4.216286619e-03
3 8 -2.729478248e-03 -5.959523266e-03
3 9  3.268286507e-04 -6.504446011e-03
4 0 -1.711563811e-02  5.806578366e-02
4 1  4.631259848e-02 -1.075189575e-01
4 2  9.047044150e-02  1.549689297e-01
4 3  2.755660435e-02 -2.066443016e-01
4 4 -5.114677465e-02  4.710407354e-17
4 5 -6.849793979e-03 -1.353920215e-02
4 6  2.729691631e-03  2.485461186e-03
4 7 -2.832260156e-03  6.887751127e-03
4 8 -6.902370061e-03  4.934454044e-03
4 9 -7.179610049e-03  3.809091708e-04
5 0  5.489673904e-02 -2.942806297e-03
5 1 -6.884257828e-02  2.062103432e-02
5 2  1.437256452e-01 -6.759825158e-02
5 3  1.249433804e-02  1.442768729e-01
5 4  1.339242606e-01 -2.647127261e-01
5 5 -4.268089233e-02 -3.078921529e-17
5 6 -1.095657841e-02 -1.215103482e-02
5 7  3.897629265e-04 -5.697872614e-03
5 8  2.093970559e-03  8.978572113e-05
5 9  2.548677472e-03  1.766892149e-04
6 0 -3.117732717e-03 -4.277949172e-02
6 1  3.314403776e-02  6.804226615e-02
6 2 -3.444315471e-02 -8.023997416e-02
6 3  1.826969204e-01  5.060613015e-02
6 4 -5.336977063e-02  4.859468076e-02
6 5  2.567092160e-01 -2.846949573e-01
6 6 -3.576862066e-02 -2.307931980e-16
6 7 -1.390686347e-02 -7.751583833e-03
6 8 -5.983187413e-03 -8.238602789e-03
6 9  1.634413389e-04 -9.450060788e-03
7 0 -3.265719105e-02 -1.361012808e-02
7 1  6.741846897e-02  1.071666049e-02
7 2 -6.478988937e-02  1.215994844e-02
7 3  1.269804660e-01 -6.893874124e-02
7 4  5.537514684e-02  1.346663827e-01
7 5 -9.132023845e-03 -1.334993788e-01
7 6  3.888006641e-01 -2.167146423e-01
7 7 -3.020909375e-02  1.862319260e-16
7 8 -1.545948092e-02 -5.470461832e-03
7 9 -7.027425623e-03 -1.063770759e-02
8 0 -2.900663413e-02  1.311315710e-02
8 1  5.099766919e-02 -3.138347155e-02
8 2 -2.989026395e-02  5.972496388e-02
8 3  4.462855866e-02 -9.744167546e-02
8 4  1.349522058e-01  9.647634827e-02
8 5 -4.906107732e-02  2.103651452e-03
8 6  1.672747593e-01 -2.303304583e-01
8 7  5.117492451e-01 -1.810865919e-01
8 8 -2.301325162e-02 -1.180000758e-16
8 9 -8.042768399e-03 -5.526001102e-03
9 0 -1.726582477e-02  2.202549404e-02
9 1  3.003628822e-02 -4.912000277e-02
9 2  2.199088444e-03  5.586455956e-02
9 3 -5.343838743e-03 -1.063514796e-01
9 4  1.403726843e-01  7.447374216e-03
9 5 -5.971471852e-02  4.139773215e-03
9 6 -4.569405693e-03 -2.641997542e-01
9 7  2.326261649e-01 -3.521359389e-01
9 8  3.494842247e-01 -2.401225691e-01
9 9 -2.045298183e-02  1.567829602e-16
0 0 -8.625490146e+00 -6.775528906e-15
0 1 -8.353181870e-01  5.945505195e-01
0 2  1.432204074e+00 -6.227298873e-01
0 3 -1.331984379e-01  4.882787280e-01
0 4 -5.260298885e-02 -3.246958587e-01
0 5  2.742593261e-01  2.814491504e-02
0 6 -1.113196560e-02  1.775838801e-01
0 7 -1.081075411e-01  6.741706256e-02
0 8 -7.720334722e-02 -1.169127081e-01
0 9 -8.901917541e-03 -6.509874323e-02
1 0 -8.353181870e-01 -5.945505195e-01
1 1 -1.151616911e+01 -6.016417222e-16
1 2 -6.252893003e-01  1.416197566e+00
1 3  2.032165750e+00 -1.471443974e+00
1 4  3.511044524e-01  8.858627527e-01
1 5 -4.586704887e-01 -2.026987205e-01
1 6  1.977508250e-01 -3.651762961e-01
1 7  2.522501159e-01 -4.953592906e-02
1 8  4.218707653e-02  2.861931750e-01
1 9  2.175109788e-01  2.659500473e-01
2 0  1.432204074e+00  6.227298873e-01
2 1 -6.252893003e-01 -1.416197566e+00
2 2 -1.473907241e+01 -9.149424296e-15
2 3  8.691419118e-02  2.624149299e+00
2 4  1.928851861e+00 -2.447593967e+00
2 5  1.490630900e+00  7.751918414e-01
2 6 -3.266426694e-01  5.746212081e-01
2 7 -4.031777844e-01 -3.003019766e-02
2 8  3.675686201e-02 -5.215261798e-01
2 9  2.363010737e-01 -2.612917501e-01
3 0 -1.331984379e-01 -4.882787280e-01
3 1  2.032165750e+00  1.471443974e+00
3 2  8.691419118e-02 -2.624149299e+00
3 3 -1.846265034e+01 -2.659014530e-14
3 4  1.498104107e+00  4.306630922e+00
3 5  9.637604990e-01 -3.232693346e+00
3 6  2.282661163e+00 -4.850958319e-01
3 7  8.514614394e-01  5.398582043e-01
3 8 -4.619557643e-01  5.785305351e-01
3 9  1.062670843e-01  7.549630618e-01
4 0 -5.260298885e-02  3.246958587e-01
4 1  3.511044524e-01 -8.858627527e-01
4 2  1.928851861e+00  2.447593967e+00
4 3  1.498104107e+00 -4.306630922e+00
4 4 -2.290412738e+01  1.703732581e-15
4 5  4.409721759e+00  6.759883401e+00
4 6 -4.992871000e-01 -2.513265744e+00
4 7  7.540348465e-01 -1.679458927e+00
4 8  1.942647967e+00 -5.581073396e-01
4 9  1.715721729e+00  1.332532410e-01
5 0  2.742593261e-01 -2.814491504e-02
5 1 -4.586704887e-01  2.026987205e-01
5 2  1.490630900e+00 -7.751918414e-01
5 3  9.637604990e-01  3.232693346e+00
5 4  4.409721759e+00 -6.759883401e+00
5 5 -2.796491597e+01  2.661541903e-13
5 6  8.243653093e+00  8.042626408e+00
5 7 -5.957779410e-01  7.695365950e-01
5 8 -1.587401788e-01 -3.380697133e+00
5 9 -5.280475834e-02 -7.451006751e-01
6 0 -1.113196560e-02 -1.775838801e-01
6 1  1.977508250e-01  3.651762961e-01
6 2 -3.266426694e-01 -5.746212081e-01
6 3  2.282661163e+00  4.850958319e-01
6 4 -4.992871000e-01  2.513265744e+00
6 5  8.243653093e+00 -8.042626408e+00
6 6 -3.479158106e+01  3.363148350e-14
6 7  1.189211286e+01  5.790029784e+00
6 8 -1.885135614e-01  1.027869304e+00
6 9 -4.678765479e-01  2.832384832e+00
7 0 -1.081075411e-01 -6.741706256e-02
7 1  2.522501159e-01  4.953592906e-02
7 2 -4.031777844e-01  3.003019766e-02
7 3  8.514614394e-01 -5.398582043e-01
7 4  7.540348465e-01  1.679458927e+00
7 5 -5.957779410e-01 -7.695365950e-01
7 6  1.189211286e+01 -5.790029784e+00
7 7 -4.771664545e+01 -2.821047383e-14
7 8  1.862675565e+01  6.174757696e+00
7 9  4.755338621e+00  8.114537510e+00
8 0 -7.720334722e-02  1.169127081e-01
8 1  4.218707653e-02 -2.861931750e-01
8 2  3.675686201e-02  5.215261798e-01
8 3 -4.619557643e-01 -5.785305351e-01
8 4  1.942647967e+00  5.581073396e-01
8 5 -1.587401788e-01  3.380697133e+00
8 6 -1.885135614e-01 -1.027869304e+00
8 7  1.862675565e+01 -6.174757696e+00
8 8 -5.224402491e+01 -1.058203064e-13
8 9  1.708720164e+01  1.174022307e+01
9 0 -8.901917541e-03  6.509874323e-02
9 1  2.175109788e-01 -2.659500473e-01
9 2  2.363010737e-01  2.612917501e-01
9 3  1.062670843e-01 -7.549630618e-01
9 4  1.715721729e+00 -1.332532410e-01
9 5 -5.280475834e-02  7.451006751e-01
9 6 -4.678765479e-01 -2.832384832e+00
9 7  4.755338621e+00 -8.114537510e+00
9 8  1.708720164e+01 -1.174022307e+01
9 9 -4.889262643e+01 -3.747879291e-13
0  7.118221453e-02  6.404293187e-03 -1.536029558e-01 -4.422654187e-02
1  1.169371628e-01  1.098115625e-02  1.688024278e-01  9.199182690e-02
2  1.578894832e-01  1.353806265e-02 -1.335102149e-01 -1.537689785e-01
3  2.052250638e-01  1.855583242e-02  3.447400735e-02  2.050676117e-01
4  2.534214339e-01  2.089615731e-02  1.231312636e-01 -1.668667426e-01
5  2.880706579e-01  2.363883900e-02 -1.978182456e-01 -3.947986825e-02
6  3.152912894e-01  2.600190487e-02 -2.227965047e-02  1.922293489e-01
7  3.407877319e-01  2.705331009e-02  1.488508838e-01  1.064054979e-01
8  3.343243287e-01  2.510123595e-02  1.687110372e-01 -2.733514759e-02
9  1.858727807e-01 -1.148213555e-01  1.284092222e-01 -9.455966291e-02
