 1.695500020e+00 -1.795826360e+00  8.697797343e-01  3.313900252e+00  9.326519640e-01  4.407157335e+00  9.952800989e-01  9.356702700e-01  6.243850330e+00 512 3 10
 0.000000000e+00  0.000000000e+00 -3.778133293e-05
 1.956947162e-03  2.976334137e-02  1.315224440e-01
 3.913894325e-03  4.208818013e-02  1.860455168e-01
 5.870841487e-03  5.154334995e-02  2.279016343e-01
 7.827788650e-03  5.951305716e-02  2.631978405e-01
 9.784735812e-03  6.653357980e-02  2.942971535e-01
 1.174168297e-02  7.288002249e-02  3.224101916e-01
 1.369863014e-02  7.871585603e-02  3.482552533e-01
 1.565557730e-02  8.414762413e-02  3.722997200e-01
 1.761252446e-02  8.924935784e-02  3.948677537e-01
 1.956947162e-02  9.407497894e-02  4.161954435e-01
 2.152641879e-02  9.866521050e-02  4.364595584e-01
 2.348336595e-02  1.030517281e-01  4.557881427e-01
 2.544031311e-02  1.072597990e-01  4.742995628e-01
 2.739726027e-02  1.113098008e-01  4.920895625e-01
 2.935420744e-02  1.152185064e-01  5.092335377e-01
 3.131115460e-02  1.189999247e-01  5.257958971e-01
 3.326810176e-02  1.226658846e-01  5.418333041e-01
 3.522504892e-02  1.262264795e-01  5.573879216e-01
 3.718199609e-02  1.296904451e-01  5.724966302e-01
 3.913894325e-02  1.330653842e-01  5.871928649e-01
 4.109589041e-02  1.363579609e-01  6.015058114e-01
 4.305283757e-02  1.395740566e-01  6.154608994e-01
 4.500978474e-02  1.427188944e-01  6.290806091e-01
 4.696673190e-02  1.457971381e-01  6.423850183e-01
 4.892367906e-02  1.488129719e-01  6.553924417e-01
 5.088062622e-02  1.517701658e-01  6.681194342e-01
 5.283757339e-02  1.546721311e-01  6.805808324e-01
 5.479452055e-02  1.575219669e-01  6.927899702e-01
 5.675146771e-02  1.603224994e-01  7.047590121e-01
 5.870841487e-02  1.630763140e-01  7.164990601e-01
 6.066536204e-02  1.657857837e-01  7.280202407e-01
 6.262230920e-02  1.684530925e-01  7.393319078e-01
 6.457925636e-02  1.710802558e-01  7.504427470e-01
 6.653620352e-02  1.736691381e-01  7.613607565e-01
 6.849315068e-02  1.762214685e-01  7.720932969e-01
 7.045009785e-02  1.787388542e-01  7.826471958e-01
 7.240704501e-02  1.812227922e-01  7.930286879e-01
 7.436399217e-02  1.836746804e-01  8.032436109e-01
 7.632093933e-02  1.860958257e-01  8.132977558e-01
 7.827788650e-02  1.884874514e-01  8.231964218e-01
 8.023483366e-02  1.908507056e-01  8.329442851e-01
 8.219178082e-02  1.931866679e-01  8.425457198e-01
 8.414872798e-02  1.954963549e-01  8.520047362e-01
 8.610567515e-02  1.977807255e-01  8.613256086e-01
 8.806262231e-02  2.000406838e-01  8.705125009e-01
 9.001956947e-02  2.022770838e-01  8.795686835e-01
 9.197651663e-02  2.044907350e-01  8.884973086e-01
 9.393346380e-02  2.066824048e-01  8.973015594e-01
 9.589041096e-02  2.088528211e-01  9.059845487e-01
 9.784735812e-02  2.110026751e-01  9.145491785e-01
 9.980430528e-02  2.131326239e-01  9.229981219e-01
 1.017612524e-01  2.152432931e-01  9.313339379e-01
 1.037181996e-01  2.173352791e-01  9.395589498e-01
 1.056751468e-01  2.194091507e-01  9.476752619e-01
 1.076320939e-01  2.214654514e-01  9.556853978e-01
 1.095890411e-01  2.235046994e-01  9.635916136e-01
 1.115459883e-01  2.255273906e-01  9.713956825e-01
 1.135029354e-01  2.275340000e-01  9.790992520e-01
 1.154598826e-01  2.295249831e-01  9.867044117e-01
 1.174168297e-01  2.315007756e-01  9.942130353e-01
 1.193737769e-01  2.334617958e-01  1.001626437e+00
 1.213307241e-01  2.354084459e-01  1.008946585e+00
 1.232876712e-01  2.373411112e-01  1.016174704e+00
 1.252446184e-01  2.392601633e-01  1.023312225e+00
 1.272015656e-01  2.411659595e-01  1.030360685e+00
 1.291585127e-01  2.430588431e-01  1.037321511e+00
 1.311154599e-01  2.449391453e-01  1.044196028e+00
 1.330724070e-01  2.468071850e-01  1.050985308e+00
 1.350293542e-01  2.486632703e-01  1.057690236e+00
 1.369863014e-01  2.505076988e-01  1.064312429e+00
 1.389432485e-01  2.523407568e-01  1.070852864e+00
 1.409001957e-01  2.541627216e-01  1.077312794e+00
 1.428571429e-01  2.559738606e-01  1.083693130e+00
 1.448140900e-01  2.577744330e-01  1.089994283e+00
 1.467710372e-01  2.595646904e-01  1.096217656e+00
 1.487279843e-01  2.613448750e-01  1.102364640e+00
 1.506849315e-01  2.631152213e-01  1.108435492e+00
 1.526418787e-01  2.648759576e-01  1.114431338e+00
 1.545988258e-01  2.666273044e-01  1.120352616e+00
 1.565557730e-01  2.683694766e-01  1.126200378e+00
 1.585127202e-01  2.701026818e-01  1.131975659e+00
 1.604696673e-01  2.718271214e-01  1.137678686e+00
 1.624266145e-01  2.735429918e-01  1.143310768e+00
 1.643835616e-01  2.752504829e-01  1.148872314e+00
 1.663405088e-01  2.769497799e-01  1.154363613e+00
 1.682974560e-01  2.786410633e-01  1.159785839e+00
 1.702544031e-01  2.803245075e-01  1.165139404e+00
 1.722113503e-01  2.820002832e-01  1.170425394e+00
 1.741682975e-01  2.836685554e-01  1.175643791e+00
 1.761252446e-01  2.853294863e-01  1.180795033e+00
 1.780821918e-01  2.869832335e-01  1.185880185e+00
 1.800391389e-01  2.886299498e-01  1.190899750e+00
 1.819960861e-01  2.902697847e-01  1.195854226e+00
 1.839530333e-01  2.919028837e-01  1.200744170e+00
 1.859099804e-01  2.935293890e-01  1.205569554e+00
 1.878669276e-01  2.951494399e-01  1.210331466e+00
 1.898238748e-01  2.967631714e-01  1.215029988e+00
 1.917808219e-01  2.983707159e-01  1.219666516e+00
 1.937377691e-01  2.999722016e-01  1.224240400e+00
 1.956947162e-01  3.015677557e-01  1.228752196e+00
 1.976516634e-01  3.031575016e-01  1.233202679e+00
 1.996086106e-01  3.047415596e-01  1.237592332e+00
 2.015655577e-01  3.063200475e-01  1.241921351e+00
 2.035225049e-01  3.078930808e-01  1.246190347e+00
 2.054794521e-01  3.094607722e-01  1.250399630e+00
 2.074363992e-01  3.110232322e-01  1.254549225e+00
 2.093933464e-01  3.125805694e-01  1.258639772e+00
 2.113502935e-01  3.141328895e-01  1.262671765e+00
 2.133072407e-01  3.156802962e-01  1.266645708e+00
 2.152641879e-01  3.172228909e-01  1.270561749e+00
 2.172211350e-01  3.187607733e-01  1.274419825e+00
 2.191780822e-01  3.202940417e-01  1.278220437e+00
 2.211350294e-01  3.218227919e-01  1.281964354e+00
 2.230919765e-01  3.233471174e-01  1.285651827e+00
 2.250489237e-01  3.248671103e-01  1.289283056e+00
 2.270058708e-01  3.263828612e-01  1.292858019e+00
 2.289628180e-01  3.278944593e-01  1.296376976e+00
 2.309197652e-01  3.294019919e-01  1.299840847e+00
 2.328767123e-01  3.309055442e-01  1.303249699e+00
 2.348336595e-01  3.324052004e-01  1.306603769e+00
 2.367906067e-01  3.339010431e-01  1.309903160e+00
 2.387475538e-01  3.353931538e-01  1.313148111e+00
 2.407045010e-01  3.368816125e-01  1.316339014e+00
 2.426614481e-01  3.383664976e-01  1.319476290e+00
 2.446183953e-01  3.398478864e-01  1.322560200e+00
 2.465753425e-01  3.413258545e-01  1.325590925e+00
 2.485322896e-01  3.428004769e-01  1.328568597e+00
 2.504892368e-01  3.442718272e-01  1.331493327e+00
 2.524461840e-01  3.457399780e-01  1.334365675e+00
 2.544031311e-01  3.472050005e-01  1.337185885e+00
 2.563600783e-01  3.486669648e-01  1.339954245e+00
 2.583170254e-01  3.501259399e-01  1.342670789e+00
 2.602739726e-01  3.515819941e-01  1.345335612e+00
 2.622309198e-01  3.530351949e-01  1.347948936e+00
 2.641878669e-01  3.544856084e-01  1.350511375e+00
 2.661448141e-01  3.559332996e-01  1.353023169e+00
 2.681017613e-01  3.573783328e-01  1.355484489e+00
 2.700587084e-01  3.588207712e-01  1.357895171e+00
 2.720156556e-01  3.602606779e-01  1.360255427e+00
 2.739726027e-01  3.616981147e-01  1.362565705e+00
 2.759295499e-01  3.631331425e-01  1.364826565e+00
 2.778864971e-01  3.645658209e-01  1.367037978e+00
 2.798434442e-01  3.659962095e-01  1.369199858e+00
 2.818003914e-01  3.674243671e-01  1.371312351e+00
 2.837573386e-01  3.688503518e-01  1.373375840e+00
 2.857142857e-01  3.702742209e-01  1.375390720e+00
 2.876712329e-01  3.716960305e-01  1.377357183e+00
 2.896281800e-01  3.731158366e-01  1.379275289e+00
 2.915851272e-01  3.745336944e-01  1.381145080e+00
 2.935420744e-01  3.759496586e-01  1.382966814e+00
 2.954990215e-01  3.773637833e-01  1.384740707e+00
 2.974559687e-01  3.787761219e-01  1.386467059e+00
 2.994129159e-01  3.801867271e-01  1.388146240e+00
 3.013698630e-01  3.815956509e-01  1.389778107e+00
 3.033268102e-01  3.830029451e-01  1.391362863e+00
 3.052837573e-01  3.844086611e-01  1.392900685e+00
 3.072407045e-01  3.858128494e-01  1.394391907e+00
 3.091976517e-01  3.872155602e-01  1.395836811e+00
 3.111545988e-01  3.886168429e-01  1.397235581e+00
 3.131115460e-01  3.900167465e-01  1.398588210e+00
 3.150684932e-01  3.914153198e-01  1.399894973e+00
 3.170254403e-01  3.928126110e-01  1.401155999e+00
 3.189823875e-01  3.942086679e-01  1.402371609e+00
 3.209393346e-01  3.956035376e-01  1.403542207e+00
 3.228962818e-01  3.969972667e-01  1.404667890e+00
 3.248532290e-01  3.983899016e-01  1.405748695e+00
 3.268101761e-01  3.997814882e-01  1.406784819e+00
 3.287671233e-01  4.011720723e-01  1.407776508e+00
 3.307240705e-01  4.025616989e-01  1.408724195e+00
 3.326810176e-01  4.039504126e-01  1.409628049e+00
 3.346379648e-01  4.053382577e-01  1.410488090e+00
 3.365949119e-01  4.067252782e-01  1.411304560e+00
 3.385518591e-01  4.081115178e-01  1.412077741e+00
 3.405088063e-01  4.094970197e-01  1.412807916e+00
 3.424657534e-01  4.108818267e-01  1.413495388e+00
 3.444227006e-01  4.122659812e-01  1.414140262e+00
 3.463796477e-01  4.136495254e-01  1.414742727e+00
 3.483365949e-01  4.150325011e-01  1.415303028e+00
 3.502935421e-01  4.164149500e-01  1.415821417e+00
 3.522504892e-01  4.177969131e-01  1.416298180e+00
 3.542074364e-01  4.191784312e-01  1.416733556e+00
 3.561643836e-01  4.205595450e-01  1.417127744e+00
 3.581213307e-01  4.219402946e-01  1.417480961e+00
 3.600782779e-01  4.233207201e-01  1.417793488e+00
 3.620352250e-01  4.247008609e-01  1.418065583e+00
 3.639921722e-01  4.260807566e-01  1.418297474e+00
 3.659491194e-01  4.274604461e-01  1.418489397e+00
 3.679060665e-01  4.288399683e-01  1.418641619e+00
 3.698630137e-01  4.302193616e-01  1.418754402e+00
 3.718199609e-01  4.315986644e-01  1.418828035e+00
 3.737769080e-01  4.329779145e-01  1.418862760e+00
 3.757338552e-01  4.343571497e-01  1.418858701e+00
 3.776908023e-01  4.357364076e-01  1.418816212e+00
 3.796477495e-01  4.371157253e-01  1.418735627e+00
 3.816046967e-01  4.384951398e-01  1.418617220e+00
 3.835616438e-01  4.398746877e-01  1.418461210e+00
 3.855185910e-01  4.412544056e-01  1.418267834e+00
 3.874755382e-01  4.426343297e-01  1.418037259e+00
 3.894324853e-01  4.440144961e-01  1.417769913e+00
 3.913894325e-01  4.453949406e-01  1.417466128e+00
 3.933463796e-01  4.467756986e-01  1.417126140e+00
 3.953033268e-01  4.481568054e-01  1.416750245e+00
 3.972602740e-01  4.495382962e-01  1.416338546e+00
 3.992172211e-01  4.509202060e-01  1.415891341e+00
 4.011741683e-01  4.523025694e-01  1.415409115e+00
 4.031311155e-01  4.536854209e-01  1.414892150e+00
 4.050880626e-01  4.550687946e-01  1.414340703e+00
 4.070450098e-01  4.564527246e-01  1.413755038e+00
 4.090019569e-01  4.578372447e-01  1.413135265e+00
 4.109589041e-01  4.592223887e-01  1.412481790e+00
 4.129158513e-01  4.606081901e-01  1.411795058e+00
 4.148727984e-01  4.619946819e-01  1.411075382e+00
 4.168297456e-01  4.633818971e-01  1.410323060e+00
 4.187866928e-01  4.647698685e-01  1.409538237e+00
 4.207436399e-01  4.661586289e-01  1.408721094e+00
 4.227005871e-01  4.675482108e-01  1.407872107e+00
 4.246575342e-01  4.689386465e-01  1.406991756e+00
 4.266144814e-01  4.703299678e-01  1.406080323e+00
 4.285714286e-01  4.717222066e-01  1.405138061e+00
 4.305283757e-01  4.731153945e-01  1.404165086e+00
 4.324853229e-01  4.745095633e-01  1.403161721e+00
 4.344422701e-01  4.759047443e-01  1.402128493e+00
 4.363992172e-01  4.773009684e-01  1.401065814e+00
 4.383561644e-01  4.786982666e-01  1.399973968e+00
 4.403131115e-01  4.800966694e-01  1.398853103e+00
 4.422700587e-01  4.814962076e-01  1.397703529e+00
 4.442270059e-01  4.828969116e-01  1.396525558e+00
 4.461839530e-01  4.842988116e-01  1.395319706e+00
 4.481409002e-01  4.857019376e-01  1.394086361e+00
 4.500978474e-01  4.871063192e-01  1.392825833e+00
 4.520547945e-01  4.885119860e-01  1.391538242e+00
 4.540117417e-01  4.899189676e-01  1.390224008e+00
 4.559686888e-01  4.913272933e-01  1.388883374e+00
 4.579256360e-01  4.927369922e-01  1.387516915e+00
 4.598825832e-01  4.941480931e-01  1.386125088e+00
 4.618395303e-01  4.955606245e-01  1.384708001e+00
 4.637964775e-01  4.969746149e-01  1.383265930e+00
 4.657534247e-01  4.983900929e-01  1.381799269e+00
 4.677103718e-01  4.998070865e-01  1.380308372e+00
 4.696673190e-01  5.012256237e-01  1.378793808e+00
 4.716242661e-01  5.026457320e-01  1.377255929e+00
 4.735812133e-01  5.040674390e-01  1.375694734e+00
 4.755381605e-01  5.054907721e-01  1.374110822e+00
 4.774951076e-01  5.069157585e-01  1.372504511e+00
 4.794520548e-01  5.083424250e-01  1.370876122e+00
 4.814090020e-01  5.097707986e-01  1.369226219e+00
 4.833659491e-01  5.112009054e-01  1.367554985e+00
 4.853228963e-01  5.126327721e-01  1.365862650e+00
 4.872798434e-01  5.140664249e-01  1.364149936e+00
 4.892367906e-01  5.155018893e-01  1.362416978e+00
 4.911937378e-01  5.169391914e-01  1.360664109e+00
 4.931506849e-01  5.183783565e-01  1.358891895e+00
 4.951076321e-01  5.198194100e-01  1.357100429e+00
 4.970645793e-01  5.212623770e-01  1.355290361e+00
 4.990215264e-01  5.227072822e-01  1.353462159e+00
 5.009784736e-01  5.241541500e-01  1.351615789e+00
 5.029354207e-01  5.256030053e-01  1.349751830e+00
 5.048923679e-01  5.270538720e-01  1.347870609e+00
 5.068493151e-01  5.285067743e-01  1.345972548e+00
 5.088062622e-01  5.299617357e-01  1.344058196e+00
 5.107632094e-01  5.314187797e-01  1.342127846e+00
 5.127201566e-01  5.328779294e-01  1.340181639e+00
 5.146771037e-01  5.343392080e-01  1.338220007e+00
 5.166340509e-01  5.358026386e-01  1.336243284e+00
 5.185909980e-01  5.372682436e-01  1.334252077e+00
 5.205479452e-01  5.387360453e-01  1.332246780e+00
 5.225048924e-01  5.402060657e-01  1.330227709e+00
 5.244618395e-01  5.416783265e-01  1.328195013e+00
 5.264187867e-01  5.431528497e-01  1.326148873e+00
 5.283757339e-01  5.446296570e-01  1.324089952e+00
 5.303326810e-01  5.461087693e-01  1.322018786e+00
 5.322896282e-01  5.475902074e-01  1.319935744e+00
 5.342465753e-01  5.490739919e-01  1.317841073e+00
 5.362035225e-01  5.505601432e-01  1.315734685e+00
 5.381604697e-01  5.520486821e-01  1.313616972e+00
 5.401174168e-01  5.535396288e-01  1.311488787e+00
 5.420743640e-01  5.550330025e-01  1.309350515e+00
 5.440313112e-01  5.565288227e-01  1.307202387e+00
 5.459882583e-01  5.580271086e-01  1.305044730e+00
 5.479452055e-01  5.595278792e-01  1.302877014e+00
 5.499021526e-01  5.610311543e-01  1.300700359e+00
 5.518590998e-01  5.625369520e-01  1.298515389e+00
 5.538160470e-01  5.640452904e-01  1.296322289e+00
 5.557729941e-01  5.655561873e-01  1.294121347e+00
 5.577299413e-01  5.670696606e-01  1.291912402e+00
 5.596868885e-01  5.685857285e-01  1.289695832e+00
 5.616438356e-01  5.701044084e-01  1.287472443e+00
 5.636007828e-01  5.716257170e-01  1.285242604e+00
 5.655577299e-01  5.731496711e-01  1.283006570e+00
 5.675146771e-01  5.746762870e-01  1.280764358e+00
 5.694716243e-01  5.762055815e-01  1.278516261e+00
 5.714285714e-01  5.777375708e-01  1.276262568e+00
 5.733855186e-01  5.792722708e-01  1.274003950e+00
 5.753424658e-01  5.808096969e-01  1.271740794e+00
 5.772994129e-01  5.823498640e-01  1.269473117e+00
 5.792563601e-01  5.838927874e-01  1.267201163e+00
 5.812133072e-01  5.854384820e-01  1.264925521e+00
 5.831702544e-01  5.869869619e-01  1.262646297e+00
 5.851272016e-01  5.885382416e-01  1.260364080e+00
 5.870841487e-01  5.900923344e-01  1.258079146e+00
 5.890410959e-01  5.916492540e-01  1.255791697e+00
 5.909980431e-01  5.932090134e-01  1.253502340e+00
 5.929549902e-01  5.947716250e-01  1.251211448e+00
 5.949119374e-01  5.963371013e-01  1.248919144e+00
 5.968688845e-01  5.979054541e-01  1.246625854e+00
 5.988258317e-01  5.994766952e-01  1.244331950e+00
 6.007827789e-01  6.010508356e-01  1.242038001e+00
 6.027397260e-01  6.026278857e-01  1.239744582e+00
 6.046966732e-01  6.042078555e-01  1.237451999e+00
 6.066536204e-01  6.057907545e-01  1.235160285e+00
 6.086105675e-01  6.073765924e-01  1.232869863e+00
 6.105675147e-01  6.089653779e-01  1.230581448e+00
 6.125244618e-01  6.105571192e-01  1.228295691e+00
 6.144814090e-01  6.121518234e-01  1.226012964e+00
 6.164383562e-01  6.137494974e-01  1.223733525e+00
 6.183953033e-01  6.153501480e-01  1.221457257e+00
 6.203522505e-01  6.169537820e-01  1.219184725e+00
 6.223091977e-01  6.185604051e-01  1.216916606e+00
 6.242661448e-01  6.201700224e-01  1.214653137e+00
 6.262230920e-01  6.217826387e-01  1.212394531e+00
 6.281800391e-01  6.233982588e-01  1.210140874e+00
 6.301369863e-01  6.250168871e-01  1.207892146e+00
 6.320939335e-01  6.266385280e-01  1.205648878e+00
 6.340508806e-01  6.282631852e-01  1.203411349e+00
 6.360078278e-01  6.298908620e-01  1.201179675e+00
 6.379647750e-01  6.315215617e-01  1.198953901e+00
 6.399217221e-01  6.331552874e-01  1.196734074e+00
 6.418786693e-01  6.347920422e-01  1.194520380e+00
 6.438356164e-01  6.364318287e-01  1.192312964e+00
 6.457925636e-01  6.380746495e-01  1.190111898e+00
 6.477495108e-01  6.397205071e-01  1.187917227e+00
 6.497064579e-01  6.413694037e-01  1.185728943e+00
 6.516634051e-01  6.430213418e-01  1.183547088e+00
 6.536203523e-01  6.446763234e-01  1.181371726e+00
 6.555772994e-01  6.463343508e-01  1.179202859e+00
 6.575342466e-01  6.479954260e-01  1.177040412e+00
 6.594911937e-01  6.496595511e-01  1.174884402e+00
 6.614481409e-01  6.513267284e-01  1.172734736e+00
 6.634050881e-01  6.529969599e-01  1.170591338e+00
 6.653620352e-01  6.546702481e-01  1.168454142e+00
 6.673189824e-01  6.563465952e-01  1.166323196e+00
 6.692759295e-01  6.580260034e-01  1.164198438e+00
 6.712328767e-01  6.597084752e-01  1.162079586e+00
 6.731898239e-01  6.613940133e-01  1.159966485e+00
 6.751467710e-01  6.630826205e-01  1.157859032e+00
 6.771037182e-01  6.647743000e-01  1.155757050e+00
 6.790606654e-01  6.664690550e-01  1.153660690e+00
 6.810176125e-01  6.681668883e-01  1.151569713e+00
 6.829745597e-01  6.698678035e-01  1.149483729e+00
 6.849315068e-01  6.715718046e-01  1.147402559e+00
 6.868884540e-01  6.732788958e-01  1.145326039e+00
 6.888454012e-01  6.749890814e-01  1.143254085e+00
 6.908023483e-01  6.767023659e-01  1.141186454e+00
 6.927592955e-01  6.784187543e-01  1.139123002e+00
 6.947162427e-01  6.801382517e-01  1.137063413e+00
 6.966731898e-01  6.818608637e-01  1.135007331e+00
 6.986301370e-01  6.835865965e-01  1.132954787e+00
 7.005870841e-01  6.853154560e-01  1.130905413e+00
 7.025440313e-01  6.870474492e-01  1.128858781e+00
 7.045009785e-01  6.887825834e-01  1.126814712e+00
 7.064579256e-01  6.905208661e-01  1.124773208e+00
 7.084148728e-01  6.922623049e-01  1.122733881e+00
 7.103718200e-01  6.940069082e-01  1.120696431e+00
 7.123287671e-01  6.957546850e-01  1.118660369e+00
 7.142857143e-01  6.975056449e-01  1.116625406e+00
 7.162426614e-01  6.992597980e-01  1.114591246e+00
 7.181996086e-01  7.010171548e-01  1.112558014e+00
 7.201565558e-01  7.027777256e-01  1.110525370e+00
 7.221135029e-01  7.045415217e-01  1.108492616e+00
 7.240704501e-01  7.063085556e-01  1.106459395e+00
 7.260273973e-01  7.080788402e-01  1.104425342e+00
 7.279843444e-01  7.098523890e-01  1.102390357e+00
 7.299412916e-01  7.116292157e-01  1.100354007e+00
 7.318982387e-01  7.134093351e-01  1.098315955e+00
 7.338551859e-01  7.151927623e-01  1.096275938e+00
 7.358121331e-01  7.169795133e-01  1.094233404e+00
 7.377690802e-01  7.187696050e-01  1.092188058e+00
 7.397260274e-01  7.205630547e-01  1.090139377e+00
 7.416829746e-01  7.223598812e-01  1.088086729e+00
 7.436399217e-01  7.241601041e-01  1.086029640e+00
 7.455968689e-01  7.259637440e-01  1.083967928e+00
 7.475538160e-01  7.277708216e-01  1.081901573e+00
 7.495107632e-01  7.295813582e-01  1.079829951e+00
 7.514677104e-01  7.313953766e-01  1.077752098e+00
 7.534246575e-01  7.332129014e-01  1.075667509e+00
 7.553816047e-01  7.350339580e-01  1.073575727e+00
 7.573385519e-01  7.368585726e-01  1.071476329e+00
 7.592954990e-01  7.386867726e-01  1.069368696e+00
 7.612524462e-01  7.405185864e-01  1.067253267e+00
 7.632093933e-01  7.423540421e-01  1.065128889e+00
 7.651663405e-01  7.441931708e-01  1.062994578e+00
 7.671232877e-01  7.460360054e-01  1.060849021e+00
 7.690802348e-01  7.478825823e-01  1.058690063e+00
 7.710371820e-01  7.497329419e-01  1.056515642e+00
 7.729941292e-01  7.515871286e-01  1.054323725e+00
 7.749510763e-01  7.534451908e-01  1.052112404e+00
 7.769080235e-01  7.553071793e-01  1.049883766e+00
 7.788649706e-01  7.571731431e-01  1.047632095e+00
 7.808219178e-01  7.590431467e-01  1.045351422e+00
 7.827788650e-01  7.609172625e-01  1.043039309e+00
 7.847358121e-01  7.627955664e-01  1.040694679e+00
 7.866927593e-01  7.646781366e-01  1.038317053e+00
 7.886497065e-01  7.665650528e-01  1.035905936e+00
 7.906066536e-01  7.684563954e-01  1.033465524e+00
 7.925636008e-01  7.703522417e-01  1.030984834e+00
 7.945205479e-01  7.722526937e-01  1.028459872e+00
 7.964774951e-01  7.741578444e-01  1.025913899e+00
 7.984344423e-01  7.760677389e-01  1.023356351e+00
 8.003913894e-01  7.779824170e-01  1.020796285e+00
 8.023483366e-01  7.799018974e-01  1.018244559e+00
 8.043052838e-01  7.818261814e-01  1.015707641e+00
 8.062622309e-01  7.837552622e-01  1.013185013e+00
 8.082191781e-01  7.856891330e-01  1.010684092e+00
 8.101761252e-01  7.876277644e-01  1.008217538e+00
 8.121330724e-01  7.895711021e-01  1.005797311e+00
 8.140900196e-01  7.915190706e-01  1.003430569e+00
 8.160469667e-01  7.934715825e-01  1.001122759e+00
 8.180039139e-01  7.954285374e-01  9.988803240e-01
 8.199608611e-01  7.973898194e-01  9.967110646e-01
 8.219178082e-01  7.993552932e-01  9.946277965e-01
 8.238747554e-01  8.013247966e-01  9.926378664e-01
 8.258317025e-01  8.032981570e-01  9.907430271e-01
 8.277886497e-01  8.052751960e-01  9.889449462e-01
 8.297455969e-01  8.072557187e-01  9.872659583e-01
 8.317025440e-01  8.092394688e-01  9.857407523e-01
 8.336594912e-01  8.112261319e-01  9.843668219e-01
 8.356164384e-01  8.132154129e-01  9.831493652e-01
 8.375733855e-01  8.152069843e-01  9.821102153e-01
 8.395303327e-01  8.172004722e-01  9.812624700e-01
 8.414872798e-01  8.191954873e-01  9.806082268e-01
 8.434442270e-01  8.211916430e-01  9.801349238e-01
 8.454011742e-01  8.231885733e-01  9.798532223e-01
 8.473581213e-01  8.251858756e-01  9.797794291e-01
 8.493150685e-01  8.271831435e-01  9.798727511e-01
 8.512720157e-01  8.291800815e-01  9.800967698e-01
 8.532289628e-01  8.311764421e-01  9.804427604e-01
 8.551859100e-01  8.331719955e-01  9.808837226e-01
 8.571428571e-01  8.351665853e-01  9.813841188e-01
 8.590998043e-01  8.371601268e-01  9.819084409e-01
 8.610567515e-01  8.391526031e-01  9.824251739e-01
 8.630136986e-01  8.411440451e-01  9.829342807e-01
 8.649706458e-01  8.431344748e-01  9.834257479e-01
 8.669275930e-01  8.451239652e-01  9.838457424e-01
 8.688845401e-01  8.471127040e-01  9.841633581e-01
 8.708414873e-01  8.491009027e-01  9.843868578e-01
 8.727984344e-01  8.510887497e-01  9.845097538e-01
 8.747553816e-01  8.530764666e-01  9.845108341e-01
 8.767123288e-01  8.550643190e-01  9.843732279e-01
 8.786692759e-01  8.570526018e-01  9.840802174e-01
 8.806262231e-01  8.590416405e-01  9.836237772e-01
 8.825831703e-01  8.610317686e-01  9.830030541e-01
 8.845401174e-01  8.630233186e-01  9.822189749e-01
 8.864970646e-01  8.650166197e-01  9.812788751e-01
 8.884540117e-01  8.670119851e-01  9.801906466e-01
 8.904109589e-01  8.690097217e-01  9.789480484e-01
 8.923679061e-01  8.710101583e-01  9.775449185e-01
 8.943248532e-01  8.730136331e-01  9.759814022e-01
 8.962818004e-01  8.750204829e-01  9.742598366e-01
 8.982387476e-01  8.770310421e-01  9.723835873e-01
 9.001956947e-01  8.790456402e-01  9.703582419e-01
 9.021526419e-01  8.810645966e-01  9.681921915e-01
 9.041095890e-01  8.830882190e-01  9.658866139e-01
 9.060665362e-01  8.851168174e-01  9.634527322e-01
 9.080234834e-01  8.871506793e-01  9.608945284e-01
 9.099804305e-01  8.891901015e-01  9.582032279e-01
 9.119373777e-01  8.912354070e-01  9.553728023e-01
 9.138943249e-01  8.932869286e-01  9.524052677e-01
 9.158512720e-01  8.953449943e-01  9.493057812e-01
 9.178082192e-01  8.974099182e-01  9.461000518e-01
 9.197651663e-01  8.994819682e-01  9.427827312e-01
 9.217221135e-01  9.015614563e-01  9.393393223e-01
 9.236790607e-01  9.036487189e-01  9.357770430e-01
 9.256360078e-01  9.057440759e-01  9.320942399e-01
 9.275929550e-01  9.078478700e-01  9.282807640e-01
 9.295499022e-01  9.099604620e-01  9.243514087e-01
 9.315068493e-01  9.120821671e-01  9.203385813e-01
 9.334637965e-01  9.142132631e-01  9.162062613e-01
 9.354207436e-01  9.163541570e-01  9.119220188e-01
 9.373776908e-01  9.185052816e-01  9.075333874e-01
 9.393346380e-01  9.206669450e-01  9.030592037e-01
 9.412915851e-01  9.228395000e-01  8.984320771e-01
 9.432485323e-01  9.250234948e-01  8.936026908e-01
 9.452054795e-01  9.272195091e-01  8.886341284e-01
 9.471624266e-01  9.294278631e-01  8.837580003e-01
 9.491193738e-01  9.316484763e-01  8.787385736e-01
 9.510763209e-01  9.338821872e-01  8.734051585e-01
 9.530332681e-01  9.361300201e-01  8.675362487e-01
 9.549902153e-01  9.383930673e-01  8.616104735e-01
 9.569471624e-01  9.406693877e-01  8.592340588e-01
 9.589041096e-01  9.429492826e-01  8.574251048e-01
 9.608610568e-01  9.452361436e-01  8.537010491e-01
 9.628180039e-01  9.475362459e-01  8.474785091e-01
 9.647749511e-01  9.498568687e-01  8.386177389e-01
 9.667318982e-01  9.522057117e-01  8.275375423e-01
 9.686888454e-01  9.545903976e-01  8.129101812e-01
 9.706457926e-01  9.570238083e-01  7.945652565e-01
 9.726027397e-01  9.595172447e-01  7.751006211e-01
 9.745596869e-01  9.620738614e-01  7.558987043e-01
 9.765166341e-01  9.646951119e-01  7.374426154e-01
 9.784735812e-01  9.673808880e-01  7.200873304e-01
 9.804305284e-01  9.701296593e-01  7.040840244e-01
 9.823874755e-01  9.729386108e-01  6.896030130e-01
 9.843444227e-01  9.758037793e-01  6.767538990e-01
 9.863013699e-01  9.787201895e-01  6.656023894e-01
 9.882583170e-01  9.816819867e-01  6.561838310e-01
 9.902152642e-01  9.846825693e-01  6.485138001e-01
 9.921722114e-01  9.877147179e-01  6.425962035e-01
 9.941291585e-01  9.907707223e-01  6.384293333e-01
 9.960861057e-01  9.938425060e-01  6.360102865e-01
 9.980430528e-01  9.969217476e-01  6.356310734e-01
 1.000000000e+00  1.000000000e+00  6.358352839e-01
4  4.801216121e-01  7.613099310e-01  1.015387572e+00  7.627852804e-01  9.563778274e-01  3.912192424e+01  4.040633451e-01  9.965338541e-01  4.403480024e-01  2.832231160e+00
5  6.104107729e-01  1.101223520e+00  1.007968521e+00  6.282638794e-01  9.273961972e-01  2.522638768e+01  3.589223528e-01  1.074539610e+00  6.123446900e-01  2.859596414e+00
6  7.088956432e-01  1.341944662e+00  1.004362224e+00  5.374421125e-01  9.035247530e-01  1.948437207e+01  3.357129189e-01  1.174570137e+00  7.269291122e-01  2.757572982e+00
7  7.893371466e-01  1.537101622e+00  1.002099293e+00  4.717409228e-01  8.921703745e-01  1.652269623e+01  3.217594931e-01  1.289786742e+00  8.118977267e-01  2.625916100e+00
8  8.536972634e-01  1.967410343e+00  1.000550682e+00  4.215431617e-01  9.056202461e-01  1.538399299e+01  3.134203423e-01  1.435978386e+00  8.753665548e-01  2.481181782e+00
9  8.988216117e-01  2.739034953e+00  9.996025768e-01  3.813457691e-01  9.615741094e-01  1.613319987e+01  3.095297999e-01  1.648973412e+00  9.191422407e-01  2.319871624e+00
10  9.354390538e-01  1.842764776e+00  9.992418756e-01  3.491147399e-01  1.093931058e+00  1.957124711e+01  3.095970288e-01  1.994312488e+00  9.524330809e-01  2.172159501e+00
11  9.739576314e-01  4.681326842e+00  9.998854376e-01  3.239772942e-01  1.294501028e+00  2.553095687e+01  3.142987719e-01  2.510923072e+00  9.830877324e-01  2.057326461e+00
12  9.871432807e-01  9.071919108e+00  9.999308898e-01  2.999772776e-01  1.574703211e+00  3.599639090e+01  3.184773945e-01  3.980209070e+00  9.918047369e-01  1.911500964e+00
13  9.937138314e-01  1.685926477e+01  9.999510018e-01  2.790602967e-01  1.782813157e+00  4.386402109e+01  3.228624666e-01  6.836809614e+00  9.960042634e-01  1.776242639e+00
0 0 -1.213934166e-01  7.863776019e-18
0 1  1.401058263e-02 -6.150255690e-03
0 2 -1.659914042e-02  8.019073590e-03
0 3  3.343147232e-03 -9.548454068e-03
0 4  1.352204945e-03  7.857845360e-03
0 5 -7.133473583e-03 -1.475559708e-03
0 6  6.206631250e-04 -5.619122881e-03
0 7  4.450876659e-03 -1.273118443e-03
0 8  3.659707529e-03  2.047088805e-03
0 9  2.300536710e-03  3.142420116e-03
1 0 -1.154146825e-01 -5.066383223e-02
1 1 -9.330828428e-02 -8.811538831e-18
1 2  8.600374794e-03 -8.796629945e-03
1 3 -1.384534939e-02  1.112778304e-02
1 4 -3.689295251e-03 -1.067265686e-02
1 5  6.277350614e-03  3.208590734e-03
1 6 -3.579620310e-03  6.628523107e-03
1 7 -6.780465409e-03  4.285225259e-04
1 8 -4.895491887e-03 -3.424086966e-03
1 9 -2.894490355e-03 -4.444525914e-03
2 0  1.367383907e-01  6.605855422e-02
2 1 -9.217161006e-02 -9.427490831e-02
2 2 -7.389084289e-02  4.758840405e-17
2 3  3.382978708e-03 -1.068725424e-02
2 4 -7.887679661e-03  1.172088334e-02
2 5 -1.051842084e-02 -6.150793882e-03
2 6  2.599609869e-03 -6.149158370e-03
2 7  4.819950412e-03  1.432860835e-03
2 8  2.027287130e-03  4.768112501e-03
2 9 -1.085937937e-04  5.176637428e-03
3 0 -2.753977380e-02 -7.865709970e-02
3 1  1.483828526e-01  1.192582537e-01
3 2 -4.578346350e-02 -1.446357062e-01
3 3 -6.048676246e-02  7.924331231e-18
3 4 -1.469877414e-03 -1.233529422e-02
3 5 -1.852643409e-03  9.358046912e-03
3 6 -1.144543839e-02  3.290890164e-03
3 7 -7.694556112e-03 -4.517761702e-03
3 8 -2.788334771e-03 -6.081712421e-03
3 9 -2.231288013e-04 -5.335980020e-03
4 0 -1.113903030e-02  6.473040782e-02
4 1  3.953877493e-02 -1.143805927e-01
4 2  1.067477288e-01  1.586243015e-01
4 3  2.430081153e-02 -2.039337819e-01
4 4 -5.049294472e-02  7.436834747e-18
4 5 -6.345030355e-03 -1.321609230e-02
4 6  2.682391231e-03  2.016563599e-03
4 7 -2.962163853e-03  6.793316458e-03
4 8 -6.856818777e-03  4.982291615e-03
4 9 -7.733261833e-03  2.830597989e-03
5 0  5.876326563e-02 -1.215518724e-02
5 1 -6.727538356e-02  3.438698674e-02
5 2  1.423508033e-01 -8.324162564e-02
5 3  3.062890678e-02  1.547123128e-01
5 4  1.256617214e-01 -2.617413655e-01
5 5 -4.222748089e-02 -2.563829978e-17
5 6 -1.187696071e-02 -1.181735930e-02
5 7  2.624446533e-04 -5.641971756e-03
5 8  2.060952842e-03 -3.302369211e-04
5 9  1.412348036e-03  2.039677593e-03
6 0 -5.112823600e-03 -4.628853064e-02
6 1  3.836337082e-02  7.103895606e-02
6 2 -3.518175957e-02 -8.321949147e-02
6 3  1.892222021e-01  5.440678307e-02
6 4 -5.312407993e-02  3.993753207e-02
6 5  2.812614076e-01 -2.798499711e-01
6 6 -3.492006148e-02  1.162951089e-16
6 7 -1.258635014e-02 -7.528698106e-03
6 8 -5.593975152e-03 -7.880422150e-03
6 9 -2.418140080e-03 -6.440035918e-03
7 0 -3.666489324e-02 -1.048754108e-02
7 1  7.266734632e-02  4.592545337e-03
7 2 -6.523068656e-02  1.939158871e-02
7 3  1.272105796e-01 -7.469008951e-02
7 4  5.866490594e-02  1.345399143e-01
7 5 -6.215020357e-03 -1.336090062e-01
7 6  3.604332183e-01 -2.155980771e-01
7 7 -3.070079569e-02  4.033091061e-17
7 8 -1.661361778e-02 -5.522463216e-03
7 9 -1.201287971e-02 -6.912114769e-03
8 0 -3.014749591e-02  1.686326049e-02
8 1  5.246577970e-02 -3.669649477e-02
8 2 -2.743624311e-02  6.452913940e-02
8 3  4.609826444e-02 -1.005461720e-01
8 4  1.357975617e-01  9.867302536e-02
8 5 -4.880596235e-02 -7.820426749e-03
8 6  1.601937372e-01 -2.256703401e-01
8 7  5.411461626e-01 -1.798801331e-01
8 8 -2.175522487e-02  2.946728900e-16
8 9 -1.198016003e-02 -1.907778561e-03
9 0 -1.895108297e-02  2.588624824e-02
9 1  3.102072208e-02 -4.763270430e-02
9 2  1.469651575e-03  7.005790197e-02
9 3  3.688886497e-03 -8.821731901e-02
9 4  1.531552948e-01  5.605927729e-02
9 5 -3.344618259e-02  4.830213761e-02
9 6  6.924787579e-02 -1.844222388e-01
9 7  3.912888717e-01 -2.251444828e-01
9 8  5.506796689e-01 -8.769289091e-02
9 9 -1.753279029e-02 -9.861513527e-17
0 0 -8.724396846e+00  4.228915311e-15
0 1 -8.504909977e-01  5.811123759e-01
0 2  1.548521564e+00 -6.161757041e-01
0 3 -1.676022987e-01  4.993801232e-01
0 4 -1.648317183e-02 -3.593455240e-01
0 5  2.808932815e-01  7.727985197e-02
0 6 -1.867213164e-02  1.893452255e-01
0 7 -1.292772666e-01  8.045494067e-02
0 8 -7.368558263e-02 -8.083733601e-02
0 9  3.212924574e-03 -1.513774160e-01
1 0 -8.504909977e-01 -5.811123759e-01
1 1 -1.165991992e+01 -2.378836165e-14
1 2 -6.310986605e-01  1.375635767e+00
1 3  2.216284817e+00 -1.465706489e+00
1 4  3.109445437e-01  9.558180972e-01
1 5 -4.209909533e-01 -2.953628977e-01
1 6  2.374470915e-01 -3.893927670e-01
1 7  3.394450146e-01 -8.265386093e-02
1 8  1.504112874e-01  2.005839203e-01
1 9 -1.770486573e-02  3.070057794e-01
2 0  1.548521564e+00  6.161757041e-01
2 1 -6.310986605e-01 -1.375635767e+00
2 2 -1.497908404e+01  5.345760439e-16
2 3  4.958794809e-02  2.579922660e+00
2 4  2.202811329e+00 -2.540638843e+00
2 5  1.444700405e+00  9.318283238e-01
2 6 -3.372215615e-01  5.697104924e-01
2 7 -4.580139008e-01 -3.283348504e-02
2 8 -2.139418951e-02 -4.190771246e-01
2 9  3.430951989e-01 -5.057697623e-01
3 0 -1.676022987e-01 -4.993801232e-01
3 1  2.216284817e+00  1.465706489e+00
3 2  4.958794809e-02 -2.579922660e+00
3 3 -1.878283304e+01 -1.558443742e-14
3 4  1.479758296e+00  4.400048930e+00
3 5  1.323612353e+00 -3.377679834e+00
3 6  2.398653418e+00 -5.582232333e-01
3 7  1.087030095e+00  5.687440488e-01
3 8 -2.052283072e-02  5.940155100e-01
3 9 -5.293903278e-01  3.634741834e-01
4 0 -1.648317183e-02  3.593455240e-01
4 1  3.109445437e-01 -9.558180972e-01
4 2  2.202811329e+00  2.540638843e+00
4 3  1.479758296e+00 -4.400048930e+00
4 4 -2.313052608e+01  1.622888287e-14
4 5  4.240340641e+00  6.736509567e+00
4 6 -5.029347715e-01 -2.580644532e+00
4 7  6.857278533e-01 -1.829344497e+00
4 8  1.595379907e+00 -7.986260819e-01
4 9  2.068691675e+00 -2.308456557e-02
5 0  2.808932815e-01 -7.727985197e-02
5 1 -4.209909533e-01  2.953628977e-01
5 2  1.444700405e+00 -9.318283238e-01
5 3  1.323612353e+00  3.377679834e+00
5 4  4.240340641e+00 -6.736509567e+00
5 5 -2.874042694e+01 -9.695653965e-14
5 6  8.957058724e+00  7.932484730e+00
5 7 -4.659473538e-01  1.304207710e+00
5 8 -4.989623991e-01 -1.765190693e+00
5 9  5.559201500e-01 -3.123694538e+00
6 0 -1.867213164e-02 -1.893452255e-01
6 1  2.374470915e-01  3.893927670e-01
6 2 -3.372215615e-01 -5.697104924e-01
6 3  2.398653418e+00  5.582232333e-01
6 4 -5.029347715e-01  2.580644532e+00
6 5  8.957058724e+00 -7.932484730e+00
6 6 -3.450114856e+01 -1.324496414e-13
6 7  1.143706540e+01  5.895661869e+00
6 8  8.857478484e-01  2.103122076e+00
6 9 -1.228284616e+00 -3.281839306e-01
7 0 -1.292772666e-01 -8.045494067e-02
7 1  3.394450146e-01  8.265386093e-02
7 2 -4.580139008e-01  3.283348504e-02
7 3  1.087030095e+00 -5.687440488e-01
7 4  6.857278533e-01  1.829344497e+00
7 5 -4.659473538e-01 -1.304207710e+00
7 6  1.143706540e+01 -5.895661869e+00
7 7 -4.855151444e+01 -6.662909036e-13
7 8  2.105543974e+01  6.344104933e+00
7 9  6.220623713e+00  4.484938109e+00
8 0 -7.368558263e-02  8.083733601e-02
8 1  1.504112874e-01 -2.005839203e-01
8 2 -2.139418951e-02  4.190771246e-01
8 3 -2.052283072e-02 -5.940155100e-01
8 4  1.595379907e+00  7.986260819e-01
8 5 -4.989623991e-01  1.765190693e+00
8 6  8.857478484e-01 -2.103122076e+00
8 7  2.105543974e+01 -6.344104933e+00
8 8 -6.370063315e+01 -2.935355048e-13
8 9  3.140855847e+01  5.001650591e+00
9 0  3.212924574e-03  1.513774160e-01
9 1 -1.770486573e-02 -3.070057794e-01
9 2  3.430951989e-01  5.057697623e-01
9 3 -5.293903278e-01 -3.634741834e-01
9 4  2.068691675e+00  2.308456557e-02
9 5  5.559201500e-01  3.123694538e+00
9 6 -1.228284616e+00  3.281839306e-01
9 7  6.220623713e+00 -4.484938109e+00
9 8  3.140855847e+01 -5.001650591e+00
9 9 -5.703598707e+01  3.208052733e-13
0  8.914638817e-02  5.863489208e-03 -1.659745361e-01 -4.033938854e-02
1  1.409288680e-01  9.416741269e-03  1.815127563e-01  8.637495162e-02
2  1.864564195e-01  1.146107462e-02 -1.500437607e-01 -1.477832572e-01
3  2.352885788e-01  1.486787935e-02  5.767753056e-02  2.045618955e-01
4  2.813710720e-01  1.562107235e-02  9.978205051e-02 -1.844428501e-01
5  3.136575396e-01  1.700408045e-02 -2.028880366e-01 -2.164683565e-04
6  3.397628556e-01  1.780236574e-02 -7.314778739e-03  1.938542308e-01
7  3.689988428e-01  1.740967292e-02  1.628788917e-01  8.352413821e-02
8  3.561625740e-01  1.576295457e-02  1.640292702e-01 -4.597252170e-02
9  3.365900262e-01  1.361304791e-02  1.229619131e-01 -1.003838063e-01
