13  2.375591809e-07
4 3  3.649997621e-01  1.333333333e+00  7.105558478e-01  5.065571599e-01  2.892899315e+08 -4.660885862e-02  3.105136497e+06  2.647943213e+02  1.394006275e+00  1.583199863e-03 -2.783363187e-02 -4.363799359e-02 -6.608323971e+00 -5.504217315e+00  7.747982288e-03  2.025626186e-03  9.963490024e-01  1.008899102e+00  2.647108912e+00
5 3  4.770281513e-01  1.666666667e+00  6.264716847e-01  5.065571599e-01  2.232331907e+08 -3.798882428e-02  3.105136497e+06  1.839341006e+02  1.303751412e+00  1.622185695e-03 -2.293735630e-02 -3.459167476e-02 -4.250189748e+00 -4.962054517e+00  7.870605598e-03  2.032135731e-03  1.040546746e+00  1.006588613e+00  2.761324859e+00
6 3  5.680686605e-01  2.000000000e+00  5.822377471e-01  5.065571599e-01  1.905847381e+08 -2.768746947e-02  3.105136497e+06  1.458208567e+02  1.343365740e+00  1.893763385e-03 -1.657604366e-02 -2.563902031e-02 -2.857408570e+00 -4.223452057e+00  8.157143379e-03  2.126226152e-03  1.109127177e+00  1.004679801e+00  2.735071823e+00
7 3  6.507228917e-01  2.333333333e+00  5.545343051e-01  5.065571599e-01  1.739536919e+08 -2.210360684e-02  3.105136497e+06  1.228317851e+02  1.414473781e+00  2.268404675e-03 -1.410090031e-02 -2.157563335e-02 -2.018523433e+00 -3.680754777e+00  8.530584109e-03  2.244091294e-03  1.181240544e+00  1.002984834e+00  2.680920252e+00
8 3  7.281161038e-01  2.666666667e+00  5.362309368e-01  5.065571599e-01  1.650303989e+08 -1.744898162e-02  3.105136497e+06  1.084932162e+02  1.476485445e+00  2.596957767e-03 -1.209738767e-02 -1.833999708e-02 -1.403041617e+00 -3.196201869e+00  8.876439758e-03  2.349839670e-03  1.253190924e+00  1.001471369e+00  2.620840985e+00
9 3  7.979038343e-01  3.000000000e+00  5.252225509e-01  5.065571599e-01  1.488831354e+08 -1.539437981e-02  3.105136497e+06  9.576007007e+01  1.463506989e+00  2.627719398e-03 -1.015282660e-02 -1.533929229e-02 -8.443953247e-01 -2.745532048e+00  8.894290772e-03  2.367124637e-03  1.339166430e+00  1.000260421e+00  2.549838133e+00
10 3  8.518856346e-01  3.333333333e+00  5.219805061e-01  5.065571599e-01  1.239762240e+08 -1.108379662e-02  3.105136497e+06  8.261762838e+01  1.328121166e+00  2.150200115e-03 -7.101631574e-03 -1.143104053e-02  2.065783245e-01 -2.529126408e+00  8.357095006e-03  2.227133734e-03  1.454958002e+00  9.994824119e-01  2.448205873e+00
11 3  8.900963781e-01  3.666666667e+00  5.262884459e-01  5.065571599e-01  1.071487921e+08 -3.236697007e-03  3.105136497e+06  7.106751589e+01  1.221452944e+00  2.223565196e-03  1.838434618e-03 -4.050003899e-03  9.271263245e-01 -3.465674133e+00  7.916296473e-03  2.099288499e-03  1.629652679e+00  9.990615852e-01  2.324492201e+00
12 3  9.259137296e-01  4.000000000e+00  4.972087224e-01  5.065571599e-01  1.098493261e+08 -2.957228880e-03  3.105136497e+06  6.249282173e+01  1.588304551e+00  1.118230870e-02  4.749663097e-02  1.086029644e-02 -2.467959529e+01 -1.227957955e+01  9.614523993e-03  2.556415637e-03  1.835897026e+00  9.990160615e-01  2.216425984e+00
13 3  9.627814573e-01  4.333333333e+00  2.744570668e-01  5.065571599e-01  2.455451919e+07  2.785912004e-02  3.105136497e+06  6.791607784e+01  1.112506365e+00  1.190645326e-02  5.810794365e-02  1.996735483e-02 -3.099952129e+01 -1.336230976e+01  8.016831287e-03  2.351335608e-03  2.127993706e+00  9.997351571e-01  2.128927219e+00
14 3  9.788091963e-01  4.666666667e+00  2.236864805e-01  5.065571599e-01  1.141135181e+07  3.459257748e-02  3.105136497e+06  7.103744768e+01  8.977324193e-01  8.517053123e-03  3.528947500e-02  1.588382522e-02 -1.714066533e+01 -7.039839968e+00  7.051850223e-03  2.215122449e-03  2.864790049e+00  9.998756291e-01  2.010052834e+00
15 3  9.882037181e-01  5.000000000e+00  2.042539268e-01  5.065571599e-01  6.871589870e+06  3.138956111e-02  3.105136497e+06  7.078535309e+01  7.350214633e-01  5.912105863e-03  2.436942945e-02  1.098642007e-02 -1.326521120e+01 -4.661524469e+00  6.167966354e-03  2.009520335e-03  4.197752364e+00  9.999252913e-01  1.894149537e+00
16 3  9.936488431e-01  5.333333333e+00  1.948960202e-01  5.065571599e-01  4.602235216e+06  2.893385145e-02  3.105136497e+06  6.782144871e+01  5.878290384e-01  3.786968076e-03  1.890867130e-02  7.894490807e-03 -1.168462041e+01 -3.622214332e+00  5.267519847e-03  1.749307179e-03  6.540708081e+00  9.999551441e-01  1.785603185e+00
