11  2.204110746e-07
4 3  4.176361206e-01  1.333333333e+00  7.302279039e-01  5.059699297e-01  3.185201708e+08 -3.235719563e-02  3.338962954e+06  3.166641009e+02  1.400923154e+00  1.688741764e-03 -1.763666517e-02 -3.007815812e-02 -4.345595141e+00 -6.182674779e+00  8.323365910e-03  2.140351076e-03  9.975922850e-01  1.014620999e+00  2.715984436e+00
5 3  5.472910598e-01  1.666666667e+00  6.546635262e-01  5.059699297e-01  2.148149926e+08 -2.312181425e-02  3.338962954e+06  2.225977022e+02  1.297089668e+00  1.821962731e-03 -1.249701041e-02 -2.111244926e-02 -2.715417577e+00 -5.048425096e+00  8.322165844e-03  2.155137263e-03  1.054816363e+00  1.008876195e+00  2.831206803e+00
6 3  6.478866389e-01  2.000000000e+00  6.173277847e-01  5.059699297e-01  1.715269612e+08 -1.664025743e-02  3.338962954e+06  1.751483455e+02  1.297380175e+00  2.053845327e-03 -9.394830439e-03 -1.595562002e-02 -1.814559223e+00 -4.070232254e+00  8.467603252e-03  2.219575557e-03  1.139173675e+00  1.005600497e+00  2.783931990e+00
7 3  7.327186641e-01  2.333333333e+00  5.954743406e-01  5.059699297e-01  1.529306343e+08 -9.791136027e-03  3.338962954e+06  1.417840052e+02  1.329857091e+00  2.323576782e-03 -4.813308510e-03 -1.024631230e-02 -1.318176132e+00 -3.422665918e+00  8.773904570e-03  2.298223187e-03  1.232738943e+00  1.003382177e+00  2.692718570e+00
8 3  8.078013705e-01  2.666666667e+00  5.807289594e-01  5.059699297e-01  1.375105717e+08 -7.430368508e-03  3.338962954e+06  1.210970420e+02  1.350065978e+00  2.546938824e-03 -2.639305157e-03 -7.311652596e-03 -1.060141596e+00 -2.908380211e+00  8.939766427e-03  2.352695992e-03  1.339235392e+00  1.001614988e+00  2.592989642e+00
9 3  8.670820049e-01  3.000000000e+00  5.757784927e-01  5.059699297e-01  1.131794189e+08 -4.015726306e-03  3.338962954e+06  1.051641973e+02  1.236555863e+00  1.992832212e-03 -1.636526355e-03 -4.973325548e-03  9.402593416e-01 -2.605959839e+00  8.403006717e-03  2.229324264e-03  1.482030964e+00  1.000321897e+00  2.470829673e+00
10 3  9.089014119e-01  3.333333333e+00  5.900338780e-01  5.059699297e-01  1.044026916e+08  2.582265372e-03  3.338962954e+06  8.964451813e+01  1.194859153e+00  2.367552037e-03  7.607809076e-03  2.656711679e-03 -1.421432066e+00 -2.718977521e+00  8.227993601e-03  2.167777982e-03  1.717519685e+00  9.995333472e-01  2.329160600e+00
11 3  9.557105595e-01  3.666666667e+00  3.719903098e-01  5.059699297e-01  5.528957625e+07  1.600928480e-02  3.338962954e+06  8.975635955e+01  1.177091521e+00  1.084520474e-02  7.119688358e-02  1.566164984e-02 -3.889066586e+01 -2.283073976e+01  8.745146179e-03  2.323692448e-03  2.008632870e+00  9.996961525e-01  2.226830130e+00
12 3  9.777870496e-01  4.000000000e+00  2.715476089e-01  5.059699297e-01  1.531801431e+07  2.438167933e-02  3.338962954e+06  9.522801769e+01  8.629228810e-01  8.491940445e-03  3.403598872e-02  9.179920844e-03 -1.898507764e+01 -1.154280588e+01  7.356255723e-03  2.186008962e-03  2.854842738e+00  9.998987664e-01  2.088836446e+00
13 3  9.889700236e-01  4.333333333e+00  2.413522144e-01  5.059699297e-01  7.271900864e+06  2.189974977e-02  3.338962954e+06  9.431390690e+01  6.716013408e-01  5.683952642e-03  1.956158722e-02  5.443740951e-03 -1.399747918e+01 -6.216307627e+00  6.235987252e-03  1.969718048e-03  4.559884519e+00  9.999524215e-01  1.950313743e+00
14 3  9.957667970e-01  4.666666667e+00  2.268590650e-01  5.059699297e-01  4.177124152e+06  2.004928686e-02  3.338962954e+06  9.055424656e+01  5.166773002e-01  3.378440424e-03  1.349365276e-02  3.734607143e-03 -1.177378773e+01 -3.972299643e+00  5.190709354e-03  1.693011441e-03  9.855121362e+00  9.999810575e-01  1.823504114e+00
