13  2.383821638e-07
4 3  3.694737698e-01  1.333333333e+00  7.662544075e-01  5.093205314e-01  2.628948662e+08 -4.417469549e-02  3.128269842e+06  2.275877060e+02  1.344060642e+00  1.510716974e-03 -2.816419035e-02 -4.210590645e-02 -5.732051488e+00 -5.322478197e+00  7.622538851e-03  1.986599284e-03  9.912495698e-01  1.007929555e+00  2.662824734e+00
5 3  4.780070964e-01  1.666666667e+00  6.916173356e-01  5.093205314e-01  2.158302530e+08 -3.599091703e-02  3.128269842e+06  1.630316977e+02  1.295231117e+00  1.646621451e-03 -2.194679967e-02 -3.284398067e-02 -4.160992652e+00 -4.769202318e+00  7.834464377e-03  2.021112733e-03  1.039347627e+00  1.005495308e+00  2.749369875e+00
6 3  5.681320162e-01  2.000000000e+00  6.462726986e-01  5.093205314e-01  1.891435152e+08 -2.540202461e-02  3.128269842e+06  1.298336699e+02  1.334311441e+00  1.924575164e-03 -1.462139301e-02 -2.344609798e-02 -3.138504355e+00 -4.073166771e+00  8.128079058e-03  2.109311038e-03  1.110614038e+00  1.003806568e+00  2.718546892e+00
7 3  6.485999258e-01  2.333333333e+00  6.148146419e-01  5.093205314e-01  1.753035544e+08 -2.018155525e-02  3.128269842e+06  1.106500955e+02  1.388319931e+00  2.231576708e-03 -1.201824737e-02 -1.955276755e-02 -2.517849396e+00 -3.558911669e+00  8.423761935e-03  2.201196707e-03  1.187139417e+00  1.002405561e+00  2.656507851e+00
8 3  7.221774076e-01  2.666666667e+00  5.913723550e-01  5.093205314e-01  1.698879601e+08 -1.539870173e-02  3.128269842e+06  9.853153898e+01  1.444342490e+00  2.513030712e-03 -9.492555217e-03 -1.605707765e-02 -2.061219910e+00 -3.132909031e+00  8.725109337e-03  2.289448237e-03  1.264119765e+00  1.001171785e+00  2.584944925e+00
9 3  7.893452508e-01  3.000000000e+00  5.744558850e-01  5.093205314e-01  1.592713247e+08 -1.399636170e-02  3.128269842e+06  8.839420148e+01  1.459525091e+00  2.621278928e-03 -7.936660186e-03 -1.357175639e-02 -1.488634192e+00 -2.756906235e+00  8.829783431e-03  2.328745794e-03  1.349807776e+00  1.000113309e+00  2.508779425e+00
10 3  8.438674983e-01  3.333333333e+00  5.674017246e-01  5.093205314e-01  1.362755274e+08 -9.500278508e-03  3.128269842e+06  7.754944295e+01  1.352895724e+00  2.251103752e-03 -4.819238673e-03 -9.637619788e-03 -1.047871641e-01 -2.688372704e+00  8.400582921e-03  2.221675310e-03  1.458392292e+00  9.993635001e-01  2.412051219e+00
11 3  8.837291540e-01  3.666666667e+00  5.692226184e-01  5.093205314e-01  1.197171500e+08 -4.730787972e-03  3.128269842e+06  6.789202256e+01  1.275036951e+00  2.574704571e-03  2.754091631e-03 -4.404911753e-03 -3.781937077e-01 -3.733743247e+00  8.064536402e-03  2.132095178e-03  1.616371642e+00  9.989542296e-01  2.295413170e+00
12 3  9.200596546e-01  4.000000000e+00  5.319586721e-01  5.093205314e-01  1.122312005e+08 -2.780039625e-03  3.128269842e+06  6.047145455e+01  1.471607695e+00  8.101599997e-03  3.923484709e-02  9.017942232e-03 -1.959830992e+01 -1.010670907e+01  8.997123565e-03  2.384811474e-03  1.806534285e+00  9.989364059e-01  2.190591326e+00
13 3  9.599164705e-01  4.333333333e+00  3.107896154e-01  5.093205314e-01  3.411167934e+07  2.071066261e-02  3.128269842e+06  6.563942516e+01  1.196658271e+00  1.357960085e-02  7.607502031e-02  2.450689764e-02 -4.823385797e+01 -1.635331421e+01  8.384673140e-03  2.388572640e-03  2.048299255e+00  9.996557708e-01  2.111199869e+00
14 3  9.774444485e-01  4.666666667e+00  2.314224883e-01  5.093205314e-01  1.357230321e+07  2.836484178e-02  3.128269842e+06  6.991907922e+01  9.291762528e-01  9.119841330e-03  4.169584581e-02  1.799515142e-02 -2.140434677e+01 -8.414502794e+00  7.275984197e-03  2.230553892e-03  2.696897611e+00  9.998765076e-01  1.996637369e+00
15 3  9.875410703e-01  5.000000000e+00  2.059047530e-01  5.093205314e-01  7.713395006e+06  2.332699613e-02  3.128269842e+06  6.987066912e+01  7.638142495e-01  6.494351720e-03  2.711394908e-02  1.169993889e-02 -1.599179914e+01 -5.280347461e+00  6.421055983e-03  2.048328202e-03  3.897539588e+00  9.999228370e-01  1.882864973e+00
16 3  9.934451515e-01  5.333333333e+00  1.936854766e-01  5.093205314e-01  4.979712423e+06  1.964557502e-02  3.128269842e+06  6.719647597e+01  6.125170264e-01  4.227319073e-03  2.003135066e-02  7.791165771e-03 -1.397118410e+01 -3.949044247e+00  5.512805367e-03  1.795692799e-03  6.020021819e+00  9.999490712e-01  1.775785784e+00
