12  2.188790499e-07
4 3  3.837855582e-01  1.333333333e+00  7.927071428e-01  5.047378996e-01  3.297271818e+08 -3.903867194e-02  3.345979192e+06  2.992518465e+02  1.385275552e+00  1.479165486e-03 -2.413168958e-02 -3.724085688e-02 -4.324951234e+00 -6.090599617e+00  7.868504477e-03  2.038450646e-03  9.929796201e-01  1.010763817e+00  2.671612261e+00
5 3  5.017691218e-01  1.666666667e+00  7.200436664e-01  5.047378996e-01  2.455639629e+08 -2.952716446e-02  3.345979192e+06  2.013964692e+02  1.309607534e+00  1.655639043e-03 -1.720930647e-02 -2.722460928e-02 -3.184080523e+00 -5.302626526e+00  8.049020198e-03  2.067246457e-03  1.043009562e+00  1.007498201e+00  2.785308541e+00
6 3  5.984125948e-01  2.000000000e+00  6.759373073e-01  5.047378996e-01  2.047314885e+08 -2.115639302e-02  3.345979192e+06  1.592772595e+02  1.345518891e+00  2.002363238e-03 -1.175805560e-02 -1.976355182e-02 -2.436523248e+00 -4.435201543e+00  8.342527482e-03  2.166881336e-03  1.116182200e+00  1.005068140e+00  2.761468451e+00
7 3  6.849150449e-01  2.333333333e+00  6.449051654e-01  5.047378996e-01  1.812438419e+08 -1.616909253e-02  3.345979192e+06  1.328289256e+02  1.399424538e+00  2.395789430e-03 -9.190238689e-03 -1.588499902e-02 -1.963009456e+00 -3.774533864e+00  8.678506273e-03  2.273586656e-03  1.194864898e+00  1.003050203e+00  2.703687171e+00
8 3  7.623649604e-01  2.666666667e+00  6.222429664e-01  5.047378996e-01  1.652119992e+08 -1.225392469e-02  3.345979192e+06  1.161469742e+02  1.417725170e+00  2.605465981e-03 -6.618998860e-03 -1.231578321e-02 -1.614791387e+00 -3.214850254e+00  8.859076196e-03  2.332019664e-03  1.282616758e+00  1.001458482e+00  2.629063001e+00
9 3  8.278400886e-01  3.000000000e+00  6.063286896e-01  5.047378996e-01  1.448973979e+08 -9.405793797e-03  3.345979192e+06  1.014239012e+02  1.379646565e+00  2.572697767e-03 -3.941728136e-03 -8.924097789e-03 -1.367661319e+00 -2.765438529e+00  8.743671164e-03  2.311980824e-03  1.397378878e+00  1.000360976e+00  2.534870573e+00
10 3  8.773788302e-01  3.333333333e+00  5.955152972e-01  5.047378996e-01  1.212302724e+08 -6.513231923e-03  3.345979192e+06  8.842396925e+01  1.253656975e+00  2.231797816e-03 -9.544287045e-04 -5.801128640e-03 -1.291976047e+00 -2.593625096e+00  8.204467707e-03  2.170319015e-03  1.557280976e+00  9.996871018e-01  2.416274909e+00
11 3  9.124778185e-01  3.666666667e+00  5.886101151e-01  5.047378996e-01  1.050461435e+08  1.304843009e-03  3.345979192e+06  7.755224484e+01  1.140842983e+00  1.973513155e-03  6.659308652e-03  1.332645612e-03 -1.087990018e+00 -2.805508396e+00  7.712502149e-03  2.024614944e-03  1.803766470e+00  9.993001645e-01  2.283603468e+00
12 3  9.402377232e-01  4.000000000e+00  5.753338007e-01  5.047378996e-01  1.126578022e+08  1.140407762e-02  3.345979192e+06  7.054727325e+01  1.324703169e+00  6.291619748e-03  3.913980787e-02  1.230172657e-02 -1.336875530e+01 -1.110868782e+01  8.633007835e-03  2.243179539e-03  2.161622842e+00  9.991141326e-01  2.156585256e+00
13 3  9.776259059e-01  4.333333333e+00  2.491936959e-01  5.047378996e-01  1.798929154e+07  2.551490628e-02  3.345979192e+06  8.687737623e+01  9.625202691e-01  1.040387839e-02  5.076951960e-02  1.454252799e-02 -2.615878777e+01 -1.488161708e+01  7.448448173e-03  2.238874319e-03  2.595861477e+00  9.998617907e-01  2.071402163e+00
14 3  9.887203736e-01  4.666666667e+00  2.186429633e-01  5.047378996e-01  7.778705431e+06  1.916686768e-02  3.345979192e+06  8.749320963e+01  7.116685851e-01  6.164520533e-03  2.641055406e-02  8.681750789e-03 -1.239417021e+01 -7.574356415e+00  6.116665028e-03  1.976108964e-03  3.906223038e+00  9.999126976e-01  1.945371885e+00
15 3  9.950981410e-01  5.000000000e+00  2.077273304e-01  5.047378996e-01  4.544362361e+06  1.533998837e-02  3.345979192e+06  8.440574185e+01  5.531346771e-01  3.702777023e-03  1.696125482e-02  5.299254619e-03 -9.263444389e+00 -4.722726281e+00  5.136330956e-03  1.717572317e-03  7.462270303e+00  9.999454052e-01  1.827452297e+00
