11  2.161548714e-07
4 3  3.983983621e-01  1.333333333e+00  7.760319059e-01  5.038663581e-01  3.268742851e+08 -3.450276021e-02  3.376457567e+06  3.148556421e+02  1.385653339e+00  1.572430996e-03 -1.966351885e-02 -3.270724711e-02 -4.219965330e+00 -6.468039041e+00  8.042352191e-03  2.077340885e-03  9.942578011e-01  1.012887480e+00  2.688775671e+00
5 3  5.218496527e-01  1.666666667e+00  7.000649284e-01  5.038663581e-01  2.346689413e+08 -2.559558819e-02  3.376457567e+06  2.150625986e+02  1.311686686e+00  1.760209904e-03 -1.420158658e-02 -2.352885889e-02 -3.052658889e+00 -5.194658125e+00  8.225191403e-03  2.118436066e-03  1.048055041e+00  1.008597478e+00  2.805621532e+00
6 3  6.219248376e-01  2.000000000e+00  6.550125180e-01  5.038663581e-01  1.909598396e+08 -1.960592676e-02  3.376457567e+06  1.705688907e+02  1.335219489e+00  2.075452648e-03 -1.112705523e-02 -1.833191409e-02 -2.315836894e+00 -4.166686286e+00  8.471566192e-03  2.210360087e-03  1.126002775e+00  1.005670618e+00  2.778294163e+00
7 3  7.093752083e-01  2.333333333e+00  6.242525880e-01  5.038663581e-01  1.676164027e+08 -1.341287617e-02  3.376457567e+06  1.410777065e+02  1.375068843e+00  2.400463796e-03 -7.440551116e-03 -1.336508399e-02 -1.858611036e+00 -3.460399565e+00  8.766070824e-03  2.301855236e-03  1.211875162e+00  1.003413535e+00  2.710152535e+00
8 3  7.863530676e-01  2.666666667e+00  6.022158141e-01  5.038663581e-01  1.520428368e+08 -9.801413803e-03  3.376457567e+06  1.226484611e+02  1.387158666e+00  2.554205045e-03 -4.660071470e-03 -9.650858353e-03 -1.532902305e+00 -2.893370660e+00  8.908672513e-03  2.349261975e-03  1.311544163e+00  1.001625709e+00  2.624030478e+00
9 3  8.498619246e-01  3.000000000e+00  5.866146163e-01  5.038663581e-01  1.313501075e+08 -7.203080731e-03  3.376457567e+06  1.067638285e+02  1.318137298e+00  2.400148256e-03 -2.178673829e-03 -6.668958690e-03 -1.420924690e+00 -2.510978305e+00  8.642690640e-03  2.285376809e-03  1.448869004e+00  1.000418477e+00  2.517812475e+00
10 3  8.950811113e-01  3.333333333e+00  5.758940853e-01  5.038663581e-01  1.095086848e+08 -2.748682584e-03  3.376457567e+06  9.255467059e+01  1.170644664e+00  1.876565103e-03  1.876606864e-03 -2.221385248e-03 -1.200035419e+00 -2.211288329e+00  7.991797189e-03  2.103577206e-03  1.654252451e+00  9.997645238e-01  2.385041433e+00
11 3  9.266350989e-01  3.666666667e+00  5.732778104e-01  5.038663581e-01  1.019084311e+08  6.298820123e-03  3.376457567e+06  8.091037513e+01  1.114864738e+00  1.996657040e-03  1.000492711e-02  4.332522629e-03  2.278024776e-01 -3.512815296e+00  7.781432412e-03  2.016299252e-03  1.988504050e+00  9.994039065e-01  2.243845331e+00
12 3  9.646115417e-01  4.000000000e+00  3.690220606e-01  5.038663581e-01  6.453170032e+07  1.093871115e-02  3.376457567e+06  8.394113473e+01  1.569840663e+00  2.400748042e-02  9.083517060e-02  1.465656268e-02 -7.036440170e+01 -2.584333967e+01  1.025801917e-02  2.803441519e-03  2.284108060e+00  9.996383798e-01  2.141657131e+00
13 3  9.848835256e-01  4.333333333e+00  2.283903932e-01  5.038663581e-01  9.903671983e+06  2.094175119e-02  3.376457567e+06  9.453283538e+01  7.802762708e-01  7.710073337e-03  3.379006297e-02  1.080474261e-02 -1.756286805e+01 -1.014487866e+01  6.575484087e-03  2.080437245e-03  3.303077183e+00  9.999066407e-01  2.019002176e+00
14 3  9.924242641e-01  4.666666667e+00  2.116208876e-01  5.038663581e-01  5.245441636e+06  1.729688249e-02  3.376457567e+06  9.218175464e+01  5.866813546e-01  4.378476730e-03  2.169068459e-02  7.940976108e-03 -1.102240781e+01 -5.902101560e+00  5.398811365e-03  1.790779435e-03  5.468775986e+00  9.999564420e-01  1.889236096e+00
