11  2.161604852e-07
4 3  4.104290096e-01  1.333333333e+00  7.575222942e-01  5.038795159e-01  3.152374934e+08 -3.132897916e-02  3.376546220e+06  3.202227218e+02  1.382513839e+00  1.653769797e-03 -1.670520675e-02 -2.949177264e-02 -4.244155214e+00 -6.530405550e+00  8.167458288e-03  2.108476139e-03  9.949070645e-01  1.014174277e+00  2.706101781e+00
5 3  5.373120096e-01  1.666666667e+00  6.791706649e-01  5.038795159e-01  2.220267013e+08 -2.362551559e-02  3.376546220e+06  2.236822787e+02  1.306950798e+00  1.825623977e-03 -1.289109859e-02 -2.163656275e-02 -3.007712918e+00 -4.974805716e+00  8.321001816e-03  2.152171571e-03  1.052164882e+00  1.009099101e+00  2.819965792e+00
6 3  6.387298676e-01  2.000000000e+00  6.340445037e-01  5.038795159e-01  1.789102323e+08 -1.837470923e-02  3.376546220e+06  1.765402328e+02  1.318857518e+00  2.086670991e-03 -1.054773963e-02 -1.717212888e-02 -2.257972296e+00 -3.890131907e+00  8.523832791e-03  2.231039442e-03  1.134721674e+00  1.005909892e+00  2.784700744e+00
7 3  7.258495053e-01  2.333333333e+00  6.039981500e-01  5.038795159e-01  1.585778321e+08 -1.137032149e-02  3.376546220e+06  1.458485623e+02  1.354928115e+00  2.359455677e-03 -5.977987293e-03 -1.139007224e-02 -1.801638363e+00 -3.192844084e+00  8.805074874e-03  2.314714073e-03  1.226431229e+00  1.003528895e+00  2.706025624e+00
8 3  8.022096838e-01  2.666666667e+00  5.827683215e-01  5.038795159e-01  1.443146567e+08 -8.110323053e-03  3.376546220e+06  1.265640781e+02  1.363372345e+00  2.462923937e-03 -3.420704071e-03 -7.953822619e-03 -1.465464791e+00 -2.647623133e+00  8.918084261e-03  2.352969773e-03  1.335099796e+00  1.001610121e+00  2.611861208e+00
9 3  8.634078548e-01  3.000000000e+00  5.684676140e-01  5.038795159e-01  1.231543900e+08 -5.282373143e-03  3.376546220e+06  1.098765770e+02  1.264680971e+00  2.184337309e-03 -6.953210600e-04 -4.829327494e-03 -1.302221212e+00 -2.341943933e+00  8.503076050e-03  2.245687985e-03  1.489456360e+00  1.000369955e+00  2.495672557e+00
10 3  9.051261056e-01  3.333333333e+00  5.596295996e-01  5.038795159e-01  1.036133853e+08 -2.072544262e-04  3.376546220e+06  9.459056127e+01  1.117425357e+00  1.710749476e-03  4.125614868e-03  1.256483275e-04 -1.108269340e+00 -2.192573585e+00  7.844420408e-03  2.053670894e-03  1.734505056e+00  9.997876451e-01  2.353262283e+00
11 3  9.367828918e-01  3.666666667e+00  5.528530435e-01  5.038795159e-01  9.534097875e+07  6.591840721e-03  3.376546220e+06  8.234260544e+01  1.078463552e+00  2.974605563e-03  1.911084479e-02  5.671600192e-03 -3.918475234e+00 -6.883129103e+00  7.768236437e-03  1.994489430e-03  2.108704868e+00  9.994434318e-01  2.213390091e+00
12 3  9.745102019e-01  4.000000000e+00  2.758860671e-01  5.038795159e-01  2.338703597e+07  2.099133716e-02  3.376546220e+06  9.344258020e+01  1.072451604e+00  1.384592115e-02  5.968930971e-02  1.297716085e-02 -4.127710308e+01 -1.884362101e+01  8.159709171e-03  2.390173192e-03  2.541612589e+00  9.997835645e-01  2.111371304e+00
13 3  9.881167092e-01  4.333333333e+00  2.185268486e-01  5.038795159e-01  7.262500969e+06  1.967954456e-02  3.376546220e+06  9.779695069e+01  6.936074847e-01  6.360818616e-03  2.825805281e-02  1.028154391e-02 -1.529749288e+01 -7.967740332e+00  6.123563424e-03  1.984769982e-03  3.950249427e+00  9.999470405e-01  1.976493398e+00
14 3  9.952607711e-01  4.666666667e+00  2.039444021e-01  5.038795159e-01  4.078099314e+06  1.660812651e-02  3.376546220e+06  9.549990683e+01  5.319920245e-01  3.556422944e-03  1.849532989e-02  8.052043588e-03 -9.862159854e+00 -4.410357789e+00  5.084669338e-03  1.716968962e-03  8.602748743e+00  9.999921473e-01  1.848667975e+00
