10  2.167683086e-07
4 3  4.446849186e-01  1.333333333e+00  7.128970114e-01  5.063074495e-01  2.870614513e+08 -2.471035391e-02  3.399604883e+06  3.497128561e+02  1.363157932e+00  1.763394801e-03 -1.165272931e-02 -2.266884663e-02 -4.070455179e+00 -5.991403536e+00  8.391312456e-03  2.179160832e-03  9.957604324e-01  1.015951439e+00  2.765933087e+00
5 3  5.765090274e-01  1.666666667e+00  6.354864429e-01  5.063074495e-01  1.971737664e+08 -1.949516467e-02  3.399604883e+06  2.509373121e+02  1.272397625e+00  1.826553536e-03 -1.050088040e-02 -1.764966213e-02 -2.698590974e+00 -4.291818414e+00  8.392847133e-03  2.197912416e-03  1.063851194e+00  1.009274845e+00  2.849849119e+00
6 3  6.775503926e-01  2.000000000e+00  5.948187871e-01  5.063074495e-01  1.614060247e+08 -1.317615953e-02  3.399604883e+06  1.913079973e+02  1.267956759e+00  1.956570941e-03 -7.000151333e-03 -1.239691313e-02 -1.962704920e+00 -3.315696349e+00  8.548661623e-03  2.244797145e-03  1.157975501e+00  1.005745654e+00  2.781344766e+00
7 3  7.627303726e-01  2.333333333e+00  5.691060878e-01  5.063074495e-01  1.494148444e+08 -6.331147213e-03  3.399604883e+06  1.592279726e+02  1.304163284e+00  2.121544949e-03 -2.053839793e-03 -6.452946489e-03 -1.500431052e+00 -2.703693513e+00  8.813604126e-03  2.315752745e-03  1.262888469e+00  1.003159446e+00  2.676820674e+00
8 3  8.351031272e-01  2.666666667e+00  5.527494946e-01  5.063074495e-01  1.346643405e+08 -4.138709803e-03  3.399604883e+06  1.383767383e+02  1.270336737e+00  2.013881640e-03 -3.933912855e-04 -4.104905734e-03 -1.049777501e+00 -2.303223509e+00  8.675130620e-03  2.287615037e-03  1.393712500e+00  1.001172204e+00  2.559382623e+00
9 3  8.877458437e-01  3.000000000e+00  5.454156682e-01  5.063074495e-01  1.136998031e+08  4.152638340e-05  3.399604883e+06  1.183089273e+02  1.136771847e+00  1.658085654e-03  3.666656046e-03  4.257801366e-05 -6.108637884e-01 -2.299339886e+00  8.040068030e-03  2.114951251e-03  1.591668261e+00  1.000094657e+00  2.415814345e+00
10 3  9.263911929e-01  3.333333333e+00  5.300415481e-01  5.063074495e-01  1.117809049e+08  1.813169708e-03  3.399604883e+06  9.869054988e+01  1.193060813e+00  3.316020936e-03  1.682527898e-02  5.373852356e-03 -8.169611340e+00 -4.423283586e+00  8.410875547e-03  2.170777010e-03  1.895753722e+00  9.996539632e-01  2.267881823e+00
11 3  9.601985172e-01  3.666666667e+00  3.996231330e-01  5.063074495e-01  5.930508927e+07  7.168003915e-03  3.399604883e+06  9.302948897e+01  1.223832829e+00  1.307472157e-02  7.961154272e-02  1.229776943e-02 -4.983431435e+01 -2.762022673e+01  8.926455793e-03  2.383082822e-03  2.414688516e+00  9.996259451e-01  2.136890045e+00
12 3  9.837894962e-01  4.000000000e+00  2.284097753e-01  5.063074495e-01  9.822646850e+06  2.134450808e-02  3.399604883e+06  1.055116090e+02  8.055538851e-01  8.721158020e-03  3.362994434e-02  1.215231717e-02 -2.049698652e+01 -9.715495306e+00  6.916748454e-03  2.188093048e-03  3.308566784e+00  9.999209633e-01  2.007534046e+00
13 3  9.928088477e-01  4.333333333e+00  2.040476260e-01  5.063074495e-01  4.748358223e+06  1.832404039e-02  3.399604883e+06  1.043992198e+02  5.778594014e-01  4.356289210e-03  2.114189895e-02  9.650251075e-03 -1.261764582e+01 -4.968101338e+00  5.499335324e-03  1.835615886e-03  5.676081909e+00  1.000006529e+00  1.870257618e+00
