 0.000000000e+00  9.383375810e-01  9.242760245e-01  1.000000000e+00  1.015213590e+00  3.816776920e-02  5.313880846e-01  1.521729490e+00  9.383375810e-01
 2.720505848e-02  9.394486794e-01  9.254210415e-01  9.980430528e-01  1.015158114e+00  3.800892491e-02  5.305165947e-01  1.519078558e+00  9.404130899e-01
 3.847385353e-02  9.406344452e-01  9.266396532e-01  9.960861057e-01  1.015102734e+00  3.785036607e-02  5.296369958e-01  1.516373054e+00  9.423074889e-01
 4.712093380e-02  9.418348739e-01  9.278727555e-01  9.941291585e-01  1.015047449e+00  3.769208989e-02  5.287492409e-01  1.513612679e+00  9.440717727e-01
 5.441108260e-02  9.430523574e-01  9.291227089e-01  9.921722114e-01  1.014992259e+00  3.753410489e-02  5.278534691e-01  1.510798345e+00  9.455484646e-01
 6.083423008e-02  9.442813439e-01  9.303840481e-01  9.902152642e-01  1.014937161e+00  3.737641685e-02  5.269497741e-01  1.507930666e+00  9.464670853e-01
 6.664166001e-02  9.455246219e-01  9.316595196e-01  9.882583170e-01  1.014882156e+00  3.721903111e-02  5.260382464e-01  1.505010243e+00  9.472411911e-01
 7.198265932e-02  9.467794248e-01  9.329463983e-01  9.863013699e-01  1.014827247e+00  3.706195312e-02  5.251189772e-01  1.502037679e+00  9.482370276e-01
 7.695450652e-02  9.480522663e-01  9.342511033e-01  9.843444227e-01  1.014772434e+00  3.690518829e-02  5.241920584e-01  1.499013585e+00  9.492997329e-01
 8.162477928e-02  9.493336551e-01  9.355642817e-01  9.823874755e-01  1.014717720e+00  3.674874213e-02  5.232575813e-01  1.495938574e+00  9.503835969e-01
 8.604268683e-02  9.506296718e-01  9.368919278e-01  9.804305284e-01  1.014663104e+00  3.659261977e-02  5.223156386e-01  1.492813251e+00  9.515368091e-01
 9.024538345e-02  9.519393889e-01  9.382331296e-01  9.784735812e-01  1.014608586e+00  3.643682647e-02  5.213663229e-01  1.489638222e+00  9.528191407e-01
 9.426173864e-02  9.532639647e-01  9.395890304e-01  9.765166341e-01  1.014554166e+00  3.628136739e-02  5.204097261e-01  1.486414097e+00  9.541366331e-01
 9.811471427e-02  9.545993223e-01  9.409556152e-01  9.745596869e-01  1.014499841e+00  3.612624781e-02  5.194459408e-01  1.483141486e+00  9.554000882e-01
 1.018229317e-01  9.559513976e-01  9.423387314e-01  9.726027397e-01  1.014445619e+00  3.597147259e-02  5.184750569e-01  1.479820994e+00  9.566707617e-01
 1.054017407e-01  9.573151436e-01  9.437334004e-01  9.706457926e-01  1.014391504e+00  3.581704672e-02  5.174971638e-01  1.476453225e+00  9.579845162e-01
 1.088639722e-01  9.586917525e-01  9.451408022e-01  9.686888454e-01  1.014337494e+00  3.566297507e-02  5.165123556e-01  1.473038789e+00  9.593202143e-01
 1.122204812e-01  9.600845427e-01  9.465642118e-01  9.667318982e-01  1.014283585e+00  3.550926260e-02  5.155207250e-01  1.469578295e+00  9.606688971e-01
 1.154805489e-01  9.614888321e-01  9.479990146e-01  9.647749511e-01  1.014229780e+00  3.535591396e-02  5.145223647e-01  1.466072350e+00  9.620319564e-01
 1.186521869e-01  9.629077240e-01  9.494482727e-01  9.628180039e-01  1.014176076e+00  3.520293395e-02  5.135173682e-01  1.462521561e+00  9.634063383e-01
 1.217423678e-01  9.643397506e-01  9.509105370e-01  9.608610568e-01  1.014122478e+00  3.505032716e-02  5.125058256e-01  1.458926537e+00  9.647975338e-01
 1.247572051e-01  9.657868025e-01  9.523876698e-01  9.589041096e-01  1.014068990e+00  3.489809830e-02  5.114878270e-01  1.455287884e+00  9.662112866e-01
 1.277020938e-01  9.672463537e-01  9.538771847e-01  9.569471624e-01  1.014015608e+00  3.474625177e-02  5.104634663e-01  1.451606206e+00  9.676416162e-01
 1.305818233e-01  9.687198771e-01  9.553805386e-01  9.549902153e-01  1.013962330e+00  3.459479213e-02  5.094328372e-01  1.447882107e+00  9.690822226e-01
 1.334006682e-01  9.702064927e-01  9.568968610e-01  9.530332681e-01  1.013909160e+00  3.444372367e-02  5.083960303e-01  1.444116198e+00  9.705431728e-01
 1.361624633e-01  9.717087980e-01  9.584287115e-01  9.510763209e-01  1.013856102e+00  3.429305081e-02  5.073531365e-01  1.440309091e+00  9.720353703e-01
 1.388706661e-01  9.732238376e-01  9.599731802e-01  9.491193738e-01  1.013803154e+00  3.414277775e-02  5.063042495e-01  1.436461390e+00  9.735447026e-01
 1.415284070e-01  9.747529889e-01  9.615316298e-01  9.471624266e-01  1.013750311e+00  3.399290883e-02  5.052494627e-01  1.432573702e+00  9.750597709e-01
 1.441385300e-01  9.762949677e-01  9.631027909e-01  9.452054795e-01  1.013697579e+00  3.384344809e-02  5.041888669e-01  1.428646630e+00  9.765878364e-01
 1.467036278e-01  9.778521263e-01  9.646889817e-01  9.432485323e-01  1.013644962e+00  3.369439969e-02  5.031225529e-01  1.424680778e+00  9.781318772e-01
 1.492260716e-01  9.794241938e-01  9.662899399e-01  9.412915851e-01  1.013592456e+00  3.354576754e-02  5.020506145e-01  1.420676758e+00  9.796924741e-01
 1.517080398e-01  9.810081417e-01  9.679026819e-01  9.393346380e-01  1.013540059e+00  3.339755565e-02  5.009731452e-01  1.416635182e+00  9.812736724e-01
 1.541515413e-01  9.826072371e-01  9.695304281e-01  9.373776908e-01  1.013487776e+00  3.324976787e-02  4.998902361e-01  1.412556650e+00  9.828638708e-01
 1.565584283e-01  9.842191513e-01  9.711708788e-01  9.354207436e-01  1.013435609e+00  3.310240814e-02  4.988019783e-01  1.408441765e+00  9.844485516e-01
 1.589304106e-01  9.858466284e-01  9.728267464e-01  9.334637965e-01  1.013383557e+00  3.295548012e-02  4.977084654e-01  1.404291137e+00  9.860512904e-01
 1.612690740e-01  9.874883186e-01  9.744967026e-01  9.315068493e-01  1.013331616e+00  3.280898762e-02  4.966097908e-01  1.400105376e+00  9.876932268e-01
 1.635758960e-01  9.891429913e-01  9.761795324e-01  9.295499022e-01  1.013279790e+00  3.266293414e-02  4.955060462e-01  1.395885085e+00  9.893545967e-01
 1.658522545e-01  9.908129584e-01  9.778775175e-01  9.275929550e-01  1.013228079e+00  3.251732334e-02  4.943973238e-01  1.391630862e+00  9.910245267e-01
 1.680994349e-01  9.924955832e-01  9.795880559e-01  9.256360078e-01  1.013176485e+00  3.237215867e-02  4.932837157e-01  1.387343323e+00  9.927012771e-01
 1.703186396e-01  9.941934608e-01  9.813137086e-01  9.236790607e-01  1.013125010e+00  3.222744370e-02  4.921653137e-01  1.383023079e+00  9.943759219e-01
 1.725109966e-01  9.959063759e-01  9.830542669e-01  9.217221135e-01  1.013073652e+00  3.208318173e-02  4.910422119e-01  1.378670730e+00  9.960678877e-01
 1.746775642e-01  9.976328520e-01  9.848082778e-01  9.197651663e-01  1.013022407e+00  3.193937615e-02  4.899145044e-01  1.374286879e+00  9.977950252e-01
 1.768193345e-01  9.993736770e-01  9.865765160e-01  9.178082192e-01  1.012971281e+00  3.179603013e-02  4.887822813e-01  1.369872135e+00  9.995406779e-01
 1.789372440e-01  1.001127844e+00  9.883579859e-01  9.158512720e-01  1.012920277e+00  3.165314693e-02  4.876456331e-01  1.365427106e+00  1.001295708e+00
 1.810321798e-01  1.002897454e+00  9.901547642e-01  9.138943249e-01  1.012869392e+00  3.151072959e-02  4.865046549e-01  1.360952393e+00  1.003059583e+00
 1.831049765e-01  1.004682126e+00  9.919664813e-01  9.119373777e-01  1.012818623e+00  3.136878127e-02  4.853594408e-01  1.356448599e+00  1.004826016e+00
 1.851564218e-01  1.006481405e+00  9.937926851e-01  9.099804305e-01  1.012767974e+00  3.122730492e-02  4.842100822e-01  1.351916337e+00  1.006611404e+00
 1.871872626e-01  1.008293650e+00  9.956317572e-01  9.080234834e-01  1.012717446e+00  3.108630356e-02  4.830566714e-01  1.347356218e+00  1.008431868e+00
 1.891982091e-01  1.010121436e+00  9.974862383e-01  9.060665362e-01  1.012667040e+00  3.094577999e-02  4.818993003e-01  1.342768841e+00  1.010266324e+00
 1.911899371e-01  1.011962947e+00  9.993543358e-01  9.041095890e-01  1.012616757e+00  3.080573708e-02  4.807380609e-01  1.338154807e+00  1.012098921e+00
 1.931630857e-01  1.013819930e+00  1.001237779e+00  9.021526419e-01  1.012566597e+00  3.066617752e-02  4.795730475e-01  1.333514727e+00  1.013944365e+00
 1.951182628e-01  1.015691735e+00  1.003135928e+00  9.001956947e-01  1.012516556e+00  3.052710410e-02  4.784043541e-01  1.328849212e+00  1.015811104e+00
 1.970560499e-01  1.017578382e+00  1.005048806e+00  8.982387476e-01  1.012466635e+00  3.038851937e-02  4.772320732e-01  1.324158860e+00  1.017695347e+00
 1.989770003e-01  1.019478916e+00  1.006975469e+00  8.962818004e-01  1.012416834e+00  3.025042597e-02  4.760562980e-01  1.319444272e+00  1.019597276e+00
 2.008816427e-01  1.021394791e+00  1.008917351e+00  8.943248532e-01  1.012367157e+00  3.011282630e-02  4.748771188e-01  1.314706061e+00  1.021511666e+00
 2.027704833e-01  1.023324619e+00  1.010873077e+00  8.923679061e-01  1.012317612e+00  2.997572283e-02  4.736946259e-01  1.309944835e+00  1.023433113e+00
 2.046440042e-01  1.025269898e+00  1.012844134e+00  8.904109589e-01  1.012268190e+00  2.983911790e-02  4.725089161e-01  1.305161196e+00  1.025367831e+00
 2.065026672e-01  1.027230440e+00  1.014830344e+00  8.884540117e-01  1.012218886e+00  2.970301390e-02  4.713200851e-01  1.300355747e+00  1.027318963e+00
 2.083469156e-01  1.029206177e+00  1.016831636e+00  8.864970646e-01  1.012169705e+00  2.956741301e-02  4.701282233e-01  1.295529095e+00  1.029290167e+00
 2.101771735e-01  1.031196104e+00  1.018847015e+00  8.845401174e-01  1.012120651e+00  2.943231750e-02  4.689334222e-01  1.290681851e+00  1.031287401e+00
 2.119938508e-01  1.033201348e+00  1.020877597e+00  8.825831703e-01  1.012071723e+00  2.929772937e-02  4.677357753e-01  1.285814617e+00  1.033296845e+00
 2.137973392e-01  1.035220895e+00  1.022922381e+00  8.806262231e-01  1.012022920e+00  2.916365073e-02  4.665353759e-01  1.280927998e+00  1.035306829e+00
 2.155880146e-01  1.037256022e+00  1.024982632e+00  8.786692759e-01  1.011974242e+00  2.903008354e-02  4.653323170e-01  1.276022597e+00  1.037331658e+00
 2.173662391e-01  1.039306552e+00  1.027058174e+00  8.767123288e-01  1.011925690e+00  2.889702986e-02  4.641266918e-01  1.271099017e+00  1.039380699e+00
 2.191323606e-01  1.041372494e+00  1.029149020e+00  8.747553816e-01  1.011877263e+00  2.876449145e-02  4.629185935e-01  1.266157866e+00  1.041445827e+00
 2.208867159e-01  1.043453759e+00  1.031255082e+00  8.727984344e-01  1.011828962e+00  2.863247018e-02  4.617081157e-01  1.261199754e+00  1.043522643e+00
 2.226296307e-01  1.045549278e+00  1.033375303e+00  8.708414873e-01  1.011780787e+00  2.850096770e-02  4.604953505e-01  1.256225282e+00  1.045615854e+00
 2.243614169e-01  1.047660486e+00  1.035511102e+00  8.688845401e-01  1.011732741e+00  2.836998572e-02  4.592803901e-01  1.251235058e+00  1.047728775e+00
 2.260823744e-01  1.049786419e+00  1.037661527e+00  8.669275930e-01  1.011684823e+00  2.823952583e-02  4.580633283e-01  1.246229682e+00  1.049854241e+00
 2.277927958e-01  1.051928412e+00  1.039827899e+00  8.649706458e-01  1.011637034e+00  2.810958967e-02  4.568442585e-01  1.241209758e+00  1.051986225e+00
 2.294929615e-01  1.054086023e+00  1.042009785e+00  8.630136986e-01  1.011589371e+00  2.798017864e-02  4.556232743e-01  1.236175897e+00  1.054135577e+00
 2.311831454e-01  1.056259178e+00  1.044207115e+00  8.610567515e-01  1.011541832e+00  2.785129422e-02  4.544004694e-01  1.231128709e+00  1.056310120e+00
 2.328636119e-01  1.058447428e+00  1.046419443e+00  8.590998043e-01  1.011494420e+00  2.772293773e-02  4.531759369e-01  1.226068792e+00  1.058502050e+00
 2.345346150e-01  1.060650799e+00  1.048646795e+00  8.571428571e-01  1.011447137e+00  2.759511053e-02  4.519497700e-01  1.220996749e+00  1.060707517e+00
 2.361964024e-01  1.062869884e+00  1.050889758e+00  8.551859100e-01  1.011399983e+00  2.746781379e-02  4.507220607e-01  1.215913188e+00  1.062925506e+00
 2.378492137e-01  1.065104578e+00  1.053148228e+00  8.532289628e-01  1.011352961e+00  2.734104874e-02  4.494929014e-01  1.210818713e+00  1.065153486e+00
 2.394932803e-01  1.067355184e+00  1.055422506e+00  8.512720157e-01  1.011306067e+00  2.721481641e-02  4.482623869e-01  1.205713931e+00  1.067397371e+00
 2.411288295e-01  1.069621366e+00  1.057712265e+00  8.493150685e-01  1.011259301e+00  2.708911791e-02  4.470306115e-01  1.200599445e+00  1.069661354e+00
 2.427560810e-01  1.071903355e+00  1.060017733e+00  8.473581213e-01  1.011212663e+00  2.696395416e-02  4.457976679e-01  1.195475860e+00  1.071942633e+00
 2.443752466e-01  1.074201196e+00  1.062338957e+00  8.454011742e-01  1.011166153e+00  2.683932618e-02  4.445636492e-01  1.190343781e+00  1.074240283e+00
 2.459865330e-01  1.076514331e+00  1.064675385e+00  8.434442270e-01  1.011119771e+00  2.671523472e-02  4.433286493e-01  1.185203815e+00  1.076554113e+00
 2.475901401e-01  1.078843401e+00  1.067027652e+00  8.414872798e-01  1.011073517e+00  2.659168066e-02  4.420927623e-01  1.180056567e+00  1.078883868e+00
 2.491862648e-01  1.081188268e+00  1.069395624e+00  8.395303327e-01  1.011027392e+00  2.646866464e-02  4.408560804e-01  1.174902643e+00  1.081226913e+00
 2.507750987e-01  1.083549077e+00  1.071779440e+00  8.375733855e-01  1.010981398e+00  2.634618740e-02  4.396186965e-01  1.169742646e+00  1.083580687e+00
 2.523568269e-01  1.085925990e+00  1.074179266e+00  8.356164384e-01  1.010935535e+00  2.622424947e-02  4.383807040e-01  1.164577181e+00  1.085951330e+00
 2.539316282e-01  1.088318976e+00  1.076595068e+00  8.336594912e-01  1.010889802e+00  2.610285145e-02  4.371421963e-01  1.159406849e+00  1.088342999e+00
 2.554996795e-01  1.090728013e+00  1.079026832e+00  8.317025440e-01  1.010844199e+00  2.598199378e-02  4.359032680e-01  1.154232259e+00  1.090753495e+00
 2.570611517e-01  1.093152797e+00  1.081474257e+00  8.297455969e-01  1.010798722e+00  2.586167698e-02  4.346640133e-01  1.149054015e+00  1.093182652e+00
 2.586162129e-01  1.095593767e+00  1.083937777e+00  8.277886497e-01  1.010753376e+00  2.574190129e-02  4.334245249e-01  1.143872726e+00  1.095625106e+00
 2.601650269e-01  1.098050434e+00  1.086416907e+00  8.258317025e-01  1.010708160e+00  2.562266705e-02  4.321848958e-01  1.138688996e+00  1.098076344e+00
 2.617077529e-01  1.100523537e+00  1.088912384e+00  8.238747554e-01  1.010663074e+00  2.550397441e-02  4.309452209e-01  1.133503427e+00  1.100543308e+00
 2.632445457e-01  1.103012914e+00  1.091424048e+00  8.219178082e-01  1.010618114e+00  2.538582356e-02  4.297055944e-01  1.128316620e+00  1.103030033e+00
 2.647755575e-01  1.105518566e+00  1.093951901e+00  8.199608611e-01  1.010573285e+00  2.526821460e-02  4.284661085e-01  1.123129184e+00  1.105534364e+00
 2.663009363e-01  1.108040489e+00  1.096495937e+00  8.180039139e-01  1.010528586e+00  2.515114769e-02  4.272268559e-01  1.117941728e+00  1.108055874e+00
 2.678208282e-01  1.110578656e+00  1.099056133e+00  8.160469667e-01  1.010484017e+00  2.503462264e-02  4.259879317e-01  1.112754852e+00  1.110594455e+00
 2.693353759e-01  1.113132863e+00  1.101632291e+00  8.140900196e-01  1.010439574e+00  2.491863939e-02  4.247494306e-01  1.107569156e+00  1.113149955e+00
 2.708447177e-01  1.115703433e+00  1.104224728e+00  8.121330724e-01  1.010395261e+00  2.480319776e-02  4.235114451e-01  1.102385253e+00  1.115720821e+00
 2.723489894e-01  1.118290505e+00  1.106833583e+00  8.101761252e-01  1.010351080e+00  2.468829764e-02  4.222740684e-01  1.097203752e+00  1.118305828e+00
 2.738483233e-01  1.120894014e+00  1.109458790e+00  8.082191781e-01  1.010307029e+00  2.457393863e-02  4.210373942e-01  1.092025253e+00  1.120905539e+00
 2.753428503e-01  1.123513974e+00  1.112100368e+00  8.062622309e-01  1.010263108e+00  2.446012041e-02  4.198015161e-01  1.086850356e+00  1.123519918e+00
 2.768326986e-01  1.126150400e+00  1.114758332e+00  8.043052838e-01  1.010219317e+00  2.434684259e-02  4.185665289e-01  1.081679670e+00  1.126153235e+00
 2.783179938e-01  1.128803242e+00  1.117432635e+00  8.023483366e-01  1.010175653e+00  2.423410479e-02  4.173325268e-01  1.076513802e+00  1.128808703e+00
 2.797988579e-01  1.131472593e+00  1.120123372e+00  8.003913894e-01  1.010132117e+00  2.412190638e-02  4.160996039e-01  1.071353353e+00  1.131481019e+00
 2.812754107e-01  1.134158500e+00  1.122830589e+00  7.984344423e-01  1.010088709e+00  2.401024677e-02  4.148678543e-01  1.066198926e+00  1.134167249e+00
 2.827477697e-01  1.136860992e+00  1.125554316e+00  7.964774951e-01  1.010045429e+00  2.389912528e-02  4.136373713e-01  1.061051131e+00  1.136868347e+00
 2.842160511e-01  1.139580059e+00  1.128294545e+00  7.945205479e-01  1.010002277e+00  2.378854122e-02  4.124082483e-01  1.055910576e+00  1.139584141e+00
 2.856803692e-01  1.142315728e+00  1.131051301e+00  7.925636008e-01  1.009959254e+00  2.367849376e-02  4.111805788e-01  1.050777860e+00  1.142316160e+00
 2.871408353e-01  1.145068066e+00  1.133824649e+00  7.906066536e-01  1.009916363e+00  2.356898210e-02  4.099544559e-01  1.045653585e+00  1.145065448e+00
 2.885975583e-01  1.147836963e+00  1.136614487e+00  7.886497065e-01  1.009873600e+00  2.346000528e-02  4.087299756e-01  1.040538361e+00  1.147833411e+00
 2.900506452e-01  1.150622541e+00  1.139420939e+00  7.866927593e-01  1.009830960e+00  2.335156237e-02  4.075072329e-01  1.035432795e+00  1.150621332e+00
 2.915002019e-01  1.153424903e+00  1.142244106e+00  7.847358121e-01  1.009788447e+00  2.324365229e-02  4.062863206e-01  1.030337492e+00  1.153425377e+00
 2.929463323e-01  1.156244048e+00  1.145083987e+00  7.827788650e-01  1.009746063e+00  2.313627399e-02  4.050673324e-01  1.025253056e+00  1.156243230e+00
 2.943891384e-01  1.159079948e+00  1.147940554e+00  7.808219178e-01  1.009703808e+00  2.302942625e-02  4.038503621e-01  1.020180089e+00  1.159077230e+00
 2.958287207e-01  1.161932605e+00  1.150813810e+00  7.788649706e-01  1.009661680e+00  2.292310790e-02  4.026355035e-01  1.015119195e+00  1.161928343e+00
 2.972651773e-01  1.164801896e+00  1.153703638e+00  7.769080235e-01  1.009619679e+00  2.281731755e-02  4.014228518e-01  1.010070982e+00  1.164795449e+00
 2.986986049e-01  1.167687882e+00  1.156610100e+00  7.749510763e-01  1.009577802e+00  2.271205387e-02  4.002125017e-01  1.005036055e+00  1.167678099e+00
 3.001290988e-01  1.170590643e+00  1.159533273e+00  7.729941292e-01  1.009536053e+00  2.260731548e-02  3.990045457e-01  1.000015020e+00  1.170579334e+00
 3.015567529e-01  1.173510187e+00  1.162473164e+00  7.710371820e-01  1.009494433e+00  2.250310099e-02  3.977990772e-01  9.950084828e-01  1.173501028e+00
 3.029816599e-01  1.176446776e+00  1.165430040e+00  7.690802348e-01  1.009452937e+00  2.239940870e-02  3.965961924e-01  9.900170466e-01  1.176439483e+00
 3.044039106e-01  1.179400372e+00  1.168403867e+00  7.671232877e-01  1.009411562e+00  2.229623700e-02  3.953959867e-01  9.850413163e-01  1.179392731e+00
 3.058235943e-01  1.182370690e+00  1.171394356e+00  7.651663405e-01  1.009370315e+00  2.219358425e-02  3.941985518e-01  9.800818978e-01  1.182361548e+00
 3.072407986e-01  1.185357655e+00  1.174401433e+00  7.632093933e-01  1.009329196e+00  2.209144879e-02  3.930039808e-01  9.751393968e-01  1.185345956e+00
 3.086556103e-01  1.188361360e+00  1.177425196e+00  7.612524462e-01  1.009288203e+00  2.198982874e-02  3.918123702e-01  9.702144185e-01  1.188347149e+00
 3.100681150e-01  1.191381837e+00  1.180465680e+00  7.592954990e-01  1.009247331e+00  2.188872229e-02  3.906238154e-01  9.653075681e-01  1.191365954e+00
 3.114783971e-01  1.194419233e+00  1.183523030e+00  7.573385519e-01  1.009206582e+00  2.178812744e-02  3.894384094e-01  9.604194507e-01  1.194402947e+00
 3.128865394e-01  1.197473356e+00  1.186597059e+00  7.553816047e-01  1.009165957e+00  2.168804226e-02  3.882562458e-01  9.555506714e-01  1.197458656e+00
 3.142926232e-01  1.200544376e+00  1.189687934e+00  7.534246575e-01  1.009125454e+00  2.158846467e-02  3.870774215e-01  9.507018532e-01  1.200531311e+00
 3.156967290e-01  1.203632712e+00  1.192796071e+00  7.514677104e-01  1.009085074e+00  2.148939264e-02  3.859020312e-01  9.458736037e-01  1.203619870e+00
 3.170989363e-01  1.206737674e+00  1.195920789e+00  7.495107632e-01  1.009044817e+00  2.139082387e-02  3.847301610e-01  9.410664442e-01  1.206723767e+00
 3.184993234e-01  1.209859277e+00  1.199062102e+00  7.475538160e-01  1.009004683e+00  2.129275615e-02  3.835618954e-01  9.362808779e-01  1.209842475e+00
 3.198979672e-01  1.212997621e+00  1.202220111e+00  7.455968689e-01  1.008964673e+00  2.119518729e-02  3.823972625e-01  9.315167975e-01  1.212978238e+00
 3.212949438e-01  1.216152597e+00  1.205394707e+00  7.436399217e-01  1.008924786e+00  2.109811506e-02  3.812363062e-01  9.267742646e-01  1.216132312e+00
 3.226903281e-01  1.219324266e+00  1.208585958e+00  7.416829746e-01  1.008885018e+00  2.100153719e-02  3.800790582e-01  9.220531840e-01  1.219303723e+00
 3.240841939e-01  1.222512659e+00  1.211793897e+00  7.397260274e-01  1.008845366e+00  2.090545144e-02  3.789255533e-01  9.173535074e-01  1.222492204e+00
 3.254766140e-01  1.225717814e+00  1.215018559e+00  7.377690802e-01  1.008805837e+00  2.080985557e-02  3.777758226e-01  9.126751877e-01  1.225698216e+00
 3.268676605e-01  1.228940571e+00  1.218260771e+00  7.358121331e-01  1.008766432e+00  2.071474734e-02  3.766298989e-01  9.080181772e-01  1.228921849e+00
 3.282574039e-01  1.232179986e+00  1.221519606e+00  7.338551859e-01  1.008727146e+00  2.062012453e-02  3.754878184e-01  9.033824283e-01  1.232161115e+00
 3.296459142e-01  1.235435871e+00  1.224794881e+00  7.318982387e-01  1.008687977e+00  2.052598492e-02  3.743496161e-01  8.987678934e-01  1.235414934e+00
 3.310332604e-01  1.238708399e+00  1.228086768e+00  7.299412916e-01  1.008648926e+00  2.043232631e-02  3.732153254e-01  8.941745244e-01  1.238685207e+00
 3.324195106e-01  1.241997636e+00  1.231395331e+00  7.279843444e-01  1.008609993e+00  2.033914650e-02  3.720849799e-01  8.896022734e-01  1.241972857e+00
 3.338047318e-01  1.245303635e+00  1.234720624e+00  7.260273973e-01  1.008571178e+00  2.024644327e-02  3.709586133e-01  8.850510929e-01  1.245278108e+00
 3.351889897e-01  1.248626573e+00  1.238062825e+00  7.240704501e-01  1.008532482e+00  2.015421442e-02  3.698362595e-01  8.805209351e-01  1.248601311e+00
 3.365723496e-01  1.251966297e+00  1.241421783e+00  7.221135029e-01  1.008493901e+00  2.006245776e-02  3.687179531e-01  8.760117527e-01  1.251942265e+00
 3.379548759e-01  1.255323168e+00  1.244797861e+00  7.201565558e-01  1.008455435e+00  1.997117110e-02  3.676037284e-01  8.715234981e-01  1.255300769e+00
 3.393366325e-01  1.258697522e+00  1.248191386e+00  7.181996086e-01  1.008417087e+00  1.988035226e-02  3.664936186e-01  8.670561236e-01  1.258674824e+00
 3.407176815e-01  1.262088292e+00  1.251601302e+00  7.162426614e-01  1.008378858e+00  1.978999904e-02  3.653876572e-01  8.626095814e-01  1.262063383e+00
 3.420980845e-01  1.265495858e+00  1.255027993e+00  7.142857143e-01  1.008340742e+00  1.970010928e-02  3.642858795e-01  8.581838245e-01  1.265468802e+00
 3.434779019e-01  1.268920457e+00  1.258471695e+00  7.123287671e-01  1.008302739e+00  1.961068079e-02  3.631883203e-01  8.537788052e-01  1.268892190e+00
 3.448571938e-01  1.272361891e+00  1.261932211e+00  7.103718200e-01  1.008264850e+00  1.952171145e-02  3.620950122e-01  8.493944759e-01  1.272333132e+00
 3.462360194e-01  1.275820285e+00  1.265409662e+00  7.084148728e-01  1.008227078e+00  1.943319910e-02  3.610059887e-01  8.450307889e-01  1.275791662e+00
 3.476144372e-01  1.279295723e+00  1.268904135e+00  7.064579256e-01  1.008189419e+00  1.934514158e-02  3.599212851e-01  8.406876970e-01  1.279267808e+00
 3.489925045e-01  1.282788237e+00  1.272415667e+00  7.045009785e-01  1.008151872e+00  1.925753676e-02  3.588409359e-01  8.363651531e-01  1.282761503e+00
 3.503702773e-01  1.286298887e+00  1.275945307e+00  7.025440313e-01  1.008114439e+00  1.917038245e-02  3.577649745e-01  8.320631098e-01  1.286271953e+00
 3.517478111e-01  1.289826359e+00  1.279491752e+00  7.005870841e-01  1.008077119e+00  1.908367650e-02  3.566934346e-01  8.277815198e-01  1.289798702e+00
 3.531251606e-01  1.293370738e+00  1.283055091e+00  6.986301370e-01  1.008039910e+00  1.899741680e-02  3.556263507e-01  8.235203356e-01  1.293341866e+00
 3.545023804e-01  1.296932212e+00  1.286635512e+00  6.966731898e-01  1.008002810e+00  1.891160121e-02  3.545637570e-01  8.192795099e-01  1.296901539e+00
 3.558795243e-01  1.300510868e+00  1.290233101e+00  6.947162427e-01  1.007965822e+00  1.882622762e-02  3.535056881e-01  8.150589960e-01  1.300478843e+00
 3.572566445e-01  1.304106799e+00  1.293847952e+00  6.927592955e-01  1.007928943e+00  1.874129391e-02  3.524521783e-01  8.108587471e-01  1.304074437e+00
 3.586337922e-01  1.307720071e+00  1.297480130e+00  6.908023483e-01  1.007892176e+00  1.865679795e-02  3.514032609e-01  8.066787150e-01  1.307688328e+00
 3.600110187e-01  1.311350903e+00  1.301129853e+00  6.888454012e-01  1.007855519e+00  1.857273763e-02  3.503589695e-01  8.025188521e-01  1.311320525e+00
 3.613883744e-01  1.314999712e+00  1.304797539e+00  6.868884540e-01  1.007818970e+00  1.848911090e-02  3.493193391e-01  7.983791123e-01  1.314969801e+00
 3.627659097e-01  1.318666027e+00  1.308482722e+00  6.849315068e-01  1.007782529e+00  1.840591565e-02  3.482844040e-01  7.942594489e-01  1.318635522e+00
 3.641436739e-01  1.322349557e+00  1.312185114e+00  6.829745597e-01  1.007746196e+00  1.832314974e-02  3.472541983e-01  7.901598138e-01  1.322318022e+00
 3.655217151e-01  1.326050524e+00  1.315904935e+00  6.810176125e-01  1.007709971e+00  1.824081105e-02  3.462287561e-01  7.860801596e-01  1.326017480e+00
 3.669000811e-01  1.329769028e+00  1.319642289e+00  6.790606654e-01  1.007673852e+00  1.815889754e-02  3.452081122e-01  7.820204406e-01  1.329734940e+00
 3.682788188e-01  1.333505351e+00  1.323397457e+00  6.771037182e-01  1.007637837e+00  1.807740715e-02  3.441923009e-01  7.779806103e-01  1.333470966e+00
 3.696579750e-01  1.337259240e+00  1.327170184e+00  6.751467710e-01  1.007601931e+00  1.799633778e-02  3.431813549e-01  7.739606204e-01  1.337225160e+00
 3.710375968e-01  1.341030864e+00  1.330960639e+00  6.731898239e-01  1.007566133e+00  1.791568734e-02  3.421753076e-01  7.699604236e-01  1.340997408e+00
 3.724177296e-01  1.344820569e+00  1.334769171e+00  6.712328767e-01  1.007530439e+00  1.783545380e-02  3.411741955e-01  7.659799739e-01  1.344787541e+00
 3.737984178e-01  1.348628717e+00  1.338596144e+00  6.692759295e-01  1.007494847e+00  1.775563512e-02  3.401780535e-01  7.620192246e-01  1.348595402e+00
 3.751797059e-01  1.352454502e+00  1.342440756e+00  6.673189824e-01  1.007459358e+00  1.767622919e-02  3.391869148e-01  7.580781282e-01  1.352420673e+00
 3.765616375e-01  1.356298273e+00  1.346303355e+00  6.653620352e-01  1.007423972e+00  1.759723395e-02  3.382008132e-01  7.541566377e-01  1.356263280e+00
 3.779442565e-01  1.360159865e+00  1.350183777e+00  6.634050881e-01  1.007388689e+00  1.751864738e-02  3.372197830e-01  7.502547072e-01  1.360124040e+00
 3.793276066e-01  1.364039502e+00  1.354082247e+00  6.614481409e-01  1.007353509e+00  1.744046743e-02  3.362438583e-01  7.463722905e-01  1.364003355e+00
 3.807117295e-01  1.367937210e+00  1.357998792e+00  6.594911937e-01  1.007318429e+00  1.736269212e-02  3.352730743e-01  7.425093402e-01  1.367901091e+00
 3.820966670e-01  1.371853095e+00  1.361933520e+00  6.575342466e-01  1.007283450e+00  1.728531943e-02  3.343074656e-01  7.386658092e-01  1.371817285e+00
 3.834824604e-01  1.375787256e+00  1.365886528e+00  6.555772994e-01  1.007248573e+00  1.720834724e-02  3.333470648e-01  7.348416504e-01  1.375752027e+00
 3.848691507e-01  1.379740510e+00  1.369858624e+00  6.536203523e-01  1.007213800e+00  1.713177349e-02  3.323919057e-01  7.310368167e-01  1.379705294e+00
 3.862567788e-01  1.383712295e+00  1.373849258e+00  6.516634051e-01  1.007179126e+00  1.705559625e-02  3.314420241e-01  7.272512632e-01  1.383676601e+00
 3.876453851e-01  1.387702133e+00  1.377857960e+00  6.497064579e-01  1.007144549e+00  1.697981355e-02  3.304974547e-01  7.234849437e-01  1.387665774e+00
 3.890350091e-01  1.391710342e+00  1.381885043e+00  6.477495108e-01  1.007110070e+00  1.690442333e-02  3.295582313e-01  7.197378103e-01  1.391673153e+00
 3.904256894e-01  1.395737092e+00  1.385930679e+00  6.457925636e-01  1.007075689e+00  1.682942357e-02  3.286243883e-01  7.160098161e-01  1.395699001e+00
 3.918174648e-01  1.399782404e+00  1.389994890e+00  6.438356164e-01  1.007041403e+00  1.675481231e-02  3.276959603e-01  7.123009146e-01  1.399744058e+00
 3.932103735e-01  1.403846548e+00  1.394077948e+00  6.418786693e-01  1.007007212e+00  1.668058754e-02  3.267729820e-01  7.086110595e-01  1.403808624e+00
 3.946044545e-01  1.407929367e+00  1.398179693e+00  6.399217221e-01  1.006973119e+00  1.660674730e-02  3.258554866e-01  7.049402051e-01  1.407891928e+00
 3.959997450e-01  1.412031473e+00  1.402300733e+00  6.379647750e-01  1.006939125e+00  1.653328959e-02  3.249435084e-01  7.012883051e-01  1.411993745e+00
 3.973962817e-01  1.416152538e+00  1.406440745e+00  6.360078278e-01  1.006905227e+00  1.646021240e-02  3.240370817e-01  6.976553127e-01  1.416114539e+00
 3.987941012e-01  1.420292698e+00  1.410599869e+00  6.340508806e-01  1.006871423e+00  1.638751373e-02  3.231362411e-01  6.940411813e-01  1.420254447e+00
 4.001932397e-01  1.424451646e+00  1.414777803e+00  6.320939335e-01  1.006837711e+00  1.631519169e-02  3.222410224e-01  6.904458647e-01  1.424413192e+00
 4.015937336e-01  1.428629786e+00  1.418974954e+00  6.301369863e-01  1.006804088e+00  1.624324433e-02  3.213514602e-01  6.868693168e-01  1.428590759e+00
 4.029956188e-01  1.432826931e+00  1.423191133e+00  6.281800391e-01  1.006770558e+00  1.617166963e-02  3.204675877e-01  6.833114907e-01  1.432787553e+00
 4.043989301e-01  1.437043243e+00  1.427426497e+00  6.262230920e-01  1.006737121e+00  1.610046561e-02  3.195894388e-01  6.797723400e-01  1.437003774e+00
 4.058037023e-01  1.441278839e+00  1.431681167e+00  6.242661448e-01  1.006703777e+00  1.602963039e-02  3.187170480e-01  6.762518187e-01  1.441239428e+00
 4.072099695e-01  1.445534137e+00  1.435955557e+00  6.223091977e-01  1.006670527e+00  1.595916204e-02  3.178504499e-01  6.727498807e-01  1.445494595e+00
 4.086177658e-01  1.449808972e+00  1.440249511e+00  6.203522505e-01  1.006637364e+00  1.588905856e-02  3.169896793e-01  6.692664801e-01  1.449769456e+00
 4.100271252e-01  1.454103711e+00  1.444563397e+00  6.183953033e-01  1.006604289e+00  1.581931800e-02  3.161347709e-01  6.658015708e-01  1.454064055e+00
 4.114380816e-01  1.458417909e+00  1.448896768e+00  6.164383562e-01  1.006571304e+00  1.574993848e-02  3.152857587e-01  6.623551062e-01  1.458378101e+00
 4.128506675e-01  1.462751645e+00  1.453249703e+00  6.144814090e-01  1.006538410e+00  1.568091808e-02  3.144426770e-01  6.589270399e-01  1.462711512e+00
 4.142649152e-01  1.467104993e+00  1.457622280e+00  6.125244618e-01  1.006505604e+00  1.561225490e-02  3.136055605e-01  6.555173261e-01  1.467064351e+00
 4.156808569e-01  1.471478098e+00  1.462014645e+00  6.105675147e-01  1.006472885e+00  1.554394702e-02  3.127744438e-01  6.521259188e-01  1.471436821e+00
 4.170985251e-01  1.475871069e+00  1.466426909e+00  6.086105675e-01  1.006440253e+00  1.547599248e-02  3.119493614e-01  6.487527717e-01  1.475829841e+00
 4.185179514e-01  1.480284120e+00  1.470859288e+00  6.066536204e-01  1.006407705e+00  1.540838936e-02  3.111303478e-01  6.453978387e-01  1.480243666e+00
 4.199391672e-01  1.484717856e+00  1.475312381e+00  6.046966732e-01  1.006375243e+00  1.534113579e-02  3.103174370e-01  6.420610743e-01  1.484677299e+00
 4.213622031e-01  1.489171316e+00  1.479785236e+00  6.027397260e-01  1.006342866e+00  1.527422989e-02  3.095106635e-01  6.387424326e-01  1.489130510e+00
 4.227870896e-01  1.493645415e+00  1.484278766e+00  6.007827789e-01  1.006310573e+00  1.520766977e-02  3.087100629e-01  6.354418675e-01  1.493603991e+00
 4.242138570e-01  1.498139585e+00  1.488792408e+00  5.988258317e-01  1.006278362e+00  1.514145354e-02  3.079156700e-01  6.321593330e-01  1.498097978e+00
 4.256425354e-01  1.502653968e+00  1.493326303e+00  5.968688845e-01  1.006246234e+00  1.507557931e-02  3.071275182e-01  6.288947832e-01  1.502612374e+00
 4.270731545e-01  1.507188767e+00  1.497880653e+00  5.949119374e-01  1.006214189e+00  1.501004521e-02  3.063456422e-01  6.256481718e-01  1.507147194e+00
 4.285057437e-01  1.511744138e+00  1.502455624e+00  5.929549902e-01  1.006182222e+00  1.494484936e-02  3.055700775e-01  6.224194526e-01  1.511702355e+00
 4.299403315e-01  1.516320007e+00  1.507051142e+00  5.909980431e-01  1.006150332e+00  1.487998988e-02  3.048008588e-01  6.192085796e-01  1.516277976e+00
 4.313769464e-01  1.520917078e+00  1.511667900e+00  5.890410959e-01  1.006118525e+00  1.481546493e-02  3.040380191e-01  6.160155087e-01  1.520874726e+00
 4.328156171e-01  1.525534647e+00  1.516305199e+00  5.870841487e-01  1.006086801e+00  1.475127264e-02  3.032815926e-01  6.128401943e-01  1.525492760e+00
 4.342563714e-01  1.530172976e+00  1.520963306e+00  5.851272016e-01  1.006055156e+00  1.468741117e-02  3.025316148e-01  6.096825894e-01  1.530131364e+00
 4.356992373e-01  1.534832847e+00  1.525643002e+00  5.831702544e-01  1.006023588e+00  1.462387867e-02  3.017881207e-01  6.065426478e-01  1.534790460e+00
 4.371442416e-01  1.539513490e+00  1.530343522e+00  5.812133072e-01  1.005992098e+00  1.456067329e-02  3.010511446e-01  6.034203248e-01  1.539470867e+00
 4.385914112e-01  1.544215020e+00  1.535064980e+00  5.792563601e-01  1.005960685e+00  1.449779319e-02  3.003207210e-01  6.003155746e-01  1.544172742e+00
 4.400407732e-01  1.548937636e+00  1.539807579e+00  5.772994129e-01  1.005929349e+00  1.443523655e-02  2.995968848e-01  5.972283505e-01  1.548895269e+00
 4.414923537e-01  1.553681462e+00  1.544571444e+00  5.753424658e-01  1.005898088e+00  1.437300155e-02  2.988796709e-01  5.941586069e-01  1.553638453e+00
 4.429461787e-01  1.558447082e+00  1.549357160e+00  5.733855186e-01  1.005866899e+00  1.431108634e-02  2.981691139e-01  5.911062995e-01  1.558403513e+00
 4.444022740e-01  1.563233960e+00  1.554164195e+00  5.714285714e-01  1.005835783e+00  1.424948909e-02  2.974652487e-01  5.880713832e-01  1.563190758e+00
 4.458606647e-01  1.568042384e+00  1.558992836e+00  5.694716243e-01  1.005804740e+00  1.418820800e-02  2.967681100e-01  5.850538112e-01  1.567999406e+00
 4.473213761e-01  1.572872657e+00  1.563843386e+00  5.675146771e-01  1.005773770e+00  1.412724127e-02  2.960777322e-01  5.820535378e-01  1.572829332e+00
 4.487844329e-01  1.577724622e+00  1.568715689e+00  5.655577299e-01  1.005742872e+00  1.406658709e-02  2.953941494e-01  5.790705182e-01  1.577680962e+00
 4.502498590e-01  1.582598136e+00  1.573609603e+00  5.636007828e-01  1.005712048e+00  1.400624368e-02  2.947173961e-01  5.761047069e-01  1.582554451e+00
 4.517176789e-01  1.587493408e+00  1.578525342e+00  5.616438356e-01  1.005681294e+00  1.394620923e-02  2.940475073e-01  5.731560578e-01  1.587449820e+00
 4.531879163e-01  1.592410570e+00  1.583463038e+00  5.596868885e-01  1.005650610e+00  1.388648194e-02  2.933845179e-01  5.702245253e-01  1.592367137e+00
 4.546605945e-01  1.597350240e+00  1.588423310e+00  5.577299413e-01  1.005619994e+00  1.382706004e-02  2.927284631e-01  5.673100647e-01  1.597306443e+00
 4.561357366e-01  1.602311950e+00  1.593405694e+00  5.557729941e-01  1.005589446e+00  1.376794173e-02  2.920793779e-01  5.644126307e-01  1.602267845e+00
 4.576133650e-01  1.607295660e+00  1.598410157e+00  5.538160470e-01  1.005558963e+00  1.370912523e-02  2.914372973e-01  5.615321773e-01  1.607251606e+00
 4.590935022e-01  1.612301569e+00  1.603436896e+00  5.518590998e-01  1.005528545e+00  1.365060877e-02  2.908022560e-01  5.586686591e-01  1.612257828e+00
 4.605761705e-01  1.617330361e+00  1.608486589e+00  5.499021526e-01  1.005498195e+00  1.359239061e-02  2.901742872e-01  5.558220307e-01  1.617286402e+00
 4.620613914e-01  1.622381377e+00  1.613558579e+00  5.479452055e-01  1.005467913e+00  1.353446900e-02  2.895534255e-01  5.529922471e-01  1.622337356e+00
 4.635491865e-01  1.627454815e+00  1.618653070e+00  5.459882583e-01  1.005437697e+00  1.347684211e-02  2.889397067e-01  5.501792635e-01  1.627410824e+00
 4.650395765e-01  1.632551010e+00  1.623770398e+00  5.440313112e-01  1.005407545e+00  1.341950820e-02  2.883331659e-01  5.473830347e-01  1.632506885e+00
 4.665325818e-01  1.637670167e+00  1.628910773e+00  5.420743640e-01  1.005377455e+00  1.336246556e-02  2.877338382e-01  5.446035148e-01  1.637625514e+00
 4.680282231e-01  1.642812058e+00  1.634073972e+00  5.401174168e-01  1.005347424e+00  1.330571247e-02  2.871417583e-01  5.418406585e-01  1.642766891e+00
 4.695265204e-01  1.647976677e+00  1.639259990e+00  5.381604697e-01  1.005317453e+00  1.324924718e-02  2.865569611e-01  5.390944210e-01  1.647931622e+00
 4.710274937e-01  1.653164207e+00  1.644469007e+00  5.362035225e-01  1.005287542e+00  1.319306797e-02  2.859794813e-01  5.363647573e-01  1.653119804e+00
 4.725311618e-01  1.658374814e+00  1.649701194e+00  5.342465753e-01  1.005257692e+00  1.313717302e-02  2.854093538e-01  5.336516218e-01  1.658330872e+00
 4.740375433e-01  1.663609345e+00  1.654957391e+00  5.322896282e-01  1.005227902e+00  1.308156063e-02  2.848466131e-01  5.309549695e-01  1.663564766e+00
 4.755466568e-01  1.668866675e+00  1.660236479e+00  5.303326810e-01  1.005198172e+00  1.302622914e-02  2.842912933e-01  5.282747560e-01  1.668821830e+00
 4.770585209e-01  1.674147232e+00  1.665538890e+00  5.283757339e-01  1.005168503e+00  1.297117684e-02  2.837434292e-01  5.256109363e-01  1.674102235e+00
 4.785731538e-01  1.679451553e+00  1.670865161e+00  5.264187867e-01  1.005138890e+00  1.291640198e-02  2.832030571e-01  5.229634640e-01  1.679406081e+00
 4.800905724e-01  1.684779325e+00  1.676214988e+00  5.244618395e-01  1.005109331e+00  1.286190283e-02  2.826702123e-01  5.203322940e-01  1.684733582e+00
 4.816107935e-01  1.690130545e+00  1.681588371e+00  5.225048924e-01  1.005079825e+00  1.280767770e-02  2.821449298e-01  5.177173820e-01  1.690085287e+00
 4.831338339e-01  1.695505492e+00  1.686985590e+00  5.205479452e-01  1.005050371e+00  1.275372491e-02  2.816272443e-01  5.151186833e-01  1.695461150e+00
 4.846597101e-01  1.700904217e+00  1.692406690e+00  5.185909980e-01  1.005020972e+00  1.270004283e-02  2.811171897e-01  5.125361531e-01  1.700860228e+00
 4.861884388e-01  1.706327221e+00  1.697852173e+00  5.166340509e-01  1.004991629e+00  1.264662977e-02  2.806148005e-01  5.099697462e-01  1.706282452e+00
 4.877200348e-01  1.711774098e+00  1.703321638e+00  5.146771037e-01  1.004962340e+00  1.259348394e-02  2.801201121e-01  5.074194174e-01  1.711728453e+00
 4.892545133e-01  1.717244888e+00  1.708815128e+00  5.127201566e-01  1.004933102e+00  1.254060365e-02  2.796331599e-01  5.048851217e-01  1.717198639e+00
 4.907918890e-01  1.722740196e+00  1.714333255e+00  5.107632094e-01  1.004903913e+00  1.248798730e-02  2.791539799e-01  5.023668142e-01  1.722693720e+00
 4.923321761e-01  1.728259607e+00  1.719875609e+00  5.088062622e-01  1.004874770e+00  1.243563325e-02  2.786826072e-01  4.998644501e-01  1.728213745e+00
 4.938753896e-01  1.733803377e+00  1.725442438e+00  5.068493151e-01  1.004845678e+00  1.238353985e-02  2.782190753e-01  4.973779853e-01  1.733757881e+00
 4.954215426e-01  1.739371393e+00  1.731033633e+00  5.048923679e-01  1.004816637e+00  1.233170541e-02  2.777634191e-01  4.949073749e-01  1.739326044e+00
 4.969706482e-01  1.744963850e+00  1.736649398e+00  5.029354207e-01  1.004787640e+00  1.228012822e-02  2.773156750e-01  4.924525734e-01  1.744918823e+00
 4.985227189e-01  1.750580879e+00  1.742289865e+00  5.009784736e-01  1.004758688e+00  1.222880664e-02  2.768758780e-01  4.900135360e-01  1.750536205e+00
 5.000777672e-01  1.756223269e+00  1.747955813e+00  4.990215264e-01  1.004729785e+00  1.217773906e-02  2.764440614e-01  4.875902184e-01  1.756177294e+00
 5.016358056e-01  1.761890092e+00  1.753646325e+00  4.970645793e-01  1.004700929e+00  1.212692386e-02  2.760202605e-01  4.851825761e-01  1.761842578e+00
 5.031968457e-01  1.767582354e+00  1.759362413e+00  4.951076321e-01  1.004672114e+00  1.207635939e-02  2.756045127e-01  4.827905641e-01  1.767534577e+00
 5.047608983e-01  1.773299269e+00  1.765103299e+00  4.931506849e-01  1.004643337e+00  1.202604402e-02  2.751968531e-01  4.804141378e-01  1.773253245e+00
 5.063279738e-01  1.779041065e+00  1.770869200e+00  4.911937378e-01  1.004614607e+00  1.197597609e-02  2.747973147e-01  4.780532518e-01  1.778995808e+00
 5.078980826e-01  1.784807915e+00  1.776660290e+00  4.892367906e-01  1.004585922e+00  1.192615397e-02  2.744059325e-01  4.757078618e-01  1.784762097e+00
 5.094712350e-01  1.790599938e+00  1.782476702e+00  4.872798434e-01  1.004557275e+00  1.187657608e-02  2.740227431e-01  4.733779240e-01  1.790554081e+00
 5.110474405e-01  1.796417258e+00  1.788318564e+00  4.853228963e-01  1.004528664e+00  1.182724082e-02  2.736477818e-01  4.710633939e-01  1.796371969e+00
 5.126267078e-01  1.802260511e+00  1.794186503e+00  4.833659491e-01  1.004500094e+00  1.177814658e-02  2.732810826e-01  4.687642263e-01  1.802214561e+00
 5.142090451e-01  1.808129313e+00  1.800080138e+00  4.814090020e-01  1.004471565e+00  1.172929174e-02  2.729226808e-01  4.664803766e-01  1.808082126e+00
 5.157944608e-01  1.814024095e+00  1.805999910e+00  4.794520548e-01  1.004443070e+00  1.168067472e-02  2.725726127e-01  4.642118001e-01  1.813976389e+00
 5.173829627e-01  1.819944128e+00  1.811945096e+00  4.774951076e-01  1.004414611e+00  1.163229393e-02  2.722309135e-01  4.619584526e-01  1.819897408e+00
 5.189745579e-01  1.825889795e+00  1.817916076e+00  4.755381605e-01  1.004386186e+00  1.158414774e-02  2.718976179e-01  4.597202901e-01  1.825843857e+00
 5.205692531e-01  1.831861234e+00  1.823912992e+00  4.735812133e-01  1.004357797e+00  1.153623460e-02  2.715727609e-01  4.574972680e-01  1.831815552e+00
 5.221670545e-01  1.837858569e+00  1.829935971e+00  4.716242661e-01  1.004329440e+00  1.148855292e-02  2.712563780e-01  4.552893408e-01  1.837812872e+00
 5.237679680e-01  1.843882082e+00  1.835985296e+00  4.696673190e-01  1.004301116e+00  1.144110114e-02  2.709485043e-01  4.530964643e-01  1.843836048e+00
 5.253719989e-01  1.849931655e+00  1.842060852e+00  4.677103718e-01  1.004272825e+00  1.139387765e-02  2.706491746e-01  4.509185945e-01  1.849885460e+00
 5.269791519e-01  1.856008436e+00  1.848163783e+00  4.657534247e-01  1.004244566e+00  1.134688089e-02  2.703584243e-01  4.487556872e-01  1.855961254e+00
 5.285894317e-01  1.862111163e+00  1.854292843e+00  4.637964775e-01  1.004216335e+00  1.130010932e-02  2.700762902e-01  4.466076982e-01  1.862063224e+00
 5.302028419e-01  1.868240016e+00  1.860448215e+00  4.618395303e-01  1.004188131e+00  1.125356140e-02  2.698028075e-01  4.444745831e-01  1.868191730e+00
 5.318193862e-01  1.874395221e+00  1.866630124e+00  4.598825832e-01  1.004159955e+00  1.120723560e-02  2.695380109e-01  4.423562968e-01  1.874348168e+00
 5.334390675e-01  1.880577021e+00  1.872838815e+00  4.579256360e-01  1.004131806e+00  1.116113034e-02  2.692819354e-01  4.402527952e-01  1.880532005e+00
 5.350618878e-01  1.886785407e+00  1.879074278e+00  4.559686888e-01  1.004103685e+00  1.111524403e-02  2.690346159e-01  4.381640349e-01  1.886740354e+00
 5.366878493e-01  1.893020453e+00  1.885336590e+00  4.540117417e-01  1.004075592e+00  1.106957513e-02  2.687960877e-01  4.360899714e-01  1.892973594e+00
 5.383169536e-01  1.899282292e+00  1.891625897e+00  4.520547945e-01  1.004047521e+00  1.102412220e-02  2.685663875e-01  4.340305602e-01  1.899234944e+00
 5.399492017e-01  1.905572067e+00  1.897943337e+00  4.500978474e-01  1.004019472e+00  1.097888370e-02  2.683455504e-01  4.319857568e-01  1.905524577e+00
 5.415845938e-01  1.911888418e+00  1.904287550e+00  4.481409002e-01  1.003991450e+00  1.093385803e-02  2.681336109e-01  4.299555169e-01  1.911840445e+00
 5.432231296e-01  1.918231617e+00  1.910658813e+00  4.461839530e-01  1.003963451e+00  1.088904367e-02  2.679306045e-01  4.279397965e-01  1.918182852e+00
 5.448648086e-01  1.924602019e+00  1.917057494e+00  4.442270059e-01  1.003935471e+00  1.084443918e-02  2.677365681e-01  4.259385519e-01  1.924554116e+00
 5.465096302e-01  1.930999450e+00  1.923483424e+00  4.422700587e-01  1.003907508e+00  1.080004305e-02  2.675515371e-01  4.239517390e-01  1.930953778e+00
 5.481575926e-01  1.937424115e+00  1.929936807e+00  4.403131115e-01  1.003879561e+00  1.075585373e-02  2.673755469e-01  4.219793138e-01  1.937378928e+00
 5.498086932e-01  1.943876141e+00  1.936417771e+00  4.383561644e-01  1.003851633e+00  1.071186972e-02  2.672086325e-01  4.200212319e-01  1.943829733e+00
 5.514629294e-01  1.950356012e+00  1.942926793e+00  4.363992172e-01  1.003823725e+00  1.066808953e-02  2.670508281e-01  4.180774484e-01  1.950308271e+00
 5.531202980e-01  1.956863816e+00  1.949463968e+00  4.344422701e-01  1.003795837e+00  1.062451168e-02  2.669021696e-01  4.161479193e-01  1.956815154e+00
 5.547807956e-01  1.963399216e+00  1.956028973e+00  4.324853229e-01  1.003767962e+00  1.058113467e-02  2.667626941e-01  4.142326018e-01  1.963350841e+00
 5.564444179e-01  1.969962138e+00  1.962621739e+00  4.305283757e-01  1.003740099e+00  1.053795703e-02  2.666324372e-01  4.123314518e-01  1.969914995e+00
 5.581111598e-01  1.976552661e+00  1.969242345e+00  4.285714286e-01  1.003712248e+00  1.049497726e-02  2.665114336e-01  4.104444244e-01  1.976506298e+00
 5.597810158e-01  1.983170939e+00  1.975890947e+00  4.266144814e-01  1.003684410e+00  1.045219389e-02  2.663997190e-01  4.085714757e-01  1.983124643e+00
 5.614539801e-01  1.989817092e+00  1.982567672e+00  4.246575342e-01  1.003656582e+00  1.040960549e-02  2.662973294e-01  4.067125625e-01  1.989770499e+00
 5.631300464e-01  1.996491352e+00  1.989272752e+00  4.227005871e-01  1.003628763e+00  1.036721058e-02  2.662043004e-01  4.048676407e-01  1.996444101e+00
 5.648092079e-01  2.003194142e+00  1.996006613e+00  4.207436399e-01  1.003600955e+00  1.032500767e-02  2.661206674e-01  4.030366658e-01  2.003145471e+00
 5.664914567e-01  2.009925156e+00  2.002768949e+00  4.187866928e-01  1.003573156e+00  1.028299532e-02  2.660464659e-01  4.012195938e-01  2.009875284e+00
 5.681767847e-01  2.016684401e+00  2.009559775e+00  4.168297456e-01  1.003545366e+00  1.024117209e-02  2.659817313e-01  3.994163814e-01  2.016635535e+00
 5.698651832e-01  2.023471687e+00  2.016378907e+00  4.148727984e-01  1.003517583e+00  1.019953653e-02  2.659264996e-01  3.976269847e-01  2.023425370e+00
 5.715566432e-01  2.030287289e+00  2.023226629e+00  4.129158513e-01  1.003489802e+00  1.015808717e-02  2.658808074e-01  3.958513601e-01  2.030241235e+00
 5.732511546e-01  2.037131219e+00  2.030102957e+00  4.109589041e-01  1.003462023e+00  1.011682261e-02  2.658446903e-01  3.940894633e-01  2.037083596e+00
 5.749487075e-01  2.044003618e+00  2.037008024e+00  4.090019569e-01  1.003434249e+00  1.007574142e-02  2.658181831e-01  3.923412495e-01  2.043955560e+00
 5.766492907e-01  2.050905291e+00  2.043942641e+00  4.070450098e-01  1.003406481e+00  1.003484218e-02  2.658013216e-01  3.906066754e-01  2.050857182e+00
 5.783528929e-01  2.057835208e+00  2.050905788e+00  4.050880626e-01  1.003378712e+00  9.994123421e-03  2.657941425e-01  3.888856987e-01  2.057786782e+00
 5.800595019e-01  2.064793837e+00  2.057897939e+00  4.031311155e-01  1.003350943e+00  9.953583741e-03  2.657966815e-01  3.871782755e-01  2.064744755e+00
 5.817691050e-01  2.071781507e+00  2.064919419e+00  4.011741683e-01  1.003323174e+00  9.913221754e-03  2.658089734e-01  3.854843610e-01  2.071733120e+00
 5.834816893e-01  2.078797704e+00  2.071969724e+00  3.992172211e-01  1.003295405e+00  9.873036048e-03  2.658310543e-01  3.838039115e-01  2.078751134e+00
 5.851972411e-01  2.085842683e+00  2.079049117e+00  3.972602740e-01  1.003267631e+00  9.833025190e-03  2.658629613e-01  3.821368837e-01  2.085795654e+00
 5.869157461e-01  2.092916730e+00  2.086157889e+00  3.953033268e-01  1.003239851e+00  9.793187786e-03  2.659047301e-01  3.804832340e-01  2.092867538e+00
 5.886371893e-01  2.100020251e+00  2.093296442e+00  3.933463796e-01  1.003212067e+00  9.753522468e-03  2.659563959e-01  3.788429180e-01  2.099970464e+00
 5.903615550e-01  2.107152480e+00  2.100464020e+00  3.913894325e-01  1.003184277e+00  9.714027842e-03  2.660179946e-01  3.772158924e-01  2.107104082e+00
 5.920888273e-01  2.114313684e+00  2.107660895e+00  3.894324853e-01  1.003156480e+00  9.674702492e-03  2.660895623e-01  3.756021144e-01  2.114265788e+00
 5.938189902e-01  2.121504020e+00  2.114887225e+00  3.874755382e-01  1.003128675e+00  9.635545041e-03  2.661711350e-01  3.740015401e-01  2.121455741e+00
 5.955520261e-01  2.128724057e+00  2.122143580e+00  3.855185910e-01  1.003100864e+00  9.596554124e-03  2.662627480e-01  3.724141254e-01  2.128675490e+00
 5.972879171e-01  2.135973015e+00  2.129429187e+00  3.835616438e-01  1.003073043e+00  9.557728373e-03  2.663644378e-01  3.708398267e-01  2.135924858e+00
 5.990266450e-01  2.143251381e+00  2.136744552e+00  3.816046967e-01  1.003045207e+00  9.519066427e-03  2.664762416e-01  3.692786011e-01  2.143202532e+00
 6.007681912e-01  2.150559486e+00  2.144090004e+00  3.796477495e-01  1.003017356e+00  9.480566916e-03  2.665981950e-01  3.677304047e-01  2.150509128e+00
 6.025125367e-01  2.157896734e+00  2.151464938e+00  3.776908023e-01  1.002989496e+00  9.442228453e-03  2.667303324e-01  3.661951931e-01  2.157846775e+00
 6.042596623e-01  2.165263277e+00  2.158869514e+00  3.757338552e-01  1.002961625e+00  9.404049692e-03  2.668726902e-01  3.646729233e-01  2.165214920e+00
 6.060095482e-01  2.172659216e+00  2.166303850e+00  3.737769080e-01  1.002933737e+00  9.366029312e-03  2.670253061e-01  3.631635533e-01  2.172611424e+00
 6.077621748e-01  2.180084749e+00  2.173768148e+00  3.718199609e-01  1.002905830e+00  9.328165964e-03  2.671882161e-01  3.616670394e-01  2.180036375e+00
 6.095175221e-01  2.187540349e+00  2.181262878e+00  3.698630137e-01  1.002877907e+00  9.290458287e-03  2.673614553e-01  3.601833363e-01  2.187490585e+00
 6.112755704e-01  2.195025260e+00  2.188787293e+00  3.679060665e-01  1.002849965e+00  9.252904948e-03  2.675450600e-01  3.587124008e-01  2.194974529e+00
 6.130362997e-01  2.202540260e+00  2.196342175e+00  3.659491194e-01  1.002822003e+00  9.215504628e-03  2.677390667e-01  3.572541906e-01  2.202488959e+00
 6.147996905e-01  2.210084513e+00  2.203926696e+00  3.639921722e-01  1.002794021e+00  9.178255997e-03  2.679435116e-01  3.558086624e-01  2.210033814e+00
 6.165657231e-01  2.217658333e+00  2.211541174e+00  3.620352250e-01  1.002766016e+00  9.141157712e-03  2.681584308e-01  3.543757725e-01  2.217608901e+00
 6.183343779e-01  2.225261862e+00  2.219185757e+00  3.600782779e-01  1.002737988e+00  9.104208462e-03  2.683838607e-01  3.529554775e-01  2.225213614e+00
 6.201056363e-01  2.232895097e+00  2.226860449e+00  3.581213307e-01  1.002709935e+00  9.067406951e-03  2.686198380e-01  3.515477335e-01  2.232846419e+00
 6.218794795e-01  2.240558478e+00  2.234565692e+00  3.561643836e-01  1.002681857e+00  9.030751868e-03  2.688663988e-01  3.501524976e-01  2.240508078e+00
 6.236558888e-01  2.248252015e+00  2.242301497e+00  3.542074364e-01  1.002653754e+00  8.994241893e-03  2.691235788e-01  3.487697265e-01  2.248200843e+00
 6.254348462e-01  2.255975224e+00  2.250067389e+00  3.522504892e-01  1.002625626e+00  8.957875731e-03  2.693914145e-01  3.473993772e-01  2.255924457e+00
 6.272163345e-01  2.263728004e+00  2.257863278e+00  3.502935421e-01  1.002597467e+00  8.921652095e-03  2.696699427e-01  3.460414072e-01  2.263677586e+00
 6.290003372e-01  2.271510491e+00  2.265689306e+00  3.483365949e-01  1.002569277e+00  8.885569693e-03  2.699591997e-01  3.446957727e-01  2.271460290e+00
 6.307868384e-01  2.279322753e+00  2.273545541e+00  3.463796477e-01  1.002541059e+00  8.849627231e-03  2.702592214e-01  3.433624287e-01  2.279273386e+00
 6.325758221e-01  2.287164988e+00  2.281432185e+00  3.444227006e-01  1.002512809e+00  8.813823431e-03  2.705700444e-01  3.420413326e-01  2.287116245e+00
 6.343672730e-01  2.295037073e+00  2.289349132e+00  3.424657534e-01  1.002484524e+00  8.778157017e-03  2.708917060e-01  3.407324430e-01  2.294986694e+00
 6.361611774e-01  2.302939787e+00  2.297297159e+00  3.405088063e-01  1.002456203e+00  8.742626717e-03  2.712242426e-01  3.394357162e-01  2.302886292e+00
 6.379575225e-01  2.310872152e+00  2.305275295e+00  3.385518591e-01  1.002427847e+00  8.707231257e-03  2.715676900e-01  3.381511076e-01  2.310819480e+00
 6.397562962e-01  2.318834122e+00  2.313283500e+00  3.365949119e-01  1.002399456e+00  8.671969374e-03  2.719220848e-01  3.368785743e-01  2.318784635e+00
 6.415574866e-01  2.326825818e+00  2.321321900e+00  3.346379648e-01  1.002371028e+00  8.636839808e-03  2.722874636e-01  3.356180746e-01  2.326776982e+00
 6.433610835e-01  2.334847363e+00  2.329390625e+00  3.326810176e-01  1.002342561e+00  8.601841307e-03  2.726638630e-01  3.343695652e-01  2.334797212e+00
 6.451670772e-01  2.342898767e+00  2.337489690e+00  3.307240705e-01  1.002314054e+00  8.566972618e-03  2.730513193e-01  3.331330021e-01  2.342848109e+00
 6.469754594e-01  2.350980132e+00  2.345619205e+00  3.287671233e-01  1.002285506e+00  8.532232497e-03  2.734498695e-01  3.319083422e-01  2.350929412e+00
 6.487862228e-01  2.359091463e+00  2.353779180e+00  3.268101761e-01  1.002256916e+00  8.497619703e-03  2.738595506e-01  3.306955422e-01  2.359039501e+00
 6.505993614e-01  2.367232874e+00  2.361969737e+00  3.248532290e-01  1.002228283e+00  8.463133002e-03  2.742803991e-01  3.294945595e-01  2.367179347e+00
 6.524148709e-01  2.375403824e+00  2.370190342e+00  3.228962818e-01  1.002199605e+00  8.428771158e-03  2.747124515e-01  3.283053513e-01  2.375352051e+00
 6.542327477e-01  2.383604334e+00  2.378441023e+00  3.209393346e-01  1.002170881e+00  8.394532945e-03  2.751557447e-01  3.271278748e-01  2.383555576e+00
 6.560529881e-01  2.391834630e+00  2.386722012e+00  3.189823875e-01  1.002142109e+00  8.360417137e-03  2.756103154e-01  3.259620866e-01  2.391784404e+00
 6.578755901e-01  2.400094472e+00  2.395033076e+00  3.170254403e-01  1.002113289e+00  8.326422517e-03  2.760762003e-01  3.248079437e-01  2.400040729e+00
 6.597005549e-01  2.408384389e+00  2.403374740e+00  3.150684932e-01  1.002084423e+00  8.292547862e-03  2.765534355e-01  3.236654030e-01  2.408330637e+00
 6.615278847e-01  2.416703621e+00  2.411746260e+00  3.131115460e-01  1.002055507e+00  8.258791970e-03  2.770420583e-01  3.225344217e-01  2.416652503e+00
 6.633575827e-01  2.425052291e+00  2.420147777e+00  3.111545988e-01  1.002026535e+00  8.225153643e-03  2.775421070e-01  3.214149579e-01  2.425001658e+00
 6.651896528e-01  2.433430964e+00  2.428579857e+00  3.091976517e-01  1.001997508e+00  8.191631680e-03  2.780536178e-01  3.203069679e-01  2.433378889e+00
 6.670240989e-01  2.441838857e+00  2.437041703e+00  3.072407045e-01  1.001968433e+00  8.158224873e-03  2.785766257e-01  3.192104076e-01  2.441786970e+00
 6.688609284e-01  2.450276161e+00  2.445533523e+00  3.052837573e-01  1.001939306e+00  8.124932032e-03  2.791111684e-01  3.181252347e-01  2.450225048e+00
 6.707001513e-01  2.458743038e+00  2.454055503e+00  3.033268102e-01  1.001910118e+00  8.091751962e-03  2.796572849e-01  3.170514073e-01  2.458690528e+00
 6.725417780e-01  2.467238988e+00  2.462607147e+00  3.013698630e-01  1.001880869e+00  8.058683490e-03  2.802150119e-01  3.159888821e-01  2.467184657e+00
 6.743858197e-01  2.475763988e+00  2.471188426e+00  2.994129159e-01  1.001851563e+00  8.025725446e-03  2.807843847e-01  3.149376157e-01  2.475710932e+00
 6.762322902e-01  2.484318039e+00  2.479799350e+00  2.974559687e-01  1.001822199e+00  7.992876656e-03  2.813654407e-01  3.138975651e-01  2.484267510e+00
 6.780812044e-01  2.492901440e+00  2.488440234e+00  2.954990215e-01  1.001792772e+00  7.960135941e-03  2.819582175e-01  3.128686880e-01  2.492849748e+00
 6.799325778e-01  2.501513978e+00  2.497110868e+00  2.935420744e-01  1.001763282e+00  7.927502136e-03  2.825627522e-01  3.118509418e-01  2.501459430e+00
 6.817864291e-01  2.510155503e+00  2.505811104e+00  2.915851272e-01  1.001733730e+00  7.894974062e-03  2.831790813e-01  3.108442847e-01  2.510101124e+00
 6.836427786e-01  2.518825690e+00  2.514540628e+00  2.896281800e-01  1.001704113e+00  7.862550578e-03  2.838072423e-01  3.098486733e-01  2.518773317e+00
 6.855016490e-01  2.527524443e+00  2.523299356e+00  2.876712329e-01  1.001674430e+00  7.830230555e-03  2.844472730e-01  3.088640629e-01  2.527472482e+00
 6.873630642e-01  2.536251646e+00  2.532087180e+00  2.857142857e-01  1.001644677e+00  7.798012839e-03  2.850992106e-01  3.078904115e-01  2.536199044e+00
 6.892270489e-01  2.545007252e+00  2.540904064e+00  2.837573386e-01  1.001614854e+00  7.765896259e-03  2.857630928e-01  3.069276782e-01  2.544954333e+00
 6.910936282e-01  2.553791331e+00  2.549750079e+00  2.818003914e-01  1.001584960e+00  7.733879686e-03  2.864389555e-01  3.059758198e-01  2.553738231e+00
 6.929628316e-01  2.562604432e+00  2.558625777e+00  2.798434442e-01  1.001554997e+00  7.701961996e-03  2.871270308e-01  3.050347924e-01  2.562550236e+00
 6.948346914e-01  2.571445325e+00  2.567529937e+00  2.778864971e-01  1.001524963e+00  7.670142064e-03  2.878269055e-01  3.041045536e-01  2.571390653e+00
 6.967092410e-01  2.580313987e+00  2.576462546e+00  2.759295499e-01  1.001494856e+00  7.638418770e-03  2.885385649e-01  3.031850609e-01  2.580260627e+00
 6.985865144e-01  2.589210423e+00  2.585423615e+00  2.739726027e-01  1.001464676e+00  7.606790984e-03  2.892604046e-01  3.022762720e-01  2.589158819e+00
 7.004665481e-01  2.598134592e+00  2.594413122e+00  2.720156556e-01  1.001434417e+00  7.575257561e-03  2.899906320e-01  3.013781448e-01  2.598082477e+00
 7.023493812e-01  2.607086517e+00  2.603431092e+00  2.700587084e-01  1.001404080e+00  7.543817407e-03  2.907274044e-01  3.004906362e-01  2.607032562e+00
 7.042350536e-01  2.616066414e+00  2.612477736e+00  2.681017613e-01  1.001373668e+00  7.512469441e-03  2.914688374e-01  2.996137021e-01  2.616010738e+00
 7.061236082e-01  2.625074042e+00  2.621552822e+00  2.661448141e-01  1.001343181e+00  7.481212553e-03  2.922130826e-01  2.987473007e-01  2.625017612e+00
 7.080150909e-01  2.634109360e+00  2.630656318e+00  2.641878669e-01  1.001312616e+00  7.450045616e-03  2.929582918e-01  2.978913907e-01  2.634054729e+00
 7.099095503e-01  2.643172466e+00  2.639788328e+00  2.622309198e-01  1.001281973e+00  7.418967552e-03  2.937026157e-01  2.970459293e-01  2.643120293e+00
 7.118070372e-01  2.652263508e+00  2.648949015e+00  2.602739726e-01  1.001251248e+00  7.387977297e-03  2.944442051e-01  2.962108732e-01  2.652210420e+00
 7.137076041e-01  2.661382664e+00  2.658138554e+00  2.583170254e-01  1.001220444e+00  7.357073755e-03  2.951812091e-01  2.953861801e-01  2.661327078e+00
 7.156113062e-01  2.670529948e+00  2.667356954e+00  2.563600783e-01  1.001189565e+00  7.326255807e-03  2.959117760e-01  2.945718078e-01  2.670474011e+00
 7.175182016e-01  2.679705858e+00  2.676604714e+00  2.544031311e-01  1.001158611e+00  7.295522394e-03  2.966340554e-01  2.937677135e-01  2.679650684e+00
 7.194283503e-01  2.688910653e+00  2.685882093e+00  2.524461840e-01  1.001127585e+00  7.264872467e-03  2.973461968e-01  2.929738544e-01  2.688855846e+00
 7.213418120e-01  2.698144265e+00  2.695189028e+00  2.504892368e-01  1.001096486e+00  7.234304956e-03  2.980463489e-01  2.921901880e-01  2.698089630e+00
 7.232586483e-01  2.707407605e+00  2.704526436e+00  2.485322896e-01  1.001065314e+00  7.203818781e-03  2.987326604e-01  2.914166719e-01  2.707351726e+00
 7.251789189e-01  2.716700906e+00  2.713894550e+00  2.465753425e-01  1.001034070e+00  7.173412890e-03  2.994032793e-01  2.906532640e-01  2.716643563e+00
 7.271026757e-01  2.726023983e+00  2.723293189e+00  2.446183953e-01  1.001002754e+00  7.143086236e-03  3.000563540e-01  2.898999216e-01  2.725967658e+00
 7.290299677e-01  2.735378165e+00  2.732723678e+00  2.426614481e-01  1.000971370e+00  7.112837768e-03  3.006900315e-01  2.891566026e-01  2.735323280e+00
 7.309608453e-01  2.744763961e+00  2.742186513e+00  2.407045010e-01  1.000939924e+00  7.082666432e-03  3.013024579e-01  2.884232649e-01  2.744708534e+00
 7.328953527e-01  2.754181861e+00  2.751682187e+00  2.387475538e-01  1.000908417e+00  7.052571190e-03  3.018917804e-01  2.876998659e-01  2.754124828e+00
 7.348335195e-01  2.763631757e+00  2.761210597e+00  2.367906067e-01  1.000876847e+00  7.022550997e-03  3.024561464e-01  2.869863627e-01  2.763574147e+00
 7.367753660e-01  2.773114783e+00  2.770772869e+00  2.348336595e-01  1.000845220e+00  6.992604833e-03  3.029937014e-01  2.862827131e-01  2.773057090e+00
 7.387209069e-01  2.782632057e+00  2.780370114e+00  2.328767123e-01  1.000813540e+00  6.962731683e-03  3.035025904e-01  2.855888749e-01  2.782573731e+00
 7.406701571e-01  2.792184300e+00  2.790003048e+00  2.309197652e-01  1.000781810e+00  6.932930518e-03  3.039809590e-01  2.849048058e-01  2.792125755e+00
 7.426231230e-01  2.801772713e+00  2.799672873e+00  2.289628180e-01  1.000750030e+00  6.903200300e-03  3.044269527e-01  2.842304634e-01  2.801716259e+00
 7.445798021e-01  2.811398085e+00  2.809380371e+00  2.270058708e-01  1.000718206e+00  6.873540029e-03  3.048387162e-01  2.835658054e-01  2.811343724e+00
 7.465401820e-01  2.821061300e+00  2.819126419e+00  2.250489237e-01  1.000686341e+00  6.843948713e-03  3.052143942e-01  2.829107891e-01  2.821003912e+00
 7.485042284e-01  2.830761375e+00  2.828910029e+00  2.230919765e-01  1.000654438e+00  6.814425338e-03  3.055521304e-01  2.822653726e-01  2.830701377e+00
 7.504719093e-01  2.840502192e+00  2.838735074e+00  2.211350294e-01  1.000622502e+00  6.784968879e-03  3.058500682e-01  2.816295138e-01  2.840443612e+00
 7.524431717e-01  2.850284446e+00  2.848602243e+00  2.191780822e-01  1.000590536e+00  6.755578347e-03  3.061063511e-01  2.810031704e-01  2.850228844e+00
 7.544179498e-01  2.860109312e+00  2.858512709e+00  2.172211350e-01  1.000558543e+00  6.726252758e-03  3.063191229e-01  2.803862990e-01  2.860053035e+00
 7.563961669e-01  2.869978267e+00  2.868467933e+00  2.152641879e-01  1.000526530e+00  6.696991127e-03  3.064865252e-01  2.797788602e-01  2.869919304e+00
 7.583777440e-01  2.879891468e+00  2.878468056e+00  2.133072407e-01  1.000494503e+00  6.667792467e-03  3.066066992e-01  2.791808012e-01  2.879831476e+00
 7.603626035e-01  2.889851823e+00  2.888515977e+00  2.113502935e-01  1.000462468e+00  6.638655800e-03  3.066777869e-01  2.785921159e-01  2.889791306e+00
 7.623506402e-01  2.899860099e+00  2.898612451e+00  2.093933464e-01  1.000430429e+00  6.609580151e-03  3.066979303e-01  2.780127909e-01  2.899801346e+00
 7.643417220e-01  2.909918121e+00  2.908759294e+00  2.074363992e-01  1.000398392e+00  6.580564538e-03  3.066652703e-01  2.774428400e-01  2.909861330e+00
 7.663357136e-01  2.920027866e+00  2.918958474e+00  2.054794521e-01  1.000366361e+00  6.551607978e-03  3.065779477e-01  2.768822780e-01  2.919968886e+00
 7.683324725e-01  2.930190940e+00  2.929211583e+00  2.035225049e-01  1.000334342e+00  6.522709488e-03  3.064341026e-01  2.763311161e-01  2.930128938e+00
 7.703318333e-01  2.940409456e+00  2.939520713e+00  2.015655577e-01  1.000302343e+00  6.493868086e-03  3.062318746e-01  2.757893651e-01  2.940348479e+00
 7.723336136e-01  2.950686264e+00  2.949888711e+00  1.996086106e-01  1.000270367e+00  6.465082786e-03  3.059694039e-01  2.752570370e-01  2.950627222e+00
 7.743376188e-01  2.961023054e+00  2.960317271e+00  1.976516634e-01  1.000238415e+00  6.436352602e-03  3.056448321e-01  2.747341444e-01  2.960963881e+00
 7.763436613e-01  2.971421308e+00  2.970807840e+00  1.956947162e-01  1.000206498e+00  6.407676555e-03  3.052562958e-01  2.742206987e-01  2.971360869e+00
 7.783515494e-01  2.981881420e+00  2.981360775e+00  1.937377691e-01  1.000174633e+00  6.379053676e-03  3.048019305e-01  2.737167112e-01  2.981819531e+00
 7.803610449e-01  2.992407717e+00  2.991980395e+00  1.917808219e-01  1.000142822e+00  6.350482960e-03  3.042798760e-01  2.732221939e-01  2.992344816e+00
 7.823719041e-01  3.003004831e+00  3.002671336e+00  1.898238748e-01  1.000111066e+00  6.321963388e-03  3.036882725e-01  2.727371584e-01  3.002943880e+00
 7.843838825e-01  3.013674457e+00  3.013435268e+00  1.878669276e-01  1.000079374e+00  6.293493987e-03  3.030252566e-01  2.722616171e-01  3.013615826e+00
 7.863967355e-01  3.024419104e+00  3.024274675e+00  1.859099804e-01  1.000047757e+00  6.265073791e-03  3.022889642e-01  2.717955824e-01  3.024357090e+00
 7.884102179e-01  3.035241413e+00  3.035192181e+00  1.839530333e-01  1.000016220e+00  6.236701794e-03  3.014775323e-01  2.713390656e-01  3.035174233e+00
 7.904240938e-01  3.046142025e+00  3.046188412e+00  1.819960861e-01  9.999847721e-01  6.208376982e-03  3.005890976e-01  2.708920775e-01  3.046075408e+00
 7.924381388e-01  3.057124013e+00  3.057266418e+00  1.800391389e-01  9.999534205e-01  6.180098364e-03  2.996217958e-01  2.704546305e-01  3.057062053e+00
 7.944521392e-01  3.068195456e+00  3.068434257e+00  1.780821918e-01  9.999221748e-01  6.151864956e-03  2.985737630e-01  2.700267373e-01  3.068135480e+00
 7.964658636e-01  3.079358102e+00  3.079693657e+00  1.761252446e-01  9.998910430e-01  6.123675751e-03  2.974431344e-01  2.696084097e-01  3.079298242e+00
 7.984791297e-01  3.090615378e+00  3.091048023e+00  1.741682975e-01  9.998600329e-01  6.095529743e-03  2.962280455e-01  2.691996599e-01  3.090550846e+00
 8.004918228e-01  3.101968349e+00  3.102498397e+00  1.722113503e-01  9.998291543e-01  6.067425935e-03  2.949266306e-01  2.688004992e-01  3.101900961e+00
 8.025038372e-01  3.113424877e+00  3.114052616e+00  1.702544031e-01  9.997984176e-01  6.039363332e-03  2.935370235e-01  2.684109386e-01  3.113358980e+00
 8.045150662e-01  3.124986994e+00  3.125712687e+00  1.682974560e-01  9.997678312e-01  6.011340927e-03  2.920573589e-01  2.680309906e-01  3.124924307e+00
 8.065254131e-01  3.136656568e+00  3.137480461e+00  1.663405088e-01  9.997374030e-01  5.983357712e-03  2.904857721e-01  2.676606681e-01  3.136593378e+00
 8.085348599e-01  3.148442100e+00  3.149364411e+00  1.643835616e-01  9.997071436e-01  5.955412684e-03  2.888203961e-01  2.672999829e-01  3.148375290e+00
 8.105434266e-01  3.160346662e+00  3.161367582e+00  1.624266145e-01  9.996770640e-01  5.927504842e-03  2.870593636e-01  2.669489465e-01  3.160280534e+00
 8.125511511e-01  3.172377100e+00  3.173496793e+00  1.604696673e-01  9.996471738e-01  5.899633170e-03  2.852008080e-01  2.666075711e-01  3.172312035e+00
 8.145580415e-01  3.184537472e+00  3.185756080e+00  1.585127202e-01  9.996174824e-01  5.871796650e-03  2.832428626e-01  2.662758688e-01  3.184472371e+00
 8.165641416e-01  3.196833093e+00  3.198150729e+00  1.565557730e-01  9.995880008e-01  5.843994273e-03  2.811836598e-01  2.659538516e-01  3.196766964e+00
 8.185695809e-01  3.209266077e+00  3.210682823e+00  1.545988258e-01  9.995587402e-01  5.816225031e-03  2.790213319e-01  2.656415308e-01  3.209200431e+00
 8.205745126e-01  3.221842853e+00  3.223358762e+00  1.526418787e-01  9.995297113e-01  5.788487911e-03  2.767540115e-01  2.653389190e-01  3.221779683e+00
 8.225791048e-01  3.234575191e+00  3.236190294e+00  1.506849315e-01  9.995009247e-01  5.760781899e-03  2.743798313e-01  2.650460291e-01  3.234511530e+00
 8.245835265e-01  3.247467609e+00  3.249181904e+00  1.487279843e-01  9.994723920e-01  5.733105981e-03  2.718969228e-01  2.647628727e-01  3.247402480e+00
 8.265879560e-01  3.260526348e+00  3.262339803e+00  1.467710372e-01  9.994441246e-01  5.705459146e-03  2.693034176e-01  2.644894610e-01  3.260458518e+00
 8.285925831e-01  3.273755643e+00  3.275668195e+00  1.448140900e-01  9.994161340e-01  5.677840367e-03  2.665974477e-01  2.642258065e-01  3.273687582e+00
 8.305976128e-01  3.287165495e+00  3.289177054e+00  1.428571429e-01  9.993884309e-01  5.650248617e-03  2.637771450e-01  2.639719221e-01  3.287098578e+00
 8.326032631e-01  3.300764325e+00  3.302874767e+00  1.409001957e-01  9.993610286e-01  5.622682875e-03  2.608406410e-01  2.637278197e-01  3.300696283e+00
 8.346097517e-01  3.314555963e+00  3.316765127e+00  1.389432485e-01  9.993339404e-01  5.595142124e-03  2.577860675e-01  2.634935113e-01  3.314481313e+00
 8.366172942e-01  3.328554617e+00  3.330862312e+00  1.369863014e-01  9.993071779e-01  5.567625336e-03  2.546115553e-01  2.632690090e-01  3.328470802e+00
 8.386260881e-01  3.342768099e+00  3.345174107e+00  1.350293542e-01  9.992807526e-01  5.540131481e-03  2.513152357e-01  2.630543248e-01  3.342685513e+00
 8.406363368e-01  3.357207926e+00  3.359711994e+00  1.330724070e-01  9.992546779e-01  5.512659543e-03  2.478952401e-01  2.628494710e-01  3.357127185e+00
 8.426482733e-01  3.371883842e+00  3.374485681e+00  1.311154599e-01  9.992289674e-01  5.485208620e-03  2.443497003e-01  2.626534025e-01  3.371793613e+00
 8.446621324e-01  3.386805000e+00  3.389504285e+00  1.291585127e-01  9.992036344e-01  5.457777375e-03  2.406767476e-01  2.624689525e-01  3.386703825e+00
 8.466781389e-01  3.401984370e+00  3.404780742e+00  1.272015656e-01  9.991786925e-01  5.430368344e-03  2.368745137e-01  2.622638511e-01  3.401878198e+00
 8.486965169e-01  3.417435130e+00  3.420328197e+00  1.252446184e-01  9.991541551e-01  5.402969977e-03  2.329411300e-01  2.621334197e-01  3.417324210e+00
 8.507174912e-01  3.433165075e+00  3.436154410e+00  1.232876712e-01  9.991300346e-01  5.375583953e-03  2.288779269e-01  2.621186274e-01  3.433051023e+00
 8.527412840e-01  3.449183203e+00  3.452268335e+00  1.213307241e-01  9.991063464e-01  5.348168959e-03  2.246744381e-01  2.624083522e-01  3.449066473e+00
 8.547681122e-01  3.465502124e+00  3.468682551e+00  1.193737769e-01  9.990831022e-01  5.320704705e-03  2.203426503e-01  2.631730390e-01  3.465383834e+00
 8.567981923e-01  3.482112500e+00  3.485387629e+00  1.174168297e-01  9.990603255e-01  5.293111947e-03  2.158165992e-01  2.645849436e-01  3.481997100e+00
 8.588317394e-01  3.499011641e+00  3.502380816e+00  1.154598826e-01  9.990380329e-01  5.265334865e-03  2.110475042e-01  2.668153230e-01  3.498901877e+00
 8.608689692e-01  3.516213046e+00  3.519675485e+00  1.135029354e-01  9.990162618e-01  5.237258197e-03  2.059581198e-01  2.700350157e-01  3.516096497e+00
 8.629100998e-01  3.533713992e+00  3.537268807e+00  1.115459883e-01  9.989950395e-01  5.208790622e-03  2.004748783e-01  2.744148580e-01  3.533582605e+00
 8.649553480e-01  3.551484864e+00  3.555130934e+00  1.095890411e-01  9.989744204e-01  5.179780959e-03  1.945255303e-01  2.801256920e-01  3.551348676e+00
 8.670049267e-01  3.569513533e+00  3.573249551e+00  1.076320939e-01  9.989544483e-01  5.150102361e-03  1.880378377e-01  2.873383565e-01  3.569386771e+00
 8.690590413e-01  3.587793950e+00  3.591618333e+00  1.056751468e-01  9.989351924e-01  5.119567765e-03  1.809395553e-01  2.962236984e-01  3.587681960e+00
 8.711179025e-01  3.606336258e+00  3.610247196e+00  1.037181996e-01  9.989167118e-01  5.088014846e-03  1.731584398e-01  3.069525612e-01  3.606222238e+00
 8.731817194e-01  3.625109492e+00  3.629104808e+00  1.017612524e-01  9.988990904e-01  5.055220628e-03  1.646222410e-01  3.196957967e-01  3.624988480e+00
 8.752507012e-01  3.644111650e+00  3.648188858e+00  9.980430528e-02  9.988824020e-01  5.020987264e-03  1.552587136e-01  3.346242527e-01  3.643966551e+00
 8.773250556e-01  3.663275027e+00  3.667431162e+00  9.784735812e-02  9.988667451e-01  4.985055899e-03  1.449956056e-01  3.519087876e-01  3.663127508e+00
 8.794049839e-01  3.682612897e+00  3.686844630e+00  9.589041096e-02  9.988522073e-01  4.947193203e-03  1.337606731e-01  3.717202548e-01  3.682446611e+00
 8.814906935e-01  3.702060337e+00  3.706363782e+00  9.393346380e-02  9.988389039e-01  4.907104418e-03  1.214816712e-01  3.942295198e-01  3.701891529e+00
 8.835823789e-01  3.721587512e+00  3.725958287e+00  9.197651663e-02  9.988269392e-01  4.864520711e-03  1.080863677e-01  4.196074420e-01  3.721433162e+00
 8.856802418e-01  3.741161853e+00  3.745594978e+00  9.001956947e-02  9.988164428e-01  4.819111411e-03  9.350253245e-02  4.480248960e-01  3.741034821e+00
 8.877845005e-01  3.760802908e+00  3.765292894e+00  8.806262231e-02  9.988075334e-01  4.770572166e-03  7.765795332e-02  4.796527497e-01  3.760669928e+00
 8.898953720e-01  3.780418469e+00  3.784959075e+00  8.610567515e-02  9.988003555e-01  4.718536415e-03  6.048042696e-02  5.146618860e-01  3.780278298e+00
 8.920130805e-01  3.799914015e+00  3.804498275e+00  8.414872798e-02  9.987950422e-01  4.662664308e-03  4.189777442e-02  5.532231804e-01  3.799805986e+00
 8.941378490e-01  3.819288377e+00  3.823908599e+00  8.219178082e-02  9.987917540e-01  4.602553381e-03  2.183783294e-02  5.955075269e-01  3.819195679e+00
 8.962698692e-01  3.838449582e+00  3.843097271e+00  8.023483366e-02  9.987906397e-01  4.537828273e-03  2.284720609e-04  6.416858115e-01  3.838398441e+00
 8.984093716e-01  3.857313107e+00  3.861978862e+00  7.827788650e-02  9.987918746e-01  4.468050616e-03 -2.300241369e-02  6.919289382e-01  3.857336297e+00
 9.005566085e-01  3.875821812e+00  3.880495387e+00  7.632093933e-02  9.987956242e-01  4.392805448e-03 -4.794404626e-02  7.464470415e-01  3.875939851e+00
 9.027118131e-01  3.893997498e+00  3.898667815e+00  7.436399217e-02  9.988020737e-01  4.311629974e-03 -7.462029780e-02  8.053009104e-01  3.894125574e+00
 9.048752467e-01  3.911628759e+00  3.916283580e+00  7.240704501e-02  9.988114188e-01  4.224028951e-03 -1.032315632e-01  8.690513014e-01  3.911807610e+00
 9.070471945e-01  3.928664921e+00  3.933291250e+00  7.045009785e-02  9.988238021e-01  4.129663449e-03 -1.333469064e-01  9.364482628e-01  3.928918771e+00
 9.092279077e-01  3.945066951e+00  3.949650855e+00  6.849315068e-02  9.988394154e-01  4.028045143e-03 -1.647348990e-01  1.006863655e+00  3.945361821e+00
 9.114176097e-01  3.960798394e+00  3.965325619e+00  6.653620352e-02  9.988582969e-01  3.919153491e-03 -1.968251202e-01  1.078507021e+00  3.961142282e+00
 9.136166324e-01  3.975871273e+00  3.980327001e+00  6.457925636e-02  9.988805623e-01  3.802729138e-03 -2.291097114e-01  1.149802965e+00  3.976216893e+00
 9.158253296e-01  3.990309163e+00  3.994678796e+00  6.262230920e-02  9.989061367e-01  3.679104008e-03 -2.610859365e-01  1.219184728e+00  3.990658461e+00
 9.180439342e-01  4.004036093e+00  4.008304819e+00  6.066536204e-02  9.989350298e-01  3.548344867e-03 -2.922517954e-01  1.285089442e+00  4.004478423e+00
 9.202727221e-01  4.017432705e+00  4.021586752e+00  5.870841487e-02  9.989670628e-01  3.411112310e-03 -3.221055077e-01  1.345954734e+00  4.017840445e+00
 9.225121564e-01  4.030565248e+00  4.034591190e+00  5.675146771e-02  9.990021438e-01  3.267797834e-03 -3.501453729e-01  1.400218244e+00  4.030849512e+00
 9.247627321e-01  4.043431010e+00  4.047316491e+00  5.479452055e-02  9.990399859e-01  3.119390255e-03 -3.758698658e-01  1.446317580e+00  4.043724621e+00
 9.270247355e-01  4.056479974e+00  4.060213787e+00  5.283757339e-02  9.990803900e-01  2.966613940e-03 -3.987775011e-01  1.482611993e+00  4.056633844e+00
 9.292981268e-01  4.069908210e+00  4.073480793e+00  5.088062622e-02  9.991229655e-01  2.810762495e-03 -4.183672805e-01  1.507763743e+00  4.069854997e+00
 9.315836119e-01  4.083651524e+00  4.087054405e+00  4.892367906e-02  9.991674001e-01  2.652956525e-03 -4.340449008e-01  1.519603010e+00  4.083629682e+00
 9.338820436e-01  4.098335461e+00  4.101562464e+00  4.696673190e-02  9.992132261e-01  2.494545162e-03 -4.455782915e-01  1.518955573e+00  4.098254653e+00
 9.361943234e-01  4.114231126e+00  4.117277874e+00  4.500978474e-02  9.992600091e-01  2.336895634e-03 -4.523875802e-01  1.505619111e+00  4.114038834e+00
 9.385172521e-01  4.131484494e+00  4.134348321e+00  4.305283757e-02  9.993073087e-01  2.181118432e-03 -4.549637728e-01  1.481053802e+00  4.131199289e+00
 9.408371914e-01  4.150325283e+00  4.153005402e+00  4.109589041e-02  9.993546556e-01  2.028486198e-03 -4.535314119e-01  1.446371809e+00  4.149980048e+00
 9.431581909e-01  4.171039890e+00  4.173536915e+00  3.913894325e-02  9.994017006e-01  1.879840395e-03 -4.484966863e-01  1.402677106e+00  4.170592280e+00
 9.454882463e-01  4.193797398e+00  4.196113517e+00  3.718199609e-02  9.994480325e-01  1.736223777e-03 -4.402250229e-01  1.351069613e+00  4.193247447e+00
 9.478367838e-01  4.218669968e+00  4.220808293e+00  3.522504892e-02  9.994933850e-01  1.598246380e-03 -4.290786962e-01  1.292648904e+00  4.218183779e+00
 9.502138864e-01  4.246117172e+00  4.248082233e+00  3.326810176e-02  9.995374239e-01  1.466722399e-03 -4.154199227e-01  1.228514572e+00  4.245609574e+00
 9.526296342e-01  4.276332436e+00  4.278129424e+00  3.131115460e-02  9.995799594e-01  1.342030885e-03 -3.996107460e-01  1.159766179e+00  4.275828590e+00
 9.551011019e-01  4.309603347e+00  4.311238453e+00  2.935420744e-02  9.996207340e-01  1.224757489e-03 -3.820131477e-01  1.087503292e+00  4.309093711e+00
 9.576433717e-01  4.346214583e+00  4.347694399e+00  2.739726027e-02  9.996596321e-01  1.115050297e-03 -3.629889531e-01  1.012825474e+00  4.345776410e+00
 9.602609103e-01  4.386558612e+00  4.387890469e+00  2.544031311e-02  9.996964700e-01  1.013266426e-03 -3.428999321e-01  9.368322910e-01  4.386138500e+00
 9.629560219e-01  4.431134501e+00  4.432325872e+00  2.348336595e-02  9.997312086e-01  9.193229986e-04 -3.221077198e-01  8.606232950e-01  4.430770037e+00
 9.657290257e-01  4.480440188e+00  4.481498989e+00  2.152641879e-02  9.997637395e-01  8.333485922e-04 -3.009739100e-01  7.852980395e-01  4.480034847e+00
 9.685784326e-01  4.535205459e+00  4.536139452e+00  1.956947162e-02  9.997940996e-01  7.550293674e-04 -2.798599927e-01  7.119560859e-01  4.534899173e+00
 9.715011201e-01  4.596277527e+00  4.597094636e+00  1.761252446e-02  9.998222552e-01  6.842653606e-04 -2.591274340e-01  6.416969900e-01  4.595855120e+00
 9.744925069e-01  4.664779817e+00  4.665487479e+00  1.565557730e-02  9.998483199e-01  6.205117729e-04 -2.391376256e-01  5.756203233e-01  4.664726887e+00
 9.775467252e-01  4.742589346e+00  4.743194881e+00  1.369863014e-02  9.998723360e-01  5.634400970e-04 -2.202519526e-01  5.148256459e-01  4.742153792e+00
 9.806567912e-01  4.831883177e+00  4.832393029e+00  1.174168297e-02  9.998944928e-01  5.122745727e-04 -2.028317573e-01  4.604125482e-01  4.832251806e+00
 9.838147735e-01  4.936772900e+00  4.937193017e+00  9.784735812e-03  9.999149079e-01  4.664581409e-04 -1.872383886e-01  4.134806037e-01  4.934666664e+00
 9.870119578e-01  5.063194651e+00  5.063529627e+00  7.827788650e-03  9.999338453e-01  4.249840821e-04 -1.738331747e-01  3.751294239e-01  5.063575889e+00
 9.902390091e-01  5.222928003e+00  5.223181347e+00  5.870841487e-03  9.999514962e-01  3.870667818e-04 -1.629774562e-01  3.464585972e-01  5.100750640e+00
 9.934861298e-01  5.442046637e+00  5.442219688e+00  3.913894325e-03  9.999682022e-01  3.514685577e-04 -1.550325671e-01  3.285677679e-01  5.442364622e+00
 9.967432143e-01  5.802999203e+00  5.803089618e+00  1.956947162e-03  9.999844196e-01  3.165015267e-04 -1.505394268e-01  3.231028080e-01  6.494789658e+00
 1.000000000e+00  8.125363290e+00  8.125363298e+00  0.000000000e+00  9.999999990e-01  2.827181530e-04 -1.493206341e-01  3.295246240e-01  8.125363290e+00
