11  2.209596460e-07
4 3  4.165258000e-01  1.333333333e+00  7.264127731e-01  5.059862819e-01  3.194376742e+08 -3.023465522e-02  7.076279646e+05  3.149189972e+02  1.403576932e+00  1.686078185e-03 -1.770390810e-02 -3.023465522e-02 -4.401211135e+00 -6.151245461e+00  7.658447106e-03  2.041619954e-03  9.976846312e-01  1.014549084e+00  2.714272167e+00  3.561934442e-01
5 3  5.462906706e-01  1.666666667e+00  6.507206238e-01  5.059862819e-01  2.152319047e+08 -2.121408231e-02  1.295093686e+06  2.209425480e+02  1.298534853e+00  1.822178950e-03 -1.249615797e-02 -2.121408231e-02 -2.707823407e+00 -5.097526833e+00  1.168426639e-02  2.806735564e-03  1.054639259e+00  1.008835179e+00  2.831864125e+00  5.313124445e-01
6 3  6.468500572e-01  2.000000000e+00  6.139942049e-01  5.059862819e-01  1.712090873e+08 -1.606710690e-02  1.807825838e+06  1.740237910e+02  1.297507873e+00  2.056488264e-03 -9.425697813e-03 -1.606710690e-02 -1.777174411e+00 -4.130300354e+00  1.092763988e-02  2.505025607e-03  1.139121331e+00  1.005587521e+00  2.785291540e+00  6.530899634e-01
7 3  7.313855908e-01  2.333333333e+00  5.929075292e-01  5.059862819e-01  1.520271815e+08 -1.019320165e-02  9.881917678e+05  1.407823860e+02  1.327491582e+00  2.327128047e-03 -4.675612841e-03 -1.019320165e-02 -1.280829770e+00 -3.486730141e+00  1.090261629e-02  2.728991845e-03  1.233293515e+00  1.003402017e+00  2.693529547e+00  7.473314417e-01
8 3  8.062711966e-01  2.666666667e+00  5.782296509e-01  5.059862819e-01  1.368992497e+08 -7.280469691e-03  2.246069002e+06  1.201637252e+02  1.353887085e+00  2.601950700e-03 -2.461444408e-03 -7.280469691e-03 -1.152399509e+00 -2.963834823e+00  1.086120319e-02  3.113352747e-03  1.339894358e+00  1.001657400e+00  2.593634511e+00  8.255181242e-01
9 3  8.660752014e-01  3.000000000e+00  5.705528965e-01  5.059862819e-01  1.122681478e+08 -5.401458934e-03  5.561623763e+06  1.046564967e+02  1.243976335e+00  2.112857943e-03 -1.771206797e-03 -5.401458934e-03  5.196687316e-01 -2.646253271e+00  6.980970349e-03  2.278633798e-03  1.481034349e+00  1.000364404e+00  2.473259797e+00  8.860877715e-01
10 3  9.077659248e-01  3.333333333e+00  5.862912145e-01  5.059862819e-01  1.018731840e+08  2.254641576e-03  5.065019383e+06  8.931587569e+01  1.179786433e+00  2.015059748e-03  5.997407787e-03  2.254641576e-03  3.935986348e-01 -2.516713094e+00  4.081829898e-03  1.693513386e-03  1.718078603e+00  9.995671987e-01  2.331225509e+00  9.270940290e-01
11 3  9.550147616e-01  3.666666667e+00  3.748501658e-01  5.059862819e-01  5.828711891e+07  1.579421971e-02  1.016440971e+06  8.921573959e+01  1.193975701e+00  1.091292916e-02  7.208097723e-02  1.579421971e-02 -4.002147349e+01 -2.272200050e+01  6.743281172e-03  3.604045262e-03  1.996369626e+00  9.996924494e-01  2.229883764e+00  9.698978544e-01
12 3  9.773959162e-01  4.000000000e+00  2.740288431e-01  5.059862819e-01  1.590832408e+07  8.378658833e-03  4.656949562e+05  9.444603544e+01  8.678196304e-01  8.489545802e-03  3.376301266e-02  8.378658833e-03 -1.887986413e+01 -1.180769465e+01  8.066948972e-03  4.685774215e-03  2.835839905e+00  9.998978045e-01  2.092393215e+00  9.860829125e-01
13 3  9.887186761e-01  4.333333333e+00  2.436319355e-01  5.059862819e-01  7.489105348e+06  4.605989621e-03  3.536453059e+05  9.344790897e+01  6.774568209e-01  5.765905714e-03  1.896155127e-02  4.605989621e-03 -1.402691331e+01 -6.327198321e+00  7.670899342e-03  4.712622080e-03  4.524352797e+00  9.999508871e-01  1.953918611e+00  9.931671659e-01
14 3  9.957102139e-01  4.666666667e+00  2.287657213e-01  5.059862819e-01  4.256517307e+06  3.055993377e-03  3.044237925e+05  8.990064720e+01  5.219523274e-01  3.452997296e-03  1.286367428e-02  3.055993377e-03 -1.180775183e+01 -3.993894453e+00  6.785075643e-03  4.297389571e-03  9.932723442e+00  9.999802966e-01  1.827236590e+00  9.974086042e-01
