10  2.058479334e-07
4 3  4.720233980e-01  1.333333333e+00  7.485243797e-01  5.058996872e-01  3.602964452e+08 -2.251546438e-02  2.794519187e+05  4.352333649e+02  1.380632574e+00  1.542821404e-03 -1.386677349e-02 -2.251546438e-02 -3.461062133e+00 -4.951901247e+00  8.821596190e-03  2.422345013e-03  9.938067984e-01  1.015755157e+00  2.843883118e+00  4.191671809e-01
5 3  6.123225308e-01  1.666666667e+00  6.671249319e-01  5.058996872e-01  2.384479856e+08 -1.246415874e-02  2.255310730e+06  2.963025553e+02  1.257977086e+00  1.730268955e-03 -5.229511403e-03 -1.246415874e-02 -2.536579464e+00 -4.899624522e+00  1.162912066e-02  2.658524641e-03  1.065666477e+00  1.007767849e+00  2.928126978e+00  6.077131013e-01
6 3  7.138247521e-01  2.000000000e+00  6.229263700e-01  5.058996872e-01  1.832353236e+08 -6.662402644e-03  1.130979242e+06  2.254515634e+02  1.212898649e+00  1.854595763e-03 -5.756892369e-04 -6.662402644e-03 -1.999177578e+00 -4.224692826e+00  1.035042609e-02  2.521404600e-03  1.168263669e+00  1.004115788e+00  2.834283706e+00  7.278852047e-01
7 3  7.925744121e-01  2.333333333e+00  5.948223522e-01  5.058996872e-01  1.602506444e+08 -2.924478721e-03  1.938677529e+06  1.829070372e+02  1.219413108e+00  2.005177389e-03  2.411146875e-03 -2.924478721e-03 -1.689496655e+00 -3.624459769e+00  1.051975409e-02  2.923070660e-03  1.293054023e+00  1.002199777e+00  2.692250589e+00  8.123985470e-01
8 3  8.600863308e-01  2.666666667e+00  5.762745433e-01  5.058996872e-01  1.374178399e+08 -2.941064503e-03  5.457791071e+06  1.554677797e+02  1.198897290e+00  1.964451912e-03  1.429092232e-03 -2.941064503e-03 -6.194067190e-01 -3.225961031e+00  7.582209403e-03  2.420903188e-03  1.457733396e+00  1.000863362e+00  2.552971824e+00  8.773761061e-01
9 3  9.051829665e-01  3.000000000e+00  6.172677991e-01  5.058996872e-01  1.069875466e+08  1.536771684e-03  5.844443121e+06  1.289676148e+02  9.928518116e-01  1.537550054e-03 -3.355892813e-03  1.536771684e-03  1.656989813e+01 -3.032920868e+00  3.984096810e-03  1.542775881e-03  1.717342131e+00  9.999530856e-01  2.386122083e+00  9.207207169e-01
10 3  9.299235254e-01  3.333333333e+00  7.358186190e-01  5.058996872e-01  9.677994535e+07  9.041786313e-03  3.790223708e+06  1.065947832e+02  8.453227239e-01  1.238793040e-03  3.221161394e-03  9.041786313e-03  1.950525260e+01 -2.236555333e+00  2.779658213e-03  1.441425841e-03  2.238314444e+00  9.994376629e-01  2.205068665e+00  9.438855137e-01
11 3  9.724175523e-01  3.666666667e+00  3.769190579e-01  5.058996872e-01  7.628031250e+07  1.816216916e-02  6.416492096e+05  1.141176382e+02  1.220770148e+00  1.172452704e-02  1.020063693e-01  1.816216916e-02 -4.669391516e+01 -3.729194185e+01  8.667375260e-03  4.516846096e-03  2.449375177e+00  9.996608747e-01  2.096679122e+00  9.803410408e-01
12 3  9.894636929e-01  4.000000000e+00  2.673996318e-01  5.058996872e-01  9.959579856e+06  9.892242272e-03  3.865731560e+05  1.184826132e+02  6.596438838e-01  6.967176121e-03  4.504910385e-02  9.892242272e-03 -2.341750153e+01 -1.833168889e+01  7.212809078e-03  4.463764530e-03  3.933371164e+00  9.999078057e-01  1.956130152e+00  9.926625708e-01
13 3  9.959681942e-01  4.333333333e+00  2.413933898e-01  5.058996872e-01  4.058546910e+06  7.275267252e-03  3.290440795e+05  1.127496051e+02  4.727879593e-01  3.951773251e-03  2.539931534e-02  7.275267252e-03 -1.835676360e+01 -8.687287828e+00  6.096038690e-03  4.055784593e-03  8.070601758e+00  9.999728494e-01  1.817646805e+00  9.971960758e-01
