10  2.070632111e-07
4 3  4.837279012e-01  1.333333333e+00  7.286056806e-01  5.120120171e-01  2.621936479e+08 -1.715974307e-02  3.533108140e+05  4.081856742e+02  1.309707583e+00  1.779668491e-03 -8.454157720e-03 -1.715974307e-02 -3.268092249e+00 -5.705717020e+00  9.331781581e-03  2.577534797e-03  1.000719836e+00  1.016088387e+00  2.855143163e+00  4.430887059e-01
5 3  6.134977849e-01  1.666666667e+00  6.567286269e-01  5.120120171e-01  1.765149867e+08 -8.921255963e-03  2.281979730e+06  2.707890590e+02  1.216684071e+00  1.762219579e-03 -3.402646188e-03 -8.921255963e-03 -2.331815854e+00 -3.709902663e+00  1.153503052e-02  2.666330210e-03  1.079237873e+00  1.008685046e+00  2.875767898e+00  6.149186071e-01
6 3  7.118068051e-01  2.000000000e+00  6.162826974e-01  5.120120171e-01  1.512000497e+08 -1.610534948e-03  1.140551517e+06  2.017729137e+02  1.220609135e+00  1.829503445e-03  2.581060412e-03 -1.610534948e-03 -1.830090815e+00 -2.750530455e+00  1.068669842e-02  2.604991858e-03  1.179973811e+00  1.004986115e+00  2.770296167e+00  7.297910786e-01
7 3  7.929388731e-01  2.333333333e+00  5.894144543e-01  5.120120171e-01  1.431875943e+08 -8.141680178e-04  2.094260129e+06  1.738970491e+02  1.231099903e+00  1.816762002e-03  2.614594685e-03 -8.141680178e-04 -1.492592017e+00 -2.168946480e+00  1.073820033e-02  3.002080665e-03  1.297146724e+00  1.002517338e+00  2.638692699e+00  8.159857289e-01
8 3  8.573609571e-01  2.666666667e+00  5.738509137e-01  5.120120171e-01  1.277504400e+08  8.145340282e-04  5.711745082e+06  1.511569251e+02  1.158686924e+00  1.464277870e-03  3.433903130e-03  8.145340282e-04 -4.694504034e-01 -1.889645502e+00  7.324565614e-03  2.337415399e-03  1.450123369e+00  1.000850537e+00  2.492287825e+00  8.797846885e-01
9 3  9.021686103e-01  3.000000000e+00  5.954800527e-01  5.120120171e-01  1.139194040e+08  5.101277088e-03  5.822148674e+06  1.264671984e+02  1.043255431e+00  8.721496060e-04  3.719239082e-03  5.101277088e-03  6.836964441e+00 -1.927843181e+00  4.049146615e-03  1.583910464e-03  1.684819996e+00  9.998631703e-01  2.328847379e+00  9.230861843e-01
10 3  9.388635417e-01  3.333333333e+00  5.554247546e-01  5.120120171e-01  1.298507143e+08  1.228652403e-02  2.448654873e+06  1.076238536e+02  1.359590881e+00  8.470505748e-03  5.243295878e-02  1.228652403e-02 -3.834638844e+01 -1.291875992e+01  4.425332890e-03  2.451352022e-03  2.033296939e+00  9.994826604e-01  2.180384025e+00  9.563291000e-01
11 3  9.735674305e-01  3.666666667e+00  2.706673639e-01  5.120120171e-01  2.049381245e+07  1.775864379e-02  5.647013474e+05  1.233498351e+02  9.057974360e-01  8.984906438e-03  5.370900936e-02  1.775864379e-02 -2.383209065e+01 -1.808905073e+01  7.745885282e-03  4.514960577e-03  2.653183383e+00  9.998720346e-01  2.056236324e+00  9.836172827e-01
12 3  9.874784516e-01  4.000000000e+00  2.193643269e-01  5.120120171e-01  7.638636237e+06  1.110397881e-02  3.972701003e+05  1.273476196e+02  6.796167309e-01  5.990122075e-03  2.773811720e-02  1.110397881e-02 -1.459874363e+01 -8.212823458e+00  7.398782827e-03  4.728907100e-03  4.181367805e+00  9.999478104e-01  1.911960733e+00  9.924145794e-01
13 3  9.953670933e-01  4.333333333e+00  1.991755437e-01  5.120120171e-01  4.057815399e+06  5.840510552e-03  3.349891303e+05  1.241265789e+02  5.145371430e-01  3.416483993e-03  1.592306804e-02  5.840510552e-03 -1.138417590e+01 -4.569847585e+00  6.508024496e-03  4.349864299e-03  9.151157005e+00  9.999800156e-01  1.779043228e+00  9.972026957e-01
