 1.695500020e+00 -1.820763220e+00  8.607838440e-01  3.641793683e+00  9.311128195e-01  4.815065711e+00  9.949545482e-01  9.560365210e-01  7.457207590e+00 512 3 11
 0.000000000e+00  0.000000000e+00 -1.707964381e-06
 1.956947162e-03  2.871129892e-02  1.363215387e-01
 3.913894325e-03  4.060375933e-02  1.927867030e-01
 5.870841487e-03  4.972926851e-02  2.361091027e-01
 7.827788650e-03  5.742267481e-02  2.726236183e-01
 9.784735812e-03  6.420105707e-02  3.047832843e-01
 1.174168297e-02  7.032962830e-02  3.338456517e-01
 1.369863014e-02  7.596595395e-02  3.605573967e-01
 1.565557730e-02  8.121270927e-02  3.854047440e-01
 1.761252446e-02  8.614122275e-02  4.087252109e-01
 1.956947162e-02  9.080343628e-02  4.307644105e-01
 2.152641879e-02  9.523856855e-02  4.517075129e-01
 2.348336595e-02  9.947709630e-02  4.716974215e-01
 2.544031311e-02  1.035432666e-01  4.908492354e-01
 2.739726027e-02  1.074567328e-01  5.092561881e-01
 2.935420744e-02  1.112336932e-01  5.269947153e-01
 3.131115460e-02  1.148876870e-01  5.441288713e-01
 3.326810176e-02  1.184301662e-01  5.607131145e-01
 3.522504892e-02  1.218709206e-01  5.767929327e-01
 3.718199609e-02  1.252184036e-01  5.924076212e-01
 3.913894325e-02  1.284799720e-01  6.075913381e-01
 4.109589041e-02  1.316620766e-01  6.223740918e-01
 4.305283757e-02  1.347704100e-01  6.367825565e-01
 4.500978474e-02  1.378100256e-01  6.508403461e-01
 4.696673190e-02  1.407854343e-01  6.645684784e-01
 4.892367906e-02  1.437006824e-01  6.779857241e-01
 5.088062622e-02  1.465594169e-01  6.911092559e-01
 5.283757339e-02  1.493649371e-01  7.039543294e-01
 5.479452055e-02  1.521202418e-01  7.165342921e-01
 5.675146771e-02  1.548280673e-01  7.288609415e-01
 5.870841487e-02  1.574909193e-01  7.409459886e-01
 6.066536204e-02  1.601110951e-01  7.528006625e-01
 6.262230920e-02  1.626907072e-01  7.644347913e-01
 6.457925636e-02  1.652317054e-01  7.758570803e-01
 6.653620352e-02  1.677358945e-01  7.870755824e-01
 6.849315068e-02  1.702049488e-01  7.980975881e-01
 7.045009785e-02  1.726404258e-01  8.089298860e-01
 7.240704501e-02  1.750437765e-01  8.195792991e-01
 7.436399217e-02  1.774163543e-01  8.300521355e-01
 7.632093933e-02  1.797594249e-01  8.403536637e-01
 7.827788650e-02  1.820741752e-01  8.504889538e-01
 8.023483366e-02  1.843617195e-01  8.604631671e-01
 8.219178082e-02  1.866231042e-01  8.702811289e-01
 8.414872798e-02  1.888593144e-01  8.799474924e-01
 8.610567515e-02  1.910712784e-01  8.894658910e-01
 8.806262231e-02  1.932598745e-01  8.988395487e-01
 9.001956947e-02  1.954259337e-01  9.080727065e-01
 9.197651663e-02  1.975702409e-01  9.171689944e-01
 9.393346380e-02  1.996935406e-01  9.261311719e-01
 9.589041096e-02  2.017965400e-01  9.349624019e-01
 9.784735812e-02  2.038799109e-01  9.436656009e-01
 9.980430528e-02  2.059442922e-01  9.522430288e-01
 1.017612524e-01  2.079902933e-01  9.606978005e-01
 1.037181996e-01  2.100184931e-01  9.690326704e-01
 1.056751468e-01  2.120294444e-01  9.772495787e-01
 1.076320939e-01  2.140236758e-01  9.853505524e-01
 1.095890411e-01  2.160016928e-01  9.933375693e-01
 1.115459883e-01  2.179639791e-01  1.001212591e+00
 1.135029354e-01  2.199109981e-01  1.008977751e+00
 1.154598826e-01  2.218431929e-01  1.016635419e+00
 1.174168297e-01  2.237609879e-01  1.024186893e+00
 1.193737769e-01  2.256647919e-01  1.031633194e+00
 1.213307241e-01  2.275549981e-01  1.038976130e+00
 1.232876712e-01  2.294319835e-01  1.046218235e+00
 1.252446184e-01  2.312961094e-01  1.053360336e+00
 1.272015656e-01  2.331477253e-01  1.060403451e+00
 1.291585127e-01  2.349871680e-01  1.067349160e+00
 1.311154599e-01  2.368147614e-01  1.074198654e+00
 1.330724070e-01  2.386308183e-01  1.080953640e+00
 1.350293542e-01  2.404356398e-01  1.087614563e+00
 1.369863014e-01  2.422295180e-01  1.094183029e+00
 1.389432485e-01  2.440127337e-01  1.100660394e+00
 1.409001957e-01  2.457855586e-01  1.107046937e+00
 1.428571429e-01  2.475482567e-01  1.113344080e+00
 1.448140900e-01  2.493010822e-01  1.119553041e+00
 1.467710372e-01  2.510442815e-01  1.125674270e+00
 1.487279843e-01  2.527780938e-01  1.131709429e+00
 1.506849315e-01  2.545027496e-01  1.137658497e+00
 1.526418787e-01  2.562184746e-01  1.143522283e+00
 1.545988258e-01  2.579254865e-01  1.149302538e+00
 1.565557730e-01  2.596239960e-01  1.154999623e+00
 1.585127202e-01  2.613142083e-01  1.160614339e+00
 1.604696673e-01  2.629963226e-01  1.166147241e+00
 1.624266145e-01  2.646705331e-01  1.171598755e+00
 1.643835616e-01  2.663370283e-01  1.176970552e+00
 1.663405088e-01  2.679959906e-01  1.182262657e+00
 1.682974560e-01  2.696475989e-01  1.187475374e+00
 1.702544031e-01  2.712920270e-01  1.192610203e+00
 1.722113503e-01  2.729294431e-01  1.197667313e+00
 1.741682975e-01  2.745600124e-01  1.202647341e+00
 1.761252446e-01  2.761838949e-01  1.207551335e+00
 1.780821918e-01  2.778012469e-01  1.212378888e+00
 1.800391389e-01  2.794122216e-01  1.217131171e+00
 1.819960861e-01  2.810169675e-01  1.221809299e+00
 1.839530333e-01  2.826156292e-01  1.226412966e+00
 1.859099804e-01  2.842083490e-01  1.230943039e+00
 1.878669276e-01  2.857952651e-01  1.235399898e+00
 1.898238748e-01  2.873765130e-01  1.239784088e+00
 1.917808219e-01  2.889522246e-01  1.244096669e+00
 1.937377691e-01  2.905225286e-01  1.248337484e+00
 1.956947162e-01  2.920875517e-01  1.252507079e+00
 1.976516634e-01  2.936474174e-01  1.256606312e+00
 1.996086106e-01  2.952022461e-01  1.260635238e+00
 2.015655577e-01  2.967521565e-01  1.264594493e+00
 2.035225049e-01  2.982972641e-01  1.268484626e+00
 2.054794521e-01  2.998376821e-01  1.272305853e+00
 2.074363992e-01  3.013735218e-01  1.276059272e+00
 2.093933464e-01  3.029048911e-01  1.279744746e+00
 2.113502935e-01  3.044318969e-01  1.283362416e+00
 2.133072407e-01  3.059546441e-01  1.286913353e+00
 2.152641879e-01  3.074732344e-01  1.290397854e+00
 2.172211350e-01  3.089877683e-01  1.293816474e+00
 2.191780822e-01  3.104983439e-01  1.297169460e+00
 2.211350294e-01  3.120050579e-01  1.300456909e+00
 2.230919765e-01  3.135080054e-01  1.303679302e+00
 2.250489237e-01  3.150072795e-01  1.306837771e+00
 2.270058708e-01  3.165029708e-01  1.309932310e+00
 2.289628180e-01  3.179951691e-01  1.312963323e+00
 2.309197652e-01  3.194839624e-01  1.315931055e+00
 2.328767123e-01  3.209694374e-01  1.318835867e+00
 2.348336595e-01  3.224516791e-01  1.321678565e+00
 2.367906067e-01  3.239307707e-01  1.324459528e+00
 2.387475538e-01  3.254067941e-01  1.327178979e+00
 2.407045010e-01  3.268798301e-01  1.329837276e+00
 2.426614481e-01  3.283499581e-01  1.332434865e+00
 2.446183953e-01  3.298172560e-01  1.334972207e+00
 2.465753425e-01  3.312818005e-01  1.337449833e+00
 2.485322896e-01  3.327436669e-01  1.339868004e+00
 2.504892368e-01  3.342029295e-01  1.342227151e+00
 2.524461840e-01  3.356596612e-01  1.344527730e+00
 2.544031311e-01  3.371139340e-01  1.346770042e+00
 2.563600783e-01  3.385658187e-01  1.348954505e+00
 2.583170254e-01  3.400153849e-01  1.351081714e+00
 2.602739726e-01  3.414627011e-01  1.353152041e+00
 2.622309198e-01  3.429078348e-01  1.355165969e+00
 2.641878669e-01  3.443508523e-01  1.357123707e+00
 2.661448141e-01  3.457918193e-01  1.359025655e+00
 2.681017613e-01  3.472308004e-01  1.360872364e+00
 2.700587084e-01  3.486678590e-01  1.362664305e+00
 2.720156556e-01  3.501030576e-01  1.364401959e+00
 2.739726027e-01  3.515364580e-01  1.366085618e+00
 2.759295499e-01  3.529681210e-01  1.367715694e+00
 2.778864971e-01  3.543981064e-01  1.369292612e+00
 2.798434442e-01  3.558264735e-01  1.370816895e+00
 2.818003914e-01  3.572532803e-01  1.372289030e+00
 2.837573386e-01  3.586785843e-01  1.373709372e+00
 2.857142857e-01  3.601024419e-01  1.375078351e+00
 2.876712329e-01  3.615249091e-01  1.376396448e+00
 2.896281800e-01  3.629460407e-01  1.377664157e+00
 2.915851272e-01  3.643658910e-01  1.378881904e+00
 2.935420744e-01  3.657845135e-01  1.380050045e+00
 2.954990215e-01  3.672019609e-01  1.381169116e+00
 2.974559687e-01  3.686182852e-01  1.382239606e+00
 2.994129159e-01  3.700335378e-01  1.383261995e+00
 3.013698630e-01  3.714477691e-01  1.384236653e+00
 3.033268102e-01  3.728610291e-01  1.385163910e+00
 3.052837573e-01  3.742733674e-01  1.386044314e+00
 3.072407045e-01  3.756848325e-01  1.386878394e+00
 3.091976517e-01  3.770954723e-01  1.387666566e+00
 3.111545988e-01  3.785053343e-01  1.388409264e+00
 3.131115460e-01  3.799144652e-01  1.389106814e+00
 3.150684932e-01  3.813229114e-01  1.389759555e+00
 3.170254403e-01  3.827307187e-01  1.390368043e+00
 3.189823875e-01  3.841379322e-01  1.390932792e+00
 3.209393346e-01  3.855445964e-01  1.391454201e+00
 3.228962818e-01  3.869507554e-01  1.391932666e+00
 3.248532290e-01  3.883564526e-01  1.392368306e+00
 3.268101761e-01  3.897617315e-01  1.392761645e+00
 3.287671233e-01  3.911666347e-01  1.393113309e+00
 3.307240705e-01  3.925712041e-01  1.393423689e+00
 3.326810176e-01  3.939754814e-01  1.393693057e+00
 3.346379648e-01  3.953795077e-01  1.393921875e+00
 3.365949119e-01  3.967833240e-01  1.394110216e+00
 3.385518591e-01  3.981869707e-01  1.394258713e+00
 3.405088063e-01  3.995904878e-01  1.394367867e+00
 3.424657534e-01  4.009939147e-01  1.394438048e+00
 3.444227006e-01  4.023972904e-01  1.394469666e+00
 3.463796477e-01  4.038006536e-01  1.394462951e+00
 3.483365949e-01  4.052040427e-01  1.394418046e+00
 3.502935421e-01  4.066074960e-01  1.394335704e+00
 3.522504892e-01  4.080110508e-01  1.394216360e+00
 3.542074364e-01  4.094147442e-01  1.394060308e+00
 3.561643836e-01  4.108186132e-01  1.393867881e+00
 3.581213307e-01  4.122226942e-01  1.393639168e+00
 3.600782779e-01  4.136270237e-01  1.393374662e+00
 3.620352250e-01  4.150316377e-01  1.393075027e+00
 3.639921722e-01  4.164365714e-01  1.392740567e+00
 3.659491194e-01  4.178418599e-01  1.392371594e+00
 3.679060665e-01  4.192475382e-01  1.391968350e+00
 3.698630137e-01  4.206536410e-01  1.391531003e+00
 3.718199609e-01  4.220602028e-01  1.391060152e+00
 3.737769080e-01  4.234672576e-01  1.390556332e+00
 3.757338552e-01  4.248748387e-01  1.390019863e+00
 3.776908023e-01  4.262829797e-01  1.389451025e+00
 3.796477495e-01  4.276917136e-01  1.388849922e+00
 3.816046967e-01  4.291010735e-01  1.388216906e+00
 3.835616438e-01  4.305110923e-01  1.387552641e+00
 3.855185910e-01  4.319218019e-01  1.386857541e+00
 3.874755382e-01  4.333332343e-01  1.386131914e+00
 3.894324853e-01  4.347454213e-01  1.385375833e+00
 3.913894325e-01  4.361583946e-01  1.384589664e+00
 3.933463796e-01  4.375721856e-01  1.383773804e+00
 3.953033268e-01  4.389868253e-01  1.382928799e+00
 3.972602740e-01  4.404023445e-01  1.382054985e+00
 3.992172211e-01  4.418187737e-01  1.381152596e+00
 4.011741683e-01  4.432361431e-01  1.380221855e+00
 4.031311155e-01  4.446544830e-01  1.379263170e+00
 4.050880626e-01  4.460738234e-01  1.378276828e+00
 4.070450098e-01  4.474941939e-01  1.377263427e+00
 4.090019569e-01  4.489156237e-01  1.376223303e+00
 4.109589041e-01  4.503381420e-01  1.375156499e+00
 4.129158513e-01  4.517617779e-01  1.374063497e+00
 4.148727984e-01  4.531865601e-01  1.372944551e+00
 4.168297456e-01  4.546125173e-01  1.371800088e+00
 4.187866928e-01  4.560396778e-01  1.370630624e+00
 4.207436399e-01  4.574680694e-01  1.369436252e+00
 4.227005871e-01  4.588977202e-01  1.368217245e+00
 4.246575342e-01  4.603286581e-01  1.366974189e+00
 4.266144814e-01  4.617609102e-01  1.365707219e+00
 4.285714286e-01  4.631945040e-01  1.364416774e+00
 4.305283757e-01  4.646294666e-01  1.363103226e+00
 4.324853229e-01  4.660658247e-01  1.361766626e+00
 4.344422701e-01  4.675036053e-01  1.360407633e+00
 4.363992172e-01  4.689428346e-01  1.359026512e+00
 4.383561644e-01  4.703835389e-01  1.357623398e+00
 4.403131115e-01  4.718257445e-01  1.356198896e+00
 4.422700587e-01  4.732694770e-01  1.354753072e+00
 4.442270059e-01  4.747147623e-01  1.353286417e+00
 4.461839530e-01  4.761616257e-01  1.351799374e+00
 4.481409002e-01  4.776100925e-01  1.350292043e+00
 4.500978474e-01  4.790601879e-01  1.348764827e+00
 4.520547945e-01  4.805119368e-01  1.347217977e+00
 4.540117417e-01  4.819653639e-01  1.345651860e+00
 4.559686888e-01  4.834204937e-01  1.344066937e+00
 4.579256360e-01  4.848773505e-01  1.342463637e+00
 4.598825832e-01  4.863359582e-01  1.340841973e+00
 4.618395303e-01  4.877963410e-01  1.339202226e+00
 4.637964775e-01  4.892585227e-01  1.337544784e+00
 4.657534247e-01  4.907225268e-01  1.335870210e+00
 4.677103718e-01  4.921883765e-01  1.334178855e+00
 4.696673190e-01  4.936560949e-01  1.332471037e+00
 4.716242661e-01  4.951257046e-01  1.330746561e+00
 4.735812133e-01  4.965972291e-01  1.329005885e+00
 4.755381605e-01  4.980706909e-01  1.327249748e+00
 4.774951076e-01  4.995461119e-01  1.325478448e+00
 4.794520548e-01  5.010235144e-01  1.323692260e+00
 4.814090020e-01  5.025029200e-01  1.321891314e+00
 4.833659491e-01  5.039843508e-01  1.320075563e+00
 4.853228963e-01  5.054678287e-01  1.318245867e+00
 4.872798434e-01  5.069533747e-01  1.316402649e+00
 4.892367906e-01  5.084410098e-01  1.314546069e+00
 4.911937378e-01  5.099307548e-01  1.312676568e+00
 4.931506849e-01  5.114226304e-01  1.310793918e+00
 4.951076321e-01  5.129166575e-01  1.308898647e+00
 4.970645793e-01  5.144128565e-01  1.306991421e+00
 4.990215264e-01  5.159112471e-01  1.305072525e+00
 5.009784736e-01  5.174118490e-01  1.303142225e+00
 5.029354207e-01  5.189146819e-01  1.301200662e+00
 5.048923679e-01  5.204197654e-01  1.299247923e+00
 5.068493151e-01  5.219271189e-01  1.297284596e+00
 5.088062622e-01  5.234367613e-01  1.295311251e+00
 5.107632094e-01  5.249487110e-01  1.293328172e+00
 5.127201566e-01  5.264629864e-01  1.291335351e+00
 5.146771037e-01  5.279796062e-01  1.289333073e+00
 5.166340509e-01  5.294985884e-01  1.287321670e+00
 5.185909980e-01  5.310199509e-01  1.285301734e+00
 5.205479452e-01  5.325437112e-01  1.283273654e+00
 5.225048924e-01  5.340698863e-01  1.281237466e+00
 5.244618395e-01  5.355984935e-01  1.279193333e+00
 5.264187867e-01  5.371295499e-01  1.277141865e+00
 5.283757339e-01  5.386630719e-01  1.275083170e+00
 5.303326810e-01  5.401990759e-01  1.273017854e+00
 5.322896282e-01  5.417375779e-01  1.270946001e+00
 5.342465753e-01  5.432785938e-01  1.268867802e+00
 5.362035225e-01  5.448221393e-01  1.266783870e+00
 5.381604697e-01  5.463682295e-01  1.264694344e+00
 5.401174168e-01  5.479168796e-01  1.262599561e+00
 5.420743640e-01  5.494681043e-01  1.260499695e+00
 5.440313112e-01  5.510219183e-01  1.258395111e+00
 5.459882583e-01  5.525783357e-01  1.256286357e+00
 5.479452055e-01  5.541373704e-01  1.254173706e+00
 5.499021526e-01  5.556990358e-01  1.252057233e+00
 5.518590998e-01  5.572633456e-01  1.249936994e+00
 5.538160470e-01  5.588303133e-01  1.247813607e+00
 5.557729941e-01  5.603999514e-01  1.245687607e+00
 5.577299413e-01  5.619722722e-01  1.243559250e+00
 5.596868885e-01  5.635472878e-01  1.241428778e+00
 5.616438356e-01  5.651250100e-01  1.239295863e+00
 5.636007828e-01  5.667054512e-01  1.237161217e+00
 5.655577299e-01  5.682886225e-01  1.235025480e+00
 5.675146771e-01  5.698745345e-01  1.232888898e+00
 5.694716243e-01  5.714631977e-01  1.230751672e+00
 5.714285714e-01  5.730546225e-01  1.228613762e+00
 5.733855186e-01  5.746488192e-01  1.226475398e+00
 5.753424658e-01  5.762457978e-01  1.224337320e+00
 5.772994129e-01  5.778455672e-01  1.222199907e+00
 5.792563601e-01  5.794481363e-01  1.220063329e+00
 5.812133072e-01  5.810535137e-01  1.217927567e+00
 5.831702544e-01  5.826617080e-01  1.215793055e+00
 5.851272016e-01  5.842727272e-01  1.213660136e+00
 5.870841487e-01  5.858865788e-01  1.211529257e+00
 5.890410959e-01  5.875032699e-01  1.209400782e+00
 5.909980431e-01  5.891228071e-01  1.207274605e+00
 5.929549902e-01  5.907451973e-01  1.205151422e+00
 5.949119374e-01  5.923704459e-01  1.203031556e+00
 5.968688845e-01  5.939985586e-01  1.200915254e+00
 5.988258317e-01  5.956295404e-01  1.198802847e+00
 6.007827789e-01  5.972633958e-01  1.196694451e+00
 6.027397260e-01  5.989001293e-01  1.194590835e+00
 6.046966732e-01  6.005397439e-01  1.192492487e+00
 6.066536204e-01  6.021822425e-01  1.190399507e+00
 6.086105675e-01  6.038276277e-01  1.188312015e+00
 6.105675147e-01  6.054759019e-01  1.186230320e+00
 6.125244618e-01  6.071270666e-01  1.184155329e+00
 6.144814090e-01  6.087811223e-01  1.182087435e+00
 6.164383562e-01  6.104380689e-01  1.180027052e+00
 6.183953033e-01  6.120979058e-01  1.177973986e+00
 6.203522505e-01  6.137606328e-01  1.175928552e+00
 6.223091977e-01  6.154262485e-01  1.173891753e+00
 6.242661448e-01  6.170947504e-01  1.171863987e+00
 6.262230920e-01  6.187661353e-01  1.169845478e+00
 6.281800391e-01  6.204404000e-01  1.167836128e+00
 6.301369863e-01  6.221175411e-01  1.165836318e+00
 6.320939335e-01  6.237975544e-01  1.163846407e+00
 6.340508806e-01  6.254804352e-01  1.161866888e+00
 6.360078278e-01  6.271661780e-01  1.159897917e+00
 6.379647750e-01  6.288547771e-01  1.157939467e+00
 6.399217221e-01  6.305462267e-01  1.155991938e+00
 6.418786693e-01  6.322405202e-01  1.154055517e+00
 6.438356164e-01  6.339376508e-01  1.152130260e+00
 6.457925636e-01  6.356376113e-01  1.150216411e+00
 6.477495108e-01  6.373403942e-01  1.148314077e+00
 6.497064579e-01  6.390459917e-01  1.146423519e+00
 6.516634051e-01  6.407543953e-01  1.144544804e+00
 6.536203523e-01  6.424655966e-01  1.142677976e+00
 6.555772994e-01  6.441795869e-01  1.140822987e+00
 6.575342466e-01  6.458963575e-01  1.138979934e+00
 6.594911937e-01  6.476158993e-01  1.137148900e+00
 6.614481409e-01  6.493382030e-01  1.135329885e+00
 6.634050881e-01  6.510632593e-01  1.133522842e+00
 6.653620352e-01  6.527910587e-01  1.131727693e+00
 6.673189824e-01  6.545215919e-01  1.129944435e+00
 6.692759295e-01  6.562548492e-01  1.128172971e+00
 6.712328767e-01  6.579908213e-01  1.126413163e+00
 6.731898239e-01  6.597294986e-01  1.124664941e+00
 6.751467710e-01  6.614708719e-01  1.122928227e+00
 6.771037182e-01  6.632149315e-01  1.121202767e+00
 6.790606654e-01  6.649616686e-01  1.119488471e+00
 6.810176125e-01  6.667110738e-01  1.117785199e+00
 6.829745597e-01  6.684631383e-01  1.116092786e+00
 6.849315068e-01  6.702178533e-01  1.114410968e+00
 6.868884540e-01  6.719752101e-01  1.112739491e+00
 6.888454012e-01  6.737352007e-01  1.111078097e+00
 6.908023483e-01  6.754978171e-01  1.109426604e+00
 6.927592955e-01  6.772630514e-01  1.107785026e+00
 6.947162427e-01  6.790308959e-01  1.106152923e+00
 6.966731898e-01  6.808013433e-01  1.104529861e+00
 6.986301370e-01  6.825743872e-01  1.102915589e+00
 7.005870841e-01  6.843500212e-01  1.101309962e+00
 7.025440313e-01  6.861282390e-01  1.099712605e+00
 7.045009785e-01  6.879090351e-01  1.098123163e+00
 7.064579256e-01  6.896924043e-01  1.096541536e+00
 7.084148728e-01  6.914783415e-01  1.094967260e+00
 7.103718200e-01  6.932668425e-01  1.093400120e+00
 7.123287671e-01  6.950579033e-01  1.091839585e+00
 7.142857143e-01  6.968515206e-01  1.090285205e+00
 7.162426614e-01  6.986476920e-01  1.088736607e+00
 7.181996086e-01  7.004464154e-01  1.087193821e+00
 7.201565558e-01  7.022476883e-01  1.085656592e+00
 7.221135029e-01  7.040515094e-01  1.084124287e+00
 7.240704501e-01  7.058578781e-01  1.082596430e+00
 7.260273973e-01  7.076667944e-01  1.081072536e+00
 7.279843444e-01  7.094782593e-01  1.079552516e+00
 7.299412916e-01  7.112922735e-01  1.078035902e+00
 7.318982387e-01  7.131088389e-01  1.076522200e+00
 7.338551859e-01  7.149279582e-01  1.075011192e+00
 7.358121331e-01  7.167496341e-01  1.073502582e+00
 7.377690802e-01  7.185738701e-01  1.071995948e+00
 7.397260274e-01  7.204006706e-01  1.070490564e+00
 7.416829746e-01  7.222300409e-01  1.068986244e+00
 7.436399217e-01  7.240619868e-01  1.067482451e+00
 7.455968689e-01  7.258965150e-01  1.065979095e+00
 7.475538160e-01  7.277336320e-01  1.064476115e+00
 7.495107632e-01  7.295733454e-01  1.062971958e+00
 7.514677104e-01  7.314156662e-01  1.061464816e+00
 7.534246575e-01  7.332606080e-01  1.059953796e+00
 7.553816047e-01  7.351081853e-01  1.058439028e+00
 7.573385519e-01  7.369584131e-01  1.056918683e+00
 7.592954990e-01  7.388113109e-01  1.055390080e+00
 7.612524462e-01  7.406669029e-01  1.053851726e+00
 7.632093933e-01  7.425252148e-01  1.052302506e+00
 7.651663405e-01  7.443862744e-01  1.050742765e+00
 7.671232877e-01  7.462501095e-01  1.049170103e+00
 7.690802348e-01  7.481167538e-01  1.047581804e+00
 7.710371820e-01  7.499862449e-01  1.045977319e+00
 7.729941292e-01  7.518586207e-01  1.044356209e+00
 7.749510763e-01  7.537339205e-01  1.042717919e+00
 7.769080235e-01  7.556121846e-01  1.041062816e+00
 7.788649706e-01  7.574934535e-01  1.039388195e+00
 7.808219178e-01  7.593777729e-01  1.037695957e+00
 7.827788650e-01  7.612651825e-01  1.035987569e+00
 7.847358121e-01  7.631557222e-01  1.034262082e+00
 7.866927593e-01  7.650494333e-01  1.032521315e+00
 7.886497065e-01  7.669463528e-01  1.030766461e+00
 7.906066536e-01  7.688465176e-01  1.028997355e+00
 7.925636008e-01  7.707499652e-01  1.027214090e+00
 7.945205479e-01  7.726567330e-01  1.025416764e+00
 7.964774951e-01  7.745668583e-01  1.023605803e+00
 7.984344423e-01  7.764803759e-01  1.021786371e+00
 8.003913894e-01  7.783973115e-01  1.019957314e+00
 8.023483366e-01  7.803176964e-01  1.018118932e+00
 8.043052838e-01  7.822415564e-01  1.016277165e+00
 8.062622309e-01  7.841689040e-01  1.014439214e+00
 8.082191781e-01  7.860997391e-01  1.012611395e+00
 8.101761252e-01  7.880340540e-01  1.010789153e+00
 8.121330724e-01  7.899718508e-01  1.008970061e+00
 8.140900196e-01  7.919131120e-01  1.007199898e+00
 8.160469667e-01  7.938577145e-01  1.005511898e+00
 8.180039139e-01  7.958054997e-01  1.003911199e+00
 8.199608611e-01  7.977563108e-01  1.002383236e+00
 8.219178082e-01  7.997099975e-01  1.000973847e+00
 8.238747554e-01  8.016662848e-01  9.997284526e-01
 8.258317025e-01  8.036248331e-01  9.986677858e-01
 8.277886497e-01  8.055852748e-01  9.977980883e-01
 8.297455969e-01  8.075472323e-01  9.971270302e-01
 8.317025440e-01  8.095103077e-01  9.966645318e-01
 8.336594912e-01  8.114740848e-01  9.964154645e-01
 8.356164384e-01  8.134381426e-01  9.963805064e-01
 8.375733855e-01  8.154020626e-01  9.965595782e-01
 8.395303327e-01  8.173654421e-01  9.969217328e-01
 8.414872798e-01  8.193279614e-01  9.974268106e-01
 8.434442270e-01  8.212893792e-01  9.980306817e-01
 8.454011742e-01  8.232495327e-01  9.987118195e-01
 8.473581213e-01  8.252082846e-01  9.994578217e-01
 8.493150685e-01  8.271655238e-01  1.000257089e+00
 8.512720157e-01  8.291211714e-01  1.001081137e+00
 8.532289628e-01  8.310752226e-01  1.001880699e+00
 8.551859100e-01  8.330277709e-01  1.002616359e+00
 8.571428571e-01  8.349789726e-01  1.003252685e+00
 8.590998043e-01  8.369290343e-01  1.003795374e+00
 8.610567515e-01  8.388781308e-01  1.004254240e+00
 8.630136986e-01  8.408264488e-01  1.004580603e+00
 8.649706458e-01  8.427742887e-01  1.004739673e+00
 8.669275930e-01  8.447219797e-01  1.004738898e+00
 8.688845401e-01  8.466698209e-01  1.004585131e+00
 8.708414873e-01  8.486181060e-01  1.004282412e+00
 8.727984344e-01  8.505671231e-01  1.003831098e+00
 8.747553816e-01  8.525171649e-01  1.003223835e+00
 8.767123288e-01  8.544685377e-01  1.002461513e+00
 8.786692759e-01  8.564215348e-01  1.001562812e+00
 8.806262231e-01  8.583764154e-01  1.000531828e+00
 8.825831703e-01  8.603334523e-01  9.993500767e-01
 8.845401174e-01  8.622929582e-01  9.980097061e-01
 8.864970646e-01  8.642552447e-01  9.965241483e-01
 8.884540117e-01  8.662205920e-01  9.949065306e-01
 8.904109589e-01  8.681892656e-01  9.931581857e-01
 8.923679061e-01  8.701615354e-01  9.912843867e-01
 8.943248532e-01  8.721376630e-01  9.892831574e-01
 8.962818004e-01  8.741179248e-01  9.871463998e-01
 8.982387476e-01  8.761026121e-01  9.848761823e-01
 9.001956947e-01  8.780920039e-01  9.824859131e-01
 9.021526419e-01  8.800863517e-01  9.799938524e-01
 9.041095890e-01  8.820858831e-01  9.773944821e-01
 9.060665362e-01  8.840908542e-01  9.746827853e-01
 9.080234834e-01  8.861015276e-01  9.718583905e-01
 9.099804305e-01  8.881181690e-01  9.689215317e-01
 9.119373777e-01  8.901410453e-01  9.658791372e-01
 9.138943249e-01  8.921704123e-01  9.627327516e-01
 9.158512720e-01  8.942065312e-01  9.594819433e-01
 9.178082192e-01  8.962496615e-01  9.561443576e-01
 9.197651663e-01  8.983000306e-01  9.527153133e-01
 9.217221135e-01  9.003578998e-01  9.491827459e-01
 9.236790607e-01  9.024235482e-01  9.455607048e-01
 9.256360078e-01  9.044972241e-01  9.418453121e-01
 9.275929550e-01  9.065792115e-01  9.380195169e-01
 9.295499022e-01  9.086698269e-01  9.340901461e-01
 9.315068493e-01  9.107693586e-01  9.300806017e-01
 9.334637965e-01  9.128780706e-01  9.259613389e-01
 9.354207436e-01  9.149963292e-01  9.217037743e-01
 9.373776908e-01  9.171245204e-01  9.173622282e-01
 9.393346380e-01  9.192628911e-01  9.129576031e-01
 9.412915851e-01  9.214117357e-01  9.084137131e-01
 9.432485323e-01  9.235715626e-01  9.036756642e-01
 9.452054795e-01  9.257429182e-01  8.988020548e-01
 9.471624266e-01  9.279261067e-01  8.940177443e-01
 9.491193738e-01  9.301210528e-01  8.890893557e-01
 9.510763209e-01  9.323285671e-01  8.838477395e-01
 9.530332681e-01  9.345496412e-01  8.779690679e-01
 9.549902153e-01  9.367853346e-01  8.721790567e-01
 9.569471624e-01  9.390321571e-01  8.720512339e-01
 9.589041096e-01  9.412750161e-01  8.729802068e-01
 9.608610568e-01  9.435184926e-01  8.710844135e-01
 9.628180039e-01  9.457715635e-01  8.653822808e-01
 9.647749511e-01  9.480448021e-01  8.555985189e-01
 9.667318982e-01  9.503495178e-01  8.423390203e-01
 9.686888454e-01  9.526970205e-01  8.236463097e-01
 9.706457926e-01  9.551064167e-01  7.994151455e-01
 9.726027397e-01  9.575945969e-01  7.736130257e-01
 9.745596869e-01  9.601666249e-01  7.483247042e-01
 9.765166341e-01  9.628251532e-01  7.242275036e-01
 9.784735812e-01  9.655706205e-01  7.017815927e-01
 9.804305284e-01  9.684014474e-01  6.812796888e-01
 9.823874755e-01  9.713142318e-01  6.628915531e-01
 9.843444227e-01  9.743039430e-01  6.467008299e-01
 9.863013699e-01  9.773641139e-01  6.327340098e-01
 9.882583170e-01  9.804870322e-01  6.209823245e-01
 9.902152642e-01  9.836639278e-01  6.114178396e-01
 9.921722114e-01  9.868851572e-01  6.040049986e-01
 9.941291585e-01  9.901403847e-01  5.987087469e-01
 9.960861057e-01  9.934187593e-01  5.955001198e-01
 9.980430528e-01  9.967090872e-01  5.947046412e-01
 1.000000000e+00  1.000000000e+00  5.945989354e-01
4  4.044029085e-01  6.669513273e-01  1.013613002e+00  7.507313218e-01  9.567673238e-01  5.441061043e+01  4.468941316e-01  9.932533534e-01  3.472194658e-01  2.688150211e+00
5  5.321991994e-01  9.606944071e-01  1.008322221e+00  6.168290390e-01  9.303922692e-01  3.240009487e+01  3.923649032e-01  1.048302443e+00  5.201057633e-01  2.815338580e+00
6  6.323011110e-01  1.159935697e+00  1.005227506e+00  5.266249089e-01  9.089083062e-01  2.394578594e+01  3.625413479e-01  1.130769633e+00  6.419485923e-01  2.778843825e+00
7  7.157188112e-01  1.330567041e+00  1.003200747e+00  4.615036206e-01  8.965687392e-01  1.962409506e+01  3.436491523e-01  1.225683850e+00  7.347051025e-01  2.690663082e+00
8  7.876631947e-01  1.460195028e+00  1.001654450e+00  4.122649928e-01  8.995714076e-01  1.733871171e+01  3.307360436e-01  1.332442577e+00  8.098011995e-01  2.586994895e+00
9  8.486839265e-01  1.763678278e+00  1.000453526e+00  3.736056476e-01  9.273717302e-01  1.660388781e+01  3.221525019e-01  1.461816163e+00  8.709075892e-01  2.474727977e+00
10  8.945660336e-01  2.319287690e+00  9.996480857e-01  3.419121249e-01  9.994151745e-01  1.778929780e+01  3.174608569e-01  1.653607127e+00  9.161961034e-01  2.345776461e+00
11  9.364653346e-01  1.125213944e+00  9.993469324e-01  3.164162266e-01  1.117532249e+00  2.063553060e+01  3.166899498e-01  1.890852225e+00  9.547107822e-01  2.231733772e+00
12  9.699509589e-01  4.313147663e+00  9.998679145e-01  2.949321349e-01  1.307548713e+00  2.647250107e+01  3.198374049e-01  2.394344079e+00  9.814782327e-01  2.120011634e+00
13  9.839514198e-01  7.370262430e+00  9.999179128e-01  2.745990737e-01  1.555805654e+00  3.578574606e+01  3.231285746e-01  3.615327905e+00  9.903909331e-01  1.985279848e+00
14  9.917042182e-01  1.271095657e+01  9.999454143e-01  2.566150818e-01  1.752913228e+00  4.324842101e+01  3.269402677e-01  5.957591186e+00  9.950639731e-01  1.858050439e+00
0 0 -1.245933885e-01  4.887241297e-18
0 1  1.341732951e-02 -5.019719017e-03
0 2 -1.414823410e-02  5.991938206e-03
0 3  4.217541912e-03 -7.055290025e-03
0 4 -5.683161740e-04  6.475865777e-03
0 5 -4.169575537e-03 -3.279700910e-03
0 6  3.478288894e-03 -2.103460226e-03
0 7  1.605494353e-03  3.106225076e-03
0 8 -1.824772861e-03  2.550209700e-03
0 9 -2.792316894e-03  6.813441410e-04
0 10 -2.597170138e-03 -5.363223889e-04
1 0 -1.076889365e-01 -4.028880727e-02
1 1 -9.619364083e-02  1.024375349e-17
1 2  9.478200343e-03 -7.284514327e-03
1 3 -1.339854614e-02  9.029309814e-03
1 4 -1.925186595e-04 -9.318527585e-03
1 5  3.814830136e-03  5.411389090e-03
1 6 -6.018360831e-03  2.072066878e-03
1 7 -1.990144872e-03 -4.624964112e-03
1 8  2.693679803e-03 -3.078958787e-03
1 9  3.641217873e-03 -3.451718020e-04
1 10  3.135329291e-03  1.245293659e-03
2 0  1.135552558e-01  4.809194353e-02
2 1 -9.853250445e-02 -7.572760802e-02
2 2 -7.710611628e-02  4.516687964e-18
2 3  5.029369020e-03 -9.202885385e-03
2 4 -9.226532541e-03  1.045049674e-02
2 5 -6.044871047e-03 -7.759615127e-03
2 6  5.480040047e-03 -7.533193240e-04
2 7 -3.457896762e-04  5.581922860e-03
2 8 -4.652657151e-03  2.492730137e-03
2 9 -4.735568197e-03 -7.564986968e-04
2 10 -3.651701227e-03 -2.350363521e-03
3 0 -3.385044714e-02 -5.662652015e-02
3 1  1.392872338e-01  9.386597426e-02
3 2 -6.522658983e-02 -1.193535069e-01
3 3 -6.360622161e-02  3.415013335e-17
3 4  9.820375944e-04 -1.069206655e-02
3 5 -4.106901288e-03  9.721514571e-03
3 6 -1.001844175e-02 -2.362672346e-03
3 7  2.774770007e-04 -5.884233268e-03
3 8  3.996577477e-03 -7.341071560e-04
3 9  2.970036425e-03  2.550676805e-03
3 10  1.371424284e-03  3.640614096e-03
4 0  4.561367026e-03  5.197599851e-02
4 1  2.001365764e-03 -9.687259474e-02
4 2  1.196601902e-01  1.355339530e-01
4 3 -1.543933234e-02 -1.680978099e-01
4 4 -5.365279785e-02  1.104555137e-17
4 5 -2.795638770e-03 -1.162746632e-02
4 6  5.455884741e-04  6.488590905e-03
4 7 -8.411569320e-03  3.925631148e-03
4 8 -7.001271681e-03 -2.603786317e-03
4 9 -3.523838290e-03 -4.704942024e-03
4 10 -1.155337691e-03 -4.662328671e-03
5 0  3.346546383e-02 -2.632323391e-02
5 1 -3.965782045e-02  5.625516451e-02
5 2  7.839677757e-02 -1.006355332e-01
5 3  6.456760335e-02  1.528390513e-01
5 4  5.210611342e-02 -2.167168682e-01
5 5 -4.589218045e-02 -2.399291126e-17
5 6 -7.173980704e-03 -1.209458812e-02
5 7  2.594559624e-03  8.175404807e-04
5 8 -1.729977924e-03  5.634211631e-03
5 9 -5.128102469e-03  4.676461895e-03
5 10 -6.301053625e-03  2.815658361e-03
6 0 -2.791712254e-02 -1.688259908e-02
6 1  6.256505917e-02  2.154058064e-02
6 2 -7.107140537e-02 -9.769903613e-03
6 3  1.575072610e-01 -3.714530256e-02
6 4 -1.016887275e-02  1.209366737e-01
6 5  1.563225071e-01 -2.635435493e-01
6 6 -3.905322532e-02  3.634229627e-17
6 7 -9.902581046e-03 -1.033662194e-02
6 8  3.810205886e-04 -4.970531944e-03
6 9  1.923517081e-03 -3.270225203e-04
6 10  1.255142294e-03  1.912555901e-03
7 0 -1.288587117e-02  2.493089812e-02
7 1  2.068894424e-02 -4.807972826e-02
7 2  4.484594645e-03  7.239273782e-02
7 3 -4.362419173e-03 -9.251034126e-02
7 4  1.567778319e-01  7.316731475e-02
7 5 -5.653598496e-02  1.781437431e-02
7 6  2.535662795e-01 -2.646803652e-01
7 7 -3.388891183e-02  7.072528338e-17
7 8 -1.286931174e-02 -7.752246917e-03
7 9 -5.758206599e-03 -8.013252320e-03
7 10 -2.250732520e-03 -6.565385550e-03
8 0  1.464582417e-02  2.046825863e-02
8 1 -2.800268063e-02 -3.200792443e-02
8 2  6.034096094e-02  3.232856558e-02
8 3 -6.283312192e-02 -1.154143631e-02
8 4  1.304922010e-01 -4.853029892e-02
8 5  3.769657285e-02  1.227706240e-01
8 6 -9.756443559e-03 -1.272758371e-01
8 7  3.797499255e-01 -2.287546722e-01
8 8 -2.846488260e-02  4.711458208e-17
8 9 -1.536913810e-02 -4.930120131e-03
8 10 -1.102343178e-02 -6.593934958e-03
9 0  2.241143713e-02  5.468541702e-03
9 1 -3.785299986e-02 -3.588301669e-03
9 2  6.141624590e-02 -9.811137343e-03
9 3 -4.669411811e-02  4.010105836e-02
9 4  6.567855604e-02 -8.769238907e-02
9 5  1.117424018e-01  1.019010613e-01
9 6 -4.925373167e-02 -8.373764719e-03
9 7  1.699141781e-01 -2.364564658e-01
9 8  5.399333036e-01 -1.732000866e-01
9 9 -2.090755597e-02 -2.292400291e-17
9 10 -1.130721287e-02 -2.147282537e-03
10 0  2.084516819e-02 -4.304581449e-03
10 1 -3.259393514e-02  1.294569629e-02
10 2  4.735942366e-02 -3.048219304e-02
10 3 -2.156116570e-02  5.723676087e-02
10 4  2.153359634e-02 -8.689814619e-02
10 5  1.373012475e-01  6.135377167e-02
10 6 -3.213927361e-02  4.897305882e-02
10 7  6.641501301e-02 -1.937325572e-01
10 8  3.872642629e-01 -2.316515775e-01
10 9  5.408194476e-01 -1.027036608e-01
10 10 -1.712205026e-02  3.456653042e-17
0 0 -8.356669721e+00 -6.038766158e-16
0 1 -8.394780937e-01  4.416990425e-01
0 2  1.220035341e+00 -4.283689509e-01
0 3 -2.193066311e-01  3.508735301e-01
0 4  5.112022326e-02 -2.756284988e-01
0 5  1.470813700e-01  1.321198835e-01
0 6 -1.258760390e-01  6.392696601e-02
0 7 -5.185604504e-02 -9.591344222e-02
0 8  2.916018183e-02 -8.273787521e-02
0 9  6.782815747e-02  1.652707216e-03
0 10  6.663730079e-02  6.876911736e-02
1 0 -8.394780937e-01 -4.416990425e-01
1 1 -1.108920621e+01 -5.643946053e-15
1 2 -7.844508128e-01  1.050764742e+00
1 3  1.950254634e+00 -1.089490917e+00
1 4 -9.581524911e-03  7.618730833e-01
1 5 -2.141877571e-01 -4.033799436e-01
1 6  3.744090907e-01 -9.350077124e-02
1 7  9.669468819e-02  2.444209426e-01
1 8 -9.020771741e-02  1.676389806e-01
1 9 -1.400656156e-01 -2.664614145e-02
1 10 -1.018901896e-01 -1.659961157e-01
2 0  1.220035341e+00  4.283689509e-01
2 1 -7.844508128e-01 -1.050764742e+00
2 2 -1.405201893e+01 -4.117583080e-15
2 3 -3.570294212e-01  2.013519600e+00
2 4  2.196003939e+00 -1.985954833e+00
2 5  7.087375739e-01  1.003566193e+00
2 6 -5.738967048e-01 -3.388449614e-02
2 7  5.553049483e-02 -4.842558664e-01
2 8  2.682979670e-01 -2.188740329e-01
2 9  2.368541748e-01  1.148337088e-01
2 10  1.312294632e-01  3.234418355e-01
3 0 -2.193066311e-01 -3.508735301e-01
3 1  1.950254634e+00  1.089490917e+00
3 2 -3.570294212e-01 -2.013519600e+00
3 3 -1.727924515e+01 -2.241960515e-14
3 4  5.393931187e-01  3.331075503e+00
3 5  1.754156452e+00 -2.837029177e+00
3 6  1.817088194e+00  5.664620099e-01
3 7 -1.394574337e-01  7.564723741e-01
3 8 -4.349242197e-01  1.349459576e-01
3 9 -1.926985499e-01 -3.445084416e-01
3 10  1.505801363e-01 -5.719431241e-01
4 0  5.112022326e-02  2.756284988e-01
4 1 -9.581524911e-03 -7.618730833e-01
4 2  2.196003939e+00  1.985954833e+00
4 3  5.393931187e-01 -3.331075503e+00
4 4 -2.091145968e+01 -7.388589832e-15
4 5  2.149023487e+00  5.031716123e+00
4 6  6.387427210e-01 -3.287363617e+00
4 7  2.241192918e+00 -8.755901310e-01
4 8  1.107569140e+00  3.554205602e-01
4 9  1.553046844e-01  6.104619452e-01
4 10 -4.063378013e-01  5.455265974e-01
5 0  1.470813700e-01 -1.321198835e-01
5 1 -2.141877571e-01  4.033799436e-01
5 2  7.087375739e-01 -1.003566193e+00
5 3  1.754156452e+00  2.837029177e+00
5 4  2.149023487e+00 -5.031716123e+00
5 5 -2.528040855e+01 -6.369687137e-15
5 6  5.085350826e+00  6.988444845e+00
5 7 -7.105332104e-01 -2.033102284e+00
5 8  5.372761370e-01 -1.754501551e+00
5 9  1.409086685e+00 -9.246234460e-01
5 10  2.045090341e+00 -1.463232830e-01
6 0 -1.258760390e-01 -6.392696601e-02
6 1  3.744090907e-01  9.350077124e-02
6 2 -5.738967048e-01  3.388449614e-02
6 3  1.817088194e+00 -5.664620099e-01
6 4  6.387427210e-01  3.287363617e+00
6 5  5.085350826e+00 -6.988444845e+00
6 6 -3.010144342e+01 -7.699440637e-14
6 7  8.493645058e+00  7.768907416e+00
6 8 -5.468669189e-01  1.072986640e+00
6 9 -5.368309196e-01 -1.690674673e+00
6 10  6.446080630e-01 -3.102059976e+00
7 0 -5.185604504e-02  9.591344222e-02
7 1  9.669468819e-02 -2.444209426e-01
7 2  5.553049483e-02  4.842558664e-01
7 3 -1.394574337e-01 -7.564723741e-01
7 4  2.241192918e+00  8.755901310e-01
7 5 -7.105332104e-01  2.033102284e+00
7 6  8.493645058e+00 -7.768907416e+00
7 7 -3.656191199e+01 -1.235714111e-13
7 8  1.304322070e+01  6.791841844e+00
7 9  1.065106406e+00  2.382685797e+00
7 10 -1.474321895e+00 -5.138704383e-01
8 0  2.916018183e-02  8.273787521e-02
8 1 -9.020771741e-02 -1.676389806e-01
8 2  2.682979670e-01  2.188740329e-01
8 3 -4.349242197e-01 -1.349459576e-01
8 4  1.107569140e+00 -3.554205602e-01
8 5  5.372761370e-01  1.754501551e+00
8 6 -5.468669189e-01 -1.072986640e+00
8 7  1.304322070e+01 -6.791841844e+00
8 8 -5.165363880e+01 -1.373931567e-14
8 9  2.175906990e+01  6.355422287e+00
8 10  6.602370228e+00  4.820011289e+00
9 0  6.782815747e-02 -1.652707216e-03
9 1 -1.400656156e-01  2.664614145e-02
9 2  2.368541748e-01 -1.148337088e-01
9 3 -1.926985499e-01  3.445084416e-01
9 4  1.553046844e-01 -6.104619452e-01
9 5  1.409086685e+00  9.246234460e-01
9 6 -5.368309196e-01  1.690674673e+00
9 7  1.065106406e+00 -2.382685797e+00
9 8  2.175906990e+01 -6.355422287e+00
9 9 -6.552804616e+01 -8.788962610e-14
9 10  3.158613831e+01  5.998327259e+00
10 0  6.663730079e-02 -6.876911736e-02
10 1 -1.018901896e-01  1.659961157e-01
10 2  1.312294632e-01 -3.234418355e-01
10 3  1.505801363e-01  5.719431241e-01
10 4 -4.063378013e-01 -5.455265974e-01
10 5  2.045090341e+00  1.463232830e-01
10 6  6.446080630e-01  3.102059976e+00
10 7 -1.474321895e+00  5.138704383e-01
10 8  6.602370228e+00 -4.820011289e+00
10 9  3.158613831e+01 -5.998327259e+00
10 10 -5.840422058e+01 -1.179082667e-13
0  3.659806981e-02 -8.176863190e-04 -1.290456881e-01 -1.991922518e-02
1  6.376601678e-02 -6.702367118e-04  1.590312021e-01  5.465138426e-02
2  8.890103213e-02 -2.238905749e-03 -1.515216718e-01 -1.063091655e-01
3  1.193217539e-01 -2.291834281e-03  9.676501200e-02  1.672002200e-01
4  1.543640124e-01 -5.145880669e-03  2.188139879e-02 -1.955994737e-01
5  1.930320094e-01 -6.177426991e-03 -1.653063775e-01  1.074521523e-01
6  2.286802333e-01 -8.144820127e-03  1.553534480e-01  1.160019896e-01
7  2.640845573e-01 -1.159196094e-02  1.089222661e-01 -1.532651583e-01
8  2.871492518e-01 -1.331525454e-02 -8.276429274e-02 -1.581261488e-01
9  2.809469336e-01 -1.313094038e-02 -1.567055388e-01 -5.990058716e-02
10  2.654671169e-01 -1.938248249e-02 -1.568099148e-01  1.348807475e-02
