11  2.220596599e-07
4 3  4.117909069e-01  1.333333333e+00  7.224932093e-01  5.066195128e-01  3.197193016e+08 -3.049741154e-02  7.673058093e+05  3.096793873e+02  1.409427209e+00  1.666691488e-03 -1.793352586e-02 -3.049741154e-02 -4.498514593e+00 -5.961537681e+00  1.353297868e-02  3.479399891e-03  9.968444561e-01  1.014204118e+00  2.705252785e+00  3.520547342e-01
5 3  5.414160255e-01  1.666666667e+00  6.466535078e-01  5.066195128e-01  2.181251767e+08 -2.144295516e-02  1.214493267e+06  2.157332574e+02  1.304128938e+00  1.807147669e-03 -1.254922193e-02 -2.144295516e-02 -2.701501714e+00 -5.141237939e+00  1.165237925e-02  3.005449243e-03  1.052915079e+00  1.008627650e+00  2.829812718e+00  5.273842347e-01
6 3  6.417816944e-01  2.000000000e+00  6.109492380e-01  5.066195128e-01  1.726238121e+08 -1.672240514e-02  1.847101149e+06  1.703636609e+02  1.299980925e+00  2.040784578e-03 -9.924625486e-03 -1.672240514e-02 -1.713949248e+00 -4.221571009e+00  1.027842701e-02  2.687589962e-03  1.137270565e+00  1.005463637e+00  2.786558509e+00  6.492580924e-01
7 3  7.253843929e-01  2.333333333e+00  5.912573929e-01  5.066195128e-01  1.519264915e+08 -1.047715606e-02  9.936721037e+05  1.380827823e+02  1.319812043e+00  2.285846418e-03 -4.785852660e-03 -1.047715606e-02 -1.211861696e+00 -3.598713884e+00  1.300168842e-02  3.400600514e-03  1.233151549e+00  1.003381373e+00  2.694026875e+00  7.424086550e-01
8 3  7.989165406e-01  2.666666667e+00  5.770811480e-01  5.066195128e-01  1.385599930e+08 -7.418663236e-03  2.020968261e+06  1.181316098e+02  1.358126645e+00  2.631704033e-03 -2.308860866e-03 -7.418663236e-03 -1.280611279e+00 -3.075427837e+00  1.055664573e-02  2.773395874e-03  1.340538516e+00  1.001737498e+00  2.591976615e+00  8.192875674e-01
9 3  8.599608784e-01  3.000000000e+00  5.631123000e-01  5.066195128e-01  1.151730431e+08 -6.798289091e-03  5.281536530e+06  1.036758020e+02  1.277271978e+00  2.445954776e-03 -2.254370413e-03 -6.798289091e-03 -8.640749627e-01 -2.740068247e+00  7.335539115e-03  1.946928768e-03  1.474984791e+00  1.000470283e+00  2.476886471e+00  8.809706141e-01
10 3  9.025620355e-01  3.333333333e+00  5.754790865e-01  5.066195128e-01  9.923322740e+07  6.202094078e-04  5.319365052e+06  8.884770825e+01  1.158830990e+00  1.331760866e-03  2.427817718e-03  6.202094078e-04  3.938880767e+00 -2.418423868e+00  6.860786572e-03  1.812257817e-03  1.703860611e+00  9.996568656e-01  2.337726701e+00  9.230105837e-01
11 3  9.504235713e-01  3.666666667e+00  3.996686257e-01  5.066195128e-01  7.287264950e+07  1.732708156e-02  1.228222356e+06  8.609845382e+01  1.301060055e+00  1.221224022e-02  7.752195019e-02  1.732708156e-02 -5.260509230e+01 -2.075213611e+01  1.304134688e-02  3.383618150e-03  1.926997142e+00  9.996469591e-01  2.237880464e+00  9.665739782e-01
12 3  9.747833863e-01  4.000000000e+00  2.846658659e-01  5.066195128e-01  1.901505442e+07  7.245110442e-03  4.936782402e+05  9.208765659e+01  8.995237124e-01  8.511295473e-03  3.456345653e-02  7.245110442e-03 -1.860087991e+01 -1.272788256e+01  1.451889552e-02  4.153764640e-03  2.689420378e+00  9.998881482e-01  2.104476186e+00  9.846295221e-01
13 3  9.870215053e-01  4.333333333e+00  2.512545311e-01  5.066195128e-01  8.693922191e+06  2.505059858e-03  3.649038622e+05  9.138118719e+01  7.101125916e-01  6.125812533e-03  1.788479560e-02  2.505059858e-03 -1.473356811e+01 -6.742201009e+00  1.381150127e-02  4.214749381e-03  4.226086904e+00  9.999394132e-01  1.967082940e+00  9.922496260e-01
14 3  9.941677365e-01  4.666666667e+00  2.351472853e-01  5.066195128e-01  4.954731343e+06  1.100587092e-03  3.129839741e+05  8.785623107e+01  5.548560543e-01  3.852167942e-03  1.187448536e-02  1.100587092e-03 -1.282340233e+01 -4.360459141e+00  1.224188703e-02  3.863958034e-03  8.010291982e+00  9.999689183e-01  1.839856036e+00  9.965306138e-01
