11  2.212614607e-07
4 3  4.157739593e-01  1.333333333e+00  7.245511508e-01  5.060349365e-01  3.198407460e+08 -3.031530825e-02  7.180942095e+05  3.138694372e+02  1.405054439e+00  1.683811460e-03 -1.774447807e-02 -3.031530825e-02 -4.431015410e+00 -6.126211612e+00  1.387721389e-02  3.566022361e-03  9.976736120e-01  1.014497952e+00  2.713005122e+00  3.554144140e-01
5 3  5.455789751e-01  1.666666667e+00  6.487923894e-01  5.060349365e-01  2.155799013e+08 -2.127059642e-02  1.280693271e+06  2.199296367e+02  1.299478827e+00  1.821331585e-03 -1.249866791e-02 -2.127059642e-02 -2.704202211e+00 -5.120874433e+00  1.144789726e-02  2.959827431e-03  1.054462297e+00  1.008805082e+00  2.832024640e+00  5.306680896e-01
6 3  6.461106974e-01  2.000000000e+00  6.123864093e-01  5.060349365e-01  1.711567179e+08 -1.615489608e-02  1.812910809e+06  1.733277004e+02  1.297700290e+00  2.056569689e-03 -9.470072450e-03 -1.615489608e-02 -1.757356187e+00 -4.161145178e+00  1.036026685e-02  2.713585501e-03  1.138993045e+00  1.005574250e+00  2.785941353e+00  6.524718406e-01
7 3  7.304613621e-01  2.333333333e+00  5.917101540e-01  5.060349365e-01  1.516385582e+08 -1.018861803e-02  9.879294723e+05  1.401992676e+02  1.325978176e+00  2.325793983e-03 -4.624858188e-03 -1.018861803e-02 -1.260415642e+00 -3.520587690e+00  1.311651940e-02  3.434022980e-03  1.233537201e+00  1.003408991e+00  2.693886798e+00  7.465130774e-01
8 3  8.051764480e-01  2.666666667e+00  5.771048029e-01  5.060349365e-01  1.367449450e+08 -7.272504240e-03  2.207814630e+06  1.196491789e+02  1.355706702e+00  2.626455312e-03 -2.374856525e-03 -7.272504240e-03 -1.197252505e+00 -2.993995229e+00  1.027583909e-02  2.703291235e-03  1.340232095e+00  1.001680292e+00  2.593775299e+00  8.245540616e-01
9 3  8.652808443e-01  3.000000000e+00  5.678898804e-01  5.060349365e-01  1.120622161e+08 -5.668919428e-03  5.522995543e+06  1.043832590e+02  1.249166905e+00  2.184871866e-03 -1.856538788e-03 -5.668919428e-03  2.524598912e-01 -2.669221353e+00  7.144441780e-03  1.897181858e-03  1.480217374e+00  1.000388868e+00  2.474489273e+00  8.854203135e-01
10 3  9.069699144e-01  3.333333333e+00  5.839990495e-01  5.060349365e-01  1.005730729e+08  1.982831333e-03  5.105917807e+06  8.914873170e+01  1.171378142e+00  1.817299491e-03  5.109405979e-03  1.982831333e-03  1.386562542e+00 -2.435024605e+00  7.033386256e-03  1.855913303e-03  1.717460170e+00  9.995871658e-01  2.332468018e+00  9.264624571e-01
11 3  9.544556502e-01  3.666666667e+00  3.772133768e-01  5.060349365e-01  6.038618912e+07  1.594984350e-02  1.036458193e+06  8.881825064e+01  1.207082884e+00  1.100030423e-02  7.271886037e-02  1.594984350e-02 -4.106490554e+01 -2.256393290e+01  1.315811510e-02  3.459901076e-03  1.986752274e+00  9.996886935e-01  2.231670093e+00  9.695298668e-01
12 3  9.770727777e-01  4.000000000e+00  2.757379012e-01  5.060349365e-01  1.634439186e+07  7.960177032e-03  4.682926075e+05  9.397137880e+01  8.718654022e-01  8.491654950e-03  3.369257990e-02  7.960177032e-03 -1.883146906e+01 -1.197760008e+01  1.434832571e-02  4.205483550e-03  2.818878010e+00  9.998967684e-01  2.094609058e+00  9.859200821e-01
13 3  9.885105543e-01  4.333333333e+00  2.450572244e-01  5.060349365e-01  7.652162426e+06  4.117664584e-03  3.545859319e+05  9.296872498e+01  6.818911240e-01  5.822560255e-03  1.863805836e-02  4.117664584e-03 -1.408823520e+01 -6.399821894e+00  1.340889662e-02  4.182405569e-03  4.491068044e+00  9.999495336e-01  1.956222211e+00  9.930625370e-01
14 3  9.956391623e-01  4.666666667e+00  2.298635800e-01  5.060349365e-01  4.321846040e+06  2.642219876e-03  3.044245076e+05  8.958199268e+01  5.261807098e-01  3.509836336e-03  1.249869626e-02  2.642219876e-03 -1.187780106e+01 -4.012124663e+00  1.177913962e-02  3.800121669e-03  9.926895469e+00  9.999795336e-01  1.829646510e+00  9.973742114e-01
