11  2.155398663e-07
4 3  4.227808612e-01  1.333333333e+00  7.727505108e-01  5.070903014e-01  3.079569908e+08 -2.845907798e-02  5.936621178e+05  3.294930501e+02  1.380338233e+00  1.689531035e-03 -1.707208449e-02 -2.845907798e-02 -3.857469128e+00 -6.175467953e+00  1.483768700e-02  3.843315798e-03  9.949380480e-01  1.014852706e+00  2.720542753e+00  3.657902803e-01
5 3  5.509467800e-01  1.666666667e+00  6.981560034e-01  5.070903014e-01  2.150325524e+08 -2.022187068e-02  1.468511029e+06  2.337686738e+02  1.288999469e+00  1.785315804e-03 -1.256441717e-02 -2.022187068e-02 -2.795719092e+00 -4.504950394e+00  1.099834646e-02  2.867062043e-03  1.053948192e+00  1.008962356e+00  2.819757956e+00  5.377514867e-01
6 3  6.515106532e-01  2.000000000e+00  6.549743993e-01  5.070903014e-01  1.781902652e+08 -1.589570798e-02  1.790417047e+06  1.825586719e+02  1.298672032e+00  1.979227428e-03 -1.006145818e-02 -1.589570798e-02 -2.151585979e+00 -3.480673805e+00  1.052797689e-02  2.765008164e-03  1.136958784e+00  1.005499019e+00  2.769167009e+00  6.588210585e-01
7 3  7.379336240e-01  2.333333333e+00  6.260937228e-01  5.070903014e-01  1.645409020e+08 -1.152994362e-02  1.017433966e+06  1.497895584e+02  1.340218500e+00  2.173029246e-03 -6.826934641e-03 -1.152994362e-02 -1.617528685e+00 -2.834061937e+00  1.318400954e-02  3.458101453e-03  1.227182410e+00  1.003087366e+00  2.681978213e+00  7.546052107e-01
8 3  8.126338661e-01  2.666666667e+00  6.125193806e-01  5.070903014e-01  1.499460528e+08 -7.792928592e-03  2.567964742e+06  1.294501770e+02  1.314264855e+00  1.928768700e-03 -4.488300375e-03 -7.792928592e-03 -3.305394400e-02 -2.416088622e+00  9.607223961e-03  2.525746798e-03  1.333339197e+00  1.001255139e+00  2.579567609e+00  8.317851822e-01
9 3  8.680823742e-01  3.000000000e+00  6.288277951e-01  5.070903014e-01  1.300396628e+08 -2.487183578e-03  5.807627578e+06  1.100194152e+02  1.197206091e+00  1.123202754e-03 -1.052030657e-03 -2.487183578e-03  3.366902394e+00 -2.276576379e+00  6.854267971e-03  1.803486079e-03  1.479039928e+00  1.000003596e+00  2.446342281e+00  8.878169214e-01
10 3  9.116081861e-01  3.333333333e+00  6.197145890e-01  5.070903014e-01  1.301718305e+08  4.087053228e-03  4.962269062e+06  9.305873423e+01  1.310980767e+00  4.695793380e-03  1.966478180e-02  4.087053228e-03 -1.373183034e+01 -5.499940834e+00  7.711541401e-03  2.015514730e-03  1.691980226e+00  9.993019380e-01  2.310479815e+00  9.300586409e-01
11 3  9.574641327e-01  3.666666667e+00  3.602341892e-01  5.070903014e-01  3.899679830e+07  1.659420958e-02  9.872032302e+05  9.225137507e+01  1.098775703e+00  1.094351213e-02  6.466789045e-02  1.659420958e-02 -3.500681337e+01 -2.112270302e+01  1.243492745e-02  3.469827481e-03  2.004880751e+00  9.997002089e-01  2.206972086e+00  9.709506557e-01
12 3  9.781623078e-01  4.000000000e+00  2.619905225e-01  5.070903014e-01  1.300674069e+07  1.589847272e-02  4.803053755e+05  1.009149627e+02  8.531884210e-01  8.507025275e-03  3.712487519e-02  1.589847272e-02 -2.024979413e+01 -9.583980084e+00  1.363374372e-02  4.242796281e-03  2.827747044e+00  9.998916766e-01  2.067187455e+00  9.860418077e-01
13 3  9.891809095e-01  4.333333333e+00  2.279782191e-01  5.070903014e-01  6.687031088e+06  1.145473077e-02  3.639264496e+05  1.024251903e+02  6.673004118e-01  5.504369225e-03  2.430642659e-02  1.145473077e-02 -1.540698343e+01 -5.455619957e+00  1.266973969e-02  4.168713350e-03  4.474148500e+00  9.999498281e-01  1.929780062e+00  9.931818163e-01
14 3  9.957544733e-01  4.666666667e+00  2.115658806e-01  5.070903014e-01  4.013818584e+06  7.963678042e-03  3.142856526e+05  9.939760816e+01  5.119103828e-01  3.221281617e-03  1.748986253e-02  7.963678042e-03 -1.321147747e+01 -3.732245707e+00  1.103221709e-02  3.736940488e-03  9.320775008e+00  9.999800031e-01  1.803901326e+00  9.973299428e-01
