10  2.057855214e-07
4 3  4.761622642e-01  1.333333333e+00  7.476883534e-01  5.067215591e-01  3.419212743e+08 -2.128708295e-02  2.870176564e+05  4.310062957e+02  1.369382976e+00  1.589950157e-03 -1.268564357e-02 -2.128708295e-02 -3.427828384e+00 -5.075037221e+00  1.984333472e-02  5.140667622e-03  9.952012761e-01  1.015739573e+00  2.855250649e+00  4.251670473e-01
5 3  6.150456948e-01  1.666666667e+00  6.671210658e-01  5.067215591e-01  2.266069795e+08 -1.120200480e-02  2.257277489e+06  2.948600686e+02  1.248998505e+00  1.740401783e-03 -4.299489544e-03 -1.120200480e-02 -2.525771249e+00 -4.679257045e+00  9.832719676e-03  2.559110242e-03  1.068569500e+00  1.007787643e+00  2.927340832e+00  6.116356551e-01
6 3  7.157721236e-01  2.000000000e+00  6.230159600e-01  5.067215591e-01  1.764171410e+08 -5.380669532e-03  1.119845608e+06  2.220184379e+02  1.207994153e+00  1.847211878e-03  3.692402437e-04 -5.380669532e-03 -2.003384632e+00 -3.961859060e+00  1.238366791e-02  3.233541914e-03  1.172066998e+00  1.004163097e+00  2.828750671e+00  7.305579051e-01
7 3  7.942125912e-01  2.333333333e+00  5.947880933e-01  5.067215591e-01  1.564058161e+08 -2.169127724e-03  2.011009351e+06  1.810696587e+02  1.215683086e+00  1.970500815e-03  2.835142757e-03 -2.169127724e-03 -1.679808613e+00 -3.369199149e+00  1.032836408e-02  2.697667640e-03  1.298071151e+00  1.002224752e+00  2.685163502e+00  8.144176396e-01
8 3  8.607527771e-01  2.666666667e+00  5.771803535e-01  5.067215591e-01  1.350056251e+08 -2.144244109e-03  5.554477649e+06  1.550381390e+02  1.185256655e+00  1.849438890e-03  1.853686069e-03 -2.144244109e-03 -4.374877910e-01 -3.019590646e+00  7.207379151e-03  1.898978794e-03  1.464134868e+00  1.000861068e+00  2.542899079e+00  8.785894556e-01
9 3  9.051562203e-01  3.000000000e+00  6.185808724e-01  5.067215591e-01  1.075287186e+08  2.002447760e-03  5.833668443e+06  1.292727152e+02  9.922217868e-01  1.521596353e-03 -2.840434319e-03  2.002447760e-03  1.588245265e+01 -2.837914830e+00  6.239214029e-03  1.648301614e-03  1.724889365e+00  9.999341454e-01  2.374757744e+00  9.213522943e-01
10 3  9.304246504e-01  3.333333333e+00  7.283318714e-01  5.067215591e-01  1.000954827e+08  9.658067899e-03  3.712769522e+06  1.069440019e+02  8.735138831e-01  9.220855546e-04  6.789618668e-03  9.658067899e-03  1.382186678e+01 -2.548064469e+00  6.618749921e-03  1.730112666e-03  2.232271941e+00  9.994210934e-01  2.195819322e+00  9.449435421e-01
11 3  9.738839763e-01  3.666666667e+00  3.495317232e-01  5.067215591e-01  5.275845943e+07  1.782470073e-02  6.027406936e+05  1.167858720e+02  1.096223327e+00  1.079512825e-02  9.144862021e-02  1.782470073e-02 -4.166221176e+01 -3.451806868e+01  1.504958169e-02  4.069720933e-03  2.511999063e+00  9.997192169e-01  2.090063391e+00  9.818009452e-01
12 3  9.894698785e-01  4.000000000e+00  2.567362867e-01  5.067215591e-01  9.239300724e+06  1.025461740e-02  3.857702039e+05  1.204412854e+02  6.543744191e-01  6.687704098e-03  4.115408978e-02  1.025461740e-02 -2.241250663e+01 -1.588942820e+01  1.252649156e-02  3.982113049e-03  4.043105955e+00  9.999149422e-01  1.946934195e+00  9.928154374e-01
13 3  9.960199242e-01  4.333333333e+00  2.314695628e-01  5.067215591e-01  3.962465121e+06  7.485931602e-03  3.291705097e+05  1.147787863e+02  4.732409328e-01  3.795929069e-03  2.418029235e-02  7.485931602e-03 -1.756846482e+01 -7.896549258e+00  1.053501913e-02  3.588060657e-03  8.375732150e+00  9.999725183e-01  1.809171016e+00  9.972885177e-01
