10  2.065159683e-07
4 3  4.826315432e-01  1.333333333e+00  7.365694076e-01  5.100504303e-01  2.874749441e+08 -1.833655612e-02  3.301234928e+05  4.158435762e+02  1.329783991e+00  1.717722387e-03 -9.686523728e-03 -1.833655612e-02 -3.329101971e+00 -5.496924182e+00  1.890496293e-02  4.934522116e-03  9.990444052e-01  1.015910018e+00  2.861963420e+00  4.383391964e-01
5 3  6.156499933e-01  1.666666667e+00  6.612624170e-01  5.100504303e-01  1.925362013e+08 -9.231461428e-03  2.268705114e+06  2.806557501e+02  1.226534689e+00  1.756590431e-03 -3.271290023e-03 -9.231461428e-03 -2.416020156e+00 -4.019755551e+00  9.850074659e-03  2.578889838e-03  1.076019983e+00  1.008286557e+00  2.898684681e+00  6.155075461e-01
6 3  7.146651861e-01  2.000000000e+00  6.191856544e-01  5.100504303e-01  1.590412772e+08 -2.701458558e-03  1.125166757e+06  2.092132391e+02  1.212129167e+00  1.835225928e-03  2.011719381e-03 -2.701458558e-03 -1.911832002e+00 -3.151302993e+00  1.261322345e-02  3.290554611e-03  1.178419956e+00  1.004631432e+00  2.793902601e+00  7.315769598e-01
7 3  7.943588118e-01  2.333333333e+00  5.916393055e-01  5.100504303e-01  1.471671433e+08 -1.014415089e-03  2.094791870e+06  1.762040159e+02  1.222075467e+00  1.873605639e-03  2.950315325e-03 -1.014415089e-03 -1.570301719e+00 -2.574491752e+00  1.036029131e-02  2.705459032e-03  1.300334493e+00  1.002396623e+00  2.655898023e+00  8.163029746e-01
8 3  8.591856001e-01  2.666666667e+00  5.757468670e-01  5.100504303e-01  1.297099290e+08 -1.111752152e-04  5.687183011e+06  1.527831560e+02  1.162942861e+00  1.577630064e-03  2.928682458e-03 -1.111752152e-04 -3.461866546e-01 -2.290183812e+00  7.131452525e-03  1.873846942e-03  1.459889633e+00  1.000853980e+00  2.509694428e+00  8.798505029e-01
9 3  9.033753069e-01  3.000000000e+00  6.065538683e-01  5.100504303e-01  1.110980229e+08  3.916762359e-03  5.825911018e+06  1.280696745e+02  1.017925378e+00  1.230754042e-03  9.469561837e-04  3.916762359e-03  1.052247877e+01 -2.222849700e+00  6.417463123e-03  1.682729120e-03  1.706028184e+00  9.998862564e-01  2.343308285e+00  9.225254743e-01
10 3  9.338210198e-01  3.333333333e+00  6.508634215e-01  5.100504303e-01  1.212170308e+08  1.142174468e-02  3.154005899e+06  1.068210005e+02  1.116771932e+00  3.678041537e-03  2.897774027e-02  1.142174468e-02 -1.677816897e+01 -6.183782198e+00  8.402842519e-03  2.171762651e-03  2.123090411e+00  9.994142049e-01  2.179025371e+00  9.504941769e-01
11 3  9.742158042e-01  3.666666667e+00  2.941549568e-01  5.100504303e-01  2.662939421e+07  1.773067197e-02  5.682970639e+05  1.218306266e+02  9.407586921e-01  9.363473446e-03  6.407981658e-02  1.773067197e-02 -2.964590182e+01 -2.284867049e+01  1.407602942e-02  4.046191886e-03  2.639511586e+00  9.998289554e-01  2.067480007e+00  9.833544687e-01
12 3  9.883619503e-01  4.000000000e+00  2.305959387e-01  5.100504303e-01  8.114211579e+06  1.090855370e-02  3.918838950e+05  1.253304271e+02  6.682282517e-01  6.217974441e-03  3.185992744e-02  1.090855370e-02 -1.757375141e+01 -1.043884022e+01  1.273913296e-02  4.115080603e-03  4.175621271e+00  9.999352913e-01  1.922913689e+00  9.926478725e-01
13 3  9.956917460e-01  4.333333333e+00  2.081530067e-01  5.100504303e-01  3.982590260e+06  6.722568947e-03  3.323668503e+05  1.209145841e+02  4.970760522e-01  3.545317162e-03  1.904723342e-02  6.722568947e-03 -1.369557695e+01 -5.652111566e+00  1.093882516e-02  3.733190045e-03  8.963169915e+00  9.999759974e-01  1.788233611e+00  9.972852829e-01
