13  2.369953147e-07
4 3  3.685849794e-01  1.333333333e+00  7.610461337e-01  5.093492414e-01  2.706711048e+08 -3.011526603e-02  1.463554077e+06  2.432446503e+02  1.390899492e+00  1.607805227e-03 -3.011526603e-02 -4.367379694e-02 -5.806363259e+00 -5.082443356e+00  4.440666202e-03  2.000330895e-03  9.897327772e-01  1.008600572e+00  2.652015969e+00  3.143541703e-01
5 3  4.838603225e-01  1.666666667e+00  6.801877735e-01  5.093492414e-01  2.146456987e+08 -2.162556703e-02  4.121078310e+05  1.674551186e+02  1.321897486e+00  1.765104695e-03 -2.162556703e-02 -3.225367874e-02 -4.143305239e+00 -4.743221659e+00  6.542502513e-03  2.520881893e-03  1.035997076e+00  1.005706204e+00  2.777156923e+00  4.729861178e-01
6 3  5.780802819e-01  2.000000000e+00  6.328112954e-01  5.093492414e-01  1.816172293e+08 -1.447532769e-02  1.990693786e+06  1.314418196e+02  1.345515560e+00  2.056509014e-03 -1.447532769e-02 -2.302066989e-02 -3.054125985e+00 -4.087559730e+00  9.604353041e-03  3.219381408e-03  1.105998818e+00  1.003728181e+00  2.759512139e+00  5.905378837e-01
7 3  6.601573095e-01  2.333333333e+00  6.015155043e-01  5.093492414e-01  1.631726299e+08 -1.353079662e-02  1.388492881e+06  1.123763652e+02  1.378268254e+00  2.329830409e-03 -1.353079662e-02 -2.074519207e-02 -2.389356943e+00 -3.551177494e+00  9.200105831e-03  3.062758731e-03  1.183680964e+00  1.002199852e+00  2.697012856e+00  6.840056302e-01
8 3  7.326373314e-01  2.666666667e+00  5.795194918e-01  5.093492414e-01  1.545113430e+08 -1.174267300e-02  9.847672759e+05  1.007392605e+02  1.411376990e+00  2.541121695e-03 -1.174267300e-02 -1.798853135e-02 -1.911736568e+00 -3.103742581e+00  9.457881283e-03  3.216458799e-03  1.266205580e+00  1.000974511e+00  2.615780885e+00  7.610972290e-01
9 3  7.974631858e-01  3.000000000e+00  5.646515205e-01  5.093492414e-01  1.432623355e+08 -7.952730797e-03  2.230984781e+06  8.950465983e+01  1.426987125e+00  2.633639861e-03 -7.952730797e-03 -1.320831755e-02 -1.231255490e+00 -2.696916195e+00  9.600479709e-03  3.431052825e-03  1.362663544e+00  1.000008567e+00  2.528431198e+00  8.252338251e-01
10 3  8.495161098e-01  3.333333333e+00  5.618482655e-01  5.093492414e-01  1.217190061e+08 -3.513829808e-03  4.871475612e+06  7.770158768e+01  1.307233693e+00  2.019898541e-03 -3.513829808e-03 -7.302282837e-03  1.041682533e+00 -2.506687187e+00  7.499154408e-03  3.057639637e-03  1.484074528e+00  9.993502752e-01  2.422527083e+00  8.752808993e-01
11 3  8.857356158e-01  3.666666667e+00  5.742449170e-01  5.093492414e-01  1.061794368e+08  1.982282409e-03  5.781526003e+06  6.721491151e+01  1.182358344e+00  1.631367970e-03  1.982282409e-03 -1.480028647e-03  2.856628579e+00 -2.723913749e+00  5.038606287e-03  2.301191452e-03  1.668121571e+00  9.989954373e-01  2.295377990e+00  9.097867502e-01
12 3  9.161832631e-01  4.000000000e+00  5.586467422e-01  5.093492414e-01  1.125376442e+08  3.157086144e-02  3.926716893e+06  5.999520890e+01  1.365298753e+00  5.880617773e-03  3.157086144e-02  8.561997697e-03 -1.757970250e+01 -7.021518704e+00  4.398983267e-03  2.089506736e-03  1.910720965e+00  9.989114639e-01  2.176243015e+00  9.376111709e-01
13 3  9.585807163e-01  4.333333333e+00  3.066490022e-01  5.093492414e-01  3.637168632e+07  6.983184367e-02  1.134157586e+06  6.593293136e+01  1.231269810e+00  1.366372249e-02  6.983184367e-02  1.860288230e-02 -4.071497065e+01 -1.716948124e+01  4.123357144e-03  2.645191219e-03  2.106112415e+00  9.996380244e-01  2.103329866e+00  9.734373739e-01
14 3  9.769578129e-01  4.666666667e+00  2.274000080e-01  5.093492414e-01  1.347685795e+07  3.913935078e-02  3.094325314e+05  7.060196491e+01  9.436623590e-01  9.493445241e-03  3.913935078e-02  1.505724002e-02 -2.242212590e+01 -8.430202089e+00  4.341684756e-03  2.632425119e-03  2.784839297e+00  9.998506712e-01  1.990958477e+00  9.860194452e-01
15 3  9.872136052e-01  5.000000000e+00  1.995794607e-01  5.093492414e-01  7.464066170e+06  2.565582578e-02  1.825012309e+05  7.100016555e+01  7.652285096e-01  6.536703342e-03  2.565582578e-02  1.023088909e-02 -1.669910442e+01 -5.183962677e+00  4.289634424e-03  2.399463929e-03  4.033750504e+00  9.999204454e-01  1.877866034e+00  9.923487758e-01
16 3  9.931066936e-01  5.333333333e+00  1.868049390e-01  5.093492414e-01  4.821822418e+06  1.956512735e-02  1.426899292e+05  6.841037388e+01  6.104944598e-01  4.160867185e-03  1.956512735e-02  7.415918991e-03 -1.428834328e+01 -3.847988226e+00  3.907073028e-03  2.082267026e-03  6.250219917e+00  9.999556085e-01  1.771070839e+00  9.958872751e-01
