12  2.127445952e-07
4 3  3.826586476e-01  1.333333333e+00  8.339497406e-01  5.048797537e-01  3.198652375e+08 -2.297268552e-02  1.435306087e+06  3.023277929e+02  1.407918085e+00  1.522362308e-03 -2.297268552e-02 -3.445899234e-02 -3.470471843e+00 -5.820853001e+00  4.542412875e-03  2.033813180e-03  9.892766303e-01  1.012297041e+00  2.637101045e+00  3.217346010e-01
5 3  5.066615029e-01  1.666666667e+00  7.663956325e-01  5.048797537e-01  2.412273730e+08 -1.595345939e-02  6.145742470e+05  2.054325673e+02  1.339592347e+00  1.740085512e-03 -1.595345939e-02 -2.448336717e-02 -2.746560840e+00 -4.790626096e+00  7.179637671e-03  2.698893897e-03  1.037701726e+00  1.007978752e+00  2.781419800e+00  4.892493807e-01
6 3  6.077033372e-01  2.000000000e+00  7.229765161e-01  5.048797537e-01  2.015359871e+08 -1.112414528e-02  2.194347135e+06  1.629148725e+02  1.353058164e+00  2.012683302e-03 -1.112414528e-02 -1.783057936e-02 -2.204861278e+00 -3.877161356e+00  9.677387124e-03  3.261609453e-03  1.111661171e+00  1.005063933e+00  2.772051671e+00  6.137071011e-01
7 3  6.943556960e-01  2.333333333e+00  6.923370329e-01  5.048797537e-01  1.808849969e+08 -8.313733423e-03  1.235750308e+06  1.356009652e+02  1.376097509e+00  2.243456923e-03 -8.313733423e-03 -1.394653742e-02 -1.861978874e+00 -3.257543429e+00  9.271297731e-03  3.060619270e-03  1.195542947e+00  1.002969466e+00  2.709186706e+00  7.117973156e-01
8 3  7.701589322e-01  2.666666667e+00  6.694060187e-01  5.048797537e-01  1.702604993e+08 -6.782328337e-03  1.451881435e+06  1.196135206e+02  1.399665844e+00  2.404947850e-03 -6.782328337e-03 -1.164990305e-02 -1.604872744e+00 -2.776542274e+00  9.662807305e-03  3.341304138e-03  1.289491477e+00  1.001345587e+00  2.625074417e+00  7.920627140e-01
9 3  8.350952584e-01  3.000000000e+00  6.524453840e-01  5.048797537e-01  1.531474714e+08 -4.078480853e-03  4.040552423e+06  1.057027818e+02  1.367209789e+00  2.351729964e-03 -4.078480853e-03 -8.386359256e-03 -1.404113238e+00 -2.397620805e+00  8.881255697e-03  3.336083440e-03  1.411109961e+00  1.000168413e+00  2.527166785e+00  8.559518625e-01
10 3  8.835930343e-01  3.333333333e+00  6.407546408e-01  5.048797537e-01  1.291970611e+08  1.054578148e-03  6.400917320e+06  9.270185659e+01  1.228073197e+00  1.972926630e-03  1.054578148e-03 -3.227491621e-03 -1.353026571e+00 -2.290752663e+00  5.620571423e-03  2.531141964e-03  1.583315244e+00  9.994855443e-01  2.404894685e+00  9.025954962e-01
11 3  9.168380609e-01  3.666666667e+00  6.329949380e-01  5.048797537e-01  1.110425699e+08  8.780047506e-03  4.695667977e+06  8.111859684e+01  1.090445273e+00  1.774350032e-03  8.780047506e-03  3.215489438e-03 -1.480907214e+00 -2.897030611e+00  3.886375628e-03  1.833115845e-03  1.859170283e+00  9.991739688e-01  2.267818645e+00  9.341392542e-01
12 3  9.435038267e-01  4.000000000e+00  6.051224591e-01  5.048797537e-01  1.298418470e+08  4.726238769e-02  2.171276239e+06  7.443541636e+01  1.387075719e+00  7.621361087e-03  4.726238769e-02  1.141569513e-02 -2.375471736e+01 -1.324976434e+01  4.226257790e-03  2.138640018e-03  2.256747547e+00  9.991261180e-01  2.139193124e+00  9.581674122e-01
13 3  9.795685865e-01  4.333333333e+00  2.823906637e-01  5.048797537e-01  1.838113637e+07  5.449259280e-02  3.216381780e+05  9.020769347e+01  9.333236030e-01  1.029646876e-02  5.449259280e-02  1.759699202e-02 -2.752014886e+01 -1.590719498e+01  4.349735039e-03  2.570315157e-03  2.733990382e+00  9.998500628e-01  2.051604472e+00  9.865716933e-01
14 3  9.899177451e-01  4.666666667e+00  2.472612074e-01  5.048797537e-01  7.625566597e+06  3.120310258e-02  1.844554539e+05  9.014231222e+01  6.809204720e-01  6.122227672e-03  3.120310258e-02  1.257002216e-02 -1.497640122e+01 -8.124812901e+00  4.043054375e-03  2.247743473e-03  4.190030685e+00  9.999154299e-01  1.925314163e+00  9.934489506e-01
15 3  9.958017494e-01  5.000000000e+00  2.341239038e-01  5.048797537e-01  4.342347018e+06  2.081832378e-02  1.428593181e+05  8.639511353e+01  5.248281616e-01  3.613929234e-03  2.081832378e-02  8.756788090e-03 -1.115157992e+01 -4.972152958e+00  3.610525116e-03  1.927459205e-03  8.342015231e+00  9.999552630e-01  1.807712905e+00  9.972760753e-01
