11  2.208932345e-07
4 3  4.166751161e-01  1.333333333e+00  7.268488804e-01  5.059800111e-01  3.193373550e+08 -1.769543148e-02  7.137879702e+05  3.151395242e+02  1.403253046e+00  1.686483420e-03 -1.769543148e-02 -3.021633996e-02 -4.394558219e+00 -6.155885305e+00  4.902144853e-03  2.126476490e-03  9.976800478e-01  1.014559020e+00  2.714514113e+00  3.563553033e-01
5 3  5.464288187e-01  1.666666667e+00  6.511718985e-01  5.059800111e-01  2.151687651e+08 -1.249594741e-02  1.271207637e+06  2.211536636e+02  1.298344050e+00  1.822256962e-03 -1.249594741e-02 -2.120172740e-02 -2.708682663e+00 -5.091981281e+00  8.766646383e-03  3.063907376e-03  1.054669119e+00  1.008840953e+00  2.831806075e+00  5.314424296e-01
6 3  6.469934273e-01  2.000000000e+00  6.143733663e-01  5.059800111e-01  1.712342280e+08 -9.419004765e-03  1.849096148e+06  1.741680684e+02  1.297478074e+00  2.056313122e-03 -9.419004765e-03 -1.605076381e-02 -1.781620414e+00 -4.123271438e+00  9.408495913e-03  3.175331541e-03  1.139138266e+00  1.005589756e+00  2.785137705e+00  6.532140188e-01
7 3  7.315672327e-01  2.333333333e+00  5.931951349e-01  5.059800111e-01  1.521248173e+08 -4.689576386e-03  1.020493669e+06  1.409068815e+02  1.327801729e+00  2.327058726e-03 -4.689576386e-03 -1.019697179e-02 -1.285344359e+00 -3.479128019e+00  9.477628602e-03  3.171106662e-03  1.233232549e+00  1.003400041e+00  2.693441412e+00  7.474960889e-01
8 3  8.064834390e-01  2.666666667e+00  5.785049799e-01  5.059800111e-01  1.369541726e+08 -2.481798926e-03  2.380408210e+06  1.202766510e+02  1.353462240e+00  2.595942999e-03 -2.481798926e-03 -7.283324102e-03 -1.141911060e+00 -2.957164187e+00  9.785132919e-03  3.469603501e-03  1.339816738e+00  1.001652312e+00  2.593580177e+00  8.257073643e-01
9 3  8.662226830e-01  3.000000000e+00  5.711623828e-01  5.059800111e-01  1.123462914e+08 -1.753704988e-03  5.772965146e+06  1.047172094e+02  1.242956241e+00  2.097664332e-03 -1.753704988e-03 -5.346195365e-03  5.744985655e-01 -2.641289161e+00  6.922816839e-03  2.959405479e-03  1.481185113e+00  1.000359144e+00  2.472977714e+00  8.862121959e-01
10 3  9.079217585e-01  3.333333333e+00  5.867699821e-01  5.059800111e-01  1.021853640e+08  6.192358871e-03  5.192676592e+06  8.935421619e+01  1.181806561e+00  2.058908933e-03  6.192358871e-03  2.308800939e-03  1.740275605e-01 -2.537764115e+00  4.487666392e-03  2.108422990e-03  1.718098392e+00  9.995629531e-01  2.330965198e+00  9.272182804e-01
11 3  9.551173849e-01  3.666666667e+00  3.744259431e-01  5.059800111e-01  5.787911590e+07  7.195966130e-02  1.581876027e+06  8.929127787e+01  1.191565739e+00  1.090026789e-02  7.195966130e-02  1.576942725e-02 -3.984419792e+01 -2.274539380e+01  4.146037424e-03  2.468242500e-03  1.998161484e+00  9.996930694e-01  2.229502481e+00  9.699633041e-01
12 3  9.774547389e-01  4.000000000e+00  2.736916522e-01  5.059800111e-01  1.582509297e+07  3.378775963e-02  3.247783896e+05  9.454489517e+01  8.670812780e-01  8.489424590e-03  3.378775963e-02  8.473474080e-03 -1.889132678e+01 -1.177308458e+01  4.395172484e-03  2.554208951e-03  2.838834689e+00  9.998979757e-01  2.091935613e+00  9.861114045e-01
13 3  9.887563564e-01  4.333333333e+00  2.433382807e-01  5.059800111e-01  7.457983390e+06  1.903373068e-02  1.818125616e+05  9.355235158e+01  6.765924366e-01  5.754285526e-03  1.903373068e-02  4.710433595e-03 -1.401844817e+01 -6.312612929e+00  4.303379198e-03  2.308509574e-03  4.530071706e+00  9.999511254e-01  1.953448308e+00  9.931855380e-01
14 3  9.957205252e-01  4.666666667e+00  2.285313961e-01  5.059800111e-01  4.244815752e+06  1.294255606e-02  1.370080317e+05  8.997408679e+01  5.211782939e-01  3.442357344e-03  1.294255606e-02  3.142574500e-03 -1.179825120e+01 -3.990843881e+00  3.873991312e-03  1.970988526e-03  9.926332220e+00  9.999804213e-01  1.826745872e+00  9.974130688e-01
