10  2.170219891e-07
4 3  4.412165865e-01  1.333333333e+00  7.027998498e-01  5.063715455e-01  3.567820784e+08 -1.781420850e-02  3.233120339e+05  3.780237640e+02  1.375522681e+00  1.488975435e-03 -1.781420850e-02 -2.875871180e-02 -4.138343433e+00 -5.427887234e+00  5.208732600e-03  2.179632573e-03  9.919565609e-01  1.015863387e+00  2.744161111e+00  3.873716730e-01
5 3  5.752118940e-01  1.666666667e+00  6.254816259e-01  5.063715455e-01  2.432116630e+08 -1.480952336e-02  1.943239838e+06  2.574109452e+02  1.287631481e+00  1.698837672e-03 -1.480952336e-02 -2.326136937e-02 -2.606359444e+00 -5.174409680e+00  9.634401400e-03  3.207844004e-03  1.056391109e+00  1.008996345e+00  2.842692639e+00  5.656056178e-01
6 3  6.785520227e-01  2.000000000e+00  5.867067272e-01  5.063715455e-01  1.925682284e+08 -9.276900218e-03  1.440394827e+06  2.013119790e+02  1.282641693e+00  1.953600237e-03 -9.276900218e-03 -1.612208445e-02 -1.793881135e+00 -4.477481490e+00  9.194255016e-03  3.033548912e-03  1.144136830e+00  1.005204608e+00  2.783997418e+00  6.890833475e-01
7 3  7.654922745e-01  2.333333333e+00  5.634877558e-01  5.063715455e-01  1.688802856e+08 -3.883316344e-03  1.302818351e+06  1.697145373e+02  1.311649064e+00  2.240183307e-03 -3.883316344e-03 -9.655750802e-03 -1.323672991e+00 -3.837990587e+00  9.583177971e-03  3.292328744e-03  1.240950923e+00  1.002655002e+00  2.685200721e+00  7.848466554e-01
8 3  8.398136255e-01  2.666666667e+00  5.478081421e-01  5.063715455e-01  1.421173986e+08 -3.330652330e-03  4.207483726e+06  1.423179691e+02  1.289352927e+00  2.338471840e-03 -3.330652330e-03 -8.315872484e-03 -1.146749749e+00 -3.226755185e+00  8.755570482e-03  3.329475525e-03  1.366433196e+00  1.000914958e+00  2.573194221e+00  8.594273919e-01
9 3  8.928125800e-01  3.000000000e+00  5.502815205e-01  5.063715455e-01  1.100866724e+08  1.024774857e-03  6.226055035e+06  1.160380361e+02  1.109124911e+00  1.089045014e-03  1.024774857e-03 -6.285544772e-04  4.574921554e+00 -3.002914087e+00  5.103306392e-03  2.331808707e-03  1.558957977e+00  9.999779747e-01  2.429353331e+00  9.102995677e-01
10 3  9.241583757e-01  3.333333333e+00  6.017417273e-01  5.063715455e-01  9.599787396e+07  5.863259076e-03  3.999280794e+06  9.560936552e+01  9.632493026e-01  2.382681370e-04  5.863259076e-03  5.730935711e-03  7.391343018e+00 -2.600675712e+00  3.628834005e-03  1.724068387e-03  1.911457566e+00  9.995123629e-01  2.262127255e+00  9.397917635e-01
11 3  9.554756459e-01  3.666666667e+00  4.563689866e-01  5.063715455e-01  1.328209258e+08  5.414443577e-02  1.833482169e+06  9.355011088e+01  1.359046533e+00  7.152647417e-03  5.414443577e-02  1.373281827e-02 -5.243400328e+01 -2.800737744e+00  4.342988035e-03  2.404778464e-03  2.335579123e+00  9.994630333e-01  2.126063005e+00  9.676512646e-01
12 3  9.842010421e-01  4.000000000e+00  2.786484650e-01  5.063715455e-01  1.784414653e+07  6.569119032e-02  2.491145847e+05  1.043297768e+02  8.310732339e-01  9.844389876e-03  6.569119032e-02  1.085671054e-02 -2.044415271e+01 -2.852572675e+01  4.381426413e-03  2.421871421e-03  3.159915566e+00  9.998488840e-01  2.008257507e+00  9.893386406e-01
13 3  9.930629495e-01  4.333333333e+00  2.515416278e-01  5.063715455e-01  5.538831936e+06  2.799148338e-02  1.596256395e+05  1.015693785e+02  5.566090304e-01  5.349856469e-03  2.799148338e-02  6.169592852e-03 -1.570227183e+01 -1.049179118e+01  3.735172638e-03  2.046689083e-03  5.368865666e+00  9.999689625e-01  1.870692501e+00  9.953454846e-01
