10  2.076680078e-07
4 3  4.597666947e-01  1.333333333e+00  7.384362919e-01  5.050779585e-01  3.874518697e+08 -1.619430792e-02  2.097275486e+05  4.330757292e+02  1.390155743e+00  1.448136290e-03 -1.619430792e-02 -2.528926331e-02 -3.599510176e+00 -4.854624326e+00  5.505372816e-03  2.282403845e-03  9.914388200e-01  1.015859247e+00  2.803268405e+00  4.050097494e-01
5 3  6.002351723e-01  1.666666667e+00  6.577126754e-01  5.050779585e-01  2.583230054e+08 -8.716438632e-03  2.242996675e+06  2.888414714e+02  1.276734902e+00  1.696628418e-03 -8.716438632e-03 -1.664033435e-02 -2.521121491e+00 -5.272258265e+00  9.774762176e-03  3.250901010e-03  1.059886358e+00  1.008095723e+00  2.905406048e+00  5.932184572e-01
6 3  7.034051381e-01  2.000000000e+00  6.150589024e-01  5.050779585e-01  1.971374001e+08 -3.719922749e-03  1.232646295e+06  2.264904220e+02  1.237717619e+00  1.882584385e-03 -3.719922749e-03 -1.042896110e-02 -1.913689550e+00 -4.666792140e+00  8.998358229e-03  2.959904473e-03  1.157504738e+00  1.004335535e+00  2.826745716e+00  7.159926514e-01
7 3  7.846358262e-01  2.333333333e+00  5.883099014e-01  5.050779585e-01  1.687677736e+08  4.637426585e-04  1.781005398e+06  1.848866418e+02  1.244207628e+00  2.096002743e-03  4.637426585e-04 -5.443383430e-03 -1.608498768e+00 -4.057329549e+00  9.348885383e-03  3.249560581e-03  1.273520469e+00  1.002268024e+00  2.697165506e+00  8.041398550e-01
8 3  8.550194040e-01  2.666666667e+00  5.683922899e-01  5.050779585e-01  1.428088053e+08  2.023294624e-05  5.270653684e+06  1.542094607e+02  1.241357154e+00  2.235171626e-03  2.023294624e-05 -5.083765890e-03 -1.153774986e+00 -3.508121800e+00  7.899688012e-03  3.159912871e-03  1.426303012e+00  1.000879402e+00  2.568155776e+00  8.723778385e-01
9 3  9.030762787e-01  3.000000000e+00  5.976121305e-01  5.050779585e-01  1.069956620e+08 -2.474211303e-03  6.086826720e+06  1.257037866e+02  1.019890635e+00  1.341500996e-03 -2.474211303e-03  8.585172530e-04  1.441585084e+01 -3.323939564e+00  4.463116437e-03  2.067858373e-03  1.666566249e+00  1.000002152e+00  2.408998268e+00  9.182923807e-01
10 3  9.285622979e-01  3.333333333e+00  7.134414071e-01  5.050779585e-01  9.323981658e+07  2.656522995e-04  3.976175842e+06  1.034622900e+02  8.420776447e-01  1.398167016e-03  2.656522995e-04  7.635859228e-03  2.293784597e+01 -2.203188816e+00  3.244379776e-03  1.561689951e-03  2.157946626e+00  9.994936730e-01  2.228151533e+00  9.422010230e-01
11 3  9.626757888e-01  3.666666667e+00  4.884266522e-01  5.050779585e-01  2.014349943e+08  7.981799891e-02  1.408424849e+06  1.035838980e+02  1.835590226e+00  1.557167958e-02  7.981799891e-02  1.857943237e-02 -6.423330295e+01 -1.114753954e+01  5.410510920e-03  3.074049661e-03  2.407964127e+00  9.994617335e-01  2.099941338e+00  9.722707761e-01
12 3  9.883828403e-01  4.000000000e+00  2.889844722e-01  5.050779585e-01  1.265640113e+07  5.548556918e-02  2.142843802e+05  1.131679501e+02  6.959944555e-01  7.800422656e-03  5.548556918e-02  8.993233373e-03 -2.348230061e+01 -2.487457808e+01  4.094184720e-03  2.224776516e-03  3.586048802e+00  9.998857610e-01  1.977187983e+00  9.917418073e-01
13 3  9.952490034e-01  4.333333333e+00  2.623450305e-01  5.050779585e-01  4.620733008e+06  2.742934033e-02  1.526097098e+05  1.079050617e+02  4.921637753e-01  4.501776633e-03  2.742934033e-02  6.026869075e-03 -1.838509231e+01 -1.054321320e+01  3.523981769e-03  1.900787070e-03  6.916962706e+00  9.999748660e-01  1.837939075e+00  9.966284592e-01
