11  2.159593929e-07
4 3  4.216311706e-01  1.333333333e+00  7.661543887e-01  5.065604307e-01  3.109815150e+08 -1.720543114e-02  3.415749594e+06  3.271777848e+02  1.386620633e+00  1.695291057e-03 -1.720543114e-02 -2.879399034e-02 -3.920611281e+00 -6.214041209e+00  8.290668304e-03  2.143627538e-03  9.958931132e-01  1.014817034e+00  2.721791257e+00
5 3  5.502048745e-01  1.666666667e+00  6.915955399e-01  5.065604307e-01  2.142596272e+08 -1.243737976e-02  3.415749594e+06  2.316647612e+02  1.290265361e+00  1.801012342e-03 -1.243737976e-02 -2.028702872e-02 -2.761920141e+00 -4.644348343e+00  8.295002985e-03  2.160210790e-03  1.054382310e+00  1.008953806e+00  2.825010459e+00
6 3  6.506718864e-01  2.000000000e+00  6.497636923e-01  5.065604307e-01  1.758801130e+08 -9.798735696e-03  3.415749594e+06  1.812805823e+02  1.297618642e+00  2.005923938e-03 -9.798735696e-03 -1.578164886e-02 -2.074371150e+00 -3.622213222e+00  8.471965547e-03  2.225510047e-03  1.137856314e+00  1.005550304e+00  2.774654684e+00
7 3  7.366800347e-01  2.333333333e+00  6.223567640e-01  5.065604307e-01  1.611697991e+08 -6.322338196e-03  3.415749594e+06  1.481132721e+02  1.338319578e+00  2.224747827e-03 -6.322338196e-03 -1.118212070e-02 -1.564159374e+00 -2.971262956e+00  8.794500356e-03  2.306976677e-03  1.228928986e+00  1.003193239e+00  2.686332733e+00
8 3  8.116187730e-01  2.666666667e+00  6.080314680e-01  5.065604307e-01  1.462981792e+08 -4.036542844e-03  3.415749594e+06  1.275379885e+02  1.324029057e+00  2.094872627e-03 -4.036542844e-03 -7.668849761e-03 -3.155880394e-01 -2.528369696e+00  8.786371357e-03  2.311270738e-03  1.335378949e+00  1.001370272e+00  2.584943997e+00
9 3  8.680591069e-01  3.000000000e+00  6.195831860e-01  5.065604307e-01  1.254039981e+08 -1.175559475e-03  3.415749594e+06  1.089322025e+02  1.208103163e+00  1.323310592e-03 -1.175559475e-03 -2.987483375e-03  2.925345621e+00 -2.346302446e+00  8.238329488e-03  2.172410216e-03  1.481407397e+00  1.000099558e+00  2.454394513e+00
10 3  9.113147626e-01  3.333333333e+00  6.189117439e-01  5.065604307e-01  1.234783045e+08  1.634793553e-02  3.415749594e+06  9.228752800e+01  1.283307816e+00  4.142464227e-03  1.634793553e-02  3.822412220e-03 -1.050207473e+01 -4.686830787e+00  8.614055689e-03  2.255617989e-03  1.699576596e+00  9.993636226e-01  2.317321494e+00
11 3  9.571096753e-01  3.666666667e+00  3.690683231e-01  5.065604307e-01  4.319088054e+07  6.587831045e-02  3.415749594e+06  9.174492249e+01  1.118779920e+00  1.092865617e-02  6.587831045e-02  1.590347278e-02 -3.619793207e+01 -2.169883120e+01  8.345507248e-03  2.297797050e-03  2.012892828e+00  9.996980674e-01  2.213258911e+00
12 3  9.782131497e-01  4.000000000e+00  2.680832947e-01  5.065604307e-01  1.356964778e+07  3.602378286e-02  3.415749594e+06  9.936206851e+01  8.557542615e-01  8.574331308e-03  3.602378286e-02  1.393341258e-02 -2.008019031e+01 -1.010862376e+01  7.146241947e-03  2.200073158e-03  2.844448151e+00  9.998942577e-01  2.073961415e+00
13 3  9.892314679e-01  4.333333333e+00  2.348333899e-01  5.065604307e-01  6.801117324e+06  2.300247302e-02  3.415749594e+06  1.000209602e+02  6.666567341e-01  5.560571361e-03  2.300247302e-02  9.922267948e-03 -1.508875267e+01 -5.642332177e+00  6.042512855e-03  1.970269241e-03  4.520542942e+00  9.999515031e-01  1.936100316e+00
14 3  9.957993064e-01  4.666666667e+00  2.189372628e-01  5.065604307e-01  4.032535720e+06  1.653844377e-02  3.415749594e+06  9.660957545e+01  5.104866901e-01  3.242934784e-03  1.653844377e-02  7.033917986e-03 -1.285996307e+01 -3.783562427e+00  5.005752790e-03  1.681355458e-03  9.514513120e+00  9.999808446e-01  1.809796784e+00
