13  2.367338090e-07
4 3  3.668803739e-01  1.333333333e+00  7.224675693e-01  5.077692125e-01  2.326590486e+07 -4.290724250e-02  1.500929514e+06  2.540212473e+02  1.383709565e+00  1.597591246e-03 -2.710672385e-02 -4.290724250e-02 -4.550369669e-02 -6.240379277e+00 -5.891753137e+00  4.437976296e-03  1.982224220e-03  9.953344430e-01  1.008884705e+00  2.652061179e+00  3.121973472e-01
5 3  4.793822013e-01  1.666666667e+00  6.413356192e-01  5.077692125e-01  2.472268526e+07 -3.332299688e-02  3.590882483e+05  1.782912378e+02  1.307783205e+00  1.677345521e-03 -2.194823745e-02 -3.332299688e-02 -3.655011192e-02 -4.079449278e+00 -5.033744005e+00  6.302255545e-03  2.452872723e-03  1.040446759e+00  1.006343806e+00  2.765258847e+00  4.666497010e-01
6 3  5.710732058e-01  2.000000000e+00  5.977779708e-01  5.077692125e-01  2.433097689e+07 -2.513374008e-02  1.928287109e+06  1.417863630e+02  1.339660435e+00  1.931885601e-03 -1.641388228e-02 -2.513374008e-02 -2.695618863e-02 -2.783212640e+00 -4.162279820e+00  9.475440281e-03  3.189491102e-03  1.109822928e+00  1.004365335e+00  2.739742583e+00  5.803847634e-01
7 3  6.527457124e-01  2.333333333e+00  5.705647445e-01  5.077692125e-01  2.435164908e+07 -2.111021147e-02  1.502570301e+06  1.198727938e+02  1.395566703e+00  2.238824029e-03 -1.396066623e-02 -2.111021147e-02 -2.143837772e-02 -2.009320309e+00 -3.558998649e+00  9.258441294e-03  3.110240112e-03  1.184630454e+00  1.002737428e+00  2.679851476e+00  6.733485919e-01
8 3  7.277163874e-01  2.666666667e+00  5.523714359e-01  5.077692125e-01  2.507958343e+07 -1.790433147e-02  9.610260116e+05  1.065196179e+02  1.451090579e+00  2.509207213e-03 -1.188838906e-02 -1.790433147e-02 -1.702411259e-02 -1.464279219e+00 -3.072113066e+00  9.540112153e-03  3.236420136e-03  1.260319295e+00  1.001349592e+00  2.610570370e+00  7.537018413e-01
9 3  7.955899946e-01  3.000000000e+00  5.403571930e-01  5.077692125e-01  2.517393472e+07 -1.496267900e-02  2.103074104e+06  9.411658487e+01  1.457753737e+00  2.594499698e-03 -9.886957434e-03 -1.496267900e-02 -1.526585227e-02 -1.090142186e+00 -2.605904281e+00  9.714992343e-03  3.468121472e-03  1.347633544e+00  1.000228863e+00  2.534099700e+00  8.219262122e-01
10 3  8.498402230e-01  3.333333333e+00  5.322368316e-01  5.077692125e-01  2.480286030e+07 -1.119848791e-02  4.810424228e+06  8.141265311e+01  1.341233696e+00  2.258378461e-03 -6.568679688e-03 -1.119848791e-02 -1.203677861e-02 -1.100523827e+00 -2.261149799e+00  7.645130561e-03  3.111043316e-03  1.461231445e+00  9.994815956e-01  2.434386862e+00  8.746680717e-01
11 3  8.887295981e-01  3.666666667e+00  5.272824187e-01  5.077692125e-01  2.450080630e+07 -4.265133810e-03  5.688470596e+06  7.040045890e+01  1.214378062e+00  2.093304673e-03  1.297254175e-03 -4.265133810e-03 -4.603311720e-03 -2.225191999e-01 -2.943646297e+00  5.004225000e-03  2.297782610e-03  1.630248404e+00  9.990757757e-01  2.313411549e+00  9.120022047e-01
12 3  9.203472756e-01  4.000000000e+00  5.228563289e-01  5.077692125e-01  2.178416552e+07  7.914672424e-03  3.608743597e+06  6.180557718e+01  1.398138758e+00  6.802892407e-03  3.429765163e-02  7.914672424e-03  2.349028542e-03 -1.015157187e+01 -1.075046321e+01  4.369554320e-03  2.116219908e-03  1.865458309e+00  9.989278969e-01  2.195746193e+00  9.408842434e-01
13 3  9.612129966e-01  4.333333333e+00  2.681710739e-01  5.077692125e-01  6.442352670e+06  2.033309387e-02  9.646144611e+05  6.772613806e+01  1.151275024e+00  1.307692505e-02  6.165182046e-02  2.033309387e-02  1.883455701e-02 -3.547463673e+01 -1.390688791e+01  3.982688632e-03  2.662299562e-03  2.095825694e+00  9.997352676e-01  2.118550431e+00  9.751211955e-01
14 3  9.778956755e-01  4.666666667e+00  2.119862362e-01  5.077692125e-01  3.664746142e+06  1.701632555e-02  2.953096006e+05  7.158697969e+01  9.107605858e-01  8.660050833e-03  3.603318048e-02  1.701632555e-02  2.614753058e-02 -1.648970776e+01 -6.870592436e+00  4.241108469e-03  2.615779380e-03  2.801993172e+00  9.998847994e-01  2.001667637e+00  9.864634005e-01
15 3  9.875695475e-01  5.000000000e+00  1.932712595e-01  5.077692125e-01  2.744602076e+06  1.230088385e-02  1.798127032e+05  7.151829149e+01  7.476278137e-01  5.926137775e-03  2.504542968e-02  1.230088385e-02  2.230163099e-02 -1.196930500e+01 -4.465265671e+00  4.196102832e-03  2.377589449e-03  4.082774744e+00  9.999268565e-01  1.886783959e+00  9.924809274e-01
16 3  9.932400169e-01  5.333333333e+00  1.845364498e-01  5.077692125e-01  2.327014926e+06  9.172082457e-03  1.416409381e+05  6.865551943e+01  6.018204515e-01  3.812548672e-03  1.954748299e-02  9.172082457e-03  1.938663106e-02 -1.026343996e+01 -3.446946584e+00  3.838978393e-03  2.066426604e-03  6.338488588e+00  9.999532641e-01  1.779063460e+00  9.959218878e-01
