12  2.186125204e-07
4 3  3.800403837e-01  1.333333333e+00  8.142975720e-01  5.047779316e-01  2.812930765e+07 -3.918618468e-02  1.489709580e+06  3.018915467e+02  1.400839523e+00  1.478576113e-03 -2.633834248e-02 -3.918618468e-02 -4.072792931e-02 -4.194362117e+00 -5.975647254e+00  4.485977892e-03  2.003607367e-03  9.924806596e-01  1.009964652e+00  2.667112309e+00  3.174338285e-01
5 3  4.980911324e-01  1.666666667e+00  7.415925030e-01  5.047779316e-01  2.943355148e+07 -2.926561012e-02  4.900632574e+05  2.010654189e+02  1.311307654e+00  1.641490686e-03 -1.914791756e-02 -2.926561012e-02 -3.157346618e-02 -3.285187079e+00 -5.304719132e+00  6.696613661e-03  2.543040411e-03  1.041383886e+00  1.006968209e+00  2.788174422e+00  4.787216350e-01
6 3  5.942409410e-01  2.000000000e+00  6.952238011e-01  5.047779316e-01  2.859862026e+07 -2.093633389e-02  2.137577388e+06  1.600820622e+02  1.347885061e+00  1.997709219e-03 -1.270712488e-02 -2.093633389e-02 -2.250509572e-02 -2.641335059e+00 -4.471072460e+00  9.585341211e-03  3.222802023e-03  1.113481268e+00  1.004700827e+00  2.765753382e+00  5.977959054e-01
7 3  6.806464524e-01  2.333333333e+00  6.608854359e-01  5.047779316e-01  2.785599119e+07 -1.683291019e-02  1.343845797e+06  1.341468982e+02  1.403893717e+00  2.406200815e-03 -9.884354008e-03 -1.683291019e-02 -1.739231696e-02 -2.224003370e+00 -3.814262372e+00  9.272438972e-03  3.080586490e-03  1.191080928e+00  1.002765105e+00  2.710117565e+00  6.963836560e-01
8 3  7.576240256e-01  2.666666667e+00  6.347966724e-01  5.047779316e-01  2.793897689e+07 -1.298960184e-02  1.196391973e+06  1.166148989e+02  1.413695419e+00  2.590477667e-03 -7.007134094e-03 -1.298960184e-02 -1.303118201e-02 -1.915388035e+00 -3.266045001e+00  9.608654072e-03  3.299393522e-03  1.278144885e+00  1.001286479e+00  2.635648411e+00  7.784795576e-01
9 3  8.224944076e-01  3.000000000e+00  6.157038532e-01  5.047779316e-01  2.738373678e+07 -9.259536170e-03  3.194939348e+06  1.015089841e+02  1.383301272e+00  2.592444717e-03 -3.957804334e-03 -9.259536170e-03 -9.935179639e-03 -1.687454921e+00 -2.835347973e+00  9.306953993e-03  3.385932118e-03  1.389311699e+00  1.000300407e+00  2.540892333e+00  8.432381631e-01
10 3  8.728029010e-01  3.333333333e+00  6.021233980e-01  5.047779316e-01  2.663057513e+07 -6.377463946e-03  6.045324066e+06  8.856975483e+01  1.276030755e+00  2.346368353e-03 -1.125218485e-03 -6.377463946e-03 -7.297664721e-03 -1.600232960e+00 -2.725825560e+00  6.406104364e-03  2.790215113e-03  1.538637397e+00  9.996544015e-01  2.425109967e+00  8.921651039e-01
11 3  9.092947460e-01  3.666666667e+00  5.935147986e-01  5.047779316e-01  2.596262609e+07  7.181353561e-04  5.218640929e+06  7.775755095e+01  1.169845547e+00  2.298513905e-03  7.380076702e-03  7.181353561e-04  5.164028402e-04 -1.250446645e+00 -3.540412676e+00  4.286402965e-03  2.010321768e-03  1.763348332e+00  9.992250312e-01  2.295835010e+00  9.272598647e-01
12 3  9.398626053e-01  4.000000000e+00  5.634994679e-01  5.047779316e-01  2.309021559e+07  1.412727130e-02  2.470649312e+06  7.088248217e+01  1.405768821e+00  8.263678628e-03  4.759493476e-02  1.412727130e-02  1.024626293e-02 -2.000587824e+01 -1.305476123e+01  4.256861981e-03  2.157764950e-03  2.066276116e+00  9.990258557e-01  2.174829552e+00  9.550894501e-01
13 3  9.760096262e-01  4.333333333e+00  2.500455032e-01  5.047779316e-01  5.437996422e+06  1.581007055e-02  3.956644884e+05  8.628959025e+01  9.767613777e-01  1.079963854e-02  5.031590191e-02  1.581007055e-02  2.684085060e-02 -2.846854155e+01 -1.374897024e+01  4.288269122e-03  2.646877376e-03  2.505847707e+00  9.998417220e-01  2.086447095e+00  9.841631377e-01
14 3  9.876570085e-01  4.666666667e+00  2.180180933e-01  5.047779316e-01  3.264133164e+06  9.444752439e-03  1.996381827e+05  8.681699095e+01  7.334090128e-01  6.248199738e-03  2.510928076e-02  9.444752439e-03  1.981149908e-02 -1.142524967e+01 -6.670865198e+00  4.188674332e-03  2.365225727e-03  3.696090802e+00  9.999011024e-01  1.960652080e+00  9.919847956e-01
15 3  9.937065426e-01  5.000000000e+00  2.087230848e-01  5.047779316e-01  2.596489970e+06  5.829999506e-03  1.515517133e+05  8.285422617e+01  5.695332932e-01  3.677791096e-03  1.669749519e-02  5.829999506e-03  1.567544751e-02 -8.490155171e+00 -4.401984400e+00  3.783640531e-03  2.025765435e-03  5.964596156e+00  9.999267084e-01  1.841197735e+00  9.959247401e-01
