12  2.260365933e-07
4 3  3.746858895e-01  1.333333333e+00  7.889309418e-01  5.065204616e-01  3.070872195e+08 -4.039960447e-02  3.262953113e+06  2.693053111e+02  1.372710096e+00  1.457785346e-03 -2.710828528e-02 -4.039960447e-02 -4.790963198e+00 -5.648581395e+00  7.734166555e-03  2.010230569e-03  9.918554617e-01  1.009072491e+00  2.664463294e+00
5 3  4.878394913e-01  1.666666667e+00  7.166111173e-01  5.065204616e-01  2.391681275e+08 -3.053589127e-02  3.262953113e+06  1.847365648e+02  1.302871439e+00  1.611301087e-03 -2.003603199e-02 -3.053589127e-02 -3.522852093e+00 -5.138792967e+00  7.911463651e-03  2.033988332e-03  1.040081524e+00  1.006402146e+00  2.767951858e+00
6 3  5.809690055e-01  2.000000000e+00  6.726221767e-01  5.065204616e-01  2.044083390e+08 -2.136206504e-02  3.262953113e+06  1.458939278e+02  1.342457327e+00  1.937478420e-03 -1.281590436e-02 -2.136206504e-02 -2.686353574e+00 -4.401726173e+00  8.215328419e-03  2.129819052e-03  1.111344598e+00  1.004402613e+00  2.741508364e+00
7 3  6.648599429e-01  2.333333333e+00  6.415388840e-01  5.065204616e-01  1.851401664e+08 -1.770899799e-02  3.262953113e+06  1.229886643e+02  1.403881506e+00  2.327359955e-03 -1.044909747e-02 -1.770899799e-02 -2.163677956e+00 -3.822141538e+00  8.560572362e-03  2.238457455e-03  1.187098432e+00  1.002676426e+00  2.684559046e+00
8 3  7.414089465e-01  2.666666667e+00  6.184452739e-01  5.065204616e-01  1.729018952e+08 -1.445561947e-02  3.262953113e+06  1.084002414e+02  1.440530448e+00  2.592189727e-03 -8.217216187e-03 -1.445561947e-02 -1.767400707e+00 -3.309696798e+00  8.809755589e-03  2.314601974e-03  1.267173230e+00  1.001251679e+00  2.615719205e+00
9 3  8.080286447e-01  3.000000000e+00  6.023172735e-01  5.065204616e-01  1.547599455e+08 -1.109870356e-02  3.262953113e+06  9.563525056e+01  1.419981774e+00  2.613005040e-03 -5.711576404e-03 -1.109870356e-02 -1.345060363e+00 -2.876781978e+00  8.774102748e-03  2.317151491e-03  1.365093794e+00  1.000212644e+00  2.531375753e+00
10 3  8.602871946e-01  3.333333333e+00  5.937840191e-01  5.065204616e-01  1.305402571e+08 -7.989111497e-03  3.262953113e+06  8.360406516e+01  1.306269796e+00  2.309418328e-03 -2.941245993e-03 -7.989111497e-03 -7.294559620e-01 -2.785757830e+00  8.302266120e-03  2.197873903e-03  1.496618201e+00  9.995426530e-01  2.423956479e+00
11 3  8.984873836e-01  3.666666667e+00  5.885977189e-01  5.065204616e-01  1.143354535e+08 -2.040785422e-03  3.262953113e+06  7.336629802e+01  1.228675604e+00  2.523305519e-03  4.999332996e-03 -2.040785422e-03 -1.904508117e+00 -3.412206883e+00  7.964823716e-03  2.104143730e-03  1.685605596e+00  9.991493259e-01  2.300539667e+00
12 3  9.288032920e-01  4.000000000e+00  5.638727026e-01  5.065204616e-01  1.040076883e+08  1.027090417e-02  3.262953113e+06  6.589770081e+01  1.254503768e+00  4.869008051e-03  3.144950335e-02  1.027090417e-02 -1.105084357e+01 -8.227472313e+00  8.153736788e-03  2.142193340e-03  1.958551610e+00  9.990090686e-01  2.179676082e+00
13 3  9.688507573e-01  4.333333333e+00  2.799639221e-01  5.065204616e-01  2.910268585e+07  2.060062296e-02  3.262953113e+06  7.685897298e+01  1.120519473e+00  1.266008377e-02  7.203168542e-02  2.060062296e-02 -4.316046443e+01 -1.789177291e+01  8.107036051e-03  2.336578225e-03  2.231937251e+00  9.997809546e-01  2.100382631e+00
14 3  9.837070297e-01  4.666666667e+00  2.238846807e-01  5.065204616e-01  1.101089717e+07  1.240489491e-02  3.262953113e+06  8.006613040e+01  8.335478285e-01  7.810094519e-03  3.414403780e-02  1.240489491e-02 -1.558062896e+01 -8.745018536e+00  6.772381902e-03  2.123857111e-03  3.102103826e+00  9.999001194e-01  1.980497906e+00
15 3  9.916139310e-01  5.000000000e+00  2.080604982e-01  5.065204616e-01  6.228403418e+06  7.163911034e-03  3.262953113e+06  7.797970192e+01  6.605707581e-01  5.116661209e-03  2.146707585e-02  7.163911034e-03 -1.169593884e+01 -5.513944373e+00  5.792582528e-03  1.890272063e-03  4.744320159e+00  9.999171992e-01  1.863354245e+00
