12  2.173701774e-07
4 3  3.885596025e-01  1.333333333e+00  7.888059600e-01  5.043035952e-01  3.316047848e+08 -3.568271585e-02  3.363409660e+06  3.067469743e+02  1.386504757e+00  1.506239303e-03 -2.258090382e-02 -3.568271585e-02 -4.250930999e+00 -6.256496448e+00  7.928532987e-03  2.051413896e-03  9.934682574e-01  1.011531704e+00  2.676650243e+00
5 3  5.085242680e-01  1.666666667e+00  7.151782026e-01  5.043035952e-01  2.433615634e+08 -2.581030494e-02  3.363409660e+06  2.067479193e+02  1.311288324e+00  1.690010124e-03 -1.602053537e-02 -2.581030494e-02 -3.116534763e+00 -5.298719837e+00  8.113433550e-03  2.084831339e-03  1.044660836e+00  1.007930381e+00  2.792458236e+00
6 3  6.065416211e-01  2.000000000e+00  6.707312521e-01  5.043035952e-01  2.009743648e+08 -1.923400781e-02  3.363409660e+06  1.637929557e+02  1.343802883e+00  2.033057997e-03 -1.150049640e-02 -1.923400781e-02 -2.380712140e+00 -4.368519398e+00  8.394271308e-03  2.183492584e-03  1.119230167e+00  1.005313379e+00  2.768377375e+00
7 3  6.936372002e-01  2.333333333e+00  6.397206746e-01  5.043035952e-01  1.768332792e+08 -1.504816375e-02  3.363409660e+06  1.360893567e+02  1.392217373e+00  2.407006284e-03 -8.625134403e-03 -1.504816375e-02 -1.916261139e+00 -3.683097184e+00  8.715186895e-03  2.285195628e-03  1.200141968e+00  1.003198447e+00  2.707918937e+00
8 3  7.710145394e-01  2.666666667e+00  6.172494483e-01  5.043035952e-01  1.605148256e+08 -1.135710315e-02  3.363409660e+06  1.187137932e+02  1.406671577e+00  2.595423643e-03 -5.909873108e-03 -1.135710315e-02 -1.580986084e+00 -3.116416394e+00  8.877091715e-03  2.338506541e-03  1.291919500e+00  1.001538403e+00  2.629387893e+00
9 3  8.359147468e-01  3.000000000e+00  6.013442602e-01  5.043035952e-01  1.400690290e+08 -8.129323801e-03  3.363409660e+06  1.034981766e+02  1.360110965e+00  2.530949985e-03 -3.320857832e-03 -8.129323801e-03 -1.400124273e+00 -2.681289103e+00  8.720471287e-03  2.306423897e-03  1.414478229e+00  1.000400513e+00  2.531091555e+00
10 3  8.840715126e-01  3.333333333e+00  5.900494615e-01  5.043035952e-01  1.169481575e+08 -4.613844227e-03  3.363409660e+06  9.010351424e+01  1.226594187e+00  2.127772322e-03 -8.576097808e-06 -4.613844227e-03 -1.357021071e+00 -2.449633179e+00  8.142401432e-03  2.151215601e-03  1.588688356e+00  9.997240365e-01  2.407587069e+00
11 3  9.175624646e-01  3.666666667e+00  5.846347208e-01  5.043035952e-01  1.021507868e+08  2.549342058e-03  3.363409660e+06  7.898372872e+01  1.110813239e+00  1.784997783e-03  7.304343692e-03  2.549342058e-03 -3.263236985e-01 -2.741935427e+00  7.637595840e-03  1.996638536e-03  1.868186232e+00  9.993493213e-01  2.270778364e+00
12 3  9.467021513e-01  4.000000000e+00  5.595388643e-01  5.043035952e-01  1.267103337e+08  1.331368150e-02  3.363409660e+06  7.279254038e+01  1.571665938e+00  1.209649787e-02  5.816157735e-02  1.331368150e-02 -3.204856918e+01 -1.620016883e+01  9.818628848e-03  2.548372035e-03  2.228521778e+00  9.992237435e-01  2.147382130e+00
13 3  9.806290302e-01  4.333333333e+00  2.403686439e-01  5.043035952e-01  1.430873327e+07  1.266697932e-02  3.363409660e+06  9.011083586e+01  8.887355914e-01  9.330093736e-03  4.330194268e-02  1.266697932e-02 -2.207475402e+01 -1.307431302e+01  7.106951026e-03  2.179040892e-03  2.811808394e+00  9.998767728e-01  2.054576635e+00
14 3  9.902346241e-01  4.666666667e+00  2.164343644e-01  5.043035952e-01  6.698460004e+06  8.089369403e-03  3.363409660e+06  8.960659997e+01  6.608697211e-01  5.438179487e-03  2.431385206e-02  8.089369403e-03 -1.176816551e+01 -6.982495569e+00  5.829989367e-03  1.903357775e-03  4.376547404e+00  9.999255157e-01  1.926602831e+00
15 3  9.958390437e-01  5.000000000e+00  2.070225588e-01  5.043035952e-01  4.044629169e+06  5.455586334e-03  3.363409660e+06  8.567049909e+01  5.125044878e-01  3.178812903e-03  1.638010711e-02  5.455586334e-03 -8.832955236e+00 -4.442602433e+00  4.876192493e-03  1.641026352e-03  8.861982016e+00  9.999595711e-01  1.808401271e+00
