12  2.163679393e-07
4 3  3.764563506e-01  1.333333333e+00  8.419278492e-01  5.051007741e-01  3.447514976e+08 -4.031667179e-02  1.512849386e+06  3.088478079e+02  1.416150109e+00  1.478989303e-03 -2.796164145e-02 -4.031667179e-02 -3.789901511e+00 -5.961686071e+00  7.134514427e-03  1.847868609e-03  9.919241029e-01  1.009682509e+00  2.657076671e+00  3.121377635e-01
5 3  4.957143272e-01  1.666666667e+00  7.719652072e-01  5.051007741e-01  2.596163346e+08 -3.059875566e-02  5.457756009e+05  2.038730494e+02  1.320312346e+00  1.637345739e-03 -2.084798724e-02 -3.059875566e-02 -3.164561907e+00 -5.194235594e+00  9.774224555e-03  2.568003575e-03  1.039193533e+00  1.006621294e+00  2.790565347e+00  4.755184270e-01
6 3  5.924474021e-01  2.000000000e+00  7.251000332e-01  5.051007741e-01  2.181433610e+08 -2.192894528e-02  2.134218772e+06  1.627463217e+02  1.351680620e+00  1.973045875e-03 -1.398698257e-02 -2.192894528e-02 -2.654902430e+00 -4.328228570e+00  1.156958337e-02  2.657480488e-03  1.110488698e+00  1.004367402e+00  2.773037703e+00  5.959326579e-01
7 3  6.785172316e-01  2.333333333e+00  6.894157063e-01  5.051007741e-01  1.941244032e+08 -1.744883251e-02  1.337471841e+06  1.366289327e+02  1.398846588e+00  2.327751926e-03 -1.071717433e-02 -1.744883251e-02 -2.313035989e+00 -3.667711439e+00  1.059366435e-02  2.490649135e-03  1.188789219e+00  1.002496312e+00  2.717128900e+00  6.943581037e-01
8 3  7.543385073e-01  2.666666667e+00  6.616787012e-01  5.051007741e-01  1.781508823e+08 -1.346424755e-02  1.119165738e+06  1.185831177e+02  1.404638037e+00  2.469826889e-03 -7.600857288e-03 -1.346424755e-02 -2.060767449e+00 -3.148652209e+00  1.092826779e-02  2.859028817e-03  1.276996892e+00  1.001101788e+00  2.639484675e+00  7.752893635e-01
9 3  8.184758151e-01  3.000000000e+00  6.406534493e-01  5.051007741e-01  1.603625604e+08 -9.617775500e-03  2.890243342e+06  1.031984789e+02  1.384378356e+00  2.493362963e-03 -4.353864572e-03 -9.617775500e-03 -1.871723625e+00 -2.752053839e+00  1.011916085e-02  2.987856085e-03  1.386992060e+00  1.000171528e+00  2.543328428e+00  8.394979758e-01
10 3  8.690388461e-01  3.333333333e+00  6.250318562e-01  5.051007741e-01  1.373448000e+08 -6.445085055e-03  5.793312677e+06  9.015633227e+01  1.288157152e+00  2.309789544e-03 -1.113005433e-03 -6.445085055e-03 -1.804403700e+00 -2.713121256e+00  6.626247301e-03  2.159881331e-03  1.529575441e+00  9.995455005e-01  2.428881768e+00  8.890540942e-01
11 3  9.060541252e-01  3.666666667e+00  6.152989121e-01  5.051007741e-01  1.161927488e+08  1.316713280e-04  5.316265668e+06  7.931357004e+01  1.175166872e+00  2.426086850e-03  7.946492898e-03  1.316713280e-04 -1.214033007e+00 -4.266106221e+00  3.999797239e-03  1.610933357e-03  1.743271222e+00  9.991268498e-01  2.301159403e+00  9.248268809e-01
12 3  9.403052074e-01  4.000000000e+00  5.529115275e-01  5.051007741e-01  1.234631676e+08  1.527701789e-02  2.317821238e+06  7.303419171e+01  1.638066883e+00  1.399126367e-02  6.242038091e-02  1.527701789e-02 -3.671206576e+01 -1.641425563e+01  4.657891776e-03  2.662841216e-03  1.997788690e+00  9.990331254e-01  2.188931144e+00  9.560006007e-01
13 3  9.746435995e-01  4.333333333e+00  2.596787262e-01  5.051007741e-01  1.751270877e+07  1.758157804e-02  5.287836777e+05  8.746279573e+01  9.780373446e-01  1.057853401e-02  4.786869675e-02  1.758157804e-02 -2.493481267e+01 -1.246153351e+01  7.792453178e-03  4.693481386e-03  2.460802870e+00  9.998308101e-01  2.096011277e+00  9.834919509e-01
14 3  9.865848776e-01  4.666666667e+00  2.301775509e-01  5.051007741e-01  8.261553140e+06  1.103822860e-02  3.838658218e+05  8.721783543e+01  7.526917223e-01  6.334951830e-03  2.500260799e-02  1.103822860e-02 -1.027116579e+01 -6.056545222e+00  7.535463831e-03  4.786628809e-03  3.592700717e+00  9.998939130e-01  1.970266439e+00  9.914284154e-01
15 3  9.930329231e-01  5.000000000e+00  2.208834701e-01  5.051007741e-01  5.186721243e+06  6.683160644e-03  3.302403644e+05  8.321032681e+01  5.932265660e-01  3.850095981e-03  1.652565848e-02  6.683160644e-03 -7.988673822e+00 -4.036112448e+00  6.789223570e-03  4.406857413e-03  5.745005479e+00  9.999214668e-01  1.850984991e+00  9.955647017e-01
