11  2.220592413e-07
4 3  4.105712395e-01  1.333333333e+00  7.240927527e-01  5.068538596e-01  3.190912386e+08 -3.049588123e-02  7.810835565e+05  3.087691856e+02  1.409719370e+00  1.659725104e-03 -1.799412207e-02 -3.049588123e-02 -4.492498032e+00 -5.904721004e+00  7.582825259e-03  2.018408187e-03  9.963875622e-01  1.014108502e+00  2.702619613e+00  3.512049402e-01
5 3  5.400242183e-01  1.666666667e+00  6.483216514e-01  5.068538596e-01  2.191007781e+08 -2.146410452e-02  1.195917113e+06  2.147768397e+02  1.305437435e+00  1.800330754e-03 -1.257736507e-02 -2.146410452e-02 -2.705361445e+00 -5.120243821e+00  1.160052692e-02  2.798296585e-03  1.052277238e+00  1.008570893e+00  2.828274976e+00  5.263625827e-01
6 3  6.403382677e-01  2.000000000e+00  6.125447193e-01  5.068538596e-01  1.735640155e+08 -1.691319098e-02  1.860028848e+06  1.696690960e+02  1.301053878e+00  2.032125544e-03 -1.011140453e-02 -1.691319098e-02 -1.718607587e+00 -4.212839339e+00  1.099041041e-02  2.514123084e-03  1.136448869e+00  1.005421654e+00  2.785982659e+00  6.482428794e-01
7 3  7.237943807e-01  2.333333333e+00  5.928141522e-01  5.068538596e-01  1.526627727e+08 -1.064208554e-02  9.974585329e+05  1.376970459e+02  1.318726029e+00  2.267044955e-03 -4.942193239e-03 -1.064208554e-02 -1.215725399e+00 -3.595592928e+00  1.077265761e-02  2.673190026e-03  1.232498575e+00  1.003357275e+00  2.693672165e+00  7.411955400e-01
8 3  7.969401677e-01  2.666666667e+00  5.787034729e-01  5.068538596e-01  1.397732690e+08 -7.530177500e-03  1.968259367e+06  1.179891307e+02  1.357044884e+00  2.603891273e-03 -2.405151825e-03 -7.530177500e-03 -1.276356483e+00 -3.079360311e+00  1.097495677e-02  3.093273930e-03  1.340069485e+00  1.001737266e+00  2.590964890e+00  8.176678578e-01
9 3  8.580769203e-01  3.000000000e+00  5.641842974e-01  5.068538596e-01  1.171662114e+08 -7.051137503e-03  5.195772190e+06  1.036628805e+02  1.285076019e+00  2.484541868e-03 -2.367145849e-03 -7.051137503e-03 -1.088721996e+00 -2.746219924e+00  7.605626092e-03  2.452514335e-03  1.473260711e+00  1.000481455e+00  2.476650488e+00  8.793760173e-01
10 3  9.011912865e-01  3.333333333e+00  5.742405025e-01  5.068538596e-01  1.000812796e+08  2.457414287e-04  5.381191028e+06  8.891812695e+01  1.160225676e+00  1.337396197e-03  2.097708246e-03  2.457414287e-04  3.997708610e+00 -2.478024841e+00  4.286826715e-03  1.678259642e-03  1.696767208e+00  9.996669438e-01  2.339075732e+00  9.219300975e-01
11 3  9.488396156e-01  3.666666667e+00  4.121832463e-01  5.068538596e-01  7.782238229e+07  1.776000081e-02  1.324727994e+06  8.499128170e+01  1.345642735e+00  1.301707425e-02  7.939265647e-02  1.776000081e-02 -5.818777891e+01 -2.000717505e+01  6.302467730e-03  3.358167538e-03  1.908846920e+00  9.996239101e-01  2.238766124e+00  9.653271615e-01
12 3  9.739584060e-01  4.000000000e+00  2.871344254e-01  5.068538596e-01  1.985430737e+07  7.481671893e-03  5.046947116e+05  9.166753539e+01  9.081165426e-01  8.496930048e-03  3.512680056e-02  7.481671893e-03 -1.846128506e+01 -1.288382307e+01  8.136105679e-03  4.572341656e-03  2.641353780e+00  9.998849989e-01  2.107080775e+00  9.841330834e-01
13 3  9.864889493e-01  4.333333333e+00  2.526754923e-01  5.068538596e-01  9.038744675e+06  2.329368436e-03  3.693997561e+05  9.111146856e+01  7.191899289e-01  6.205727260e-03  1.792136570e-02  2.329368436e-03 -1.497010133e+01 -6.816814682e+00  7.981150748e-03  4.754505460e-03  4.129209154e+00  9.999357339e-01  1.970121130e+00  9.919455222e-01
14 3  9.932054817e-01  4.666666667e+00  2.371287531e-01  5.068538596e-01  5.220952184e+06  8.914795807e-04  3.194845982e+05  8.692164485e+01  5.579768453e-01  3.852541998e-03  1.225441836e-02  8.914795807e-04 -1.326575375e+01 -4.589981378e+00  7.079620340e-03  4.341576139e-03  6.959494396e+00  9.999627500e-01  1.841903453e+00  9.959662787e-01
