11  2.193259499e-07
4 3  4.220617524e-01  1.333333333e+00  7.490942881e-01  5.078845550e-01  3.079039186e+08 -2.876704456e-02  5.791020601e+05  3.243788066e+02  1.377380988e+00  1.671226405e-03 -1.693867949e-02 -2.876704456e-02 -4.123528507e+00 -6.134780219e+00  7.696876509e-03  2.073641606e-03  9.941624677e-01  1.014834550e+00  2.709645081e+00  3.662754898e-01
5 3  5.504370166e-01  1.666666667e+00  6.734586256e-01  5.078845550e-01  2.172636621e+08 -2.089589944e-02  1.455162470e+06  2.304333225e+02  1.293193630e+00  1.773045155e-03 -1.296699659e-02 -2.089589944e-02 -2.839324411e+00 -4.554692801e+00  1.176222212e-02  2.811357636e-03  1.053281183e+00  1.008968501e+00  2.810712300e+00  5.381104159e-01
6 3  6.515148046e-01  2.000000000e+00  6.315488741e-01  5.078845550e-01  1.792716783e+08 -1.621635077e-02  1.754534598e+06  1.797401250e+02  1.300986237e+00  1.959908782e-03 -1.021144152e-02 -1.621635077e-02 -2.092112670e+00 -3.548426408e+00  1.085541998e-02  2.487919989e-03  1.135867589e+00  1.005453741e+00  2.762716304e+00  6.596517211e-01
7 3  7.379883195e-01  2.333333333e+00  6.047328305e-01  5.078845550e-01  1.645951293e+08 -1.132267973e-02  1.003893718e+06  1.476179246e+02  1.339185756e+00  2.145706578e-03 -6.490766406e-03 -1.132267973e-02 -1.523839790e+00 -2.905517945e+00  1.097013871e-02  2.772346525e-03  1.225717633e+00  1.003012834e+00  2.675833557e+00  7.553665108e-01
8 3  8.125713630e-01  2.666666667e+00  5.921754946e-01  5.078845550e-01  1.496789139e+08 -7.941028572e-03  2.555850474e+06  1.278861549e+02  1.313453590e+00  1.935792209e-03 -4.450652255e-03 -7.941028572e-03 -9.113488192e-02 -2.486587767e+00  1.039093730e-02  3.014229451e-03  1.330881774e+00  1.001181057e+00  2.573269705e+00  8.323539613e-01
9 3  8.680107955e-01  3.000000000e+00  6.052735722e-01  5.078845550e-01  1.294972601e+08 -2.929679185e-03  5.745600317e+06  1.089126583e+02  1.198444358e+00  1.257448649e-03 -1.058176290e-03 -2.929679185e-03  2.724404868e+00 -2.336060875e+00  6.598075037e-03  2.142370520e-03  1.474721464e+00  9.999512636e-01  2.440408946e+00  8.882807907e-01
10 3  9.117364719e-01  3.333333333e+00  5.877097470e-01  5.078845550e-01  1.282697404e+08  4.156737278e-03  4.846888694e+06  9.209226595e+01  1.316151833e+00  4.911288964e-03  2.162694357e-02  4.156737278e-03 -1.540986927e+01 -5.824709597e+00  4.206164134e-03  1.811451263e-03  1.685107814e+00  9.992843281e-01  2.305470461e+00  9.305483450e-01
11 3  9.569133621e-01  3.666666667e+00  3.384632921e-01  5.078845550e-01  3.796768605e+07  1.812171256e-02  9.868474197e+05  9.148003898e+01  1.091218448e+00  1.058686863e-02  6.695424286e-02  1.812171256e-02 -3.402208936e+01 -2.097291550e+01  6.361905330e-03  3.585606260e-03  1.996711479e+00  9.997043007e-01  2.200658492e+00  9.706977220e-01
12 3  9.776343422e-01  4.000000000e+00  2.460543981e-01  5.078845550e-01  1.321949924e+07  1.708678382e-02  4.786036529e+05  1.010168811e+02  8.592828745e-01  8.349376170e-03  3.904824340e-02  1.708678382e-02 -1.956301805e+01 -9.733994941e+00  7.689188505e-03  4.700788846e-03  2.804114524e+00  9.998907112e-01  2.061336506e+00  9.857827284e-01
13 3  9.888592382e-01  4.333333333e+00  2.136535554e-01  5.078845550e-01  6.831336086e+06  1.153825661e-02  3.608606877e+05  1.028290693e+02  6.757559320e-01  5.497471271e-03  2.490465918e-02  1.153825661e-02 -1.481858817e+01 -5.599079292e+00  7.341219725e-03  4.720892068e-03  4.410800391e+00  9.999482382e-01  1.924729932e+00  9.930227337e-01
14 3  9.956417060e-01  4.666666667e+00  1.978777326e-01  5.078845550e-01  4.076561603e+06  7.399875332e-03  3.103944789e+05  1.000221946e+02  5.195955841e-01  3.258753073e-03  1.728808485e-02  7.399875332e-03 -1.266650310e+01 -3.837207117e+00  6.474859238e-03  4.281032245e-03  9.199360218e+00  9.999791393e-01  1.799563361e+00  9.972766117e-01
