10  2.057807722e-07
4 3  4.759135544e-01  1.333333333e+00  7.478248844e-01  5.066603971e-01  3.431935955e+08 -2.136740030e-02  2.862712783e+05  4.313317265e+02  1.370224248e+00  1.586859505e-03 -1.276440708e-02 -2.136740030e-02 -3.429802199e+00 -5.066188627e+00  8.951448870e-03  2.461880923e-03  9.951058521e-01  1.015739786e+00  2.854632389e+00  4.247800990e-01
5 3  6.149085421e-01  1.666666667e+00  6.671827267e-01  5.066603971e-01  2.274116842e+08 -1.127685078e-02  2.257233369e+06  2.950295221e+02  1.249584974e+00  1.739811954e-03 -4.352213345e-03 -1.127685078e-02 -2.526897165e+00 -4.694331463e+00  1.156963888e-02  2.652552176e-03  1.068375244e+00  1.007783545e+00  2.927570938e+00  6.114175395e-01
6 3  7.156845737e-01  2.000000000e+00  6.230598482e-01  5.066603971e-01  1.768635839e+08 -5.459330194e-03  1.120341414e+06  2.222755075e+02  1.208206015e+00  1.847611617e-03  3.135071090e-04 -5.459330194e-03 -2.003726675e+00 -3.979888921e+00  1.038270099e-02  2.537878353e-03  1.171835707e+00  1.004157743e+00  2.829254334e+00  7.304208146e-01
7 3  7.941326334e-01  2.333333333e+00  5.948325075e-01  5.066603971e-01  1.566562846e+08 -2.212917874e-03  2.006938896e+06  1.811966316e+02  1.215823526e+00  1.972736562e-03  2.814054021e-03 -2.212917874e-03 -1.681066726e+00 -3.386685721e+00  1.051655891e-02  2.930642430e-03  1.297805020e+00  1.002222319e+00  2.685707521e+00  8.143079774e-01
8 3  8.607316688e-01  2.666666667e+00  5.771634538e-01  5.066603971e-01  1.351610720e+08 -2.195079372e-03  5.549086788e+06  1.550787813e+02  1.186055950e+00  1.856764917e-03  1.827371815e-03 -2.195079372e-03 -4.475742284e-01 -3.034288539e+00  7.455521192e-03  2.384337789e-03  1.463841499e+00  1.000861121e+00  2.543614294e+00  8.785232103e-01
9 3  9.051702770e-01  3.000000000e+00  6.186126349e-01  5.066603971e-01  1.074819651e+08  1.968311356e-03  5.834252733e+06  1.292703442e+02  9.920637408e-01  1.523878161e-03 -2.889257155e-03  1.968311356e-03  1.595198318e+01 -2.851483876e+00  3.952994233e-03  1.538605962e-03  1.724639265e+00  9.999352849e-01  2.375523392e+00  9.213151924e-01
10 3  9.303878809e-01  3.333333333e+00  7.291213534e-01  5.066603971e-01  9.982976948e+07  9.617186173e-03  3.719022787e+06  1.069365054e+02  8.710219097e-01  9.554147891e-04  6.505149154e-03  9.617186173e-03  1.427368403e+01 -2.519642631e+00  2.804128085e-03  1.472635051e-03  2.233112829e+00  9.994219841e-01  2.196405818e+00  9.448644802e-01
11 3  9.738172415e-01  3.666666667e+00  3.511534961e-01  5.066603971e-01  5.393790795e+07  1.784134442e-02  6.046409514e+05  1.166300827e+02  1.103058044e+00  1.085241848e-02  9.219440092e-02  1.784134442e-02 -4.196971546e+01 -3.477808592e+01  8.372958287e-03  4.475990068e-03  2.507841278e+00  9.997158063e-01  2.090552004e+00  9.817256357e-01
12 3  9.894761334e-01  4.000000000e+00  2.574317213e-01  5.066603971e-01  9.281433354e+06  1.023365951e-02  3.857780006e+05  1.203174266e+02  6.546050230e-01  6.705448304e-03  4.140180260e-02  1.023365951e-02 -2.249355484e+01 -1.604225091e+01  7.206834987e-03  4.489385238e-03  4.036595189e+00  9.999144829e-01  1.947540862e+00  9.928089520e-01
13 3  9.960198655e-01  4.333333333e+00  2.321094227e-01  5.066603971e-01  3.966732194e+06  7.479984931e-03  3.291452335e+05  1.146446994e+02  4.730619417e-01  3.804782195e-03  2.427056373e-02  7.479984931e-03 -1.763228970e+01 -7.948948794e+00  6.118143768e-03  4.073513552e-03  8.357171287e+00  9.999725187e-01  1.809724040e+00  9.972843813e-01
