 1.695500020e+00 -1.841698420e+00  8.590513273e-01  3.993187267e+00  9.315555280e-01  5.225698311e+00  9.950550737e-01  9.874390050e-01  7.862605840e+00 512 3 12
 0.000000000e+00  0.000000000e+00 -2.184683687e-07
 1.956947162e-03  2.820211525e-02  1.387817131e-01
 3.913894325e-03  3.988379548e-02  1.962644881e-01
 5.870841487e-03  4.884761530e-02  2.403675944e-01
 7.827788650e-03  5.640471925e-02  2.775407983e-01
 9.784735812e-03  6.306299596e-02  3.102817989e-01
 1.174168297e-02  6.908293975e-02  3.398711531e-01
 1.369863014e-02  7.461930917e-02  3.670692729e-01
 1.565557730e-02  7.977294783e-02  3.923713835e-01
 1.761252446e-02  8.461390976e-02  4.161212932e-01
 1.956947162e-02  8.919320720e-02  4.385691982e-01
 2.152641879e-02  9.354935554e-02  4.599038268e-01
 2.348336595e-02  9.771228248e-02  4.802714419e-01
 2.544031311e-02  1.017057935e-01  4.997887659e-01
 2.739726027e-02  1.055491902e-01  5.185503664e-01
 2.935420744e-02  1.092583818e-01  5.366339964e-01
 3.131115460e-02  1.128466665e-01  5.541047616e-01
 3.326810176e-02  1.163252931e-01  5.710179223e-01
 3.522504892e-02  1.197038786e-01  5.874198686e-01
 3.718199609e-02  1.229907261e-01  6.033506750e-01
 3.913894325e-02  1.261930618e-01  6.188449387e-01
 4.109589041e-02  1.293172226e-01  6.339331810e-01
 4.305283757e-02  1.323688006e-01  6.486427765e-01
 4.500978474e-02  1.353527582e-01  6.629981477e-01
 4.696673190e-02  1.382735234e-01  6.770209928e-01
 4.892367906e-02  1.411350682e-01  6.907300417e-01
 5.088062622e-02  1.439409748e-01  7.041420110e-01
 5.283757339e-02  1.466944863e-01  7.172722335e-01
 5.479452055e-02  1.493985497e-01  7.301348060e-01
 5.675146771e-02  1.520558521e-01  7.427425800e-01
 5.870841487e-02  1.546688515e-01  7.551071442e-01
 6.066536204e-02  1.572398046e-01  7.672388737e-01
 6.262230920e-02  1.597707891e-01  7.791475350e-01
 6.457925636e-02  1.622637221e-01  7.908427886e-01
 6.653620352e-02  1.647203753e-01  8.023332543e-01
 6.849315068e-02  1.671423928e-01  8.136253605e-01
 7.045009785e-02  1.695313070e-01  8.247252092e-01
 7.240704501e-02  1.718885467e-01  8.356405689e-01
 7.436399217e-02  1.742154411e-01  8.463785257e-01
 7.632093933e-02  1.765132323e-01  8.569442852e-01
 7.827788650e-02  1.787830867e-01  8.673426167e-01
 8.023483366e-02  1.810261001e-01  8.775775161e-01
 8.219178082e-02  1.832433049e-01  8.876537540e-01
 8.414872798e-02  1.854356715e-01  8.975769890e-01
 8.610567515e-02  1.876041122e-01  9.073513716e-01
 8.806262231e-02  1.897494897e-01  9.169802774e-01
 9.001956947e-02  1.918726209e-01  9.264664236e-01
 9.197651663e-02  1.939742815e-01  9.358129749e-01
 9.393346380e-02  1.960552063e-01  9.450235431e-01
 9.589041096e-02  1.981160916e-01  9.541020029e-01
 9.784735812e-02  2.001575978e-01  9.630511659e-01
 9.980430528e-02  2.021803543e-01  9.718723358e-01
 1.017612524e-01  2.041849635e-01  9.805673901e-01
 1.037181996e-01  2.061719997e-01  9.891394078e-01
 1.056751468e-01  2.081420092e-01  9.975921961e-01
 1.076320939e-01  2.100955109e-01  1.005927715e+00
 1.095890411e-01  2.120330034e-01  1.014146698e+00
 1.115459883e-01  2.139549659e-01  1.022250153e+00
 1.135029354e-01  2.158618583e-01  1.030240480e+00
 1.154598826e-01  2.177541196e-01  1.038120402e+00
 1.174168297e-01  2.196321696e-01  1.045891881e+00
 1.193737769e-01  2.214964118e-01  1.053555913e+00
 1.213307241e-01  2.233472351e-01  1.061112938e+00
 1.232876712e-01  2.251850151e-01  1.068564281e+00
 1.252446184e-01  2.270101128e-01  1.075912047e+00
 1.272015656e-01  2.288228742e-01  1.083158019e+00
 1.291585127e-01  2.306236326e-01  1.090303369e+00
 1.311154599e-01  2.324127099e-01  1.097348725e+00
 1.330724070e-01  2.341904177e-01  1.104294305e+00
 1.350293542e-01  2.359570581e-01  1.111141385e+00
 1.369863014e-01  2.377129217e-01  1.117892024e+00
 1.389432485e-01  2.394582880e-01  1.124547706e+00
 1.409001957e-01  2.411934276e-01  1.131108623e+00
 1.428571429e-01  2.429186035e-01  1.137574736e+00
 1.448140900e-01  2.446340719e-01  1.143946655e+00
 1.467710372e-01  2.463400804e-01  1.150225977e+00
 1.487279843e-01  2.480368679e-01  1.156414593e+00
 1.506849315e-01  2.497246648e-01  1.162512635e+00
 1.526418787e-01  2.514036967e-01  1.168519984e+00
 1.545988258e-01  2.530741830e-01  1.174437000e+00
 1.565557730e-01  2.547363374e-01  1.180264914e+00
 1.585127202e-01  2.563903661e-01  1.186004931e+00
 1.604696673e-01  2.580364696e-01  1.191657087e+00
 1.624266145e-01  2.596748435e-01  1.197222694e+00
 1.643835616e-01  2.613056773e-01  1.202701809e+00
 1.663405088e-01  2.629291566e-01  1.208094210e+00
 1.682974560e-01  2.645454630e-01  1.213400599e+00
 1.702544031e-01  2.661547725e-01  1.218622712e+00
 1.722113503e-01  2.677572555e-01  1.223760782e+00
 1.741682975e-01  2.693530789e-01  1.228815219e+00
 1.761252446e-01  2.709424057e-01  1.233785487e+00
 1.780821918e-01  2.725253965e-01  1.238671978e+00
 1.800391389e-01  2.741022072e-01  1.243476263e+00
 1.819960861e-01  2.756729890e-01  1.248199062e+00
 1.839530333e-01  2.772378895e-01  1.252840252e+00
 1.859099804e-01  2.787970540e-01  1.257400187e+00
 1.878669276e-01  2.803506245e-01  1.261878630e+00
 1.898238748e-01  2.818987406e-01  1.266276547e+00
 1.917808219e-01  2.834415378e-01  1.270594973e+00
 1.937377691e-01  2.849791481e-01  1.274833673e+00
 1.956947162e-01  2.865117022e-01  1.278993505e+00
 1.976516634e-01  2.880393267e-01  1.283074277e+00
 1.996086106e-01  2.895621471e-01  1.287076254e+00
 2.015655577e-01  2.910802858e-01  1.291000284e+00
 2.035225049e-01  2.925938625e-01  1.294846809e+00
 2.054794521e-01  2.941029945e-01  1.298615968e+00
 2.074363992e-01  2.956077971e-01  1.302308643e+00
 2.093933464e-01  2.971083829e-01  1.305924597e+00
 2.113502935e-01  2.986048632e-01  1.309463986e+00
 2.133072407e-01  3.000973473e-01  1.312927855e+00
 2.152641879e-01  3.015859415e-01  1.316316383e+00
 2.172211350e-01  3.030707509e-01  1.319630271e+00
 2.191780822e-01  3.045518779e-01  1.322869615e+00
 2.211350294e-01  3.060294240e-01  1.326034391e+00
 2.230919765e-01  3.075034891e-01  1.329125056e+00
 2.250489237e-01  3.089741710e-01  1.332142851e+00
 2.270058708e-01  3.104415650e-01  1.335087665e+00
 2.289628180e-01  3.119057658e-01  1.337959901e+00
 2.309197652e-01  3.133668661e-01  1.340759876e+00
 2.328767123e-01  3.148249573e-01  1.343487853e+00
 2.348336595e-01  3.162801295e-01  1.346144637e+00
 2.367906067e-01  3.177324708e-01  1.348730668e+00
 2.387475538e-01  3.191820679e-01  1.351246000e+00
 2.407045010e-01  3.206290066e-01  1.353691373e+00
 2.426614481e-01  3.220733710e-01  1.356067118e+00
 2.446183953e-01  3.235152439e-01  1.358373680e+00
 2.465753425e-01  3.249547069e-01  1.360611632e+00
 2.485322896e-01  3.263918403e-01  1.362781286e+00
 2.504892368e-01  3.278267231e-01  1.364883133e+00
 2.524461840e-01  3.292594333e-01  1.366917821e+00
 2.544031311e-01  3.306900474e-01  1.368885755e+00
 2.563600783e-01  3.321186409e-01  1.370787289e+00
 2.583170254e-01  3.335452884e-01  1.372623008e+00
 2.602739726e-01  3.349700630e-01  1.374393443e+00
 2.622309198e-01  3.363930370e-01  1.376099267e+00
 2.641878669e-01  3.378142813e-01  1.377740860e+00
 2.661448141e-01  3.392338660e-01  1.379318804e+00
 2.681017613e-01  3.406518600e-01  1.380833616e+00
 2.700587084e-01  3.420683315e-01  1.382285882e+00
 2.720156556e-01  3.434833473e-01  1.383676265e+00
 2.739726027e-01  3.448969733e-01  1.385005208e+00
 2.759295499e-01  3.463092745e-01  1.386273383e+00
 2.778864971e-01  3.477203150e-01  1.387481523e+00
 2.798434442e-01  3.491301577e-01  1.388629844e+00
 2.818003914e-01  3.505388650e-01  1.389719330e+00
 2.837573386e-01  3.519464978e-01  1.390750752e+00
 2.857142857e-01  3.533531163e-01  1.391724369e+00
 2.876712329e-01  3.547587799e-01  1.392641007e+00
 2.896281800e-01  3.561635470e-01  1.393501477e+00
 2.915851272e-01  3.575674749e-01  1.394306252e+00
 2.935420744e-01  3.589706205e-01  1.395056381e+00
 2.954990215e-01  3.603730389e-01  1.395752335e+00
 2.974559687e-01  3.617747852e-01  1.396394646e+00
 2.994129159e-01  3.631759134e-01  1.396984410e+00
 3.013698630e-01  3.645764763e-01  1.397522097e+00
 3.033268102e-01  3.659765263e-01  1.398008283e+00
 3.052837573e-01  3.673761148e-01  1.398444064e+00
 3.072407045e-01  3.687752922e-01  1.398829927e+00
 3.091976517e-01  3.701741085e-01  1.399166351e+00
 3.111545988e-01  3.715726129e-01  1.399454130e+00
 3.131115460e-01  3.729708538e-01  1.399693707e+00
 3.150684932e-01  3.743688790e-01  1.399886137e+00
 3.170254403e-01  3.757667354e-01  1.400032159e+00
 3.189823875e-01  3.771644690e-01  1.400131883e+00
 3.209393346e-01  3.785621259e-01  1.400186083e+00
 3.228962818e-01  3.799597510e-01  1.400195473e+00
 3.248532290e-01  3.813573890e-01  1.400160625e+00
 3.268101761e-01  3.827550835e-01  1.400082326e+00
 3.287671233e-01  3.841528776e-01  1.399961267e+00
 3.307240705e-01  3.855508137e-01  1.399797690e+00
 3.326810176e-01  3.869489342e-01  1.399592385e+00
 3.346379648e-01  3.883472805e-01  1.399345565e+00
 3.365949119e-01  3.897458938e-01  1.399058317e+00
 3.385518591e-01  3.911448142e-01  1.398731365e+00
 3.405088063e-01  3.925440813e-01  1.398365174e+00
 3.424657534e-01  3.939437344e-01  1.397959762e+00
 3.444227006e-01  3.953438129e-01  1.397515876e+00
 3.463796477e-01  3.967443551e-01  1.397034350e+00
 3.483365949e-01  3.981453987e-01  1.396515929e+00
 3.502935421e-01  3.995469808e-01  1.395961002e+00
 3.522504892e-01  4.009491384e-01  1.395370022e+00
 3.542074364e-01  4.023519079e-01  1.394743345e+00
 3.561643836e-01  4.037553255e-01  1.394081556e+00
 3.581213307e-01  4.051594269e-01  1.393385422e+00
 3.600782779e-01  4.065642471e-01  1.392655598e+00
 3.620352250e-01  4.079698203e-01  1.391892665e+00
 3.639921722e-01  4.093761809e-01  1.391096817e+00
 3.659491194e-01  4.107833628e-01  1.390268262e+00
 3.679060665e-01  4.121913998e-01  1.389407825e+00
 3.698630137e-01  4.136003249e-01  1.388516422e+00
 3.718199609e-01  4.150101703e-01  1.387594497e+00
 3.737769080e-01  4.164209681e-01  1.386642448e+00
 3.757338552e-01  4.178327502e-01  1.385660283e+00
 3.776908023e-01  4.192455484e-01  1.384648519e+00
 3.796477495e-01  4.206593941e-01  1.383608285e+00
 3.816046967e-01  4.220743174e-01  1.382539967e+00
 3.835616438e-01  4.234903488e-01  1.381443985e+00
 3.855185910e-01  4.249075180e-01  1.380320862e+00
 3.874755382e-01  4.263258547e-01  1.379170399e+00
 3.894324853e-01  4.277453889e-01  1.377993530e+00
 3.913894325e-01  4.291661491e-01  1.376791019e+00
 3.933463796e-01  4.305881639e-01  1.375563349e+00
 3.953033268e-01  4.320114612e-01  1.374311005e+00
 3.972602740e-01  4.334360689e-01  1.373033894e+00
 3.992172211e-01  4.348620149e-01  1.371732329e+00
 4.011741683e-01  4.362893270e-01  1.370407426e+00
 4.031311155e-01  4.377180315e-01  1.369059727e+00
 4.050880626e-01  4.391481549e-01  1.367689558e+00
 4.070450098e-01  4.405797234e-01  1.366297226e+00
 4.090019569e-01  4.420127631e-01  1.364882623e+00
 4.109589041e-01  4.434473002e-01  1.363446693e+00
 4.129158513e-01  4.448833598e-01  1.361990129e+00
 4.148727984e-01  4.463209668e-01  1.360513238e+00
 4.168297456e-01  4.477601457e-01  1.359016521e+00
 4.187866928e-01  4.492009210e-01  1.357500080e+00
 4.207436399e-01  4.506433170e-01  1.355964064e+00
 4.227005871e-01  4.520873579e-01  1.354409353e+00
 4.246575342e-01  4.535330671e-01  1.352836541e+00
 4.266144814e-01  4.549804677e-01  1.351246039e+00
 4.285714286e-01  4.564295822e-01  1.349638018e+00
 4.305283757e-01  4.578804338e-01  1.348012530e+00
 4.324853229e-01  4.593330450e-01  1.346370186e+00
 4.344422701e-01  4.607874381e-01  1.344711757e+00
 4.363992172e-01  4.622436345e-01  1.343037668e+00
 4.383561644e-01  4.637016556e-01  1.341348088e+00
 4.403131115e-01  4.651615227e-01  1.339643137e+00
 4.422700587e-01  4.666232571e-01  1.337923327e+00
 4.442270059e-01  4.680868797e-01  1.336189218e+00
 4.461839530e-01  4.695524105e-01  1.334441271e+00
 4.481409002e-01  4.710198698e-01  1.332679809e+00
 4.500978474e-01  4.724892774e-01  1.330904911e+00
 4.520547945e-01  4.739606530e-01  1.329117235e+00
 4.540117417e-01  4.754340160e-01  1.327316912e+00
 4.559686888e-01  4.769093855e-01  1.325504448e+00
 4.579256360e-01  4.783867804e-01  1.323680413e+00
 4.598825832e-01  4.798662189e-01  1.321844826e+00
 4.618395303e-01  4.813477196e-01  1.319998210e+00
 4.637964775e-01  4.828313003e-01  1.318140864e+00
 4.657534247e-01  4.843169789e-01  1.316272982e+00
 4.677103718e-01  4.858047730e-01  1.314395232e+00
 4.696673190e-01  4.872946995e-01  1.312507744e+00
 4.716242661e-01  4.887867757e-01  1.310610800e+00
 4.735812133e-01  4.902810181e-01  1.308704963e+00
 4.755381605e-01  4.917774432e-01  1.306790342e+00
 4.774951076e-01  4.932760672e-01  1.304867376e+00
 4.794520548e-01  4.947769060e-01  1.302936302e+00
 4.814090020e-01  4.962799754e-01  1.300997371e+00
 4.833659491e-01  4.977852908e-01  1.299051186e+00
 4.853228963e-01  4.992928672e-01  1.297098063e+00
 4.872798434e-01  5.008027194e-01  1.295137986e+00
 4.892367906e-01  5.023148622e-01  1.293171240e+00
 4.911937378e-01  5.038293103e-01  1.291198250e+00
 4.931506849e-01  5.053460778e-01  1.289219539e+00
 4.951076321e-01  5.068651781e-01  1.287235419e+00
 4.970645793e-01  5.083866250e-01  1.285245914e+00
 4.990215264e-01  5.099104320e-01  1.283251190e+00
 5.009784736e-01  5.114366123e-01  1.281251629e+00
 5.029354207e-01  5.129651790e-01  1.279247774e+00
 5.048923679e-01  5.144961443e-01  1.277239911e+00
 5.068493151e-01  5.160295206e-01  1.275228238e+00
 5.088062622e-01  5.175653200e-01  1.273212683e+00
 5.107632094e-01  5.191035548e-01  1.271193622e+00
 5.127201566e-01  5.206442365e-01  1.269171640e+00
 5.146771037e-01  5.221873764e-01  1.267146925e+00
 5.166340509e-01  5.237329856e-01  1.265119749e+00
 5.185909980e-01  5.252810748e-01  1.263090241e+00
 5.205479452e-01  5.268316548e-01  1.261058357e+00
 5.225048924e-01  5.283847364e-01  1.259024765e+00
 5.244618395e-01  5.299403295e-01  1.256989746e+00
 5.264187867e-01  5.314984439e-01  1.254953516e+00
 5.283757339e-01  5.330590891e-01  1.252916198e+00
 5.303326810e-01  5.346222747e-01  1.250877872e+00
 5.322896282e-01  5.361880101e-01  1.248838871e+00
 5.342465753e-01  5.377563042e-01  1.246799613e+00
 5.362035225e-01  5.393271655e-01  1.244760380e+00
 5.381604697e-01  5.409006024e-01  1.242721148e+00
 5.401174168e-01  5.424766231e-01  1.240682185e+00
 5.420743640e-01  5.440552359e-01  1.238643627e+00
 5.440313112e-01  5.456364484e-01  1.236605842e+00
 5.459882583e-01  5.472202680e-01  1.234569166e+00
 5.479452055e-01  5.488067019e-01  1.232533611e+00
 5.499021526e-01  5.503957572e-01  1.230499358e+00
 5.518590998e-01  5.519874406e-01  1.228466711e+00
 5.538160470e-01  5.535817588e-01  1.226435753e+00
 5.557729941e-01  5.551787181e-01  1.224406854e+00
 5.577299413e-01  5.567783243e-01  1.222380073e+00
 5.596868885e-01  5.583805836e-01  1.220355616e+00
 5.616438356e-01  5.599855013e-01  1.218333812e+00
 5.636007828e-01  5.615930828e-01  1.216314718e+00
 5.655577299e-01  5.632033333e-01  1.214298466e+00
 5.675146771e-01  5.648162577e-01  1.212285205e+00
 5.694716243e-01  5.664318607e-01  1.210275239e+00
 5.714285714e-01  5.680501468e-01  1.208268819e+00
 5.733855186e-01  5.696711199e-01  1.206266112e+00
 5.753424658e-01  5.712947840e-01  1.204267094e+00
 5.772994129e-01  5.729211430e-01  1.202271761e+00
 5.792563601e-01  5.745502007e-01  1.200280585e+00
 5.812133072e-01  5.761819602e-01  1.198293807e+00
 5.831702544e-01  5.778164243e-01  1.196311541e+00
 5.851272016e-01  5.794535958e-01  1.194333833e+00
 5.870841487e-01  5.810934774e-01  1.192360603e+00
 5.890410959e-01  5.827360718e-01  1.190392220e+00
 5.909980431e-01  5.843813811e-01  1.188428951e+00
 5.929549902e-01  5.860294071e-01  1.186470943e+00
 5.949119374e-01  5.876801513e-01  1.184518180e+00
 5.968688845e-01  5.893336155e-01  1.182570765e+00
 5.988258317e-01  5.909898009e-01  1.180628821e+00
 6.007827789e-01  5.926487087e-01  1.178692645e+00
 6.027397260e-01  5.943103396e-01  1.176762353e+00
 6.046966732e-01  5.959746942e-01  1.174837929e+00
 6.066536204e-01  5.976417731e-01  1.172919559e+00
 6.086105675e-01  5.993115764e-01  1.171007425e+00
 6.105675147e-01  6.009841040e-01  1.169101524e+00
 6.125244618e-01  6.026593559e-01  1.167202076e+00
 6.144814090e-01  6.043373315e-01  1.165309108e+00
 6.164383562e-01  6.060180304e-01  1.163422795e+00
 6.183953033e-01  6.077014516e-01  1.161543275e+00
 6.203522505e-01  6.093875939e-01  1.159670656e+00
 6.223091977e-01  6.110764562e-01  1.157804887e+00
 6.242661448e-01  6.127680372e-01  1.155946089e+00
 6.262230920e-01  6.144623352e-01  1.154094534e+00
 6.281800391e-01  6.161593482e-01  1.152250303e+00
 6.301369863e-01  6.178590741e-01  1.150413474e+00
 6.320939335e-01  6.195615107e-01  1.148583959e+00
 6.340508806e-01  6.212666556e-01  1.146761824e+00
 6.360078278e-01  6.229745064e-01  1.144947298e+00
 6.379647750e-01  6.246850603e-01  1.143140426e+00
 6.399217221e-01  6.263983143e-01  1.141341195e+00
 6.418786693e-01  6.281142656e-01  1.139549569e+00
 6.438356164e-01  6.298329110e-01  1.137765594e+00
 6.457925636e-01  6.315542476e-01  1.135989253e+00
 6.477495108e-01  6.332782721e-01  1.134220580e+00
 6.497064579e-01  6.350049812e-01  1.132459551e+00
 6.516634051e-01  6.367343718e-01  1.130706117e+00
 6.536203523e-01  6.384664404e-01  1.128960263e+00
 6.555772994e-01  6.402011839e-01  1.127221943e+00
 6.575342466e-01  6.419385988e-01  1.125491122e+00
 6.594911937e-01  6.436786819e-01  1.123767735e+00
 6.614481409e-01  6.454214298e-01  1.122051699e+00
 6.634050881e-01  6.471668395e-01  1.120342929e+00
 6.653620352e-01  6.489149077e-01  1.118641343e+00
 6.673189824e-01  6.506656313e-01  1.116946840e+00
 6.692759295e-01  6.524190075e-01  1.115259489e+00
 6.712328767e-01  6.541750329e-01  1.113579028e+00
 6.731898239e-01  6.559337050e-01  1.111905198e+00
 6.751467710e-01  6.576950214e-01  1.110237807e+00
 6.771037182e-01  6.594589800e-01  1.108576770e+00
 6.790606654e-01  6.612255786e-01  1.106921859e+00
 6.810176125e-01  6.629948157e-01  1.105272940e+00
 6.829745597e-01  6.647666895e-01  1.103629643e+00
 6.849315068e-01  6.665411994e-01  1.101991539e+00
 6.868884540e-01  6.683183450e-01  1.100358479e+00
 6.888454012e-01  6.700981262e-01  1.098730032e+00
 6.908023483e-01  6.718805438e-01  1.097105835e+00
 6.927592955e-01  6.736655988e-01  1.095485521e+00
 6.947162427e-01  6.754532929e-01  1.093869168e+00
 6.966731898e-01  6.772436276e-01  1.092256194e+00
 6.986301370e-01  6.790366059e-01  1.090645763e+00
 7.005870841e-01  6.808322318e-01  1.089037435e+00
 7.025440313e-01  6.826305100e-01  1.087430895e+00
 7.045009785e-01  6.844314456e-01  1.085826049e+00
 7.064579256e-01  6.862350438e-01  1.084222354e+00
 7.084148728e-01  6.880413112e-01  1.082619346e+00
 7.103718200e-01  6.898502549e-01  1.081016173e+00
 7.123287671e-01  6.916618838e-01  1.079412480e+00
 7.142857143e-01  6.934762069e-01  1.077807980e+00
 7.162426614e-01  6.952932339e-01  1.076202239e+00
 7.181996086e-01  6.971129755e-01  1.074594636e+00
 7.201565558e-01  6.989354433e-01  1.072984799e+00
 7.221135029e-01  7.007606496e-01  1.071372510e+00
 7.240704501e-01  7.025886072e-01  1.069757101e+00
 7.260273973e-01  7.044193304e-01  1.068137919e+00
 7.279843444e-01  7.062528343e-01  1.066514681e+00
 7.299412916e-01  7.080891347e-01  1.064887044e+00
 7.318982387e-01  7.099282479e-01  1.063254706e+00
 7.338551859e-01  7.117701911e-01  1.061617357e+00
 7.358121331e-01  7.136149821e-01  1.059974482e+00
 7.377690802e-01  7.154626397e-01  1.058325580e+00
 7.397260274e-01  7.173131838e-01  1.056670369e+00
 7.416829746e-01  7.191666346e-01  1.055008689e+00
 7.436399217e-01  7.210230129e-01  1.053340163e+00
 7.455968689e-01  7.228823405e-01  1.051664306e+00
 7.475538160e-01  7.247446400e-01  1.049980884e+00
 7.495107632e-01  7.266099346e-01  1.048289733e+00
 7.514677104e-01  7.284782479e-01  1.046590477e+00
 7.534246575e-01  7.303496047e-01  1.044882689e+00
 7.553816047e-01  7.322240305e-01  1.043166138e+00
 7.573385519e-01  7.341015512e-01  1.041440716e+00
 7.592954990e-01  7.359821934e-01  1.039705985e+00
 7.612524462e-01  7.378659847e-01  1.037961602e+00
 7.632093933e-01  7.397529534e-01  1.036207552e+00
 7.651663405e-01  7.416431281e-01  1.034443455e+00
 7.671232877e-01  7.435365385e-01  1.032668914e+00
 7.690802348e-01  7.454332152e-01  1.030883597e+00
 7.710371820e-01  7.473331899e-01  1.029086960e+00
 7.729941292e-01  7.492364956e-01  1.027278209e+00
 7.749510763e-01  7.511431674e-01  1.025456481e+00
 7.769080235e-01  7.530532420e-01  1.023621152e+00
 7.788649706e-01  7.549667578e-01  1.021771453e+00
 7.808219178e-01  7.568837551e-01  1.019906134e+00
 7.827788650e-01  7.588042773e-01  1.018024038e+00
 7.847358121e-01  7.607283700e-01  1.016124268e+00
 7.866927593e-01  7.626560809e-01  1.014205893e+00
 7.886497065e-01  7.645874597e-01  1.012268348e+00
 7.906066536e-01  7.665225575e-01  1.010311297e+00
 7.925636008e-01  7.684614266e-01  1.008334862e+00
 7.945205479e-01  7.704041215e-01  1.006334555e+00
 7.964774951e-01  7.723507081e-01  1.004302941e+00
 7.984344423e-01  7.743012586e-01  1.002254035e+00
 8.003913894e-01  7.762558092e-01  1.000198411e+00
 8.023483366e-01  7.782143873e-01  9.981345882e-01
 8.043052838e-01  7.801770252e-01  9.960623422e-01
 8.062622309e-01  7.821437439e-01  9.940027789e-01
 8.082191781e-01  7.841145121e-01  9.919785261e-01
 8.101761252e-01  7.860892645e-01  9.899961007e-01
 8.121330724e-01  7.880679321e-01  9.880537988e-01
 8.140900196e-01  7.900504417e-01  9.861613464e-01
 8.160469667e-01  7.920366760e-01  9.843638195e-01
 8.180039139e-01  7.940264125e-01  9.827021412e-01
 8.199608611e-01  7.960193666e-01  9.811890274e-01
 8.219178082e-01  7.980152438e-01  9.798210227e-01
 8.238747554e-01  8.000137457e-01  9.786178731e-01
 8.258317025e-01  8.020145096e-01  9.776192513e-01
 8.277886497e-01  8.040171000e-01  9.768311760e-01
 8.297455969e-01  8.060210915e-01  9.762534936e-01
 8.317025440e-01  8.080260520e-01  9.758898237e-01
 8.336594912e-01  8.100315475e-01  9.757302937e-01
 8.356164384e-01  8.120371747e-01  9.757587882e-01
 8.375733855e-01  8.140425636e-01  9.759564707e-01
 8.395303327e-01  8.160473758e-01  9.763261312e-01
 8.414872798e-01  8.180512656e-01  9.768546127e-01
 8.434442270e-01  8.200539454e-01  9.774925485e-01
 8.454011742e-01  8.220552365e-01  9.782054848e-01
 8.473581213e-01  8.240550091e-01  9.789713878e-01
 8.493150685e-01  8.260531655e-01  9.797940916e-01
 8.512720157e-01  8.280495955e-01  9.806634954e-01
 8.532289628e-01  8.300442316e-01  9.815565589e-01
 8.551859100e-01  8.320370688e-01  9.824239842e-01
 8.571428571e-01  8.340282178e-01  9.832014167e-01
 8.590998043e-01  8.360178890e-01  9.838913463e-01
 8.610567515e-01  8.380062461e-01  9.845079280e-01
 8.630136986e-01  8.399934509e-01  9.850227878e-01
 8.649706458e-01  8.419797400e-01  9.854115708e-01
 8.669275930e-01  8.439653799e-01  9.856656686e-01
 8.688845401e-01  8.459506457e-01  9.857818217e-01
 8.708414873e-01  8.479358144e-01  9.857643814e-01
 8.727984344e-01  8.499211534e-01  9.856122592e-01
 8.747553816e-01  8.519069392e-01  9.853191558e-01
 8.767123288e-01  8.538934613e-01  9.848809381e-01
 8.786692759e-01  8.558810149e-01  9.842968216e-01
 8.806262231e-01  8.578698967e-01  9.835657100e-01
 8.825831703e-01  8.598604078e-01  9.826852183e-01
 8.845401174e-01  8.618528546e-01  9.816551334e-01
 8.864970646e-01  8.638475426e-01  9.804790417e-01
 8.884540117e-01  8.658447700e-01  9.791612637e-01
 8.904109589e-01  8.678448295e-01  9.777040743e-01
 8.923679061e-01  8.698480114e-01  9.761132651e-01
 8.943248532e-01  8.718545977e-01  9.743885882e-01
 8.962818004e-01  8.738648786e-01  9.725272838e-01
 8.982387476e-01  8.758791500e-01  9.705316093e-01
 9.001956947e-01  8.778977000e-01  9.684104536e-01
 9.021526419e-01  8.799207984e-01  9.661778039e-01
 9.041095890e-01  8.819486966e-01  9.638284723e-01
 9.060665362e-01  8.839816727e-01  9.613553568e-01
 9.080234834e-01  8.860200167e-01  9.587584928e-01
 9.099804305e-01  8.880640164e-01  9.560426759e-01
 9.119373777e-01  8.901139488e-01  9.532219861e-01
 9.138943249e-01  8.921700664e-01  9.502980788e-01
 9.158512720e-01  8.942326333e-01  9.472677614e-01
 9.178082192e-01  8.963019173e-01  9.441453100e-01
 9.197651663e-01  8.983781589e-01  9.409263868e-01
 9.217221135e-01  9.004616297e-01  9.376007378e-01
 9.236790607e-01  9.025526173e-01  9.341794372e-01
 9.256360078e-01  9.046513848e-01  9.306604815e-01
 9.275929550e-01  9.067582215e-01  9.270316753e-01
 9.295499022e-01  9.088734399e-01  9.233028172e-01
 9.315068493e-01  9.109973181e-01  9.194991035e-01
 9.334637965e-01  9.131301055e-01  9.155920550e-01
 9.354207436e-01  9.152721534e-01  9.115551986e-01
 9.373776908e-01  9.174238319e-01  9.074346025e-01
 9.393346380e-01  9.195853899e-01  9.032487148e-01
 9.412915851e-01  9.217571159e-01  8.989342042e-01
 9.432485323e-01  9.239394805e-01  8.944468022e-01
 9.452054795e-01  9.261329837e-01  8.898354980e-01
 9.471624266e-01  9.283379210e-01  8.852844252e-01
 9.491193738e-01  9.305542701e-01  8.806080989e-01
 9.510763209e-01  9.327827301e-01  8.756732023e-01
 9.530332681e-01  9.350241410e-01  8.701897861e-01
 9.549902153e-01  9.372793881e-01  8.648262141e-01
 9.569471624e-01  9.395451059e-01  8.646941196e-01
 9.589041096e-01  9.418071108e-01  8.655766679e-01
 9.608610568e-01  9.440695505e-01  8.639178030e-01
 9.628180039e-01  9.463406697e-01  8.588106721e-01
 9.647749511e-01  9.486302055e-01  8.499846067e-01
 9.667318982e-01  9.509485872e-01  8.379714963e-01
 9.686888454e-01  9.533062547e-01  8.209274506e-01
 9.706457926e-01  9.557208907e-01  7.986914043e-01
 9.726027397e-01  9.582081314e-01  7.748925746e-01
 9.745596869e-01  9.607726483e-01  7.514491502e-01
 9.765166341e-01  9.634168844e-01  7.290014514e-01
 9.784735812e-01  9.661412376e-01  7.079972865e-01
 9.804305284e-01  9.689442407e-01  6.887331494e-01
 9.823874755e-01  9.718227423e-01  6.713920051e-01
 9.843444227e-01  9.747720856e-01  6.560753357e-01
 9.863013699e-01  9.777862862e-01  6.428288682e-01
 9.882583170e-01  9.808582073e-01  6.316624531e-01
 9.902152642e-01  9.839797333e-01  6.225649755e-01
 9.921722114e-01  9.871419394e-01  6.155152814e-01
 9.941291585e-01  9.903352591e-01  6.104900173e-01
 9.960861057e-01  9.935496465e-01  6.074691414e-01
 9.980430528e-01  9.967747365e-01  6.067720647e-01
 1.000000000e+00  1.000000000e+00  6.067394172e-01
4  3.693398737e-01  6.624436632e-01  1.009352615e+00  7.455707452e-01  9.614166614e-01  6.466885730e+01  4.657555917e-01  9.910524622e-01  3.080304983e-01  2.635433829e+00
5  4.882393603e-01  9.280071815e-01  1.006120510e+00  6.115311666e-01  9.339618755e-01  3.773198990e+01  4.110275972e-01  1.035988457e+00  4.709066269e-01  2.778150602e+00
6  5.853423887e-01  1.083164866e+00  1.003930056e+00  5.216504231e-01  9.108049356e-01  2.717102738e+01  3.790974516e-01  1.106467126e+00  5.921395829e-01  2.769524303e+00
7  6.695263833e-01  1.216863042e+00  1.002280952e+00  4.569494168e-01  8.938170457e-01  2.159091619e+01  3.576127297e-01  1.186363519e+00  6.882170608e-01  2.710829049e+00
8  7.431380328e-01  1.347683015e+00  1.000993839e+00  4.080169808e-01  8.866620568e-01  1.838798952e+01  3.424238656e-01  1.273389778e+00  7.667116887e-01  2.629383328e+00
9  8.075293829e-01  1.516970059e+00  1.000000313e+00  3.695809210e-01  8.954081926e-01  1.674050335e+01  3.317358716e-01  1.375738116e+00  8.312178339e-01  2.537224865e+00
10  8.590257375e-01  1.944971350e+00  9.993311785e-01  3.382958994e-01  9.301749333e-01  1.654137789e+01  3.249758314e-01  1.505339660e+00  8.817627883e-01  2.427496499e+00
11  8.972054386e-01  2.514092000e+00  9.989739008e-01  3.120261958e-01  1.004245198e+00  1.801716121e+01  3.216119012e-01  1.696243974e+00  9.186606480e-01  2.304073628e+00
12  9.328238390e-01  1.229341252e+00  9.990500396e-01  2.905553851e-01  1.119005001e+00  2.093124429e+01  3.213359993e-01  1.923817609e+00  9.511123170e-01  2.196082395e+00
13  9.688518432e-01  3.993633514e+00  9.997864122e-01  2.731559156e-01  1.285344971e+00  2.573314599e+01  3.249982207e-01  2.295025539e+00  9.803668647e-01  2.106998597e+00
14  9.827734264e-01  6.825646441e+00  9.998904321e-01  2.556660206e-01  1.500902006e+00  3.361504257e+01  3.277960774e-01  3.239477286e+00  9.894623502e-01  1.984818415e+00
15  9.906783570e-01  1.121319854e+01  9.999336293e-01  2.400622208e-01  1.688250148e+00  4.071831139e+01  3.309456492e-01  4.978873654e+00  9.943385438e-01  1.867478410e+00
0 0 -1.259198531e-01 -6.757911731e-18
0 1  1.343119037e-02 -4.202323880e-03
0 2 -1.346626238e-02  4.748357831e-03
0 3  5.019786675e-03 -5.508628164e-03
0 4 -2.208082699e-03  5.483005697e-03
0 5 -1.765459156e-03 -4.196747238e-03
0 6  3.403839063e-03  9.757367172e-04
0 7 -1.849030231e-03  2.485512635e-03
0 8 -2.170432951e-03 -1.577101287e-03
0 9  5.813906880e-04 -2.248161652e-03
0 10  1.908169802e-03 -8.981097507e-04
0 11  1.936362062e-03  2.190019461e-04
1 0 -1.066645969e-01 -3.337300494e-02
1 1 -9.748701716e-02 -6.409100004e-18
1 2  1.017274572e-02 -5.905434443e-03
1 3 -1.342265271e-02  7.113669038e-03
1 4  2.534188702e-03 -7.843891619e-03
1 5  8.496183855e-04  6.377439319e-03
1 6 -5.158963007e-03 -2.111594414e-03
1 7  2.820037215e-03 -3.205082499e-03
1 8  2.569632870e-03  2.607127284e-03
1 9 -1.347974292e-03  2.986556135e-03
1 10 -2.904632230e-03  8.583354868e-04
1 11 -2.716931852e-03 -6.934128762e-04
2 0  1.069431233e-01  3.770936603e-02
2 1 -1.043497484e-01 -6.057662462e-02
2 2 -7.847613194e-02  1.337785765e-17
2 3  6.393677343e-03 -7.294937200e-03
2 4 -1.070217883e-02  8.656346789e-03
2 5 -1.862867763e-03 -8.173066630e-03
2 6  4.242771206e-03  3.689317751e-03
2 7 -4.898786024e-03  2.953079095e-03
2 8 -2.810011575e-03 -3.703192440e-03
2 9  1.960836979e-03 -3.099164225e-03
2 10  3.253261997e-03 -2.938470681e-04
2 11  2.688267620e-03  1.417276200e-03
3 0 -3.986493434e-02 -4.374709808e-02
3 1  1.376865669e-01  7.297042464e-02
3 2 -8.147289099e-02 -9.295740016e-02
3 3 -6.514702765e-02 -2.190649818e-17
3 4  3.058344514e-03 -8.596673177e-03
3 5 -6.965350569e-03  9.249119469e-03
3 6 -6.459129145e-03 -6.057206793e-03
3 7  4.516700678e-03 -1.674387468e-03
3 8  5.238011592e-04  4.804472408e-03
3 9 -3.856414913e-03  2.460081078e-03
3 10 -4.071518014e-03 -9.111215410e-04
3 11 -2.803195185e-03 -2.488719235e-03
4 0  1.753562004e-02  4.354361574e-02
4 1 -2.599514044e-02 -8.046088441e-02
4 2  1.363749533e-01  1.103054722e-01
4 3 -4.694526556e-02 -1.319580261e-01
4 4 -5.531854699e-02 -2.883397833e-19
4 5 -8.062382586e-05 -9.761122245e-03
4 6 -2.898428384e-03  8.427457408e-03
4 7 -9.293137134e-03 -1.365861308e-03
4 8 -4.621392724e-04 -5.483474718e-03
4 9  3.504725379e-03 -7.400793082e-04
4 10  2.321176165e-03  2.680451514e-03
4 11  4.761240789e-04  3.598917291e-03
5 0  1.402049885e-02 -3.332871771e-02
5 1 -8.715195215e-03  6.541834498e-02
5 2  2.373801711e-02 -1.041471646e-01
5 3  1.069173962e-01  1.419730079e-01
5 4  1.457446557e-03 -1.764529760e-01
5 5 -4.766317486e-02  1.811566445e-17
5 6 -3.369882800e-03 -1.066492037e-02
5 7  6.345235774e-04  5.603974351e-03
5 8 -7.582305515e-03  3.951600121e-03
5 9 -6.124195793e-03 -2.406148235e-03
5 10 -2.307808470e-03 -4.385015987e-03
5 11  1.643605862e-04 -3.867744023e-03
6 0 -2.703179030e-02  7.748871153e-03
6 1  5.291948771e-02 -2.166026283e-02
6 2 -5.406447924e-02  4.701197243e-02
6 3  9.914695079e-02 -9.297748510e-02
6 4  5.239523707e-02  1.523441570e-01
6 5  7.070202121e-02 -2.237559794e-01
6 6 -4.128067044e-02 -3.050320724e-17
6 7 -6.898536826e-03 -1.091804750e-02
6 8  2.252824395e-03  6.480997019e-04
6 9 -1.859561038e-03  5.029071798e-03
6 10 -5.286600526e-03  3.531334875e-03
6 11 -6.055850661e-03  1.319822299e-03
7 0  1.468418352e-02  1.973884637e-02
7 1 -2.892731050e-02 -3.287701884e-02
7 2  6.242389759e-02  3.763028352e-02
7 3 -6.933087880e-02 -2.570167095e-02
7 4  1.679931531e-01 -2.469083846e-02
7 5 -1.331265866e-02  1.175745083e-01
7 6  1.671130036e-01 -2.644832893e-01
7 7 -3.556376838e-02 -6.840941795e-17
7 8 -9.186232248e-03 -9.262516603e-03
7 9  5.640276250e-04 -3.751544960e-03
7 10  1.493192402e-03  9.352913287e-04
7 11  2.662105083e-04  2.937462681e-03
8 0  1.723662233e-02 -1.252464364e-02
8 1 -2.635871878e-02  2.674332809e-02
8 2  3.580721304e-02 -4.718877381e-02
8 3 -8.040292521e-03  7.374814449e-02
8 4  8.354146981e-03 -9.912542928e-02
8 5  1.590809999e-01  8.290677515e-02
8 6 -5.457334803e-02  1.569983469e-02
8 7  2.583031176e-01 -2.604481197e-01
8 8 -3.128838022e-02  1.778799566e-17
8 9 -1.031306618e-02 -6.627151555e-03
8 10 -3.442072934e-03 -6.373072265e-03
8 11 -4.152999861e-04 -4.280033656e-03
9 0 -4.617148716e-03 -1.785390943e-02
9 1  1.382721855e-02  3.063542431e-02
9 2 -2.498641218e-02 -3.949180659e-02
9 3  5.919556198e-02  3.776198496e-02
9 4 -6.335534047e-02 -1.337850230e-02
9 5  1.284890444e-01 -5.048233237e-02
9 6  4.504677414e-02  1.218263111e-01
9 7 -1.585961361e-02 -1.054878358e-01
9 8  3.296132976e-01 -2.118087133e-01
9 9 -2.810257073e-02 -1.384344745e-16
9 10 -1.426667338e-02 -5.701321426e-03
9 11 -9.076714388e-03 -6.930331870e-03
10 0 -1.515384393e-02 -7.132391983e-03
10 1  2.979506723e-02  8.804613290e-03
10 2 -4.145543258e-02 -3.744413248e-03
10 3  6.249737188e-02 -1.398561951e-02
10 4 -4.196017956e-02  4.845484309e-02
10 5  4.841910923e-02 -9.200008182e-02
10 6  1.280647933e-01  8.554451362e-02
10 7 -4.198633805e-02  2.629899393e-02
10 8  1.100112217e-01 -2.036881494e-01
10 9  5.076643529e-01 -2.028754408e-01
10 10 -2.082747087e-02  1.343486314e-16
10 11 -1.137518521e-02 -2.492824720e-03
11 0 -1.537773444e-02  1.739216976e-03
11 1  2.786967877e-02 -7.112874067e-03
11 2 -3.425586294e-02  1.805996504e-02
11 3  4.302875029e-02 -3.820157765e-02
11 4 -8.606952005e-03  6.505805894e-02
11 5 -3.448376797e-03 -8.114742743e-02
11 6  1.466994261e-01  3.197192014e-02
11 7 -7.485441517e-03  8.259705916e-02
11 8  1.327329773e-02 -1.367930722e-01
11 9  3.229851985e-01 -2.466084664e-01
11 10  5.461625793e-01 -1.196892669e-01
11 11 -1.713775011e-02  5.113879109e-17
0 0 -8.226078786e+00 -4.987715468e-16
0 1 -8.520736001e-01  3.577186427e-01
0 2  1.117178828e+00 -3.273127344e-01
0 3 -2.559625106e-01  2.670119542e-01
0 4  1.112251192e-01 -2.243527430e-01
0 5  5.482731020e-02  1.538559171e-01
0 6 -1.080403959e-01 -3.856134516e-02
0 7  6.253602405e-02 -7.084318675e-02
0 8  6.325770204e-02  4.607642235e-02
0 9  2.597225888e-03  7.563823985e-02
0 10 -5.237875171e-02  1.335138298e-02
0 11 -5.618605024e-02 -4.709659221e-02
1 0 -8.520736001e-01 -3.577186427e-01
1 1 -1.084143631e+01 -1.055439322e-15
1 2 -8.974691381e-01  8.145861772e-01
1 3  1.829764928e+00 -8.129074393e-01
1 4 -2.231678515e-01  6.125980626e-01
1 5 -1.387815389e-02 -4.254355358e-01
1 6  2.803916157e-01  1.406198915e-01
1 7 -1.610144106e-01  1.498506069e-01
1 8 -1.199283428e-01 -1.243463209e-01
1 9  2.099169311e-02 -1.559192934e-01
1 10  1.157287765e-01 -8.829396657e-03
1 11  1.066010513e-01  1.194900128e-01
2 0  1.117178828e+00  3.273127344e-01
2 1 -8.974691381e-01 -8.145861772e-01
2 2 -1.364167445e+01  1.104167288e-14
2 3 -6.492781178e-01  1.512486786e+00
2 4  2.270198764e+00 -1.524630880e+00
2 5  1.710264054e-01  9.689706969e-01
2 6 -3.675806338e-01 -4.143026498e-01
2 7  4.348074943e-01 -2.050100927e-01
2 8  1.844426441e-01  2.873334617e-01
2 9 -9.339205410e-02  2.543507833e-01
2 10 -1.886107241e-01 -2.699937309e-02
2 11 -1.187371438e-01 -2.308006371e-01
3 0 -2.559625106e-01 -2.670119542e-01
3 1  1.829764928e+00  8.129074393e-01
3 2 -6.492781178e-01 -1.512486786e+00
3 3 -1.663612335e+01  2.220152407e-15
3 4 -7.961817083e-02  2.526656642e+00
3 5  2.287144498e+00 -2.399414216e+00
3 6  1.025907531e+00  1.080581987e+00
3 7 -6.604887501e-01  9.079429516e-02
3 8 -9.023388305e-03 -5.831926795e-01
3 9  3.199983789e-01 -3.076734088e-01
3 10  2.910692259e-01  1.494659194e-01
3 11  9.000363835e-02  4.131448350e-01
4 0  1.112251192e-01  2.243527430e-01
4 1 -2.231678515e-01 -6.125980626e-01
4 2  2.270198764e+00  1.524630880e+00
4 3 -7.961817083e-02 -2.526656642e+00
4 4 -1.992325682e+01 -6.937910965e-15
4 5  9.788037179e-01  3.899658353e+00
4 6  1.711462565e+00 -3.242742574e+00
4 7  2.169438546e+00  4.960746375e-01
4 8 -1.049490669e-01  9.214832445e-01
4 9 -5.520746686e-01  1.919654647e-01
4 10 -2.001371231e-01 -4.315573650e-01
4 11  2.953044856e-01 -6.369935431e-01
5 0  5.482731020e-02 -1.538559171e-01
5 1 -1.387815389e-02  4.254355358e-01
5 2  1.710264054e-01 -9.689706969e-01
5 3  2.287144498e+00  2.399414216e+00
5 4  9.788037179e-01 -3.899658353e+00
5 5 -2.370839510e+01  1.395528462e-14
5 6  2.876589139e+00  5.770464821e+00
5 7  5.899218650e-01 -3.676007069e+00
5 8  2.639291740e+00 -1.114381146e+00
5 9  1.302347959e+00  4.615669555e-01
5 10  5.946119783e-02  7.146608684e-01
5 11 -6.732514457e-01  4.324270697e-01
6 0 -1.080403959e-01  3.856134516e-02
6 1  2.803916157e-01 -1.406198915e-01
6 2 -3.675806338e-01  4.143026498e-01
6 3  1.025907531e+00 -1.080581987e+00
6 4  1.711462565e+00  3.242742574e+00
6 5  2.876589139e+00 -5.770464821e+00
6 6 -2.816385102e+01  7.338335404e-14
6 7  5.894286448e+00  7.690343711e+00
6 8 -8.123128081e-01 -2.592235916e+00
6 9  6.533155113e-01 -1.973241394e+00
6 10  1.637980479e+00 -7.961335128e-01
6 11  2.037264863e+00  3.481153205e-01
7 0  6.253602405e-02  7.084318675e-02
7 1 -1.610144106e-01 -1.498506069e-01
7 2  4.348074943e-01  2.050100927e-01
7 3 -6.604887501e-01 -9.079429516e-02
7 4  2.169438546e+00 -4.960746375e-01
7 5  5.899218650e-01  3.676007069e+00
7 6  5.894286448e+00 -7.690343711e+00
7 7 -3.305073789e+01  3.532255733e-14
7 8  9.120916312e+00  8.203691729e+00
7 9 -6.680326291e-01  1.020792206e+00
7 10 -3.734561834e-01 -1.968111732e+00
7 11  1.277475625e+00 -3.189978127e+00
8 0  6.325770204e-02 -4.607642235e-02
8 1 -1.199283428e-01  1.243463209e-01
8 2  1.844426441e-01 -2.873334617e-01
8 3 -9.023388305e-03  5.831926795e-01
8 4 -1.049490669e-01 -9.214832445e-01
8 5  2.639291740e+00  1.114381146e+00
8 6 -8.123128081e-01  2.592235916e+00
8 7  9.120916312e+00 -8.203691729e+00
8 8 -3.756851255e+01  1.691486624e-13
8 9  1.203340160e+01  6.664637057e+00
8 10  4.444297292e-01  2.065813654e+00
8 11 -1.727733752e+00 -1.586140162e+00
9 0  2.597225888e-03 -7.563823985e-02
9 1  2.099169311e-02  1.559192934e-01
9 2 -9.339205410e-02 -2.543507833e-01
9 3  3.199983789e-01  3.076734088e-01
9 4 -5.520746686e-01 -1.919654647e-01
9 5  1.302347959e+00 -4.615669555e-01
9 6  6.533155113e-01  1.973241394e+00
9 7 -6.680326291e-01 -1.020792206e+00
9 8  1.203340160e+01 -6.664637057e+00
9 9 -5.054880708e+01 -2.449664483e-14
9 10  2.161982092e+01  7.838078360e+00
9 11  4.084546600e+00  4.378843059e+00
10 0 -5.237875171e-02 -1.335138298e-02
10 1  1.157287765e-01  8.829396657e-03
10 2 -1.886107241e-01  2.699937309e-02
10 3  2.910692259e-01 -1.494659194e-01
10 4 -2.001371231e-01  4.315573650e-01
10 5  5.946119783e-02 -7.146608684e-01
10 6  1.637980479e+00  7.961335128e-01
10 7 -3.734561834e-01  1.968111732e+00
10 8  4.444297292e-01 -2.065813654e+00
10 9  2.161982092e+01 -7.838078360e+00
10 10 -6.625505846e+01 -3.727741957e-13
10 11  3.186897788e+01  6.983954491e+00
11 0 -5.618605024e-02  4.709659221e-02
11 1  1.066010513e-01 -1.194900128e-01
11 2 -1.187371438e-01  2.308006371e-01
11 3  9.000363835e-02 -4.131448350e-01
11 4  2.953044856e-01  6.369935431e-01
11 5 -6.732514457e-01 -4.324270697e-01
11 6  2.037264863e+00 -3.481153205e-01
11 7  1.277475625e+00  3.189978127e+00
11 8 -1.727733752e+00  1.586140162e+00
11 9  4.084546600e+00 -4.378843059e+00
11 10  3.186897788e+01 -6.983954491e+00
11 11 -5.835071659e+01 -1.741176692e-13
0  2.392426628e-02 -1.045717998e-03 -1.078062872e-01 -1.032007597e-02
1  3.966538410e-02 -1.169244674e-03  1.404398364e-01  3.558288551e-02
2  5.485619880e-02 -2.413667812e-03 -1.454946951e-01 -7.546366079e-02
3  7.624151711e-02 -2.706734185e-03  1.192322940e-01  1.280306841e-01
4  1.014198136e-01 -5.286623758e-03 -4.600578276e-02 -1.753295859e-01
5  1.319536083e-01 -6.184165608e-03 -7.701354858e-02  1.672232198e-01
6  1.641312770e-01 -9.121108265e-03  1.794317478e-01 -3.786481609e-02
7  1.894828741e-01 -1.160040422e-02 -9.482717552e-02 -1.522044238e-01
8  2.173646953e-01 -1.334427518e-02 -1.467116928e-01  9.376614638e-02
9  2.484300049e-01 -1.610791996e-02  3.289382475e-02  1.632105377e-01
10  2.470345578e-01 -1.690426148e-02  1.380173834e-01  7.494917186e-02
11  2.387630243e-01 -1.808301245e-02  1.476390495e-01 -7.510493424e-03
