 9.577875662e-06  5.042296092e-01  6.251882470e-01  7.202488945e-01  7.995556810e-01  8.614463174e-01  9.052615338e-01  9.461442385e-01  9.773408205e-01  9.914726652e-01  9.961894517e-01 
 1.980452899e-05  5.041801463e-01  6.252919058e-01  7.204081865e-01  7.997331001e-01  8.617076480e-01  9.055071674e-01  9.463155720e-01  9.776615965e-01  9.920340441e-01  9.964652446e-01 
 3.004003599e-05  5.042582682e-01  6.253500151e-01  7.205321166e-01  7.998587443e-01  8.619089385e-01  9.056860540e-01  9.464467932e-01  9.777102602e-01  9.917910332e-01  9.966132254e-01 
 4.046039162e-05  5.043989062e-01  6.253788702e-01  7.206413136e-01  7.999559100e-01  8.620876028e-01  9.058189968e-01  9.465490491e-01  9.774878187e-01  9.905145027e-01  9.966298787e-01 
 5.006552318e-05  5.044755133e-01  6.253844027e-01  7.207315991e-01  8.000280021e-01  8.622407773e-01  9.059015904e-01  9.466178484e-01  9.770309755e-01  9.910961252e-01  9.965278440e-01 
 6.014338428e-05  5.045037819e-01  6.253693643e-01  7.208176067e-01  8.000921461e-01  8.623902969e-01  9.059432271e-01  9.466655110e-01  9.769728701e-01  9.919660549e-01  9.963189547e-01 
 7.043000280e-05  5.044778702e-01  6.253281990e-01  7.208987073e-01  8.001474765e-01  8.625295074e-01  9.059311180e-01  9.466889815e-01  9.768715470e-01  9.920262320e-01  9.959673207e-01 
 8.051415649e-05  5.043990879e-01  6.252544165e-01  7.209740609e-01  8.001916689e-01  8.626552596e-01  9.058598424e-01  9.466869369e-01  9.771760344e-01  9.913174670e-01  9.961274643e-01 
 9.007004614e-05  5.042723919e-01  6.251305051e-01  7.210425635e-01  8.002253074e-01  8.627687859e-01  9.057343132e-01  9.466616398e-01  9.775368193e-01  9.900323818e-01  9.961465271e-01 
 1.009276164e-04  5.041800835e-01  6.251187187e-01  7.211166397e-01  8.002562207e-01  8.628933383e-01  9.055177755e-01  9.466051615e-01  9.776601624e-01  9.917309571e-01  9.960938770e-01 
 1.116055860e-04  5.042321019e-01  6.253053078e-01  7.211855676e-01  8.002799708e-01  8.630091221e-01  9.051954568e-01  9.465209693e-01  9.774762106e-01  9.921566612e-01  9.960805944e-01 
 1.216035437e-04  5.040957673e-01  6.254338574e-01  7.212475237e-01  8.002952106e-01  8.631099056e-01  9.051044962e-01  9.464157602e-01  9.769650749e-01  9.918555549e-01  9.961257151e-01 
 1.318997024e-04  5.043207811e-01  6.255456672e-01  7.213096406e-01  8.003033280e-01  8.632072312e-01  9.053141189e-01  9.462774814e-01  9.771420141e-01  9.906416125e-01  9.961555323e-01 
 1.414319401e-04  5.044291871e-01  6.256367752e-01  7.213655862e-01  8.003051725e-01  8.632937591e-01  9.053613984e-01  9.461090270e-01  9.771788759e-01  9.910038356e-01  9.960898288e-01 
 1.519884867e-04  5.044926294e-01  6.257276172e-01  7.214251315e-01  8.003021991e-01  8.633861581e-01  9.053014187e-01  9.459687494e-01  9.768677025e-01  9.920039025e-01  9.960766043e-01 
 1.624552041e-04  5.044979978e-01  6.258087359e-01  7.214816356e-01  8.002930283e-01  8.634721614e-01  9.050588879e-01  9.461473362e-01  9.774901103e-01  9.921747431e-01  9.963222548e-01 
 1.728483980e-04  5.044466279e-01  6.258802264e-01  7.215360804e-01  8.002757208e-01  8.635503873e-01  9.052387677e-01  9.462161705e-01  9.777266362e-01  9.916436699e-01  9.964541688e-01 
 1.830793874e-04  5.043400348e-01  6.259417766e-01  7.215886956e-01  8.002505545e-01  8.636213782e-01  9.055202651e-01  9.462249896e-01  9.776756326e-01  9.898912059e-01  9.964705962e-01 
 1.924549956e-04  5.041768070e-01  6.259911978e-01  7.216358413e-01  8.002217433e-01  8.636832329e-01  9.056979224e-01  9.461817181e-01  9.773791697e-01  9.913515117e-01  9.963432021e-01 
 2.023407484e-04  5.042214357e-01  6.260365043e-01  7.216838542e-01  8.001854317e-01  8.637457776e-01  9.058231203e-01  9.460608837e-01  9.766211378e-01  9.921070175e-01  9.960249191e-01 
 2.132067440e-04  5.042097724e-01  6.260776958e-01  7.217345347e-01  8.001357332e-01  8.638096450e-01  9.058910333e-01  9.460324087e-01  9.771878833e-01  9.921916591e-01  9.964684902e-01 
 2.241794586e-04  5.042316558e-01  6.261094921e-01  7.217841448e-01  8.000719536e-01  8.638669827e-01  9.058873349e-01  9.462510958e-01  9.769621627e-01  9.915270882e-01  9.966315353e-01 
 2.341480891e-04  5.043781355e-01  6.261300691e-01  7.218283031e-01  8.000010115e-01  8.639131146e-01  9.058228598e-01  9.463891790e-01  9.771737781e-01  9.891186443e-01  9.966199474e-01 
 2.441800937e-04  5.044660022e-01  6.261432545e-01  7.218716944e-01  7.999156701e-01  8.639554748e-01  9.057011612e-01  9.464979472e-01  9.775137100e-01  9.915425781e-01  9.964158395e-01 
 2.540973499e-04  5.045007714e-01  6.261486921e-01  7.219131051e-01  7.998115890e-01  8.639941297e-01  9.055234278e-01  9.465808915e-01  9.775562676e-01  9.921983950e-01  9.961586200e-01 
 2.642220947e-04  5.044830730e-01  6.261458884e-01  7.219537648e-01  7.996697489e-01  8.640294551e-01  9.052631686e-01  9.466412442e-01  9.772982049e-01  9.922479041e-01  9.965767945e-01 
 2.746493902e-04  5.044087192e-01  6.261340504e-01  7.219943284e-01  7.994340537e-01  8.640600356e-01  9.050074500e-01  9.466775234e-01  9.768878812e-01  9.916703603e-01  9.967487596e-01 
 2.850540660e-04  5.042738686e-01  6.261137220e-01  7.220339275e-01  7.994765296e-01  8.640843051e-01  9.052880703e-01  9.466871560e-01  9.773086150e-01  9.898884953e-01  9.967528442e-01 
 2.935409855e-04  5.041293175e-01  6.260911634e-01  7.220655820e-01  7.996779229e-01  8.641002868e-01  9.053666392e-01  9.466747356e-01  9.772660919e-01  9.912412846e-01  9.966179344e-01 
 3.036609355e-04  5.042399711e-01  6.260569188e-01  7.221021628e-01  7.998506639e-01  8.641161641e-01  9.053664097e-01  9.466353214e-01  9.767157670e-01  9.921121794e-01  9.961964633e-01 
 3.121414495e-04  5.042007545e-01  6.260215924e-01  7.221315891e-01  7.999723348e-01  8.641270378e-01  9.052852066e-01  9.465814552e-01  9.773718940e-01  9.923357849e-01  9.964093707e-01 
 3.226021683e-04  5.042419910e-01  6.259696077e-01  7.221664477e-01  8.001071726e-01  8.641363493e-01  9.049797055e-01  9.464893180e-01  9.776744004e-01  9.920770272e-01  9.967188759e-01 
 3.335079392e-04  5.043948690e-01  6.259062073e-01  7.222016068e-01  8.002346759e-01  8.641395899e-01  9.052900550e-01  9.463628479e-01  9.776627526e-01  9.910516778e-01  9.968224029e-01 
 3.427741288e-04  5.044708275e-01  6.258452622e-01  7.222308104e-01  8.003336190e-01  8.641368843e-01  9.055118604e-01  9.462257269e-01  9.774032602e-01  9.904998434e-01  9.967582159e-01 
 3.533372631e-04  5.045014594e-01  6.257670092e-01  7.222631590e-01  8.004377783e-01  8.641290404e-01  9.056776553e-01  9.459943291e-01  9.766605322e-01  9.918744374e-01  9.964817675e-01 
 3.626351784e-04  5.044793578e-01  6.256891306e-01  7.222904367e-01  8.005243006e-01  8.641191797e-01  9.057625486e-01  9.460616531e-01  9.771190790e-01  9.923330586e-01  9.961484816e-01 
 3.732126701e-04  5.043995544e-01  6.255890500e-01  7.223199411e-01  8.006187986e-01  8.641046368e-01  9.057933728e-01  9.461986550e-01  9.769662020e-01  9.922983360e-01  9.966245319e-01 
 3.835600488e-04  5.042601780e-01  6.254776378e-01  7.223474493e-01  8.007074194e-01  8.640857024e-01  9.057559615e-01  9.462533896e-01  9.771710427e-01  9.916830651e-01  9.967932288e-01 
 3.937629145e-04  5.041873031e-01  6.253493150e-01  7.223736142e-01  8.007904819e-01  8.640611743e-01  9.056513983e-01  9.462541089e-01  9.775421202e-01  9.899923358e-01  9.967989363e-01 
 4.027003004e-04  5.042436458e-01  6.252066308e-01  7.223958828e-01  8.008595012e-01  8.640347029e-01  9.054986692e-01  9.462115453e-01  9.776222690e-01  9.912664370e-01  9.966698855e-01 
 4.137796471e-04  5.041278516e-01  6.250657643e-01  7.224224115e-01  8.009411134e-01  8.639965669e-01  9.051925443e-01  9.460801323e-01  9.773954017e-01  9.922057592e-01  9.962692726e-01 
 4.228462470e-04  5.042833445e-01  6.252362461e-01  7.224429552e-01  8.010056838e-01  8.639619895e-01  9.050721981e-01  9.459615485e-01  9.767361896e-01  9.924424330e-01  9.963651312e-01 
 4.337520075e-04  5.044178878e-01  6.253410000e-01  7.224661715e-01  8.010811856e-01  8.639165469e-01  9.053367594e-01  9.462227828e-01  9.773639840e-01  9.922000300e-01  9.966849058e-01 
 4.444379027e-04  5.044875581e-01  6.253997861e-01  7.224876033e-01  8.011521622e-01  8.638666248e-01  9.054102455e-01  9.463816020e-01  9.774589052e-01  9.913173398e-01  9.967910781e-01 
 4.540951734e-04  5.044981369e-01  6.254285404e-01  7.225061646e-01  8.012130629e-01  8.638154537e-01  9.053813105e-01  9.464897923e-01  9.771932955e-01  9.900909991e-01  9.967487117e-01 
 4.650190578e-04  5.044495438e-01  6.254387703e-01  7.225262969e-01  8.012785149e-01  8.637502769e-01  9.052303107e-01  9.465811228e-01  9.770988737e-01  9.917951323e-01  9.965274637e-01 
 4.754864918e-04  5.043441858e-01  6.254267396e-01  7.225444158e-01  8.013388605e-01  8.636819108e-01  9.049602338e-01  9.466411594e-01  9.774444677e-01  9.924008068e-01  9.958650321e-01 
 4.857430206e-04  5.041622190e-01  6.253914946e-01  7.225607894e-01  8.013962648e-01  8.636104745e-01  9.053387541e-01  9.466745882e-01  9.774018844e-01  9.924722228e-01  9.964921794e-01 
 4.958185098e-04  5.042317611e-01  6.253290931e-01  7.225755547e-01  8.014506953e-01  8.635357889e-01  9.055350843e-01  9.466825217e-01  9.769646726e-01  9.920674351e-01  9.966782776e-01 
 5.068440808e-04  5.042143557e-01  6.252135570e-01  7.225904944e-01  8.015073652e-01  8.634472194e-01  9.056708973e-01  9.466626632e-01  9.772439747e-01  9.908907954e-01  9.967272278e-01 
 5.158310765e-04  5.041931522e-01  6.250121562e-01  7.226019714e-01  8.015510862e-01  8.633681263e-01  9.057339585e-01  9.466244961e-01  9.774017741e-01  9.906621901e-01  9.966586320e-01 
 5.258726398e-04  5.043575285e-01  6.252113741e-01  7.226141001e-01  8.015976936e-01  8.632715282e-01  9.057568627e-01  9.465580986e-01  9.772132533e-01  9.919229492e-01  9.964510139e-01 
 5.362489991e-04  5.044551559e-01  6.253723625e-01  7.226256047e-01  8.016441549e-01  8.631632348e-01  9.057255220e-01  9.464614561e-01  9.770620329e-01  9.924739774e-01  9.959805838e-01 
 5.467911396e-04  5.044964869e-01  6.255015609e-01  7.226358983e-01  8.016899637e-01  8.630457205e-01  9.056306583e-01  9.463298784e-01  9.775634278e-01  9.925298862e-01  9.964660228e-01 
 5.572181851e-04  5.044800777e-01  6.256108016e-01  7.226446363e-01  8.017334416e-01  8.629221979e-01  9.054603081e-01  9.461532987e-01  9.776955859e-01  9.921083102e-01  9.966323552e-01 
 5.673977195e-04  5.044084298e-01  6.257040339e-01  7.226520271e-01  8.017735128e-01  8.627921909e-01  9.051655550e-01  9.459030691e-01  9.775435853e-01  9.910916883e-01  9.966688409e-01 
 5.762561995e-04  5.042996053e-01  6.257762809e-01  7.226577933e-01  8.018063744e-01  8.626678768e-01  9.051298091e-01  9.461261494e-01  9.771889092e-01  9.903504426e-01  9.966101919e-01 
 5.866454493e-04  5.041357379e-01  6.258522235e-01  7.226638914e-01  8.018429454e-01  8.625038725e-01  9.054062906e-01  9.462282899e-01  9.769219591e-01  9.918439534e-01  9.964265324e-01 
 5.977589660e-04  5.042413980e-01  6.259241090e-01  7.226694302e-01  8.018803248e-01  8.623011214e-01  9.055265698e-01  9.462658218e-01  9.770123737e-01  9.924980691e-01  9.959007381e-01 
 6.066080645e-04  5.041836636e-01  6.259744875e-01  7.226728872e-01  8.019089390e-01  8.621137783e-01  9.055417154e-01  9.462529913e-01  9.769490061e-01  9.926230044e-01  9.963383176e-01 
 6.175810709e-04  5.042709191e-01  6.260280439e-01  7.226758128e-01  8.019427003e-01  8.618324195e-01  9.054642637e-01  9.461802969e-01  9.775249810e-01  9.923358209e-01  9.965353204e-01 
 6.281791941e-04  5.044059669e-01  6.260701228e-01  7.226772618e-01  8.019729729e-01  8.614414613e-01  9.052516282e-01  9.460117489e-01  9.777695015e-01  9.915184955e-01  9.966034783e-01 
 6.377876097e-04  5.044750274e-01  6.261003347e-01  7.226776498e-01  8.019982177e-01  8.613449159e-01  9.050619831e-01  9.460651777e-01  9.777501353e-01  9.893209380e-01  9.965774656e-01 
 6.468949417e-04  5.044951100e-01  6.261224351e-01  7.226774308e-01  8.020204495e-01  8.617169948e-01  9.054083579e-01  9.462421827e-01  9.775135019e-01  9.914455478e-01  9.964696306e-01 
 6.577499541e-04  5.044614914e-01  6.261406006e-01  7.226764416e-01  8.020453252e-01  8.619959238e-01  9.056277929e-01  9.463937443e-01  9.768697223e-01  9.923453431e-01  9.962107425e-01 
 6.674729347e-04  5.043799728e-01  6.261489409e-01  7.226746740e-01  8.020662608e-01  8.621853785e-01  9.057402601e-01  9.464991075e-01  9.771450539e-01  9.926690832e-01  9.961508232e-01 
 6.779082602e-04  5.042317215e-01  6.261490596e-01  7.226715830e-01  8.020870105e-01  8.623490670e-01  9.057905592e-01  9.465851002e-01  9.771149671e-01  9.926075177e-01  9.963906733e-01 
 6.889936594e-04  5.042124139e-01  6.261390616e-01  7.226668289e-01  8.021066409e-01  8.624894044e-01  9.057692039e-01  9.466465666e-01  9.770344902e-01  9.920699290e-01  9.964969287e-01 
 6.998548292e-04  5.042287615e-01  6.261195164e-01  7.226608236e-01  8.021232517e-01  8.626012985e-01  9.056717185e-01  9.466773326e-01  9.775003793e-01  9.908413705e-01  9.965130847e-01 
 7.086305470e-04  5.041204776e-01  6.260970083e-01  7.226551951e-01  8.021348862e-01  8.626777132e-01  9.055296865e-01  9.466809766e-01  9.776074177e-01  9.906794631e-01  9.964635350e-01 
 7.194077281e-04  5.043324258e-01  6.260611856e-01  7.226475386e-01  8.021473832e-01  8.627590211e-01  9.052362326e-01  9.466590325e-01  9.774248868e-01  9.920167898e-01  9.963138604e-01 
 7.291133072e-04  5.044333044e-01  6.260207697e-01  7.226399203e-01  8.021571980e-01  8.628229684e-01  9.051134850e-01  9.466137446e-01  9.767522757e-01  9.925797241e-01  9.960263225e-01 
 7.394497258e-04  5.044866972e-01  6.259686979e-01  7.226308345e-01  8.021660062e-01  8.628820451e-01  9.054052076e-01  9.465386140e-01  9.773862691e-01  9.927691140e-01  9.962301328e-01 
 7.497620897e-04  5.044852136e-01  6.259073568e-01  7.226205247e-01  8.021726585e-01  8.629306531e-01  9.055242436e-01  9.464358296e-01  9.775664395e-01  9.925792427e-01  9.963826742e-01 
 7.597927946e-04  5.044307012e-01  6.258389205e-01  7.226092272e-01  8.021768022e-01  8.629668897e-01  9.055472672e-01  9.463064374e-01  9.774283848e-01  9.920030725e-01  9.964432451e-01 
 7.709638615e-04  5.043065547e-01  6.257525016e-01  7.225953095e-01  8.021788224e-01  8.629943465e-01  9.054751417e-01  9.461086112e-01  9.768354938e-01  9.905909925e-01  9.964370869e-01 
 7.801365282e-04  5.041075030e-01  6.256727371e-01  7.225830274e-01  8.021787263e-01  8.630077402e-01  9.053224421e-01  9.459488588e-01  9.771474729e-01  9.909851012e-01  9.963739306e-01 
 7.907306078e-04  5.042376785e-01  6.255684118e-01  7.225680677e-01  8.021769655e-01  8.630148616e-01  9.048249434e-01  9.461634730e-01  9.771869211e-01  9.921458124e-01  9.962211147e-01 
 8.005610861e-04  5.042028954e-01  6.254557760e-01  7.225534507e-01  8.021738151e-01  8.630149462e-01  9.053317251e-01  9.462466576e-01  9.768029708e-01  9.926727451e-01  9.959280327e-01 
 8.110984955e-04  5.042358517e-01  6.253078672e-01  7.225368112e-01  8.021685615e-01  8.630086454e-01  9.055436641e-01  9.462782161e-01  9.775002582e-01  9.928454226e-01  9.962566689e-01 
 8.216976891e-04  5.043829625e-01  6.250818329e-01  7.225187675e-01  8.021608695e-01  8.629947090e-01  9.056600397e-01  9.462606567e-01  9.777982705e-01  9.926494065e-01  9.963903644e-01 
 8.321111548e-04  5.044657121e-01  6.251863201e-01  7.224995918e-01  8.021507619e-01  8.629716105e-01  9.057030047e-01  9.461919877e-01  9.778243254e-01  9.920682009e-01  9.964449022e-01 
 8.422675330e-04  5.044921918e-01  6.253185136e-01  7.224795661e-01  8.021387039e-01  8.629383146e-01  9.056814790e-01  9.460456878e-01  9.776165055e-01  9.909217244e-01  9.964364047e-01 
 8.510197993e-04  5.044709336e-01  6.253897069e-01  7.224614232e-01  8.021268988e-01  8.629004694e-01  9.056112077e-01  9.460056710e-01  9.772887849e-01  9.905754513e-01  9.963787945e-01 
 8.624718672e-04  5.043823122e-01  6.254498814e-01  7.224366903e-01  8.021097939e-01  8.628387515e-01  9.054343362e-01  9.462474473e-01  9.768124243e-01  9.920476250e-01  9.962160384e-01 
 8.723060294e-04  5.042471670e-01  6.254789129e-01  7.224146280e-01  8.020935654e-01  8.627758883e-01  9.051522823e-01  9.463855374e-01  9.770080750e-01  9.926527974e-01  9.959509356e-01 
 8.825110866e-04  5.041922189e-01  6.254892280e-01  7.223908281e-01  8.020749146e-01  8.627017061e-01  9.051798474e-01  9.464960948e-01  9.774808523e-01  9.929139773e-01  9.962676593e-01 
 8.936558334e-04  5.042388282e-01  6.254775576e-01  7.223634954e-01  8.020519569e-01  8.626096668e-01  9.054328115e-01  9.465864667e-01  9.778678726e-01  9.928311206e-01  9.964270954e-01 
 9.044727188e-04  5.041200925e-01  6.254422516e-01  7.223353192e-01  8.020268410e-01  8.625064116e-01  9.055358966e-01  9.466457239e-01  9.780257095e-01  9.923806631e-01  9.965051141e-01 
 9.151690167e-04  5.043315666e-01  6.253811856e-01  7.223057408e-01  8.019995163e-01  8.623852697e-01  9.055461847e-01  9.466760969e-01  9.779491110e-01  9.914652050e-01  9.965154249e-01 
 9.248333192e-04  5.044332295e-01  6.252963754e-01  7.222776566e-01  8.019731483e-01  8.622529126e-01  9.054787411e-01  9.466784915e-01  9.777111768e-01  9.896055992e-01  9.964639812e-01 
 9.346167353e-04  5.044850216e-01  6.251562780e-01  7.222481354e-01  8.019451396e-01  8.620881902e-01  9.053159701e-01  9.466564225e-01  9.774029155e-01  9.915975883e-01  9.963387563e-01 
 9.448327410e-04  5.044847020e-01  6.251138640e-01  7.222163440e-01  8.019144289e-01  8.618682855e-01  9.048122657e-01  9.466073717e-01  9.772551778e-01  9.924541858e-01  9.960610378e-01 
 9.561854866e-04  5.044203237e-01  6.253297743e-01  7.221799284e-01  8.018781427e-01  8.615110991e-01  9.053766481e-01  9.465212796e-01  9.775183731e-01  9.929260973e-01  9.962795766e-01 
 9.661296662e-04  5.043079892e-01  6.254617117e-01  7.221469484e-01  8.018440089e-01  8.612455985e-01  9.055703821e-01  9.464162679e-01  9.778577338e-01  9.930207789e-01  9.964740126e-01 
 9.773407921e-04  5.041421997e-01  6.255846174e-01  7.221081976e-01  8.018024886e-01  8.617334333e-01  9.056927959e-01  9.462566817e-01  9.781202072e-01  9.927985917e-01  9.966063898e-01 
 9.886251378e-04  5.042491461e-01  6.256895757e-01  7.220671392e-01  8.017575462e-01  8.620208775e-01  9.057345366e-01  9.460054415e-01  9.781653208e-01  9.921938315e-01  9.966644580e-01 
 9.995569828e-04  5.041595172e-01  6.257770467e-01  7.220252425e-01  8.017115248e-01  8.622386326e-01  9.056997654e-01  9.461052282e-01  9.779990247e-01  9.910374729e-01  9.966471309e-01 
 1.009198560e-03  5.042762696e-01  6.258444331e-01  7.219866351e-01  8.016692817e-01  8.624047445e-01  9.056022202e-01  9.462274731e-01  9.777482111e-01  9.905987568e-01  9.965612880e-01 
 1.019546001e-03  5.044064122e-01  6.259078780e-01  7.219436912e-01  8.016222499e-01  8.625653741e-01  9.054070644e-01  9.462890157e-01  9.775380363e-01  9.919732574e-01  9.963669236e-01 
 1.029682692e-03  5.044748784e-01  6.259617881e-01  7.219003253e-01  8.015741176e-01  8.627086251e-01  9.049927493e-01  9.463003914e-01  9.775956891e-01  9.926787696e-01  9.959955600e-01 
 1.040899523e-03  5.044873818e-01  6.260120124e-01  7.218509574e-01  8.015177987e-01  8.628526228e-01  9.053521380e-01  9.462591449e-01  9.779028078e-01  9.930680872e-01  9.964652387e-01 
 1.051380686e-03  5.044396730e-01  6.260495598e-01  7.218033686e-01  8.014616224e-01  8.629739023e-01  9.055553951e-01  9.461585550e-01  9.781844925e-01  9.931286608e-01  9.966789675e-01 
 1.062922722e-03  5.043193013e-01  6.260799054e-01  7.217488526e-01  8.013955330e-01  8.630932150e-01  9.056570080e-01  9.458196884e-01  9.783294178e-01  9.928780664e-01  9.968198481e-01 
 1.073060161e-03  5.040890617e-01  6.260970247e-01  7.216986932e-01  8.013341390e-01  8.631869404e-01  9.056652176e-01  9.461680864e-01  9.782746024e-01  9.923612430e-01  9.968748309e-01 
 1.084590772e-03  5.042512101e-01  6.261060715e-01  7.216386945e-01  8.012609980e-01  8.632832191e-01  9.055827589e-01  9.463476902e-01  9.780483681e-01  9.912722709e-01  9.968596301e-01 
 1.093716743e-03  5.042176348e-01  6.261057184e-01  7.215888700e-01  8.012007625e-01  8.633532869e-01  9.054320737e-01  9.464536977e-01  9.778449996e-01  9.900281948e-01  9.967797778e-01 
 1.104045096e-03  5.042241744e-01  6.260975452e-01  7.215300017e-01  8.011299479e-01  8.634275461e-01  9.050660951e-01  9.465461716e-01  9.777621111e-01  9.917617790e-01  9.965888344e-01 
 1.114898539e-03  5.043823083e-01  6.260799164e-01  7.214654909e-01  8.010518274e-01  8.635007448e-01  9.053358089e-01  9.466148146e-01  9.779333001e-01  9.926233245e-01  9.961388041e-01 
 1.123610763e-03  5.044554357e-01  6.260587094e-01  7.214118768e-01  8.009856007e-01  8.635560751e-01  9.055491668e-01  9.466496098e-01  9.781613583e-01  9.930291403e-01  9.964156469e-01 
 1.135224853e-03  5.044906528e-01  6.260200782e-01  7.213378035e-01  8.008912980e-01  8.636243733e-01  9.057108550e-01  9.466689302e-01  9.784045959e-01  9.932688531e-01  9.967717888e-01 
 1.145473081e-03  5.044628632e-01  6.259759296e-01  7.212694980e-01  8.008017768e-01  8.636783390e-01  9.057735808e-01  9.466607131e-01  9.784675474e-01  9.932244080e-01  9.969607315e-01 
 1.155758741e-03  5.043788779e-01  6.259222456e-01  7.211973895e-01  8.007057530e-01  8.637257375e-01  9.057710905e-01  9.466280189e-01  9.783667058e-01  9.929450203e-01  9.970751518e-01 
 1.166606695e-03  5.042165345e-01  6.258556212e-01  7.211164748e-01  8.005973621e-01  8.637681827e-01  9.056984885e-01  9.465655981e-01  9.781344638e-01  9.923672113e-01  9.971261065e-01 
 1.177114705e-03  5.042258599e-01  6.257812359e-01  7.210321231e-01  8.004845367e-01  8.638021655e-01  9.055522186e-01  9.464763071e-01  9.779174499e-01  9.913978878e-01  9.971065027e-01 
 1.186519736e-03  5.042538625e-01  6.257059773e-01  7.209503649e-01  8.003758395e-01  8.638270688e-01  9.053322254e-01  9.463701674e-01  9.778738686e-01  9.897126591e-01  9.970192936e-01 
 1.196095506e-03  5.041415123e-01  6.256196400e-01  7.208595523e-01  8.002555468e-01  8.638477859e-01  9.049066307e-01  9.462293813e-01  9.780152511e-01  9.915916609e-01  9.968376320e-01 
 1.207213700e-03  5.043127157e-01  6.255033622e-01  7.207420470e-01  8.000979763e-01  8.638671099e-01  9.053774958e-01  9.459634193e-01  9.782658890e-01  9.925625433e-01  9.964350195e-01 
 1.214951607e-03  5.044043735e-01  6.254078511e-01  7.206501681e-01  7.999707436e-01  8.638780408e-01  9.055072910e-01  9.460655361e-01  9.783967377e-01  9.929889564e-01  9.962409942e-01 
 1.224999241e-03  5.044734033e-01  6.252517127e-01  7.205123062e-01  7.997674434e-01  8.638892535e-01  9.055898419e-01  9.462185371e-01  9.784424489e-01  9.933225463e-01  9.967438454e-01 
 1.236144224e-03  5.044874270e-01  6.250262037e-01  7.203123289e-01  7.993951155e-01  8.638973236e-01  9.055942751e-01  9.462992325e-01  9.783024788e-01  9.934412881e-01  9.970451433e-01 
 1.246698752e-03  5.044401473e-01  6.252640449e-01  7.200202708e-01  7.996220254e-01  8.639000774e-01  9.055205635e-01  9.463204768e-01  9.780208036e-01  9.933322771e-01  9.972305006e-01 
 1.257863301e-03  5.043243172e-01  6.253829679e-01  7.203565501e-01  7.998766369e-01  8.638970469e-01  9.053493152e-01  9.462909619e-01  9.776970482e-01  9.929881989e-01  9.973499609e-01 
 1.268008570e-03  5.041028387e-01  6.254504584e-01  7.205163333e-01  8.000391908e-01  8.638882952e-01  9.050326427e-01  9.462129861e-01  9.775829358e-01  9.924459886e-01  9.973943596e-01 
 1.279339102e-03  5.042550641e-01  6.254964605e-01  7.206521119e-01  8.001819820e-01  8.638711266e-01  9.052382981e-01  9.460254993e-01  9.777564462e-01  9.914476332e-01  9.973669251e-01 
 1.288719141e-03  5.042291211e-01  6.255161390e-01  7.207459424e-01  8.002799863e-01  8.638508198e-01  9.054023997e-01  9.460670902e-01  9.779752374e-01  9.891366707e-01  9.972739241e-01 
 1.297715445e-03  5.041764587e-01  6.255213418e-01  7.208254087e-01  8.003616336e-01  8.638262155e-01  9.054767541e-01  9.462490600e-01  9.781115259e-01  9.914230361e-01  9.971103184e-01 
 1.308759956e-03  5.043626396e-01  6.255100786e-01  7.209122456e-01  8.004496049e-01  8.637896174e-01  9.054829694e-01  9.464026958e-01  9.780911664e-01  9.924612201e-01  9.967784789e-01 
 1.319407920e-03  5.044568718e-01  6.254795263e-01  7.209867575e-01  8.005249361e-01  8.637483556e-01  9.054007396e-01  9.465113078e-01  9.778454683e-01  9.930820156e-01  9.959859186e-01 
 1.328091137e-03  5.044880457e-01  6.254376246e-01  7.210416342e-01  8.005810092e-01  8.637109733e-01  9.052507721e-01  9.465773891e-01  9.774860942e-01  9.934041157e-01  9.966748993e-01 
 1.339132695e-03  5.044696995e-01  6.253550067e-01  7.211045487e-01  8.006460078e-01  8.636592074e-01  9.049867642e-01  9.466352603e-01  9.767846674e-01  9.936135598e-01  9.970743107e-01 
 1.350121620e-03  5.043873789e-01  6.252186680e-01  7.211604618e-01  8.007035243e-01  8.636030296e-01  9.053505235e-01  9.466645803e-01  9.768663818e-01  9.936222893e-01  9.973228596e-01 
 1.361182964e-03  5.042294298e-01  6.250598005e-01  7.212110023e-01  8.007540232e-01  8.635412140e-01  9.055220300e-01  9.466650429e-01  9.771616133e-01  9.934444851e-01  9.974792834e-01 
 1.371394748e-03  5.042170758e-01  6.252948125e-01  7.212532903e-01  8.007941832e-01  8.634787453e-01  9.055985239e-01  9.466392722e-01  9.776250599e-01  9.931156950e-01  9.975574412e-01 
 1.382672394e-03  5.042549164e-01  6.254540214e-01  7.212958531e-01  8.008316136e-01  8.634027699e-01  9.056034495e-01  9.465820965e-01  9.778862271e-01  9.925435050e-01  9.975789483e-01 
 1.393046236e-03  5.040817080e-01  6.255697288e-01  7.213318205e-01  8.008601170e-01  8.633251321e-01  9.055296796e-01  9.465031645e-01  9.778871244e-01  9.917336226e-01  9.975394137e-01 
 1.403586344e-03  5.043243295e-01  6.256692566e-01  7.213657944e-01  8.008840921e-01  8.632369775e-01  9.053521961e-01  9.463953139e-01  9.776703481e-01  9.901248040e-01  9.974349882e-01 
 1.413226368e-03  5.044296043e-01  6.257485832e-01  7.213949265e-01  8.009024024e-01  8.631466638e-01  9.049354235e-01  9.462664382e-01  9.773405001e-01  9.912469507e-01  9.972721131e-01 
 1.423077759e-03  5.044826629e-01  6.258202813e-01  7.214228998e-01  8.009181272e-01  8.630437065e-01  9.053395360e-01  9.460826295e-01  9.770591836e-01  9.922701648e-01  9.970309201e-01 
 1.433271843e-03  5.044813846e-01  6.258857244e-01  7.214499441e-01  8.009316132e-01  8.629247978e-01  9.055811179e-01  9.460161172e-01  9.772163367e-01  9.929732095e-01  9.966665430e-01 
 1.443556328e-03  5.044232009e-01  6.259432805e-01  7.214751522e-01  8.009425362e-01  8.627909746e-01  9.057298235e-01  9.461868889e-01  9.776354910e-01  9.934644346e-01  9.961346020e-01 
 1.454031603e-03  5.043043007e-01  6.259931280e-01  7.214984226e-01  8.009506669e-01  8.626391350e-01  9.058126467e-01  9.462684442e-01  9.780057794e-01  9.937867586e-01  9.967340329e-01 
 1.464238228e-03  5.041259633e-01  6.260328313e-01  7.215185249e-01  8.009551213e-01  8.624741665e-01  9.058358063e-01  9.462984883e-01  9.782041224e-01  9.939494730e-01  9.970061761e-01 
 1.475314584e-03  5.042568400e-01  6.260657108e-01  7.215374007e-01  8.009555479e-01  8.622709044e-01  9.058016584e-01  9.462831906e-01  9.781933826e-01  9.939743348e-01  9.971807017e-01 
 1.486518739e-03  5.041984937e-01  6.260881108e-01  7.215534894e-01  8.009511393e-01  8.620263401e-01  9.057074368e-01  9.462103973e-01  9.779496350e-01  9.938547857e-01  9.972674405e-01 
 1.496742674e-03  5.042533391e-01  6.260990932e-01  7.215656543e-01  8.009428151e-01  8.617395554e-01  9.055700394e-01  9.460632557e-01  9.775814677e-01  9.936289664e-01  9.972839518e-01 
 1.508832385e-03  5.044096874e-01  6.261005830e-01  7.215771039e-01  8.009275056e-01  8.610795521e-01  9.053401643e-01  9.460884407e-01  9.771831534e-01  9.932188262e-01  9.972430087e-01 
 1.518558490e-03  5.044734773e-01  6.260929215e-01  7.215841816e-01  8.009108683e-01  8.615940601e-01  9.050783515e-01  9.462727057e-01  9.772260262e-01  9.927591135e-01  9.971720963e-01 
 1.529502108e-03  5.044838768e-01  6.260750535e-01  7.215900614e-01  8.008876516e-01  8.619251946e-01  9.050280233e-01  9.464200105e-01  9.775652985e-01  9.920449259e-01  9.970600475e-01 
 1.540195844e-03  5.044305230e-01  6.260482597e-01  7.215938090e-01  8.008604028e-01  8.621552110e-01  9.050686976e-01  9.465289269e-01  9.778391055e-01  9.909396344e-01  9.969303933e-01 
 1.549478667e-03  5.043316888e-01  6.260176136e-01  7.215955709e-01  8.008331108e-01  8.623168585e-01  9.048784652e-01  9.465998963e-01  9.779189584e-01  9.903791729e-01  9.968212043e-01 
 1.559218486e-03  5.041383364e-01  6.259781121e-01  7.215960667e-01  8.008009818e-01  8.624618704e-01  9.052595911e-01  9.466514875e-01  9.778085621e-01  9.917357309e-01  9.967370921e-01 
 1.569429439e-03  5.042507964e-01  6.259284241e-01  7.215952175e-01  8.007635977e-01  8.625946302e-01  9.055186345e-01  9.466804867e-01  9.774743549e-01  9.925993768e-01  9.967064911e-01 
 1.580304904e-03  5.042419997e-01  6.258656382e-01  7.215928477e-01  8.007195156e-01  8.627199284e-01  9.057383871e-01  9.466834924e-01  9.768072448e-01  9.932791992e-01  9.967467161e-01 
 1.591346147e-03  5.041964709e-01  6.257905115e-01  7.215888878e-01  8.006698146e-01  8.628337050e-01  9.059109673e-01  9.466576479e-01  9.769883199e-01  9.937993682e-01  9.968515780e-01 
 1.602401992e-03  5.043700156e-01  6.257022082e-01  7.215832749e-01  8.006143666e-01  8.629362016e-01  9.060338252e-01  9.466021860e-01  9.770388977e-01  9.941775378e-01  9.970001801e-01 
 1.612360309e-03  5.044536972e-01  6.256092921e-01  7.215766555e-01  8.005586150e-01  8.630197836e-01  9.061019482e-01  9.465252315e-01  9.776302718e-01  9.944097307e-01  9.971533930e-01 
 1.623146417e-03  5.044845594e-01  6.254902144e-01  7.215675524e-01  8.004904139e-01  8.631013800e-01  9.061313995e-01  9.464095693e-01  9.780358850e-01  9.945587183e-01  9.973223161e-01 
 1.634473780e-03  5.044511104e-01  6.253333788e-01  7.215555467e-01  8.004078683e-01  8.631769315e-01  9.061156278e-01  9.462418414e-01  9.781983823e-01  9.946161882e-01  9.974888273e-01 
 1.645682731e-03  5.043512194e-01  6.250899783e-01  7.215410520e-01  8.003127502e-01  8.632413953e-01  9.060579958e-01  9.459594036e-01  9.780742482e-01  9.945910754e-01  9.976367642e-01 
 1.657483183e-03  5.041354804e-01  6.252285395e-01  7.215229199e-01  8.001943199e-01  8.632987090e-01  9.059606062e-01  9.461593282e-01  9.776461322e-01  9.944987534e-01  9.977746179e-01 
 1.668043786e-03  5.042474905e-01  6.253654220e-01  7.215041080e-01  8.000665548e-01  8.633414367e-01  9.058523047e-01  9.462866762e-01  9.769949603e-01  9.943780400e-01  9.978814871e-01 
 1.678972614e-03  5.042320549e-01  6.254533331e-01  7.214819761e-01  7.999015302e-01  8.633774890e-01  9.057356931e-01  9.463542733e-01  9.769943926e-01  9.942308331e-01  9.979712377e-01 
 1.688867438e-03  5.041842457e-01  6.255048561e-01  7.214595694e-01  7.997004423e-01  8.634031617e-01  9.056466111e-01  9.463732024e-01  9.768384635e-01  9.940880818e-01  9.980311720e-01 
 1.699899679e-03  5.043624539e-01  6.255382646e-01  7.214318802e-01  7.992207871e-01  8.634243093e-01  9.055943910e-01  9.463494042e-01  9.775482329e-01  9.939296424e-01  9.980747921e-01 
 1.711701127e-03  5.044600003e-01  6.255495534e-01  7.213989214e-01  7.997125389e-01  8.634384956e-01  9.056153060e-01  9.462669622e-01  9.779495806e-01  9.937739688e-01  9.980968534e-01 
 1.723230012e-03  5.044829298e-01  6.255375277e-01  7.213631814e-01  7.999545514e-01  8.634438526e-01  9.057003835e-01  9.461019644e-01  9.780364051e-01  9.936443663e-01  9.980926466e-01 
 1.735423717e-03  5.044289754e-01  6.254994380e-01  7.213214341e-01  8.001486596e-01  8.634402402e-01  9.058207452e-01  9.460750520e-01  9.777964719e-01  9.935379917e-01  9.980572394e-01 
 1.747730760e-03  5.042894716e-01  6.254304485e-01  7.212750038e-01  8.003114360e-01  8.634271930e-01  9.059366578e-01  9.463139465e-01  9.772243368e-01  9.934727603e-01  9.979910750e-01 
 1.759360556e-03  5.041894105e-01  6.253260542e-01  7.212268256e-01  8.004457500e-01  8.634064681e-01  9.060191616e-01  9.464636733e-01  9.769546244e-01  9.934582343e-01  9.979045036e-01 
 1.771083977e-03  5.042628149e-01  6.251394804e-01  7.211736266e-01  8.005671550e-01  8.633772121e-01  9.060637246e-01  9.465721753e-01  9.766354192e-01  9.934919755e-01  9.977915307e-01 
 1.781779929e-03  5.041616791e-01  6.251705525e-01  7.211206435e-01  8.006683539e-01  8.633429560e-01  9.060649792e-01  9.466395161e-01  9.774179791e-01  9.935657649e-01  9.976597151e-01 
 1.792555520e-03  5.042968361e-01  6.253638930e-01  7.210623862e-01  8.007629079e-01  8.633008691e-01  9.060253822e-01  9.466791094e-01  9.778423863e-01  9.936815079e-01  9.974929173e-01 
 1.804339998e-03  5.044280971e-01  6.255140999e-01  7.209920314e-01  8.008590873e-01  8.632453688e-01  9.059334716e-01  9.466910915e-01  9.780026286e-01  9.938503708e-01  9.972565914e-01 
 1.814717013e-03  5.044787362e-01  6.256224015e-01  7.209232119e-01  8.009381660e-01  8.631871442e-01  9.058095834e-01  9.466742155e-01  9.778560143e-01  9.940295391e-01  9.969629586e-01 
 1.826415242e-03  5.044655300e-01  6.257267721e-01  7.208361777e-01  8.010217188e-01  8.631094788e-01  9.056200939e-01  9.466232294e-01  9.773274537e-01  9.942619741e-01  9.963380105e-01 
 1.834441739e-03  5.044134452e-01  6.257896557e-01  7.207691706e-01  8.010759853e-01  8.630479966e-01  9.054574032e-01  9.465682470e-01  9.768732983e-01  9.944378940e-01  9.965737216e-01 
 1.846406876e-03  5.042655258e-01  6.258718136e-01  7.206541568e-01  8.011525634e-01  8.629423610e-01  9.051538159e-01  9.464558085e-01  9.772904747e-01  9.947168814e-01  9.971477871e-01 
 1.857787486e-03  5.042063232e-01  6.259380458e-01  7.205194060e-01  8.012208097e-01  8.628237526e-01  9.049241267e-01  9.463115670e-01  9.767542049e-01  9.949908854e-01  9.975212896e-01 
 1.868751624e-03  5.042584387e-01  6.259914415e-01  7.203451118e-01  8.012826932e-01  8.626892789e-01  9.048155814e-01  9.461174410e-01  9.776646998e-01  9.952547329e-01  9.978137459e-01 
 1.879168924e-03  5.041439362e-01  6.260328791e-01  7.200269080e-01  8.013382469e-01  8.625389897e-01  9.052286721e-01  9.459908070e-01  9.780273626e-01  9.954971654e-01  9.980440607e-01 
 1.889670265e-03  5.043024460e-01  6.260655313e-01  7.203103436e-01  8.013910608e-01  8.623585827e-01  9.055300485e-01  9.461865088e-01  9.780596799e-01  9.957256734e-01  9.982296678e-01 
 1.901361008e-03  5.044312378e-01  6.260912383e-01  7.205197537e-01  8.014461163e-01  8.621074499e-01  9.058031533e-01  9.462802393e-01  9.776815219e-01  9.959575889e-01  9.983829694e-01 
 1.912117324e-03  5.044814753e-01  6.261050680e-01  7.206647872e-01  8.014935580e-01  8.617924664e-01  9.059944684e-01  9.463068586e-01  9.767466963e-01  9.961506632e-01  9.984776963e-01 
 1.923190925e-03  5.044668173e-01  6.261094251e-01  7.207904931e-01  8.015394688e-01  8.611676460e-01  9.061266092e-01  9.462849561e-01  9.775455091e-01  9.963297389e-01  9.985289709e-01 
 1.933718302e-03  5.043902260e-01  6.261042342e-01  7.208957058e-01  8.015804873e-01  8.616818954e-01  9.061885502e-01  9.462147983e-01  9.775281435e-01  9.964826104e-01  9.985318493e-01 
 1.944185758e-03  5.042452593e-01  6.260900489e-01  7.209902476e-01  8.016189041e-01  8.620358708e-01  9.061873757e-01  9.460693989e-01  9.766883973e-01  9.966208296e-01  9.984900218e-01 
 1.954511425e-03  5.042125699e-01  6.260671657e-01  7.210757048e-01  8.016547454e-01  8.622922720e-01  9.061241032e-01  9.460330733e-01  9.776978471e-01  9.967463359e-01  9.984070996e-01 
 1.964520353e-03  5.042681852e-01  6.260364357e-01  7.211524718e-01  8.016876564e-01  8.624962864e-01  9.060018433e-01  9.462456973e-01  9.781077580e-01  9.968578155e-01  9.982874668e-01 
 1.975840943e-03  5.041717898e-01  6.259914504e-01  7.212333939e-01  8.017226113e-01  8.626933905e-01  9.057824764e-01  9.464086338e-01  9.782126024e-01  9.969700946e-01  9.980985459e-01 
 1.987047515e-03  5.042978157e-01  6.259361007e-01  7.213083565e-01  8.017547809e-01  8.628639090e-01  9.054417128e-01  9.465291256e-01  9.779396153e-01  9.970661220e-01  9.978368720e-01 
 1.996563859e-03  5.044086839e-01  6.258803087e-01  7.213685128e-01  8.017803229e-01  8.629944337e-01  9.049975683e-01  9.466062178e-01  9.773269325e-01  9.971370764e-01  9.975290225e-01 
 2.007483795e-03  5.044718965e-01  6.258055803e-01  7.214340207e-01  8.018077721e-01  8.631312200e-01  9.054884237e-01  9.466690720e-01  9.774654611e-01  9.972086097e-01  9.969950611e-01 
 2.016944398e-03  5.044747410e-01  6.257306645e-01  7.214881182e-01  8.018299457e-01  8.632398462e-01  9.056399374e-01  9.467020523e-01  9.777709076e-01  9.972636623e-01  9.962840865e-01 
 2.026540046e-03  5.044286096e-01  6.256435877e-01  7.215408454e-01  8.018508823e-01  8.633415424e-01  9.056870971e-01  9.467144613e-01  9.776427785e-01  9.973153191e-01  9.971688934e-01 
 2.037825034e-03  5.043094095e-01  6.255231284e-01  7.216004562e-01  8.018735242e-01  8.634512325e-01  9.056209736e-01  9.467006596e-01  9.769526890e-01  9.973754541e-01  9.977233738e-01 
 2.048407609e-03  5.041224132e-01  6.253837084e-01  7.216542837e-01  8.018927734e-01  8.635451315e-01  9.054021365e-01  9.466594506e-01  9.778747370e-01  9.974358249e-01  9.981196436e-01 
 2.058876968e-03  5.042560253e-01  6.251915482e-01  7.217058560e-01  8.019096719e-01  8.636297481e-01  9.051076815e-01  9.465929208e-01  9.781783847e-01  9.975005030e-01  9.984433687e-01 
 2.069037827e-03  5.042236684e-01  6.251276751e-01  7.217545616e-01  8.019238059e-01  8.637040899e-01  9.055903451e-01  9.465049238e-01  9.780787862e-01  9.975669833e-01  9.987079772e-01 
 2.079545379e-03  5.042199995e-01  6.253229552e-01  7.218036191e-01  8.019360940e-01  8.637732093e-01  9.058569095e-01  9.463879824e-01  9.775147982e-01  9.976390442e-01  9.989391694e-01 
