 1.695500020e+00 -1.849181530e+00  8.644375036e-01  4.109816226e+00  9.298383205e-01  9.599490360e-01  8.108878160e+00 512 3 11
 0.000000000e+00  0.000000000e+00  4.560254449e-05
 1.956947162e-03  2.760999158e-02  1.417108450e-01
 3.913894325e-03  3.905010497e-02  2.003705674e-01
 5.870841487e-03  4.783086787e-02  2.453399709e-01
 7.827788650e-03  5.523540590e-02  2.832207566e-01
 9.784735812e-03  6.176066642e-02  3.165691064e-01
 1.174168297e-02  6.766148307e-02  3.466964338e-01
 1.369863014e-02  7.308921968e-02  3.743820873e-01
 1.565557730e-02  7.814248531e-02  4.001340732e-01
 1.761252446e-02  8.288976489e-02  4.243054138e-01
 1.956947162e-02  8.738091494e-02  4.471532648e-01
 2.152641879e-02  9.165356774e-02  4.688718540e-01
 2.348336595e-02  9.573695553e-02  4.896121543e-01
 2.544031311e-02  9.965432168e-02  5.094978814e-01
 2.739726027e-02  1.034244586e-01  5.286388824e-01
 2.935420744e-02  1.070627343e-01  5.470859684e-01
 3.131115460e-02  1.105824599e-01  5.648879693e-01
 3.326810176e-02  1.139946879e-01  5.821172236e-01
 3.522504892e-02  1.173088678e-01  5.988220202e-01
 3.718199609e-02  1.205331489e-01  6.150428487e-01
 3.913894325e-02  1.236746337e-01  6.308147269e-01
 4.109589041e-02  1.267395450e-01  6.461686591e-01
 4.305283757e-02  1.297333796e-01  6.611327876e-01
 4.500978474e-02  1.326610075e-01  6.757343883e-01
 4.696673190e-02  1.355267614e-01  6.899973630e-01
 4.892367906e-02  1.383345251e-01  7.039393498e-01
 5.088062622e-02  1.410878164e-01  7.175726803e-01
 5.283757339e-02  1.437898411e-01  7.309100742e-01
 5.479452055e-02  1.464435128e-01  7.439707373e-01
 5.675146771e-02  1.490514535e-01  7.567734886e-01
 5.870841487e-02  1.516160564e-01  7.693292401e-01
 6.066536204e-02  1.541395298e-01  7.816424680e-01
 6.262230920e-02  1.566239352e-01  7.937193324e-01
 6.457925636e-02  1.590711710e-01  8.055750214e-01
 6.653620352e-02  1.614829623e-01  8.172224548e-01
 6.849315068e-02  1.638609135e-01  8.286668805e-01
 7.045009785e-02  1.662065265e-01  8.399147504e-01
 7.240704501e-02  1.685211953e-01  8.509708145e-01
 7.436399217e-02  1.708062367e-01  8.618382550e-01
 7.632093933e-02  1.730628831e-01  8.725255344e-01
 7.827788650e-02  1.752922753e-01  8.830404942e-01
 8.023483366e-02  1.774954856e-01  8.933921820e-01
 8.219178082e-02  1.796735015e-01  9.035855997e-01
 8.414872798e-02  1.818272717e-01  9.136114807e-01
 8.610567515e-02  1.839577361e-01  9.234743624e-01
 8.806262231e-02  1.860657372e-01  9.331924632e-01
 9.001956947e-02  1.881520516e-01  9.427697551e-01
 9.197651663e-02  1.902174331e-01  9.522040205e-01
 9.393346380e-02  1.922626030e-01  9.614924008e-01
 9.589041096e-02  1.942882651e-01  9.706390250e-01
 9.784735812e-02  1.962950657e-01  9.796529212e-01
 9.980430528e-02  1.982836165e-01  9.885374977e-01
 1.017612524e-01  2.002545009e-01  9.972964381e-01
 1.037181996e-01  2.022082702e-01  1.005930326e+00
 1.056751468e-01  2.041454626e-01  1.014432614e+00
 1.076320939e-01  2.060666139e-01  1.022806541e+00
 1.095890411e-01  2.079722113e-01  1.031064920e+00
 1.115459883e-01  2.098627068e-01  1.039213972e+00
 1.135029354e-01  2.117385320e-01  1.047247376e+00
 1.154598826e-01  2.136001310e-01  1.055158316e+00
 1.174168297e-01  2.154479305e-01  1.062952657e+00
 1.193737769e-01  2.172823252e-01  1.070638367e+00
 1.213307241e-01  2.191036876e-01  1.078217229e+00
 1.232876712e-01  2.209123819e-01  1.085691257e+00
 1.252446184e-01  2.227087510e-01  1.093060643e+00
 1.272015656e-01  2.244931366e-01  1.100319630e+00
 1.291585127e-01  2.262658794e-01  1.107467867e+00
 1.311154599e-01  2.280273020e-01  1.114515067e+00
 1.330724070e-01  2.297776951e-01  1.121470869e+00
 1.350293542e-01  2.315173335e-01  1.128328771e+00
 1.369863014e-01  2.332465117e-01  1.135079188e+00
 1.389432485e-01  2.349655180e-01  1.141726308e+00
 1.409001957e-01  2.366746184e-01  1.148278274e+00
 1.428571429e-01  2.383740621e-01  1.154738517e+00
 1.448140900e-01  2.400640912e-01  1.161105785e+00
 1.467710372e-01  2.417449456e-01  1.167378615e+00
 1.487279843e-01  2.434168594e-01  1.173555948e+00
 1.506849315e-01  2.450800637e-01  1.179634655e+00
 1.526418787e-01  2.467347896e-01  1.185619253e+00
 1.545988258e-01  2.483812444e-01  1.191520208e+00
 1.565557730e-01  2.500196199e-01  1.197337826e+00
 1.585127202e-01  2.516501129e-01  1.203061883e+00
 1.604696673e-01  2.532729338e-01  1.208687486e+00
 1.624266145e-01  2.548882832e-01  1.214223479e+00
 1.643835616e-01  2.564963391e-01  1.219678352e+00
 1.663405088e-01  2.580972710e-01  1.225050871e+00
 1.682974560e-01  2.596912524e-01  1.230335390e+00
 1.702544031e-01  2.612784603e-01  1.235531394e+00
 1.722113503e-01  2.628590621e-01  1.240639360e+00
 1.741682975e-01  2.644332264e-01  1.245659945e+00
 1.761252446e-01  2.660011119e-01  1.250600101e+00
 1.780821918e-01  2.675628634e-01  1.255463270e+00
 1.800391389e-01  2.691186251e-01  1.260243220e+00
 1.819960861e-01  2.706685512e-01  1.264934060e+00
 1.839530333e-01  2.722127948e-01  1.269538680e+00
 1.859099804e-01  2.737514975e-01  1.274064889e+00
 1.878669276e-01  2.752847880e-01  1.278515468e+00
 1.898238748e-01  2.768127961e-01  1.282885431e+00
 1.917808219e-01  2.783356579e-01  1.287174403e+00
 1.937377691e-01  2.798534996e-01  1.291381964e+00
 1.956947162e-01  2.813664534e-01  1.295505440e+00
 1.976516634e-01  2.828746477e-01  1.299550410e+00
 1.996086106e-01  2.843781973e-01  1.303523603e+00
 2.015655577e-01  2.858772110e-01  1.307423266e+00
 2.035225049e-01  2.873718043e-01  1.311241439e+00
 2.054794521e-01  2.888621003e-01  1.314974915e+00
 2.074363992e-01  2.903482183e-01  1.318631322e+00
 2.093933464e-01  2.918302606e-01  1.322219296e+00
 2.113502935e-01  2.933083236e-01  1.325734438e+00
 2.133072407e-01  2.947825168e-01  1.329170095e+00
 2.152641879e-01  2.962529484e-01  1.332529042e+00
 2.172211350e-01  2.977197185e-01  1.335813358e+00
 2.191780822e-01  2.991829280e-01  1.339022215e+00
 2.211350294e-01  3.006426762e-01  1.342159328e+00
 2.230919765e-01  3.020990533e-01  1.345226146e+00
 2.250489237e-01  3.035521530e-01  1.348220964e+00
 2.270058708e-01  3.050020668e-01  1.351140553e+00
 2.289628180e-01  3.064488932e-01  1.353983408e+00
 2.309197652e-01  3.078927246e-01  1.356756199e+00
 2.328767123e-01  3.093336431e-01  1.359463858e+00
 2.348336595e-01  3.107717287e-01  1.362099841e+00
 2.367906067e-01  3.122070752e-01  1.364663119e+00
 2.387475538e-01  3.136397633e-01  1.367156909e+00
 2.407045010e-01  3.150698780e-01  1.369579067e+00
 2.426614481e-01  3.164975028e-01  1.371931852e+00
 2.446183953e-01  3.179227165e-01  1.374218611e+00
 2.465753425e-01  3.193455938e-01  1.376439769e+00
 2.485322896e-01  3.207662112e-01  1.378593314e+00
 2.504892368e-01  3.221846464e-01  1.380674825e+00
 2.524461840e-01  3.236009834e-01  1.382686219e+00
 2.544031311e-01  3.250152946e-01  1.384637198e+00
 2.563600783e-01  3.264276431e-01  1.386526230e+00
 2.583170254e-01  3.278381030e-01  1.388345350e+00
 2.602739726e-01  3.292467526e-01  1.390097448e+00
 2.622309198e-01  3.306536591e-01  1.391786292e+00
 2.641878669e-01  3.320588920e-01  1.393411835e+00
 2.661448141e-01  3.334625177e-01  1.394975129e+00
 2.681017613e-01  3.348646027e-01  1.396474113e+00
 2.700587084e-01  3.362652166e-01  1.397910579e+00
 2.720156556e-01  3.376644215e-01  1.399287069e+00
 2.739726027e-01  3.390622811e-01  1.400599593e+00
 2.759295499e-01  3.404588647e-01  1.401850453e+00
 2.778864971e-01  3.418542307e-01  1.403044735e+00
 2.798434442e-01  3.432484376e-01  1.404177766e+00
 2.818003914e-01  3.446415527e-01  1.405248907e+00
 2.837573386e-01  3.460336349e-01  1.406263229e+00
 2.857142857e-01  3.474247409e-01  1.407220593e+00
 2.876712329e-01  3.488149296e-01  1.408120440e+00
 2.896281800e-01  3.502042582e-01  1.408961385e+00
 2.915851272e-01  3.515927878e-01  1.409743811e+00
 2.935420744e-01  3.529805746e-01  1.410474062e+00
 2.954990215e-01  3.543676668e-01  1.411151331e+00
 2.974559687e-01  3.557541217e-01  1.411769945e+00
 2.994129159e-01  3.571399986e-01  1.412334180e+00
 3.013698630e-01  3.585253459e-01  1.412847060e+00
 3.033268102e-01  3.599102167e-01  1.413306112e+00
 3.052837573e-01  3.612946642e-01  1.413712814e+00
 3.072407045e-01  3.626787383e-01  1.414068092e+00
 3.091976517e-01  3.640624902e-01  1.414373086e+00
 3.111545988e-01  3.654459674e-01  1.414628386e+00
 3.131115460e-01  3.668292199e-01  1.414830796e+00
 3.150684932e-01  3.682123013e-01  1.414982500e+00
 3.170254403e-01  3.695952572e-01  1.415089207e+00
 3.189823875e-01  3.709781300e-01  1.415148762e+00
 3.209393346e-01  3.723609695e-01  1.415158572e+00
 3.228962818e-01  3.737438231e-01  1.415120703e+00
 3.248532290e-01  3.751267366e-01  1.415035831e+00
 3.268101761e-01  3.765097561e-01  1.414904686e+00
 3.287671233e-01  3.778929260e-01  1.414729122e+00
 3.307240705e-01  3.792762888e-01  1.414509493e+00
 3.326810176e-01  3.806598883e-01  1.414247055e+00
 3.346379648e-01  3.820437646e-01  1.413939360e+00
 3.365949119e-01  3.834279663e-01  1.413583712e+00
 3.385518591e-01  3.848125390e-01  1.413186060e+00
 3.405088063e-01  3.861975199e-01  1.412751327e+00
 3.424657534e-01  3.875829449e-01  1.412276852e+00
 3.444227006e-01  3.889688565e-01  1.411758172e+00
 3.463796477e-01  3.903552997e-01  1.411194718e+00
 3.483365949e-01  3.917423183e-01  1.410591031e+00
 3.502935421e-01  3.931299485e-01  1.409951383e+00
 3.522504892e-01  3.945182259e-01  1.409274818e+00
 3.542074364e-01  3.959071888e-01  1.408559782e+00
 3.561643836e-01  3.972968760e-01  1.407804673e+00
 3.581213307e-01  3.986873294e-01  1.407008999e+00
 3.600782779e-01  4.000785889e-01  1.406175584e+00
 3.620352250e-01  4.014706909e-01  1.405309113e+00
 3.639921722e-01  4.028636666e-01  1.404411331e+00
 3.659491194e-01  4.042575491e-01  1.403477331e+00
 3.679060665e-01  4.056523794e-01  1.402502369e+00
 3.698630137e-01  4.070482006e-01  1.401490298e+00
 3.718199609e-01  4.084450462e-01  1.400447971e+00
 3.737769080e-01  4.098429459e-01  1.399377382e+00
 3.757338552e-01  4.112419297e-01  1.398274717e+00
 3.776908023e-01  4.126420350e-01  1.397135009e+00
 3.796477495e-01  4.140433022e-01  1.395960349e+00
 3.816046967e-01  4.154457649e-01  1.394755403e+00
 3.835616438e-01  4.168494543e-01  1.393521776e+00
 3.855185910e-01  4.182544013e-01  1.392261062e+00
 3.874755382e-01  4.196606340e-01  1.390971102e+00
 3.894324853e-01  4.210681880e-01  1.389647654e+00
 3.913894325e-01  4.224771005e-01  1.388291946e+00
 3.933463796e-01  4.238874050e-01  1.386908815e+00
 3.953033268e-01  4.252991291e-01  1.385502500e+00
 3.972602740e-01  4.267122980e-01  1.384072465e+00
 3.992172211e-01  4.281269409e-01  1.382611786e+00
 4.011741683e-01  4.295430974e-01  1.381119325e+00
 4.031311155e-01  4.309607994e-01  1.379601529e+00
 4.050880626e-01  4.323800736e-01  1.378062010e+00
 4.070450098e-01  4.338009450e-01  1.376500758e+00
 4.090019569e-01  4.352234406e-01  1.374914140e+00
 4.109589041e-01  4.366475933e-01  1.373299744e+00
 4.129158513e-01  4.380734354e-01  1.371660655e+00
 4.148727984e-01  4.395009937e-01  1.369999440e+00
 4.168297456e-01  4.409302959e-01  1.368317701e+00
 4.187866928e-01  4.423613655e-01  1.366616770e+00
 4.207436399e-01  4.437942278e-01  1.364893039e+00
 4.227005871e-01  4.452289144e-01  1.363144376e+00
 4.246575342e-01  4.466654553e-01  1.361373841e+00
 4.266144814e-01  4.481038761e-01  1.359585385e+00
 4.285714286e-01  4.495441989e-01  1.357781048e+00
 4.305283757e-01  4.509864453e-01  1.355957698e+00
 4.324853229e-01  4.524306443e-01  1.354111594e+00
 4.344422701e-01  4.538768260e-01  1.352245214e+00
 4.363992172e-01  4.553250144e-01  1.350362997e+00
 4.383561644e-01  4.567752304e-01  1.348466062e+00
 4.403131115e-01  4.582274962e-01  1.346552602e+00
 4.422700587e-01  4.596818368e-01  1.344621016e+00
 4.442270059e-01  4.611382780e-01  1.342671934e+00
 4.461839530e-01  4.625968441e-01  1.340707468e+00
 4.481409002e-01  4.640575566e-01  1.338729011e+00
 4.500978474e-01  4.655204370e-01  1.336737142e+00
 4.520547945e-01  4.669855060e-01  1.334731305e+00
 4.540117417e-01  4.684527865e-01  1.332710709e+00
 4.559686888e-01  4.699223015e-01  1.330675383e+00
 4.579256360e-01  4.713940741e-01  1.328627266e+00
 4.598825832e-01  4.728681232e-01  1.326568799e+00
 4.618395303e-01  4.743444669e-01  1.324499165e+00
 4.637964775e-01  4.758231263e-01  1.322416989e+00
 4.657534247e-01  4.773041228e-01  1.320322394e+00
 4.677103718e-01  4.787874775e-01  1.318217165e+00
 4.696673190e-01  4.802732082e-01  1.316103494e+00
 4.716242661e-01  4.817613313e-01  1.313980292e+00
 4.735812133e-01  4.832518674e-01  1.311846656e+00
 4.755381605e-01  4.847448351e-01  1.309704045e+00
 4.774951076e-01  4.862402521e-01  1.307553268e+00
 4.794520548e-01  4.877381355e-01  1.305395014e+00
 4.814090020e-01  4.892385014e-01  1.303228780e+00
 4.833659491e-01  4.907413685e-01  1.301054679e+00
 4.853228963e-01  4.922467530e-01  1.298874565e+00
 4.872798434e-01  4.937546694e-01  1.296688737e+00
 4.892367906e-01  4.952651334e-01  1.294496600e+00
 4.911937378e-01  4.967781613e-01  1.292298220e+00
 4.931506849e-01  4.982937687e-01  1.290094453e+00
 4.951076321e-01  4.998119702e-01  1.287886842e+00
 4.970645793e-01  5.013327780e-01  1.285675523e+00
 4.990215264e-01  5.028562065e-01  1.283459977e+00
 5.009784736e-01  5.043822694e-01  1.281240480e+00
 5.029354207e-01  5.059109806e-01  1.279017560e+00
 5.048923679e-01  5.074423527e-01  1.276792082e+00
 5.068493151e-01  5.089763977e-01  1.274564808e+00
 5.088062622e-01  5.105131266e-01  1.272336241e+00
 5.107632094e-01  5.120525502e-01  1.270105953e+00
 5.127201566e-01  5.135946808e-01  1.267873766e+00
 5.146771037e-01  5.151395297e-01  1.265640424e+00
 5.166340509e-01  5.166871076e-01  1.263407056e+00
 5.185909980e-01  5.182374232e-01  1.261174791e+00
 5.205479452e-01  5.197904843e-01  1.258943308e+00
 5.225048924e-01  5.213463007e-01  1.256711498e+00
 5.244618395e-01  5.229048829e-01  1.254479935e+00
 5.264187867e-01  5.244662394e-01  1.252250191e+00
 5.283757339e-01  5.260303770e-01  1.250023192e+00
 5.303326810e-01  5.275973017e-01  1.247798759e+00
 5.322896282e-01  5.291670210e-01  1.245575997e+00
 5.342465753e-01  5.307395432e-01  1.243355284e+00
 5.362035225e-01  5.323148747e-01  1.241137851e+00
 5.381604697e-01  5.338930209e-01  1.238924487e+00
 5.401174168e-01  5.354739862e-01  1.236714847e+00
 5.420743640e-01  5.370577768e-01  1.234508583e+00
 5.440313112e-01  5.386443980e-01  1.232306409e+00
 5.459882583e-01  5.402338542e-01  1.230108942e+00
 5.479452055e-01  5.418261491e-01  1.227916523e+00
 5.499021526e-01  5.434212863e-01  1.225728917e+00
 5.518590998e-01  5.450192700e-01  1.223546164e+00
 5.538160470e-01  5.466201035e-01  1.221368966e+00
 5.557729941e-01  5.482237894e-01  1.219197900e+00
 5.577299413e-01  5.498303293e-01  1.217032948e+00
 5.596868885e-01  5.514397257e-01  1.214873797e+00
 5.616438356e-01  5.530519812e-01  1.212720771e+00
 5.636007828e-01  5.546670972e-01  1.210574415e+00
 5.655577299e-01  5.562850748e-01  1.208435139e+00
 5.675146771e-01  5.579059144e-01  1.206303021e+00
 5.694716243e-01  5.595296165e-01  1.204177956e+00
 5.714285714e-01  5.611561818e-01  1.202060100e+00
 5.733855186e-01  5.627856104e-01  1.199949805e+00
 5.753424658e-01  5.644179019e-01  1.197847255e+00
 5.772994129e-01  5.660530557e-01  1.195752623e+00
 5.792563601e-01  5.676910708e-01  1.193666129e+00
 5.812133072e-01  5.693319460e-01  1.191587884e+00
 5.831702544e-01  5.709756797e-01  1.189518045e+00
 5.851272016e-01  5.726222703e-01  1.187456569e+00
 5.870841487e-01  5.742717162e-01  1.185403609e+00
 5.890410959e-01  5.759240151e-01  1.183359569e+00
 5.909980431e-01  5.775791642e-01  1.181324608e+00
 5.929549902e-01  5.792371604e-01  1.179298754e+00
 5.949119374e-01  5.808980009e-01  1.177281938e+00
 5.968688845e-01  5.825616827e-01  1.175274181e+00
 5.988258317e-01  5.842282026e-01  1.173275845e+00
 6.007827789e-01  5.858975564e-01  1.171287229e+00
 6.027397260e-01  5.875697399e-01  1.169308319e+00
 6.046966732e-01  5.892447488e-01  1.167338997e+00
 6.066536204e-01  5.909225790e-01  1.165379314e+00
 6.086105675e-01  5.926032259e-01  1.163429396e+00
 6.105675147e-01  5.942866850e-01  1.161489551e+00
 6.125244618e-01  5.959729504e-01  1.159559918e+00
 6.144814090e-01  5.976620170e-01  1.157640380e+00
 6.164383562e-01  5.993538792e-01  1.155730927e+00
 6.183953033e-01  6.010485316e-01  1.153831484e+00
 6.203522505e-01  6.027459686e-01  1.151942078e+00
 6.223091977e-01  6.044461847e-01  1.150063032e+00
 6.242661448e-01  6.061491730e-01  1.148194484e+00
 6.262230920e-01  6.078549273e-01  1.146336190e+00
 6.281800391e-01  6.095634414e-01  1.144487951e+00
 6.301369863e-01  6.112747094e-01  1.142649622e+00
 6.320939335e-01  6.129887253e-01  1.140821314e+00
 6.340508806e-01  6.147054827e-01  1.139003325e+00
 6.360078278e-01  6.164249745e-01  1.137195579e+00
 6.379647750e-01  6.181471943e-01  1.135397728e+00
 6.399217221e-01  6.198721359e-01  1.133609537e+00
 6.418786693e-01  6.215997933e-01  1.131830968e+00
 6.438356164e-01  6.233301603e-01  1.130061885e+00
 6.457925636e-01  6.250632312e-01  1.128302256e+00
 6.477495108e-01  6.267989995e-01  1.126552059e+00
 6.497064579e-01  6.285374595e-01  1.124810988e+00
 6.516634051e-01  6.302786054e-01  1.123078860e+00
 6.536203523e-01  6.320224320e-01  1.121355362e+00
 6.555772994e-01  6.337689342e-01  1.119640075e+00
 6.575342466e-01  6.355181079e-01  1.117932981e+00
 6.594911937e-01  6.372699481e-01  1.116234116e+00
 6.614481409e-01  6.390244502e-01  1.114543151e+00
 6.634050881e-01  6.407816101e-01  1.112859718e+00
 6.653620352e-01  6.425414243e-01  1.111183303e+00
 6.673189824e-01  6.443038901e-01  1.109513610e+00
 6.692759295e-01  6.460690049e-01  1.107850580e+00
 6.712328767e-01  6.478367661e-01  1.106193930e+00
 6.731898239e-01  6.496071718e-01  1.104543402e+00
 6.751467710e-01  6.513802201e-01  1.102898688e+00
 6.771037182e-01  6.531559099e-01  1.101259179e+00
 6.790606654e-01  6.549342414e-01  1.099624312e+00
 6.810176125e-01  6.567152152e-01  1.097993792e+00
 6.829745597e-01  6.584988323e-01  1.096367465e+00
 6.849315068e-01  6.602850937e-01  1.094745139e+00
 6.868884540e-01  6.620740010e-01  1.093126088e+00
 6.888454012e-01  6.638655577e-01  1.091509082e+00
 6.908023483e-01  6.656597693e-01  1.089893756e+00
 6.927592955e-01  6.674566404e-01  1.088280202e+00
 6.947162427e-01  6.692561764e-01  1.086667903e+00
 6.966731898e-01  6.710583835e-01  1.085055922e+00
 6.986301370e-01  6.728632703e-01  1.083442875e+00
 7.005870841e-01  6.746708478e-01  1.081828324e+00
 7.025440313e-01  6.764811259e-01  1.080212605e+00
 7.045009785e-01  6.782941148e-01  1.078595160e+00
 7.064579256e-01  6.801098264e-01  1.076974078e+00
 7.084148728e-01  6.819282773e-01  1.075348272e+00
 7.103718200e-01  6.837494833e-01  1.073717896e+00
 7.123287671e-01  6.855734608e-01  1.072082443e+00
 7.142857143e-01  6.874002277e-01  1.070440796e+00
 7.162426614e-01  6.892298041e-01  1.068791689e+00
 7.181996086e-01  6.910622125e-01  1.067134864e+00
 7.201565558e-01  6.928974746e-01  1.065470445e+00
 7.221135029e-01  6.947356125e-01  1.063796774e+00
 7.240704501e-01  6.965766540e-01  1.062111099e+00
 7.260273973e-01  6.984206313e-01  1.060412680e+00
 7.279843444e-01  7.002675749e-01  1.058702615e+00
 7.299412916e-01  7.021175140e-01  1.056981628e+00
 7.318982387e-01  7.039704771e-01  1.055248122e+00
 7.338551859e-01  7.058264992e-01  1.053498779e+00
 7.358121331e-01  7.076856212e-01  1.051731674e+00
 7.377690802e-01  7.095478856e-01  1.049947308e+00
 7.397260274e-01  7.114133321e-01  1.048146704e+00
 7.416829746e-01  7.132820004e-01  1.046327970e+00
 7.436399217e-01  7.151539377e-01  1.044488765e+00
 7.455968689e-01  7.170291929e-01  1.042630120e+00
 7.475538160e-01  7.189078103e-01  1.040751993e+00
 7.495107632e-01  7.207898398e-01  1.038850378e+00
 7.514677104e-01  7.226753413e-01  1.036922225e+00
 7.534246575e-01  7.245643767e-01  1.034968027e+00
 7.553816047e-01  7.264570053e-01  1.032989578e+00
 7.573385519e-01  7.283532838e-01  1.030987724e+00
 7.592954990e-01  7.302532695e-01  1.028960406e+00
 7.612524462e-01  7.321570279e-01  1.026904117e+00
 7.632093933e-01  7.340646305e-01  1.024816165e+00
 7.651663405e-01  7.359761544e-01  1.022697751e+00
 7.671232877e-01  7.378916682e-01  1.020551701e+00
 7.690802348e-01  7.398112400e-01  1.018377616e+00
 7.710371820e-01  7.417349414e-01  1.016175462e+00
 7.729941292e-01  7.436628421e-01  1.013948488e+00
 7.749510763e-01  7.455950032e-01  1.011700880e+00
 7.769080235e-01  7.475314797e-01  1.009431487e+00
 7.788649706e-01  7.494723385e-01  1.007139065e+00
 7.808219178e-01  7.514176407e-01  1.004827103e+00
 7.827788650e-01  7.533674412e-01  1.002499006e+00
 7.847358121e-01  7.553217892e-01  1.000158012e+00
 7.866927593e-01  7.572807280e-01  9.978078498e-01
 7.886497065e-01  7.592442931e-01  9.954518297e-01
 7.906066536e-01  7.612125157e-01  9.930923299e-01
 7.925636008e-01  7.631854225e-01  9.907328973e-01
 7.945205479e-01  7.651630309e-01  9.883809952e-01
 7.964774951e-01  7.671453382e-01  9.860482969e-01
 7.984344423e-01  7.691323144e-01  9.837423451e-01
 8.003913894e-01  7.711239256e-01  9.814656331e-01
 8.023483366e-01  7.731201307e-01  9.792290676e-01
 8.043052838e-01  7.751208498e-01  9.770522097e-01
 8.062622309e-01  7.771259594e-01  9.749490902e-01
 8.082191781e-01  7.791353190e-01  9.729210252e-01
 8.101761252e-01  7.811487962e-01  9.709760087e-01
 8.121330724e-01  7.831662134e-01  9.691373476e-01
 8.140900196e-01  7.851873372e-01  9.674306494e-01
 8.160469667e-01  7.872118780e-01  9.658603065e-01
 8.180039139e-01  7.892395786e-01  9.644173020e-01
 8.199608611e-01  7.912701817e-01  9.631048263e-01
 8.219178082e-01  7.933034120e-01  9.619473641e-01
 8.238747554e-01  7.953389041e-01  9.609585617e-01
 8.258317025e-01  7.973763203e-01  9.601176973e-01
 8.277886497e-01  7.994153789e-01  9.594269774e-01
 8.297455969e-01  8.014557293e-01  9.589098675e-01
 8.317025440e-01  8.034969874e-01  9.585868402e-01
 8.336594912e-01  8.055387130e-01  9.584413647e-01
 8.356164384e-01  8.075805907e-01  9.584389020e-01
 8.375733855e-01  8.096223268e-01  9.585656377e-01
 8.395303327e-01  8.116636647e-01  9.588216263e-01
 8.414872798e-01  8.137043108e-01  9.592084031e-01
 8.434442270e-01  8.157440030e-01  9.596913343e-01
 8.454011742e-01  8.177825960e-01  9.602320865e-01
 8.473581213e-01  8.198199915e-01  9.608136097e-01
 8.493150685e-01  8.218561177e-01  9.614138494e-01
 8.512720157e-01  8.238909700e-01  9.620145475e-01
 8.532289628e-01  8.259245541e-01  9.625971472e-01
 8.551859100e-01  8.279569440e-01  9.631381679e-01
 8.571428571e-01  8.299882441e-01  9.636260500e-01
 8.590998043e-01  8.320185764e-01  9.640352835e-01
 8.610567515e-01  8.340481521e-01  9.643424636e-01
 8.630136986e-01  8.360771911e-01  9.645491082e-01
 8.649706458e-01  8.381058972e-01  9.646641868e-01
 8.669275930e-01  8.401344520e-01  9.646793182e-01
 8.688845401e-01  8.421630945e-01  9.645879635e-01
 8.708414873e-01  8.441920336e-01  9.643590478e-01
 8.727984344e-01  8.462216394e-01  9.639692604e-01
 8.747553816e-01  8.482522199e-01  9.634491201e-01
 8.767123288e-01  8.502840180e-01  9.628166445e-01
 8.786692759e-01  8.523172673e-01  9.620580367e-01
 8.806262231e-01  8.543522713e-01  9.611718056e-01
 8.825831703e-01  8.563892721e-01  9.601476337e-01
 8.845401174e-01  8.584286204e-01  9.589727636e-01
 8.864970646e-01  8.604706160e-01  9.576712941e-01
 8.884540117e-01  8.625155114e-01  9.562694380e-01
 8.904109589e-01  8.645634989e-01  9.547569659e-01
 8.923679061e-01  8.666148789e-01  9.531114627e-01
 8.943248532e-01  8.686699447e-01  9.513420163e-01
 8.962818004e-01  8.707289636e-01  9.494488037e-01
 8.982387476e-01  8.727922341e-01  9.474459002e-01
 9.001956947e-01  8.748599682e-01  9.453317375e-01
 9.021526419e-01  8.769324788e-01  9.431062332e-01
 9.041095890e-01  8.790099839e-01  9.407863782e-01
 9.060665362e-01  8.810927290e-01  9.383422392e-01
 9.080234834e-01  8.831810723e-01  9.357800476e-01
 9.099804305e-01  8.852752391e-01  9.331162562e-01
 9.119373777e-01  8.873755239e-01  9.303421998e-01
 9.138943249e-01  8.894821991e-01  9.275064607e-01
 9.158512720e-01  8.915953466e-01  9.245779305e-01
 9.178082192e-01  8.937153902e-01  9.215070635e-01
 9.197651663e-01  8.958426465e-01  9.183666449e-01
 9.217221135e-01  8.979772146e-01  9.151338373e-01
 9.236790607e-01  9.001195291e-01  9.117604798e-01
 9.256360078e-01  9.022699232e-01  9.083262314e-01
 9.275929550e-01  9.044284681e-01  9.048336222e-01
 9.295499022e-01  9.065954968e-01  9.011958474e-01
 9.315068493e-01  9.087715061e-01  8.974270400e-01
 9.334637965e-01  9.109567757e-01  8.937350095e-01
 9.354207436e-01  9.131507970e-01  8.899257360e-01
 9.373776908e-01  9.153548223e-01  8.857881443e-01
 9.393346380e-01  9.175693918e-01  8.815028382e-01
 9.412915851e-01  9.197949008e-01  8.774411223e-01
 9.432485323e-01  9.220300109e-01  8.732089827e-01
 9.452054795e-01  9.242771621e-01  8.683620330e-01
 9.471624266e-01  9.265373007e-01  8.632643631e-01
 9.491193738e-01  9.288110747e-01  8.583328033e-01
 9.510763209e-01  9.310972478e-01  8.539746237e-01
 9.530332681e-01  9.333942767e-01  8.488512943e-01
 9.549902153e-01  9.357081840e-01  8.424112349e-01
 9.569471624e-01  9.380404837e-01  8.355883305e-01
 9.589041096e-01  9.403923457e-01  8.285207637e-01
 9.608610568e-01  9.427646144e-01  8.304563804e-01
 9.628180039e-01  9.451057022e-01  8.370697916e-01
 9.647749511e-01  9.474403407e-01  8.303971443e-01
 9.667318982e-01  9.498198358e-01  8.130579210e-01
 9.686888454e-01  9.522554435e-01  7.932017187e-01
 9.706457926e-01  9.547558349e-01  7.719964441e-01
 9.726027397e-01  9.573272680e-01  7.503969795e-01
 9.745596869e-01  9.599737589e-01  7.291463141e-01
 9.765166341e-01  9.626972522e-01  7.087969420e-01
 9.784735812e-01  9.654977914e-01  6.897416619e-01
 9.804305284e-01  9.683736878e-01  6.722463647e-01
 9.823874755e-01  9.713216896e-01  6.564805133e-01
 9.843444227e-01  9.743371490e-01  6.425433057e-01
 9.863013699e-01  9.774141881e-01  6.304849781e-01
 9.882583170e-01  9.805458624e-01  6.203234995e-01
 9.902152642e-01  9.837243225e-01  6.120572893e-01
 9.921722114e-01  9.869409721e-01  6.056746763e-01
 9.941291585e-01  9.901866233e-01  6.011607879e-01
 9.960861057e-01  9.934516489e-01  5.985024551e-01
 9.980430528e-01  9.967261298e-01  5.976915947e-01
 1.000000000e+00  1.000000000e+00  5.978030745e-01
4  3.693837417e-01  6.887924889e-01  1.008626917e+00  7.457117854e-01  9.595764067e-01  6.329632927e+01  4.642611108e-01  9.916633799e-01  3.167261284e-01  2.659495357e+00
5  4.835386871e-01  9.601434179e-01  1.005720374e+00  6.114860400e-01  9.329813589e-01  3.770889996e+01  4.116311159e-01  1.038275662e+00  4.739574178e-01  2.777086253e+00
6  5.765427120e-01  1.110255670e+00  1.003729137e+00  5.212677063e-01  9.109462101e-01  2.747506538e+01  3.806461725e-01  1.108651512e+00  5.897730008e-01  2.753896827e+00
7  6.580083314e-01  1.224430556e+00  1.002202341e+00  4.563543651e-01  8.943373957e-01  2.191564005e+01  3.593496810e-01  1.186059932e+00  6.824366810e-01  2.689921852e+00
8  7.306975620e-01  1.325447699e+00  1.000974663e+00  4.073792569e-01  8.858613963e-01  1.858440967e+01  3.438342557e-01  1.267443312e+00  7.597525524e-01  2.610487715e+00
9  7.957461479e-01  1.468477292e+00  1.000006838e+00  3.689785815e-01  8.906761011e-01  1.673039119e+01  3.326171567e-01  1.362099303e+00  8.242660629e-01  2.524561199e+00
10  8.480309127e-01  1.922485740e+00  9.993509886e-01  3.376630132e-01  9.181028621e-01  1.626937217e+01  3.253735035e-01  1.481884982e+00  8.745421564e-01  2.419806438e+00
11  8.852737613e-01  2.539318196e+00  9.989927345e-01  3.112009400e-01  9.813923432e-01  1.742579577e+01  3.216363761e-01  1.660278378e+00  9.099790516e-01  2.295610141e+00
12  9.158515071e-01  2.192597013e+00  9.988764126e-01  2.889780833e-01  1.086636362e+00  2.017489311e+01  3.204814994e-01  1.907311998e+00  9.378174123e-01  2.176739579e+00
13  9.578876155e-01  2.854430149e+00  9.996330937e-01  2.722639653e-01  1.212385421e+00  2.323064524e+01  3.231755971e-01  2.092429311e+00  9.730219240e-01  2.103113587e+00
14  9.762867553e-01  5.204781875e+00  9.998538846e-01  2.552712915e-01  1.407724195e+00  2.994065489e+01  3.259354024e-01  2.768431581e+00  9.855882689e-01  1.990842016e+00
0 0 -1.258647484e-01  1.175466239e-18
0 1  1.395743651e-02 -4.291603401e-03
0 2 -1.405122773e-02  4.850954509e-03
0 3  5.436188196e-03 -5.633214727e-03
0 4 -2.591838053e-03  5.637012223e-03
0 5 -1.392982111e-03 -4.531723485e-03
0 6  3.335877628e-03  1.615337278e-03
0 7 -2.528970584e-03  2.030168381e-03
0 8 -1.535731474e-03 -2.350895644e-03
0 9  1.757735505e-03 -1.657326086e-03
0 10  2.104871995e-03  5.923257914e-04
1 0 -1.108923403e-01 -3.409694498e-02
1 1 -9.738577794e-02  4.091709530e-17
1 2  1.030737218e-02 -5.843585776e-03
1 3 -1.372064280e-02  6.993116792e-03
1 4  2.986919651e-03 -7.746401670e-03
1 5  2.662589186e-04  6.546462238e-03
1 6 -4.761916021e-03 -2.900682793e-03
1 7  3.572331793e-03 -2.361932688e-03
1 8  1.492441628e-03  3.449271920e-03
1 9 -2.759903296e-03  1.884623030e-03
1 10 -2.786761235e-03 -1.194376647e-03
2 0  1.116375150e-01  3.854100986e-02
2 1 -1.058406309e-01 -6.000450887e-02
2 2 -7.840510312e-02 -1.887911919e-17
2 3  6.517501210e-03 -7.046349983e-03
2 4 -1.093683313e-02  8.323450655e-03
2 5 -1.058936247e-03 -8.087078447e-03
2 6  3.610911279e-03  4.409039803e-03
2 7 -5.411443591e-03  1.779835638e-03
2 8 -1.360129498e-03 -4.341685269e-03
2 9  3.256697842e-03 -1.504850564e-03
2 10  2.614794907e-03  1.941487527e-03
3 0 -4.319071277e-02 -4.475609572e-02
3 1  1.408895949e-01  7.180839893e-02
3 2 -8.312598225e-02 -8.987106327e-02
3 3 -6.517558379e-02 -1.086529319e-17
3 4  3.380212979e-03 -8.151426799e-03
3 5 -7.432567348e-03  8.899841123e-03
3 6 -5.357443178e-03 -6.522816242e-03
3 7  4.760861639e-03 -2.864175599e-04
3 8 -1.132989435e-03  4.972118384e-03
3 9 -4.552276462e-03  3.947563595e-04
3 10 -2.557999831e-03 -2.970093539e-03
4 0  2.059224752e-02  4.478626697e-02
4 1 -3.067100468e-02 -7.954345937e-02
4 2  1.394913430e-01  1.061595524e-01
4 3 -5.186317917e-02 -1.250687194e-01
4 4 -5.548591130e-02 -1.133067461e-17
4 5  5.384164254e-04 -9.188440729e-03
4 6 -3.750845147e-03  8.501894093e-03
4 7 -8.722224167e-03 -2.707235696e-03
4 8  1.236004177e-03 -4.932008207e-03
4 9  3.391033428e-03  1.537764851e-03
4 10  1.296391303e-04  3.956504886e-03
5 0  1.106729349e-02 -3.600470778e-02
5 1 -2.734063682e-03  6.722195352e-02
5 2  1.350596077e-02 -1.031447970e-01
5 3  1.140391373e-01  1.365517669e-01
5 4 -9.703660133e-03 -1.655995281e-01
5 5 -4.797823140e-02 -2.628422066e-17
5 6 -2.489206577e-03 -1.017160533e-02
5 7 -2.925258186e-04  6.526864366e-03
5 8 -8.729110391e-03  2.652014647e-03
5 9 -4.519387362e-03 -4.143319036e-03
5 10  5.353778812e-04 -4.056384942e-03
6 0 -2.650366899e-02  1.283391338e-02
6 1  4.889744808e-02 -2.978548670e-02
6 2 -4.605454410e-02  5.623409226e-02
6 3  8.220015635e-02 -1.000806723e-01
6 4  6.759995571e-02  1.532261775e-01
6 5  5.188199950e-02 -2.120045911e-01
6 6 -4.169686630e-02  6.138255668e-18
6 7 -5.979614300e-03 -1.076867358e-02
6 8  1.936312685e-03  2.192626704e-03
6 9 -3.847887336e-03  5.163300023e-03
6 10 -6.500289587e-03  1.467273828e-03
7 0  2.009276319e-02  1.612976157e-02
7 1 -3.668227403e-02 -2.425336367e-02
7 2  6.901902268e-02  2.270050758e-02
7 3 -7.304670495e-02 -4.394553040e-03
7 4  1.571970967e-01 -4.879140727e-02
7 5  6.097052977e-03  1.360380359e-01
7 6  1.434068032e-01 -2.582609806e-01
7 7 -3.596934153e-02  6.372335753e-17
7 8 -8.816779457e-03 -9.846474191e-03
7 9  1.505915471e-03 -2.131006624e-03
7 10  6.349389941e-04  2.899088901e-03
8 0  1.220144237e-02 -1.867795132e-02
8 1 -1.532504705e-02  3.541864113e-02
8 2  1.734746137e-02 -5.537503423e-02
8 3  1.738364843e-02  7.628805290e-02
8 4 -2.227600030e-02 -8.888757689e-02
8 5  1.819389781e-01  5.527537321e-02
8 6 -4.643784669e-02  5.258492780e-02
8 7  2.451192900e-01 -2.737463009e-01
8 8 -3.121226637e-02  9.559337387e-17
8 9 -8.159719330e-03 -6.608431214e-03
8 10 -1.207627197e-03 -4.863352393e-03
9 0 -1.396527246e-02 -1.316751598e-02
9 1  2.833990090e-02  1.935213817e-02
9 2 -4.153680963e-02 -1.919327320e-02
9 3  6.984634732e-02  6.056813558e-03
9 4 -6.111521552e-02  2.771451014e-02
9 5  9.419662272e-02 -8.635831116e-02
9 6  9.228241058e-02  1.238294501e-01
9 7 -4.186663996e-02 -5.924508299e-02
9 8  2.614266851e-01 -2.117254523e-01
9 9 -2.954883099e-02  9.846274457e-17
9 10 -1.334448818e-02 -6.613957118e-03
10 0 -1.672328450e-02  4.706049939e-03
10 1  2.861569003e-02 -1.226438472e-02
10 2 -3.334980509e-02  2.476225972e-02
10 3  3.924782383e-02 -4.557064726e-02
10 4 -2.336433291e-03  7.130647750e-02
10 5 -1.115876650e-02 -8.454636245e-02
10 6  1.558939595e-01  3.518906715e-02
10 7 -1.765222734e-02  8.059888720e-02
10 8  3.869078851e-02 -1.558154200e-01
10 9  4.516079904e-01 -2.238314308e-01
10 10 -2.258554228e-02  1.276361418e-16
0 0 -8.253312867e+00  5.934693904e-17
0 1 -8.821915314e-01  3.661280347e-01
0 2  1.164375058e+00 -3.344074418e-01
0 3 -2.802347849e-01  2.741262942e-01
0 4  1.290038046e-01 -2.316411115e-01
0 5  4.179847673e-02  1.670458064e-01
0 6 -1.058794330e-01 -6.036753020e-02
0 7  8.525757871e-02 -5.905276953e-02
0 8  4.169919133e-02  7.503641497e-02
0 9 -4.689860575e-02  6.876673918e-02
0 10 -7.168537694e-02 -6.199676503e-02
1 0 -8.821915314e-01 -3.661280347e-01
1 1 -1.086668272e+01  2.227064716e-15
1 2 -9.116724735e-01  8.078589264e-01
1 3  1.868940287e+00 -8.009295189e-01
1 4 -2.629754352e-01  6.078649061e-01
1 5  2.351923600e-02 -4.363863959e-01
1 6  2.578906147e-01  1.865601313e-01
1 7 -2.016440283e-01  1.123048819e-01
1 8 -5.997201192e-02 -1.752265562e-01
1 9  1.201436068e-01 -1.217367774e-01
1 10  1.302561467e-01  1.515948450e-01
2 0  1.164375058e+00  3.344074418e-01
2 1 -9.116724735e-01 -8.078589264e-01
2 2 -1.363872822e+01  7.912875857e-16
2 3 -6.820601341e-01  1.458676278e+00
2 4  2.298505485e+00 -1.461490865e+00
2 5  7.698077883e-02  9.552830647e-01
2 6 -3.017627236e-01 -4.789135971e-01
2 7  4.780102525e-01 -1.133664170e-01
2 8  5.867910101e-02  3.481144108e-01
2 9 -2.367880012e-01  1.583305055e-01
2 10 -1.414496108e-01 -2.843505321e-01
3 0 -2.802347849e-01 -2.741262942e-01
3 1  1.868940287e+00  8.009295189e-01
3 2 -6.820601341e-01 -1.458676278e+00
3 3 -1.657151137e+01  1.395778165e-14
3 4 -1.838334374e-01  2.377466969e+00
3 5  2.354858326e+00 -2.270603759e+00
3 6  8.265937621e-01  1.142366812e+00
3 7 -6.861287441e-01 -7.211698822e-02
3 8  2.212710672e-01 -6.033362448e-01
3 9  4.802790049e-01 -8.798875305e-02
3 10  1.012205633e-01  5.015887859e-01
4 0  1.290038046e-01  2.316411115e-01
4 1 -2.629754352e-01 -6.078649061e-01
4 2  2.298505485e+00  1.461490865e+00
4 3 -1.838334374e-01 -2.377466969e+00
4 4 -1.976379962e+01 -8.301374885e-15
4 5  7.325337007e-01  3.621160216e+00
4 6  1.952301210e+00 -3.158892620e+00
4 7  2.015050413e+00  7.821236739e-01
4 8 -4.591436194e-01  7.888073962e-01
4 9 -6.051343635e-01 -2.187564825e-01
4 10  3.445223469e-01 -7.733818331e-01
5 0  4.179847673e-02 -1.670458064e-01
5 1  2.351923600e-02  4.363863959e-01
5 2  7.698077883e-02 -9.552830647e-01
5 3  2.354858326e+00  2.270603759e+00
5 4  7.325337007e-01 -3.621160216e+00
5 5 -2.346521170e+01 -8.301900130e-15
5 6  2.388326209e+00  5.408786117e+00
5 7  9.315382314e-01 -3.844395201e+00
5 8  3.017601126e+00 -6.183510888e-01
5 9  1.013611582e+00  9.886085275e-01
5 10 -8.178114125e-01  5.912222327e-01
6 0 -1.058794330e-01  6.036753020e-02
6 1  2.578906147e-01 -1.865601313e-01
6 2 -3.017627236e-01  4.789135971e-01
6 3  8.265937621e-01 -1.142366812e+00
6 4  1.952301210e+00  3.158892620e+00
6 5  2.388326209e+00 -5.408786117e+00
6 6 -2.778231023e+01 -4.238311733e-14
6 7  5.360464198e+00  7.755842043e+00
6 8 -4.424928804e-01 -3.663907777e+00
6 9  1.605021091e+00 -2.190514819e+00
6 10  2.590380726e+00  2.407195420e-01
7 0  8.525757871e-02  5.905276953e-02
7 1 -2.016440283e-01 -1.123048819e-01
7 2  4.780102525e-01  1.133664170e-01
7 3 -6.861287441e-01  7.211698822e-02
7 4  2.015050413e+00 -7.821236739e-01
7 5  9.315382314e-01  3.844395201e+00
7 6  5.360464198e+00 -7.755842043e+00
7 7 -3.272366188e+01 -1.488262394e-13
7 8  8.776988321e+00  8.869541902e+00
7 9 -1.191866635e+00 -1.547359011e-01
7 10  1.010195629e+00 -3.968967656e+00
8 0  4.169919133e-02 -7.503641497e-02
8 1 -5.997201192e-02  1.752265562e-01
8 2  5.867910101e-02 -3.481144108e-01
8 3  2.212710672e-01  6.033362448e-01
8 4 -4.591436194e-01 -7.888073962e-01
8 5  3.017601126e+00  6.183510888e-01
8 6 -4.424928804e-01  3.663907777e+00
8 7  8.776988321e+00 -8.869541902e+00
8 8 -3.591408064e+01 -2.574345028e-13
8 9  9.470067478e+00  6.814679088e+00
8 10 -1.415984618e+00  7.451691857e-02
9 0 -4.689860575e-02 -6.876673918e-02
9 1  1.201436068e-01  1.217367774e-01
9 2 -2.367880012e-01 -1.583305055e-01
9 3  4.802790049e-01  8.798875305e-02
9 4 -6.051343635e-01  2.187564825e-01
9 5  1.013611582e+00 -9.886085275e-01
9 6  1.605021091e+00  2.190514819e+00
9 7 -1.191866635e+00  1.547359011e-01
9 8  9.470067478e+00 -6.814679088e+00
9 9 -4.509064530e+01 -4.014274018e-13
9 10  1.999544598e+01  9.910385503e+00
10 0 -7.168537694e-02  6.199676503e-02
10 1  1.302561467e-01 -1.515948450e-01
10 2 -1.414496108e-01  2.843505321e-01
10 3  1.012205633e-01 -5.015887859e-01
10 4  3.445223469e-01  7.733818331e-01
10 5 -8.178114125e-01 -5.912222327e-01
10 6  2.590380726e+00 -2.407195420e-01
10 7  1.010195629e+00  3.968967656e+00
10 8 -1.415984618e+00 -7.451691857e-02
10 9  1.999544598e+01 -9.910385503e+00
10 10 -4.427611203e+01 -2.502145860e-13
0  2.411762927e-02 -1.169312409e-03 -1.116981196e-01 -1.118248397e-02
1  3.834177056e-02 -1.299038104e-03  1.411563154e-01  3.608912877e-02
2  5.157455795e-02 -2.527208046e-03 -1.446039207e-01 -7.413705550e-02
3  7.070791938e-02 -2.862298142e-03  1.200435986e-01  1.239935051e-01
4  9.418465547e-02 -5.401234244e-03 -5.349108392e-02 -1.707547062e-01
5  1.238158845e-01 -6.478068705e-03 -6.038732752e-02  1.719760462e-01
6  1.549948731e-01 -9.616768329e-03  1.695334660e-01 -6.605801558e-02
7  1.782361619e-01 -1.193428049e-02 -1.289140057e-01 -1.227019005e-01
8  1.992556951e-01 -1.326682124e-02 -1.031005979e-01  1.383013472e-01
9  2.399367982e-01 -1.744527850e-02  1.141982798e-01  1.217748170e-01
10  2.455409880e-01 -1.926947172e-02  1.547206921e-01 -3.245316620e-02
