 1.695500020e+00 -1.842321180e+00  8.596804083e-01  4.017167882e+00  9.318865822e-01  9.948707530e-01  7.789625270e+00 512 3 11
 0.000000000e+00  0.000000000e+00 -2.890128936e-05
 1.956947162e-03  2.817659058e-02  1.389347889e-01
 3.913894325e-03  3.984528878e-02  1.965037770e-01
 5.870841487e-03  4.879766019e-02  2.406953729e-01
 7.827788650e-03  5.634398971e-02  2.779566056e-01
 9.784735812e-03  6.299189297e-02  3.107841885e-01
 1.174168297e-02  6.900175796e-02  3.404575793e-01
 1.369863014e-02  7.452830208e-02  3.677361167e-01
 1.565557730e-02  7.967235780e-02  3.931140189e-01
 1.761252446e-02  8.450398316e-02  4.169341600e-01
 1.956947162e-02  8.907420254e-02  4.394458583e-01
 2.152641879e-02  9.342154790e-02  4.608370647e-01
 2.348336595e-02  9.757596529e-02  4.812535805e-01
 2.544031311e-02  1.015612782e-01  5.008088415e-01
 2.739726027e-02  1.053968439e-01  5.195885146e-01
 2.935420744e-02  1.090987010e-01  5.376888686e-01
 3.131115460e-02  1.126799438e-01  5.551861462e-01
 3.326810176e-02  1.161517911e-01  5.721246253e-01
 3.522504892e-02  1.195238361e-01  5.885514822e-01
 3.718199609e-02  1.228043549e-01  6.045066673e-01
 3.913894325e-02  1.260005574e-01  6.200248004e-01
 4.109589041e-02  1.291187618e-01  6.351367402e-01
 4.305283757e-02  1.321645450e-01  6.498697132e-01
 4.500978474e-02  1.351428561e-01  6.642482514e-01
 4.696673190e-02  1.380581104e-01  6.782941301e-01
 4.892367906e-02  1.409142685e-01  6.920262486e-01
 5.088062622e-02  1.437149024e-01  7.054610892e-01
 5.283757339e-02  1.464632484e-01  7.186136886e-01
 5.479452055e-02  1.491622475e-01  7.314992093e-01
 5.675146771e-02  1.518145732e-01  7.441322202e-01
 5.870841487e-02  1.544226672e-01  7.565240084e-01
 6.066536204e-02  1.569887774e-01  7.686811264e-01
 6.262230920e-02  1.595149931e-01  7.806105054e-01
 6.457925636e-02  1.620032412e-01  7.923267099e-01
 6.653620352e-02  1.644552721e-01  8.038432316e-01
 6.849315068e-02  1.668727098e-01  8.151627193e-01
 7.045009785e-02  1.692570929e-01  8.262876390e-01
 7.240704501e-02  1.716098534e-01  8.372273868e-01
 7.436399217e-02  1.739323140e-01  8.479907776e-01
 7.632093933e-02  1.762257110e-01  8.585822886e-01
 7.827788650e-02  1.784912101e-01  8.690061618e-01
 8.023483366e-02  1.807299041e-01  8.792695186e-01
 8.219178082e-02  1.829428110e-01  8.893773369e-01
 8.414872798e-02  1.851308970e-01  8.993284420e-01
 8.610567515e-02  1.872950922e-01  9.091282339e-01
 8.806262231e-02  1.894362505e-01  9.187890228e-01
 9.001956947e-02  1.915551646e-01  9.283088132e-01
 9.197651663e-02  1.936526243e-01  9.376850076e-01
 9.393346380e-02  1.957293671e-01  9.469269070e-01
 9.589041096e-02  1.977860777e-01  9.560394810e-01
 9.784735812e-02  1.998234131e-01  9.650233916e-01
 9.980430528e-02  2.018420017e-01  9.738782800e-01
 1.017612524e-01  2.038424511e-01  9.826097184e-01
 1.037181996e-01  2.058253195e-01  9.912232023e-01
 1.056751468e-01  2.077911481e-01  9.997134044e-01
 1.076320939e-01  2.097404750e-01  1.008085253e+00
 1.095890411e-01  2.116737836e-01  1.016346046e+00
 1.115459883e-01  2.135915471e-01  1.024493232e+00
 1.135029354e-01  2.154942250e-01  1.032527260e+00
 1.154598826e-01  2.173822568e-01  1.040451014e+00
 1.174168297e-01  2.192560612e-01  1.048268462e+00
 1.193737769e-01  2.211160348e-01  1.055981374e+00
 1.213307241e-01  2.229625634e-01  1.063586034e+00
 1.232876712e-01  2.247960314e-01  1.071087171e+00
 1.252446184e-01  2.266167843e-01  1.078489291e+00
 1.272015656e-01  2.284251683e-01  1.085788717e+00
 1.291585127e-01  2.302215202e-01  1.092987137e+00
 1.311154599e-01  2.320061601e-01  1.100088913e+00
 1.330724070e-01  2.337793915e-01  1.107094777e+00
 1.350293542e-01  2.355415138e-01  1.114003093e+00
 1.369863014e-01  2.372928185e-01  1.120814173e+00
 1.389432485e-01  2.390335874e-01  1.127533438e+00
 1.409001957e-01  2.407640796e-01  1.134161662e+00
 1.428571429e-01  2.424845595e-01  1.140693381e+00
 1.448140900e-01  2.441952887e-01  1.147132378e+00
 1.467710372e-01  2.458965067e-01  1.153484837e+00
 1.487279843e-01  2.475884437e-01  1.159747978e+00
 1.506849315e-01  2.492713353e-01  1.165919096e+00
 1.526418787e-01  2.509454077e-01  1.172001279e+00
 1.545988258e-01  2.526108762e-01  1.177997342e+00
 1.565557730e-01  2.542679485e-01  1.183907694e+00
 1.585127202e-01  2.559168286e-01  1.189729701e+00
 1.604696673e-01  2.575577214e-01  1.195464906e+00
 1.624266145e-01  2.591908174e-01  1.201119188e+00
 1.643835616e-01  2.608162965e-01  1.206686820e+00
 1.663405088e-01  2.624343560e-01  1.212166296e+00
 1.682974560e-01  2.640451717e-01  1.217566141e+00
 1.702544031e-01  2.656489101e-01  1.222885288e+00
 1.722113503e-01  2.672457424e-01  1.228119973e+00
 1.741682975e-01  2.688358376e-01  1.233271142e+00
 1.761252446e-01  2.704193575e-01  1.238340283e+00
 1.780821918e-01  2.719964604e-01  1.243330391e+00
 1.800391389e-01  2.735672942e-01  1.248240641e+00
 1.819960861e-01  2.751320130e-01  1.253068968e+00
 1.839530333e-01  2.766907639e-01  1.257819822e+00
 1.859099804e-01  2.782436842e-01  1.262490786e+00
 1.878669276e-01  2.797909216e-01  1.267078158e+00
 1.898238748e-01  2.813326172e-01  1.271589104e+00
 1.917808219e-01  2.828688959e-01  1.276026561e+00
 1.937377691e-01  2.843998869e-01  1.280385971e+00
 1.956947162e-01  2.859257215e-01  1.284664633e+00
 1.976516634e-01  2.874465308e-01  1.288862854e+00
 1.996086106e-01  2.889624408e-01  1.292987250e+00
 2.015655577e-01  2.904735629e-01  1.297039879e+00
 2.035225049e-01  2.919800142e-01  1.301013858e+00
 2.054794521e-01  2.934819184e-01  1.304910681e+00
 2.074363992e-01  2.949793854e-01  1.308733727e+00
 2.093933464e-01  2.964725273e-01  1.312479948e+00
 2.113502935e-01  2.979614576e-01  1.316150149e+00
 2.133072407e-01  2.994462831e-01  1.319748639e+00
 2.152641879e-01  3.009271046e-01  1.323276509e+00
 2.172211350e-01  3.024040232e-01  1.326730260e+00
 2.191780822e-01  3.038771445e-01  1.330105266e+00
 2.211350294e-01  3.053465772e-01  1.333404402e+00
 2.230919765e-01  3.068124176e-01  1.336636318e+00
 2.250489237e-01  3.082747526e-01  1.339799268e+00
 2.270058708e-01  3.097336798e-01  1.342888216e+00
 2.289628180e-01  3.111892949e-01  1.345904028e+00
 2.309197652e-01  3.126416910e-01  1.348846474e+00
 2.328767123e-01  3.140909619e-01  1.351715745e+00
 2.348336595e-01  3.155371984e-01  1.354516693e+00
 2.367906067e-01  3.169804815e-01  1.357251961e+00
 2.387475538e-01  3.184208944e-01  1.359918869e+00
 2.407045010e-01  3.198585221e-01  1.362510425e+00
 2.426614481e-01  3.212934604e-01  1.365026000e+00
 2.446183953e-01  3.227257940e-01  1.367475531e+00
 2.465753425e-01  3.241555961e-01  1.369864762e+00
 2.485322896e-01  3.255829375e-01  1.372185973e+00
 2.504892368e-01  3.270079061e-01  1.374433715e+00
 2.524461840e-01  3.284305826e-01  1.376611110e+00
 2.544031311e-01  3.298510467e-01  1.378721382e+00
 2.563600783e-01  3.312693713e-01  1.380766287e+00
 2.583170254e-01  3.326856311e-01  1.382746744e+00
 2.602739726e-01  3.340998956e-01  1.384663308e+00
 2.622309198e-01  3.355122373e-01  1.386513132e+00
 2.641878669e-01  3.369227305e-01  1.388292157e+00
 2.661448141e-01  3.383314547e-01  1.390002581e+00
 2.681017613e-01  3.397384786e-01  1.391652460e+00
 2.700587084e-01  3.411438645e-01  1.393244987e+00
 2.720156556e-01  3.425476736e-01  1.394773486e+00
 2.739726027e-01  3.439499808e-01  1.396232287e+00
 2.759295499e-01  3.453508579e-01  1.397624627e+00
 2.778864971e-01  3.467503723e-01  1.398955198e+00
 2.798434442e-01  3.481485858e-01  1.400226619e+00
 2.818003914e-01  3.495455597e-01  1.401439825e+00
 2.837573386e-01  3.509413534e-01  1.402593349e+00
 2.857142857e-01  3.523360304e-01  1.403681848e+00
 2.876712329e-01  3.537296600e-01  1.404703193e+00
 2.896281800e-01  3.551223096e-01  1.405663839e+00
 2.915851272e-01  3.565140350e-01  1.406572429e+00
 2.935420744e-01  3.579048859e-01  1.407429146e+00
 2.954990215e-01  3.592949174e-01  1.408223425e+00
 2.974559687e-01  3.606841998e-01  1.408950004e+00
 2.994129159e-01  3.620727980e-01  1.409617273e+00
 3.013698630e-01  3.634607653e-01  1.410232765e+00
 3.033268102e-01  3.648481516e-01  1.410797116e+00
 3.052837573e-01  3.662350087e-01  1.411306944e+00
 3.072407045e-01  3.676213928e-01  1.411756737e+00
 3.091976517e-01  3.690073663e-01  1.412146409e+00
 3.111545988e-01  3.703929854e-01  1.412479925e+00
 3.131115460e-01  3.717783044e-01  1.412762158e+00
 3.150684932e-01  3.731633699e-01  1.412998005e+00
 3.170254403e-01  3.745482264e-01  1.413183362e+00
 3.189823875e-01  3.759329286e-01  1.413308043e+00
 3.209393346e-01  3.773175409e-01  1.413373773e+00
 3.228962818e-01  3.787021142e-01  1.413390975e+00
 3.248532290e-01  3.800866928e-01  1.413363619e+00
 3.268101761e-01  3.814713197e-01  1.413289476e+00
 3.287671233e-01  3.828560436e-01  1.413162019e+00
 3.307240705e-01  3.842409203e-01  1.412979032e+00
 3.326810176e-01  3.856260028e-01  1.412746351e+00
 3.346379648e-01  3.870113358e-01  1.412466968e+00
 3.365949119e-01  3.883969663e-01  1.412142062e+00
 3.385518591e-01  3.897829369e-01  1.411774527e+00
 3.405088063e-01  3.911692890e-01  1.411358582e+00
 3.424657534e-01  3.925560766e-01  1.410889170e+00
 3.444227006e-01  3.939433514e-01  1.410371711e+00
 3.463796477e-01  3.953311568e-01  1.409812145e+00
 3.483365949e-01  3.967195330e-01  1.409214002e+00
 3.502935421e-01  3.981085169e-01  1.408573740e+00
 3.522504892e-01  3.994981556e-01  1.407883283e+00
 3.542074364e-01  4.008885022e-01  1.407145414e+00
 3.561643836e-01  4.022795987e-01  1.406367178e+00
 3.581213307e-01  4.036714845e-01  1.405549308e+00
 3.600782779e-01  4.050642004e-01  1.404693116e+00
 3.620352250e-01  4.064577835e-01  1.403796497e+00
 3.639921722e-01  4.078522791e-01  1.402855838e+00
 3.659491194e-01  4.092477318e-01  1.401872196e+00
 3.679060665e-01  4.106441851e-01  1.400848677e+00
 3.698630137e-01  4.120416777e-01  1.399790604e+00
 3.718199609e-01  4.134402429e-01  1.398699837e+00
 3.737769080e-01  4.148399160e-01  1.397569239e+00
 3.757338552e-01  4.162407451e-01  1.396395210e+00
 3.776908023e-01  4.176427728e-01  1.395183569e+00
 3.796477495e-01  4.190460360e-01  1.393939590e+00
 3.816046967e-01  4.204505673e-01  1.392664747e+00
 3.835616438e-01  4.218564008e-01  1.391355489e+00
 3.855185910e-01  4.232635767e-01  1.390008603e+00
 3.874755382e-01  4.246721361e-01  1.388626025e+00
 3.894324853e-01  4.260821155e-01  1.387211049e+00
 3.913894325e-01  4.274935499e-01  1.385765683e+00
 3.933463796e-01  4.289064722e-01  1.384291028e+00
 3.953033268e-01  4.303209153e-01  1.382786114e+00
 3.972602740e-01  4.317369147e-01  1.381248149e+00
 3.992172211e-01  4.331545096e-01  1.379677043e+00
 4.011741683e-01  4.345737358e-01  1.378077574e+00
 4.031311155e-01  4.359946233e-01  1.376453415e+00
 4.050880626e-01  4.374172008e-01  1.374802872e+00
 4.070450098e-01  4.388415021e-01  1.373122810e+00
 4.090019569e-01  4.402675630e-01  1.371413085e+00
 4.109589041e-01  4.416954179e-01  1.369677208e+00
 4.129158513e-01  4.431250957e-01  1.367918890e+00
 4.148727984e-01  4.445566238e-01  1.366136365e+00
 4.168297456e-01  4.459900350e-01  1.364328504e+00
 4.187866928e-01  4.474253594e-01  1.362496761e+00
 4.207436399e-01  4.488626274e-01  1.360641573e+00
 4.227005871e-01  4.503018686e-01  1.358763986e+00
 4.246575342e-01  4.517431116e-01  1.356865160e+00
 4.266144814e-01  4.531863838e-01  1.354945662e+00
 4.285714286e-01  4.546317132e-01  1.353006664e+00
 4.305283757e-01  4.560791252e-01  1.351047241e+00
 4.324853229e-01  4.575286501e-01  1.349067111e+00
 4.344422701e-01  4.589803142e-01  1.347069468e+00
 4.363992172e-01  4.604341414e-01  1.345054782e+00
 4.383561644e-01  4.618901575e-01  1.343022776e+00
 4.403131115e-01  4.633483875e-01  1.340974212e+00
 4.422700587e-01  4.648088557e-01  1.338909318e+00
 4.442270059e-01  4.662715869e-01  1.336829891e+00
 4.461839530e-01  4.677366022e-01  1.334735750e+00
 4.481409002e-01  4.692039271e-01  1.332626296e+00
 4.500978474e-01  4.706735841e-01  1.330504502e+00
 4.520547945e-01  4.721455927e-01  1.328371460e+00
 4.540117417e-01  4.736199733e-01  1.326226626e+00
 4.559686888e-01  4.750967470e-01  1.324069175e+00
 4.579256360e-01  4.765759364e-01  1.321899782e+00
 4.598825832e-01  4.780575612e-01  1.319721386e+00
 4.618395303e-01  4.795416379e-01  1.317535668e+00
 4.637964775e-01  4.810281826e-01  1.315341369e+00
 4.657534247e-01  4.825172151e-01  1.313137599e+00
 4.677103718e-01  4.840087537e-01  1.310925588e+00
 4.696673190e-01  4.855028154e-01  1.308707377e+00
 4.716242661e-01  4.869994145e-01  1.306484311e+00
 4.735812133e-01  4.884985652e-01  1.304256623e+00
 4.755381605e-01  4.900002811e-01  1.302023928e+00
 4.774951076e-01  4.915045776e-01  1.299786270e+00
 4.794520548e-01  4.930114685e-01  1.297544827e+00
 4.814090020e-01  4.945209667e-01  1.295300971e+00
 4.833659491e-01  4.960330830e-01  1.293056261e+00
 4.853228963e-01  4.975478267e-01  1.290810860e+00
 4.872798434e-01  4.990652083e-01  1.288563948e+00
 4.892367906e-01  5.005852392e-01  1.286315943e+00
 4.911937378e-01  5.021079292e-01  1.284068548e+00
 4.931506849e-01  5.036332855e-01  1.281823348e+00
 4.951076321e-01  5.051613143e-01  1.279580794e+00
 4.970645793e-01  5.066920219e-01  1.277340096e+00
 4.990215264e-01  5.082254163e-01  1.275101445e+00
 5.009784736e-01  5.097615034e-01  1.272866311e+00
 5.029354207e-01  5.113002878e-01  1.270635793e+00
 5.048923679e-01  5.128417726e-01  1.268410161e+00
 5.068493151e-01  5.143859618e-01  1.266189119e+00
 5.088062622e-01  5.159328593e-01  1.263973300e+00
 5.107632094e-01  5.174824674e-01  1.261763586e+00
 5.127201566e-01  5.190347877e-01  1.259560260e+00
 5.146771037e-01  5.205898219e-01  1.257363607e+00
 5.166340509e-01  5.221475709e-01  1.255173871e+00
 5.185909980e-01  5.237080355e-01  1.252991592e+00
 5.205479452e-01  5.252712154e-01  1.250817469e+00
 5.225048924e-01  5.268371094e-01  1.248651557e+00
 5.244618395e-01  5.284057169e-01  1.246493883e+00
 5.264187867e-01  5.299770367e-01  1.244344775e+00
 5.283757339e-01  5.315510671e-01  1.242204679e+00
 5.303326810e-01  5.331278057e-01  1.240074121e+00
 5.322896282e-01  5.347072495e-01  1.237953272e+00
 5.342465753e-01  5.362893952e-01  1.235842193e+00
 5.362035225e-01  5.378742396e-01  1.233740975e+00
 5.381604697e-01  5.394617791e-01  1.231649735e+00
 5.401174168e-01  5.410520099e-01  1.229568840e+00
 5.420743640e-01  5.426449274e-01  1.227498706e+00
 5.440313112e-01  5.442405264e-01  1.225439512e+00
 5.459882583e-01  5.458388017e-01  1.223391201e+00
 5.479452055e-01  5.474397482e-01  1.221353590e+00
 5.499021526e-01  5.490433608e-01  1.219326715e+00
 5.518590998e-01  5.506496341e-01  1.217311153e+00
 5.538160470e-01  5.522585615e-01  1.215307269e+00
 5.557729941e-01  5.538701362e-01  1.213314845e+00
 5.577299413e-01  5.554843520e-01  1.211333614e+00
 5.596868885e-01  5.571012028e-01  1.209363420e+00
 5.616438356e-01  5.587206823e-01  1.207404630e+00
 5.636007828e-01  5.603427834e-01  1.205457743e+00
 5.655577299e-01  5.619674983e-01  1.203522593e+00
 5.675146771e-01  5.635948199e-01  1.201598769e+00
 5.694716243e-01  5.652247414e-01  1.199686104e+00
 5.714285714e-01  5.668572560e-01  1.197784749e+00
 5.733855186e-01  5.684923562e-01  1.195895052e+00
 5.753424658e-01  5.701300341e-01  1.194016982e+00
 5.772994129e-01  5.717702821e-01  1.192150144e+00
 5.792563601e-01  5.734130930e-01  1.190294345e+00
 5.812133072e-01  5.750584595e-01  1.188449595e+00
 5.831702544e-01  5.767063744e-01  1.186615899e+00
 5.851272016e-01  5.783568301e-01  1.184793333e+00
 5.870841487e-01  5.800098188e-01  1.182981716e+00
 5.890410959e-01  5.816653334e-01  1.181180772e+00
 5.909980431e-01  5.833233666e-01  1.179390428e+00
 5.929549902e-01  5.849839111e-01  1.177610448e+00
 5.949119374e-01  5.866469603e-01  1.175840691e+00
 5.968688845e-01  5.883125072e-01  1.174081232e+00
 5.988258317e-01  5.899805446e-01  1.172331991e+00
 6.007827789e-01  5.916510655e-01  1.170592641e+00
 6.027397260e-01  5.933240635e-01  1.168862892e+00
 6.046966732e-01  5.949995323e-01  1.167142452e+00
 6.066536204e-01  5.966774661e-01  1.165431239e+00
 6.086105675e-01  5.983578587e-01  1.163729353e+00
 6.105675147e-01  6.000407039e-01  1.162036562e+00
 6.125244618e-01  6.017259958e-01  1.160352547e+00
 6.144814090e-01  6.034137291e-01  1.158676943e+00
 6.164383562e-01  6.051038989e-01  1.157009423e+00
 6.183953033e-01  6.067965005e-01  1.155349924e+00
 6.203522505e-01  6.084915291e-01  1.153698401e+00
 6.223091977e-01  6.101889801e-01  1.152054710e+00
 6.242661448e-01  6.118888489e-01  1.150418512e+00
 6.262230920e-01  6.135911318e-01  1.148789331e+00
 6.281800391e-01  6.152958254e-01  1.147166787e+00
 6.301369863e-01  6.170029270e-01  1.145550834e+00
 6.320939335e-01  6.187124335e-01  1.143941593e+00
 6.340508806e-01  6.204243414e-01  1.142338740e+00
 6.360078278e-01  6.221386485e-01  1.140741552e+00
 6.379647750e-01  6.238553536e-01  1.139149686e+00
 6.399217221e-01  6.255744552e-01  1.137563184e+00
 6.418786693e-01  6.272959520e-01  1.135982020e+00
 6.438356164e-01  6.290198426e-01  1.134405979e+00
 6.457925636e-01  6.307461261e-01  1.132834107e+00
 6.477495108e-01  6.324748040e-01  1.131265938e+00
 6.497064579e-01  6.342058767e-01  1.129701840e+00
 6.516634051e-01  6.359393447e-01  1.128141827e+00
 6.536203523e-01  6.376752083e-01  1.126585403e+00
 6.555772994e-01  6.394134693e-01  1.125031594e+00
 6.575342466e-01  6.411541311e-01  1.123479962e+00
 6.594911937e-01  6.428971968e-01  1.121930793e+00
 6.614481409e-01  6.446426690e-01  1.120384237e+00
 6.634050881e-01  6.463905502e-01  1.118839740e+00
 6.653620352e-01  6.481408447e-01  1.117296387e+00
 6.673189824e-01  6.498935581e-01  1.115753594e+00
 6.692759295e-01  6.516486963e-01  1.114211576e+00
 6.712328767e-01  6.534062644e-01  1.112670529e+00
 6.731898239e-01  6.551662678e-01  1.111129611e+00
 6.751467710e-01  6.569287140e-01  1.109588464e+00
 6.771037182e-01  6.586936099e-01  1.108047064e+00
 6.790606654e-01  6.604609630e-01  1.106504730e+00
 6.810176125e-01  6.622307824e-01  1.104960859e+00
 6.829745597e-01  6.640030778e-01  1.103415051e+00
 6.849315068e-01  6.657778594e-01  1.101867466e+00
 6.868884540e-01  6.675551367e-01  1.100318643e+00
 6.888454012e-01  6.693349183e-01  1.098768242e+00
 6.908023483e-01  6.711172148e-01  1.097214319e+00
 6.927592955e-01  6.729020412e-01  1.095655818e+00
 6.947162427e-01  6.746894116e-01  1.094093655e+00
 6.966731898e-01  6.764793385e-01  1.092528579e+00
 6.986301370e-01  6.782718336e-01  1.090960662e+00
 7.005870841e-01  6.800669091e-01  1.089388017e+00
 7.025440313e-01  6.818645832e-01  1.087809438e+00
 7.045009785e-01  6.836648724e-01  1.086225508e+00
 7.064579256e-01  6.854677931e-01  1.084636508e+00
 7.084148728e-01  6.872733611e-01  1.083042057e+00
 7.103718200e-01  6.890815942e-01  1.081441213e+00
 7.123287671e-01  6.908925117e-01  1.079833982e+00
 7.142857143e-01  6.927061316e-01  1.078220435e+00
 7.162426614e-01  6.945224732e-01  1.076600137e+00
 7.181996086e-01  6.963415564e-01  1.074971735e+00
 7.201565558e-01  6.981634051e-01  1.073334402e+00
 7.221135029e-01  6.999880424e-01  1.071689080e+00
 7.240704501e-01  7.018154895e-01  1.070036757e+00
 7.260273973e-01  7.036457663e-01  1.068376180e+00
 7.279843444e-01  7.054788986e-01  1.066705012e+00
 7.299412916e-01  7.073149149e-01  1.065022496e+00
 7.318982387e-01  7.091538438e-01  1.063328822e+00
 7.338551859e-01  7.109957136e-01  1.061624513e+00
 7.358121331e-01  7.128405516e-01  1.059908249e+00
 7.377690802e-01  7.146883912e-01  1.058178146e+00
 7.397260274e-01  7.165392668e-01  1.056433770e+00
 7.416829746e-01  7.183932138e-01  1.054675232e+00
 7.436399217e-01  7.202502668e-01  1.052901725e+00
 7.455968689e-01  7.221104647e-01  1.051109922e+00
 7.475538160e-01  7.239738546e-01  1.049297582e+00
 7.495107632e-01  7.258404840e-01  1.047466004e+00
 7.514677104e-01  7.277103963e-01  1.045616081e+00
 7.534246575e-01  7.295836366e-01  1.043744839e+00
 7.553816047e-01  7.314602598e-01  1.041848491e+00
 7.573385519e-01  7.333403257e-01  1.039926813e+00
 7.592954990e-01  7.352238911e-01  1.037979809e+00
 7.612524462e-01  7.371110169e-01  1.036007518e+00
 7.632093933e-01  7.390017609e-01  1.034008571e+00
 7.651663405e-01  7.408961903e-01  1.031981908e+00
 7.671232877e-01  7.427943680e-01  1.029929098e+00
 7.690802348e-01  7.446963569e-01  1.027851904e+00
 7.710371820e-01  7.466022147e-01  1.025753446e+00
 7.729941292e-01  7.485119937e-01  1.023635485e+00
 7.749510763e-01  7.504257464e-01  1.021499838e+00
 7.769080235e-01  7.523435195e-01  1.019350800e+00
 7.788649706e-01  7.542653501e-01  1.017193772e+00
 7.808219178e-01  7.561912654e-01  1.015033558e+00
 7.827788650e-01  7.581212849e-01  1.012874798e+00
 7.847358121e-01  7.600554184e-01  1.010722443e+00
 7.866927593e-01  7.619936666e-01  1.008580738e+00
 7.886497065e-01  7.639360230e-01  1.006454145e+00
 7.906066536e-01  7.658824707e-01  1.004357884e+00
 7.925636008e-01  7.678329434e-01  1.002305646e+00
 7.945205479e-01  7.697873697e-01  1.000297812e+00
 7.964774951e-01  7.717456802e-01  9.983349397e-01
 7.984344423e-01  7.737077992e-01  9.964264598e-01
 8.003913894e-01  7.756736181e-01  9.945896763e-01
 8.023483366e-01  7.776429906e-01  9.928340442e-01
 8.043052838e-01  7.796157675e-01  9.911578454e-01
 8.062622309e-01  7.815918063e-01  9.895615168e-01
 8.082191781e-01  7.835709528e-01  9.880751357e-01
 8.101761252e-01  7.855529406e-01  9.867251050e-01
 8.121330724e-01  7.875375060e-01  9.855016862e-01
 8.140900196e-01  7.895244174e-01  9.843917679e-01
 8.160469667e-01  7.915134602e-01  9.834055934e-01
 8.180039139e-01  7.935043582e-01  9.825625335e-01
 8.199608611e-01  7.954968154e-01  9.818666768e-01
 8.219178082e-01  7.974905359e-01  9.813010259e-01
 8.238747554e-01  7.994852906e-01  9.808518871e-01
 8.258317025e-01  8.014808373e-01  9.805286276e-01
 8.277886497e-01  8.034769073e-01  9.803384245e-01
 8.297455969e-01  8.054732284e-01  9.802690110e-01
 8.317025440e-01  8.074695810e-01  9.802941750e-01
 8.336594912e-01  8.094657996e-01  9.803902661e-01
 8.356164384e-01  8.114617610e-01  9.805451446e-01
 8.375733855e-01  8.134573490e-01  9.807569897e-01
 8.395303327e-01  8.154524483e-01  9.810094058e-01
 8.414872798e-01  8.174470095e-01  9.812821701e-01
 8.434442270e-01  8.194409998e-01  9.815627380e-01
 8.454011742e-01  8.214344209e-01  9.818323327e-01
 8.473581213e-01  8.234273163e-01  9.820761819e-01
 8.493150685e-01  8.254197476e-01  9.822808707e-01
 8.512720157e-01  8.274118125e-01  9.824384060e-01
 8.532289628e-01  8.294036049e-01  9.825477689e-01
 8.551859100e-01  8.313952263e-01  9.825925628e-01
 8.571428571e-01  8.333868371e-01  9.825445128e-01
 8.590998043e-01  8.353786533e-01  9.823960218e-01
 8.610567515e-01  8.373708662e-01  9.821565606e-01
 8.630136986e-01  8.393636539e-01  9.818309965e-01
 8.649706458e-01  8.413571883e-01  9.814281580e-01
 8.669275930e-01  8.433516124e-01  9.809219706e-01
 8.688845401e-01  8.453472050e-01  9.802905988e-01
 8.708414873e-01  8.473441991e-01  9.795445328e-01
 8.727984344e-01  8.493428331e-01  9.786884214e-01
 8.747553816e-01  8.513433228e-01  9.777350984e-01
 8.767123288e-01  8.533458564e-01  9.766955523e-01
 8.786692759e-01  8.553506071e-01  9.755477148e-01
 8.806262231e-01  8.573578563e-01  9.742797214e-01
 8.825831703e-01  8.593678291e-01  9.729014338e-01
 8.845401174e-01  8.613807701e-01  9.714172324e-01
 8.864970646e-01  8.633968900e-01  9.698375548e-01
 8.884540117e-01  8.654163942e-01  9.681784111e-01
 8.904109589e-01  8.674394303e-01  9.664323675e-01
 8.923679061e-01  8.694662390e-01  9.645796685e-01
 8.943248532e-01  8.714970547e-01  9.626285898e-01
 8.962818004e-01  8.735320883e-01  9.605799185e-01
 8.982387476e-01  8.755715763e-01  9.584473612e-01
 9.001956947e-01  8.776156765e-01  9.562271352e-01
 9.021526419e-01  8.796646472e-01  9.539154733e-01
 9.041095890e-01  8.817186670e-01  9.515291664e-01
 9.060665362e-01  8.837779284e-01  9.490485240e-01
 9.080234834e-01  8.858427009e-01  9.464859648e-01
 9.099804305e-01  8.879131286e-01  9.438465552e-01
 9.119373777e-01  8.899894663e-01  9.411093717e-01
 9.138943249e-01  8.920719560e-01  9.383175151e-01
 9.158512720e-01  8.941606682e-01  9.354475734e-01
 9.178082192e-01  8.962559571e-01  9.324581329e-01
 9.197651663e-01  8.983580846e-01  9.294142303e-01
 9.217221135e-01  9.004671207e-01  9.262946436e-01
 9.236790607e-01  9.025834329e-01  9.230554155e-01
 9.256360078e-01  9.047072986e-01  9.197752361e-01
 9.275929550e-01  9.068387324e-01  9.164508647e-01
 9.295499022e-01  9.089780359e-01  9.129833606e-01
 9.315068493e-01  9.111256934e-01  9.093839402e-01
 9.334637965e-01  9.132819669e-01  9.058416299e-01
 9.354207436e-01  9.154464516e-01  9.021921944e-01
 9.373776908e-01  9.176202111e-01  8.982565789e-01
 9.393346380e-01  9.198037070e-01  8.941923956e-01
 9.412915851e-01  9.219972734e-01  8.903036689e-01
 9.432485323e-01  9.241998783e-01  8.862774291e-01
 9.452054795e-01  9.264134328e-01  8.817598557e-01
 9.471624266e-01  9.286386703e-01  8.770469382e-01
 9.491193738e-01  9.308760817e-01  8.724696010e-01
 9.510763209e-01  9.331247215e-01  8.683508851e-01
 9.530332681e-01  9.353833993e-01  8.636486480e-01
 9.549902153e-01  9.376566282e-01  8.579342278e-01
 9.569471624e-01  9.399455047e-01  8.519376911e-01
 9.589041096e-01  9.422508550e-01  8.457685029e-01
 9.608610568e-01  9.445732492e-01  8.488528986e-01
 9.628180039e-01  9.468621456e-01  8.567612715e-01
 9.647749511e-01  9.491415325e-01  8.511175915e-01
 9.667318982e-01  9.514613932e-01  8.345155955e-01
 9.686888454e-01  9.538326792e-01  8.152281474e-01
 9.706457926e-01  9.562638677e-01  7.944290888e-01
 9.726027397e-01  9.587611258e-01  7.730894961e-01
 9.745596869e-01  9.613284739e-01  7.519743552e-01
 9.765166341e-01  9.639679479e-01  7.316603205e-01
 9.784735812e-01  9.666797618e-01  7.125639448e-01
 9.804305284e-01  9.694624690e-01  6.949728969e-01
 9.823874755e-01  9.723131229e-01  6.790756581e-01
 9.843444227e-01  9.752274363e-01  6.649874474e-01
 9.863013699e-01  9.781999396e-01  6.527716184e-01
 9.882583170e-01  9.812241371e-01  6.424566323e-01
 9.902152642e-01  9.842926601e-01  6.340491096e-01
 9.921722114e-01  9.873974192e-01  6.275436475e-01
 9.941291585e-01  9.905297519e-01  6.229300265e-01
 9.960861057e-01  9.936805680e-01  6.201983710e-01
 9.980430528e-01  9.968404918e-01  6.193427459e-01
 1.000000000e+00  1.000000000e+00  6.194241978e-01
4  3.692537560e-01  6.718557213e-01  1.008875938e+00  7.454521643e-01  9.600600415e-01  6.480608393e+01  4.671846046e-01  9.953215800e-01  3.095455979e-01  2.661505604e+00
5  4.833100297e-01  9.724248598e-01  1.006190709e+00  6.111999204e-01  9.337319862e-01  3.853145663e+01  4.143277019e-01  1.040346052e+00  4.667940344e-01  2.779462359e+00
6  5.756545646e-01  1.102174299e+00  1.004170564e+00  5.208056625e-01  9.126365814e-01  2.814089403e+01  3.832353529e-01  1.109790150e+00  5.819215496e-01  2.753232449e+00
7  6.590515618e-01  1.178075833e+00  1.002465138e+00  4.560056256e-01  8.961872325e-01  2.229928529e+01  3.610465325e-01  1.183904143e+00  6.775002898e-01  2.697213488e+00
8  7.351544704e-01  1.277881644e+00  1.001050151e+00  4.072924062e-01  8.872811064e-01  1.873792999e+01  3.445958498e-01  1.261915584e+00  7.592234392e-01  2.628870189e+00
9  8.017603406e-01  1.482828544e+00  9.999849206e-01  3.690039956e-01  8.925731122e-01  1.683539962e+01  3.330522121e-01  1.356300651e+00  8.261057585e-01  2.545776084e+00
10  8.536674504e-01  1.937556737e+00  9.992726150e-01  3.376650347e-01  9.219326835e-01  1.643914083e+01  3.258057505e-01  1.478347114e+00  8.770264003e-01  2.437796218e+00
11  8.912062309e-01  2.458236869e+00  9.988960607e-01  3.112313914e-01  9.879615925e-01  1.768599298e+01  3.221383849e-01  1.661780546e+00  9.130814968e-01  2.312759749e+00
12  9.291598961e-01  1.475818798e+00  9.990371538e-01  2.900218036e-01  1.087433796e+00  2.000444969e+01  3.216512423e-01  1.856065843e+00  9.476192748e-01  2.210627362e+00
13  9.634023842e-01  3.513675862e+00  9.997002597e-01  2.723319862e-01  1.233841037e+00  2.410270089e+01  3.244428748e-01  2.174892010e+00  9.761016514e-01  2.117185252e+00
14  9.794808086e-01  5.755606883e+00  9.998698907e-01  2.551297600e-01  1.437848593e+00  3.133847602e+01  3.272089357e-01  2.944715810e+00  9.871344059e-01  1.999107170e+00
0 0 -1.259365761e-01 -6.095277129e-18
0 1  1.378024435e-02 -4.265067525e-03
0 2 -1.407968864e-02  4.843980236e-03
0 3  5.323572596e-03 -5.589627450e-03
0 4 -2.504263628e-03  5.547302062e-03
0 5 -1.456674913e-03 -4.401510625e-03
0 6  3.310352953e-03  1.456638802e-03
0 7 -2.349645938e-03  2.126308724e-03
0 8 -1.664460193e-03 -2.151667303e-03
0 9  1.482703909e-03 -1.839988922e-03
0 10  2.134262311e-03  1.933615969e-04
1 0 -1.094220978e-01 -3.386678958e-02
1 1 -9.748953684e-02 -1.384514676e-17
1 2  1.009292950e-02 -5.846936207e-03
1 3 -1.367121572e-02  6.961079400e-03
1 4  2.825495193e-03 -7.633483442e-03
1 5  3.630914667e-04  6.385582482e-03
1 6 -4.772008808e-03 -2.676927543e-03
1 7  3.338585264e-03 -2.523527402e-03
1 8  1.702058395e-03  3.199681310e-03
1 9 -2.431892581e-03  2.182255648e-03
1 10 -2.907936392e-03 -6.659228818e-04
2 0  1.117998366e-01  3.846364880e-02
2 1 -1.035283358e-01 -5.997501267e-02
2 2 -7.853020692e-02  6.450244668e-18
2 3  6.329896453e-03 -7.007241317e-03
2 4 -1.064181284e-02  8.171398519e-03
2 5 -1.204170592e-03 -7.868884028e-03
2 6  3.635499152e-03  4.134622777e-03
2 7 -5.171880881e-03  2.011281682e-03
2 8 -1.616746093e-03 -4.061531706e-03
2 9  2.929775659e-03 -1.895393185e-03
2 10  2.842529120e-03  1.380623306e-03
3 0 -4.227185429e-02 -4.438446416e-02
3 1  1.402326462e-01  7.140334876e-02
3 2 -8.060460683e-02 -8.922988480e-02
3 3 -6.530480119e-02  2.160200095e-17
3 4  3.322541204e-03 -8.098088921e-03
3 5 -7.185846117e-03  8.787333866e-03
3 6 -5.501302950e-03 -6.307565697e-03
3 7  4.626628377e-03 -6.013906264e-04
3 8 -7.266819561e-04  4.801739660e-03
3 9 -4.407625479e-03  9.120759077e-04
3 10 -3.032840256e-03 -2.496437207e-03
4 0  1.988511761e-02  4.404837921e-02
4 1 -2.898254812e-02 -7.830054064e-02
4 2  1.355123494e-01  1.040542084e-01
4 3 -5.087744152e-02 -1.240044954e-01
4 4 -5.567281209e-02  7.249775726e-17
4 5  4.704565608e-04 -9.280089815e-03
4 6 -3.593404161e-03  8.516917989e-03
4 7 -8.924299453e-03 -2.404898907e-03
4 8  9.184686209e-04 -4.980691026e-03
4 9  3.522497368e-03  1.006926931e-03
4 10  7.607978486e-04  3.808934619e-03
5 0  1.156673428e-02 -3.495021668e-02
5 1 -3.724414727e-03  6.550018278e-02
5 2  1.533385227e-02 -1.002020030e-01
5 3  1.100354949e-01  1.345587722e-01
5 4 -8.450382568e-03 -1.666897982e-01
5 5 -4.810599921e-02 -2.512132801e-17
5 6 -2.717411056e-03 -1.038208664e-02
5 7 -8.736543519e-05  6.390232876e-03
5 8 -8.301975944e-03  2.913035628e-03
5 9 -5.079849481e-03 -3.824088103e-03
5 10 -2.112488677e-04 -4.370685559e-03
6 0 -2.628587384e-02  1.156644755e-02
6 1  4.894893301e-02 -2.745861381e-02
6 2 -4.629427700e-02  5.265009400e-02
6 3  8.424040576e-02 -9.658655386e-02
6 4  6.454504498e-02  1.529816381e-01
6 5  5.648798697e-02 -2.158168797e-01
6 6 -4.167158190e-02  2.332693700e-17
6 7 -6.277438347e-03 -1.089663379e-02
6 8  2.115565898e-03  1.843733794e-03
6 9 -3.384470023e-03  5.259741982e-03
6 10 -6.396148960e-03  2.140376501e-03
7 0  1.865737508e-02  1.688396485e-02
7 1 -3.424557519e-02 -2.588511018e-02
7 2  6.585849043e-02  2.561156733e-02
7 3 -7.084668038e-02 -9.208980280e-03
7 4  1.602990601e-01 -4.319700797e-02
7 5  1.816102703e-03  1.328365065e-01
7 6  1.506407499e-01 -2.614883645e-01
7 7 -3.586469068e-02 -5.535571255e-17
7 8 -8.178939596e-03 -9.221167628e-03
7 9  1.313782478e-03 -2.563114491e-03
7 10  9.466191996e-04  2.465520877e-03
8 0  1.321665432e-02 -1.708532477e-02
8 1 -1.745888277e-02  3.282076635e-02
8 2  2.058756950e-02 -5.171935571e-02
8 3  1.112754258e-02  7.352812615e-02
8 4 -1.649761502e-02 -8.946361499e-02
8 5  1.725767281e-01  6.055451868e-02
8 6 -5.076759273e-02  4.424439174e-02
8 7  2.280499132e-01 -2.571099166e-01
8 8 -3.191167494e-02 -4.409876199e-17
8 9 -9.807753553e-03 -7.397091510e-03
8 10 -1.964074701e-03 -5.835867165e-03
9 0 -1.177341765e-02 -1.461044105e-02
9 1  2.494516498e-02  2.238451139e-02
9 2 -3.730762688e-02 -2.413584860e-02
9 3  6.749313065e-02  1.396644490e-02
9 4 -6.327141086e-02  1.808651104e-02
9 5  1.055970059e-01 -7.949295650e-02
9 6  8.121769965e-02  1.262189181e-01
9 7 -3.663164113e-02 -7.146623720e-02
9 8  3.073406072e-01 -2.317989114e-01
9 9 -2.832270104e-02 -9.550841498e-17
9 10 -1.350562955e-02 -6.163584047e-03
10 0 -1.694712034e-02  1.535388708e-03
10 1  2.982818963e-02 -6.830711309e-03
10 2 -3.619663352e-02  1.758079292e-02
10 3  4.644130602e-02 -3.822746815e-02
10 4 -1.366551859e-02  6.841642223e-02
10 5  4.391320650e-03 -9.085531183e-02
10 6  1.534894686e-01  5.136297695e-02
10 7 -2.639418274e-02  6.874507574e-02
10 8  6.154721445e-02 -1.828756145e-01
10 9  4.768482192e-01 -2.176199240e-01
10 10 -2.192870324e-02 -7.266076416e-17
0 0 -8.245698994e+00  1.595750383e-15
0 1 -8.705343448e-01  3.644406828e-01
0 2  1.174521847e+00 -3.363843124e-01
0 3 -2.756962584e-01  2.732029721e-01
0 4  1.258176207e-01 -2.300790890e-01
0 5  4.495774727e-02  1.638947905e-01
0 6 -1.069752495e-01 -5.534623064e-02
0 7  8.083768751e-02 -6.018209029e-02
0 8  5.499068976e-02  6.615432926e-02
0 9 -3.879022292e-02  6.827663229e-02
0 10 -7.789337359e-02 -4.780527216e-02
1 0 -8.705343448e-01 -3.644406828e-01
1 1 -1.084511081e+01  9.917782343e-16
1 2 -8.957718816e-01  8.085758124e-01
1 3  1.870143559e+00 -8.006414241e-01
1 4 -2.481508664e-01  6.009140938e-01
1 5  1.622440081e-02 -4.300218362e-01
1 6  2.628982025e-01  1.740253282e-01
1 7 -1.922941666e-01  1.151602842e-01
1 8 -9.051743858e-02 -1.582580477e-01
1 9  1.033131617e-01 -1.240813905e-01
1 10  1.475438603e-01  1.245283078e-01
2 0  1.174521847e+00  3.363843124e-01
2 1 -8.957718816e-01 -8.085758124e-01
2 2 -1.357548338e+01 -1.782341672e-14
2 3 -6.692718989e-01  1.442833032e+00
2 4  2.231047718e+00 -1.428926333e+00
2 5  9.811340527e-02  9.301042746e-01
2 6 -3.113921901e-01 -4.518181818e-01
2 7  4.621789657e-01 -1.234028946e-01
2 8  1.118521980e-01  3.207845284e-01
2 9 -2.063934881e-01  1.649321208e-01
2 10 -1.775578364e-01 -2.452882081e-01
3 0 -2.756962584e-01 -2.732029721e-01
3 1  1.870143559e+00  8.006414241e-01
3 2 -6.692718989e-01 -1.442833032e+00
3 3 -1.649180081e+01 -1.252936494e-14
3 4 -1.856774947e-01  2.345017627e+00
3 5  2.278442150e+00 -2.232066464e+00
3 6  8.626901114e-01  1.106990630e+00
3 7 -6.663507824e-01 -5.830319724e-02
3 8  1.163531094e-01 -5.797555714e-01
3 9  4.415532722e-01 -1.185265586e-01
3 10  1.776182950e-01  4.657161085e-01
4 0  1.258176207e-01  2.300790890e-01
4 1 -2.481508664e-01 -6.009140938e-01
4 2  2.231047718e+00  1.428926333e+00
4 3 -1.856774947e-01 -2.345017627e+00
4 4 -1.970499464e+01 -1.644026303e-14
4 5  7.496111735e-01  3.646879689e+00
4 6  1.891525068e+00 -3.172969321e+00
4 7  2.053685423e+00  7.457471908e-01
4 8 -3.124497527e-01  8.398176510e-01
4 9 -5.908064902e-01 -1.614016516e-01
4 10  2.304008519e-01 -8.037616414e-01
5 0  4.495774727e-02 -1.638947905e-01
5 1  1.622440081e-02  4.300218362e-01
5 2  9.811340527e-02 -9.301042746e-01
5 3  2.278442150e+00  2.232066464e+00
5 4  7.496111735e-01 -3.646879689e+00
5 5 -2.343373891e+01  1.378562746e-15
5 6  2.520898739e+00  5.580707371e+00
5 7  9.669984041e-01 -3.954943010e+00
5 8  2.767423853e+00 -7.922798021e-01
5 9  1.052721903e+00  8.949245483e-01
5 10 -6.890841425e-01  7.433237453e-01
6 0 -1.069752495e-01  5.534623064e-02
6 1  2.628982025e-01 -1.740253282e-01
6 2 -3.113921901e-01  4.518181818e-01
6 3  8.626901114e-01 -1.106990630e+00
6 4  1.891525068e+00  3.172969321e+00
6 5  2.520898739e+00 -5.580707371e+00
6 6 -2.778529922e+01  3.190732126e-14
6 7  5.389115074e+00  7.629516162e+00
6 8 -6.604847763e-01 -2.956458180e+00
6 9  1.453594690e+00 -2.183590434e+00
6 10  2.740495862e+00 -5.133674615e-02
7 0  8.083768751e-02  6.018209029e-02
7 1 -1.922941666e-01 -1.151602842e-01
7 2  4.621789657e-01  1.234028946e-01
7 3 -6.663507824e-01  5.830319724e-02
7 4  2.053685423e+00 -7.457471908e-01
7 5  9.669984041e-01  3.954943010e+00
7 6  5.389115074e+00 -7.629516162e+00
7 7 -3.214945798e+01  9.949048086e-14
7 8  8.198879881e+00  8.193357896e+00
7 9 -1.144321395e+00 -7.879383707e-02
7 10  7.256185998e-01 -3.976988751e+00
8 0  5.499068976e-02 -6.615432926e-02
8 1 -9.051743858e-02  1.582580477e-01
8 2  1.118521980e-01 -3.207845284e-01
8 3  1.163531094e-01  5.797555714e-01
8 4 -3.124497527e-01 -8.398176510e-01
8 5  2.767423853e+00  7.922798021e-01
8 6 -6.604847763e-01  2.956458180e+00
8 7  8.198879881e+00 -8.193357896e+00
8 8 -3.662449396e+01  1.538457027e-13
8 9  1.154880768e+01  7.722487333e+00
8 10 -1.576178260e+00  2.489557545e-01
9 0 -3.879022292e-02 -6.827663229e-02
9 1  1.033131617e-01  1.240813905e-01
9 2 -2.063934881e-01 -1.649321208e-01
9 3  4.415532722e-01  1.185265586e-01
9 4 -5.908064902e-01  1.614016516e-01
9 5  1.052721903e+00 -8.949245483e-01
9 6  1.453594690e+00  2.183590434e+00
9 7 -1.144321395e+00  7.879383707e-02
9 8  1.154880768e+01 -7.722487333e+00
9 9 -4.783627272e+01  2.922565528e-13
9 10  2.174539069e+01  9.923975971e+00
10 0 -7.789337359e-02  4.780527216e-02
10 1  1.475438603e-01 -1.245283078e-01
10 2 -1.775578364e-01  2.452882081e-01
10 3  1.776182950e-01 -4.657161085e-01
10 4  2.304008519e-01  8.037616414e-01
10 5 -6.890841425e-01 -7.433237453e-01
10 6  2.740495862e+00  5.133674615e-02
10 7  7.256185998e-01  3.976988751e+00
10 8 -1.576178260e+00 -2.489557545e-01
10 9  2.174539069e+01 -9.923975971e+00
10 10 -4.560233176e+01  1.511033387e-13
0  2.311319618e-02 -5.462269643e-04 -1.087307077e-01 -1.282659450e-02
1  3.687886946e-02 -3.070726578e-04  1.375130827e-01  3.777252800e-02
2  4.947526763e-02 -1.117825952e-03 -1.399329162e-01 -7.504487547e-02
3  6.897275264e-02 -8.809105879e-04  1.154542802e-01  1.243736534e-01
4  9.416009918e-02 -2.698054534e-03 -4.848722560e-02 -1.705426893e-01
5  1.248436138e-01 -2.849580612e-03 -6.628914858e-02  1.684844060e-01
6  1.559300363e-01 -4.889460963e-03  1.715782583e-01 -5.648392043e-02
7  1.790899792e-01 -6.357827681e-03 -1.181884534e-01 -1.313150047e-01
8  2.088775034e-01 -7.342579272e-03 -1.156216276e-01  1.273144728e-01
9  2.377732885e-01 -9.233257745e-03  9.320403305e-02  1.359576519e-01
10  2.400768554e-01 -9.875464278e-03  1.560653790e-01 -9.998724239e-04
