 1.695500020e+00 -1.842732250e+00  8.598032592e-01  3.990105704e+00  9.315123242e-01  9.965782800e-01  7.910140310e+00 512 3 11
 0.000000000e+00  0.000000000e+00 -4.688794522e-05
 1.956947162e-03  2.818690261e-02  1.389019576e-01
 3.913894325e-03  3.985835898e-02  1.964716077e-01
 5.870841487e-03  4.881190832e-02  2.406779468e-01
 7.827788650e-03  5.635851818e-02  2.779602706e-01
 9.784735812e-03  6.300610552e-02  3.108123899e-01
 1.174168297e-02  6.901523356e-02  3.405119101e-01
 1.369863014e-02  7.454073728e-02  3.678168125e-01
 1.565557730e-02  7.968353534e-02  3.932202423e-01
 1.761252446e-02  8.451375285e-02  4.170641839e-01
 1.956947162e-02  8.908246862e-02  4.395971952e-01
 2.152641879e-02  9.342826026e-02  4.610065619e-01
 2.348336595e-02  9.758111297e-02  4.814374949e-01
 2.544031311e-02  1.015648845e-01  5.010014469e-01
 2.739726027e-02  1.053989836e-01  5.197785918e-01
 2.935420744e-02  1.090995425e-01  5.378767034e-01
 3.131115460e-02  1.126795395e-01  5.553790494e-01
 3.326810176e-02  1.161501826e-01  5.723232808e-01
 3.522504892e-02  1.195210563e-01  5.887567203e-01
 3.718199609e-02  1.228004278e-01  6.047190568e-01
 3.913894325e-02  1.259955033e-01  6.202446257e-01
 4.109589041e-02  1.291125973e-01  6.353643408e-01
 4.305283757e-02  1.321572835e-01  6.501054728e-01
 4.500978474e-02  1.351345076e-01  6.644927626e-01
 4.696673190e-02  1.380486810e-01  6.785481259e-01
 4.892367906e-02  1.409037604e-01  6.922903173e-01
 5.088062622e-02  1.437033161e-01  7.057354599e-01
 5.283757339e-02  1.464505838e-01  7.188984328e-01
 5.479452055e-02  1.491485043e-01  7.317945808e-01
 5.675146771e-02  1.517997494e-01  7.444386245e-01
 5.870841487e-02  1.544067596e-01  7.568418193e-01
 6.066536204e-02  1.569717816e-01  7.690105780e-01
 6.262230920e-02  1.594969045e-01  7.809517491e-01
 6.457925636e-02  1.619840549e-01  7.926799990e-01
 6.653620352e-02  1.644349824e-01  8.042089346e-01
 6.849315068e-02  1.668513099e-01  8.155410069e-01
 7.045009785e-02  1.692345764e-01  8.266784806e-01
 7.240704501e-02  1.715862143e-01  8.376308112e-01
 7.436399217e-02  1.739075463e-01  8.484068512e-01
 7.632093933e-02  1.761998087e-01  8.590110629e-01
 7.827788650e-02  1.784641674e-01  8.694476769e-01
 8.023483366e-02  1.807017150e-01  8.797237324e-01
 8.219178082e-02  1.829134703e-01  8.898441026e-01
 8.414872798e-02  1.851003998e-01  8.998074480e-01
 8.610567515e-02  1.872634349e-01  9.096192546e-01
 8.806262231e-02  1.894034296e-01  9.192921957e-01
 9.001956947e-02  1.915211759e-01  9.288240342e-01
 9.197651663e-02  1.936174649e-01  9.382117680e-01
 9.393346380e-02  1.956930351e-01  9.474644876e-01
 9.589041096e-02  1.977485732e-01  9.565874566e-01
 9.784735812e-02  1.997847361e-01  9.655817549e-01
 9.980430528e-02  2.018021520e-01  9.744466954e-01
 1.017612524e-01  2.038014298e-01  9.831875377e-01
 1.037181996e-01  2.057831290e-01  9.918097261e-01
 1.056751468e-01  2.077477918e-01  1.000307900e+00
 1.076320939e-01  2.096959577e-01  1.008687107e+00
 1.095890411e-01  2.116281107e-01  1.016954804e+00
 1.115459883e-01  2.135447245e-01  1.025108370e+00
 1.135029354e-01  2.154462596e-01  1.033147760e+00
 1.154598826e-01  2.173331576e-01  1.041075676e+00
 1.174168297e-01  2.192058386e-01  1.048896494e+00
 1.193737769e-01  2.210647000e-01  1.056612176e+00
 1.213307241e-01  2.229101280e-01  1.064218774e+00
 1.232876712e-01  2.247425085e-01  1.071720797e+00
 1.252446184e-01  2.265621883e-01  1.079122513e+00
 1.272015656e-01  2.283695157e-01  1.086420161e+00
 1.291585127e-01  2.301648289e-01  1.093615795e+00
 1.311154599e-01  2.319484489e-01  1.100713967e+00
 1.330724070e-01  2.337206797e-01  1.107715170e+00
 1.350293542e-01  2.354818224e-01  1.114617295e+00
 1.369863014e-01  2.372321704e-01  1.121420526e+00
 1.389432485e-01  2.389720076e-01  1.128130618e+00
 1.409001957e-01  2.407015937e-01  1.134748626e+00
 1.428571429e-01  2.424211943e-01  1.141268920e+00
 1.448140900e-01  2.441310723e-01  1.147694850e+00
 1.467710372e-01  2.458314691e-01  1.154032490e+00
 1.487279843e-01  2.475226168e-01  1.160279193e+00
 1.506849315e-01  2.492047522e-01  1.166432423e+00
 1.526418787e-01  2.508781030e-01  1.172495401e+00
 1.545988258e-01  2.525428855e-01  1.178470692e+00
 1.565557730e-01  2.541993090e-01  1.184358481e+00
 1.585127202e-01  2.558475792e-01  1.190155918e+00
 1.604696673e-01  2.574879034e-01  1.195864654e+00
 1.624266145e-01  2.591204732e-01  1.201491047e+00
 1.643835616e-01  2.607454696e-01  1.207029129e+00
 1.663405088e-01  2.623630915e-01  1.212477279e+00
 1.682974560e-01  2.639735162e-01  1.217843886e+00
 1.702544031e-01  2.655769121e-01  1.223127541e+00
 1.722113503e-01  2.671734526e-01  1.228324822e+00
 1.741682975e-01  2.687633077e-01  1.233437147e+00
 1.761252446e-01  2.703466401e-01  1.238465801e+00
 1.780821918e-01  2.719236098e-01  1.243413215e+00
 1.800391389e-01  2.734943667e-01  1.248278378e+00
 1.819960861e-01  2.750590671e-01  1.253059602e+00
 1.839530333e-01  2.766178592e-01  1.257761886e+00
 1.859099804e-01  2.781708812e-01  1.262382424e+00
 1.878669276e-01  2.797182827e-01  1.266917047e+00
 1.898238748e-01  2.812602066e-01  1.271373264e+00
 1.917808219e-01  2.827967790e-01  1.275754050e+00
 1.937377691e-01  2.843281310e-01  1.280054632e+00
 1.956947162e-01  2.858543954e-01  1.284272532e+00
 1.976516634e-01  2.873757045e-01  1.288408116e+00
 1.996086106e-01  2.888921860e-01  1.292467934e+00
 2.015655577e-01  2.904039524e-01  1.296453987e+00
 2.035225049e-01  2.919111227e-01  1.300359164e+00
 2.054794521e-01  2.934138221e-01  1.304185221e+00
 2.074363992e-01  2.949121618e-01  1.307935761e+00
 2.093933464e-01  2.964062551e-01  1.311607457e+00
 2.113502935e-01  2.978962172e-01  1.315201469e+00
 2.133072407e-01  2.993821555e-01  1.318721855e+00
 2.152641879e-01  3.008641729e-01  1.322169250e+00
 2.172211350e-01  3.023423721e-01  1.325540598e+00
 2.191780822e-01  3.038168600e-01  1.328831750e+00
 2.211350294e-01  3.052877457e-01  1.332045689e+00
 2.230919765e-01  3.067551267e-01  1.335190523e+00
 2.250489237e-01  3.082190914e-01  1.338263929e+00
 2.270058708e-01  3.096797399e-01  1.341261613e+00
 2.289628180e-01  3.111371678e-01  1.344185344e+00
 2.309197652e-01  3.125914688e-01  1.347034006e+00
 2.328767123e-01  3.140427387e-01  1.349807491e+00
 2.348336595e-01  3.154910693e-01  1.352511279e+00
 2.367906067e-01  3.169365423e-01  1.355148144e+00
 2.387475538e-01  3.183792417e-01  1.357715267e+00
 2.407045010e-01  3.198192536e-01  1.360205351e+00
 2.426614481e-01  3.212566754e-01  1.362618136e+00
 2.446183953e-01  3.226915919e-01  1.364964147e+00
 2.465753425e-01  3.241240767e-01  1.367248915e+00
 2.485322896e-01  3.255542013e-01  1.369464049e+00
 2.504892368e-01  3.269820555e-01  1.371604515e+00
 2.524461840e-01  3.284077199e-01  1.373673873e+00
 2.544031311e-01  3.298312752e-01  1.375675132e+00
 2.563600783e-01  3.312527945e-01  1.377610712e+00
 2.583170254e-01  3.326723521e-01  1.379481482e+00
 2.602739726e-01  3.340900183e-01  1.381287436e+00
 2.622309198e-01  3.355058663e-01  1.383025413e+00
 2.641878669e-01  3.369199716e-01  1.384691928e+00
 2.661448141e-01  3.383324135e-01  1.386290611e+00
 2.681017613e-01  3.397432590e-01  1.387829392e+00
 2.700587084e-01  3.411525704e-01  1.389309615e+00
 2.720156556e-01  3.425604111e-01  1.390724731e+00
 2.739726027e-01  3.439668557e-01  1.392070590e+00
 2.759295499e-01  3.453719755e-01  1.393351440e+00
 2.778864971e-01  3.467758354e-01  1.394571080e+00
 2.798434442e-01  3.481784984e-01  1.395731236e+00
 2.818003914e-01  3.495800255e-01  1.396833516e+00
 2.837573386e-01  3.509804755e-01  1.397876462e+00
 2.857142857e-01  3.523799119e-01  1.398855194e+00
 2.876712329e-01  3.537784028e-01  1.399768258e+00
 2.896281800e-01  3.551760141e-01  1.400622444e+00
 2.915851272e-01  3.565727997e-01  1.401426122e+00
 2.935420744e-01  3.579688084e-01  1.402177870e+00
 2.954990215e-01  3.593640967e-01  1.402867767e+00
 2.974559687e-01  3.607587326e-01  1.403492755e+00
 2.994129159e-01  3.621527785e-01  1.404061248e+00
 3.013698630e-01  3.635462853e-01  1.404579775e+00
 3.033268102e-01  3.649393020e-01  1.405048686e+00
 3.052837573e-01  3.663318788e-01  1.405464607e+00
 3.072407045e-01  3.677240712e-01  1.405822445e+00
 3.091976517e-01  3.691159391e-01  1.406122833e+00
 3.111545988e-01  3.705075367e-01  1.406370163e+00
 3.131115460e-01  3.718989151e-01  1.406569839e+00
 3.150684932e-01  3.732901175e-01  1.406725980e+00
 3.170254403e-01  3.746811871e-01  1.406832099e+00
 3.189823875e-01  3.760721797e-01  1.406879674e+00
 3.209393346e-01  3.774631551e-01  1.406873337e+00
 3.228962818e-01  3.788541603e-01  1.406822642e+00
 3.248532290e-01  3.802452360e-01  1.406730570e+00
 3.268101761e-01  3.816364232e-01  1.406593730e+00
 3.287671233e-01  3.830277696e-01  1.406405252e+00
 3.307240705e-01  3.844193298e-01  1.406165317e+00
 3.326810176e-01  3.858111510e-01  1.405880217e+00
 3.346379648e-01  3.872032756e-01  1.405552354e+00
 3.365949119e-01  3.885957463e-01  1.405183529e+00
 3.385518591e-01  3.899886018e-01  1.404774089e+00
 3.405088063e-01  3.913818843e-01  1.404317461e+00
 3.424657534e-01  3.927756458e-01  1.403811921e+00
 3.444227006e-01  3.941699320e-01  1.403264424e+00
 3.463796477e-01  3.955647813e-01  1.402679825e+00
 3.483365949e-01  3.969602300e-01  1.402059732e+00
 3.502935421e-01  3.983563134e-01  1.401397775e+00
 3.522504892e-01  3.997530807e-01  1.400689011e+00
 3.542074364e-01  4.011505774e-01  1.399939725e+00
 3.561643836e-01  4.025488403e-01  1.399154740e+00
 3.581213307e-01  4.039479056e-01  1.398334048e+00
 3.600782779e-01  4.053478103e-01  1.397478031e+00
 3.620352250e-01  4.067485901e-01  1.396583322e+00
 3.639921722e-01  4.081502891e-01  1.395648459e+00
 3.659491194e-01  4.095529462e-01  1.394676482e+00
 3.679060665e-01  4.109565997e-01  1.393669986e+00
 3.698630137e-01  4.123612835e-01  1.392633154e+00
 3.718199609e-01  4.137670278e-01  1.391564817e+00
 3.737769080e-01  4.151738693e-01  1.390458312e+00
 3.757338552e-01  4.165818520e-01  1.389314371e+00
 3.776908023e-01  4.179910112e-01  1.388139047e+00
 3.796477495e-01  4.194013791e-01  1.386935698e+00
 3.816046967e-01  4.208129847e-01  1.385703400e+00
 3.835616438e-01  4.222258623e-01  1.384437988e+00
 3.855185910e-01  4.236400496e-01  1.383139301e+00
 3.874755382e-01  4.250555817e-01  1.381810773e+00
 3.894324853e-01  4.264724896e-01  1.380453810e+00
 3.913894325e-01  4.278908060e-01  1.379069809e+00
 3.933463796e-01  4.293105594e-01  1.377659370e+00
 3.953033268e-01  4.307317815e-01  1.376220418e+00
 3.972602740e-01  4.321545054e-01  1.374752043e+00
 3.992172211e-01  4.335787651e-01  1.373255818e+00
 4.011741683e-01  4.350045910e-01  1.371735763e+00
 4.031311155e-01  4.364320091e-01  1.370193268e+00
 4.050880626e-01  4.378610471e-01  1.368625700e+00
 4.070450098e-01  4.392917368e-01  1.367031147e+00
 4.090019569e-01  4.407241106e-01  1.365411457e+00
 4.109589041e-01  4.421581967e-01  1.363770470e+00
 4.129158513e-01  4.435940196e-01  1.362108767e+00
 4.148727984e-01  4.450316069e-01  1.360424099e+00
 4.168297456e-01  4.464709882e-01  1.358717186e+00
 4.187866928e-01  4.479121898e-01  1.356989332e+00
 4.207436399e-01  4.493552390e-01  1.355240936e+00
 4.227005871e-01  4.508001616e-01  1.353473043e+00
 4.246575342e-01  4.522469831e-01  1.351685577e+00
 4.266144814e-01  4.536957298e-01  1.349879743e+00
 4.285714286e-01  4.551464250e-01  1.348056472e+00
 4.305283757e-01  4.565990933e-01  1.346214246e+00
 4.324853229e-01  4.580537616e-01  1.344354445e+00
 4.344422701e-01  4.595104521e-01  1.342478768e+00
 4.363992172e-01  4.609691881e-01  1.340587062e+00
 4.383561644e-01  4.624299926e-01  1.338679897e+00
 4.403131115e-01  4.638928881e-01  1.336757411e+00
 4.422700587e-01  4.653578974e-01  1.334820592e+00
 4.442270059e-01  4.668250413e-01  1.332870283e+00
 4.461839530e-01  4.682943411e-01  1.330905418e+00
 4.481409002e-01  4.697658202e-01  1.328927120e+00
 4.500978474e-01  4.712394978e-01  1.326937872e+00
 4.520547945e-01  4.727153922e-01  1.324937875e+00
 4.540117417e-01  4.741935222e-01  1.322925856e+00
 4.559686888e-01  4.756739094e-01  1.320901088e+00
 4.579256360e-01  4.771565745e-01  1.318865689e+00
 4.598825832e-01  4.786415345e-01  1.316822364e+00
 4.618395303e-01  4.801288046e-01  1.314771108e+00
 4.637964775e-01  4.816184018e-01  1.312710356e+00
 4.657534247e-01  4.831103451e-01  1.310639677e+00
 4.677103718e-01  4.846046530e-01  1.308560893e+00
 4.696673190e-01  4.861013403e-01  1.306476068e+00
 4.716242661e-01  4.876004211e-01  1.304385536e+00
 4.735812133e-01  4.891019097e-01  1.302288917e+00
 4.755381605e-01  4.906058213e-01  1.300185653e+00
 4.774951076e-01  4.921121717e-01  1.298076469e+00
 4.794520548e-01  4.936209746e-01  1.295962691e+00
 4.814090020e-01  4.951322429e-01  1.293845484e+00
 4.833659491e-01  4.966459877e-01  1.291725636e+00
 4.853228963e-01  4.981622204e-01  1.289602365e+00
 4.872798434e-01  4.996809539e-01  1.287475163e+00
 4.892367906e-01  5.012022011e-01  1.285345149e+00
 4.911937378e-01  5.027259724e-01  1.283214121e+00
 4.931506849e-01  5.042522764e-01  1.281083069e+00
 4.951076321e-01  5.057811214e-01  1.278951085e+00
 4.970645793e-01  5.073125184e-01  1.276817544e+00
 4.990215264e-01  5.088464770e-01  1.274683642e+00
 5.009784736e-01  5.103830056e-01  1.272550741e+00
 5.029354207e-01  5.119221106e-01  1.270419632e+00
 5.048923679e-01  5.134637985e-01  1.268289460e+00
 5.068493151e-01  5.150080780e-01  1.266159924e+00
 5.088062622e-01  5.165549561e-01  1.264032428e+00
 5.107632094e-01  5.181044383e-01  1.261907846e+00
 5.127201566e-01  5.196565295e-01  1.259786230e+00
 5.146771037e-01  5.212112351e-01  1.257667197e+00
 5.166340509e-01  5.227685610e-01  1.255551003e+00
 5.185909980e-01  5.243285118e-01  1.253438609e+00
 5.205479452e-01  5.258910911e-01  1.251330621e+00
 5.225048924e-01  5.274563022e-01  1.249226900e+00
 5.244618395e-01  5.290241488e-01  1.247127216e+00
 5.264187867e-01  5.305946347e-01  1.245032038e+00
 5.283757339e-01  5.321677625e-01  1.242942077e+00
 5.303326810e-01  5.337435343e-01  1.240857581e+00
 5.322896282e-01  5.353219519e-01  1.238778594e+00
 5.342465753e-01  5.369030172e-01  1.236705165e+00
 5.362035225e-01  5.384867320e-01  1.234637499e+00
 5.381604697e-01  5.400730973e-01  1.232576006e+00
 5.401174168e-01  5.416621141e-01  1.230520894e+00
 5.420743640e-01  5.432537827e-01  1.228472315e+00
 5.440313112e-01  5.448481035e-01  1.226430406e+00
 5.459882583e-01  5.464450765e-01  1.224395424e+00
 5.479452055e-01  5.480447012e-01  1.222367382e+00
 5.499021526e-01  5.496469778e-01  1.220346375e+00
 5.518590998e-01  5.512519052e-01  1.218332759e+00
 5.538160470e-01  5.528594824e-01  1.216326635e+00
 5.557729941e-01  5.544697083e-01  1.214328134e+00
 5.577299413e-01  5.560825812e-01  1.212337263e+00
 5.596868885e-01  5.576981000e-01  1.210354093e+00
 5.616438356e-01  5.593162627e-01  1.208378872e+00
 5.636007828e-01  5.609370672e-01  1.206411756e+00
 5.655577299e-01  5.625605112e-01  1.204452737e+00
 5.675146771e-01  5.641865924e-01  1.202501747e+00
 5.694716243e-01  5.658153085e-01  1.200558918e+00
 5.714285714e-01  5.674466568e-01  1.198624453e+00
 5.733855186e-01  5.690806343e-01  1.196698510e+00
 5.753424658e-01  5.707172378e-01  1.194780987e+00
 5.772994129e-01  5.723564643e-01  1.192871782e+00
 5.792563601e-01  5.739983107e-01  1.190971017e+00
 5.812133072e-01  5.756427737e-01  1.189078719e+00
 5.831702544e-01  5.772898499e-01  1.187195070e+00
 5.851272016e-01  5.789395354e-01  1.185320141e+00
 5.870841487e-01  5.805918264e-01  1.183453746e+00
 5.890410959e-01  5.822467193e-01  1.181595874e+00
 5.909980431e-01  5.839042103e-01  1.179746526e+00
 5.929549902e-01  5.855642956e-01  1.177905700e+00
 5.949119374e-01  5.872269712e-01  1.176073467e+00
 5.968688845e-01  5.888922331e-01  1.174249923e+00
 5.988258317e-01  5.905600769e-01  1.172435005e+00
 6.007827789e-01  5.922304983e-01  1.170628536e+00
 6.027397260e-01  5.939034935e-01  1.168830444e+00
 6.046966732e-01  5.955790584e-01  1.167040632e+00
 6.066536204e-01  5.972571890e-01  1.165259273e+00
 6.086105675e-01  5.989378807e-01  1.163486471e+00
 6.105675147e-01  6.006211292e-01  1.161722047e+00
 6.125244618e-01  6.023069300e-01  1.159965869e+00
 6.144814090e-01  6.039952791e-01  1.158217691e+00
 6.164383562e-01  6.056861728e-01  1.156477477e+00
 6.183953033e-01  6.073796068e-01  1.154745441e+00
 6.203522505e-01  6.090755767e-01  1.153021584e+00
 6.223091977e-01  6.107740781e-01  1.151305738e+00
 6.242661448e-01  6.124751069e-01  1.149597701e+00
 6.262230920e-01  6.141786592e-01  1.147897162e+00
 6.281800391e-01  6.158847317e-01  1.146204164e+00
 6.301369863e-01  6.175933202e-01  1.144518958e+00
 6.320939335e-01  6.193044204e-01  1.142841480e+00
 6.340508806e-01  6.210180283e-01  1.141171385e+00
 6.360078278e-01  6.227341405e-01  1.139508318e+00
 6.379647750e-01  6.244527540e-01  1.137852238e+00
 6.399217221e-01  6.261738652e-01  1.136203288e+00
 6.418786693e-01  6.278974707e-01  1.134561570e+00
 6.438356164e-01  6.296235664e-01  1.132926785e+00
 6.457925636e-01  6.313521497e-01  1.131298411e+00
 6.477495108e-01  6.330832180e-01  1.129676370e+00
 6.497064579e-01  6.348167688e-01  1.128060789e+00
 6.516634051e-01  6.365527991e-01  1.126451659e+00
 6.536203523e-01  6.382913061e-01  1.124848787e+00
 6.555772994e-01  6.400322875e-01  1.123251702e+00
 6.575342466e-01  6.417757417e-01  1.121660256e+00
 6.594911937e-01  6.435216669e-01  1.120074567e+00
 6.614481409e-01  6.452700611e-01  1.118494472e+00
 6.634050881e-01  6.470209227e-01  1.116919693e+00
 6.653620352e-01  6.487742505e-01  1.115350044e+00
 6.673189824e-01  6.505300436e-01  1.113785323e+00
 6.692759295e-01  6.522883013e-01  1.112225498e+00
 6.712328767e-01  6.540490226e-01  1.110670381e+00
 6.731898239e-01  6.558122074e-01  1.109119686e+00
 6.751467710e-01  6.575778556e-01  1.107573413e+00
 6.771037182e-01  6.593459670e-01  1.106031355e+00
 6.790606654e-01  6.611165420e-01  1.104493137e+00
 6.810176125e-01  6.628895817e-01  1.102958479e+00
 6.829745597e-01  6.646650873e-01  1.101427374e+00
 6.849315068e-01  6.664430598e-01  1.099899988e+00
 6.868884540e-01  6.682235000e-01  1.098376321e+00
 6.888454012e-01  6.700064087e-01  1.096855550e+00
 6.908023483e-01  6.717917894e-01  1.095337021e+00
 6.927592955e-01  6.735796451e-01  1.093821047e+00
 6.947162427e-01  6.753699781e-01  1.092307878e+00
 6.966731898e-01  6.771627906e-01  1.090797475e+00
 6.986301370e-01  6.789580851e-01  1.089289422e+00
 7.005870841e-01  6.807558651e-01  1.087782960e+00
 7.025440313e-01  6.825561356e-01  1.086277893e+00
 7.045009785e-01  6.843589009e-01  1.084774587e+00
 7.064579256e-01  6.861641646e-01  1.083272961e+00
 7.084148728e-01  6.879719312e-01  1.081772471e+00
 7.103718200e-01  6.897822064e-01  1.080273057e+00
 7.123287671e-01  6.915949949e-01  1.078774843e+00
 7.142857143e-01  6.934103019e-01  1.077277381e+00
 7.162426614e-01  6.952281336e-01  1.075780070e+00
 7.181996086e-01  6.970484973e-01  1.074282616e+00
 7.201565558e-01  6.988714003e-01  1.072785215e+00
 7.221135029e-01  7.006968493e-01  1.071288272e+00
 7.240704501e-01  7.025248503e-01  1.069791018e+00
 7.260273973e-01  7.043554126e-01  1.068291746e+00
 7.279843444e-01  7.061885482e-01  1.066789490e+00
 7.299412916e-01  7.080242698e-01  1.065283925e+00
 7.318982387e-01  7.098625905e-01  1.063774833e+00
 7.338551859e-01  7.117035242e-01  1.062260758e+00
 7.358121331e-01  7.135470892e-01  1.060739915e+00
 7.377690802e-01  7.153933056e-01  1.059211042e+00
 7.397260274e-01  7.172421964e-01  1.057673107e+00
 7.416829746e-01  7.190937859e-01  1.056124970e+00
 7.436399217e-01  7.209481012e-01  1.054563227e+00
 7.455968689e-01  7.228051789e-01  1.052984785e+00
 7.475538160e-01  7.246650578e-01  1.051389472e+00
 7.495107632e-01  7.265277755e-01  1.049777788e+00
 7.514677104e-01  7.283933697e-01  1.048147302e+00
 7.534246575e-01  7.302618873e-01  1.046491912e+00
 7.553816047e-01  7.321333884e-01  1.044809200e+00
 7.573385519e-01  7.340079296e-01  1.043099122e+00
 7.592954990e-01  7.358855722e-01  1.041360394e+00
 7.612524462e-01  7.377663785e-01  1.039590430e+00
 7.632093933e-01  7.396504204e-01  1.037786655e+00
 7.651663405e-01  7.415377706e-01  1.035947694e+00
 7.671232877e-01  7.434285075e-01  1.034074011e+00
 7.690802348e-01  7.453227036e-01  1.032168383e+00
 7.710371820e-01  7.472204286e-01  1.030230275e+00
 7.729941292e-01  7.491217585e-01  1.028257952e+00
 7.749510763e-01  7.510267708e-01  1.026255333e+00
 7.769080235e-01  7.529355286e-01  1.024229117e+00
 7.788649706e-01  7.548480858e-01  1.022184969e+00
 7.808219178e-01  7.567644855e-01  1.020126000e+00
 7.827788650e-01  7.586847710e-01  1.018054914e+00
 7.847358121e-01  7.606089760e-01  1.015978240e+00
 7.866927593e-01  7.625371198e-01  1.013902297e+00
 7.886497065e-01  7.644692124e-01  1.011839470e+00
 7.906066536e-01  7.664052258e-01  1.009803714e+00
 7.925636008e-01  7.683451163e-01  1.007800725e+00
 7.945205479e-01  7.702888328e-01  1.005833883e+00
 7.964774951e-01  7.722363171e-01  1.003908245e+00
 7.984344423e-01  7.741874972e-01  1.002044314e+00
 8.003913894e-01  7.761422330e-01  1.000258517e+00
 8.023483366e-01  7.781003860e-01  9.985500235e-01
 8.043052838e-01  7.800618161e-01  9.969221826e-01
 8.062622309e-01  7.820263687e-01  9.953973940e-01
 8.082191781e-01  7.839938121e-01  9.940057829e-01
 8.101761252e-01  7.859638687e-01  9.927547392e-01
 8.121330724e-01  7.879362733e-01  9.916335472e-01
 8.140900196e-01  7.899107870e-01  9.906355462e-01
 8.160469667e-01  7.918871674e-01  9.897825119e-01
 8.180039139e-01  7.938650855e-01  9.890972480e-01
 8.199608611e-01  7.958442050e-01  9.885659596e-01
 8.219178082e-01  7.978242495e-01  9.881661641e-01
 8.238747554e-01  7.998049706e-01  9.878938470e-01
 8.258317025e-01  8.017861067e-01  9.877597700e-01
 8.277886497e-01  8.037673656e-01  9.877565521e-01
 8.297455969e-01  8.057485146e-01  9.878577596e-01
 8.317025440e-01  8.077293675e-01  9.880397970e-01
 8.336594912e-01  8.097097866e-01  9.882808402e-01
 8.356164384e-01  8.116896735e-01  9.885671053e-01
 8.375733855e-01  8.136689458e-01  9.888905592e-01
 8.395303327e-01  8.156475377e-01  9.892322945e-01
 8.414872798e-01  8.176254428e-01  9.895734782e-01
 8.434442270e-01  8.196026705e-01  9.899014985e-01
 8.454011742e-01  8.215792650e-01  9.901944117e-01
 8.473581213e-01  8.235553231e-01  9.904323067e-01
 8.493150685e-01  8.255309681e-01  9.906040616e-01
 8.512720157e-01  8.275063409e-01  9.907066341e-01
 8.532289628e-01  8.294815768e-01  9.907417962e-01
 8.551859100e-01  8.314568095e-01  9.906942911e-01
 8.571428571e-01  8.334322349e-01  9.905335572e-01
 8.590998043e-01  8.354081087e-01  9.902544455e-01
 8.610567515e-01  8.373846479e-01  9.898708793e-01
 8.630136986e-01  8.393620534e-01  9.893901513e-01
 8.649706458e-01  8.413405139e-01  9.888231429e-01
 8.669275930e-01  8.433201879e-01  9.881429107e-01
 8.688845401e-01  8.453013736e-01  9.873270775e-01
 8.708414873e-01  8.472843210e-01  9.863902504e-01
 8.727984344e-01  8.492692720e-01  9.853401724e-01
 8.747553816e-01  8.512564484e-01  9.841922340e-01
 8.767123288e-01  8.532460329e-01  9.829598158e-01
 8.786692759e-01  8.552381958e-01  9.816184783e-01
 8.806262231e-01  8.572332219e-01  9.801549701e-01
 8.825831703e-01  8.592313388e-01  9.785814962e-01
 8.845401174e-01  8.612327863e-01  9.769037172e-01
 8.864970646e-01  8.632377730e-01  9.751328880e-01
 8.884540117e-01  8.652464968e-01  9.732861993e-01
 8.904109589e-01  8.672590995e-01  9.713562782e-01
 8.923679061e-01  8.692758140e-01  9.693241645e-01
 8.943248532e-01  8.712968647e-01  9.671979212e-01
 8.962818004e-01  8.733224564e-01  9.649753959e-01
 8.982387476e-01  8.753528284e-01  9.626669838e-01
 9.001956947e-01  8.773881468e-01  9.602752681e-01
 9.021526419e-01  8.794286461e-01  9.578030459e-01
 9.041095890e-01  8.814744856e-01  9.552647856e-01
 9.060665362e-01  8.835258437e-01  9.526370274e-01
 9.080234834e-01  8.855829862e-01  9.499302208e-01
 9.099804305e-01  8.876460521e-01  9.471512540e-01
 9.119373777e-01  8.897152848e-01  9.442806904e-01
 9.138943249e-01  8.917909139e-01  9.413613378e-01
 9.158512720e-01  8.938730009e-01  9.383697864e-01
 9.178082192e-01  8.959618870e-01  9.352649116e-01
 9.197651663e-01  8.980578222e-01  9.321124249e-01
 9.217221135e-01  9.001608620e-01  9.288894077e-01
 9.236790607e-01  9.022713689e-01  9.255496662e-01
 9.256360078e-01  9.043896145e-01  9.221732659e-01
 9.275929550e-01  9.065156043e-01  9.187565588e-01
 9.295499022e-01  9.086496355e-01  9.151981636e-01
 9.315068493e-01  9.107921922e-01  9.115091471e-01
 9.334637965e-01  9.129435333e-01  9.078781605e-01
 9.354207436e-01  9.151032596e-01  9.041431361e-01
 9.373776908e-01  9.172724181e-01  9.001272622e-01
 9.393346380e-01  9.194514612e-01  8.959869794e-01
 9.412915851e-01  9.216407149e-01  8.920249410e-01
 9.432485323e-01  9.238391508e-01  8.879298227e-01
 9.452054795e-01  9.260486576e-01  8.833495594e-01
 9.471624266e-01  9.282699560e-01  8.785788817e-01
 9.491193738e-01  9.305035264e-01  8.739510045e-01
 9.510763209e-01  9.327484041e-01  8.697914956e-01
 9.530332681e-01  9.350033793e-01  8.650466031e-01
 9.549902153e-01  9.372729883e-01  8.592825291e-01
 9.569471624e-01  9.395583278e-01  8.532364140e-01
 9.589041096e-01  9.418602237e-01  8.470182806e-01
 9.608610568e-01  9.441792456e-01  8.507829114e-01
 9.628180039e-01  9.464611664e-01  8.597431433e-01
 9.647749511e-01  9.487317021e-01  8.540923499e-01
 9.667318982e-01  9.510444632e-01  8.366118902e-01
 9.686888454e-01  9.534112155e-01  8.162516241e-01
 9.706457926e-01  9.558410845e-01  7.942897538e-01
 9.726027397e-01  9.583407302e-01  7.717780295e-01
 9.745596869e-01  9.609145206e-01  7.495381317e-01
 9.765166341e-01  9.635647055e-01  7.281825483e-01
 9.784735812e-01  9.662915889e-01  7.081472963e-01
 9.804305284e-01  9.690937018e-01  6.897276944e-01
 9.823874755e-01  9.719679733e-01  6.731120013e-01
 9.843444227e-01  9.749099013e-01  6.584104404e-01
 9.863013699e-01  9.779137213e-01  6.456788695e-01
 9.882583170e-01  9.809725735e-01  6.349373279e-01
 9.902152642e-01  9.840786668e-01  6.261841406e-01
 9.921722114e-01  9.872234410e-01  6.194063804e-01
 9.941291585e-01  9.903977251e-01  6.145874688e-01
 9.960861057e-01  9.935918927e-01  6.117125679e-01
 9.980430528e-01  9.967960133e-01  6.107722850e-01
 1.000000000e+00  1.000000000e+00  6.107977899e-01
4  3.656107904e-01  6.670575801e-01  1.009078668e+00  7.452821325e-01  9.604450221e-01  6.606912881e+01  4.693798376e-01  9.945904211e-01  3.042703559e-01  2.639022067e+00
5  4.809497142e-01  9.491646559e-01  1.006259518e+00  6.110522184e-01  9.342037975e-01  3.887129437e+01  4.152700919e-01  1.037732664e+00  4.629183745e-01  2.769482662e+00
6  5.750017496e-01  1.086386754e+00  1.004152346e+00  5.208217297e-01  9.126774103e-01  2.816638245e+01  3.833878347e-01  1.106206655e+00  5.804508434e-01  2.753445635e+00
7  6.587083396e-01  1.185066723e+00  1.002449040e+00  4.560424833e-01  8.961499608e-01  2.230508137e+01  3.611526067e-01  1.181539859e+00  6.763983054e-01  2.699084050e+00
8  7.338041469e-01  1.297347311e+00  1.001075249e+00  4.072445005e-01  8.876687936e-01  1.880326616e+01  3.449574382e-01  1.261247727e+00  7.571259672e-01  2.627337603e+00
9  7.999210130e-01  1.464905051e+00  1.000017976e+00  3.689585105e-01  8.931596152e-01  1.690059007e+01  3.334397643e-01  1.354324232e+00  8.239893922e-01  2.543146540e+00
10  8.534418018e-01  1.848005426e+00  9.992566063e-01  3.377975107e-01  9.215653677e-01  1.640605732e+01  3.258711069e-01  1.469751093e+00  8.769047494e-01  2.440112906e+00
11  8.921433311e-01  2.421416143e+00  9.988836927e-01  3.114985592e-01  9.866002448e-01  1.757933720e+01  3.221351062e-01  1.648223152e+00  9.142259894e-01  2.318012931e+00
12  9.331423065e-01  1.437152154e+00  9.991565299e-01  2.906986732e-01  1.082679401e+00  1.967435885e+01  3.219102618e-01  1.822253763e+00  9.514187993e-01  2.223100762e+00
13  9.640114440e-01  3.730981060e+00  9.997438846e-01  2.725507524e-01  1.235271618e+00  2.410387034e+01  3.246217505e-01  2.186889730e+00  9.768411704e-01  2.121224216e+00
14  9.795308160e-01  5.860186364e+00  9.998899164e-01  2.552367515e-01  1.440899462e+00  3.142791423e+01  3.273280804e-01  2.982276962e+00  9.873396105e-01  2.001710371e+00
0 0 -1.260011778e-01 -6.835924275e-18
0 1  1.357781065e-02 -4.211027731e-03
0 2 -1.373094729e-02  4.739773106e-03
0 3  5.185251984e-03 -5.469051641e-03
0 4 -2.424063623e-03  5.433486305e-03
0 5 -1.457767368e-03 -4.293193470e-03
0 6  3.239000623e-03  1.384254434e-03
0 7 -2.257646165e-03  2.093251728e-03
0 8 -1.634289085e-03 -2.064319701e-03
0 9  1.405149105e-03 -1.818784073e-03
0 10  2.081307619e-03  1.363303976e-04
1 0 -1.077593947e-01 -3.342054261e-02
1 1 -9.757618353e-02  1.433561382e-17
1 2  1.009182668e-02 -5.810982220e-03
1 3 -1.351251347e-02  6.915278813e-03
1 4  2.781711453e-03 -7.603234809e-03
1 5  4.068502374e-04  6.336448351e-03
1 6 -4.741801204e-03 -2.604770260e-03
1 7  3.268188284e-03 -2.528715993e-03
1 8  1.709316216e-03  3.119851747e-03
1 9 -2.355334392e-03  2.199256591e-03
1 10 -2.887698783e-03 -5.899175588e-04
2 0  1.089747535e-01  3.761689524e-02
2 1 -1.034251015e-01 -5.955328452e-02
2 2 -7.862081793e-02  4.015086389e-17
2 3  6.380962452e-03 -7.039042413e-03
2 4 -1.069536199e-02  8.248171681e-03
2 5 -1.264657582e-03 -7.924014847e-03
2 6  3.678707058e-03  4.099716482e-03
2 7 -5.134116063e-03  2.053856819e-03
2 8 -1.628384304e-03 -4.012567254e-03
2 9  2.892600340e-03 -1.950964168e-03
2 10  2.875038453e-03  1.311561772e-03
3 0 -4.115240885e-02 -4.340476602e-02
3 1  1.384816763e-01  7.087056044e-02
3 2 -8.116123211e-02 -8.953153374e-02
3 3 -6.536202218e-02 -1.257610189e-17
3 4  3.299928742e-03 -8.190396363e-03
3 5 -7.204251535e-03  8.865942682e-03
3 6 -5.546567300e-03 -6.282909125e-03
3 7  4.615333948e-03 -6.547214361e-04
3 8 -6.561757017e-04  4.741495519e-03
3 9 -4.377142526e-03  9.800413896e-04
3 10 -3.087820527e-03 -2.437090598e-03
4 0  1.923842035e-02  4.312250409e-02
4 1 -2.850809852e-02 -7.792101037e-02
4 2  1.360372770e-01  1.049107844e-01
4 3 -5.048694382e-02 -1.253081849e-01
4 4 -5.565440119e-02 -6.917074767e-17
4 5  4.162689629e-04 -9.320060998e-03
4 6 -3.485672498e-03  8.421495458e-03
4 7 -8.794417032e-03 -2.327956905e-03
4 8  9.085547755e-04 -4.872466748e-03
4 9  3.500297417e-03  9.212923395e-04
4 10  8.305023559e-04  3.737300557e-03
5 0  1.156947414e-02 -3.407264555e-02
5 1 -4.169564977e-03  6.493847291e-02
5 2  1.608553072e-02 -1.007877437e-01
5 3  1.102207566e-01  1.356436412e-01
5 4 -7.479533586e-03 -1.674631439e-01
5 5 -4.807835387e-02 -2.176762758e-18
5 6 -2.649913808e-03 -1.027477268e-02
5 7 -7.208291221e-06  6.260689457e-03
5 8 -7.968863324e-03  2.832661691e-03
5 9 -5.035528682e-03 -3.730073523e-03
5 10 -2.790728048e-04 -4.344481250e-03
6 0 -2.570611386e-02  1.098604361e-02
6 1  4.859588715e-02 -2.669473396e-02
6 2 -4.679049589e-02  5.214543158e-02
6 3  8.485917533e-02 -9.612476657e-02
6 4  6.263067112e-02  1.513176906e-01
6 5  5.511656691e-02 -2.137089116e-01
6 6 -4.175811879e-02 -2.632105450e-17
6 7 -6.168952792e-03 -1.084449566e-02
6 8  2.173406011e-03  1.869028053e-03
6 9 -3.341077865e-03  5.284624597e-03
6 10 -6.411256379e-03  2.199817352e-03
7 0  1.791765921e-02  1.661295366e-02
7 1 -3.349370887e-02 -2.591529922e-02
7 2  6.530224689e-02  2.612357481e-02
7 3 -7.061185983e-02 -1.001684792e-02
7 4  1.580183569e-01 -4.182880158e-02
7 5  1.499279955e-04  1.302184653e-01
7 6  1.477306203e-01 -2.596978978e-01
7 7 -3.598979000e-02 -5.566069407e-17
7 8 -7.889055342e-03 -9.033154093e-03
7 9  1.343244471e-03 -2.631593338e-03
7 10  1.008517308e-03  2.471154688e-03
8 0  1.297042705e-02 -1.638333654e-02
8 1 -1.751776052e-02  3.197349633e-02
8 2  2.071187183e-02 -5.103695636e-02
8 3  1.003909732e-02  7.254205670e-02
8 4 -1.632494027e-02 -8.754863305e-02
8 5  1.657474244e-01  5.891760976e-02
8 6 -5.204750774e-02  4.475843519e-02
8 7  2.192025945e-01 -2.509921312e-01
8 8 -3.221856087e-02  1.813549174e-17
8 9 -1.050337655e-02 -7.818083350e-03
8 10 -2.173390946e-03 -6.224900663e-03
9 0 -1.115187278e-02 -1.443465930e-02
9 1  2.413841479e-02  2.253886667e-02
9 2 -3.679178640e-02 -2.481485464e-02
9 3  6.696767297e-02  1.499404940e-02
9 4 -6.289345212e-02  1.655380922e-02
9 5  1.047358796e-01 -7.758322036e-02
9 6  8.001025818e-02  1.265532249e-01
9 7 -3.732293162e-02 -7.312055275e-02
9 8  3.260039018e-01 -2.426577457e-01
9 9 -2.772763511e-02  4.359496053e-18
9 10 -1.341589895e-02 -6.053585013e-03
10 0 -1.651816003e-02  1.081977168e-03
10 1  2.959429933e-02 -6.045712565e-03
10 2 -3.656841190e-02  1.668211813e-02
10 3  4.724181449e-02 -3.728603426e-02
10 4 -1.492249199e-02  6.715193187e-02
10 5  5.804541594e-03 -9.036252077e-02
10 6  1.535331707e-01  5.267999173e-02
10 7 -2.802231710e-02  6.866265926e-02
10 8  6.745772896e-02 -1.932085262e-01
10 9  4.838457696e-01 -2.183231635e-01
10 10 -2.171966215e-02 -8.484510835e-17
0 0 -8.228649733e+00 -8.399209807e-16
0 1 -8.605686623e-01  3.586081661e-01
0 2  1.141662629e+00 -3.277761119e-01
0 3 -2.675548124e-01  2.670055071e-01
0 4  1.218637719e-01 -2.251921173e-01
0 5  4.477401892e-02  1.601360284e-01
0 6 -1.052256874e-01 -5.254904789e-02
0 7  7.846005486e-02 -5.914987623e-02
0 8  5.828292530e-02  6.295381908e-02
0 9 -3.798308474e-02  6.505862175e-02
0 10 -7.602177331e-02 -4.483267375e-02
1 0 -8.605686623e-01 -3.586081661e-01
1 1 -1.082455373e+01 -3.939211967e-15
1 2 -8.959963932e-01  8.006358201e-01
1 3  1.842047613e+00 -7.919209675e-01
1 4 -2.443965952e-01  5.977000744e-01
1 5  1.426049133e-02 -4.269673284e-01
1 6  2.621940262e-01  1.690165014e-01
1 7 -1.892697623e-01  1.141416111e-01
1 8 -9.936469745e-02 -1.531750838e-01
1 9  1.015721066e-01 -1.192381400e-01
1 10  1.463805284e-01  1.191652618e-01
2 0  1.141662629e+00  3.277761119e-01
2 1 -8.959963932e-01 -8.006358201e-01
2 2 -1.356921882e+01 -2.071520597e-15
2 3 -6.723317362e-01  1.448937769e+00
2 4  2.245389178e+00 -1.443762121e+00
2 5  1.024721316e-01  9.389845028e-01
2 6 -3.163601088e-01 -4.484528823e-01
2 7  4.611826297e-01 -1.242108955e-01
2 8  1.270526459e-01  3.166149360e-01
2 9 -2.049355567e-01  1.598666326e-01
2 10 -1.802337198e-01 -2.399092505e-01
3 0 -2.675548124e-01 -2.670055071e-01
3 1  1.842047613e+00  7.919209675e-01
3 2 -6.723317362e-01 -1.448937769e+00
3 3 -1.649320235e+01  8.271046229e-15
3 4 -1.801715473e-01  2.378563881e+00
3 5  2.301808179e+00 -2.263641269e+00
3 6  8.743704993e-01  1.104531130e+00
3 7 -6.643828014e-01 -6.098289530e-02
3 8  8.444983337e-02 -5.737972002e-01
3 9  4.347471830e-01 -1.133227265e-01
3 10  1.854162029e-01  4.606088757e-01
4 0  1.218637719e-01  2.251921173e-01
4 1 -2.443965952e-01 -5.977000744e-01
4 2  2.245389178e+00  1.443762121e+00
4 3 -1.801715473e-01 -2.378563881e+00
4 4 -1.968372952e+01  2.826714154e-14
4 5  7.466395151e-01  3.661153653e+00
4 6  1.850972460e+00 -3.137458530e+00
4 7  2.022753433e+00  7.351882643e-01
4 8 -2.737225338e-01  8.429221960e-01
4 9 -5.748736905e-01 -1.642088699e-01
4 10  2.150125624e-01 -7.919244811e-01
5 0  4.477401892e-02 -1.601360284e-01
5 1  1.426049133e-02  4.269673284e-01
5 2  1.024721316e-01 -9.389845028e-01
5 3  2.301808179e+00  2.263641269e+00
5 4  7.466395151e-01 -3.661153653e+00
5 5 -2.333365216e+01  2.674050612e-14
5 6  2.459427523e+00  5.506207810e+00
5 7  9.562265271e-01 -3.893598062e+00
5 8  2.602197138e+00 -7.959347073e-01
5 9  1.005033832e+00  8.708449770e-01
5 10 -6.553051039e-01  7.481442054e-01
6 0 -1.052256874e-01  5.254904789e-02
6 1  2.621940262e-01 -1.690165014e-01
6 2 -3.163601088e-01  4.484528823e-01
6 3  8.743704993e-01 -1.104531130e+00
6 4  1.850972460e+00  3.137458530e+00
6 5  2.459427523e+00 -5.506207810e+00
6 6 -2.763552457e+01  4.473147714e-14
6 7  5.228337560e+00  7.462595592e+00
6 8 -7.202376597e-01 -2.707505245e+00
6 9  1.457680677e+00 -2.169619894e+00
6 10  2.764387302e+00 -6.420785218e-02
7 0  7.846005486e-02  5.914987623e-02
7 1 -1.892697623e-01 -1.141416111e-01
7 2  4.611826297e-01  1.242108955e-01
7 3 -6.643828014e-01  6.098289530e-02
7 4  2.022753433e+00 -7.351882643e-01
7 5  9.562265271e-01  3.893598062e+00
7 6  5.228337560e+00 -7.462595592e+00
7 7 -3.181686784e+01 -5.079402402e-15
7 8  7.953195150e+00  7.951931502e+00
7 9 -1.188424039e+00 -1.278525213e-01
7 10  7.061503722e-01 -4.030686249e+00
8 0  5.828292530e-02 -6.295381908e-02
8 1 -9.936469745e-02  1.531750838e-01
8 2  1.270526459e-01 -3.166149360e-01
8 3  8.444983337e-02  5.737972002e-01
8 4 -2.737225338e-01 -8.429221960e-01
8 5  2.602197138e+00  7.959347073e-01
8 6 -7.202376597e-01  2.707505245e+00
8 7  7.953195150e+00 -7.951931502e+00
8 8 -3.705961165e+01  3.656225494e-15
8 9  1.254179853e+01  8.273501711e+00
8 10 -1.717341313e+00  2.129590850e-01
9 0 -3.798308474e-02 -6.505862175e-02
9 1  1.015721066e-01  1.192381400e-01
9 2 -2.049355567e-01 -1.598666326e-01
9 3  4.347471830e-01  1.133227265e-01
9 4 -5.748736905e-01  1.642088699e-01
9 5  1.005033832e+00 -8.708449770e-01
9 6  1.457680677e+00  2.169619894e+00
9 7 -1.188424039e+00  1.278525213e-01
9 8  1.254179853e+01 -8.273501711e+00
9 9 -4.903822007e+01  2.385787055e-13
9 10  2.227685524e+01  1.005186738e+01
10 0 -7.602177331e-02  4.483267375e-02
10 1  1.463805284e-01 -1.191652618e-01
10 2 -1.802337198e-01  2.399092505e-01
10 3  1.854162029e-01 -4.606088757e-01
10 4  2.150125624e-01  7.919244811e-01
10 5 -6.553051039e-01 -7.481442054e-01
10 6  2.764387302e+00  6.420785218e-02
10 7  7.061503722e-01  4.030686249e+00
10 8 -1.717341313e+00 -2.129590850e-01
10 9  2.227685524e+01 -1.005186738e+01
10 10 -4.604123181e+01  1.798542387e-13
0  2.221159073e-02 -5.404459317e-04 -1.061368302e-01 -1.235507015e-02
1  3.621954656e-02 -3.027414350e-04  1.358631282e-01  3.713486880e-02
2  4.939100890e-02 -1.119284763e-03 -1.393900132e-01 -7.467177219e-02
3  6.899795079e-02 -8.760737636e-04  1.150162414e-01  1.241040263e-01
4  9.348349644e-02 -2.685604152e-03 -4.774493859e-02 -1.698798444e-01
5  1.238663678e-01 -2.820275267e-03 -6.703759331e-02  1.673004512e-01
6  1.568572996e-01 -4.933519824e-03  1.718809254e-01 -5.492489590e-02
7  1.816886176e-01 -6.505501176e-03 -1.168998281e-01 -1.326103278e-01
8  2.159302527e-01 -7.725165126e-03 -1.171248979e-01  1.264442380e-01
9  2.403014064e-01 -9.399889269e-03  9.049973738e-02  1.375226595e-01
10  2.414163675e-01 -1.062926410e-02  1.558104359e-01  2.600367529e-03
