 1.695500020e+00 -1.842026020e+00  8.595240594e-01  3.988887777e+00  9.312763030e-01  9.869591130e-01  7.921499830e+00 512 3 11
 0.000000000e+00  0.000000000e+00  2.016483367e-05
 1.956947162e-03  2.817364015e-02  1.389002695e-01
 3.913894325e-03  3.984523821e-02  1.964162991e-01
 5.870841487e-03  4.880237756e-02  2.405289319e-01
 7.827788650e-03  5.635464612e-02  2.777006765e-01
 9.784735812e-03  6.300928682e-02  3.104340304e-01
 1.174168297e-02  6.902643877e-02  3.400124312e-01
 1.369863014e-02  7.456063382e-02  3.671982977e-01
 1.565557730e-02  7.971255671e-02  3.924883797e-01
 1.761252446e-02  8.455214272e-02  4.162277097e-01
 1.956947162e-02  8.913031105e-02  4.386674920e-01
 2.152641879e-02  9.348550161e-02  4.599973537e-01
 2.348336595e-02  9.764757844e-02  4.803646059e-01
 2.544031311e-02  1.016402910e-01  4.998879075e-01
 2.739726027e-02  1.054828735e-01  5.186674749e-01
 2.935420744e-02  1.091911260e-01  5.367690556e-01
 3.131115460e-02  1.127784602e-01  5.542502670e-01
 3.326810176e-02  1.162561307e-01  5.711729666e-01
 3.522504892e-02  1.196337597e-01  5.875847674e-01
 3.718199609e-02  1.229196433e-01  6.035250489e-01
 3.913894325e-02  1.261210181e-01  6.190277898e-01
 4.109589041e-02  1.292442226e-01  6.341237659e-01
 4.305283757e-02  1.322948540e-01  6.488405067e-01
 4.500978474e-02  1.352778739e-01  6.632040823e-01
 4.696673190e-02  1.381977000e-01  6.772378099e-01
 4.892367906e-02  1.410582901e-01  6.909591219e-01
 5.088062622e-02  1.438632301e-01  7.043798153e-01
 5.283757339e-02  1.466157887e-01  7.175114942e-01
 5.479452055e-02  1.493189424e-01  7.303747476e-01
 5.675146771e-02  1.519753521e-01  7.429907333e-01
 5.870841487e-02  1.545874445e-01  7.553696849e-01
 6.066536204e-02  1.571574641e-01  7.675132557e-01
 6.262230920e-02  1.596875193e-01  7.794260545e-01
 6.457925636e-02  1.621795482e-01  7.911244418e-01
 6.653620352e-02  1.646353060e-01  8.026219570e-01
 6.849315068e-02  1.670564260e-01  8.139230798e-01
 7.045009785e-02  1.694444402e-01  8.250338717e-01
 7.240704501e-02  1.718007688e-01  8.359583157e-01
 7.436399217e-02  1.741267585e-01  8.466975700e-01
 7.632093933e-02  1.764236755e-01  8.572654484e-01
 7.827788650e-02  1.786926574e-01  8.676753889e-01
 8.023483366e-02  1.809347772e-01  8.779218999e-01
 8.219178082e-02  1.831510911e-01  8.880033360e-01
 8.414872798e-02  1.853425789e-01  8.979297345e-01
 8.610567515e-02  1.875101515e-01  9.077084250e-01
 8.806262231e-02  1.896546664e-01  9.173448813e-01
 9.001956947e-02  1.917769298e-01  9.268403086e-01
 9.197651663e-02  1.938777205e-01  9.361946850e-01
 9.393346380e-02  1.959577769e-01  9.454100491e-01
 9.589041096e-02  1.980178050e-01  9.544906913e-01
 9.784735812e-02  2.000584654e-01  9.634430822e-01
 9.980430528e-02  2.020803812e-01  9.722746025e-01
 1.017612524e-01  2.040841323e-01  9.809816788e-01
 1.037181996e-01  2.060703092e-01  9.895582515e-01
 1.056751468e-01  2.080394721e-01  9.980110003e-01
 1.076320939e-01  2.099921424e-01  1.006350189e+00
 1.095890411e-01  2.119288011e-01  1.014578300e+00
 1.115459883e-01  2.138499238e-01  1.022690635e+00
 1.135029354e-01  2.157559758e-01  1.030687075e+00
 1.154598826e-01  2.176474008e-01  1.038570633e+00
 1.174168297e-01  2.195246222e-01  1.046344341e+00
 1.193737769e-01  2.213880440e-01  1.054011858e+00
 1.213307241e-01  2.232380496e-01  1.061577605e+00
 1.232876712e-01  2.250750024e-01  1.069039691e+00
 1.252446184e-01  2.268992685e-01  1.076391759e+00
 1.272015656e-01  2.287112103e-01  1.083636675e+00
 1.291585127e-01  2.305111623e-01  1.090784494e+00
 1.311154599e-01  2.322994327e-01  1.097839462e+00
 1.330724070e-01  2.340763230e-01  1.104794261e+00
 1.350293542e-01  2.358421472e-01  1.111645411e+00
 1.369863014e-01  2.375972007e-01  1.118398450e+00
 1.389432485e-01  2.393417628e-01  1.125055646e+00
 1.409001957e-01  2.410761059e-01  1.131619857e+00
 1.428571429e-01  2.428004855e-01  1.138093949e+00
 1.448140900e-01  2.445151513e-01  1.144474656e+00
 1.467710372e-01  2.462203553e-01  1.150757742e+00
 1.487279843e-01  2.479163465e-01  1.156944367e+00
 1.506849315e-01  2.496033610e-01  1.163043152e+00
 1.526418787e-01  2.512816107e-01  1.169059671e+00
 1.545988258e-01  2.529513043e-01  1.174985109e+00
 1.565557730e-01  2.546126685e-01  1.180815657e+00
 1.585127202e-01  2.562659125e-01  1.186556102e+00
 1.604696673e-01  2.579112394e-01  1.192210051e+00
 1.624266145e-01  2.595488388e-01  1.197778864e+00
 1.643835616e-01  2.611789009e-01  1.203262307e+00
 1.663405088e-01  2.628016078e-01  1.208661603e+00
 1.682974560e-01  2.644171380e-01  1.213973643e+00
 1.702544031e-01  2.660256738e-01  1.219194192e+00
 1.722113503e-01  2.676273973e-01  1.224329487e+00
 1.741682975e-01  2.692224671e-01  1.229388850e+00
 1.761252446e-01  2.708110337e-01  1.234368232e+00
 1.780821918e-01  2.723932596e-01  1.239259277e+00
 1.800391389e-01  2.739693108e-01  1.244061649e+00
 1.819960861e-01  2.755393441e-01  1.248782530e+00
 1.839530333e-01  2.771035009e-01  1.253427213e+00
 1.859099804e-01  2.786619193e-01  1.257991779e+00
 1.878669276e-01  2.802147451e-01  1.262473333e+00
 1.898238748e-01  2.817621183e-01  1.266874602e+00
 1.917808219e-01  2.833041728e-01  1.271192881e+00
 1.937377691e-01  2.848410503e-01  1.275428929e+00
 1.956947162e-01  2.863728781e-01  1.279589827e+00
 1.976516634e-01  2.878997763e-01  1.283675617e+00
 1.996086106e-01  2.894218679e-01  1.287681792e+00
 2.015655577e-01  2.909392794e-01  1.291605615e+00
 2.035225049e-01  2.924521365e-01  1.295449020e+00
 2.054794521e-01  2.939605571e-01  1.299218482e+00
 2.074363992e-01  2.954646479e-01  1.302914221e+00
 2.093933464e-01  2.969645229e-01  1.306531174e+00
 2.113502935e-01  2.984602971e-01  1.310071953e+00
 2.133072407e-01  2.999520751e-01  1.313537041e+00
 2.152641879e-01  3.014399676e-01  1.316922549e+00
 2.172211350e-01  3.029240851e-01  1.320233432e+00
 2.191780822e-01  3.044045239e-01  1.323474845e+00
 2.211350294e-01  3.058813803e-01  1.326643550e+00
 2.230919765e-01  3.073547552e-01  1.329734994e+00
 2.250489237e-01  3.088247522e-01  1.332747883e+00
 2.270058708e-01  3.102914727e-01  1.335688666e+00
 2.289628180e-01  3.117550036e-01  1.338563586e+00
 2.309197652e-01  3.132154303e-01  1.341365452e+00
 2.328767123e-01  3.146728532e-01  1.344090823e+00
 2.348336595e-01  3.161273631e-01  1.346745827e+00
 2.367906067e-01  3.175790450e-01  1.349330471e+00
 2.387475538e-01  3.190279878e-01  1.351843981e+00
 2.407045010e-01  3.204742762e-01  1.354288112e+00
 2.426614481e-01  3.219179936e-01  1.356662252e+00
 2.446183953e-01  3.233592243e-01  1.358968527e+00
 2.465753425e-01  3.247980454e-01  1.361205091e+00
 2.485322896e-01  3.262345437e-01  1.363370012e+00
 2.504892368e-01  3.276687988e-01  1.365469862e+00
 2.524461840e-01  3.291008822e-01  1.367504599e+00
 2.544031311e-01  3.305308722e-01  1.369469218e+00
 2.563600783e-01  3.319588495e-01  1.371367647e+00
 2.583170254e-01  3.333848829e-01  1.373201958e+00
 2.602739726e-01  3.348090476e-01  1.374969971e+00
 2.622309198e-01  3.362314160e-01  1.376672817e+00
 2.641878669e-01  3.376520596e-01  1.378310090e+00
 2.661448141e-01  3.390710505e-01  1.379885248e+00
 2.681017613e-01  3.404884525e-01  1.381399976e+00
 2.700587084e-01  3.419043332e-01  1.382848335e+00
 2.720156556e-01  3.433187675e-01  1.384232771e+00
 2.739726027e-01  3.447318173e-01  1.385559663e+00
 2.759295499e-01  3.461435437e-01  1.386826186e+00
 2.778864971e-01  3.475540137e-01  1.388029750e+00
 2.798434442e-01  3.489632929e-01  1.389173485e+00
 2.818003914e-01  3.503714412e-01  1.390259846e+00
 2.837573386e-01  3.517785188e-01  1.391289858e+00
 2.857142857e-01  3.531845828e-01  1.392260475e+00
 2.876712329e-01  3.545896991e-01  1.393170089e+00
 2.896281800e-01  3.559939276e-01  1.394025685e+00
 2.915851272e-01  3.573973195e-01  1.394829136e+00
 2.935420744e-01  3.587999307e-01  1.395576057e+00
 2.954990215e-01  3.602018208e-01  1.396268163e+00
 2.974559687e-01  3.616030418e-01  1.396906147e+00
 2.994129159e-01  3.630036516e-01  1.397489829e+00
 3.013698630e-01  3.644037024e-01  1.398022736e+00
 3.033268102e-01  3.658032445e-01  1.398505508e+00
 3.052837573e-01  3.672023288e-01  1.398939531e+00
 3.072407045e-01  3.686010027e-01  1.399322657e+00
 3.091976517e-01  3.699993210e-01  1.399651138e+00
 3.111545988e-01  3.713973384e-01  1.399930269e+00
 3.131115460e-01  3.727950991e-01  1.400167235e+00
 3.150684932e-01  3.741926433e-01  1.400359374e+00
 3.170254403e-01  3.755900204e-01  1.400501626e+00
 3.189823875e-01  3.769872808e-01  1.400593776e+00
 3.209393346e-01  3.783844740e-01  1.400639786e+00
 3.228962818e-01  3.797816426e-01  1.400644382e+00
 3.248532290e-01  3.811788267e-01  1.400607359e+00
 3.268101761e-01  3.825760691e-01  1.400525866e+00
 3.287671233e-01  3.839734158e-01  1.400399832e+00
 3.307240705e-01  3.853709097e-01  1.400229769e+00
 3.326810176e-01  3.867685959e-01  1.400016200e+00
 3.346379648e-01  3.881665162e-01  1.399763927e+00
 3.365949119e-01  3.895647062e-01  1.399474788e+00
 3.385518591e-01  3.909632043e-01  1.399145815e+00
 3.405088063e-01  3.923620519e-01  1.398773169e+00
 3.424657534e-01  3.937612952e-01  1.398358239e+00
 3.444227006e-01  3.951609731e-01  1.397907559e+00
 3.463796477e-01  3.965611188e-01  1.397423558e+00
 3.483365949e-01  3.979617664e-01  1.396902876e+00
 3.502935421e-01  3.993629561e-01  1.396342784e+00
 3.522504892e-01  4.007647276e-01  1.395744337e+00
 3.542074364e-01  4.021671192e-01  1.395110656e+00
 3.561643836e-01  4.035701644e-01  1.394443049e+00
 3.581213307e-01  4.049738991e-01  1.393742723e+00
 3.600782779e-01  4.063783547e-01  1.393010649e+00
 3.620352250e-01  4.077835653e-01  1.392243405e+00
 3.639921722e-01  4.091895693e-01  1.391439515e+00
 3.659491194e-01  4.105964040e-01  1.390602486e+00
 3.679060665e-01  4.120041012e-01  1.389736874e+00
 3.698630137e-01  4.134126890e-01  1.388844450e+00
 3.718199609e-01  4.148221959e-01  1.387919860e+00
 3.737769080e-01  4.162326611e-01  1.386959831e+00
 3.757338552e-01  4.176441199e-01  1.385969264e+00
 3.776908023e-01  4.190566020e-01  1.384951806e+00
 3.796477495e-01  4.204701355e-01  1.383908181e+00
 3.816046967e-01  4.218847488e-01  1.382837461e+00
 3.835616438e-01  4.233004721e-01  1.381736757e+00
 3.855185910e-01  4.247173402e-01  1.380606600e+00
 3.874755382e-01  4.261353823e-01  1.379449235e+00
 3.894324853e-01  4.275546289e-01  1.378266231e+00
 3.913894325e-01  4.289751064e-01  1.377060975e+00
 3.933463796e-01  4.303968384e-01  1.375831799e+00
 3.953033268e-01  4.318198552e-01  1.374573977e+00
 3.972602740e-01  4.332441905e-01  1.373288561e+00
 3.992172211e-01  4.346698725e-01  1.371980108e+00
 4.011741683e-01  4.360969258e-01  1.370651857e+00
 4.031311155e-01  4.375253723e-01  1.369303156e+00
 4.050880626e-01  4.389552383e-01  1.367928852e+00
 4.070450098e-01  4.403865565e-01  1.366528948e+00
 4.090019569e-01  4.418193535e-01  1.365107957e+00
 4.109589041e-01  4.432536531e-01  1.363667736e+00
 4.129158513e-01  4.446894783e-01  1.362208630e+00
 4.148727984e-01  4.461268522e-01  1.360728797e+00
 4.168297456e-01  4.475658021e-01  1.359227027e+00
 4.187866928e-01  4.490063541e-01  1.357704688e+00
 4.207436399e-01  4.504485327e-01  1.356163056e+00
 4.227005871e-01  4.518923617e-01  1.354604397e+00
 4.246575342e-01  4.533378611e-01  1.353029465e+00
 4.266144814e-01  4.547850533e-01  1.351435945e+00
 4.285714286e-01  4.562339636e-01  1.349822481e+00
 4.305283757e-01  4.576846177e-01  1.348190862e+00
 4.324853229e-01  4.591370372e-01  1.346544429e+00
 4.344422701e-01  4.605912409e-01  1.344884133e+00
 4.363992172e-01  4.620472487e-01  1.343207391e+00
 4.383561644e-01  4.635050853e-01  1.341512933e+00
 4.403131115e-01  4.649647737e-01  1.339802785e+00
 4.422700587e-01  4.664263343e-01  1.338079244e+00
 4.442270059e-01  4.678897855e-01  1.336342638e+00
 4.461839530e-01  4.693551473e-01  1.334591505e+00
 4.481409002e-01  4.708224414e-01  1.332826155e+00
 4.500978474e-01  4.722916876e-01  1.331047780e+00
 4.520547945e-01  4.737629053e-01  1.329256653e+00
 4.540117417e-01  4.752361137e-01  1.327453130e+00
 4.559686888e-01  4.767113318e-01  1.325637339e+00
 4.579256360e-01  4.781885788e-01  1.323810097e+00
 4.598825832e-01  4.796678722e-01  1.321971993e+00
 4.618395303e-01  4.811492301e-01  1.320122269e+00
 4.637964775e-01  4.826326719e-01  1.318261719e+00
 4.657534247e-01  4.841182144e-01  1.316391034e+00
 4.677103718e-01  4.856058753e-01  1.314510459e+00
 4.696673190e-01  4.870956713e-01  1.312620386e+00
 4.716242661e-01  4.885876197e-01  1.310720760e+00
 4.735812133e-01  4.900817372e-01  1.308812583e+00
 4.755381605e-01  4.915780391e-01  1.306895902e+00
 4.774951076e-01  4.930765423e-01  1.304970031e+00
 4.794520548e-01  4.945772640e-01  1.303035918e+00
 4.814090020e-01  4.960802190e-01  1.301094932e+00
 4.833659491e-01  4.975854216e-01  1.299147578e+00
 4.853228963e-01  4.990928858e-01  1.297192975e+00
 4.872798434e-01  5.006026279e-01  1.295230004e+00
 4.892367906e-01  5.021146648e-01  1.293260117e+00
 4.911937378e-01  5.036290097e-01  1.291285460e+00
 4.931506849e-01  5.051456746e-01  1.289306339e+00
 4.951076321e-01  5.066646722e-01  1.287321198e+00
 4.970645793e-01  5.081860184e-01  1.285329159e+00
 4.990215264e-01  5.097097281e-01  1.283331776e+00
 5.009784736e-01  5.112358136e-01  1.281330967e+00
 5.029354207e-01  5.127642855e-01  1.279326902e+00
 5.048923679e-01  5.142951561e-01  1.277318248e+00
 5.068493151e-01  5.158284390e-01  1.275304620e+00
 5.088062622e-01  5.173641477e-01  1.273287205e+00
 5.107632094e-01  5.189022933e-01  1.271267202e+00
 5.127201566e-01  5.204428862e-01  1.269244836e+00
 5.146771037e-01  5.219859373e-01  1.267219736e+00
 5.166340509e-01  5.235314581e-01  1.265191415e+00
 5.185909980e-01  5.250794608e-01  1.263160607e+00
 5.205479452e-01  5.266299552e-01  1.261128163e+00
 5.225048924e-01  5.281829514e-01  1.259094279e+00
 5.244618395e-01  5.297384590e-01  1.257059233e+00
 5.264187867e-01  5.312964876e-01  1.255022635e+00
 5.283757339e-01  5.328570478e-01  1.252984607e+00
 5.303326810e-01  5.344201489e-01  1.250945784e+00
 5.322896282e-01  5.359858001e-01  1.248906869e+00
 5.342465753e-01  5.375540091e-01  1.246868036e+00
 5.362035225e-01  5.391247847e-01  1.244828961e+00
 5.381604697e-01  5.406981355e-01  1.242789576e+00
 5.401174168e-01  5.422740705e-01  1.240750293e+00
 5.420743640e-01  5.438525975e-01  1.238712129e+00
 5.440313112e-01  5.454337228e-01  1.236675292e+00
 5.459882583e-01  5.470174538e-01  1.234639318e+00
 5.479452055e-01  5.486037982e-01  1.232604034e+00
 5.499021526e-01  5.501927636e-01  1.230569963e+00
 5.518590998e-01  5.517843566e-01  1.228537977e+00
 5.538160470e-01  5.533785826e-01  1.226508188e+00
 5.557729941e-01  5.549754479e-01  1.224480272e+00
 5.577299413e-01  5.565749589e-01  1.222454311e+00
 5.596868885e-01  5.581771215e-01  1.220430741e+00
 5.616438356e-01  5.597819411e-01  1.218410067e+00
 5.636007828e-01  5.613894224e-01  1.216392281e+00
 5.655577299e-01  5.629995707e-01  1.214377152e+00
 5.675146771e-01  5.646123912e-01  1.212365055e+00
 5.694716243e-01  5.662278885e-01  1.210356594e+00
 5.714285714e-01  5.678460661e-01  1.208351979e+00
 5.733855186e-01  5.694669279e-01  1.206350892e+00
 5.753424658e-01  5.710904784e-01  1.204353143e+00
 5.772994129e-01  5.727167220e-01  1.202359267e+00
 5.792563601e-01  5.743456616e-01  1.200369929e+00
 5.812133072e-01  5.759772999e-01  1.198385313e+00
 5.831702544e-01  5.776116393e-01  1.196405128e+00
 5.851272016e-01  5.792486831e-01  1.194429108e+00
 5.870841487e-01  5.808884346e-01  1.192457685e+00
 5.890410959e-01  5.825308957e-01  1.190491469e+00
 5.909980431e-01  5.841760681e-01  1.188530570e+00
 5.929549902e-01  5.858239534e-01  1.186574802e+00
 5.949119374e-01  5.874745535e-01  1.184624164e+00
 5.968688845e-01  5.891278701e-01  1.182678998e+00
 5.988258317e-01  5.907839042e-01  1.180739602e+00
 6.007827789e-01  5.924426565e-01  1.178806090e+00
 6.027397260e-01  5.941041276e-01  1.176878280e+00
 6.046966732e-01  5.957683187e-01  1.174956189e+00
 6.066536204e-01  5.974352302e-01  1.173040314e+00
 6.086105675e-01  5.991048617e-01  1.171130962e+00
 6.105675147e-01  6.007772129e-01  1.169228082e+00
 6.125244618e-01  6.024522835e-01  1.167331503e+00
 6.144814090e-01  6.041300732e-01  1.165441205e+00
 6.164383562e-01  6.058105820e-01  1.163557533e+00
 6.183953033e-01  6.074938085e-01  1.161680900e+00
 6.203522505e-01  6.091797511e-01  1.159811358e+00
 6.223091977e-01  6.108684084e-01  1.157948835e+00
 6.242661448e-01  6.125597790e-01  1.156093214e+00
 6.262230920e-01  6.142538615e-01  1.154244529e+00
 6.281800391e-01  6.159506543e-01  1.152403191e+00
 6.301369863e-01  6.176501549e-01  1.150569498e+00
 6.320939335e-01  6.193523604e-01  1.148743366e+00
 6.340508806e-01  6.210572686e-01  1.146924564e+00
 6.360078278e-01  6.227648771e-01  1.145113133e+00
 6.379647750e-01  6.244751834e-01  1.143309263e+00
 6.399217221e-01  6.261881846e-01  1.141513091e+00
 6.418786693e-01  6.279038775e-01  1.139724851e+00
 6.438356164e-01  6.296222583e-01  1.137944295e+00
 6.457925636e-01  6.313433245e-01  1.136171206e+00
 6.477495108e-01  6.330670728e-01  1.134405750e+00
 6.497064579e-01  6.347935001e-01  1.132647877e+00
 6.516634051e-01  6.365226031e-01  1.130897691e+00
 6.536203523e-01  6.382543782e-01  1.129155331e+00
 6.555772994e-01  6.399888215e-01  1.127420573e+00
 6.575342466e-01  6.417259300e-01  1.125693235e+00
 6.594911937e-01  6.434657003e-01  1.123973290e+00
 6.614481409e-01  6.452081292e-01  1.122260649e+00
 6.634050881e-01  6.469532135e-01  1.120555352e+00
 6.653620352e-01  6.487009498e-01  1.118857501e+00
 6.673189824e-01  6.504513344e-01  1.117166875e+00
 6.692759295e-01  6.522043644e-01  1.115483209e+00
 6.712328767e-01  6.539600369e-01  1.113806420e+00
 6.731898239e-01  6.557183491e-01  1.112136402e+00
 6.751467710e-01  6.574792983e-01  1.110473001e+00
 6.771037182e-01  6.592428821e-01  1.108815914e+00
 6.790606654e-01  6.610090986e-01  1.107164977e+00
 6.810176125e-01  6.627779458e-01  1.105520094e+00
 6.829745597e-01  6.645494220e-01  1.103880977e+00
 6.849315068e-01  6.663235260e-01  1.102247339e+00
 6.868884540e-01  6.681002571e-01  1.100618874e+00
 6.888454012e-01  6.698796150e-01  1.098995063e+00
 6.908023483e-01  6.716616003e-01  1.097375645e+00
 6.927592955e-01  6.734462137e-01  1.095760422e+00
 6.947162427e-01  6.752334564e-01  1.094149020e+00
 6.966731898e-01  6.770233302e-01  1.092541253e+00
 6.986301370e-01  6.788158370e-01  1.090936890e+00
 7.005870841e-01  6.806109791e-01  1.089334988e+00
 7.025440313e-01  6.824087617e-01  1.087734740e+00
 7.045009785e-01  6.842091896e-01  1.086136187e+00
 7.064579256e-01  6.860122679e-01  1.084539313e+00
 7.084148728e-01  6.878180017e-01  1.082943928e+00
 7.103718200e-01  6.896263965e-01  1.081349219e+00
 7.123287671e-01  6.914374602e-01  1.079754018e+00
 7.142857143e-01  6.932512023e-01  1.078158095e+00
 7.162426614e-01  6.950676315e-01  1.076561635e+00
 7.181996086e-01  6.968867569e-01  1.074964097e+00
 7.201565558e-01  6.987085891e-01  1.073364687e+00
 7.221135029e-01  7.005331398e-01  1.071763389e+00
 7.240704501e-01  7.023604200e-01  1.070159944e+00
 7.260273973e-01  7.041904424e-01  1.068553614e+00
 7.279843444e-01  7.060232205e-01  1.066943526e+00
 7.299412916e-01  7.078587704e-01  1.065328835e+00
 7.318982387e-01  7.096971085e-01  1.063709761e+00
 7.338551859e-01  7.115382505e-01  1.062086739e+00
 7.358121331e-01  7.133822114e-01  1.060459463e+00
 7.377690802e-01  7.152290082e-01  1.058826299e+00
 7.397260274e-01  7.170786619e-01  1.057186208e+00
 7.416829746e-01  7.189311933e-01  1.055539623e+00
 7.436399217e-01  7.207866223e-01  1.053886584e+00
 7.455968689e-01  7.226449697e-01  1.052226187e+00
 7.475538160e-01  7.245062591e-01  1.050557774e+00
 7.495107632e-01  7.263705138e-01  1.048881362e+00
 7.514677104e-01  7.282377577e-01  1.047196313e+00
 7.534246575e-01  7.301080169e-01  1.045502362e+00
 7.553816047e-01  7.319813164e-01  1.043798776e+00
 7.573385519e-01  7.338576855e-01  1.042084178e+00
 7.592954990e-01  7.357371547e-01  1.040358790e+00
 7.612524462e-01  7.376197528e-01  1.038623320e+00
 7.632093933e-01  7.395055082e-01  1.036877629e+00
 7.651663405e-01  7.413944508e-01  1.035119400e+00
 7.671232877e-01  7.432866179e-01  1.033347230e+00
 7.690802348e-01  7.451820451e-01  1.031562564e+00
 7.710371820e-01  7.470807651e-01  1.029765656e+00
 7.729941292e-01  7.489828131e-01  1.027954700e+00
 7.749510763e-01  7.508882291e-01  1.026128138e+00
 7.769080235e-01  7.527970547e-01  1.024286289e+00
 7.788649706e-01  7.547093294e-01  1.022430508e+00
 7.808219178e-01  7.566250907e-01  1.020559405e+00
 7.827788650e-01  7.585443840e-01  1.018670136e+00
 7.847358121e-01  7.604672580e-01  1.016762640e+00
 7.866927593e-01  7.623937595e-01  1.014838560e+00
 7.886497065e-01  7.643239320e-01  1.012898846e+00
 7.906066536e-01  7.662578192e-01  1.010942117e+00
 7.925636008e-01  7.681954708e-01  1.008968121e+00
 7.945205479e-01  7.701369327e-01  1.006978852e+00
 7.964774951e-01  7.720822476e-01  1.004975159e+00
 7.984344423e-01  7.740314590e-01  1.002960947e+00
 8.003913894e-01  7.759845952e-01  1.000943970e+00
 8.023483366e-01  7.779416701e-01  9.989312507e-01
 8.043052838e-01  7.799026849e-01  9.969295246e-01
 8.062622309e-01  7.818676268e-01  9.949490606e-01
 8.082191781e-01  7.838364561e-01  9.930099834e-01
 8.101761252e-01  7.858090792e-01  9.911314844e-01
 8.121330724e-01  7.877853783e-01  9.893227329e-01
 8.140900196e-01  7.897652206e-01  9.875917442e-01
 8.160469667e-01  7.917484532e-01  9.859573935e-01
 8.180039139e-01  7.937348641e-01  9.844451088e-01
 8.199608611e-01  7.957241940e-01  9.830798791e-01
 8.219178082e-01  7.977161252e-01  9.818684913e-01
 8.238747554e-01  7.997103662e-01  9.808106067e-01
 8.258317025e-01  8.017065962e-01  9.799203847e-01
 8.277886497e-01  8.037044618e-01  9.792322750e-01
 8.297455969e-01  8.057034977e-01  9.787563485e-01
 8.317025440e-01  8.077033065e-01  9.784587243e-01
 8.336594912e-01  8.097035585e-01  9.783117697e-01
 8.356164384e-01  8.117039681e-01  9.783101209e-01
 8.375733855e-01  8.137042269e-01  9.784737968e-01
 8.395303327e-01  8.157039673e-01  9.787829696e-01
 8.414872798e-01  8.177029628e-01  9.791960819e-01
 8.434442270e-01  8.197010164e-01  9.796959450e-01
 8.454011742e-01  8.216979726e-01  9.802653497e-01
 8.473581213e-01  8.236937058e-01  9.808958216e-01
 8.493150685e-01  8.256880958e-01  9.815595805e-01
 8.512720157e-01  8.276811308e-01  9.822282846e-01
 8.532289628e-01  8.296728062e-01  9.828849191e-01
 8.551859100e-01  8.316631790e-01  9.835022392e-01
 8.571428571e-01  8.336523549e-01  9.840558850e-01
 8.590998043e-01  8.356404886e-01  9.845310337e-01
 8.610567515e-01  8.376277448e-01  9.849279599e-01
 8.630136986e-01  8.396142762e-01  9.852414423e-01
 8.649706458e-01  8.416002679e-01  9.854729860e-01
 8.669275930e-01  8.435858660e-01  9.855820412e-01
 8.688845401e-01  8.455714182e-01  9.855334740e-01
 8.708414873e-01  8.475572119e-01  9.853488910e-01
 8.727984344e-01  8.495435081e-01  9.850388703e-01
 8.747553816e-01  8.515305522e-01  9.846130615e-01
 8.767123288e-01  8.535185669e-01  9.840817244e-01
 8.786692759e-01  8.555077574e-01  9.834041386e-01
 8.806262231e-01  8.574985131e-01  9.825529572e-01
 8.825831703e-01  8.594911520e-01  9.815569645e-01
 8.845401174e-01  8.614859501e-01  9.804344400e-01
 8.864970646e-01  8.634831549e-01  9.791880365e-01
 8.884540117e-01  8.654830352e-01  9.778322078e-01
 8.904109589e-01  8.674857827e-01  9.763552048e-01
 8.923679061e-01  8.694917189e-01  9.747261749e-01
 8.943248532e-01  8.715011671e-01  9.729552999e-01
 8.962818004e-01  8.735144128e-01  9.710503293e-01
 8.982387476e-01  8.755317537e-01  9.690265603e-01
 9.001956947e-01  8.775534180e-01  9.668868991e-01
 9.021526419e-01  8.795796982e-01  9.646385062e-01
 9.041095890e-01  8.816107984e-01  9.622960165e-01
 9.060665362e-01  8.836469564e-01  9.598238625e-01
 9.080234834e-01  8.856885342e-01  9.572249905e-01
 9.099804305e-01  8.877357645e-01  9.545199334e-01
 9.119373777e-01  8.897889313e-01  9.517041895e-01
 9.138943249e-01  8.918482946e-01  9.488255320e-01
 9.158512720e-01  8.939139388e-01  9.458539267e-01
 9.178082192e-01  8.959862641e-01  9.427418677e-01
 9.197651663e-01  8.980655699e-01  9.395595847e-01
 9.217221135e-01  9.001519573e-01  9.362870058e-01
 9.236790607e-01  9.022458259e-01  9.328800258e-01
 9.256360078e-01  9.043474821e-01  9.294200094e-01
 9.275929550e-01  9.064569698e-01  9.259058423e-01
 9.295499022e-01  9.085746111e-01  9.222402247e-01
 9.315068493e-01  9.107009040e-01  9.184361444e-01
 9.334637965e-01  9.128361253e-01  9.146847288e-01
 9.354207436e-01  9.149798927e-01  9.108227955e-01
 9.373776908e-01  9.171332657e-01  9.066721212e-01
 9.393346380e-01  9.192967089e-01  9.023922158e-01
 9.412915851e-01  9.214705587e-01  8.983125232e-01
 9.432485323e-01  9.236536891e-01  8.940885923e-01
 9.452054795e-01  9.258481413e-01  8.893313239e-01
 9.471624266e-01  9.280546962e-01  8.843628958e-01
 9.491193738e-01  9.302738788e-01  8.795424242e-01
 9.510763209e-01  9.325046779e-01  8.752201599e-01
 9.530332681e-01  9.347458236e-01  8.702602018e-01
 9.549902153e-01  9.370021646e-01  8.641950650e-01
 9.569471624e-01  9.392748899e-01  8.578197932e-01
 9.589041096e-01  9.415649023e-01  8.512531020e-01
 9.608610568e-01  9.438728329e-01  8.553250084e-01
 9.628180039e-01  9.461414910e-01  8.649219647e-01
 9.647749511e-01  9.483980393e-01  8.589286855e-01
 9.667318982e-01  9.506990757e-01  8.403217457e-01
 9.686888454e-01  9.530570445e-01  8.186910689e-01
 9.706457926e-01  9.554816027e-01  7.954168783e-01
 9.726027397e-01  9.579798047e-01  7.716261405e-01
 9.745596869e-01  9.605562847e-01  7.481901890e-01
 9.765166341e-01  9.632134402e-01  7.257499540e-01
 9.784735812e-01  9.659516138e-01  7.047539932e-01
 9.804305284e-01  9.687692753e-01  6.854992611e-01
 9.823874755e-01  9.716632031e-01  6.681688502e-01
 9.843444227e-01  9.746286642e-01  6.528640924e-01
 9.863013699e-01  9.776595928e-01  6.396303811e-01
 9.882583170e-01  9.807487665e-01  6.284771379e-01
 9.902152642e-01  9.838879810e-01  6.193927985e-01
 9.921722114e-01  9.870682204e-01  6.123557894e-01
 9.941291585e-01  9.902798253e-01  6.073424004e-01
 9.960861057e-01  9.935126565e-01  6.043323074e-01
 9.980430528e-01  9.967562554e-01  6.033123286e-01
 1.000000000e+00  1.000000000e+00  6.032852360e-01
4  3.686674886e-01  6.622325126e-01  1.009277603e+00  7.455392461e-01  9.613701406e-01  6.484856944e+01  4.661280518e-01  9.912547805e-01  3.073337403e-01  2.633615086e+00
5  4.874498779e-01  9.276719820e-01  1.006046380e+00  6.114937264e-01  9.339753010e-01  3.781550344e+01  4.113210436e-01  1.035952575e+00  4.701321780e-01  2.776801150e+00
6  5.844707006e-01  1.082137941e+00  1.003859226e+00  5.216060077e-01  9.108672236e-01  2.722349078e+01  3.793336059e-01  1.106252472e+00  5.913481712e-01  2.768542060e+00
7  6.686216458e-01  1.215404735e+00  1.002217860e+00  4.569035896e-01  8.938875074e-01  2.162628696e+01  3.578026217e-01  1.185969132e+00  6.874621799e-01  2.710262438e+00
8  7.422273887e-01  1.346179382e+00  1.000941863e+00  4.079744263e-01  8.866749195e-01  1.841090567e+01  3.425753629e-01  1.272709318e+00  7.660282067e-01  2.629194160e+00
9  8.066216743e-01  1.515240096e+00  9.999588401e-01  3.695455297e-01  8.952532651e-01  1.675091571e+01  3.318493536e-01  1.374441608e+00  8.306441883e-01  2.537326285e+00
10  8.583037583e-01  1.931295772e+00  9.992929136e-01  3.382767543e-01  9.295991751e-01  1.653041941e+01  3.250312711e-01  1.502909664e+00  8.814172680e-01  2.428290485e+00
11  8.966338077e-01  2.485805963e+00  9.989453367e-01  3.120225603e-01  1.003187614e+00  1.798885759e+01  3.216676036e-01  1.693513141e+00  9.184183655e-01  2.305318657e+00
12  9.332222724e-01  1.304649592e+00  9.990783454e-01  2.906964658e-01  1.117613157e+00  2.085458570e+01  3.215374526e-01  1.916229787e+00  9.517039078e-01  2.199734222e+00
13  9.679579390e-01  3.886575770e+00  9.997783005e-01  2.730580532e-01  1.279428377e+00  2.554206764e+01  3.247841133e-01  2.281550218e+00  9.798722485e-01  2.107578001e+00
14  9.822706715e-01  6.577730500e+00  9.998884844e-01  2.556358704e-01  1.494899489e+00  3.340423718e+01  3.276608686e-01  3.215075556e+00  9.892110443e-01  1.986193354e+00
0 0 -1.259301738e-01  8.262807179e-18
0 1  1.342133777e-02 -4.198707705e-03
0 2 -1.345020527e-02  4.739222792e-03
0 3  5.015975868e-03 -5.495731848e-03
0 4 -2.212128042e-03  5.469533163e-03
0 5 -1.748565188e-03 -4.192147768e-03
0 6  3.389178180e-03  9.928106124e-04
0 7 -1.861501753e-03  2.464446574e-03
0 8 -2.151234944e-03 -1.578466839e-03
0 9  6.789515284e-04 -2.219406565e-03
0 10  1.942180456e-03 -8.137599490e-04
1 0 -1.065776166e-01 -3.334155413e-02
1 1 -9.749907970e-02 -9.668026841e-19
1 2  1.016906249e-02 -5.897540920e-03
1 3 -1.341479464e-02  7.099530188e-03
1 4  2.543635559e-03 -7.827915022e-03
1 5  8.294152469e-04  6.371422807e-03
1 6 -5.135121819e-03 -2.134160528e-03
1 7  2.836792886e-03 -3.174052471e-03
1 8  2.544594711e-03  2.605289589e-03
1 9 -1.479152808e-03  2.931766780e-03
1 10 -2.936953383e-03  7.361550879e-04
2 0  1.068068507e-01  3.763373503e-02
2 1 -1.042990612e-01 -6.048817012e-02
2 2 -7.849167544e-02  5.536211536e-17
2 3  6.397750569e-03 -7.284067988e-03
2 4 -1.070348308e-02  8.640170714e-03
2 5 -1.835453248e-03 -8.164034923e-03
2 6  4.217102713e-03  3.710732901e-03
2 7 -4.906917285e-03  2.914695187e-03
2 8 -2.772650013e-03 -3.692078534e-03
2 9  2.099281821e-03 -3.009242335e-03
2 10  3.265687995e-03 -1.475782380e-04
3 0 -3.983140591e-02 -4.364110430e-02
3 1  1.375889360e-01  7.281638154e-02
3 2 -8.150865085e-02 -9.280051606e-02
3 3 -6.516325433e-02 -9.063271914e-18
3 4  3.070999819e-03 -8.582093871e-03
3 5 -6.978787466e-03  9.235672655e-03
3 6 -6.414550181e-03 -6.070612116e-03
3 7  4.522623742e-03 -1.631187463e-03
3 8  5.063030287e-04  4.778791167e-03
3 9 -3.969886911e-03  2.321665176e-03
3 10 -4.030631397e-03 -1.064738363e-03
4 0  1.756630659e-02  4.343306293e-02
4 1 -2.608881608e-02 -8.028706574e-02
4 2  1.363645638e-01  1.100775422e-01
4 3 -4.712778469e-02 -1.317014314e-01
4 4 -5.533592442e-02 -3.475392193e-18
4 5 -5.716159048e-05 -9.742447929e-03
4 6 -2.924139259e-03  8.425368530e-03
4 7 -9.262547536e-03 -1.404450942e-03
4 8 -4.258931394e-04 -5.438681153e-03
4 9  3.556975933e-03 -5.551129875e-04
4 10  2.221765812e-03  2.814521029e-03
5 0  1.388519634e-02 -3.328946226e-02
5 1 -8.506903342e-03  6.534854305e-02
5 2  2.338404980e-02 -1.040114748e-01
5 3  1.070969757e-01  1.417312986e-01
5 4  1.032992420e-03 -1.760600917e-01
5 5 -4.768318606e-02  2.424585163e-17
5 6 -3.326760715e-03 -1.063936724e-02
5 7  6.147821094e-04  5.626177398e-03
5 8 -7.518572384e-03  3.913180798e-03
5 9 -6.050081901e-03 -2.596018024e-03
5 10 -2.127092855e-03 -4.425111475e-03
6 0 -2.691315416e-02  7.883818331e-03
6 1  5.266841323e-02 -2.188903254e-02
6 2 -5.372675114e-02  4.727549616e-02
6 3  9.843814966e-02 -9.316005130e-02
6 4  5.284341573e-02  1.522585665e-01
6 5  6.976800399e-02 -2.231261817e-01
6 6 -4.131077754e-02  1.103058687e-18
6 7 -6.865077719e-03 -1.091194348e-02
6 8  2.260723832e-03  6.597445681e-04
6 9 -2.052156490e-03  5.111059788e-03
6 10 -5.428455243e-03  3.446880317e-03
7 0  1.478201528e-02  1.956994499e-02
7 1 -2.909558629e-02 -3.255469160e-02
7 2  6.251512987e-02  3.713381286e-02
7 3 -6.940451008e-02 -2.503232044e-02
7 4  1.673875991e-01 -2.538045504e-02
7 5 -1.289305854e-02  1.179908027e-01
7 6  1.661812759e-01 -2.641427765e-01
7 7 -3.559163893e-02 -1.956402380e-17
7 8 -9.093746452e-03 -9.172328986e-03
7 9  7.121907455e-04 -3.625954167e-03
7 10  1.481035910e-03  1.123256566e-03
8 0  1.708276007e-02 -1.253446090e-02
8 1 -2.609865363e-02  2.672117108e-02
8 2  3.532412829e-02 -4.703783570e-02
8 3 -7.769762789e-03  7.333567387e-02
8 4  7.696503561e-03 -9.828481606e-02
8 5  1.576776429e-01  8.206626112e-02
8 6 -5.472479499e-02  1.597027719e-02
8 7  2.555023237e-01 -2.577102168e-01
8 8 -3.141292204e-02  6.782288896e-17
8 9 -1.036951494e-02 -6.965496824e-03
8 10 -3.270099180e-03 -6.429518338e-03
9 0 -5.391492032e-03 -1.762410468e-02
9 1  1.517094123e-02  3.006968670e-02
9 2 -2.674527979e-02 -3.833836287e-02
9 3  6.092217082e-02  3.562844122e-02
9 4 -6.427968756e-02 -1.003169267e-02
9 5  1.268808232e-01 -5.444304876e-02
9 6  4.967605580e-02  1.237221881e-01
9 7 -2.001005761e-02 -1.018765720e-01
9 8  3.301034819e-01 -2.217398564e-01
9 9 -2.793018468e-02 -1.646455928e-19
9 10 -1.417473869e-02 -5.601653131e-03
10 0 -1.542267749e-02 -6.461993378e-03
10 1  3.012288313e-02  7.550379862e-03
10 2 -4.160553303e-02 -1.880176939e-03
10 3  6.185436008e-02 -1.633955170e-02
10 4 -4.015051406e-02  5.086245615e-02
10 5  4.460886596e-02 -9.280234481e-02
10 6  1.314053031e-01  8.343779814e-02
10 7 -4.161190535e-02  3.155956286e-02
10 8  1.041004455e-01 -2.046774996e-01
10 9  5.075060852e-01 -2.005591153e-01
10 10 -2.091203392e-02 -3.879311407e-17
0 0 -8.224640227e+00 -4.376815197e-16
0 1 -8.518534799e-01  3.573362207e-01
0 2  1.115985147e+00 -3.267444956e-01
0 3 -2.562077855e-01  2.667337555e-01
0 4  1.116310047e-01 -2.246851254e-01
0 5  5.455486337e-02  1.547963289e-01
0 6 -1.097828033e-01 -4.015190935e-02
0 7  6.444842691e-02 -7.356061142e-02
0 8  6.778261705e-02  4.575741698e-02
0 9 -9.846581593e-03  7.470108942e-02
0 10 -8.767740947e-02 -8.540915435e-03
1 0 -8.518534799e-01 -3.573362207e-01
1 1 -1.083841420e+01 -1.074427535e-14
1 2 -8.982140901e-01  8.133855034e-01
1 3  1.829147547e+00 -8.116190778e-01
1 4 -2.246147377e-01  6.130209537e-01
1 5 -1.288473677e-02 -4.274408934e-01
1 6  2.834807971e-01  1.447421712e-01
1 7 -1.662512162e-01  1.547974065e-01
1 8 -1.294156223e-01 -1.241359517e-01
1 9  4.786111216e-02 -1.510284998e-01
1 10  1.849666000e-01  4.960873727e-02
2 0  1.115985147e+00  3.267444956e-01
2 1 -8.982140901e-01 -8.133855034e-01
2 2 -1.363581548e+01 -5.034172112e-15
2 3 -6.526717133e-01  1.509986360e+00
2 4  2.271107211e+00 -1.523438426e+00
2 5  1.674378814e-01  9.716581837e-01
2 6 -3.705623992e-01 -4.221873918e-01
2 7  4.455452941e-01 -2.098314632e-01
2 8  1.981790222e-01  2.888725340e-01
2 9 -1.344839333e-01  2.368743152e-01
2 10 -2.742067927e-01 -1.475314313e-01
3 0 -2.562077855e-01 -2.667337555e-01
3 1  1.829147547e+00  8.116190778e-01
3 2 -6.526717133e-01 -1.509986360e+00
3 3 -1.662546058e+01  2.106228765e-15
3 4 -8.864231204e-02  2.523780244e+00
3 5  2.291687542e+00 -2.400347696e+00
3 6  1.024392837e+00  1.094355052e+00
3 7 -6.792341238e-01  9.165119987e-02
3 8 -3.219331076e-02 -5.871258424e-01
3 9  3.776612756e-01 -2.645698483e-01
3 10  3.735032097e-01  3.744446617e-01
4 0  1.116310047e-01  2.246851254e-01
4 1 -2.246147377e-01 -6.130209537e-01
4 2  2.271107211e+00  1.523438426e+00
4 3 -8.864231204e-02 -2.523780244e+00
4 4 -1.990169711e+01 -1.195285478e-14
4 5  9.583375382e-01  3.894739456e+00
4 6  1.721369722e+00 -3.257237378e+00
4 7  2.195335769e+00  5.135978475e-01
4 8 -8.341999971e-02  9.452622803e-01
4 9 -5.922211063e-01  8.012326026e-02
4 10 -8.859151625e-02 -8.149807874e-01
5 0  5.455486337e-02 -1.547963289e-01
5 1 -1.288473677e-02  4.274408934e-01
5 2  1.674378814e-01 -9.716581837e-01
5 3  2.291687542e+00  2.400347696e+00
5 4  9.583375382e-01 -3.894739456e+00
5 5 -2.366700792e+01 -2.139244097e-15
5 6  2.833202348e+00  5.774012433e+00
5 7  5.832668425e-01 -3.721314412e+00
5 8  2.594477566e+00 -1.142825311e+00
5 9  1.269324907e+00  6.031868848e-01
5 10 -2.930045889e-01  1.012837587e+00
6 0 -1.097828033e-01  4.015190935e-02
6 1  2.834807971e-01 -1.447421712e-01
6 2 -3.705623992e-01  4.221873918e-01
6 3  1.024392837e+00 -1.094355052e+00
6 4  1.721369722e+00  3.257237378e+00
6 5  2.833202348e+00 -5.774012433e+00
6 6 -2.806145915e+01 -2.287857221e-14
6 7  5.857449460e+00  7.748626458e+00
6 8 -8.883223297e-01 -2.443058367e+00
6 9  9.390970954e-01 -2.169954059e+00
6 10  2.795147500e+00 -7.731508591e-01
7 0  6.444842691e-02  7.356061142e-02
7 1 -1.662512162e-01 -1.547974065e-01
7 2  4.455452941e-01  2.098314632e-01
7 3 -6.792341238e-01 -9.165119987e-02
7 4  2.195335769e+00 -5.135978475e-01
7 5  5.832668425e-01  3.721314412e+00
7 6  5.857449460e+00 -7.748626458e+00
7 7 -3.273923286e+01 -6.692578891e-14
7 8  9.108891732e+00  8.227352005e+00
7 9 -9.256705280e-01  5.436174480e-01
7 10  2.408428657e-02 -3.872941968e+00
8 0  6.778261705e-02 -4.575741698e-02
8 1 -1.294156223e-01  1.241359517e-01
8 2  1.981790222e-01 -2.888725340e-01
8 3 -3.219331076e-02  5.871258424e-01
8 4 -8.341999971e-02 -9.452622803e-01
8 5  2.594477566e+00  1.142825311e+00
8 6 -8.883223297e-01  2.443058367e+00
8 7  9.108891732e+00 -8.227352005e+00
8 8 -3.754525252e+01 -7.223624119e-14
8 9  1.203018228e+01  7.127788353e+00
8 10 -9.065177936e-01  1.240334197e+00
9 0 -9.846581593e-03 -7.470108942e-02
9 1  4.786111216e-02  1.510284998e-01
9 2 -1.344839333e-01 -2.368743152e-01
9 3  3.776612756e-01  2.645698483e-01
9 4 -5.922211063e-01 -8.012326026e-02
9 5  1.269324907e+00 -6.031868848e-01
9 6  9.390970954e-01  2.169954059e+00
9 7 -9.256705280e-01 -5.436174480e-01
9 8  1.203018228e+01 -7.127788353e+00
9 9 -5.004351170e+01  1.014633982e-13
9 10  2.426861428e+01  9.590607784e+00
10 0 -8.767740947e-02  8.540915435e-03
10 1  1.849666000e-01 -4.960873727e-02
10 2 -2.742067927e-01  1.475314313e-01
10 3  3.735032097e-01 -3.744446617e-01
10 4 -8.859151625e-02  8.149807874e-01
10 5 -2.930045889e-01 -1.012837587e+00
10 6  2.795147500e+00  7.731508591e-01
10 7  2.408428657e-02  3.872941968e+00
10 8 -9.065177936e-01 -1.240334197e+00
10 9  2.426861428e+01 -9.590607784e+00
10 10 -4.781935624e+01  8.870785828e-14
0  2.375685220e-02 -1.023592322e-03 -1.074664461e-01 -1.042388348e-02
1  3.942516947e-02 -1.136163649e-03  1.400318327e-01  3.566423549e-02
2  5.455118102e-02 -2.367068699e-03 -1.450829431e-01 -7.543691799e-02
3  7.585282040e-02 -2.645841641e-03  1.189207610e-01  1.278404379e-01
4  1.009592718e-01 -5.200552959e-03 -4.597430602e-02 -1.750152393e-01
5  1.314578089e-01 -6.078746610e-03 -7.660638069e-02  1.671183656e-01
6  1.637782209e-01 -8.999823051e-03  1.790844033e-01 -3.861348732e-02
7  1.892100154e-01 -1.144120715e-02 -9.568568944e-02 -1.514849728e-01
8  2.183344556e-01 -1.325559517e-02 -1.463400720e-01  9.425239322e-02
9  2.476558476e-01 -1.596365806e-02  3.975888399e-02  1.614945829e-01
10  2.469906544e-01 -1.597639631e-02  1.409271122e-01  6.911072272e-02
