 1.695500020e+00 -1.836649230e+00  8.525225153e-01  3.978643100e+00  9.347808541e-01  9.673275880e-01  7.204111070e+00 512 3 11
 0.000000000e+00  0.000000000e+00 -1.321600502e-05
 1.956947162e-03  2.820378967e-02  1.387851460e-01
 3.913894325e-03  3.988506940e-02  1.962795230e-01
 5.870841487e-03  4.884792403e-02  2.404010481e-01
 7.827788650e-03  5.640373234e-02  2.775950680e-01
 9.784735812e-03  6.306050386e-02  3.103575137e-01
 1.174168297e-02  6.907881208e-02  3.399677237e-01
 1.369863014e-02  7.461347395e-02  3.671851654e-01
 1.565557730e-02  7.976537927e-02  3.925042866e-01
 1.761252446e-02  8.460462030e-02  4.162682317e-01
 1.956947162e-02  8.918224198e-02  4.387266029e-01
 2.152641879e-02  9.353678829e-02  4.600676350e-01
 2.348336595e-02  9.769821174e-02  4.804374068e-01
 2.544031311e-02  1.016903385e-01  4.999509641e-01
 2.739726027e-02  1.055325068e-01  5.186988620e-01
 2.935420744e-02  1.092406925e-01  5.367665761e-01
 3.131115460e-02  1.128281169e-01  5.542237177e-01
 3.326810176e-02  1.163060262e-01  5.711205647e-01
 3.522504892e-02  1.196840365e-01  5.875040391e-01
 3.718199609e-02  1.229704458e-01  6.034142508e-01
 3.913894325e-02  1.261724784e-01  6.188860124e-01
 4.109589041e-02  1.292964668e-01  6.339497254e-01
 4.305283757e-02  1.323480027e-01  6.486327180e-01
 4.500978474e-02  1.353320447e-01  6.629605496e-01
 4.696673190e-02  1.382530110e-01  6.769559612e-01
 4.892367906e-02  1.411148617e-01  6.906368451e-01
 5.088062622e-02  1.439211792e-01  7.040166544e-01
 5.283757339e-02  1.466752220e-01  7.171077683e-01
 5.479452055e-02  1.493799584e-01  7.299297247e-01
 5.675146771e-02  1.520380486e-01  7.425030753e-01
 5.870841487e-02  1.546519166e-01  7.548379289e-01
 6.066536204e-02  1.572238072e-01  7.669339815e-01
 6.262230920e-02  1.597558393e-01  7.787941698e-01
 6.457925636e-02  1.622499615e-01  7.904383508e-01
 6.653620352e-02  1.647079166e-01  8.018831725e-01
 6.849315068e-02  1.671313289e-01  8.131306736e-01
 7.045009785e-02  1.695217338e-01  8.241848688e-01
 7.240704501e-02  1.718805553e-01  8.350512499e-01
 7.436399217e-02  1.742091349e-01  8.457331158e-01
 7.632093933e-02  1.765087308e-01  8.562406422e-01
 7.827788650e-02  1.787804952e-01  8.665835601e-01
 8.023483366e-02  1.810255126e-01  8.767649240e-01
 8.219178082e-02  1.832448095e-01  8.867868157e-01
 8.414872798e-02  1.854393586e-01  8.966471330e-01
 8.610567515e-02  1.876101021e-01  9.063523593e-01
 8.806262231e-02  1.897578947e-01  9.159179027e-01
 9.001956947e-02  1.918835254e-01  9.253439128e-01
 9.197651663e-02  1.939877754e-01  9.346268557e-01
 9.393346380e-02  1.960713833e-01  9.437697675e-01
 9.589041096e-02  1.981350530e-01  9.527754473e-01
 9.784735812e-02  2.001794516e-01  9.616487718e-01
 9.980430528e-02  2.022052070e-01  9.703987208e-01
 1.017612524e-01  2.042128981e-01  9.790272727e-01
 1.037181996e-01  2.062030978e-01  9.875294661e-01
 1.056751468e-01  2.081763619e-01  9.959019297e-01
 1.076320939e-01  2.101332343e-01  1.004153590e+00
 1.095890411e-01  2.120741966e-01  1.012295414e+00
 1.115459883e-01  2.139997136e-01  1.020326259e+00
 1.135029354e-01  2.159102381e-01  1.028240613e+00
 1.154598826e-01  2.178062239e-01  1.036038192e+00
 1.174168297e-01  2.196880946e-01  1.043724252e+00
 1.193737769e-01  2.215562555e-01  1.051302200e+00
 1.213307241e-01  2.234110913e-01  1.058777214e+00
 1.232876712e-01  2.252529639e-01  1.066151272e+00
 1.252446184e-01  2.270822276e-01  1.073417823e+00
 1.272015656e-01  2.288992445e-01  1.080573475e+00
 1.291585127e-01  2.307043588e-01  1.087625795e+00
 1.311154599e-01  2.324978862e-01  1.094584094e+00
 1.330724070e-01  2.342801209e-01  1.101449790e+00
 1.350293542e-01  2.360513566e-01  1.108214270e+00
 1.369863014e-01  2.378118983e-01  1.114873979e+00
 1.389432485e-01  2.395620342e-01  1.121436384e+00
 1.409001957e-01  2.413020298e-01  1.127906451e+00
 1.428571429e-01  2.430321428e-01  1.134284678e+00
 1.448140900e-01  2.447526233e-01  1.140572115e+00
 1.467710372e-01  2.464637127e-01  1.146766419e+00
 1.487279843e-01  2.481656553e-01  1.152862493e+00
 1.506849315e-01  2.498586953e-01  1.158863679e+00
 1.526418787e-01  2.515430552e-01  1.164779296e+00
 1.545988258e-01  2.532189406e-01  1.170613169e+00
 1.565557730e-01  2.548865527e-01  1.176356942e+00
 1.585127202e-01  2.565461112e-01  1.182005232e+00
 1.604696673e-01  2.581978226e-01  1.187563298e+00
 1.624266145e-01  2.598418820e-01  1.193036766e+00
 1.643835616e-01  2.614784716e-01  1.198427564e+00
 1.663405088e-01  2.631077726e-01  1.203734538e+00
 1.682974560e-01  2.647299624e-01  1.208957114e+00
 1.702544031e-01  2.663452160e-01  1.214090670e+00
 1.722113503e-01  2.679537156e-01  1.219134148e+00
 1.741682975e-01  2.695556316e-01  1.224096802e+00
 1.761252446e-01  2.711511147e-01  1.228985107e+00
 1.780821918e-01  2.727403120e-01  1.233792143e+00
 1.800391389e-01  2.743233861e-01  1.238510443e+00
 1.819960861e-01  2.759004971e-01  1.243142361e+00
 1.839530333e-01  2.774717954e-01  1.247695577e+00
 1.859099804e-01  2.790374161e-01  1.252173222e+00
 1.878669276e-01  2.805974963e-01  1.256570777e+00
 1.898238748e-01  2.821521773e-01  1.260887785e+00
 1.917808219e-01  2.837015924e-01  1.265125851e+00
 1.937377691e-01  2.852458741e-01  1.269281081e+00
 1.956947162e-01  2.867851606e-01  1.273355024e+00
 1.976516634e-01  2.883195762e-01  1.277356037e+00
 1.996086106e-01  2.898492344e-01  1.281284608e+00
 2.015655577e-01  2.913742546e-01  1.285134719e+00
 2.035225049e-01  2.928947607e-01  1.288902062e+00
 2.054794521e-01  2.944108784e-01  1.292589915e+00
 2.074363992e-01  2.959227202e-01  1.296206661e+00
 2.093933464e-01  2.974303886e-01  1.299751764e+00
 2.113502935e-01  2.989339941e-01  1.303220115e+00
 2.133072407e-01  3.004336479e-01  1.306612825e+00
 2.152641879e-01  3.019294547e-01  1.309929642e+00
 2.172211350e-01  3.034215233e-01  1.313169085e+00
 2.191780822e-01  3.049099589e-01  1.316337517e+00
 2.211350294e-01  3.063948530e-01  1.319438162e+00
 2.230919765e-01  3.078763009e-01  1.322465787e+00
 2.250489237e-01  3.093544035e-01  1.325417114e+00
 2.270058708e-01  3.108292610e-01  1.328292658e+00
 2.289628180e-01  3.123009705e-01  1.331098861e+00
 2.309197652e-01  3.137696157e-01  1.333839798e+00
 2.328767123e-01  3.152352827e-01  1.336507925e+00
 2.348336595e-01  3.166980697e-01  1.339102582e+00
 2.367906067e-01  3.181580621e-01  1.341629549e+00
 2.387475538e-01  3.196153437e-01  1.344086699e+00
 2.407045010e-01  3.210700027e-01  1.346472792e+00
 2.426614481e-01  3.225221238e-01  1.348791546e+00
 2.446183953e-01  3.239717854e-01  1.351044077e+00
 2.465753425e-01  3.254190682e-01  1.353230011e+00
 2.485322896e-01  3.268640500e-01  1.355346596e+00
 2.504892368e-01  3.283068159e-01  1.357392478e+00
 2.524461840e-01  3.297474450e-01  1.359375001e+00
 2.544031311e-01  3.311860055e-01  1.361295262e+00
 2.563600783e-01  3.326225730e-01  1.363147457e+00
 2.583170254e-01  3.340572266e-01  1.364934351e+00
 2.602739726e-01  3.354900351e-01  1.366657656e+00
 2.622309198e-01  3.369210728e-01  1.368315284e+00
 2.641878669e-01  3.383504117e-01  1.369910181e+00
 2.661448141e-01  3.397781191e-01  1.371442968e+00
 2.681017613e-01  3.412042648e-01  1.372914215e+00
 2.700587084e-01  3.426289138e-01  1.374324099e+00
 2.720156556e-01  3.440521347e-01  1.375669116e+00
 2.739726027e-01  3.454739992e-01  1.376952947e+00
 2.759295499e-01  3.468945673e-01  1.378181737e+00
 2.778864971e-01  3.483138974e-01  1.379349797e+00
 2.798434442e-01  3.497320605e-01  1.380454396e+00
 2.818003914e-01  3.511491200e-01  1.381502004e+00
 2.837573386e-01  3.525651330e-01  1.382494187e+00
 2.857142857e-01  3.539801592e-01  1.383429631e+00
 2.876712329e-01  3.553942579e-01  1.384306350e+00
 2.896281800e-01  3.568074922e-01  1.385123951e+00
 2.915851272e-01  3.582199220e-01  1.385888532e+00
 2.935420744e-01  3.596315973e-01  1.386601088e+00
 2.954990215e-01  3.610425757e-01  1.387257510e+00
 2.974559687e-01  3.624529154e-01  1.387860158e+00
 2.994129159e-01  3.638626687e-01  1.388409809e+00
 3.013698630e-01  3.652718919e-01  1.388905021e+00
 3.033268102e-01  3.666806400e-01  1.389349205e+00
 3.052837573e-01  3.680889623e-01  1.389745183e+00
 3.072407045e-01  3.694969077e-01  1.390092131e+00
 3.091976517e-01  3.709045271e-01  1.390387376e+00
 3.111545988e-01  3.723118746e-01  1.390629016e+00
 3.131115460e-01  3.737190048e-01  1.390821860e+00
 3.150684932e-01  3.751259621e-01  1.390972635e+00
 3.170254403e-01  3.765327872e-01  1.391077093e+00
 3.189823875e-01  3.779395332e-01  1.391131315e+00
 3.209393346e-01  3.793462486e-01  1.391137594e+00
 3.228962818e-01  3.807529819e-01  1.391097939e+00
 3.248532290e-01  3.821597776e-01  1.391014748e+00
 3.268101761e-01  3.835666792e-01  1.390888581e+00
 3.287671233e-01  3.849737301e-01  1.390718957e+00
 3.307240705e-01  3.863809748e-01  1.390506305e+00
 3.326810176e-01  3.877884561e-01  1.390248410e+00
 3.346379648e-01  3.891962231e-01  1.389945470e+00
 3.365949119e-01  3.906043180e-01  1.389603261e+00
 3.385518591e-01  3.920127784e-01  1.389224280e+00
 3.405088063e-01  3.934216417e-01  1.388805233e+00
 3.424657534e-01  3.948309522e-01  1.388342318e+00
 3.444227006e-01  3.962407552e-01  1.387837470e+00
 3.463796477e-01  3.976510912e-01  1.387295320e+00
 3.483365949e-01  3.990619963e-01  1.386717492e+00
 3.502935421e-01  4.004735080e-01  1.386103145e+00
 3.522504892e-01  4.018856641e-01  1.385451323e+00
 3.542074364e-01  4.032985042e-01  1.384761071e+00
 3.561643836e-01  4.047120685e-01  1.384032786e+00
 3.581213307e-01  4.061263960e-01  1.383268349e+00
 3.600782779e-01  4.075415231e-01  1.382471830e+00
 3.620352250e-01  4.089574808e-01  1.381644865e+00
 3.639921722e-01  4.103743024e-01  1.380782312e+00
 3.659491194e-01  4.117920298e-01  1.379881332e+00
 3.679060665e-01  4.132107023e-01  1.378946101e+00
 3.698630137e-01  4.146303534e-01  1.377981714e+00
 3.718199609e-01  4.160510123e-01  1.376989708e+00
 3.737769080e-01  4.174727097e-01  1.375966307e+00
 3.757338552e-01  4.188954828e-01  1.374908161e+00
 3.776908023e-01  4.203193693e-01  1.373817962e+00
 3.796477495e-01  4.217444014e-01  1.372698678e+00
 3.816046967e-01  4.231706110e-01  1.371551792e+00
 3.835616438e-01  4.245980273e-01  1.370379558e+00
 3.855185910e-01  4.260266779e-01  1.369179083e+00
 3.874755382e-01  4.274565985e-01  1.367947150e+00
 3.894324853e-01  4.288878235e-01  1.366685581e+00
 3.913894325e-01  4.303203852e-01  1.365398281e+00
 3.933463796e-01  4.317543103e-01  1.364089324e+00
 3.953033268e-01  4.331896226e-01  1.362757421e+00
 3.972602740e-01  4.346263520e-01  1.361396440e+00
 3.992172211e-01  4.360645356e-01  1.360006541e+00
 4.011741683e-01  4.375042032e-01  1.358593451e+00
 4.031311155e-01  4.389453801e-01  1.357160039e+00
 4.050880626e-01  4.403880904e-01  1.355706022e+00
 4.070450098e-01  4.418323605e-01  1.354227951e+00
 4.090019569e-01  4.432782218e-01  1.352724626e+00
 4.109589041e-01  4.447257038e-01  1.351198906e+00
 4.129158513e-01  4.461748323e-01  1.349652661e+00
 4.148727984e-01  4.476256328e-01  1.348087872e+00
 4.168297456e-01  4.490781274e-01  1.346504782e+00
 4.187866928e-01  4.505323415e-01  1.344900454e+00
 4.207436399e-01  4.519883035e-01  1.343273867e+00
 4.227005871e-01  4.534460416e-01  1.341627652e+00
 4.246575342e-01  4.549055789e-01  1.339965537e+00
 4.266144814e-01  4.563669356e-01  1.338288425e+00
 4.285714286e-01  4.578301334e-01  1.336593230e+00
 4.305283757e-01  4.592951994e-01  1.334877993e+00
 4.324853229e-01  4.607621598e-01  1.333145257e+00
 4.344422701e-01  4.622310367e-01  1.331398393e+00
 4.363992172e-01  4.637018492e-01  1.329637934e+00
 4.383561644e-01  4.651746184e-01  1.327861977e+00
 4.403131115e-01  4.666493678e-01  1.326070213e+00
 4.422700587e-01  4.681261196e-01  1.324263767e+00
 4.442270059e-01  4.696048953e-01  1.322443795e+00
 4.461839530e-01  4.710857147e-01  1.320611270e+00
 4.481409002e-01  4.725685972e-01  1.318765995e+00
 4.500978474e-01  4.740535635e-01  1.316908559e+00
 4.520547945e-01  4.755406321e-01  1.315039262e+00
 4.540117417e-01  4.770298232e-01  1.313157493e+00
 4.559686888e-01  4.785211569e-01  1.311264836e+00
 4.579256360e-01  4.800146500e-01  1.309362145e+00
 4.598825832e-01  4.815103211e-01  1.307449491e+00
 4.618395303e-01  4.830081871e-01  1.305527191e+00
 4.637964775e-01  4.845082660e-01  1.303594923e+00
 4.657534247e-01  4.860105758e-01  1.301653993e+00
 4.677103718e-01  4.875151317e-01  1.299705164e+00
 4.696673190e-01  4.890219501e-01  1.297747527e+00
 4.716242661e-01  4.905310486e-01  1.295782045e+00
 4.735812133e-01  4.920424417e-01  1.293810197e+00
 4.755381605e-01  4.935561437e-01  1.291832159e+00
 4.774951076e-01  4.950721688e-01  1.289847407e+00
 4.794520548e-01  4.965905329e-01  1.287855374e+00
 4.814090020e-01  4.981112516e-01  1.285857628e+00
 4.833659491e-01  4.996343372e-01  1.283856130e+00
 4.853228963e-01  5.011598012e-01  1.281850869e+00
 4.872798434e-01  5.026876559e-01  1.279840514e+00
 4.892367906e-01  5.042179159e-01  1.277824748e+00
 4.911937378e-01  5.057505948e-01  1.275805279e+00
 4.931506849e-01  5.072857032e-01  1.273783882e+00
 4.951076321e-01  5.088232505e-01  1.271760605e+00
 4.970645793e-01  5.103632473e-01  1.269734474e+00
 4.990215264e-01  5.119057054e-01  1.267705279e+00
 5.009784736e-01  5.134506363e-01  1.265674172e+00
 5.029354207e-01  5.149980490e-01  1.263642391e+00
 5.048923679e-01  5.165479520e-01  1.261610387e+00
 5.068493151e-01  5.181003533e-01  1.259577952e+00
 5.088062622e-01  5.196552622e-01  1.257544822e+00
 5.107632094e-01  5.212126873e-01  1.255511624e+00
 5.127201566e-01  5.227726363e-01  1.253478951e+00
 5.146771037e-01  5.243351166e-01  1.251447572e+00
 5.166340509e-01  5.259001341e-01  1.249417939e+00
 5.185909980e-01  5.274676949e-01  1.247389669e+00
 5.205479452e-01  5.290378059e-01  1.245363036e+00
 5.225048924e-01  5.306104729e-01  1.243338659e+00
 5.244618395e-01  5.321857009e-01  1.241317230e+00
 5.264187867e-01  5.337634940e-01  1.239299132e+00
 5.283757339e-01  5.353438565e-01  1.237284158e+00
 5.303326810e-01  5.369267929e-01  1.235272392e+00
 5.322896282e-01  5.385123071e-01  1.233264586e+00
 5.342465753e-01  5.401004018e-01  1.231261476e+00
 5.362035225e-01  5.416910791e-01  1.229263057e+00
 5.381604697e-01  5.432843415e-01  1.227269103e+00
 5.401174168e-01  5.448801918e-01  1.225279905e+00
 5.420743640e-01  5.464786316e-01  1.223296192e+00
 5.440313112e-01  5.480796618e-01  1.221318548e+00
 5.459882583e-01  5.496832824e-01  1.219346966e+00
 5.479452055e-01  5.512894942e-01  1.217381155e+00
 5.499021526e-01  5.528982980e-01  1.215421399e+00
 5.518590998e-01  5.545096937e-01  1.213468400e+00
 5.538160470e-01  5.561236802e-01  1.211522628e+00
 5.557729941e-01  5.577402560e-01  1.209584021e+00
 5.577299413e-01  5.593594201e-01  1.207652463e+00
 5.596868885e-01  5.609811713e-01  1.205728257e+00
 5.616438356e-01  5.626055075e-01  1.203811779e+00
 5.636007828e-01  5.642324265e-01  1.201903465e+00
 5.655577299e-01  5.658619248e-01  1.200003358e+00
 5.675146771e-01  5.674940000e-01  1.198111384e+00
 5.694716243e-01  5.691286488e-01  1.196227817e+00
 5.714285714e-01  5.707658677e-01  1.194352909e+00
 5.733855186e-01  5.724056527e-01  1.192486913e+00
 5.753424658e-01  5.740479994e-01  1.190630017e+00
 5.772994129e-01  5.756929032e-01  1.188782278e+00
 5.792563601e-01  5.773403592e-01  1.186943787e+00
 5.812133072e-01  5.789903626e-01  1.185114684e+00
 5.831702544e-01  5.806429079e-01  1.183295121e+00
 5.851272016e-01  5.822979896e-01  1.181485369e+00
 5.870841487e-01  5.839556014e-01  1.179685635e+00
 5.890410959e-01  5.856157369e-01  1.177895860e+00
 5.909980431e-01  5.872783899e-01  1.176116061e+00
 5.929549902e-01  5.889435537e-01  1.174346323e+00
 5.949119374e-01  5.906112217e-01  1.172586659e+00
 5.968688845e-01  5.922813870e-01  1.170837373e+00
 5.988258317e-01  5.939540418e-01  1.169098641e+00
 6.007827789e-01  5.956291786e-01  1.167370362e+00
 6.027397260e-01  5.973067897e-01  1.165652487e+00
 6.046966732e-01  5.989868676e-01  1.163944810e+00
 6.066536204e-01  6.006694049e-01  1.162247360e+00
 6.086105675e-01  6.023543938e-01  1.160560521e+00
 6.105675147e-01  6.040418257e-01  1.158884524e+00
 6.125244618e-01  6.057316918e-01  1.157219126e+00
 6.144814090e-01  6.074239841e-01  1.155563944e+00
 6.164383562e-01  6.091186946e-01  1.153918764e+00
 6.183953033e-01  6.108158158e-01  1.152283748e+00
 6.203522505e-01  6.125153391e-01  1.150659386e+00
 6.223091977e-01  6.142172552e-01  1.149045590e+00
 6.242661448e-01  6.159215557e-01  1.147441779e+00
 6.262230920e-01  6.176282328e-01  1.145847653e+00
 6.281800391e-01  6.193372786e-01  1.144263171e+00
 6.301369863e-01  6.210486855e-01  1.142688456e+00
 6.320939335e-01  6.227624450e-01  1.141123607e+00
 6.340508806e-01  6.244785488e-01  1.139568289e+00
 6.360078278e-01  6.261969894e-01  1.138022064e+00
 6.379647750e-01  6.279177597e-01  1.136484818e+00
 6.399217221e-01  6.296408523e-01  1.134956377e+00
 6.418786693e-01  6.313662604e-01  1.133436542e+00
 6.438356164e-01  6.330939771e-01  1.131925158e+00
 6.457925636e-01  6.348239959e-01  1.130421971e+00
 6.477495108e-01  6.365563105e-01  1.128926717e+00
 6.497064579e-01  6.382909151e-01  1.127439091e+00
 6.516634051e-01  6.400278042e-01  1.125958804e+00
 6.536203523e-01  6.417669727e-01  1.124485588e+00
 6.555772994e-01  6.435084159e-01  1.123019119e+00
 6.575342466e-01  6.452521295e-01  1.121559076e+00
 6.594911937e-01  6.469981096e-01  1.120105200e+00
 6.614481409e-01  6.487463527e-01  1.118657268e+00
 6.634050881e-01  6.504968555e-01  1.117215036e+00
 6.653620352e-01  6.522496152e-01  1.115777913e+00
 6.673189824e-01  6.540046303e-01  1.114345237e+00
 6.692759295e-01  6.557618998e-01  1.112916924e+00
 6.712328767e-01  6.575214225e-01  1.111492993e+00
 6.731898239e-01  6.592831973e-01  1.110073162e+00
 6.751467710e-01  6.610472239e-01  1.108656726e+00
 6.771037182e-01  6.628135033e-01  1.107242838e+00
 6.790606654e-01  6.645820379e-01  1.105831304e+00
 6.810176125e-01  6.663528293e-01  1.104422200e+00
 6.829745597e-01  6.681258796e-01  1.103015094e+00
 6.849315068e-01  6.699011919e-01  1.101609326e+00
 6.868884540e-01  6.716787703e-01  1.100204673e+00
 6.888454012e-01  6.734586187e-01  1.098800716e+00
 6.908023483e-01  6.752407424e-01  1.097397029e+00
 6.927592955e-01  6.770251469e-01  1.095992945e+00
 6.947162427e-01  6.788118398e-01  1.094587682e+00
 6.966731898e-01  6.806008290e-01  1.093181424e+00
 6.986301370e-01  6.823921216e-01  1.091774501e+00
 7.005870841e-01  6.841857246e-01  1.090366048e+00
 7.025440313e-01  6.859816479e-01  1.088954642e+00
 7.045009785e-01  6.877799033e-01  1.087540058e+00
 7.064579256e-01  6.895805017e-01  1.086122371e+00
 7.084148728e-01  6.913834546e-01  1.084701506e+00
 7.103718200e-01  6.931887733e-01  1.083277019e+00
 7.123287671e-01  6.949964711e-01  1.081847534e+00
 7.142857143e-01  6.968065639e-01  1.080412470e+00
 7.162426614e-01  6.986190670e-01  1.078972568e+00
 7.181996086e-01  7.004339942e-01  1.077527813e+00
 7.201565558e-01  7.022513610e-01  1.076076509e+00
 7.221135029e-01  7.040711872e-01  1.074617915e+00
 7.240704501e-01  7.058934909e-01  1.073152168e+00
 7.260273973e-01  7.077182916e-01  1.071679002e+00
 7.279843444e-01  7.095456087e-01  1.070198209e+00
 7.299412916e-01  7.113754628e-01  1.068708818e+00
 7.318982387e-01  7.132078768e-01  1.067210146e+00
 7.338551859e-01  7.150428738e-01  1.065702227e+00
 7.358121331e-01  7.168804770e-01  1.064185643e+00
 7.377690802e-01  7.187207079e-01  1.062658963e+00
 7.397260274e-01  7.205635951e-01  1.061119819e+00
 7.416829746e-01  7.224091684e-01  1.059568911e+00
 7.436399217e-01  7.242574544e-01  1.058007575e+00
 7.455968689e-01  7.261084790e-01  1.056435669e+00
 7.475538160e-01  7.279622694e-01  1.054851177e+00
 7.495107632e-01  7.298188590e-01  1.053252311e+00
 7.514677104e-01  7.316782820e-01  1.051639576e+00
 7.534246575e-01  7.335405704e-01  1.050013187e+00
 7.553816047e-01  7.354057581e-01  1.048372916e+00
 7.573385519e-01  7.372738785e-01  1.046717392e+00
 7.592954990e-01  7.391449711e-01  1.045045909e+00
 7.612524462e-01  7.410190723e-01  1.043359633e+00
 7.632093933e-01  7.428962179e-01  1.041658250e+00
 7.651663405e-01  7.447764462e-01  1.039939972e+00
 7.671232877e-01  7.466598003e-01  1.038202445e+00
 7.690802348e-01  7.485463274e-01  1.036445218e+00
 7.710371820e-01  7.504360732e-01  1.034670097e+00
 7.729941292e-01  7.523290792e-01  1.032877925e+00
 7.749510763e-01  7.542253886e-01  1.031066876e+00
 7.769080235e-01  7.561250506e-01  1.029235087e+00
 7.788649706e-01  7.580281162e-01  1.027382945e+00
 7.808219178e-01  7.599346338e-01  1.025510236e+00
 7.827788650e-01  7.618446562e-01  1.023615000e+00
 7.847358121e-01  7.637582404e-01  1.021695817e+00
 7.866927593e-01  7.656754455e-01  1.019752529e+00
 7.886497065e-01  7.675963300e-01  1.017785860e+00
 7.906066536e-01  7.695209515e-01  1.015796751e+00
 7.925636008e-01  7.714493664e-01  1.013783440e+00
 7.945205479e-01  7.733816401e-01  1.011742338e+00
 7.964774951e-01  7.753178439e-01  1.009672764e+00
 7.984344423e-01  7.772580472e-01  1.007574514e+00
 8.003913894e-01  7.792023238e-01  1.005447144e+00
 8.023483366e-01  7.811507463e-01  1.003290136e+00
 8.043052838e-01  7.831033922e-01  1.001101930e+00
 8.062622309e-01  7.850603420e-01  9.988842851e-01
 8.082191781e-01  7.870216680e-01  9.966418734e-01
 8.101761252e-01  7.889874340e-01  9.943793904e-01
 8.121330724e-01  7.909576954e-01  9.921017847e-01
 8.140900196e-01  7.929324977e-01  9.898169898e-01
 8.160469667e-01  7.949118655e-01  9.875339767e-01
 8.180039139e-01  7.968958092e-01  9.852630431e-01
 8.199608611e-01  7.988843119e-01  9.830219257e-01
 8.219178082e-01  8.008773117e-01  9.808296646e-01
 8.238747554e-01  8.028747131e-01  9.786959154e-01
 8.258317025e-01  8.048764123e-01  9.766210265e-01
 8.277886497e-01  8.068823095e-01  9.746230501e-01
 8.297455969e-01  8.088922235e-01  9.727294313e-01
 8.317025440e-01  8.109059374e-01  9.709585323e-01
 8.336594912e-01  8.129231890e-01  9.693123522e-01
 8.356164384e-01  8.149437479e-01  9.677906521e-01
 8.375733855e-01  8.169673474e-01  9.664129877e-01
 8.395303327e-01  8.189936706e-01  9.652028064e-01
 8.414872798e-01  8.210223470e-01  9.641683167e-01
 8.434442270e-01  8.230530201e-01  9.632871345e-01
 8.454011742e-01  8.250854094e-01  9.625613644e-01
 8.473581213e-01  8.271191455e-01  9.620205624e-01
 8.493150685e-01  8.291538201e-01  9.616678141e-01
 8.512720157e-01  8.311890482e-01  9.614934369e-01
 8.532289628e-01  8.332244608e-01  9.614864174e-01
 8.551859100e-01  8.352597187e-01  9.616497417e-01
 8.571428571e-01  8.372944400e-01  9.620089413e-01
 8.590998043e-01  8.393281785e-01  9.625402926e-01
 8.610567515e-01  8.413606543e-01  9.632014469e-01
 8.630136986e-01  8.433916021e-01  9.639573406e-01
 8.649706458e-01  8.454208917e-01  9.647803099e-01
 8.669275930e-01  8.474483763e-01  9.656530553e-01
 8.688845401e-01  8.494739995e-01  9.665580329e-01
 8.708414873e-01  8.514976894e-01  9.674638488e-01
 8.727984344e-01  8.535195212e-01  9.683425311e-01
 8.747553816e-01  8.555395400e-01  9.691654823e-01
 8.767123288e-01  8.575579395e-01  9.699086309e-01
 8.786692759e-01  8.595748638e-01  9.705435783e-01
 8.806262231e-01  8.615906229e-01  9.710464361e-01
 8.825831703e-01  8.636054587e-01  9.714248482e-01
 8.845401174e-01  8.656196474e-01  9.716939418e-01
 8.864970646e-01  8.676333673e-01  9.718163408e-01
 8.884540117e-01  8.696470486e-01  9.717502078e-01
 8.904109589e-01  8.716610427e-01  9.715142846e-01
 8.923679061e-01  8.736757022e-01  9.711141820e-01
 8.943248532e-01  8.756913564e-01  9.705612198e-01
 8.962818004e-01  8.777083125e-01  9.698609603e-01
 8.982387476e-01  8.797268787e-01  9.690449340e-01
 9.001956947e-01  8.817472334e-01  9.680731682e-01
 9.021526419e-01  8.837698549e-01  9.668976133e-01
 9.041095890e-01  8.857951260e-01  9.655546746e-01
 9.060665362e-01  8.878233784e-01  9.640702941e-01
 9.080234834e-01  8.898548916e-01  9.624868881e-01
 9.099804305e-01  8.918898233e-01  9.607800973e-01
 9.119373777e-01  8.939285617e-01  9.588967764e-01
 9.138943249e-01  8.959714958e-01  9.568803931e-01
 9.158512720e-01  8.980188361e-01  9.547220987e-01
 9.178082192e-01  9.000710188e-01  9.523914989e-01
 9.197651663e-01  9.021283928e-01  9.499468115e-01
 9.217221135e-01  9.041911523e-01  9.473801440e-01
 9.236790607e-01  9.062596907e-01  9.446657821e-01
 9.256360078e-01  9.083343227e-01  9.418722889e-01
 9.275929550e-01  9.104151497e-01  9.390015568e-01
 9.295499022e-01  9.125024877e-01  9.359772120e-01
 9.315068493e-01  9.145967858e-01  9.328129194e-01
 9.334637965e-01  9.166983103e-01  9.296658136e-01
 9.354207436e-01  9.188068102e-01  9.264087407e-01
 9.373776908e-01  9.209231422e-01  9.229025044e-01
 9.393346380e-01  9.230476956e-01  9.192772994e-01
 9.412915851e-01  9.251807537e-01  9.157876169e-01
 9.432485323e-01  9.273215248e-01  9.121767591e-01
 9.452054795e-01  9.294715125e-01  9.081542422e-01
 9.471624266e-01  9.316312935e-01  9.039666718e-01
 9.491193738e-01  9.338012490e-01  8.998612156e-01
 9.510763209e-01  9.359807778e-01  8.960770174e-01
 9.530332681e-01  9.381690946e-01  8.918780663e-01
 9.549902153e-01  9.403692151e-01  8.869645428e-01
 9.569471624e-01  9.425818496e-01  8.818613538e-01
 9.589041096e-01  9.448075111e-01  8.766514556e-01
 9.608610568e-01  9.470465252e-01  8.812979087e-01
 9.628180039e-01  9.492491640e-01  8.910978266e-01
 9.647749511e-01  9.514388182e-01  8.865627545e-01
 9.667318982e-01  9.536644336e-01  8.703428261e-01
 9.686888454e-01  9.559367447e-01  8.511500988e-01
 9.706457926e-01  9.582641111e-01  8.302101674e-01
 9.726027397e-01  9.606526743e-01  8.085484377e-01
 9.745596869e-01  9.631065136e-01  7.869815664e-01
 9.765166341e-01  9.656278014e-01  7.661320993e-01
 9.784735812e-01  9.682169576e-01  7.464553224e-01
 9.804305284e-01  9.708728039e-01  7.282703180e-01
 9.823874755e-01  9.735927173e-01  7.117902309e-01
 9.843444227e-01  9.763727821e-01  6.971491120e-01
 9.863013699e-01  9.792079407e-01  6.844243441e-01
 9.882583170e-01  9.820921432e-01  6.736545984e-01
 9.902152642e-01  9.850184944e-01  6.648537694e-01
 9.921722114e-01  9.879793986e-01  6.580215015e-01
 9.941291585e-01  9.909667020e-01  6.531509814e-01
 9.960861057e-01  9.939718318e-01  6.502345483e-01
 9.980430528e-01  9.969859326e-01  6.492676002e-01
 1.000000000e+00  1.000000000e+00  6.492748154e-01
4  3.755882646e-01  6.856019865e-01  1.010095448e+00  7.466138399e-01  9.583279632e-01  6.315521550e+01  4.647918264e-01  9.931286386e-01  3.157115532e-01  2.649542645e+00
5  4.928013803e-01  9.466952856e-01  1.007081424e+00  6.124310351e-01  9.314658874e-01  3.745960443e+01  4.117306696e-01  1.040651437e+00  4.745627603e-01  2.772828274e+00
6  5.894520411e-01  1.087344463e+00  1.004798679e+00  5.223049671e-01  9.095802714e-01  2.715037474e+01  3.800703092e-01  1.112319249e+00  5.935519936e-01  2.757609449e+00
7  6.748695743e-01  1.191818188e+00  1.002944207e+00  4.575625877e-01  8.938572699e-01  2.156386705e+01  3.581017893e-01  1.190920347e+00  6.903949753e-01  2.701189549e+00
8  7.517208804e-01  1.292080472e+00  1.001417695e+00  4.088376860e-01  8.880266104e-01  1.828023082e+01  3.420940612e-01  1.275097372e+00  7.723657583e-01  2.628683900e+00
9  8.192968057e-01  1.483285649e+00  1.000254144e+00  3.705956918e-01  9.000357487e-01  1.667211402e+01  3.309644732e-01  1.379559460e+00  8.398228942e-01  2.543698237e+00
10  8.717172767e-01  2.000590879e+00  9.995166488e-01  3.392697686e-01  9.429373046e-01  1.675072955e+01  3.243748772e-01  1.524845012e+00  8.904655908e-01  2.434008908e+00
11  9.081888920e-01  2.738296309e+00  9.991256659e-01  3.127808704e-01  1.032193225e+00  1.879826294e+01  3.214369603e-01  1.751257382e+00  9.254990164e-01  2.304411816e+00
12  9.369045148e-01  2.295892044e+00  9.989667945e-01  2.904416251e-01  1.175459424e+00  2.299054119e+01  3.211906873e-01  2.086274891e+00  9.519033560e-01  2.178821317e+00
13  9.749977430e-01  3.921296754e+00  9.998092238e-01  2.734442285e-01  1.353289958e+00  2.821849387e+01  3.253392222e-01  2.423214320e+00  9.833812095e-01  2.094758081e+00
14  9.878523114e-01  7.940894108e+00  9.999108515e-01  2.560164383e-01  1.576155677e+00  3.659390222e+01  3.287358275e-01  3.554884565e+00  9.920885694e-01  1.970977850e+00
0 0 -1.256902794e-01 -5.831201663e-19
0 1  1.375579824e-02 -4.505709599e-03
0 2 -1.387567149e-02  5.148758977e-03
0 3  4.949984620e-03 -5.939919047e-03
0 4 -1.860654181e-03  5.763813348e-03
0 5 -2.320213748e-03 -4.066686167e-03
0 6  3.615383535e-03  3.013771436e-04
0 7 -1.102339569e-03  2.980267421e-03
0 8 -2.733250633e-03 -5.956209634e-04
0 9 -7.013230884e-04 -2.330617918e-03
0 10  9.595689374e-04 -1.989146408e-03
1 0 -1.094420214e-01 -3.584771728e-02
1 1 -9.722812112e-02 -5.036494607e-17
1 2  9.967647988e-03 -6.231099456e-03
1 3 -1.326069580e-02  7.457435146e-03
1 4  1.954489015e-03 -8.032684766e-03
1 5  1.545734622e-03  6.088505233e-03
1 6 -5.420807971e-03 -1.173291732e-03
1 7  1.787539983e-03 -3.900872655e-03
1 8  3.397032089e-03  1.311921147e-03
1 9  3.659791335e-04  3.240391569e-03
1 10 -1.769726000e-03  2.457958514e-03
2 0  1.103957407e-01  4.096385977e-02
2 1 -1.025181591e-01 -6.408742022e-02
2 2 -7.823959758e-02  4.571406321e-18
2 3  6.070502756e-03 -7.634688978e-03
2 4 -1.003569090e-02  8.831901809e-03
2 5 -2.666747934e-03 -7.907387336e-03
2 6  4.664763768e-03  2.667576597e-03
2 7 -3.902859598e-03  3.933716921e-03
2 8 -4.090431929e-03 -2.433586213e-03
2 9  7.579366740e-05 -3.764305883e-03
2 10  2.321357267e-03 -2.326721128e-03
3 0 -3.938239811e-02 -4.725838050e-02
3 1  1.363874530e-01  7.670039347e-02
3 2 -7.758862448e-02 -9.758088250e-02
3 3 -6.497929255e-02  3.003955368e-17
3 4  2.744121027e-03 -8.936591375e-03
3 5 -6.007021411e-03  9.206117678e-03
3 6 -7.199990111e-03 -5.213335064e-03
3 7  3.819331152e-03 -3.021435172e-03
3 8  2.152366799e-03  3.979189278e-03
3 9 -2.288579854e-03  3.801683700e-03
3 10 -3.938890828e-03  1.470317457e-03
4 0  1.480348512e-02  4.585727216e-02
4 1 -2.010209590e-02 -8.261688772e-02
4 2  1.282686928e-01  1.128827612e-01
4 3 -4.223070026e-02 -1.375298349e-01
4 4 -5.522696092e-02 -2.947989480e-17
4 5 -4.954379488e-04 -1.017318179e-02
4 6 -1.877691499e-03  8.123072530e-03
4 7 -9.533156242e-03  1.073553301e-04
4 8 -2.629143767e-03 -5.712573103e-03
4 9  2.646941778e-03 -2.801145404e-03
4 10  3.285922361e-03  4.269431563e-04
5 0  1.845977079e-02 -3.235481843e-02
5 1 -1.589802008e-02  6.262082577e-02
5 2  3.408437691e-02 -1.010663089e-01
5 3  9.244516484e-02  1.416777148e-01
5 4  8.970943548e-03 -1.842068007e-01
5 5 -4.756001427e-02  6.162805314e-17
5 6 -4.166451891e-03 -1.120164184e-02
5 7  1.501138265e-03  4.639120915e-03
5 8 -6.689799097e-03  5.400696565e-03
5 9 -7.182558056e-03 -4.140994931e-04
5 10 -4.843343997e-03 -3.404443498e-03
6 0 -2.876422547e-02  2.397776066e-03
6 1  5.575349918e-02 -1.206741135e-02
6 2 -5.962152046e-02  3.409496827e-02
6 3  1.108043783e-01 -8.023071443e-02
6 4  3.399954419e-02  1.470852713e-01
6 5  8.760409253e-02 -2.355264608e-01
6 6 -4.094765237e-02 -3.297475846e-17
6 7 -8.179444080e-03 -1.130482463e-02
6 8  2.130159892e-03 -1.275778020e-03
6 9 -1.982577581e-04  4.424201666e-03
6 10 -3.465907851e-03  4.646576116e-03
7 0  8.770284976e-03  2.371120055e-02
7 1 -1.838501004e-02 -4.012082728e-02
7 2  4.988343140e-02  5.027782660e-02
7 3 -5.877766596e-02 -4.649843131e-02
7 4  1.726177954e-01  1.943893495e-03
7 5 -3.156303227e-02  9.754246264e-02
7 6  1.997536759e-01 -2.760799210e-01
7 7 -3.485645704e-02 -5.239593182e-17
7 8 -1.108234750e-02 -9.443586112e-03
7 9 -6.628129166e-04 -5.179822320e-03
7 10  1.474225464e-03 -1.227262305e-03
8 0  2.174591900e-02 -4.738798947e-03
8 1 -3.493878159e-02  1.349322739e-02
8 2  5.228084059e-02 -3.110427825e-02
8 3 -3.312388785e-02  6.123780549e-02
8 4  4.760616416e-02 -1.034381217e-01
8 5  1.406601575e-01  1.135554025e-01
8 6 -5.202153893e-02 -3.115631657e-02
8 7  3.179424544e-01 -2.709278829e-01
8 8 -2.980313708e-02  6.981146917e-17
8 9 -1.002496935e-02 -5.517345870e-03
8 10 -4.729587006e-03 -6.086355517e-03
9 0  5.579771896e-03 -1.854254704e-02
9 1 -3.764128415e-03  3.332771971e-02
9 2 -9.687379504e-04 -4.811254147e-02
9 3  3.522014112e-02  5.850608018e-02
9 4 -4.792843448e-02 -5.072061467e-02
9 5  1.510209399e-01 -8.706883282e-03
9 6  4.841736867e-03  1.080453069e-01
9 7  1.901549879e-02 -1.486043838e-01
9 8  3.363729570e-01 -1.851263461e-01
9 9 -2.808703930e-02 -1.147630268e-16
9 10 -1.493837769e-02 -4.926584157e-03
10 0 -7.634392590e-03 -1.582577760e-02
10 1  1.820179162e-02  2.528032513e-02
10 2 -2.966985182e-02 -2.973840868e-02
10 3  6.061763176e-02  2.262747715e-02
10 4 -5.949851859e-02  7.730701621e-03
10 5  1.018364706e-01 -7.158205376e-02
10 6  8.464240683e-02  1.134760077e-01
10 7 -4.229418561e-02 -3.520903757e-02
10 8  1.586942675e-01 -2.042186197e-01
10 9  5.318601770e-01 -1.754041822e-01
10 10 -1.996887479e-02  1.126923832e-16
0 0 -8.262250256e+00  2.642553656e-15
0 1 -8.736874298e-01  3.865793414e-01
0 2  1.164576663e+00 -3.590839332e-01
0 3 -2.574987320e-01  2.917124160e-01
0 4  9.968317649e-02 -2.410398159e-01
0 5  7.607525092e-02  1.524447522e-01
0 6 -1.208573468e-01 -1.875835886e-02
0 7  3.708690024e-02 -9.404232211e-02
0 8  7.478964682e-02  2.072354467e-02
0 9  3.583828641e-02  6.743736651e-02
0 10 -7.416070047e-02  5.216076613e-02
1 0 -8.736874298e-01 -3.865793414e-01
1 1 -1.087619135e+01  5.031094367e-15
1 2 -8.829174056e-01  8.677606344e-01
1 3  1.838747464e+00 -8.635743156e-01
1 4 -1.793594606e-01  6.365793499e-01
1 5 -6.020599991e-02 -4.154257659e-01
1 6  3.072871764e-01  9.287600794e-02
1 7 -1.058577374e-01  2.036385972e-01
1 8 -1.512686535e-01 -7.143502480e-02
1 9 -4.803216677e-02 -1.467000975e-01
1 10  1.709033745e-01 -7.858074371e-02
2 0  1.164576663e+00  3.590839332e-01
2 1 -8.829174056e-01 -8.677606344e-01
2 2 -1.365821546e+01 -7.329140778e-15
2 3 -6.134077676e-01  1.591065549e+00
2 4  2.171036183e+00 -1.569039230e+00
2 5  2.712147972e-01  9.445357515e-01
2 6 -4.242676022e-01 -3.291560275e-01
2 7  3.510886141e-01 -3.191039046e-01
2 8  2.673372560e-01  2.066434946e-01
2 9  2.293443778e-02  2.652716238e-01
2 10 -2.956361062e-01  6.128547427e-02
3 0 -2.574987320e-01 -2.917124160e-01
3 1  1.838747464e+00  8.635743156e-01
3 2 -6.134077676e-01 -1.591065549e+00
3 3 -1.663474796e+01  6.668109034e-15
3 4 -1.517034745e-02  2.626053025e+00
3 5  2.053643903e+00 -2.396579585e+00
3 6  1.170944835e+00  9.580431310e-01
3 7 -5.881885053e-01  3.315455579e-01
3 8 -1.811021782e-01 -5.242253096e-01
3 9  1.760364655e-01 -3.961990495e-01
3 10  5.241202103e-01  8.016949976e-02
4 0  9.968317649e-02  2.410398159e-01
4 1 -1.793594606e-01 -6.365793499e-01
4 2  2.171036183e+00  1.569039230e+00
4 3 -1.517034745e-02 -2.626053025e+00
4 4 -1.997042777e+01 -9.366600205e-15
4 5  1.142800539e+00  4.050354263e+00
4 6  1.386202045e+00 -3.215149802e+00
4 7  2.297145046e+00  1.045572505e-01
4 8  2.271617332e-01  1.006887542e+00
4 9 -4.292101400e-01  4.172306140e-01
4 10 -4.943282998e-01 -5.831750280e-01
5 0  7.607525092e-02 -1.524447522e-01
5 1 -6.020599991e-02  4.154257659e-01
5 2  2.712147972e-01 -9.445357515e-01
5 3  2.053643903e+00  2.396579585e+00
5 4  1.142800539e+00 -4.050354263e+00
5 5 -2.399047596e+01 -8.042093153e-15
5 6  3.331977230e+00  6.103152038e+00
5 7  2.726988881e-02 -3.321194912e+00
5 8  2.577008280e+00 -1.672395883e+00
5 9  1.541006317e+00  8.975413278e-02
5 10  4.354603822e-01  1.141641757e+00
6 0 -1.208573468e-01  1.875835886e-02
6 1  3.072871764e-01 -9.287600794e-02
6 2 -4.242676022e-01  3.291560275e-01
6 3  1.170944835e+00 -9.580431310e-01
6 4  1.386202045e+00  3.215149802e+00
6 5  3.331977230e+00 -6.103152038e+00
6 6 -2.880436564e+01  5.649799177e-14
6 7  7.138405897e+00  8.399437977e+00
6 8 -1.086710885e+00 -2.166003304e+00
6 9  2.301387434e-01 -2.067786027e+00
6 10  2.537876408e+00 -1.848088129e+00
7 0  3.708690024e-02  9.404232211e-02
7 1 -1.058577374e-01 -2.036385972e-01
7 2  3.510886141e-01  3.191039046e-01
7 3 -5.881885053e-01 -3.315455579e-01
7 4  2.297145046e+00 -1.045572505e-01
7 5  2.726988881e-02  3.321194912e+00
7 6  7.138405897e+00 -8.399437977e+00
7 7 -3.482403144e+01 -2.041794141e-14
7 8  1.129345025e+01  8.857203065e+00
7 9 -3.028647448e-01  1.536815818e+00
7 10 -8.800341547e-01 -3.272652745e+00
8 0  7.478964682e-02 -2.072354467e-02
8 1 -1.512686535e-01  7.143502480e-02
8 2  2.673372560e-01 -2.066434946e-01
8 3 -1.811021782e-01  5.242253096e-01
8 4  2.271617332e-01 -1.006887542e+00
8 5  2.577008280e+00  1.672395883e+00
8 6 -1.086710885e+00  2.166003304e+00
8 7  1.129345025e+01 -8.857203065e+00
8 8 -3.891915408e+01  4.154357956e-14
8 9  1.123877840e+01  5.453558923e+00
8 10  6.140968101e-01  2.341447155e+00
9 0  3.583828641e-02 -6.743736651e-02
9 1 -4.803216677e-02  1.467000975e-01
9 2  2.293443778e-02 -2.652716238e-01
9 3  1.760364655e-01  3.961990495e-01
9 4 -4.292101400e-01 -4.172306140e-01
9 5  1.541006317e+00 -8.975413278e-02
9 6  2.301387434e-01  2.067786027e+00
9 7 -3.028647448e-01 -1.536815818e+00
9 8  1.123877840e+01 -5.453558923e+00
9 9 -5.131014745e+01 -1.200897766e-13
9 10  2.663445900e+01  8.783879110e+00
10 0 -7.416070047e-02 -5.216076613e-02
10 1  1.709033745e-01  7.858074371e-02
10 2 -2.956361062e-01 -6.128547427e-02
10 3  5.241202103e-01 -8.016949976e-02
10 4 -4.943282998e-01  5.831750280e-01
10 5  4.354603822e-01 -1.141641757e+00
10 6  2.537876408e+00  1.848088129e+00
10 7 -8.800341547e-01  3.272652745e+00
10 8  6.140968101e-01 -2.341447155e+00
10 9  2.663445900e+01 -8.783879110e+00
10 10 -5.007793430e+01 -2.826099026e-13
0  2.450478898e-02 -1.102143185e-03 -1.112827335e-01 -1.165255358e-02
1  3.996367943e-02 -1.176461857e-03  1.404952835e-01  3.800566767e-02
2  5.504208433e-02 -2.501276505e-03 -1.426722255e-01 -7.911628243e-02
3  7.755423008e-02 -2.767978106e-03  1.125510044e-01  1.331341076e-01
4  1.059890627e-01 -5.673274767e-03 -3.182278275e-02 -1.790185102e-01
5  1.405341837e-01 -6.797603903e-03 -9.873295075e-02  1.570699529e-01
6  1.747924165e-01 -9.825128190e-03  1.846570715e-01 -1.658039700e-03
7  1.989227295e-01 -1.247237095e-02 -4.651106675e-02 -1.738349709e-01
8  2.178772563e-01 -1.363820993e-02 -1.719204751e-01  2.458368082e-02
9  2.516778709e-01 -1.671779790e-02 -5.773082292e-02  1.558600224e-01
10  2.492484892e-01 -1.690117252e-02  5.907515519e-02  1.447791161e-01
