 1.695500020e+00 -1.839782070e+00  8.575605915e-01  3.992321976e+00  9.325568775e-01  1.005715300e+00  7.596924700e+00 512 3 11
 0.000000000e+00  0.000000000e+00 -8.788978390e-05
 1.956947162e-03  2.852720011e-02  1.372865742e-01
 3.913894325e-03  4.033598926e-02  1.942197429e-01
 5.870841487e-03  4.939266793e-02  2.379703959e-01
 7.827788650e-03  5.702450896e-02  2.748886569e-01
 9.784735812e-03  6.374583302e-02  3.074340225e-01
 1.174168297e-02  6.982053685e-02  3.368656794e-01
 1.369863014e-02  7.540546784e-02  3.639300846e-01
 1.565557730e-02  8.060287868e-02  3.891124461e-01
 1.761252446e-02  8.548383824e-02  4.127489080e-01
 1.956947162e-02  9.010012592e-02  4.350835187e-01
 2.152641879e-02  9.449085895e-02  4.562999543e-01
 2.348336595e-02  9.868645067e-02  4.765404535e-01
 2.544031311e-02  1.027111067e-01  4.959105063e-01
 2.739726027e-02  1.065845766e-01  5.144761998e-01
 2.935420744e-02  1.103234008e-01  5.323719158e-01
 3.131115460e-02  1.139404144e-01  5.496969987e-01
 3.326810176e-02  1.174469225e-01  5.664727402e-01
 3.522504892e-02  1.208525928e-01  5.827462414e-01
 3.718199609e-02  1.241657617e-01  5.985563027e-01
 3.913894325e-02  1.273937041e-01  6.139363877e-01
 4.109589041e-02  1.305427927e-01  6.289171729e-01
 4.305283757e-02  1.336186537e-01  6.435257581e-01
 4.500978474e-02  1.366262777e-01  6.577871392e-01
 4.696673190e-02  1.395701134e-01  6.717238038e-01
 4.892367906e-02  1.424541472e-01  6.853535446e-01
 5.088062622e-02  1.452819859e-01  6.986895125e-01
 5.283757339e-02  1.480569114e-01  7.117444694e-01
 5.479452055e-02  1.507819085e-01  7.245366373e-01
 5.675146771e-02  1.534596648e-01  7.370839524e-01
 5.870841487e-02  1.560926347e-01  7.493971618e-01
 6.066536204e-02  1.586830809e-01  7.614818248e-01
 6.262230920e-02  1.612331097e-01  7.733450478e-01
 6.457925636e-02  1.637446595e-01  7.849988113e-01
 6.653620352e-02  1.662195101e-01  7.964532161e-01
 6.849315068e-02  1.686593140e-01  8.077149309e-01
 7.045009785e-02  1.710656116e-01  8.187910521e-01
 7.240704501e-02  1.734398337e-01  8.296864373e-01
 7.436399217e-02  1.757833293e-01  8.404041933e-01
 7.632093933e-02  1.780973634e-01  8.509547651e-01
 7.827788650e-02  1.803830928e-01  8.613482280e-01
 8.023483366e-02  1.826416058e-01  8.715824484e-01
 8.219178082e-02  1.848739588e-01  8.816580495e-01
 8.414872798e-02  1.870811344e-01  8.915848472e-01
 8.610567515e-02  1.892640441e-01  9.013683738e-01
 8.806262231e-02  1.914235561e-01  9.110104643e-01
 9.001956947e-02  1.935604935e-01  9.205150124e-01
 9.197651663e-02  1.956756324e-01  9.298849148e-01
 9.393346380e-02  1.977697136e-01  9.391192438e-01
 9.589041096e-02  1.998434533e-01  9.482234861e-01
 9.784735812e-02  2.018975088e-01  9.572057157e-01
 9.980430528e-02  2.039325057e-01  9.660669528e-01
 1.017612524e-01  2.059490466e-01  9.748045871e-01
 1.037181996e-01  2.079477200e-01  9.834190107e-01
 1.056751468e-01  2.099290819e-01  9.919174503e-01
 1.076320939e-01  2.118936493e-01  1.000305026e+00
 1.095890411e-01  2.138419185e-01  1.008580900e+00
 1.115459883e-01  2.157743735e-01  1.016743717e+00
 1.135029354e-01  2.176914813e-01  1.024797183e+00
 1.154598826e-01  2.195936791e-01  1.032742062e+00
 1.174168297e-01  2.214814001e-01  1.040579545e+00
 1.193737769e-01  2.233550484e-01  1.048315856e+00
 1.213307241e-01  2.252150072e-01  1.055952015e+00
 1.232876712e-01  2.270616518e-01  1.063484046e+00
 1.252446184e-01  2.288953550e-01  1.070910905e+00
 1.272015656e-01  2.307164723e-01  1.078238991e+00
 1.291585127e-01  2.325253327e-01  1.085473628e+00
 1.311154599e-01  2.343222533e-01  1.092612320e+00
 1.330724070e-01  2.361075518e-01  1.099652701e+00
 1.350293542e-01  2.378815347e-01  1.106596775e+00
 1.369863014e-01  2.396444954e-01  1.113446216e+00
 1.389432485e-01  2.413967179e-01  1.120202909e+00
 1.409001957e-01  2.431384736e-01  1.126868877e+00
 1.428571429e-01  2.448700251e-01  1.133445541e+00
 1.448140900e-01  2.465916253e-01  1.139931275e+00
 1.467710372e-01  2.483035276e-01  1.146321906e+00
 1.487279843e-01  2.500059840e-01  1.152621797e+00
 1.506849315e-01  2.516992225e-01  1.158838929e+00
 1.526418787e-01  2.533834594e-01  1.164970281e+00
 1.545988258e-01  2.550589200e-01  1.171010502e+00
 1.565557730e-01  2.567258253e-01  1.176962479e+00
 1.585127202e-01  2.583843817e-01  1.182829867e+00
 1.604696673e-01  2.600347896e-01  1.188611527e+00
 1.624266145e-01  2.616772489e-01  1.194308244e+00
 1.643835616e-01  2.633119488e-01  1.199921078e+00
 1.663405088e-01  2.649390772e-01  1.205452390e+00
 1.682974560e-01  2.665588086e-01  1.210897516e+00
 1.702544031e-01  2.681713352e-01  1.216254136e+00
 1.722113503e-01  2.697768299e-01  1.221532175e+00
 1.741682975e-01  2.713754509e-01  1.226733025e+00
 1.761252446e-01  2.729673603e-01  1.231849839e+00
 1.780821918e-01  2.745527274e-01  1.236881688e+00
 1.800391389e-01  2.761317100e-01  1.241832047e+00
 1.819960861e-01  2.777044619e-01  1.246703654e+00
 1.839530333e-01  2.792711278e-01  1.251496623e+00
 1.859099804e-01  2.808318555e-01  1.256207876e+00
 1.878669276e-01  2.823867916e-01  1.260840304e+00
 1.898238748e-01  2.839360712e-01  1.265394312e+00
 1.917808219e-01  2.854798348e-01  1.269865924e+00
 1.937377691e-01  2.870182219e-01  1.274259444e+00
 1.956947162e-01  2.885513578e-01  1.278578628e+00
 1.976516634e-01  2.900793682e-01  1.282819218e+00
 1.996086106e-01  2.916023842e-01  1.286979967e+00
 2.015655577e-01  2.931205301e-01  1.291063036e+00
 2.035225049e-01  2.946339275e-01  1.295070127e+00
 2.054794521e-01  2.961426929e-01  1.299002558e+00
 2.074363992e-01  2.976469408e-01  1.302856327e+00
 2.093933464e-01  2.991467932e-01  1.306632635e+00
 2.113502935e-01  3.006423583e-01  1.310337589e+00
 2.133072407e-01  3.021337407e-01  1.313965891e+00
 2.152641879e-01  3.036210574e-01  1.317514977e+00
 2.172211350e-01  3.051044153e-01  1.320991780e+00
 2.191780822e-01  3.065839128e-01  1.324396467e+00
 2.211350294e-01  3.080596535e-01  1.327726090e+00
 2.230919765e-01  3.095317394e-01  1.330980032e+00
 2.250489237e-01  3.110002729e-01  1.334159043e+00
 2.270058708e-01  3.124653516e-01  1.337268418e+00
 2.289628180e-01  3.139270635e-01  1.340306579e+00
 2.309197652e-01  3.153855074e-01  1.343267069e+00
 2.328767123e-01  3.168407831e-01  1.346155127e+00
 2.348336595e-01  3.182929756e-01  1.348975761e+00
 2.367906067e-01  3.197421716e-01  1.351724232e+00
 2.387475538e-01  3.211884642e-01  1.354400399e+00
 2.407045010e-01  3.226319387e-01  1.357004724e+00
 2.426614481e-01  3.240726851e-01  1.359537824e+00
 2.446183953e-01  3.255107854e-01  1.362003189e+00
 2.465753425e-01  3.269463205e-01  1.364398638e+00
 2.485322896e-01  3.283793753e-01  1.366724511e+00
 2.504892368e-01  3.298100284e-01  1.368983328e+00
 2.524461840e-01  3.312383579e-01  1.371170337e+00
 2.544031311e-01  3.326644507e-01  1.373286223e+00
 2.563600783e-01  3.340883820e-01  1.375339475e+00
 2.583170254e-01  3.355102198e-01  1.377328640e+00
 2.602739726e-01  3.369300409e-01  1.379247945e+00
 2.622309198e-01  3.383479242e-01  1.381097635e+00
 2.641878669e-01  3.397639446e-01  1.382880452e+00
 2.661448141e-01  3.411781742e-01  1.384600943e+00
 2.681017613e-01  3.425906777e-01  1.386258712e+00
 2.700587084e-01  3.440015267e-01  1.387849330e+00
 2.720156556e-01  3.454107942e-01  1.389376009e+00
 2.739726027e-01  3.468185443e-01  1.390840382e+00
 2.759295499e-01  3.482248456e-01  1.392238482e+00
 2.778864971e-01  3.496297697e-01  1.393572869e+00
 2.798434442e-01  3.510333791e-01  1.394849226e+00
 2.818003914e-01  3.524357331e-01  1.396066742e+00
 2.837573386e-01  3.538368953e-01  1.397221633e+00
 2.857142857e-01  3.552369319e-01  1.398311715e+00
 2.876712329e-01  3.566359103e-01  1.399340187e+00
 2.896281800e-01  3.580338896e-01  1.400313986e+00
 2.915851272e-01  3.594309229e-01  1.401231946e+00
 2.935420744e-01  3.608270711e-01  1.402090618e+00
 2.954990215e-01  3.622223937e-01  1.402890798e+00
 2.974559687e-01  3.636169496e-01  1.403631761e+00
 2.994129159e-01  3.650107994e-01  1.404314341e+00
 3.013698630e-01  3.664039999e-01  1.404943987e+00
 3.033268102e-01  3.677966006e-01  1.405523483e+00
 3.052837573e-01  3.691886526e-01  1.406050099e+00
 3.072407045e-01  3.705802102e-01  1.406517619e+00
 3.091976517e-01  3.719713369e-01  1.406926019e+00
 3.111545988e-01  3.733620868e-01  1.407284129e+00
 3.131115460e-01  3.747525055e-01  1.407597696e+00
 3.150684932e-01  3.761426358e-01  1.407861992e+00
 3.170254403e-01  3.775325325e-01  1.408070667e+00
 3.189823875e-01  3.789222508e-01  1.408224585e+00
 3.209393346e-01  3.803118437e-01  1.408328887e+00
 3.228962818e-01  3.817013561e-01  1.408386717e+00
 3.248532290e-01  3.830908349e-01  1.408399292e+00
 3.268101761e-01  3.844803226e-01  1.408365735e+00
 3.287671233e-01  3.858698675e-01  1.408282122e+00
 3.307240705e-01  3.872595202e-01  1.408146695e+00
 3.326810176e-01  3.886493325e-01  1.407963323e+00
 3.346379648e-01  3.900393471e-01  1.407738892e+00
 3.365949119e-01  3.914296026e-01  1.407475227e+00
 3.385518591e-01  3.928201381e-01  1.407166174e+00
 3.405088063e-01  3.942110043e-01  1.406806073e+00
 3.424657534e-01  3.956022518e-01  1.406399728e+00
 3.444227006e-01  3.969939219e-01  1.405954220e+00
 3.463796477e-01  3.983860512e-01  1.405469771e+00
 3.483365949e-01  3.997786809e-01  1.404944916e+00
 3.502935421e-01  4.011718506e-01  1.404377200e+00
 3.522504892e-01  4.025656064e-01  1.403765393e+00
 3.542074364e-01  4.039599908e-01  1.403112052e+00
 3.561643836e-01  4.053550449e-01  1.402419475e+00
 3.581213307e-01  4.067508068e-01  1.401691622e+00
 3.600782779e-01  4.081473102e-01  1.400929504e+00
 3.620352250e-01  4.095445912e-01  1.400125757e+00
 3.639921722e-01  4.109426984e-01  1.399278503e+00
 3.659491194e-01  4.123416720e-01  1.398394495e+00
 3.679060665e-01  4.137415475e-01  1.397477835e+00
 3.698630137e-01  4.151423570e-01  1.396529961e+00
 3.718199609e-01  4.165441334e-01  1.395546015e+00
 3.737769080e-01  4.179469190e-01  1.394522097e+00
 3.757338552e-01  4.193507547e-01  1.393462559e+00
 3.776908023e-01  4.207556744e-01  1.392370889e+00
 3.796477495e-01  4.221617123e-01  1.391247849e+00
 3.816046967e-01  4.235689012e-01  1.390095140e+00
 3.835616438e-01  4.249772719e-01  1.388909827e+00
 3.855185910e-01  4.263868637e-01  1.387689284e+00
 3.874755382e-01  4.277977130e-01  1.386435463e+00
 3.894324853e-01  4.292098555e-01  1.385151945e+00
 3.913894325e-01  4.306233207e-01  1.383843232e+00
 3.933463796e-01  4.320381354e-01  1.382507631e+00
 3.953033268e-01  4.334543331e-01  1.381138907e+00
 3.972602740e-01  4.348719535e-01  1.379737711e+00
 3.992172211e-01  4.362910291e-01  1.378309534e+00
 4.011741683e-01  4.377115888e-01  1.376857576e+00
 4.031311155e-01  4.391336590e-01  1.375381299e+00
 4.050880626e-01  4.405572699e-01  1.373877105e+00
 4.070450098e-01  4.419824558e-01  1.372344353e+00
 4.090019569e-01  4.434092486e-01  1.370785939e+00
 4.109589041e-01  4.448376769e-01  1.369203471e+00
 4.129158513e-01  4.462677697e-01  1.367598472e+00
 4.148727984e-01  4.476995527e-01  1.365971373e+00
 4.168297456e-01  4.491330546e-01  1.364320343e+00
 4.187866928e-01  4.505683051e-01  1.362644463e+00
 4.207436399e-01  4.520053352e-01  1.360945103e+00
 4.227005871e-01  4.534441723e-01  1.359225986e+00
 4.246575342e-01  4.548848398e-01  1.357488378e+00
 4.266144814e-01  4.563273628e-01  1.355730173e+00
 4.285714286e-01  4.577717695e-01  1.353949575e+00
 4.305283757e-01  4.592180892e-01  1.352147902e+00
 4.324853229e-01  4.606663477e-01  1.350328790e+00
 4.344422701e-01  4.621165669e-01  1.348493085e+00
 4.363992172e-01  4.635687712e-01  1.346638570e+00
 4.383561644e-01  4.650229875e-01  1.344765807e+00
 4.403131115e-01  4.664792394e-01  1.342876079e+00
 4.422700587e-01  4.679375515e-01  1.340970072e+00
 4.442270059e-01  4.693979461e-01  1.339048502e+00
 4.461839530e-01  4.708604466e-01  1.337110845e+00
 4.481409002e-01  4.723250770e-01  1.335158495e+00
 4.500978474e-01  4.737918578e-01  1.333192869e+00
 4.520547945e-01  4.752608102e-01  1.331212580e+00
 4.540117417e-01  4.767319582e-01  1.329218123e+00
 4.559686888e-01  4.782053222e-01  1.327210867e+00
 4.579256360e-01  4.796809236e-01  1.325191364e+00
 4.598825832e-01  4.811587816e-01  1.323160701e+00
 4.618395303e-01  4.826389157e-01  1.321118419e+00
 4.637964775e-01  4.841213465e-01  1.319064903e+00
 4.657534247e-01  4.856060928e-01  1.317000989e+00
 4.677103718e-01  4.870931736e-01  1.314926593e+00
 4.696673190e-01  4.885826081e-01  1.312842495e+00
 4.716242661e-01  4.900744141e-01  1.310750274e+00
 4.735812133e-01  4.915686074e-01  1.308650438e+00
 4.755381605e-01  4.930652047e-01  1.306542321e+00
 4.774951076e-01  4.945642237e-01  1.304425131e+00
 4.794520548e-01  4.960656831e-01  1.302300166e+00
 4.814090020e-01  4.975695980e-01  1.300170007e+00
 4.833659491e-01  4.990759815e-01  1.298035352e+00
 4.853228963e-01  5.005848469e-01  1.295894768e+00
 4.872798434e-01  5.020962110e-01  1.293747095e+00
 4.892367906e-01  5.036100902e-01  1.291594072e+00
 4.911937378e-01  5.051264973e-01  1.289438030e+00
 4.931506849e-01  5.066454434e-01  1.287279616e+00
 4.951076321e-01  5.081669399e-01  1.285117826e+00
 4.970645793e-01  5.096910006e-01  1.282951898e+00
 4.990215264e-01  5.112176388e-01  1.280783022e+00
 5.009784736e-01  5.127468655e-01  1.278612847e+00
 5.029354207e-01  5.142786904e-01  1.276441972e+00
 5.048923679e-01  5.158131232e-01  1.274270303e+00
 5.068493151e-01  5.173501738e-01  1.272097587e+00
 5.088062622e-01  5.188898526e-01  1.269924481e+00
 5.107632094e-01  5.204321681e-01  1.267751720e+00
 5.127201566e-01  5.219771291e-01  1.265579837e+00
 5.146771037e-01  5.235247427e-01  1.263409637e+00
 5.166340509e-01  5.250750159e-01  1.261241071e+00
 5.185909980e-01  5.266279561e-01  1.259074419e+00
 5.205479452e-01  5.281835694e-01  1.256910181e+00
 5.225048924e-01  5.297418620e-01  1.254748886e+00
 5.244618395e-01  5.313028390e-01  1.252591220e+00
 5.264187867e-01  5.328665048e-01  1.250437335e+00
 5.283757339e-01  5.344328640e-01  1.248287369e+00
 5.303326810e-01  5.360019208e-01  1.246141798e+00
 5.322896282e-01  5.375736784e-01  1.244001314e+00
 5.342465753e-01  5.391481394e-01  1.241866210e+00
 5.362035225e-01  5.407253062e-01  1.239736485e+00
 5.381604697e-01  5.423051813e-01  1.237612256e+00
 5.401174168e-01  5.438877669e-01  1.235494093e+00
 5.420743640e-01  5.454730638e-01  1.233382715e+00
 5.440313112e-01  5.470610723e-01  1.231278316e+00
 5.459882583e-01  5.486517927e-01  1.229180727e+00
 5.479452055e-01  5.502452257e-01  1.227089935e+00
 5.499021526e-01  5.518413715e-01  1.225006496e+00
 5.518590998e-01  5.534402292e-01  1.222931093e+00
 5.538160470e-01  5.550417971e-01  1.220863903e+00
 5.557729941e-01  5.566460737e-01  1.218804734e+00
 5.577299413e-01  5.582530579e-01  1.216753609e+00
 5.596868885e-01  5.598627479e-01  1.214710794e+00
 5.616438356e-01  5.614751416e-01  1.212676831e+00
 5.636007828e-01  5.630902358e-01  1.210652052e+00
 5.655577299e-01  5.647080273e-01  1.208636246e+00
 5.675146771e-01  5.663285134e-01  1.206629417e+00
 5.694716243e-01  5.679516908e-01  1.204631756e+00
 5.714285714e-01  5.695775558e-01  1.202643481e+00
 5.733855186e-01  5.712061046e-01  1.200664957e+00
 5.753424658e-01  5.728373325e-01  1.198696204e+00
 5.772994129e-01  5.744712352e-01  1.196737113e+00
 5.792563601e-01  5.761078081e-01  1.194787739e+00
 5.812133072e-01  5.777470468e-01  1.192848227e+00
 5.831702544e-01  5.793889460e-01  1.190918750e+00
 5.851272016e-01  5.810335005e-01  1.188999459e+00
 5.870841487e-01  5.826807048e-01  1.187090372e+00
 5.890410959e-01  5.843305531e-01  1.185191387e+00
 5.909980431e-01  5.859830400e-01  1.183302592e+00
 5.929549902e-01  5.876381596e-01  1.181423893e+00
 5.949119374e-01  5.892959062e-01  1.179555386e+00
 5.968688845e-01  5.909562735e-01  1.177697379e+00
 5.988258317e-01  5.926192550e-01  1.175849813e+00
 6.007827789e-01  5.942848442e-01  1.174012610e+00
 6.027397260e-01  5.959530344e-01  1.172185574e+00
 6.046966732e-01  5.976238198e-01  1.170368500e+00
 6.066536204e-01  5.992971940e-01  1.168561676e+00
 6.086105675e-01  6.009731500e-01  1.166765489e+00
 6.105675147e-01  6.026516804e-01  1.164979837e+00
 6.125244618e-01  6.043327780e-01  1.163204263e+00
 6.144814090e-01  6.060164367e-01  1.161438480e+00
 6.164383562e-01  6.077026499e-01  1.159682516e+00
 6.183953033e-01  6.093914110e-01  1.157936861e+00
 6.203522505e-01  6.110827122e-01  1.156201718e+00
 6.223091977e-01  6.127765459e-01  1.154476556e+00
 6.242661448e-01  6.144729055e-01  1.152760988e+00
 6.262230920e-01  6.161717845e-01  1.151054986e+00
 6.281800391e-01  6.178731762e-01  1.149358661e+00
 6.301369863e-01  6.195770736e-01  1.147672272e+00
 6.320939335e-01  6.212834691e-01  1.145995701e+00
 6.340508806e-01  6.229923556e-01  1.144328456e+00
 6.360078278e-01  6.247037270e-01  1.142670442e+00
 6.379647750e-01  6.264175763e-01  1.141021635e+00
 6.399217221e-01  6.281338971e-01  1.139381841e+00
 6.418786693e-01  6.298526832e-01  1.137751055e+00
 6.438356164e-01  6.315739276e-01  1.136129142e+00
 6.457925636e-01  6.332976245e-01  1.134515865e+00
 6.477495108e-01  6.350237677e-01  1.132911033e+00
 6.497064579e-01  6.367523514e-01  1.131314358e+00
 6.516634051e-01  6.384833704e-01  1.129725655e+00
 6.536203523e-01  6.402168193e-01  1.128144763e+00
 6.555772994e-01  6.419526930e-01  1.126571533e+00
 6.575342466e-01  6.436909867e-01  1.125005712e+00
 6.594911937e-01  6.454316959e-01  1.123447033e+00
 6.614481409e-01  6.471748163e-01  1.121895311e+00
 6.634050881e-01  6.489203441e-01  1.120350228e+00
 6.653620352e-01  6.506682757e-01  1.118811319e+00
 6.673189824e-01  6.524186087e-01  1.117278443e+00
 6.692759295e-01  6.541713398e-01  1.115751561e+00
 6.712328767e-01  6.559264666e-01  1.114230372e+00
 6.731898239e-01  6.576839868e-01  1.112714441e+00
 6.751467710e-01  6.594438991e-01  1.111203274e+00
 6.771037182e-01  6.612062028e-01  1.109696467e+00
 6.790606654e-01  6.629708977e-01  1.108193911e+00
 6.810176125e-01  6.647379835e-01  1.106695409e+00
 6.829745597e-01  6.665074606e-01  1.105200408e+00
 6.849315068e-01  6.682793303e-01  1.103708607e+00
 6.868884540e-01  6.700535940e-01  1.102219796e+00
 6.888454012e-01  6.718302535e-01  1.100733358e+00
 6.908023483e-01  6.736093124e-01  1.099248627e+00
 6.927592955e-01  6.753907746e-01  1.097765179e+00
 6.947162427e-01  6.771746449e-01  1.096282942e+00
 6.966731898e-01  6.789609277e-01  1.094802148e+00
 6.986301370e-01  6.807496269e-01  1.093322017e+00
 7.005870841e-01  6.825407494e-01  1.091841236e+00
 7.025440313e-01  6.843343036e-01  1.090359510e+00
 7.045009785e-01  6.861302975e-01  1.088876825e+00
 7.064579256e-01  6.879287395e-01  1.087393055e+00
 7.084148728e-01  6.897296381e-01  1.085907796e+00
 7.103718200e-01  6.915330032e-01  1.084419930e+00
 7.123287671e-01  6.933388470e-01  1.082928729e+00
 7.142857143e-01  6.951471820e-01  1.081434577e+00
 7.162426614e-01  6.969580193e-01  1.079937345e+00
 7.181996086e-01  6.987713719e-01  1.078435537e+00
 7.201565558e-01  7.005872563e-01  1.076928313e+00
 7.221135029e-01  7.024056883e-01  1.075416152e+00
 7.240704501e-01  7.042266829e-01  1.073898979e+00
 7.260273973e-01  7.060502567e-01  1.072375694e+00
 7.279843444e-01  7.078764283e-01  1.070845305e+00
 7.299412916e-01  7.097052181e-01  1.069307367e+00
 7.318982387e-01  7.115366466e-01  1.067761834e+00
 7.338551859e-01  7.133707345e-01  1.066209309e+00
 7.358121331e-01  7.152075004e-01  1.064648269e+00
 7.377690802e-01  7.170469707e-01  1.063076399e+00
 7.397260274e-01  7.188891725e-01  1.061494378e+00
 7.416829746e-01  7.207341299e-01  1.059903345e+00
 7.436399217e-01  7.225818665e-01  1.058302684e+00
 7.455968689e-01  7.244324091e-01  1.056690163e+00
 7.475538160e-01  7.262857894e-01  1.055064772e+00
 7.495107632e-01  7.281420382e-01  1.053427205e+00
 7.514677104e-01  7.300011853e-01  1.051777174e+00
 7.534246575e-01  7.318632629e-01  1.050113993e+00
 7.553816047e-01  7.337283038e-01  1.048436341e+00
 7.573385519e-01  7.355963454e-01  1.046743850e+00
 7.592954990e-01  7.374674225e-01  1.045037228e+00
 7.612524462e-01  7.393415705e-01  1.043315981e+00
 7.632093933e-01  7.412188264e-01  1.041578333e+00
 7.651663405e-01  7.430992329e-01  1.039821963e+00
 7.671232877e-01  7.449828361e-01  1.038046936e+00
 7.690802348e-01  7.468696791e-01  1.036255088e+00
 7.710371820e-01  7.487598021e-01  1.034446442e+00
 7.729941292e-01  7.506532490e-01  1.032618505e+00
 7.749510763e-01  7.525500698e-01  1.030769676e+00
 7.769080235e-01  7.544503152e-01  1.028900175e+00
 7.788649706e-01  7.563540354e-01  1.027011458e+00
 7.808219178e-01  7.582612765e-01  1.025101494e+00
 7.827788650e-01  7.601720975e-01  1.023166305e+00
 7.847358121e-01  7.620865603e-01  1.021206373e+00
 7.866927593e-01  7.640047231e-01  1.019223265e+00
 7.886497065e-01  7.659266432e-01  1.017217351e+00
 7.906066536e-01  7.678523786e-01  1.015185300e+00
 7.925636008e-01  7.697820007e-01  1.013124693e+00
 7.945205479e-01  7.717155779e-01  1.011036643e+00
 7.964774951e-01  7.736531786e-01  1.008919993e+00
 7.984344423e-01  7.755948776e-01  1.006774505e+00
 8.003913894e-01  7.775407456e-01  1.004602181e+00
 8.023483366e-01  7.794908512e-01  1.002406351e+00
 8.043052838e-01  7.814452538e-01  1.000192672e+00
 8.062622309e-01  7.834040012e-01  9.979665787e-01
 8.082191781e-01  7.853671328e-01  9.957395356e-01
 8.101761252e-01  7.873346517e-01  9.935263943e-01
 8.121330724e-01  7.893065389e-01  9.913373132e-01
 8.140900196e-01  7.912827566e-01  9.891819885e-01
 8.160469667e-01  7.932632460e-01  9.870840787e-01
 8.180039139e-01  7.952478726e-01  9.850745054e-01
 8.199608611e-01  7.972364501e-01  9.831779176e-01
 8.219178082e-01  7.992287402e-01  9.814031612e-01
 8.238747554e-01  8.012245158e-01  9.797556558e-01
 8.258317025e-01  8.032235112e-01  9.782530688e-01
 8.277886497e-01  8.052254218e-01  9.769380596e-01
 8.297455969e-01  8.072298013e-01  9.758311734e-01
 8.317025440e-01  8.092362553e-01  9.749038749e-01
 8.336594912e-01  8.112444492e-01  9.741534459e-01
 8.356164384e-01  8.132539953e-01  9.735926514e-01
 8.375733855e-01  8.152645029e-01  9.732292561e-01
 8.395303327e-01  8.172755497e-01  9.730401422e-01
 8.414872798e-01  8.192868389e-01  9.729905937e-01
 8.434442270e-01  8.212980905e-01  9.730787858e-01
 8.454011742e-01  8.233090151e-01  9.733116592e-01
 8.473581213e-01  8.253193045e-01  9.736986829e-01
 8.493150685e-01  8.273286311e-01  9.742217421e-01
 8.512720157e-01  8.293367626e-01  9.748549472e-01
 8.532289628e-01  8.313434800e-01  9.755849492e-01
 8.551859100e-01  8.333486076e-01  9.763935872e-01
 8.571428571e-01  8.353520026e-01  9.772707630e-01
 8.590998043e-01  8.373535325e-01  9.781842874e-01
 8.610567515e-01  8.393531873e-01  9.791056769e-01
 8.630136986e-01  8.413509519e-01  9.799991138e-01
 8.649706458e-01  8.433469622e-01  9.808367247e-01
 8.669275930e-01  8.453413161e-01  9.815950994e-01
 8.688845401e-01  8.473342430e-01  9.822514797e-01
 8.708414873e-01  8.493259322e-01  9.827985186e-01
 8.727984344e-01  8.513166410e-01  9.832255734e-01
 8.747553816e-01  8.533066002e-01  9.835003114e-01
 8.767123288e-01  8.552961968e-01  9.835996663e-01
 8.786692759e-01  8.572857540e-01  9.835285672e-01
 8.806262231e-01  8.592756383e-01  9.832853014e-01
 8.825831703e-01  8.612661801e-01  9.828906699e-01
 8.845401174e-01  8.632576628e-01  9.823770515e-01
 8.864970646e-01  8.652502868e-01  9.817042566e-01
 8.884540117e-01  8.672445006e-01  9.808293851e-01
 8.904109589e-01  8.692406814e-01  9.797796452e-01
 8.923679061e-01  8.712391712e-01  9.785728302e-01
 8.943248532e-01  8.732402791e-01  9.772227025e-01
 8.962818004e-01  8.752442955e-01  9.757360639e-01
 8.982387476e-01  8.772515066e-01  9.741504931e-01
 9.001956947e-01  8.792620523e-01  9.724164256e-01
 9.021526419e-01  8.812764297e-01  9.704764431e-01
 9.041095890e-01  8.832950228e-01  9.683721004e-01
 9.060665362e-01  8.853181656e-01  9.661272351e-01
 9.080234834e-01  8.873461512e-01  9.637791689e-01
 9.099804305e-01  8.893791647e-01  9.613156928e-01
 9.119373777e-01  8.914175588e-01  9.587012461e-01
 9.138943249e-01  8.934616771e-01  9.559774428e-01
 9.158512720e-01  8.955117042e-01  9.531375523e-01
 9.178082192e-01  8.975680232e-01  9.501566259e-01
 9.197651663e-01  8.996309349e-01  9.471012880e-01
 9.217221135e-01  9.017005431e-01  9.439468428e-01
 9.236790607e-01  9.037772673e-01  9.406451180e-01
 9.256360078e-01  9.058614315e-01  9.372843284e-01
 9.275929550e-01  9.079530753e-01  9.338602199e-01
 9.295499022e-01  9.100525530e-01  9.302603907e-01
 9.315068493e-01  9.121604193e-01  9.264973047e-01
 9.334637965e-01  9.142769879e-01  9.227816225e-01
 9.354207436e-01  9.164018609e-01  9.189322128e-01
 9.373776908e-01  9.185362063e-01  9.147514909e-01
 9.393346380e-01  9.206805498e-01  9.104146007e-01
 9.412915851e-01  9.228352807e-01  9.062686651e-01
 9.432485323e-01  9.249992806e-01  9.019543575e-01
 9.452054795e-01  9.271746892e-01  8.970655052e-01
 9.471624266e-01  9.293623466e-01  8.919411432e-01
 9.491193738e-01  9.315628276e-01  8.869727956e-01
 9.510763209e-01  9.337750521e-01  8.825434687e-01
 9.530332681e-01  9.359976655e-01  8.774039039e-01
 9.549902153e-01  9.382359289e-01  8.710395619e-01
 9.569471624e-01  9.404911536e-01  8.643235932e-01
 9.589041096e-01  9.427643458e-01  8.573858976e-01
 9.608610568e-01  9.450562222e-01  8.595456280e-01
 9.628180039e-01  9.473181844e-01  8.664421819e-01
 9.647749511e-01  9.495734441e-01  8.599509802e-01
 9.667318982e-01  9.518702418e-01  8.426863525e-01
 9.686888454e-01  9.542191579e-01  8.228366358e-01
 9.706457926e-01  9.566283564e-01  8.015686024e-01
 9.726027397e-01  9.591037454e-01  7.798422429e-01
 9.745596869e-01  9.616491363e-01  7.584101896e-01
 9.765166341e-01  9.642664026e-01  7.378371899e-01
 9.784735812e-01  9.669556382e-01  7.185292316e-01
 9.804305284e-01  9.697153149e-01  7.007651005e-01
 9.823874755e-01  9.725424395e-01  6.847260766e-01
 9.843444227e-01  9.754327096e-01  6.705216928e-01
 9.863013699e-01  9.783806677e-01  6.582108975e-01
 9.882583170e-01  9.813798539e-01  6.478187848e-01
 9.902152642e-01  9.844229560e-01  6.393494431e-01
 9.921722114e-01  9.875019575e-01  6.327955814e-01
 9.941291585e-01  9.906082822e-01  6.281455936e-01
 9.960861057e-01  9.937329366e-01  6.253886228e-01
 9.980430528e-01  9.968666479e-01  6.245180678e-01
 1.000000000e+00  1.000000000e+00  6.245896687e-01
4  3.747914789e-01  6.697280143e-01  1.009799216e+00  7.463622394e-01  9.599875776e-01  6.310435405e+01  4.636887135e-01  9.949031272e-01  3.131664051e-01  2.665558405e+00
5  4.918583712e-01  9.598338462e-01  1.006592787e+00  6.121432939e-01  9.330035998e-01  3.733532210e+01  4.102505264e-01  1.040622349e+00  4.739603538e-01  2.789634682e+00
6  5.865188873e-01  1.107221924e+00  1.004395809e+00  5.218878254e-01  9.110864713e-01  2.720388550e+01  3.792214217e-01  1.112346706e+00  5.916319490e-01  2.766044100e+00
7  6.701151052e-01  1.207824190e+00  1.002675385e+00  4.570677512e-01  8.949992874e-01  2.167726944e+01  3.578044880e-01  1.191450992e+00  6.869562513e-01  2.704177391e+00
8  7.452838726e-01  1.310704530e+00  1.001280082e+00  4.082818433e-01  8.883281988e-01  1.839874176e+01  3.422225603e-01  1.275771600e+00  7.674357347e-01  2.627911711e+00
9  8.117269037e-01  1.483198746e+00  1.000197391e+00  3.700220757e-01  8.982934488e-01  1.672554343e+01  3.312369940e-01  1.377250147e+00  8.341294379e-01  2.541420945e+00
10  8.640732509e-01  1.962527051e+00  9.994751049e-01  3.387707268e-01  9.365498643e-01  1.662658608e+01  3.244692754e-01  1.512038586e+00  8.853412385e-01  2.433021791e+00
11  9.013206626e-01  2.633298431e+00  9.990798370e-01  3.123813130e-01  1.017764994e+00  1.837046724e+01  3.212756124e-01  1.719522636e+00  9.213634137e-01  2.306270761e+00
12  9.336333540e-01  1.623387301e+00  9.989831399e-01  2.904704615e-01  1.146267809e+00  2.188812209e+01  3.209481613e-01  1.995787188e+00  9.509512475e-01  2.189660216e+00
13  9.716249585e-01  4.092109105e+00  9.998406527e-01  2.733432153e-01  1.315960013e+00  2.678671295e+01  3.248670701e-01  2.349882577e+00  9.817570258e-01  2.105278510e+00
14  9.848342635e-01  7.338022541e+00  9.999023082e-01  2.558417859e-01  1.535013965e+00  3.491074068e+01  3.278732658e-01  3.387872104e+00  9.904780262e-01  1.981600676e+00
0 0 -1.257372277e-01  1.743327186e-17
0 1  1.365970848e-02 -4.380331207e-03
0 2 -1.391257547e-02  5.017527190e-03
0 3  5.048916487e-03 -5.821884530e-03
0 4 -2.064854362e-03  5.715454813e-03
0 5 -2.085274310e-03 -4.190017769e-03
0 6  3.565896007e-03  6.491521830e-04
0 7 -1.516104859e-03  2.789370077e-03
0 8 -2.525229921e-03 -1.137111988e-03
0 9 -1.657734894e-05 -2.405956496e-03
0 10  1.579423352e-03 -1.505676252e-03
1 0 -1.086369465e-01 -3.483718614e-02
1 1 -9.730481579e-02 -5.939653381e-18
1 2  1.005862313e-02 -6.131023949e-03
1 3 -1.354987664e-02  7.385931059e-03
1 4  2.223136714e-03 -8.031818777e-03
1 5  1.222605014e-03  6.286022656e-03
1 6 -5.352247260e-03 -1.648315191e-03
1 7  2.338094519e-03 -3.610239792e-03
1 8  3.058030283e-03  2.018780893e-03
1 9 -5.558170291e-04  3.246023995e-03
1 10 -2.522696089e-03  1.718688289e-03
2 0  1.106480214e-01  3.990486573e-02
2 1 -1.033723053e-01 -6.300843282e-02
2 2 -7.831039586e-02  1.930877387e-17
2 3  6.163167282e-03 -7.509175022e-03
2 4 -1.035745868e-02  8.760690330e-03
2 5 -2.301594686e-03 -8.016566322e-03
2 6  4.453928076e-03  3.154373390e-03
2 7 -4.406171933e-03  3.461281821e-03
2 8 -3.487546469e-03 -3.108475150e-03
2 9  1.098692232e-03 -3.516970638e-03
2 10  2.961639390e-03 -1.319806216e-03
3 0 -4.015450776e-02 -4.630199532e-02
3 1  1.392518606e-01  7.590509267e-02
3 2 -7.870177662e-02 -9.588988716e-02
3 3 -6.501132435e-02 -1.008060743e-17
3 4  2.876086831e-03 -8.759180213e-03
3 5 -6.402164365e-03  9.167147957e-03
3 6 -6.776088284e-03 -5.585602935e-03
3 7  4.168376623e-03 -2.341769169e-03
3 8  1.346976159e-03  4.424829944e-03
3 9 -3.164964435e-03  3.162815211e-03
3 10 -4.154320350e-03  2.185739093e-04
4 0  1.642198098e-02  4.545554976e-02
4 1 -2.284713964e-02 -8.254287017e-02
4 2  1.322616054e-01  1.118713580e-01
4 3 -4.423978223e-02 -1.347331454e-01
4 4 -5.527767473e-02  5.640305819e-17
4 5 -2.502435711e-04 -9.932221091e-03
4 6 -2.356966009e-03  8.241194794e-03
4 7 -9.381761347e-03 -6.505380883e-04
4 8 -1.488696815e-03 -5.636094065e-03
4 9  3.217746850e-03 -1.725968365e-03
4 10  2.922999228e-03  1.718251504e-03
5 0  1.658438274e-02 -3.332360546e-02
5 1 -1.256469173e-02  6.460135201e-02
5 2  2.939066596e-02 -1.023691201e-01
5 3  9.847767954e-02  1.410084789e-01
5 4  4.527027816e-03 -1.796787065e-01
5 5 -4.766666409e-02  2.582875569e-17
5 6 -3.696585582e-03 -1.091336354e-02
5 7  1.080718406e-03  5.173332840e-03
5 8 -7.209446285e-03  4.686783950e-03
5 9 -6.713458168e-03 -1.544522823e-03
5 10 -3.530660582e-03 -4.107489666e-03
6 0 -2.835990638e-02  5.162768376e-03
6 1  5.500495754e-02 -1.693970825e-02
6 2 -5.687531046e-02  4.028039133e-02
6 3  1.042293531e-01 -8.591738427e-02
6 4  4.263866056e-02  1.490872189e-01
6 5  7.755075067e-02 -2.289516950e-01
6 6 -4.118624239e-02 -2.030113895e-17
6 7 -7.517766412e-03 -1.115816432e-02
6 8  2.253821026e-03 -2.580246719e-04
6 9 -1.071712907e-03  4.881503730e-03
6 10 -4.560358576e-03  4.205983194e-03
7 0  1.205772456e-02  2.218412261e-02
7 1 -2.402855912e-02 -3.710237528e-02
7 2  5.626547899e-02  4.419951889e-02
7 3 -6.411770049e-02 -3.602094239e-02
7 4  1.697206222e-01 -1.176855017e-02
7 5 -2.267241534e-02  1.085314640e-01
7 6  1.825310098e-01 -2.709196974e-01
7 7 -3.524451693e-02  3.777119082e-17
7 8 -1.012541429e-02 -9.398073742e-03
7 9  7.602089470e-05 -4.442145914e-03
7 10  1.607320399e-03 -3.091066628e-05
8 0  2.008339110e-02 -9.043558609e-03
8 1 -3.142732719e-02  2.074697821e-02
8 2  4.453491048e-02 -3.969428473e-02
8 3 -2.071910044e-02  6.806244894e-02
8 4  2.693124888e-02 -1.019596807e-01
8 5  1.512471330e-01  9.832414412e-02
8 6 -5.472266697e-02 -6.264826724e-03
8 7  2.872904830e-01 -2.666534985e-01
8 8 -3.060597976e-02 -1.079870851e-16
8 9 -1.011196807e-02 -6.114844450e-03
8 10 -4.009060633e-03 -6.301093587e-03
9 0  1.318412155e-04 -1.913479833e-02
9 1  5.712122516e-03  3.335933549e-02
9 2 -1.402996653e-02 -4.491064819e-02
9 3  4.868327890e-02  4.865021967e-02
9 4 -5.821060430e-02 -3.122360652e-02
9 5  1.408417874e-01 -3.240257845e-02
9 6  2.602113825e-02  1.185226777e-01
9 7 -2.156956637e-03 -1.260379288e-01
9 8  3.303919086e-01 -1.997924751e-01
9 9 -2.815932182e-02 -1.390108552e-17
9 10 -1.466726377e-02 -5.384258360e-03
10 0 -1.256130249e-02 -1.197478487e-02
10 1  2.592570644e-02  1.766293143e-02
10 2 -3.781923662e-02 -1.685352502e-02
10 3  6.390148781e-02  3.362089781e-03
10 4 -5.287847657e-02  3.108400475e-02
10 5  7.406980643e-02 -8.617111654e-02
10 6  1.107252886e-01  1.021210713e-01
10 7 -4.560483556e-02 -8.770347553e-04
10 8  1.309894558e-01 -2.058778591e-01
10 9  5.208670815e-01 -1.912069614e-01
10 10 -2.035789532e-02  1.864676404e-18
0 0 -8.255950804e+00 -1.423906172e-15
0 1 -8.637262113e-01  3.757399559e-01
0 2  1.164977134e+00 -3.490903430e-01
0 3 -2.602055504e-01  2.838505136e-01
0 4  1.076948453e-01 -2.369499650e-01
0 5  6.717394903e-02  1.560546373e-01
0 6 -1.175410143e-01 -2.982218172e-02
0 7  5.237305071e-02 -8.640620760e-02
0 8  7.284296707e-02  3.405880632e-02
0 9  1.613028398e-02  7.684547955e-02
0 10 -8.837610925e-02  2.232801191e-02
1 0 -8.637262113e-01 -3.757399559e-01
1 1 -1.087871306e+01  2.445253981e-15
1 2 -8.856067469e-01  8.535194827e-01
1 3  1.872240599e+00 -8.541435106e-01
1 4 -2.008280995e-01  6.341862531e-01
1 5 -3.829747100e-02 -4.269208662e-01
1 6  3.006514296e-01  1.192953663e-01
1 7 -1.388583051e-01  1.845089613e-01
1 8 -1.426492264e-01 -9.966289300e-02
1 9 -5.656066146e-03 -1.605466680e-01
1 10  1.924893682e-01 -1.441594068e-02
2 0  1.164977134e+00  3.490903430e-01
2 1 -8.856067469e-01 -8.535194827e-01
2 2 -1.365776581e+01 -1.288439841e-14
2 3 -6.244717340e-01  1.564412829e+00
2 4  2.226577859e+00 -1.554984047e+00
2 5  2.264546527e-01  9.572870238e-01
2 6 -3.991478617e-01 -3.729263075e-01
2 7  4.008852669e-01 -2.697697660e-01
2 8  2.335958232e-01  2.491406105e-01
2 9 -4.985000111e-02  2.665350066e-01
2 10 -3.023333951e-01 -4.685940700e-02
3 0 -2.602055504e-01 -2.838505136e-01
3 1  1.872240599e+00  8.541435106e-01
3 2 -6.244717340e-01 -1.564412829e+00
3 3 -1.662797428e+01 -7.115535355e-15
3 4 -5.325645414e-02  2.574545631e+00
3 5  2.148232635e+00 -2.383717349e+00
3 6  1.093763453e+00  1.014658859e+00
3 7 -6.356999057e-01  2.165316152e-01
3 8 -1.016717546e-01 -5.570812372e-01
3 9  2.731511011e-01 -3.497518949e-01
3 10  4.672608176e-01  2.393053073e-01
4 0  1.076948453e-01  2.369499650e-01
4 1 -2.008280995e-01 -6.341862531e-01
4 2  2.226577859e+00  1.554984047e+00
4 3 -5.325645414e-02 -2.574545631e+00
4 4 -1.991294347e+01 -4.156703680e-14
4 5  1.032639207e+00  3.952320645e+00
4 6  1.533719091e+00 -3.210557375e+00
4 7  2.246142950e+00  3.087850854e-01
4 8  5.996470432e-02  9.743022227e-01
4 9 -5.235859037e-01  2.743270582e-01
4 10 -3.014638646e-01 -7.333726240e-01
5 0  6.717394903e-02 -1.560546373e-01
5 1 -3.829747100e-02  4.269208662e-01
5 2  2.264546527e-01 -9.572870238e-01
5 3  2.148232635e+00  2.383717349e+00
5 4  1.032639207e+00 -3.952320645e+00
5 5 -2.379245691e+01  3.180739621e-15
5 6  3.049946727e+00  5.916029389e+00
5 7  2.952609364e-01 -3.529547812e+00
5 8  2.620031181e+00 -1.394131602e+00
5 9  1.433487783e+00  3.402380514e-01
5 10  4.381707780e-02  1.120298499e+00
6 0 -1.175410143e-01  2.982218172e-02
6 1  3.006514296e-01 -1.192953663e-01
6 2 -3.991478617e-01  3.729263075e-01
6 3  1.093763453e+00 -1.014658859e+00
6 4  1.533719091e+00  3.210557375e+00
6 5  3.049946727e+00 -5.916029389e+00
6 6 -2.840785053e+01 -2.790303646e-14
6 7  6.490080378e+00  8.113551912e+00
6 8 -9.769844451e-01 -2.379316686e+00
6 9  5.277429326e-01 -2.127145621e+00
6 10  2.753045545e+00 -1.330772054e+00
7 0  5.237305071e-02  8.640620760e-02
7 1 -1.388583051e-01 -1.845089613e-01
7 2  4.008852669e-01  2.697697660e-01
7 3 -6.356999057e-01 -2.165316152e-01
7 4  2.246142950e+00 -3.087850854e-01
7 5  2.952609364e-01  3.529547812e+00
7 6  6.490080378e+00 -8.113551912e+00
7 7 -3.375292092e+01  9.403831418e-14
7 8  1.017916212e+01  8.601846427e+00
7 9 -6.173948364e-01  1.132977592e+00
7 10 -4.541642869e-01 -3.668709142e+00
8 0  7.284296707e-02 -3.405880632e-02
8 1 -1.426492264e-01  9.966289300e-02
8 2  2.335958232e-01 -2.491406105e-01
8 3 -1.016717546e-01  5.570812372e-01
8 4  5.996470432e-02 -9.743022227e-01
8 5  2.620031181e+00  1.394131602e+00
8 6 -9.769844451e-01  2.379316686e+00
8 7  1.017916212e+01 -8.601846427e+00
8 8 -3.804111800e+01  1.718091000e-13
8 9  1.144421377e+01  6.079238783e+00
8 10 -1.424067281e-01  1.898000856e+00
9 0  1.613028398e-02 -7.684547955e-02
9 1 -5.656066146e-03  1.605466680e-01
9 2 -4.985000111e-02 -2.665350066e-01
9 3  2.731511011e-01  3.497518949e-01
9 4 -5.235859037e-01 -2.743270582e-01
9 5  1.433487783e+00 -3.402380514e-01
9 6  5.277429326e-01  2.127145621e+00
9 7 -6.173948364e-01 -1.132977592e+00
9 8  1.144421377e+01 -6.079238783e+00
9 9 -5.063473590e+01  2.552451064e-14
9 10  2.558550740e+01  9.392275494e+00
10 0 -8.837610925e-02 -2.232801191e-02
10 1  1.924893682e-01  1.441594068e-02
10 2 -3.023333951e-01  4.685940700e-02
10 3  4.672608176e-01 -2.393053073e-01
10 4 -3.014638646e-01  7.333726240e-01
10 5  4.381707780e-02 -1.120298499e+00
10 6  2.753045545e+00  1.330772054e+00
10 7 -4.541642869e-01  3.668709142e+00
10 8 -1.424067281e-01 -1.898000856e+00
10 9  2.558550740e+01 -9.392275494e+00
10 10 -4.912099134e+01 -4.499225095e-15
0  2.494297653e-02 -8.429754141e-04 -1.104379965e-01 -1.201426940e-02
1  4.071536085e-02 -7.974812153e-04  1.409212455e-01  3.814161182e-02
2  5.524169856e-02 -1.901689710e-03 -1.433020340e-01 -7.837839720e-02
3  7.657731756e-02 -1.922628192e-03  1.144433968e-01  1.313311194e-01
4  1.032872292e-01 -4.333685099e-03 -3.704144187e-02 -1.775226530e-01
5  1.361720563e-01 -4.964156418e-03 -8.987299209e-02  1.616520995e-01
6  1.700151378e-01 -7.560225619e-03  1.835260491e-01 -1.823604113e-02
7  1.948801494e-01 -9.785222273e-03 -7.040411553e-02 -1.657942157e-01
8  2.186065608e-01 -1.091414638e-02 -1.639873068e-01  5.973151869e-02
9  2.519444893e-01 -1.324559190e-02 -1.213055088e-02  1.664726528e-01
10  2.498421940e-01 -1.328616453e-02  1.062878362e-01  1.159877728e-01
