 1.695500020e+00 -1.827521130e+00  8.557847841e-01  3.847312529e+00  9.344195997e-01  9.617355870e-01  7.006371120e+00 512 3 11
 0.000000000e+00  0.000000000e+00  4.993342879e-05
 1.956947162e-03  2.840697190e-02  1.377294236e-01
 3.913894325e-03  4.017779109e-02  1.947367022e-01
 5.870841487e-03  4.921267744e-02  2.384350267e-01
 7.827788650e-03  5.683172848e-02  2.752426039e-01
 9.784735812e-03  6.354619821e-02  3.076445502e-01
 1.174168297e-02  6.961824967e-02  3.369159402e-01
 1.369863014e-02  7.520359557e-02  3.638146116e-01
 1.565557730e-02  8.040367489e-02  3.888346111e-01
 1.761252446e-02  8.528893546e-02  4.123193071e-01
 1.956947162e-02  8.991066088e-02  4.345188604e-01
 2.152641879e-02  9.430755907e-02  4.556222453e-01
 2.348336595e-02  9.850969649e-02  4.757763760e-01
 2.544031311e-02  1.025409788e-01  4.951020425e-01
 2.739726027e-02  1.064207271e-01  5.137074843e-01
 2.935420744e-02  1.101647278e-01  5.316390648e-01
 3.131115460e-02  1.137867076e-01  5.489424079e-01
 3.326810176e-02  1.172980410e-01  5.656895946e-01
 3.522504892e-02  1.207084520e-01  5.819283938e-01
 3.718199609e-02  1.240263182e-01  5.976969063e-01
 3.913894325e-02  1.272589619e-01  6.130277809e-01
 4.109589041e-02  1.304127932e-01  6.279511797e-01
 4.305283757e-02  1.334934784e-01  6.424949029e-01
 4.500978474e-02  1.365060294e-01  6.566877047e-01
 4.696673190e-02  1.394548932e-01  6.705538305e-01
 4.892367906e-02  1.423440587e-01  6.841094664e-01
 5.088062622e-02  1.451771444e-01  6.973650950e-01
 5.283757339e-02  1.479574545e-01  7.103326241e-01
 5.479452055e-02  1.506879894e-01  7.230311292e-01
 5.675146771e-02  1.533714485e-01  7.354789207e-01
 5.870841487e-02  1.560102960e-01  7.476866077e-01
 6.066536204e-02  1.586068055e-01  7.596586158e-01
 6.262230920e-02  1.611630990e-01  7.714005625e-01
 6.457925636e-02  1.636811333e-01  7.829291614e-01
 6.653620352e-02  1.661626719e-01  7.942599145e-01
 6.849315068e-02  1.686093513e-01  8.053932354e-01
 7.045009785e-02  1.710227348e-01  8.163296706e-01
 7.240704501e-02  1.734042763e-01  8.270790750e-01
 7.436399217e-02  1.757553167e-01  8.376498759e-01
 7.632093933e-02  1.780771128e-01  8.480493928e-01
 7.827788650e-02  1.803708309e-01  8.582848790e-01
 8.023483366e-02  1.826375664e-01  8.683574947e-01
 8.219178082e-02  1.848783678e-01  8.782686489e-01
 8.414872798e-02  1.870942206e-01  8.880209382e-01
 8.610567515e-02  1.892860641e-01  8.976224267e-01
 8.806262231e-02  1.914547567e-01  9.070870319e-01
 9.001956947e-02  1.936010905e-01  9.164118174e-01
 9.197651663e-02  1.957258646e-01  9.255911502e-01
 9.393346380e-02  1.978298300e-01  9.346293077e-01
 9.589041096e-02  1.999137009e-01  9.435350320e-01
 9.784735812e-02  2.019781299e-01  9.523169593e-01
 9.980430528e-02  2.040237385e-01  9.609755438e-01
 1.017612524e-01  2.060511274e-01  9.695072149e-01
 1.037181996e-01  2.080608859e-01  9.779108642e-01
 1.056751468e-01  2.100535747e-01  9.861906677e-01
 1.076320939e-01  2.120297232e-01  9.943547531e-01
 1.095890411e-01  2.139898203e-01  1.002410145e+00
 1.115459883e-01  2.159343316e-01  1.010356662e+00
 1.135029354e-01  2.178637134e-01  1.018182530e+00
 1.154598826e-01  2.197784439e-01  1.025889377e+00
 1.174168297e-01  2.216789427e-01  1.033492473e+00
 1.193737769e-01  2.235656015e-01  1.040996261e+00
 1.213307241e-01  2.254387974e-01  1.048398385e+00
 1.232876712e-01  2.272989061e-01  1.055690313e+00
 1.252446184e-01  2.291463111e-01  1.062873753e+00
 1.272015656e-01  2.309813590e-01  1.069956716e+00
 1.291585127e-01  2.328043833e-01  1.076942220e+00
 1.311154599e-01  2.346157003e-01  1.083835082e+00
 1.330724070e-01  2.364156084e-01  1.090633832e+00
 1.350293542e-01  2.382044109e-01  1.097327747e+00
 1.369863014e-01  2.399824242e-01  1.103919070e+00
 1.389432485e-01  2.417499273e-01  1.110420683e+00
 1.409001957e-01  2.435071789e-01  1.116837501e+00
 1.428571429e-01  2.452544282e-01  1.123164874e+00
 1.448140900e-01  2.469919349e-01  1.129394483e+00
 1.467710372e-01  2.487199604e-01  1.135527977e+00
 1.487279843e-01  2.504387461e-01  1.141572706e+00
 1.506849315e-01  2.521485186e-01  1.147531578e+00
 1.526418787e-01  2.538494987e-01  1.153408427e+00
 1.545988258e-01  2.555418911e-01  1.159201356e+00
 1.565557730e-01  2.572259116e-01  1.164899823e+00
 1.585127202e-01  2.589017855e-01  1.170504853e+00
 1.604696673e-01  2.605697154e-01  1.176027925e+00
 1.624266145e-01  2.622298841e-01  1.181476773e+00
 1.643835616e-01  2.638824639e-01  1.186847299e+00
 1.663405088e-01  2.655276409e-01  1.192125865e+00
 1.682974560e-01  2.671656172e-01  1.197313929e+00
 1.702544031e-01  2.687965668e-01  1.202423794e+00
 1.722113503e-01  2.704206502e-01  1.207456269e+00
 1.741682975e-01  2.720380322e-01  1.212411714e+00
 1.761252446e-01  2.736488659e-01  1.217290129e+00
 1.780821918e-01  2.752533095e-01  1.222083827e+00
 1.800391389e-01  2.768515299e-01  1.226791299e+00
 1.819960861e-01  2.784436831e-01  1.231420073e+00
 1.839530333e-01  2.800299104e-01  1.235978702e+00
 1.859099804e-01  2.816103401e-01  1.240468068e+00
 1.878669276e-01  2.831851061e-01  1.244875926e+00
 1.898238748e-01  2.847543629e-01  1.249196846e+00
 1.917808219e-01  2.863182531e-01  1.253440812e+00
 1.937377691e-01  2.878769008e-01  1.257614874e+00
 1.956947162e-01  2.894304265e-01  1.261719718e+00
 1.976516634e-01  2.909789484e-01  1.265752606e+00
 1.996086106e-01  2.925225898e-01  1.269705733e+00
 2.015655577e-01  2.940614838e-01  1.273577842e+00
 2.035225049e-01  2.955957526e-01  1.277375908e+00
 2.054794521e-01  2.971255085e-01  1.281107381e+00
 2.074363992e-01  2.986508522e-01  1.284775373e+00
 2.093933464e-01  3.001718854e-01  1.288369513e+00
 2.113502935e-01  3.016887301e-01  1.291881069e+00
 2.133072407e-01  3.032015052e-01  1.295318364e+00
 2.152641879e-01  3.047103099e-01  1.298691120e+00
 2.172211350e-01  3.062152374e-01  1.301998765e+00
 2.191780822e-01  3.077163855e-01  1.305238130e+00
 2.211350294e-01  3.092138520e-01  1.308404560e+00
 2.230919765e-01  3.107077428e-01  1.311497381e+00
 2.250489237e-01  3.121981546e-01  1.314519268e+00
 2.270058708e-01  3.136851844e-01  1.317473924e+00
 2.289628180e-01  3.151689185e-01  1.320368470e+00
 2.309197652e-01  3.166494354e-01  1.323200454e+00
 2.328767123e-01  3.181268248e-01  1.325957964e+00
 2.348336595e-01  3.196011900e-01  1.328640123e+00
 2.367906067e-01  3.210726203e-01  1.331257692e+00
 2.387475538e-01  3.225411931e-01  1.333817036e+00
 2.407045010e-01  3.240069819e-01  1.336316468e+00
 2.426614481e-01  3.254700660e-01  1.338748085e+00
 2.446183953e-01  3.269305346e-01  1.341108019e+00
 2.465753425e-01  3.283884738e-01  1.343401476e+00
 2.485322896e-01  3.298439599e-01  1.345632986e+00
 2.504892368e-01  3.312970675e-01  1.347806758e+00
 2.524461840e-01  3.327478623e-01  1.349922814e+00
 2.544031311e-01  3.341964177e-01  1.351972864e+00
 2.563600783e-01  3.356428159e-01  1.353952616e+00
 2.583170254e-01  3.370871380e-01  1.355868818e+00
 2.602739726e-01  3.385294507e-01  1.357730874e+00
 2.622309198e-01  3.399698138e-01  1.359538469e+00
 2.641878669e-01  3.414082936e-01  1.361284010e+00
 2.661448141e-01  3.428449651e-01  1.362963759e+00
 2.681017613e-01  3.442799012e-01  1.364582172e+00
 2.700587084e-01  3.457131668e-01  1.366143976e+00
 2.720156556e-01  3.471448239e-01  1.367649791e+00
 2.739726027e-01  3.485749350e-01  1.369099980e+00
 2.759295499e-01  3.500035606e-01  1.370494025e+00
 2.778864971e-01  3.514307637e-01  1.371827823e+00
 2.798434442e-01  3.528566126e-01  1.373100480e+00
 2.818003914e-01  3.542811712e-01  1.374317819e+00
 2.837573386e-01  3.557044952e-01  1.375486052e+00
 2.857142857e-01  3.571266350e-01  1.376602378e+00
 2.876712329e-01  3.585476514e-01  1.377660868e+00
 2.896281800e-01  3.599676066e-01  1.378661221e+00
 2.915851272e-01  3.613865615e-01  1.379607717e+00
 2.935420744e-01  3.628045690e-01  1.380504554e+00
 2.954990215e-01  3.642216808e-01  1.381351593e+00
 2.974559687e-01  3.656379497e-01  1.382147595e+00
 2.994129159e-01  3.670534297e-01  1.382891622e+00
 3.013698630e-01  3.684681750e-01  1.383581645e+00
 3.033268102e-01  3.698822434e-01  1.384219216e+00
 3.052837573e-01  3.712956858e-01  1.384811002e+00
 3.072407045e-01  3.727085458e-01  1.385358377e+00
 3.091976517e-01  3.741208714e-01  1.385856673e+00
 3.111545988e-01  3.755327156e-01  1.386302356e+00
 3.131115460e-01  3.769441332e-01  1.386697717e+00
 3.150684932e-01  3.783551725e-01  1.387049594e+00
 3.170254403e-01  3.797658740e-01  1.387359334e+00
 3.189823875e-01  3.811762833e-01  1.387621415e+00
 3.209393346e-01  3.825864520e-01  1.387836025e+00
 3.228962818e-01  3.839964251e-01  1.388005814e+00
 3.248532290e-01  3.854062488e-01  1.388130500e+00
 3.268101761e-01  3.868159686e-01  1.388212607e+00
 3.287671233e-01  3.882256255e-01  1.388252592e+00
 3.307240705e-01  3.896352641e-01  1.388249491e+00
 3.326810176e-01  3.910449274e-01  1.388203823e+00
 3.346379648e-01  3.924546587e-01  1.388114119e+00
 3.365949119e-01  3.938645041e-01  1.387983027e+00
 3.385518591e-01  3.952745018e-01  1.387814822e+00
 3.405088063e-01  3.966846890e-01  1.387605492e+00
 3.424657534e-01  3.980951121e-01  1.387353498e+00
 3.444227006e-01  3.995058117e-01  1.387062625e+00
 3.463796477e-01  4.009168264e-01  1.386734190e+00
 3.483365949e-01  4.023281943e-01  1.386368622e+00
 3.502935421e-01  4.037399532e-01  1.385963556e+00
 3.522504892e-01  4.051521462e-01  1.385518628e+00
 3.542074364e-01  4.065648121e-01  1.385038905e+00
 3.561643836e-01  4.079779835e-01  1.384524720e+00
 3.581213307e-01  4.093916988e-01  1.383973081e+00
 3.600782779e-01  4.108059971e-01  1.383385164e+00
 3.620352250e-01  4.122209143e-01  1.382761765e+00
 3.639921722e-01  4.136364881e-01  1.382103680e+00
 3.659491194e-01  4.150527531e-01  1.381412684e+00
 3.679060665e-01  4.164697434e-01  1.380688519e+00
 3.698630137e-01  4.178874945e-01  1.379931631e+00
 3.718199609e-01  4.193060397e-01  1.379141448e+00
 3.737769080e-01  4.207254158e-01  1.378316337e+00
 3.757338552e-01  4.221456600e-01  1.377459654e+00
 3.776908023e-01  4.235668022e-01  1.376575349e+00
 3.796477495e-01  4.249888717e-01  1.375661572e+00
 3.816046967e-01  4.264119026e-01  1.374715093e+00
 3.835616438e-01  4.278359309e-01  1.373735580e+00
 3.855185910e-01  4.292609919e-01  1.372726702e+00
 3.874755382e-01  4.306871142e-01  1.371692660e+00
 3.894324853e-01  4.321143245e-01  1.370631651e+00
 3.913894325e-01  4.335426557e-01  1.369540906e+00
 3.933463796e-01  4.349721403e-01  1.368420635e+00
 3.953033268e-01  4.364028111e-01  1.367272447e+00
 3.972602740e-01  4.378346976e-01  1.366098438e+00
 3.992172211e-01  4.392678285e-01  1.364900273e+00
 4.011741683e-01  4.407022301e-01  1.363677938e+00
 4.031311155e-01  4.421379313e-01  1.362429340e+00
 4.050880626e-01  4.435749633e-01  1.361152971e+00
 4.070450098e-01  4.450133584e-01  1.359850834e+00
 4.090019569e-01  4.464531438e-01  1.358527323e+00
 4.109589041e-01  4.478943429e-01  1.357184176e+00
 4.129158513e-01  4.493369796e-01  1.355817857e+00
 4.148727984e-01  4.507810849e-01  1.354424687e+00
 4.168297456e-01  4.522266910e-01  1.353007516e+00
 4.187866928e-01  4.536738231e-01  1.351570972e+00
 4.207436399e-01  4.551225038e-01  1.350116462e+00
 4.227005871e-01  4.565727557e-01  1.348642136e+00
 4.246575342e-01  4.580246055e-01  1.347144790e+00
 4.266144814e-01  4.594780832e-01  1.345625301e+00
 4.285714286e-01  4.609332138e-01  1.344087200e+00
 4.305283757e-01  4.623900200e-01  1.342531652e+00
 4.324853229e-01  4.638485245e-01  1.340959649e+00
 4.344422701e-01  4.653087484e-01  1.339369744e+00
 4.363992172e-01  4.667707177e-01  1.337759680e+00
 4.383561644e-01  4.682344586e-01  1.336130778e+00
 4.403131115e-01  4.696999948e-01  1.334485847e+00
 4.422700587e-01  4.711673465e-01  1.332827473e+00
 4.442270059e-01  4.726365319e-01  1.331155259e+00
 4.461839530e-01  4.741075726e-01  1.329465215e+00
 4.481409002e-01  4.755804958e-01  1.327757089e+00
 4.500978474e-01  4.770553238e-01  1.326034984e+00
 4.520547945e-01  4.785320753e-01  1.324301469e+00
 4.540117417e-01  4.800107669e-01  1.322556265e+00
 4.559686888e-01  4.814914184e-01  1.320796299e+00
 4.579256360e-01  4.829740534e-01  1.319021025e+00
 4.598825832e-01  4.844586932e-01  1.317233427e+00
 4.618395303e-01  4.859453552e-01  1.315435597e+00
 4.637964775e-01  4.874340559e-01  1.313627522e+00
 4.657534247e-01  4.889248132e-01  1.311807975e+00
 4.677103718e-01  4.904176466e-01  1.309976595e+00
 4.696673190e-01  4.919125751e-01  1.308134575e+00
 4.716242661e-01  4.934096157e-01  1.306282964e+00
 4.735812133e-01  4.949087852e-01  1.304422805e+00
 4.755381605e-01  4.964100986e-01  1.302554234e+00
 4.774951076e-01  4.979135725e-01  1.300677053e+00
 4.794520548e-01  4.994192225e-01  1.298790971e+00
 4.814090020e-01  5.009270663e-01  1.296896380e+00
 4.833659491e-01  5.024371186e-01  1.294995318e+00
 4.853228963e-01  5.039493927e-01  1.293088172e+00
 4.872798434e-01  5.054639026e-01  1.291174593e+00
 4.892367906e-01  5.069806625e-01  1.289254360e+00
 4.911937378e-01  5.084996874e-01  1.287327881e+00
 4.931506849e-01  5.100209903e-01  1.285396759e+00
 4.951076321e-01  5.115445828e-01  1.283461313e+00
 4.970645793e-01  5.130704775e-01  1.281520971e+00
 4.990215264e-01  5.145986872e-01  1.279576405e+00
 5.009784736e-01  5.161292232e-01  1.277628447e+00
 5.029354207e-01  5.176620965e-01  1.275677688e+00
 5.048923679e-01  5.191973171e-01  1.273724004e+00
 5.068493151e-01  5.207348964e-01  1.271766965e+00
 5.088062622e-01  5.222748455e-01  1.269807868e+00
 5.107632094e-01  5.238171729e-01  1.267848049e+00
 5.127201566e-01  5.253618866e-01  1.265887534e+00
 5.146771037e-01  5.269089950e-01  1.263925424e+00
 5.166340509e-01  5.284585084e-01  1.261961778e+00
 5.185909980e-01  5.300104352e-01  1.259998092e+00
 5.205479452e-01  5.315647822e-01  1.258035538e+00
 5.225048924e-01  5.331215549e-01  1.256074254e+00
 5.244618395e-01  5.346807597e-01  1.254113210e+00
 5.264187867e-01  5.362424048e-01  1.252152418e+00
 5.283757339e-01  5.378064967e-01  1.250193236e+00
 5.303326810e-01  5.393730401e-01  1.248236617e+00
 5.322896282e-01  5.409420393e-01  1.246282588e+00
 5.342465753e-01  5.425134989e-01  1.244330653e+00
 5.362035225e-01  5.440874244e-01  1.242380900e+00
 5.381604697e-01  5.456638203e-01  1.240434118e+00
 5.401174168e-01  5.472426900e-01  1.238490970e+00
 5.420743640e-01  5.488240365e-01  1.236551507e+00
 5.440313112e-01  5.504078628e-01  1.234615662e+00
 5.459882583e-01  5.519941721e-01  1.232683668e+00
 5.479452055e-01  5.535829670e-01  1.230756005e+00
 5.499021526e-01  5.551742493e-01  1.228832909e+00
 5.518590998e-01  5.567680210e-01  1.226914460e+00
 5.538160470e-01  5.583642835e-01  1.225000794e+00
 5.557729941e-01  5.599630386e-01  1.223092171e+00
 5.577299413e-01  5.615642869e-01  1.221189053e+00
 5.596868885e-01  5.631680289e-01  1.219291536e+00
 5.616438356e-01  5.647742649e-01  1.217399583e+00
 5.636007828e-01  5.663829955e-01  1.215513328e+00
 5.655577299e-01  5.679942206e-01  1.213633040e+00
 5.675146771e-01  5.696079398e-01  1.211759031e+00
 5.694716243e-01  5.712241524e-01  1.209891405e+00
 5.714285714e-01  5.728428574e-01  1.208030317e+00
 5.733855186e-01  5.744640536e-01  1.206175814e+00
 5.753424658e-01  5.760877400e-01  1.204327984e+00
 5.772994129e-01  5.777139149e-01  1.202487007e+00
 5.792563601e-01  5.793425768e-01  1.200652944e+00
 5.812133072e-01  5.809737236e-01  1.198826092e+00
 5.831702544e-01  5.826073529e-01  1.197006634e+00
 5.851272016e-01  5.842434622e-01  1.195194561e+00
 5.870841487e-01  5.858820489e-01  1.193389840e+00
 5.890410959e-01  5.875231104e-01  1.191592393e+00
 5.909980431e-01  5.891666442e-01  1.189802544e+00
 5.929549902e-01  5.908126468e-01  1.188020728e+00
 5.949119374e-01  5.924611142e-01  1.186246661e+00
 5.968688845e-01  5.941120438e-01  1.184480447e+00
 5.988258317e-01  5.957654310e-01  1.182722161e+00
 6.007827789e-01  5.974212729e-01  1.180971565e+00
 6.027397260e-01  5.990795655e-01  1.179229102e+00
 6.046966732e-01  6.007403044e-01  1.177495011e+00
 6.066536204e-01  6.024034850e-01  1.175769134e+00
 6.086105675e-01  6.040691029e-01  1.174051323e+00
 6.105675147e-01  6.057371540e-01  1.172341626e+00
 6.125244618e-01  6.074076336e-01  1.170640086e+00
 6.144814090e-01  6.090805372e-01  1.168946912e+00
 6.164383562e-01  6.107558596e-01  1.167262198e+00
 6.183953033e-01  6.124335957e-01  1.165585713e+00
 6.203522505e-01  6.141137408e-01  1.163917331e+00
 6.223091977e-01  6.157962901e-01  1.162257011e+00
 6.242661448e-01  6.174812389e-01  1.160604711e+00
 6.262230920e-01  6.191685823e-01  1.158960550e+00
 6.281800391e-01  6.208583152e-01  1.157324420e+00
 6.301369863e-01  6.225504329e-01  1.155696054e+00
 6.320939335e-01  6.242449307e-01  1.154075331e+00
 6.340508806e-01  6.259418044e-01  1.152462130e+00
 6.360078278e-01  6.276410494e-01  1.150856367e+00
 6.379647750e-01  6.293426615e-01  1.149257938e+00
 6.399217221e-01  6.310466366e-01  1.147666641e+00
 6.418786693e-01  6.327529707e-01  1.146082289e+00
 6.438356164e-01  6.344616602e-01  1.144504751e+00
 6.457925636e-01  6.361727014e-01  1.142933842e+00
 6.477495108e-01  6.378860911e-01  1.141369252e+00
 6.497064579e-01  6.396018265e-01  1.139810694e+00
 6.516634051e-01  6.413199051e-01  1.138258119e+00
 6.536203523e-01  6.430403242e-01  1.136711458e+00
 6.555772994e-01  6.447630814e-01  1.135170378e+00
 6.575342466e-01  6.464881749e-01  1.133634589e+00
 6.594911937e-01  6.482156030e-01  1.132103705e+00
 6.614481409e-01  6.499453651e-01  1.130577429e+00
 6.634050881e-01  6.516774605e-01  1.129055722e+00
 6.653620352e-01  6.534118884e-01  1.127538243e+00
 6.673189824e-01  6.551486490e-01  1.126024702e+00
 6.692759295e-01  6.568877427e-01  1.124515125e+00
 6.712328767e-01  6.586291694e-01  1.123009064e+00
 6.731898239e-01  6.603729308e-01  1.121505854e+00
 6.751467710e-01  6.621190289e-01  1.120005042e+00
 6.771037182e-01  6.638674667e-01  1.118506520e+00
 6.790606654e-01  6.656182466e-01  1.117010427e+00
 6.810176125e-01  6.673713712e-01  1.115516687e+00
 6.829745597e-01  6.691268430e-01  1.114024250e+00
 6.849315068e-01  6.708846680e-01  1.112532305e+00
 6.868884540e-01  6.726448513e-01  1.111041017e+00
 6.888454012e-01  6.744073983e-01  1.109550317e+00
 6.908023483e-01  6.761723144e-01  1.108059899e+00
 6.927592955e-01  6.779396061e-01  1.106569048e+00
 6.947162427e-01  6.797092811e-01  1.105077034e+00
 6.966731898e-01  6.814813483e-01  1.103583762e+00
 6.986301370e-01  6.832558157e-01  1.102089508e+00
 7.005870841e-01  6.850326913e-01  1.100593510e+00
 7.025440313e-01  6.868119860e-01  1.099094549e+00
 7.045009785e-01  6.885937116e-01  1.097592629e+00
 7.064579256e-01  6.903778791e-01  1.096088000e+00
 7.084148728e-01  6.921644997e-01  1.094580082e+00
 7.103718200e-01  6.939535864e-01  1.093068063e+00
 7.123287671e-01  6.957451533e-01  1.091551278e+00
 7.142857143e-01  6.975392156e-01  1.090029466e+00
 7.162426614e-01  6.993357885e-01  1.088502807e+00
 7.181996086e-01  7.011348868e-01  1.086971105e+00
 7.201565558e-01  7.029365265e-01  1.085432900e+00
 7.221135029e-01  7.047407276e-01  1.083887189e+00
 7.240704501e-01  7.065475097e-01  1.082334719e+00
 7.260273973e-01  7.083568903e-01  1.080776062e+00
 7.279843444e-01  7.101688874e-01  1.079209799e+00
 7.299412916e-01  7.119835238e-01  1.077634431e+00
 7.318982387e-01  7.138008227e-01  1.076049559e+00
 7.338551859e-01  7.156208085e-01  1.074455206e+00
 7.358121331e-01  7.174435047e-01  1.072852081e+00
 7.377690802e-01  7.192689337e-01  1.071239308e+00
 7.397260274e-01  7.210971223e-01  1.069615503e+00
 7.416829746e-01  7.229280980e-01  1.067980484e+00
 7.436399217e-01  7.247618887e-01  1.066334585e+00
 7.455968689e-01  7.265985211e-01  1.064677165e+00
 7.475538160e-01  7.284380257e-01  1.063005920e+00
 7.495107632e-01  7.302804377e-01  1.061320298e+00
 7.514677104e-01  7.321257902e-01  1.059621683e+00
 7.534246575e-01  7.339741139e-01  1.057910856e+00
 7.553816047e-01  7.358254398e-01  1.056187025e+00
 7.573385519e-01  7.376798019e-01  1.054447121e+00
 7.592954990e-01  7.395372425e-01  1.052690545e+00
 7.612524462e-01  7.413977985e-01  1.050917810e+00
 7.632093933e-01  7.432615109e-01  1.049128861e+00
 7.651663405e-01  7.451284175e-01  1.047322910e+00
 7.671232877e-01  7.469985629e-01  1.045498195e+00
 7.690802348e-01  7.488719919e-01  1.043655472e+00
 7.710371820e-01  7.507487473e-01  1.041795349e+00
 7.729941292e-01  7.526288724e-01  1.039916557e+00
 7.749510763e-01  7.545124154e-01  1.038016484e+00
 7.769080235e-01  7.563994301e-01  1.036092961e+00
 7.788649706e-01  7.582899733e-01  1.034146908e+00
 7.808219178e-01  7.601840967e-01  1.032180567e+00
 7.827788650e-01  7.620818501e-01  1.030193281e+00
 7.847358121e-01  7.639832883e-01  1.028182878e+00
 7.866927593e-01  7.658884704e-01  1.026149667e+00
 7.886497065e-01  7.677974513e-01  1.024095352e+00
 7.906066536e-01  7.697102848e-01  1.022022242e+00
 7.925636008e-01  7.716270181e-01  1.019931647e+00
 7.945205479e-01  7.735477014e-01  1.017823738e+00
 7.964774951e-01  7.754723822e-01  1.015701887e+00
 7.984344423e-01  7.774010987e-01  1.013570517e+00
 8.003913894e-01  7.793338826e-01  1.011433954e+00
 8.023483366e-01  7.812707562e-01  1.009296702e+00
 8.043052838e-01  7.832117345e-01  1.007162223e+00
 8.062622309e-01  7.851568264e-01  1.005033659e+00
 8.082191781e-01  7.871060350e-01  1.002913436e+00
 8.101761252e-01  7.890593597e-01  1.000805658e+00
 8.121330724e-01  7.910167872e-01  9.987169945e-01
 8.140900196e-01  7.929782905e-01  9.966497419e-01
 8.160469667e-01  7.949438465e-01  9.946026279e-01
 8.180039139e-01  7.969134324e-01  9.925790647e-01
 8.199608611e-01  7.988870108e-01  9.905910890e-01
 8.219178082e-01  8.008645098e-01  9.886480722e-01
 8.238747554e-01  8.028458530e-01  9.867533931e-01
 8.258317025e-01  8.048309531e-01  9.849110937e-01
 8.277886497e-01  8.068197152e-01  9.831355342e-01
 8.297455969e-01  8.088119916e-01  9.814439467e-01
 8.317025440e-01  8.108076147e-01  9.798467514e-01
 8.336594912e-01  8.128063909e-01  9.783419282e-01
 8.356164384e-01  8.148081575e-01  9.769304109e-01
 8.375733855e-01  8.168127132e-01  9.756341421e-01
 8.395303327e-01  8.188198021e-01  9.744739238e-01
 8.414872798e-01  8.208291335e-01  9.734555243e-01
 8.434442270e-01  8.228404236e-01  9.725648006e-01
 8.454011742e-01  8.248534368e-01  9.718133492e-01
 8.473581213e-01  8.268678381e-01  9.712371026e-01
 8.493150685e-01  8.288832404e-01  9.708370082e-01
 8.512720157e-01  8.308993022e-01  9.705947224e-01
 8.532289628e-01  8.329157107e-01  9.704789345e-01
 8.551859100e-01  8.349322536e-01  9.704719210e-01
 8.571428571e-01  8.369486912e-01  9.705874757e-01
 8.590998043e-01  8.389647540e-01  9.708056319e-01
 8.610567515e-01  8.409802855e-01  9.710977251e-01
 8.630136986e-01  8.429951358e-01  9.714383056e-01
 8.649706458e-01  8.450092543e-01  9.718075641e-01
 8.669275930e-01  8.470225737e-01  9.721919730e-01
 8.688845401e-01  8.490350997e-01  9.725780046e-01
 8.708414873e-01  8.510468212e-01  9.729493847e-01
 8.727984344e-01  8.530578111e-01  9.732905836e-01
 8.747553816e-01  8.550681224e-01  9.735787172e-01
 8.767123288e-01  8.570779221e-01  9.737958892e-01
 8.786692759e-01  8.590873367e-01  9.739260488e-01
 8.806262231e-01  8.610965992e-01  9.739550954e-01
 8.825831703e-01  8.631058940e-01  9.738897623e-01
 8.845401174e-01  8.651154261e-01  9.737471674e-01
 8.864970646e-01  8.671253094e-01  9.734878954e-01
 8.884540117e-01  8.691359122e-01  9.730685488e-01
 8.904109589e-01  8.711475284e-01  9.725078430e-01
 8.923679061e-01  8.731604506e-01  9.718150655e-01
 8.943248532e-01  8.751749361e-01  9.709980641e-01
 8.962818004e-01  8.771912474e-01  9.700407945e-01
 8.982387476e-01  8.792097113e-01  9.689601234e-01
 9.001956947e-01  8.812305230e-01  9.677334892e-01
 9.021526419e-01  8.832541079e-01  9.663286530e-01
 9.041095890e-01  8.852808002e-01  9.647758050e-01
 9.060665362e-01  8.873109052e-01  9.630849071e-01
 9.080234834e-01  8.893447211e-01  9.612898820e-01
 9.099804305e-01  8.913824153e-01  9.593746854e-01
 9.119373777e-01  8.934243606e-01  9.572931217e-01
 9.138943249e-01  8.954709272e-01  9.550842886e-01
 9.158512720e-01  8.975223289e-01  9.527459018e-01
 9.178082192e-01  8.995789553e-01  9.502570397e-01
 9.197651663e-01  9.016411182e-01  9.476834331e-01
 9.217221135e-01  9.037089304e-01  9.449972522e-01
 9.236790607e-01  9.057828353e-01  9.421469388e-01
 9.256360078e-01  9.078631796e-01  9.392074519e-01
 9.275929550e-01  9.099500868e-01  9.361857146e-01
 9.295499022e-01  9.120438838e-01  9.330103876e-01
 9.315068493e-01  9.141450222e-01  9.296965529e-01
 9.334637965e-01  9.162537735e-01  9.264342580e-01
 9.354207436e-01  9.183697334e-01  9.230464824e-01
 9.373776908e-01  9.204939980e-01  9.193406760e-01
 9.393346380e-01  9.226270536e-01  9.154830775e-01
 9.412915851e-01  9.247692602e-01  9.117790948e-01
 9.432485323e-01  9.269196756e-01  9.079174667e-01
 9.452054795e-01  9.290801554e-01  9.035462762e-01
 9.471624266e-01  9.312514327e-01  8.989617778e-01
 9.491193738e-01  9.334340079e-01  8.944784095e-01
 9.510763209e-01  9.356270995e-01  8.904018286e-01
 9.530332681e-01  9.378296985e-01  8.857669542e-01
 9.549902153e-01  9.400458326e-01  8.801787420e-01
 9.569471624e-01  9.422764975e-01  8.743194665e-01
 9.589041096e-01  9.445224406e-01  8.682942595e-01
 9.608610568e-01  9.467841748e-01  8.707555567e-01
 9.628180039e-01  9.490176222e-01  8.776547004e-01
 9.647749511e-01  9.512436915e-01  8.721270899e-01
 9.667318982e-01  9.535059630e-01  8.565515578e-01
 9.686888454e-01  9.558139689e-01  8.384687777e-01
 9.706457926e-01  9.581750778e-01  8.189366536e-01
 9.726027397e-01  9.605946374e-01  7.988393864e-01
 9.745596869e-01  9.630761181e-01  7.788837060e-01
 9.765166341e-01  9.656212541e-01  7.596124189e-01
 9.784735812e-01  9.682301857e-01  7.414270080e-01
 9.804305284e-01  9.709015993e-01  7.246132863e-01
 9.823874755e-01  9.736328678e-01  7.093663362e-01
 9.843444227e-01  9.764201893e-01  6.958127546e-01
 9.863013699e-01  9.792587248e-01  6.840293829e-01
 9.882583170e-01  9.821427339e-01  6.740584593e-01
 9.902152642e-01  9.850657090e-01  6.659195175e-01
 9.921722114e-01  9.880205069e-01  6.596184903e-01
 9.941291585e-01  9.909994787e-01  6.551545239e-01
 9.960861057e-01  9.939945960e-01  6.525249419e-01
 9.980430528e-01  9.969975755e-01  6.517287465e-01
 1.000000000e+00  1.000000000e+00  6.518492038e-01
4  3.859874727e-01  6.746527679e-01  1.012001650e+00  7.489534634e-01  9.609723266e-01  5.994984762e+01  4.574338460e-01  9.903314492e-01  3.256600559e-01  2.653363166e+00
5  5.078212053e-01  9.442267263e-01  1.007989363e+00  6.146617918e-01  9.343482514e-01  3.553010709e+01  4.034681366e-01  1.040613110e+00  4.903200169e-01  2.781627900e+00
6  6.070504770e-01  1.095951584e+00  1.005201793e+00  5.244709675e-01  9.128463796e-01  2.586889321e+01  3.720579216e-01  1.115452989e+00  6.121062953e-01  2.763306546e+00
7  6.938661119e-01  1.213871823e+00  1.003082769e+00  4.597223875e-01  8.983617759e-01  2.069699584e+01  3.507926086e-01  1.198304593e+00  7.102762011e-01  2.701572734e+00
8  7.706561925e-01  1.343252314e+00  1.001431610e+00  4.108988651e-01  8.963143008e-01  1.780595310e+01  3.358271940e-01  1.290986244e+00  7.915729061e-01  2.621164263e+00
9  8.357954179e-01  1.625689338e+00  1.000250703e+00  3.723859357e-01  9.166970864e-01  1.667114565e+01  3.259811535e-01  1.411109970e+00  8.560235961e-01  2.523879399e+00
10  8.837704109e-01  2.229300704e+00  9.995527251e-01  3.407173404e-01  9.744518310e-01  1.737269905e+01  3.206364199e-01  1.582897604e+00  9.026514626e-01  2.400199945e+00
11  9.176926935e-01  2.761806475e+00  9.992033790e-01  3.140240923e-01  1.085800675e+00  2.026668389e+01  3.186968611e-01  1.857616054e+00  9.347954135e-01  2.264961059e+00
12  9.542473585e-01  1.677935892e+00  9.994328545e-01  2.929320181e-01  1.238152474e+00  2.454416546e+01  3.201934060e-01  2.133263895e+00  9.673648802e-01  2.159412442e+00
13  9.798759066e-01  5.226575896e+00  9.998730167e-01  2.741448921e-01  1.448519772e+00  3.169307142e+01  3.239312358e-01  2.799226369e+00  9.867228168e-01  2.047740087e+00
14  9.901492485e-01  9.929425996e+00  9.999276450e-01  2.564053175e-01  1.661793427e+00  3.982182163e+01  3.274136265e-01  4.314846361e+00  9.935716978e-01  1.921513584e+00
0 0 -1.251550217e-01  8.678273324e-18
0 1  1.351600794e-02 -4.597001106e-03
0 2 -1.386406093e-02  5.394090792e-03
0 3  4.576818406e-03 -6.255255425e-03
0 4 -1.329084022e-03  5.949660402e-03
0 5 -3.057039195e-03 -3.721975860e-03
0 6  3.655843023e-03 -6.818840837e-04
0 7  9.604439360e-05  3.266336512e-03
0 8 -2.763182673e-03  8.206648528e-04
0 9 -2.060799434e-03 -1.532606005e-03
0 10 -7.511174622e-04 -2.217071107e-03
1 0 -1.079941320e-01 -3.673045670e-02
1 1 -9.678011245e-02  1.125432658e-18
1 2  9.723087913e-03 -6.594833486e-03
1 3 -1.313016896e-02  8.040340669e-03
1 4  1.073807608e-03 -8.433097331e-03
1 5  2.509046147e-03  5.810978052e-03
1 6 -5.821319882e-03  1.683255713e-04
1 7  1.343536893e-04 -4.558332295e-03
1 8  3.685337752e-03 -5.940607748e-04
1 9  2.307499358e-03  2.462962898e-03
1 10  4.208018761e-04  3.124645780e-03
2 0  1.107751071e-01  4.309927574e-02
2 1 -1.004657637e-01 -6.814244497e-02
2 2 -7.777574012e-02 -3.759071368e-17
2 3  5.703792163e-03 -8.181403142e-03
2 4 -9.573856233e-03  9.469443312e-03
2 5 -4.069478039e-03 -7.849529060e-03
2 6  5.216818689e-03  1.320474759e-03
2 7 -2.453402711e-03  5.103636447e-03
2 8 -4.977466790e-03 -4.031276823e-04
2 9 -2.373728145e-03 -3.428321213e-03
2 10 -1.822134971e-05 -3.642018655e-03
3 0 -3.656919509e-02 -4.998005943e-02
3 1  1.356701147e-01  8.307843900e-02
3 2 -7.333639198e-02 -1.051922248e-01
3 3 -6.444450367e-02  3.502480423e-17
3 4  2.130479989e-03 -9.610396295e-03
3 5 -5.189944715e-03  9.599466565e-03
3 6 -8.664724896e-03 -4.141120140e-03
3 7  2.452231442e-03 -4.733473690e-03
3 8  3.593920145e-03  2.279317166e-03
3 9  1.902098058e-05  4.389368815e-03
3 10 -2.349227959e-03  3.654075586e-03
4 0  1.061950215e-02  4.753832742e-02
4 1 -1.109533334e-02 -8.713667630e-02
4 2  1.230956622e-01  1.217531752e-01
4 3 -3.305914187e-02 -1.491267020e-01
4 4 -5.461490186e-02  3.717574456e-17
4 5 -1.490663999e-03 -1.092315319e-02
4 6 -8.048661972e-04  7.781400691e-03
4 7 -9.753719197e-03  2.196928994e-03
4 8 -4.976233058e-03 -4.882876212e-03
4 9  4.631256511e-04 -4.569809701e-03
4 10  2.576467686e-03 -2.455257317e-03
5 0  2.442602104e-02 -2.973892544e-02
5 1 -2.592522455e-02  6.004310085e-02
5 2  5.232323129e-02 -1.009251606e-01
5 3  8.053355088e-02  1.489571029e-01
5 4  2.729408913e-02 -2.000031644e-01
5 5 -4.679292100e-02 -6.889925678e-19
5 6 -5.576686207e-03 -1.179301467e-02
5 7  2.236377065e-03  2.978724027e-03
5 8 -4.535650336e-03  6.090618639e-03
5 9 -7.256977881e-03  2.128882746e-03
5 10 -6.772823515e-03 -9.828460263e-04
6 0 -2.921051806e-02 -5.448315811e-03
6 1  6.014995989e-02  1.739257860e-03
6 2 -6.707514041e-02  1.697797742e-02
6 3  1.344525041e-01 -6.425870175e-02
6 4  1.473711697e-02  1.424776101e-01
6 5  1.191779886e-01 -2.520256145e-01
6 6 -3.995682961e-02  2.601208512e-17
6 7 -9.748433061e-03 -1.128457193e-02
6 8  1.605570502e-03 -3.069729680e-03
6 9  1.159095972e-03  2.830563118e-03
6 10 -1.177493723e-03  4.413979912e-03
7 0 -7.674034351e-04  2.609832563e-02
7 1 -1.388236549e-03 -4.709988633e-02
7 2  3.154457556e-02  6.561990203e-02
7 3 -3.805183223e-02 -7.345038631e-02
7 4  1.785908033e-01  4.022581603e-02
7 5 -4.779306393e-02  6.365757819e-02
7 6  2.439741380e-01 -2.824191017e-01
7 7 -3.373429244e-02 -3.131576889e-17
7 8 -1.064264288e-02 -7.987305156e-03
7 9 -2.234870295e-03 -6.121769563e-03
7 10  5.493178000e-04 -3.355313468e-03
8 0  2.207808072e-02  6.557186770e-03
8 1 -3.807949442e-02 -6.138252578e-03
8 2  6.399767823e-02 -5.183205994e-03
8 3 -5.576767513e-02  3.536868214e-02
8 4  9.111493181e-02 -8.940556599e-02
8 5  9.693026720e-02  1.301611122e-01
8 6 -4.018263004e-02 -7.682615737e-02
8 7  3.154843961e-01 -2.367710890e-01
8 8 -3.026514715e-02  6.278777692e-17
8 9 -1.315595857e-02 -5.943478692e-03
8 10 -7.641391910e-03 -7.149547319e-03
9 0  1.646597480e-02 -1.224566129e-02
9 1 -2.384270177e-02  2.544906010e-02
9 2  3.052016144e-02 -4.407957042e-02
9 3 -2.951528757e-04  6.811083281e-02
9 4 -8.479840398e-03 -8.367331159e-02
9 5  1.550870885e-01  4.549582928e-02
9 6 -2.900870723e-02  7.084053328e-02
9 7  6.624921212e-02 -1.814702228e-01
9 8  4.346900581e-01 -1.963803005e-01
9 9 -2.492230475e-02  5.153671178e-17
9 10 -1.369395614e-02 -3.595468990e-03
10 0  6.001496798e-03 -1.771459967e-02
10 1 -4.348020120e-03  3.228603171e-02
10 2  2.342806341e-04 -4.682718093e-02
10 3  3.645350379e-02  5.670112078e-02
10 4 -4.717517745e-02 -4.495581304e-02
10 5  1.447403447e-01 -2.100416057e-02
10 6  2.946914794e-02  1.104687222e-01
10 7 -1.628366153e-02 -9.946298636e-02
10 8  2.524815714e-01 -2.362303836e-01
10 9  5.494658812e-01 -1.442671144e-01
10 10 -1.869343109e-02  7.023942214e-17
0 0 -8.299321195e+00  4.260313819e-16
0 1 -8.594955984e-01  4.000476352e-01
0 2  1.180606657e+00 -3.811986774e-01
0 3 -2.359869338e-01  3.078548256e-01
0 4  7.846561886e-02 -2.491757103e-01
0 5  1.028897306e-01  1.416448307e-01
0 6 -1.243613503e-01  1.569664173e-02
0 7  2.436524350e-03 -1.002287066e-01
0 8  7.519782909e-02 -3.454031309e-02
0 9  5.622541237e-02  4.147159563e-02
0 10 -1.960404297e-02  8.745202739e-02
1 0 -8.594955984e-01 -4.000476352e-01
1 1 -1.094724463e+01  4.634153195e-16
1 2 -8.486958745e-01  9.291394583e-01
1 3  1.855775422e+00 -9.461861563e-01
1 4 -1.046009824e-01  6.712701401e-01
1 5 -1.215298076e-01 -4.059519848e-01
1 6  3.385831274e-01  1.417070814e-02
1 7 -2.864764569e-02  2.344392690e-01
1 8 -1.701356771e-01  4.868811919e-02
1 9 -9.972164964e-02 -1.030420304e-01
1 10  7.725228321e-02 -1.716200843e-01
2 0  1.180606657e+00  3.811986774e-01
2 1 -8.486958745e-01 -9.291394583e-01
2 2 -1.379084802e+01 -6.614926131e-16
2 3 -5.279270551e-01  1.729582716e+00
2 4  2.138827137e+00 -1.716677803e+00
2 5  4.457336970e-01  9.570642598e-01
2 6 -4.992183954e-01 -2.037460237e-01
2 7  2.544260102e-01 -4.199018189e-01
2 8  3.519071878e-01  1.181588322e-02
2 9  1.279790593e-01  2.218870430e-01
2 10 -1.785512814e-01  2.510655267e-01
3 0 -2.359869338e-01 -3.078548256e-01
3 1  1.855775422e+00  9.461861563e-01
3 2 -5.279270551e-01 -1.729582716e+00
3 3 -1.688631647e+01 -3.841334908e-14
3 4  1.924180225e-01  2.880936714e+00
3 5  1.928274752e+00 -2.602810939e+00
3 6  1.478770017e+00  8.039430166e-01
3 7 -4.597435637e-01  5.420918101e-01
3 8 -4.195103038e-01 -2.670140874e-01
3 9  1.471646140e-02 -4.144465174e-01
3 10  5.087702587e-01 -2.720031166e-01
4 0  7.846561886e-02  2.491757103e-01
4 1 -1.046009824e-01 -6.712701401e-01
4 2  2.138827137e+00  1.716677803e+00
4 3  1.924180225e-01 -2.880936714e+00
4 4 -2.043138599e+01 -1.080459440e-14
4 5  1.595168396e+00  4.497445156e+00
4 6  1.038573146e+00 -3.326899974e+00
4 7  2.518401726e+00 -3.568459969e-01
4 8  7.949544054e-01  8.658233514e-01
4 9 -2.192857948e-01  5.561511860e-01
4 10 -7.017521876e-01 -1.434860184e-01
5 0  1.028897306e-01 -1.416448307e-01
5 1 -1.215298076e-01  4.059519848e-01
5 2  4.457336970e-01 -9.570642598e-01
5 3  1.928274752e+00  2.602810939e+00
5 4  1.595168396e+00 -4.497445156e+00
5 5 -2.469463031e+01  4.064005111e-14
5 6  4.273354817e+00  6.758910182e+00
5 7 -3.233056050e-01 -3.223254959e+00
5 8  1.669794400e+00 -2.026976348e+00
5 9  1.558380949e+00 -3.324683235e-01
5 10  1.311607710e+00  8.660831020e-01
6 0 -1.243613503e-01 -1.569664173e-02
6 1  3.385831274e-01 -1.417070814e-02
6 2 -4.992183954e-01  2.037460237e-01
6 3  1.478770017e+00 -8.039430166e-01
6 4  1.038573146e+00  3.326899974e+00
6 5  4.273354817e+00 -6.758910182e+00
6 6 -2.997172167e+01  3.663556532e-15
6 7  8.316732431e+00  8.481387550e+00
6 8 -1.073881667e+00 -3.287216650e-01
6 9 -1.053915567e-01 -1.964726686e+00
6 10  1.947218742e+00 -2.741211608e+00
7 0  2.436524350e-03  1.002287066e-01
7 1 -2.864764569e-02 -2.344392690e-01
7 2  2.544260102e-01  4.199018189e-01
7 3 -4.597435637e-01 -5.420918101e-01
7 4  2.518401726e+00  3.568459969e-01
7 5 -3.233056050e-01  3.223254959e+00
7 6  8.316732431e+00 -8.481387550e+00
7 7 -3.493812342e+01 -4.887556221e-14
7 8  1.091500261e+01  7.347428655e+00
7 9  4.500238483e-02  1.667725492e+00
7 10 -1.295051220e+00 -2.163481123e+00
8 0  7.519782909e-02  3.454031309e-02
8 1 -1.701356771e-01 -4.868811919e-02
8 2  3.519071878e-01 -1.181588322e-02
8 3 -4.195103038e-01  2.670140874e-01
8 4  7.949544054e-01 -8.658233514e-01
8 5  1.669794400e+00  2.026976348e+00
8 6 -1.073881667e+00  3.287216650e-01
8 7  1.091500261e+01 -7.347428655e+00
8 8 -4.249502417e+01 -1.611120143e-13
8 9  1.570191313e+01  6.274924750e+00
8 10  2.244929498e+00  3.510036657e+00
9 0  5.622541237e-02 -4.147159562e-02
9 1 -9.972164964e-02  1.030420304e-01
9 2  1.279790593e-01 -2.218870430e-01
9 3  1.471646140e-02  4.144465174e-01
9 4 -2.192857948e-01 -5.561511860e-01
9 5  1.558380949e+00  3.324683235e-01
9 6 -1.053915567e-01  1.964726686e+00
9 7  4.500238483e-02 -1.667725492e+00
9 8  1.570191313e+01 -6.274924750e+00
9 9 -5.738882623e+01 -2.561684621e-13
9 10  2.939352752e+01  7.717529955e+00
10 0 -1.960404297e-02 -8.745202739e-02
10 1  7.725228321e-02  1.716200843e-01
10 2 -1.785512814e-01 -2.510655267e-01
10 3  5.087702587e-01  2.720031166e-01
10 4 -7.017521876e-01  1.434860184e-01
10 5  1.311607710e+00 -8.660831020e-01
10 6  1.947218742e+00  2.741211608e+00
10 7 -1.295051220e+00  2.163481123e+00
10 8  2.244929498e+00 -3.510036657e+00
10 9  2.939352752e+01 -7.717529955e+00
10 10 -5.349472739e+01 -2.010031610e-13
0  2.915267713e-02  2.676564598e-03 -1.131311291e-01 -2.828699674e-02
1  4.910072273e-02  5.057773099e-03  1.397038194e-01  6.040141094e-02
2  6.890381430e-02  6.192571201e-03 -1.339705389e-01 -1.055149077e-01
3  9.668281536e-02  9.812622317e-03  8.877716420e-02  1.587183509e-01
4  1.307932680e-01  1.156721554e-02  1.192970944e-02 -1.882940810e-01
5  1.681054427e-01  1.604555409e-02 -1.456923828e-01  1.234209466e-01
6  2.020923964e-01  1.875082293e-02  1.743104603e-01  7.161448315e-02
7  2.247342737e-01  1.991074449e-02  4.806013942e-02 -1.761331034e-01
8  2.550879492e-01  2.287036732e-02 -1.538341985e-01 -8.554070284e-02
9  2.689680463e-01  2.462467944e-02 -1.509692310e-01  7.019212562e-02
10  2.610207681e-01  2.064177218e-02 -7.852906495e-02  1.356023095e-01
