 1.695500020e+00 -1.821144970e+00  8.558830479e-01  3.752512964e+00  9.338384417e-01  9.840278220e-01  7.103868040e+00 512 3 11
 0.000000000e+00  0.000000000e+00 -5.601250541e-05
 1.956947162e-03  2.884463593e-02  1.357448225e-01
 3.913894325e-03  4.078754558e-02  1.920139538e-01
 5.870841487e-03  4.994878502e-02  2.352295362e-01
 7.827788650e-03  5.767003606e-02  2.716809270e-01
 9.784735812e-03  6.447113836e-02  3.038038978e-01
 1.174168297e-02  7.061878445e-02  3.328460978e-01
 1.369863014e-02  7.627146001e-02  3.595475782e-01
 1.565557730e-02  8.153246918e-02  3.843897020e-01
 1.761252446e-02  8.647359921e-02  4.077061948e-01
 1.956947162e-02  9.114714319e-02  4.297395412e-01
 2.152641879e-02  9.559259865e-02  4.506723951e-01
 2.348336595e-02  9.984066821e-02  4.706463300e-01
 2.544031311e-02  1.039157824e-01  4.897690625e-01
 2.739726027e-02  1.078378311e-01  5.081155665e-01
 2.935420744e-02  1.116233797e-01  5.257982983e-01
 3.131115460e-02  1.152856305e-01  5.429029928e-01
 3.326810176e-02  1.188360436e-01  5.594623577e-01
 3.522504892e-02  1.222844187e-01  5.755238554e-01
 3.718199609e-02  1.256391956e-01  5.911243730e-01
 3.913894325e-02  1.289077637e-01  6.062953692e-01
 4.109589041e-02  1.320965898e-01  6.210668620e-01
 4.305283757e-02  1.352113909e-01  6.354662958e-01
 4.500978474e-02  1.382572242e-01  6.495220452e-01
 4.696673190e-02  1.412385772e-01  6.632575720e-01
 4.892367906e-02  1.441594795e-01  6.766892626e-01
 5.088062622e-02  1.470235797e-01  6.898294092e-01
 5.283757339e-02  1.498342007e-01  7.026908864e-01
 5.479452055e-02  1.525943601e-01  7.152909240e-01
 5.675146771e-02  1.553067851e-01  7.276460526e-01
 5.870841487e-02  1.579739648e-01  7.397669007e-01
 6.066536204e-02  1.605981952e-01  7.516577845e-01
 6.262230920e-02  1.631816205e-01  7.633238529e-01
 6.457925636e-02  1.657262193e-01  7.747830374e-01
 6.653620352e-02  1.682337644e-01  7.860526055e-01
 6.849315068e-02  1.707058989e-01  7.971300284e-01
 7.045009785e-02  1.731442126e-01  8.080121817e-01
 7.240704501e-02  1.755501863e-01  8.187125174e-01
 7.436399217e-02  1.779251623e-01  8.292436309e-01
 7.632093933e-02  1.802703975e-01  8.396101219e-01
 7.827788650e-02  1.825870738e-01  8.498168107e-01
 8.023483366e-02  1.848762989e-01  8.598637958e-01
 8.219178082e-02  1.871391404e-01  8.697526410e-01
 8.414872798e-02  1.893765939e-01  8.794913849e-01
 8.610567515e-02  1.915895885e-01  8.890881968e-01
 8.806262231e-02  1.937789908e-01  8.985521254e-01
 9.001956947e-02  1.959456058e-01  9.078766100e-01
 9.197651663e-02  1.980902567e-01  9.170568514e-01
 9.393346380e-02  2.002137027e-01  9.261068922e-01
 9.589041096e-02  2.023166357e-01  9.350339699e-01
 9.784735812e-02  2.043997221e-01  9.438380817e-01
 9.980430528e-02  2.064635994e-01  9.525189688e-01
 1.017612524e-01  2.085088839e-01  9.610769314e-01
 1.037181996e-01  2.105361635e-01  9.695147742e-01
 1.056751468e-01  2.125459967e-01  9.778360766e-01
 1.076320939e-01  2.145389142e-01  9.860498899e-01
 1.095890411e-01  2.165153988e-01  9.941572011e-01
 1.115459883e-01  2.184759402e-01  1.002149003e+00
 1.135029354e-01  2.204210226e-01  1.010026199e+00
 1.154598826e-01  2.223510988e-01  1.017799424e+00
 1.174168297e-01  2.242665809e-01  1.025475256e+00
 1.193737769e-01  2.261678682e-01  1.033051155e+00
 1.213307241e-01  2.280553557e-01  1.040521664e+00
 1.232876712e-01  2.299294369e-01  1.047888304e+00
 1.252446184e-01  2.317904768e-01  1.055155827e+00
 1.272015656e-01  2.336388283e-01  1.062327488e+00
 1.291585127e-01  2.354748231e-01  1.069408415e+00
 1.311154599e-01  2.372987762e-01  1.076398407e+00
 1.330724070e-01  2.391110007e-01  1.083288501e+00
 1.350293542e-01  2.409118232e-01  1.090078966e+00
 1.369863014e-01  2.427015381e-01  1.096781014e+00
 1.389432485e-01  2.444804175e-01  1.103400172e+00
 1.409001957e-01  2.462487225e-01  1.109932566e+00
 1.428571429e-01  2.480067229e-01  1.116370888e+00
 1.448140900e-01  2.497546886e-01  1.122716697e+00
 1.467710372e-01  2.514928704e-01  1.128976404e+00
 1.487279843e-01  2.532215048e-01  1.135152288e+00
 1.506849315e-01  2.549408231e-01  1.141247233e+00
 1.526418787e-01  2.566510416e-01  1.147260429e+00
 1.545988258e-01  2.583523827e-01  1.153183910e+00
 1.565557730e-01  2.600450754e-01  1.159017527e+00
 1.585127202e-01  2.617293318e-01  1.164770514e+00
 1.604696673e-01  2.634053437e-01  1.170450461e+00
 1.624266145e-01  2.650732921e-01  1.176053895e+00
 1.643835616e-01  2.667333698e-01  1.181569060e+00
 1.663405088e-01  2.683857825e-01  1.186997088e+00
 1.682974560e-01  2.700307113e-01  1.192348737e+00
 1.702544031e-01  2.716683232e-01  1.197625652e+00
 1.722113503e-01  2.732987874e-01  1.202827369e+00
 1.741682975e-01  2.749222651e-01  1.207952073e+00
 1.761252446e-01  2.765389234e-01  1.212994785e+00
 1.780821918e-01  2.781489299e-01  1.217955539e+00
 1.800391389e-01  2.797524448e-01  1.222840158e+00
 1.819960861e-01  2.813496141e-01  1.227655895e+00
 1.839530333e-01  2.829405727e-01  1.232401869e+00
 1.859099804e-01  2.845254636e-01  1.237067774e+00
 1.878669276e-01  2.861044428e-01  1.241651100e+00
 1.898238748e-01  2.876776539e-01  1.246160359e+00
 1.917808219e-01  2.892452260e-01  1.250600659e+00
 1.937377691e-01  2.908072849e-01  1.254972193e+00
 1.956947162e-01  2.923639546e-01  1.259271674e+00
 1.976516634e-01  2.939153646e-01  1.263493884e+00
 1.996086106e-01  2.954616473e-01  1.267638718e+00
 2.015655577e-01  2.970029280e-01  1.271710952e+00
 2.035225049e-01  2.985393231e-01  1.275717421e+00
 2.054794521e-01  3.000709376e-01  1.279660257e+00
 2.074363992e-01  3.015978792e-01  1.283529473e+00
 2.093933464e-01  3.031202729e-01  1.287318673e+00
 2.113502935e-01  3.046382382e-01  1.291035971e+00
 2.133072407e-01  3.061518773e-01  1.294689961e+00
 2.152641879e-01  3.076612860e-01  1.298279566e+00
 2.172211350e-01  3.091665662e-01  1.301799046e+00
 2.191780822e-01  3.106678240e-01  1.305246227e+00
 2.211350294e-01  3.121651634e-01  1.308622633e+00
 2.230919765e-01  3.136586840e-01  1.311929947e+00
 2.250489237e-01  3.151484831e-01  1.315171340e+00
 2.270058708e-01  3.166346506e-01  1.318350904e+00
 2.289628180e-01  3.181172720e-01  1.321465462e+00
 2.309197652e-01  3.195964420e-01  1.324507635e+00
 2.328767123e-01  3.210722602e-01  1.327477697e+00
 2.348336595e-01  3.225448183e-01  1.330383463e+00
 2.367906067e-01  3.240141965e-01  1.333230425e+00
 2.387475538e-01  3.254804722e-01  1.336014254e+00
 2.407045010e-01  3.269437331e-01  1.338730192e+00
 2.426614481e-01  3.284040652e-01  1.341377557e+00
 2.446183953e-01  3.298615557e-01  1.343958423e+00
 2.465753425e-01  3.313162843e-01  1.346476924e+00
 2.485322896e-01  3.327683274e-01  1.348936312e+00
 2.504892368e-01  3.342177561e-01  1.351335743e+00
 2.524461840e-01  3.356646471e-01  1.353669396e+00
 2.544031311e-01  3.371090824e-01  1.355933843e+00
 2.563600783e-01  3.385511446e-01  1.358134474e+00
 2.583170254e-01  3.399909026e-01  1.360280021e+00
 2.602739726e-01  3.414284191e-01  1.362368909e+00
 2.622309198e-01  3.428637653e-01  1.364393398e+00
 2.641878669e-01  3.442970188e-01  1.366352208e+00
 2.661448141e-01  3.457282523e-01  1.368250063e+00
 2.681017613e-01  3.471575325e-01  1.370090311e+00
 2.700587084e-01  3.485849237e-01  1.371872956e+00
 2.720156556e-01  3.500104916e-01  1.373596310e+00
 2.739726027e-01  3.514343033e-01  1.375261344e+00
 2.759295499e-01  3.528564213e-01  1.376866590e+00
 2.778864971e-01  3.542769148e-01  1.378410194e+00
 2.798434442e-01  3.556958494e-01  1.379897141e+00
 2.818003914e-01  3.571132831e-01  1.381331506e+00
 2.837573386e-01  3.585292724e-01  1.382709427e+00
 2.857142857e-01  3.599438823e-01  1.384028409e+00
 2.876712329e-01  3.613571739e-01  1.385289674e+00
 2.896281800e-01  3.627692090e-01  1.386495120e+00
 2.915851272e-01  3.641800441e-01  1.387648043e+00
 2.935420744e-01  3.655897337e-01  1.388746468e+00
 2.954990215e-01  3.669983378e-01  1.389789910e+00
 2.974559687e-01  3.684059114e-01  1.390781440e+00
 2.994129159e-01  3.698125077e-01  1.391717775e+00
 3.013698630e-01  3.712181879e-01  1.392598106e+00
 3.033268102e-01  3.726230063e-01  1.393428700e+00
 3.052837573e-01  3.740270112e-01  1.394210028e+00
 3.072407045e-01  3.754302555e-01  1.394939545e+00
 3.091976517e-01  3.768327922e-01  1.395615734e+00
 3.111545988e-01  3.782346770e-01  1.396238754e+00
 3.131115460e-01  3.796359622e-01  1.396814024e+00
 3.150684932e-01  3.810366925e-01  1.397342503e+00
 3.170254403e-01  3.824369180e-01  1.397819186e+00
 3.189823875e-01  3.838366931e-01  1.398245794e+00
 3.209393346e-01  3.852360643e-01  1.398625374e+00
 3.228962818e-01  3.866350797e-01  1.398956618e+00
 3.248532290e-01  3.880337882e-01  1.399240563e+00
 3.268101761e-01  3.894322358e-01  1.399477251e+00
 3.287671233e-01  3.908304713e-01  1.399666546e+00
 3.307240705e-01  3.922285407e-01  1.399810810e+00
 3.326810176e-01  3.936264880e-01  1.399908486e+00
 3.346379648e-01  3.950243623e-01  1.399960182e+00
 3.365949119e-01  3.964222063e-01  1.399969481e+00
 3.385518591e-01  3.978200620e-01  1.399933184e+00
 3.405088063e-01  3.992179785e-01  1.399849784e+00
 3.424657534e-01  4.006160008e-01  1.399724288e+00
 3.444227006e-01  4.020141680e-01  1.399558068e+00
 3.463796477e-01  4.034125224e-01  1.399350285e+00
 3.483365949e-01  4.048111049e-01  1.399097817e+00
 3.502935421e-01  4.062099640e-01  1.398799648e+00
 3.522504892e-01  4.076091428e-01  1.398462015e+00
 3.542074364e-01  4.090086774e-01  1.398087714e+00
 3.561643836e-01  4.104086055e-01  1.397672778e+00
 3.581213307e-01  4.118089713e-01  1.397215636e+00
 3.600782779e-01  4.132098156e-01  1.396717065e+00
 3.620352250e-01  4.146111814e-01  1.396178782e+00
 3.639921722e-01  4.160131061e-01  1.395603417e+00
 3.659491194e-01  4.174156275e-01  1.394991833e+00
 3.679060665e-01  4.188187818e-01  1.394343691e+00
 3.698630137e-01  4.202226075e-01  1.393656364e+00
 3.718199609e-01  4.216271461e-01  1.392928351e+00
 3.737769080e-01  4.230324397e-01  1.392163116e+00
 3.757338552e-01  4.244385228e-01  1.391366205e+00
 3.776908023e-01  4.258454266e-01  1.390537690e+00
 3.796477495e-01  4.272531859e-01  1.389672097e+00
 3.816046967e-01  4.286618429e-01  1.388766594e+00
 3.835616438e-01  4.300714386e-01  1.387825513e+00
 3.855185910e-01  4.314820067e-01  1.386854296e+00
 3.874755382e-01  4.328935774e-01  1.385853590e+00
 3.894324853e-01  4.343061834e-01  1.384820117e+00
 3.913894325e-01  4.357198617e-01  1.383750864e+00
 3.933463796e-01  4.371346517e-01  1.382647548e+00
 3.953033268e-01  4.385505872e-01  1.381513044e+00
 3.972602740e-01  4.399677018e-01  1.380349407e+00
 3.992172211e-01  4.413860256e-01  1.379158909e+00
 4.011741683e-01  4.428055879e-01  1.377938723e+00
 4.031311155e-01  4.442264247e-01  1.376684894e+00
 4.050880626e-01  4.456485739e-01  1.375398935e+00
 4.070450098e-01  4.470720690e-01  1.374085685e+00
 4.090019569e-01  4.484969379e-01  1.372748976e+00
 4.109589041e-01  4.499232066e-01  1.371387573e+00
 4.129158513e-01  4.513509059e-01  1.369994971e+00
 4.148727984e-01  4.527800757e-01  1.368570917e+00
 4.168297456e-01  4.542107479e-01  1.367121559e+00
 4.187866928e-01  4.556429496e-01  1.365650024e+00
 4.207436399e-01  4.570767066e-01  1.364155980e+00
 4.227005871e-01  4.585120472e-01  1.362636130e+00
 4.246575342e-01  4.599490044e-01  1.361088412e+00
 4.266144814e-01  4.613876113e-01  1.359515866e+00
 4.285714286e-01  4.628278947e-01  1.357921131e+00
 4.305283757e-01  4.642698825e-01  1.356305420e+00
 4.324853229e-01  4.657135996e-01  1.354669593e+00
 4.344422701e-01  4.671590721e-01  1.353010556e+00
 4.363992172e-01  4.686063318e-01  1.351326928e+00
 4.383561644e-01  4.700554085e-01  1.349621377e+00
 4.403131115e-01  4.715063285e-01  1.347897359e+00
 4.422700587e-01  4.729591144e-01  1.346156845e+00
 4.442270059e-01  4.744137888e-01  1.344397046e+00
 4.461839530e-01  4.758703807e-01  1.342614588e+00
 4.481409002e-01  4.773289201e-01  1.340811713e+00
 4.500978474e-01  4.787894318e-01  1.338992562e+00
 4.520547945e-01  4.802519371e-01  1.337159033e+00
 4.540117417e-01  4.817164568e-01  1.335308746e+00
 4.559686888e-01  4.831830181e-01  1.333439594e+00
 4.579256360e-01  4.846516466e-01  1.331553140e+00
 4.598825832e-01  4.861223663e-01  1.329651728e+00
 4.618395303e-01  4.875951981e-01  1.327736981e+00
 4.637964775e-01  4.890701628e-01  1.325808056e+00
 4.657534247e-01  4.905472834e-01  1.323864334e+00
 4.677103718e-01  4.920265825e-01  1.321906676e+00
 4.696673190e-01  4.935080814e-01  1.319935675e+00
 4.716242661e-01  4.949918018e-01  1.317952150e+00
 4.735812133e-01  4.964777634e-01  1.315957264e+00
 4.755381605e-01  4.979659856e-01  1.313951003e+00
 4.774951076e-01  4.994564886e-01  1.311933713e+00
 4.794520548e-01  5.009492910e-01  1.309905272e+00
 4.814090020e-01  5.024444138e-01  1.307866169e+00
 4.833659491e-01  5.039418748e-01  1.305818342e+00
 4.853228963e-01  5.054416907e-01  1.303761950e+00
 4.872798434e-01  5.069438793e-01  1.301696523e+00
 4.892367906e-01  5.084484586e-01  1.299622583e+00
 4.911937378e-01  5.099554454e-01  1.297541133e+00
 4.931506849e-01  5.114648558e-01  1.295453138e+00
 4.951076321e-01  5.129767044e-01  1.293358566e+00
 4.970645793e-01  5.144910077e-01  1.291257118e+00
 4.990215264e-01  5.160077812e-01  1.289150138e+00
 5.009784736e-01  5.175270385e-01  1.287038793e+00
 5.029354207e-01  5.190487926e-01  1.284923288e+00
 5.048923679e-01  5.205730566e-01  1.282802945e+00
 5.068493151e-01  5.220998455e-01  1.280677958e+00
 5.088062622e-01  5.236291721e-01  1.278550247e+00
 5.107632094e-01  5.251610469e-01  1.276421116e+00
 5.127201566e-01  5.266954797e-01  1.274290275e+00
 5.146771037e-01  5.282324819e-01  1.272156637e+00
 5.166340509e-01  5.297720661e-01  1.270020876e+00
 5.185909980e-01  5.313142422e-01  1.267884823e+00
 5.205479452e-01  5.328590184e-01  1.265749610e+00
 5.225048924e-01  5.344064018e-01  1.263615102e+00
 5.244618395e-01  5.359564013e-01  1.261480377e+00
 5.264187867e-01  5.375090263e-01  1.259346035e+00
 5.283757339e-01  5.390642842e-01  1.257213533e+00
 5.303326810e-01  5.406221808e-01  1.255083654e+00
 5.322896282e-01  5.421827217e-01  1.252956436e+00
 5.342465753e-01  5.437459127e-01  1.250831683e+00
 5.362035225e-01  5.453117598e-01  1.248709828e+00
 5.381604697e-01  5.468802678e-01  1.246591731e+00
 5.401174168e-01  5.484514404e-01  1.244477908e+00
 5.420743640e-01  5.500252814e-01  1.242368490e+00
 5.440313112e-01  5.516017940e-01  1.240263740e+00
 5.459882583e-01  5.531809811e-01  1.238164164e+00
 5.479452055e-01  5.547628449e-01  1.236070343e+00
 5.499021526e-01  5.563473866e-01  1.233982355e+00
 5.518590998e-01  5.579346081e-01  1.231900415e+00
 5.538160470e-01  5.595245102e-01  1.229825020e+00
 5.557729941e-01  5.611170933e-01  1.227756463e+00
 5.577299413e-01  5.627123573e-01  1.225695239e+00
 5.596868885e-01  5.643103013e-01  1.223641495e+00
 5.616438356e-01  5.659109247e-01  1.221595393e+00
 5.636007828e-01  5.675142261e-01  1.219557295e+00
 5.655577299e-01  5.691202038e-01  1.217527357e+00
 5.675146771e-01  5.707288559e-01  1.215505721e+00
 5.694716243e-01  5.723401802e-01  1.213492755e+00
 5.714285714e-01  5.739541736e-01  1.211488947e+00
 5.733855186e-01  5.755708326e-01  1.209494392e+00
 5.753424658e-01  5.771901536e-01  1.207509044e+00
 5.772994129e-01  5.788121330e-01  1.205532881e+00
 5.792563601e-01  5.804367673e-01  1.203565890e+00
 5.812133072e-01  5.820640527e-01  1.201608995e+00
 5.831702544e-01  5.836939828e-01  1.199662634e+00
 5.851272016e-01  5.853265528e-01  1.197726291e+00
 5.870841487e-01  5.869617573e-01  1.195799756e+00
 5.890410959e-01  5.885995919e-01  1.193883037e+00
 5.909980431e-01  5.902400511e-01  1.191976814e+00
 5.929549902e-01  5.918831283e-01  1.190081599e+00
 5.949119374e-01  5.935288166e-01  1.188197185e+00
 5.968688845e-01  5.951771095e-01  1.186323178e+00
 5.988258317e-01  5.968280012e-01  1.184459574e+00
 6.007827789e-01  5.984814850e-01  1.182606638e+00
 6.027397260e-01  6.001375540e-01  1.180764678e+00
 6.046966732e-01  6.017962006e-01  1.178933870e+00
 6.066536204e-01  6.034574171e-01  1.177113963e+00
 6.086105675e-01  6.051211963e-01  1.175304920e+00
 6.105675147e-01  6.067875307e-01  1.173506846e+00
 6.125244618e-01  6.084564124e-01  1.171719495e+00
 6.144814090e-01  6.101278343e-01  1.169942988e+00
 6.164383562e-01  6.118017881e-01  1.168177595e+00
 6.183953033e-01  6.134782656e-01  1.166423347e+00
 6.203522505e-01  6.151572582e-01  1.164680044e+00
 6.223091977e-01  6.168387582e-01  1.162947299e+00
 6.242661448e-01  6.185227578e-01  1.161224811e+00
 6.262230920e-01  6.202092499e-01  1.159512807e+00
 6.281800391e-01  6.218982260e-01  1.157811711e+00
 6.301369863e-01  6.235896774e-01  1.156121200e+00
 6.320939335e-01  6.252835964e-01  1.154440727e+00
 6.340508806e-01  6.269799757e-01  1.152769968e+00
 6.360078278e-01  6.286788084e-01  1.151108888e+00
 6.379647750e-01  6.303800870e-01  1.149457569e+00
 6.399217221e-01  6.320838043e-01  1.147815942e+00
 6.418786693e-01  6.337899528e-01  1.146183654e+00
 6.438356164e-01  6.354985261e-01  1.144560291e+00
 6.457925636e-01  6.372095177e-01  1.142945715e+00
 6.477495108e-01  6.389229216e-01  1.141339615e+00
 6.497064579e-01  6.406387321e-01  1.139741693e+00
 6.516634051e-01  6.423569437e-01  1.138151934e+00
 6.536203523e-01  6.440775508e-01  1.136570140e+00
 6.555772994e-01  6.458005482e-01  1.134995928e+00
 6.575342466e-01  6.475259315e-01  1.133428931e+00
 6.594911937e-01  6.492536964e-01  1.131868714e+00
 6.614481409e-01  6.509838396e-01  1.130314972e+00
 6.634050881e-01  6.527163578e-01  1.128767607e+00
 6.653620352e-01  6.544512477e-01  1.127226349e+00
 6.673189824e-01  6.561885069e-01  1.125690861e+00
 6.692759295e-01  6.579281330e-01  1.124160888e+00
 6.712328767e-01  6.596701242e-01  1.122635937e+00
 6.731898239e-01  6.614144795e-01  1.121115356e+00
 6.751467710e-01  6.631611993e-01  1.119598831e+00
 6.771037182e-01  6.649102834e-01  1.118086306e+00
 6.790606654e-01  6.666617322e-01  1.116577648e+00
 6.810176125e-01  6.684155460e-01  1.115072381e+00
 6.829745597e-01  6.701717266e-01  1.113569594e+00
 6.849315068e-01  6.719302773e-01  1.112068915e+00
 6.868884540e-01  6.736912009e-01  1.110570403e+00
 6.888454012e-01  6.754545004e-01  1.109073675e+00
 6.908023483e-01  6.772201800e-01  1.107578010e+00
 6.927592955e-01  6.789882451e-01  1.106082784e+00
 6.947162427e-01  6.807587017e-01  1.104587720e+00
 6.966731898e-01  6.825315562e-01  1.103092764e+00
 6.986301370e-01  6.843068148e-01  1.101597788e+00
 7.005870841e-01  6.860844844e-01  1.100101621e+00
 7.025440313e-01  6.878645752e-01  1.098603417e+00
 7.045009785e-01  6.896470967e-01  1.097103550e+00
 7.064579256e-01  6.914320579e-01  1.095601596e+00
 7.084148728e-01  6.932194701e-01  1.094096757e+00
 7.103718200e-01  6.950093449e-01  1.092588324e+00
 7.123287671e-01  6.968016959e-01  1.091076108e+00
 7.142857143e-01  6.985965356e-01  1.089560207e+00
 7.162426614e-01  7.003938775e-01  1.088040256e+00
 7.181996086e-01  7.021937354e-01  1.086514982e+00
 7.201565558e-01  7.039961271e-01  1.084982984e+00
 7.221135029e-01  7.058010714e-01  1.083444706e+00
 7.240704501e-01  7.076085849e-01  1.081900918e+00
 7.260273973e-01  7.094186840e-01  1.080351165e+00
 7.279843444e-01  7.112313869e-01  1.078793530e+00
 7.299412916e-01  7.130467169e-01  1.077226986e+00
 7.318982387e-01  7.148646959e-01  1.075651811e+00
 7.338551859e-01  7.166853465e-01  1.074068200e+00
 7.358121331e-01  7.185086904e-01  1.072475476e+00
 7.377690802e-01  7.203347527e-01  1.070872338e+00
 7.397260274e-01  7.221635600e-01  1.069259042e+00
 7.416829746e-01  7.239951368e-01  1.067635824e+00
 7.436399217e-01  7.258295093e-01  1.066001869e+00
 7.455968689e-01  7.276667054e-01  1.064355311e+00
 7.475538160e-01  7.295067579e-01  1.062694422e+00
 7.495107632e-01  7.313497012e-01  1.061020187e+00
 7.514677104e-01  7.331955654e-01  1.059334121e+00
 7.534246575e-01  7.350443800e-01  1.057635817e+00
 7.553816047e-01  7.368961771e-01  1.055922974e+00
 7.573385519e-01  7.387509946e-01  1.054194140e+00
 7.592954990e-01  7.406088705e-01  1.052449961e+00
 7.612524462e-01  7.424698410e-01  1.050690221e+00
 7.632093933e-01  7.443339455e-01  1.048913151e+00
 7.651663405e-01  7.462012272e-01  1.047117550e+00
 7.671232877e-01  7.480717303e-01  1.045304075e+00
 7.690802348e-01  7.499454968e-01  1.043474053e+00
 7.710371820e-01  7.518225667e-01  1.041627046e+00
 7.729941292e-01  7.537029842e-01  1.039760092e+00
 7.749510763e-01  7.555868011e-01  1.037870974e+00
 7.769080235e-01  7.574740704e-01  1.035960068e+00
 7.788649706e-01  7.593648435e-01  1.034029655e+00
 7.808219178e-01  7.612591661e-01  1.032081059e+00
 7.827788650e-01  7.631570857e-01  1.030114355e+00
 7.847358121e-01  7.650586487e-01  1.028131522e+00
 7.866927593e-01  7.669638960e-01  1.026136485e+00
 7.886497065e-01  7.688728603e-01  1.024133515e+00
 7.906066536e-01  7.707855674e-01  1.022129350e+00
 7.925636008e-01  7.727020252e-01  1.020131225e+00
 7.945205479e-01  7.746222325e-01  1.018143757e+00
 7.964774951e-01  7.765461796e-01  1.016171668e+00
 7.984344423e-01  7.784738471e-01  1.014221937e+00
 8.003913894e-01  7.804051983e-01  1.012307621e+00
 8.023483366e-01  7.823401631e-01  1.010438838e+00
 8.043052838e-01  7.842786647e-01  1.008616437e+00
 8.062622309e-01  7.862206279e-01  1.006842765e+00
 8.082191781e-01  7.881659650e-01  1.005136442e+00
 8.101761252e-01  7.901145268e-01  1.003514693e+00
 8.121330724e-01  7.920661562e-01  1.001976638e+00
 8.140900196e-01  7.940207044e-01  1.000515900e+00
 8.160469667e-01  7.959780364e-01  9.991348862e-01
 8.180039139e-01  7.979379911e-01  9.978453568e-01
 8.199608611e-01  7.999003850e-01  9.966614256e-01
 8.219178082e-01  8.018649985e-01  9.955797080e-01
 8.238747554e-01  8.038316588e-01  9.945914485e-01
 8.258317025e-01  8.058001782e-01  9.937047158e-01
 8.277886497e-01  8.077703497e-01  9.929392783e-01
 8.297455969e-01  8.097419049e-01  9.923013133e-01
 8.317025440e-01  8.117146103e-01  9.917727366e-01
 8.336594912e-01  8.136882675e-01  9.913402926e-01
 8.356164384e-01  8.156626942e-01  9.910063443e-01
 8.375733855e-01  8.176376816e-01  9.907907680e-01
 8.395303327e-01  8.196129675e-01  9.906883370e-01
 8.414872798e-01  8.215883634e-01  9.906760017e-01
 8.434442270e-01  8.235636985e-01  9.907398929e-01
 8.454011742e-01  8.255388396e-01  9.908783145e-01
 8.473581213e-01  8.275136228e-01  9.911063819e-01
 8.493150685e-01  8.294878551e-01  9.914015327e-01
 8.512720157e-01  8.314614627e-01  9.917322734e-01
 8.532289628e-01  8.334343784e-01  9.920846378e-01
 8.551859100e-01  8.354065843e-01  9.924370707e-01
 8.571428571e-01  8.373780991e-01  9.927723272e-01
 8.590998043e-01  8.393489732e-01  9.930736514e-01
 8.610567515e-01  8.413192916e-01  9.933341074e-01
 8.630136986e-01  8.432891323e-01  9.935437817e-01
 8.649706458e-01  8.452586192e-01  9.936990885e-01
 8.669275930e-01  8.472278441e-01  9.937680954e-01
 8.688845401e-01  8.491970575e-01  9.937226969e-01
 8.708414873e-01  8.511664624e-01  9.935720448e-01
 8.727984344e-01  8.531362730e-01  9.933181568e-01
 8.747553816e-01  8.551066848e-01  9.929607512e-01
 8.767123288e-01  8.570779138e-01  9.925013640e-01
 8.786692759e-01  8.590501503e-01  9.919127436e-01
 8.806262231e-01  8.610237198e-01  9.911754573e-01
 8.825831703e-01  8.629988917e-01  9.903128799e-01
 8.845401174e-01  8.649759011e-01  9.893430325e-01
 8.864970646e-01  8.669549477e-01  9.882611714e-01
 8.884540117e-01  8.689362883e-01  9.870723490e-01
 8.904109589e-01  8.709201052e-01  9.857683627e-01
 8.923679061e-01  8.729066918e-01  9.843206774e-01
 8.943248532e-01  8.748963490e-01  9.827403018e-01
 8.962818004e-01  8.768893307e-01  9.810468258e-01
 8.982387476e-01  8.788858635e-01  9.792691597e-01
 9.001956947e-01  8.808860879e-01  9.773824630e-01
 9.021526419e-01  8.828903371e-01  9.753656012e-01
 9.041095890e-01  8.848988428e-01  9.732420021e-01
 9.060665362e-01  8.869118488e-01  9.709904350e-01
 9.080234834e-01  8.889296812e-01  9.686198143e-01
 9.099804305e-01  8.909525534e-01  9.661444133e-01
 9.119373777e-01  8.929807400e-01  9.635561870e-01
 9.138943249e-01  8.950144951e-01  9.609012017e-01
 9.158512720e-01  8.970539053e-01  9.581510642e-01
 9.178082192e-01  8.990993535e-01  9.552600528e-01
 9.197651663e-01  9.011511278e-01  9.522911331e-01
 9.217221135e-01  9.032093504e-01  9.492324992e-01
 9.236790607e-01  9.052743701e-01  9.460520228e-01
 9.256360078e-01  9.073464560e-01  9.428282960e-01
 9.275929550e-01  9.094256213e-01  9.395550977e-01
 9.295499022e-01  9.115121712e-01  9.361262134e-01
 9.315068493e-01  9.136065982e-01  9.325524848e-01
 9.334637965e-01  9.157091723e-01  9.290089110e-01
 9.354207436e-01  9.178196058e-01  9.253578744e-01
 9.373776908e-01  9.199388094e-01  9.214486557e-01
 9.393346380e-01  9.220671901e-01  9.174213823e-01
 9.412915851e-01  9.242050419e-01  9.135786795e-01
 9.432485323e-01  9.263513585e-01  9.096041866e-01
 9.452054795e-01  9.285079452e-01  9.051406472e-01
 9.471624266e-01  9.306754871e-01  9.004837034e-01
 9.491193738e-01  9.328544406e-01  8.959372723e-01
 9.510763209e-01  9.350440303e-01  8.917957996e-01
 9.530332681e-01  9.372432616e-01  8.871291292e-01
 9.549902153e-01  9.394559782e-01  8.815563506e-01
 9.569471624e-01  9.416831103e-01  8.757347064e-01
 9.589041096e-01  9.439253497e-01  8.697651497e-01
 9.608610568e-01  9.461831620e-01  8.735426833e-01
 9.628180039e-01  9.484063685e-01  8.824067135e-01
 9.647749511e-01  9.506186920e-01  8.770392866e-01
 9.667318982e-01  9.528696591e-01  8.601282628e-01
 9.686888454e-01  9.551701299e-01  8.403540237e-01
 9.706457926e-01  9.575285348e-01  8.189457360e-01
 9.726027397e-01  9.599510346e-01  7.969233004e-01
 9.745596869e-01  9.624416808e-01  7.750920621e-01
 9.765166341e-01  9.650025743e-01  7.540602873e-01
 9.784735812e-01  9.676340242e-01  7.342681397e-01
 9.804305284e-01  9.703347057e-01  7.160201490e-01
 9.823874755e-01  9.731018172e-01  6.995162808e-01
 9.843444227e-01  9.759312369e-01  6.848791547e-01
 9.863013699e-01  9.788176773e-01  6.721765539e-01
 9.882583170e-01  9.817548381e-01  6.614392983e-01
 9.902152642e-01  9.847355573e-01  6.526750141e-01
 9.921722114e-01  9.877519597e-01  6.458784567e-01
 9.941291585e-01  9.907956023e-01  6.410391183e-01
 9.960861057e-01  9.938576171e-01  6.381466802e-01
 9.980430528e-01  9.969288505e-01  6.371947764e-01
 1.000000000e+00  1.000000000e+00  6.372122086e-01
4  3.951212755e-01  6.771368846e-01  1.012226335e+00  7.498598214e-01  9.600446942e-01  5.757446929e+01  4.529814862e-01  9.942498635e-01  3.347736396e-01  2.692600328e+00
5  5.170428897e-01  9.754353958e-01  1.008000131e+00  6.155697035e-01  9.335752888e-01  3.451090312e+01  3.999754484e-01  1.046555370e+00  5.003551924e-01  2.806990823e+00
6  6.143501778e-01  1.134806944e+00  1.005281496e+00  5.251533883e-01  9.128259835e-01  2.546540623e+01  3.699208342e-01  1.124815797e+00  6.194119231e-01  2.771891745e+00
7  6.994378960e-01  1.242215634e+00  1.003280307e+00  4.602567282e-01  8.994891848e-01  2.057188758e+01  3.496370421e-01  1.210890805e+00  7.152021280e-01  2.699586486e+00
8  7.754927483e-01  1.358972969e+00  1.001699679e+00  4.114025279e-01  8.993219573e-01  1.782153110e+01  3.352265242e-01  1.306435555e+00  7.954064677e-01  2.614864127e+00
9  8.395601226e-01  1.688395744e+00  1.000509688e+00  3.728634137e-01  9.233649421e-01  1.682912300e+01  3.256549848e-01  1.428352564e+00  8.593094944e-01  2.513358440e+00
10  8.861577577e-01  2.284009487e+00  9.997314975e-01  3.411092891e-01  9.874627476e-01  1.775341276e+01  3.204152929e-01  1.606066583e+00  9.053339929e-01  2.385713332e+00
11  9.224470927e-01  2.113044531e+00  9.992865780e-01  3.146834248e-01  1.102840367e+00  2.070681032e+01  3.184481410e-01  1.869361792e+00  9.396830309e-01  2.256642037e+00
12  9.643059349e-01  3.149802069e+00  9.997755849e-01  2.942921845e-01  1.261400985e+00  2.504434573e+01  3.208143938e-01  2.161214865e+00  9.759894109e-01  2.163515241e+00
13  9.818659482e-01  6.140742961e+00  9.999107153e-01  2.743671947e-01  1.487613499e+00  3.320882207e+01  3.239657378e-01  3.060455447e+00  9.883317893e-01  2.033732867e+00
14  9.909579581e-01  1.079609078e+01  9.999515849e-01  2.565964218e-01  1.692684000e+00  4.103735333e+01  3.274372535e-01  4.805176971e+00  9.942332183e-01  1.906031201e+00
0 0 -1.249004844e-01 -4.547298847e-18
0 1  1.364471759e-02 -4.793517038e-03
0 2 -1.427787619e-02  5.737649307e-03
0 3  4.539310689e-03 -6.673094702e-03
0 4 -1.083274049e-03  6.262593057e-03
0 5 -3.531726827e-03 -3.634015495e-03
0 6  3.708150164e-03 -1.209670347e-03
0 7  6.673750880e-04  3.335933769e-03
0 8 -2.595303116e-03  1.501399612e-03
0 9 -2.548590070e-03 -9.231294403e-04
0 10 -1.552830513e-03 -1.932173025e-03
1 0 -1.092447131e-01 -3.837869052e-02
1 1 -9.651969055e-02  1.864157676e-17
1 2  9.617704116e-03 -6.896979792e-03
1 3 -1.335710723e-02  8.487824127e-03
1 4  6.285331890e-04 -8.790610578e-03
1 5  3.019236254e-03  5.708523513e-03
1 6 -5.978637543e-03  8.543958725e-04
1 7 -6.508562779e-04 -4.690287613e-03
1 8  3.513570100e-03 -1.508528045e-03
1 9  3.006040442e-03  1.720917150e-03
1 10  1.504776149e-03  2.864134440e-03
2 0  1.143140177e-01  4.593776663e-02
2 1 -9.964499535e-02 -7.145671265e-02
2 2 -7.748040214e-02 -8.317544051e-18
2 3  5.418051776e-03 -8.514044021e-03
2 4 -9.372808307e-03  9.772363239e-03
2 5 -4.750856112e-03 -7.753727371e-03
2 6  5.339744673e-03  5.973907838e-04
2 7 -1.677881391e-03  5.345191212e-03
2 8 -4.942624235e-03  6.226717963e-04
2 9 -3.329750196e-03 -2.758333923e-03
2 10 -1.294469284e-03 -3.578978208e-03
3 0 -3.634341940e-02 -5.342729239e-02
3 1  1.383873814e-01  8.793878305e-02
3 2 -6.992802860e-02 -1.098864201e-01
3 3 -6.411833277e-02 -6.725706128e-18
3 4  1.750123588e-03 -9.900753650e-03
3 5 -4.698706927e-03  9.589430310e-03
3 6 -9.117393239e-03 -3.489068635e-03
3 7  1.666971722e-03 -5.204790002e-03
3 8  3.866245294e-03  1.238771843e-03
3 9  1.108583495e-03  4.040841272e-03
3 10 -1.130476411e-03  4.048852040e-03
4 0  8.673097259e-03  5.014066266e-02
4 1 -6.511968547e-03 -9.107582637e-02
4 2  1.209700524e-01  1.261269040e-01
4 3 -2.729521358e-02 -1.544137725e-01
4 4 -5.433054926e-02  3.357445788e-19
4 5 -1.959689301e-03 -1.116386052e-02
4 6 -2.921707195e-04  7.372546979e-03
4 7 -9.346896505e-03  2.923950962e-03
4 8 -5.648059295e-03 -4.088245999e-03
4 9 -7.926839514e-04 -4.878906042e-03
4 10  1.605031947e-03 -3.463162212e-03
5 0  2.827632609e-02 -2.909528743e-02
5 1 -3.128103951e-02  5.914361599e-02
5 2  6.131687473e-02 -1.000734012e-01
5 3  7.328180138e-02  1.495583228e-01
5 4  3.606974948e-02 -2.054803545e-01
5 5 -4.653889099e-02 -4.408912087e-17
5 6 -6.166679968e-03 -1.195429361e-02
5 7  2.412059428e-03  2.183225495e-03
5 8 -3.383577169e-03  5.943121471e-03
5 9 -6.757719882e-03  3.098773749e-03
5 10 -6.952230215e-03  3.555546525e-04
6 0 -2.968883732e-02 -9.685073300e-03
6 1  6.194215408e-02  8.852037005e-03
6 2 -6.891735878e-02  7.710217904e-03
6 3  1.421963555e-01 -5.441608482e-02
6 4  5.377650759e-03  1.356980019e-01
6 5  1.325059501e-01 -2.568667485e-01
6 6 -3.966204180e-02 -5.475462632e-17
6 7 -9.926062862e-03 -1.101074876e-02
6 8  1.281831236e-03 -3.615103816e-03
6 9  1.555292993e-03  1.895456528e-03
6 10 -2.087466916e-04  3.881557985e-03
7 0 -5.343254600e-03  2.670873363e-02
7 1  6.743248701e-03 -4.859410123e-02
7 2  2.165555863e-02  6.898765449e-02
7 3 -2.599836349e-02 -8.117475575e-02
7 4  1.720375853e-01  5.381780604e-02
7 5 -5.182889786e-02  4.691185047e-02
7 6  2.502660583e-01 -2.776142694e-01
7 7 -3.374923740e-02  4.271716705e-17
7 8 -1.051335969e-02 -7.398510890e-03
7 9 -3.074491307e-03 -6.648871697e-03
7 10 -5.558175732e-05 -4.241151266e-03
8 0  2.077896757e-02  1.202076692e-02
8 1 -3.640262500e-02 -1.562922588e-02
8 2  6.379192801e-02  8.036507027e-03
8 3 -6.029859366e-02  1.932008818e-02
8 4  1.039573384e-01 -7.524764712e-02
8 5  7.270429305e-02  1.277022581e-01
8 6 -3.231884133e-02 -9.114769822e-02
8 7  3.115139926e-01 -2.192200908e-01
8 8 -3.058675680e-02 -3.984985518e-17
8 9 -1.513505129e-02 -6.329752874e-03
8 10 -9.403244698e-03 -7.538750281e-03
9 0  2.040496545e-02 -7.390919614e-03
9 1 -3.114432325e-02  1.782970024e-02
9 2  4.297538609e-02 -3.560040793e-02
9 3 -1.728964942e-02  6.302162107e-02
9 4  1.459002278e-02 -8.980041814e-02
9 5  1.452058641e-01  6.658460662e-02
9 6 -3.921363909e-02  4.779019036e-02
9 7  9.109809713e-02 -1.970080573e-01
9 8  4.948236712e-01 -2.069442313e-01
9 9 -2.267188954e-02 -3.362375440e-17
9 10 -1.248769948e-02 -2.774220507e-03
10 0  1.243254196e-02 -1.546970001e-02
10 1 -1.559035405e-02  2.967409473e-02
10 2  1.670705427e-02 -4.619204482e-02
10 3  1.763109491e-02  6.314655832e-02
10 4 -2.954197902e-02 -6.374244801e-02
10 5  1.493853864e-01  7.639946825e-03
10 6  5.263135283e-03  9.786581350e-02
10 7  1.646904096e-03 -1.256665807e-01
10 8  3.074286286e-01 -2.464710570e-01
10 9  5.508010021e-01 -1.223638860e-01
10 10 -1.820648126e-02 -3.545935846e-18
0 0 -8.335176806e+00 -2.236573631e-15
0 1 -8.598705980e-01  4.202168979e-01
0 2  1.225566266e+00 -4.091112161e-01
0 3 -2.355177944e-01  3.297923343e-01
0 4  7.025869292e-02 -2.643441163e-01
0 5  1.219768469e-01  1.415962170e-01
0 6 -1.286175787e-01  3.343520492e-02
0 7 -1.492805918e-02 -1.036714929e-01
0 8  6.629496805e-02 -6.677781184e-02
0 9  6.123253386e-02  3.373043108e-02
0 10  8.614806251e-03  9.417266718e-02
1 0 -8.598705980e-01 -4.202168979e-01
1 1 -1.101337938e+01  2.984957632e-15
1 2 -8.233870832e-01  9.819276953e-01
1 3  1.914692784e+00 -1.013007915e+00
1 4 -7.204460530e-02  7.078570316e-01
1 5 -1.585781124e-01 -4.104460568e-01
1 6  3.559905607e-01 -2.427800934e-02
1 7  1.014180761e-02  2.455645292e-01
1 8 -1.585579789e-01  1.183132979e-01
1 9 -1.104093532e-01 -8.920065786e-02
1 10  1.994934657e-02 -1.939608941e-01
2 0  1.225566266e+00  4.091112161e-01
2 1 -8.233870832e-01 -9.819276953e-01
2 2 -1.387758690e+01  5.897205964e-15
2 3 -4.687081569e-01  1.820752513e+00
2 4  2.139659018e+00 -1.801368621e+00
2 5  5.370299246e-01  9.685452189e-01
2 6 -5.274380342e-01 -1.423626305e-01
2 7  1.983575728e-01 -4.526762623e-01
2 8  3.478916770e-01 -1.049614767e-01
2 9  1.557109333e-01  1.986121616e-01
2 10 -9.465963454e-02  3.066802325e-01
3 0 -2.355177944e-01 -3.297923343e-01
3 1  1.914692784e+00  1.013007915e+00
3 2 -4.687081569e-01 -1.820752513e+00
3 3 -1.699772888e+01  8.586566166e-15
3 4  2.951598475e-01  2.998873611e+00
3 5  1.829380866e+00 -2.664763523e+00
3 6  1.588884707e+00  7.147946094e-01
3 7 -3.692888822e-01  6.135485679e-01
3 8 -4.802449962e-01 -7.547428301e-02
3 9 -2.859671323e-02 -4.064546433e-01
3 10  4.212715344e-01 -4.080582181e-01
4 0  7.025869292e-02  2.643441163e-01
4 1 -7.204460530e-02 -7.078570316e-01
4 2  2.139659018e+00  1.801368621e+00
4 3  2.951598475e-01 -2.998873611e+00
4 4 -2.057108385e+01  2.861308772e-15
4 5  1.785585527e+00  4.677077804e+00
4 6  8.802325866e-01 -3.305104852e+00
4 7  2.489091834e+00 -5.472869903e-01
4 8  9.946763383e-01  6.707269268e-01
4 9 -1.345189204e-01  5.622896596e-01
4 10 -6.951938417e-01  9.311746255e-02
5 0  1.219768469e-01 -1.415962170e-01
5 1 -1.585781124e-01  4.104460568e-01
5 2  5.370299246e-01 -9.685452189e-01
5 3  1.829380866e+00  2.664763523e+00
5 4  1.785585527e+00 -4.677077804e+00
5 5 -2.484438991e+01  3.308225657e-14
5 6  4.579337998e+00  6.883942523e+00
5 7 -4.342896572e-01 -3.005573604e+00
5 8  1.040468700e+00 -1.908769106e+00
5 9  1.557199921e+00 -4.916505073e-01
5 10  1.638547027e+00  6.011710359e-01
6 0 -1.286175787e-01 -3.343520492e-02
6 1  3.559905607e-01  2.427800934e-02
6 2 -5.274380342e-01  1.423626305e-01
6 3  1.588884707e+00 -7.147946094e-01
6 4  8.802325866e-01  3.305104852e+00
6 5  4.579337998e+00 -6.883942523e+00
6 6 -3.006204048e+01  8.637289475e-15
6 7  8.329663554e+00  8.193472078e+00
6 8 -8.422371482e-01  6.190037574e-01
6 9 -1.853753894e-01 -2.001560374e+00
6 10  1.546622278e+00 -3.014891129e+00
7 0 -1.492805918e-02  1.036714929e-01
7 1  1.014180761e-02 -2.455645292e-01
7 2  1.983575728e-01  4.526762623e-01
7 3 -3.692888822e-01 -6.135485679e-01
7 4  2.489091834e+00  5.472869903e-01
7 5 -4.342896572e-01  3.005573604e+00
7 6  8.329663554e+00 -8.193472078e+00
7 7 -3.450284450e+01 -7.711593488e-15
7 8  1.055838078e+01  6.470094835e+00
7 9  2.482550946e-01  1.772805304e+00
7 10 -1.505338049e+00 -1.625779220e+00
8 0  6.629496805e-02  6.677781184e-02
8 1 -1.585579789e-01 -1.183132979e-01
8 2  3.478916770e-01  1.049614767e-01
8 3 -4.802449962e-01  7.547428301e-02
8 4  9.946763383e-01 -6.707269268e-01
8 5  1.040468700e+00  1.908769106e+00
8 6 -8.422371482e-01 -6.190037574e-01
8 7  1.055838078e+01 -6.470094835e+00
8 8 -4.586587206e+01  8.442277651e-14
8 9  1.952065829e+01  7.356075076e+00
8 10  3.306611208e+00  3.951198409e+00
9 0  6.123253386e-02 -3.373043108e-02
9 1 -1.104093532e-01  8.920065786e-02
9 2  1.557109333e-01 -1.986121616e-01
9 3 -2.859671323e-02  4.064546433e-01
9 4 -1.345189204e-01 -5.622896596e-01
9 5  1.557199921e+00  4.916505073e-01
9 6 -1.853753894e-01  2.001560374e+00
9 7  2.482550946e-01 -1.772805304e+00
9 8  1.952065829e+01 -7.356075076e+00
9 9 -6.159327138e+01  1.679986171e-13
9 10  3.025301782e+01  6.720897037e+00
10 0  8.614806251e-03 -9.417266718e-02
10 1  1.994934657e-02  1.939608941e-01
10 2 -9.465963454e-02 -3.066802325e-01
10 3  4.212715344e-01  4.080582181e-01
10 4 -6.951938417e-01 -9.311746255e-02
10 5  1.638547027e+00 -6.011710359e-01
10 6  1.546622278e+00  3.014891129e+00
10 7 -1.505338049e+00  1.625779220e+00
10 8  3.306611208e+00 -3.951198409e+00
10 9  3.025301782e+01 -6.720897037e+00
10 10 -5.492549524e+01  1.069741482e-14
0  3.194289028e-02  3.071416642e-03 -1.180291478e-01 -3.086500690e-02
1  5.341496982e-02  5.685471688e-03  1.431705908e-01  6.460558305e-02
2  7.348842571e-02  6.871916401e-03 -1.337818743e-01 -1.107950091e-01
3  1.011680731e-01  1.062048829e-02  8.332257566e-02  1.637315147e-01
4  1.357200405e-01  1.252692072e-02  2.373791477e-02 -1.882635398e-01
5  1.734842926e-01  1.712906897e-02 -1.571752745e-01  1.094737526e-01
6  2.074928800e-01  2.009082841e-02  1.631757219e-01  9.485211268e-02
7  2.340266972e-01  2.154905339e-02  7.895455299e-02 -1.655158424e-01
8  2.718466989e-01  2.525463779e-02 -1.283101292e-01 -1.211998640e-01
9  2.726307223e-01  2.575643095e-02 -1.648221027e-01  2.148513298e-02
10  2.639238240e-01  2.574448943e-02 -1.212017801e-01  9.866920584e-02
