 1.695500020e+00 -1.816855620e+00  8.544451558e-01  3.704359225e+00  9.343203090e-01  1.001835370e+00  6.906929420e+00 512 3 11
 0.000000000e+00  0.000000000e+00 -8.016156751e-05
 1.956947162e-03  2.942126771e-02  1.331095865e-01
 3.913894325e-03  4.160061737e-02  1.883065998e-01
 5.870841487e-03  5.094177754e-02  2.307192304e-01
 7.827788650e-03  5.881355464e-02  2.665061884e-01
 9.784735812e-03  6.574635157e-02  2.980528258e-01
 1.174168297e-02  7.201231000e-02  3.265804851e-01
 1.369863014e-02  7.777317316e-02  3.528132717e-01
 1.565557730e-02  8.313438229e-02  3.772219252e-01
 1.761252446e-02  8.816921994e-02  4.001326134e-01
 1.956947162e-02  9.293107644e-02  4.217821782e-01
 2.152641879e-02  9.746028450e-02  4.423489014e-01
 2.348336595e-02  1.017882012e-01  4.619708686e-01
 2.544031311e-02  1.059397823e-01  4.807508481e-01
 2.739726027e-02  1.099353831e-01  4.987541989e-01
 2.935420744e-02  1.137920391e-01  5.161086312e-01
 3.131115460e-02  1.175230154e-01  5.329088989e-01
 3.326810176e-02  1.211399733e-01  5.491771815e-01
 3.522504892e-02  1.246528849e-01  5.649595874e-01
 3.718199609e-02  1.280703443e-01  5.802931208e-01
 3.913894325e-02  1.313998621e-01  5.952095417e-01
 4.109589041e-02  1.346480148e-01  6.097387964e-01
 4.305283757e-02  1.378206090e-01  6.239072814e-01
 4.500978474e-02  1.409227934e-01  6.377396758e-01
 4.696673190e-02  1.439591552e-01  6.512574649e-01
 4.892367906e-02  1.469338099e-01  6.644782289e-01
 5.088062622e-02  1.498504736e-01  6.774167070e-01
 5.283757339e-02  1.527125184e-01  6.900872654e-01
 5.479452055e-02  1.555230041e-01  7.025041704e-01
 5.675146771e-02  1.582847188e-01  7.146801575e-01
 5.870841487e-02  1.610002121e-01  7.266264719e-01
 6.066536204e-02  1.636718247e-01  7.383529038e-01
 6.262230920e-02  1.663017138e-01  7.498683818e-01
 6.457925636e-02  1.688918712e-01  7.611834599e-01
 6.653620352e-02  1.714441266e-01  7.723088731e-01
 6.849315068e-02  1.739601723e-01  7.832476755e-01
 7.045009785e-02  1.764416131e-01  7.940012257e-01
 7.240704501e-02  1.788899472e-01  8.045813605e-01
 7.436399217e-02  1.813065376e-01  8.150005098e-01
 7.632093933e-02  1.836926552e-01  8.252590822e-01
 7.827788650e-02  1.860495234e-01  8.353574443e-01
 8.023483366e-02  1.883782853e-01  8.453030608e-01
 8.219178082e-02  1.906800062e-01  8.551021144e-01
 8.414872798e-02  1.929556891e-01  8.647592416e-01
 8.610567515e-02  1.952062775e-01  8.742784537e-01
 8.806262231e-02  1.974326644e-01  8.836632725e-01
 9.001956947e-02  1.996356932e-01  8.929142867e-01
 9.197651663e-02  2.018161774e-01  9.020335280e-01
 9.393346380e-02  2.039748796e-01  9.110286154e-01
 9.589041096e-02  2.061125108e-01  9.199054848e-01
 9.784735812e-02  2.082297452e-01  9.286652043e-01
 9.980430528e-02  2.103272333e-01  9.373017060e-01
 1.017612524e-01  2.124056237e-01  9.458192057e-01
 1.037181996e-01  2.144654988e-01  9.542286098e-01
 1.056751468e-01  2.165074127e-01  9.625313999e-01
 1.076320939e-01  2.185318992e-01  9.707252563e-01
 1.095890411e-01  2.205394824e-01  9.788101230e-01
 1.115459883e-01  2.225306586e-01  9.867896678e-01
 1.135029354e-01  2.245059008e-01  9.946653448e-01
 1.154598826e-01  2.264656659e-01  1.002442441e+00
 1.174168297e-01  2.284103750e-01  1.010124679e+00
 1.193737769e-01  2.303404412e-01  1.017708177e+00
 1.213307241e-01  2.322562728e-01  1.025189162e+00
 1.232876712e-01  2.341582703e-01  1.032573392e+00
 1.252446184e-01  2.360467958e-01  1.039869886e+00
 1.272015656e-01  2.379221927e-01  1.047077767e+00
 1.291585127e-01  2.397848046e-01  1.054192040e+00
 1.311154599e-01  2.416349719e-01  1.061211941e+00
 1.330724070e-01  2.434730205e-01  1.068142673e+00
 1.350293542e-01  2.452992537e-01  1.074986749e+00
 1.369863014e-01  2.471139702e-01  1.081746571e+00
 1.389432485e-01  2.489174485e-01  1.088423957e+00
 1.409001957e-01  2.507099652e-01  1.095013264e+00
 1.428571429e-01  2.524918018e-01  1.101512473e+00
 1.448140900e-01  2.542632264e-01  1.107928636e+00
 1.467710372e-01  2.560244834e-01  1.114268465e+00
 1.487279843e-01  2.577758062e-01  1.120530326e+00
 1.506849315e-01  2.595174319e-01  1.126707132e+00
 1.526418787e-01  2.612496036e-01  1.132798530e+00
 1.545988258e-01  2.629725477e-01  1.138811807e+00
 1.565557730e-01  2.646864737e-01  1.144748797e+00
 1.585127202e-01  2.663915915e-01  1.150609550e+00
 1.604696673e-01  2.680881006e-01  1.156393932e+00
 1.624266145e-01  2.697762017e-01  1.162098433e+00
 1.643835616e-01  2.714560949e-01  1.167722182e+00
 1.663405088e-01  2.731279741e-01  1.173269834e+00
 1.682974560e-01  2.747920176e-01  1.178747813e+00
 1.702544031e-01  2.764483927e-01  1.184154604e+00
 1.722113503e-01  2.780972740e-01  1.189483031e+00
 1.741682975e-01  2.797388415e-01  1.194732105e+00
 1.761252446e-01  2.813732649e-01  1.199908081e+00
 1.780821918e-01  2.830006999e-01  1.205015200e+00
 1.800391389e-01  2.846212978e-01  1.210052397e+00
 1.819960861e-01  2.862352108e-01  1.215016918e+00
 1.839530333e-01  2.878425917e-01  1.219906852e+00
 1.859099804e-01  2.894435913e-01  1.224721896e+00
 1.878669276e-01  2.910383573e-01  1.229465874e+00
 1.898238748e-01  2.926270249e-01  1.234145099e+00
 1.917808219e-01  2.942097202e-01  1.238757579e+00
 1.937377691e-01  2.957865786e-01  1.243295835e+00
 1.956947162e-01  2.973577401e-01  1.247758940e+00
 1.976516634e-01  2.989233375e-01  1.252153685e+00
 1.996086106e-01  3.004834890e-01  1.256484720e+00
 2.015655577e-01  3.020383115e-01  1.260748493e+00
 2.035225049e-01  3.035879277e-01  1.264942548e+00
 2.054794521e-01  3.051324564e-01  1.269067315e+00
 2.074363992e-01  3.066720152e-01  1.273122912e+00
 2.093933464e-01  3.082067187e-01  1.277110059e+00
 2.113502935e-01  3.097366791e-01  1.281032724e+00
 2.133072407e-01  3.112619977e-01  1.284892870e+00
 2.152641879e-01  3.127827787e-01  1.288686439e+00
 2.172211350e-01  3.142991299e-01  1.292408666e+00
 2.191780822e-01  3.158111631e-01  1.296061675e+00
 2.211350294e-01  3.173189781e-01  1.299653684e+00
 2.230919765e-01  3.188226646e-01  1.303184930e+00
 2.250489237e-01  3.203223189e-01  1.306649984e+00
 2.270058708e-01  3.218180405e-01  1.310047811e+00
 2.289628180e-01  3.233099253e-01  1.313379479e+00
 2.309197652e-01  3.247980678e-01  1.316646370e+00
 2.328767123e-01  3.262825581e-01  1.319852025e+00
 2.348336595e-01  3.277634802e-01  1.322997002e+00
 2.367906067e-01  3.292409209e-01  1.326079005e+00
 2.387475538e-01  3.307149670e-01  1.329094616e+00
 2.407045010e-01  3.321857106e-01  1.332043662e+00
 2.426614481e-01  3.336532369e-01  1.334933030e+00
 2.446183953e-01  3.351176205e-01  1.337765673e+00
 2.465753425e-01  3.365789383e-01  1.340534876e+00
 2.485322896e-01  3.380372778e-01  1.343239185e+00
 2.504892368e-01  3.394927172e-01  1.345882274e+00
 2.524461840e-01  3.409453343e-01  1.348465395e+00
 2.544031311e-01  3.423952028e-01  1.350988606e+00
 2.563600783e-01  3.438423987e-01  1.353450813e+00
 2.583170254e-01  3.452869966e-01  1.355853258e+00
 2.602739726e-01  3.467290683e-01  1.358197878e+00
 2.622309198e-01  3.481686827e-01  1.360480712e+00
 2.641878669e-01  3.496059188e-01  1.362701122e+00
 2.661448141e-01  3.510408455e-01  1.364865967e+00
 2.681017613e-01  3.524735258e-01  1.366974537e+00
 2.700587084e-01  3.539040289e-01  1.369023441e+00
 2.720156556e-01  3.553324239e-01  1.371013392e+00
 2.739726027e-01  3.567587773e-01  1.372944560e+00
 2.759295499e-01  3.581831567e-01  1.374819596e+00
 2.778864971e-01  3.596056220e-01  1.376638864e+00
 2.798434442e-01  3.610262390e-01  1.378399783e+00
 2.818003914e-01  3.624450721e-01  1.380105519e+00
 2.837573386e-01  3.638621796e-01  1.381756155e+00
 2.857142857e-01  3.652776248e-01  1.383348152e+00
 2.876712329e-01  3.666914723e-01  1.384885249e+00
 2.896281800e-01  3.681037771e-01  1.386370097e+00
 2.915851272e-01  3.695145976e-01  1.387799740e+00
 2.935420744e-01  3.709239940e-01  1.389173854e+00
 2.954990215e-01  3.723320248e-01  1.390492991e+00
 2.974559687e-01  3.737387482e-01  1.391759497e+00
 2.994129159e-01  3.751442174e-01  1.392976305e+00
 3.013698630e-01  3.765484843e-01  1.394137668e+00
 3.033268102e-01  3.779516128e-01  1.395242668e+00
 3.052837573e-01  3.793536562e-01  1.396298856e+00
 3.072407045e-01  3.807546627e-01  1.397305786e+00
 3.091976517e-01  3.821546861e-01  1.398260544e+00
 3.111545988e-01  3.835537799e-01  1.399162555e+00
 3.131115460e-01  3.849519987e-01  1.400011941e+00
 3.150684932e-01  3.863493954e-01  1.400812188e+00
 3.170254403e-01  3.877460170e-01  1.401564940e+00
 3.189823875e-01  3.891419131e-01  1.402267808e+00
 3.209393346e-01  3.905371349e-01  1.402921735e+00
 3.228962818e-01  3.919317299e-01  1.403525942e+00
 3.248532290e-01  3.933257508e-01  1.404078055e+00
 3.268101761e-01  3.947192492e-01  1.404582725e+00
 3.287671233e-01  3.961122684e-01  1.405044338e+00
 3.307240705e-01  3.975048513e-01  1.405460242e+00
 3.326810176e-01  3.988970462e-01  1.405825974e+00
 3.346379648e-01  4.002889046e-01  1.406140714e+00
 3.365949119e-01  4.016804763e-01  1.406409167e+00
 3.385518591e-01  4.030718034e-01  1.406636763e+00
 3.405088063e-01  4.044629248e-01  1.406821024e+00
 3.424657534e-01  4.058538875e-01  1.406957682e+00
 3.444227006e-01  4.072447387e-01  1.407047169e+00
 3.463796477e-01  4.086355244e-01  1.407091274e+00
 3.483365949e-01  4.100262884e-01  1.407091971e+00
 3.502935421e-01  4.114170727e-01  1.407051061e+00
 3.522504892e-01  4.128079176e-01  1.406968833e+00
 3.542074364e-01  4.141988645e-01  1.406844103e+00
 3.561643836e-01  4.155899560e-01  1.406673513e+00
 3.581213307e-01  4.169812403e-01  1.406457377e+00
 3.600782779e-01  4.183727594e-01  1.406201288e+00
 3.620352250e-01  4.197645505e-01  1.405908677e+00
 3.639921722e-01  4.211566489e-01  1.405577264e+00
 3.659491194e-01  4.225490964e-01  1.405201563e+00
 3.679060665e-01  4.239419394e-01  1.404781596e+00
 3.698630137e-01  4.253352196e-01  1.404322781e+00
 3.718199609e-01  4.267289728e-01  1.403827376e+00
 3.737769080e-01  4.281232366e-01  1.403295008e+00
 3.757338552e-01  4.295180475e-01  1.402724946e+00
 3.776908023e-01  4.309134448e-01  1.402114217e+00
 3.796477495e-01  4.323094711e-01  1.401463526e+00
 3.816046967e-01  4.337061645e-01  1.400774880e+00
 3.835616438e-01  4.351035638e-01  1.400050762e+00
 3.855185910e-01  4.365017023e-01  1.399295082e+00
 3.874755382e-01  4.379006114e-01  1.398504549e+00
 3.894324853e-01  4.393003310e-01  1.397673109e+00
 3.913894325e-01  4.407009050e-01  1.396802785e+00
 3.933463796e-01  4.421023695e-01  1.395899363e+00
 3.953033268e-01  4.435047569e-01  1.394966345e+00
 3.972602740e-01  4.449080968e-01  1.394002791e+00
 3.992172211e-01  4.463124237e-01  1.393002226e+00
 4.011741683e-01  4.477177803e-01  1.391964101e+00
 4.031311155e-01  4.491242027e-01  1.390893893e+00
 4.050880626e-01  4.505317229e-01  1.389793611e+00
 4.070450098e-01  4.519403731e-01  1.388664323e+00
 4.090019569e-01  4.533501835e-01  1.387505127e+00
 4.109589041e-01  4.547611884e-01  1.386312569e+00
 4.129158513e-01  4.561734254e-01  1.385087007e+00
 4.148727984e-01  4.575869285e-01  1.383830804e+00
 4.168297456e-01  4.590017307e-01  1.382547044e+00
 4.187866928e-01  4.604178601e-01  1.381238619e+00
 4.207436399e-01  4.618353440e-01  1.379902439e+00
 4.227005871e-01  4.632542172e-01  1.378533610e+00
 4.246575342e-01  4.646745177e-01  1.377134028e+00
 4.266144814e-01  4.660962764e-01  1.375709059e+00
 4.285714286e-01  4.675195207e-01  1.374261721e+00
 4.305283757e-01  4.689442758e-01  1.372789918e+00
 4.324853229e-01  4.703705736e-01  1.371289434e+00
 4.344422701e-01  4.717984484e-01  1.369760770e+00
 4.363992172e-01  4.732279315e-01  1.368207935e+00
 4.383561644e-01  4.746590493e-01  1.366633124e+00
 4.403131115e-01  4.760918288e-01  1.365035567e+00
 4.422700587e-01  4.775262984e-01  1.363414397e+00
 4.442270059e-01  4.789624873e-01  1.361769407e+00
 4.461839530e-01  4.804004247e-01  1.360101356e+00
 4.481409002e-01  4.818401385e-01  1.358411119e+00
 4.500978474e-01  4.832816566e-01  1.356700493e+00
 4.520547945e-01  4.847250033e-01  1.354970102e+00
 4.540117417e-01  4.861702056e-01  1.353219862e+00
 4.559686888e-01  4.876172884e-01  1.351448831e+00
 4.579256360e-01  4.890662810e-01  1.349656522e+00
 4.598825832e-01  4.905172098e-01  1.347846203e+00
 4.618395303e-01  4.919700974e-01  1.346019082e+00
 4.637964775e-01  4.934249679e-01  1.344174318e+00
 4.657534247e-01  4.948818462e-01  1.342311681e+00
 4.677103718e-01  4.963407573e-01  1.340431202e+00
 4.696673190e-01  4.978017262e-01  1.338534666e+00
 4.716242661e-01  4.992647744e-01  1.336623764e+00
 4.735812133e-01  5.007299237e-01  1.334696667e+00
 4.755381605e-01  5.021971999e-01  1.332753841e+00
 4.774951076e-01  5.036666239e-01  1.330797851e+00
 4.794520548e-01  5.051382165e-01  1.328828841e+00
 4.814090020e-01  5.066119985e-01  1.326846632e+00
 4.833659491e-01  5.080879912e-01  1.324850253e+00
 4.853228963e-01  5.095662182e-01  1.322840790e+00
 4.872798434e-01  5.110466987e-01  1.320821209e+00
 4.892367906e-01  5.125294497e-01  1.318792183e+00
 4.911937378e-01  5.140144892e-01  1.316752119e+00
 4.931506849e-01  5.155018383e-01  1.314700097e+00
 4.951076321e-01  5.169915173e-01  1.312637735e+00
 4.970645793e-01  5.184835438e-01  1.310567399e+00
 4.990215264e-01  5.199779331e-01  1.308490222e+00
 5.009784736e-01  5.214747005e-01  1.306405324e+00
 5.029354207e-01  5.229738635e-01  1.304311601e+00
 5.048923679e-01  5.244754401e-01  1.302210010e+00
 5.068493151e-01  5.259794458e-01  1.300102653e+00
 5.088062622e-01  5.274858942e-01  1.297990087e+00
 5.107632094e-01  5.289947998e-01  1.295872759e+00
 5.127201566e-01  5.305061750e-01  1.293750721e+00
 5.146771037e-01  5.320200345e-01  1.291623664e+00
 5.166340509e-01  5.335363917e-01  1.289492652e+00
 5.185909980e-01  5.350552590e-01  1.287358451e+00
 5.205479452e-01  5.365766481e-01  1.285222195e+00
 5.225048924e-01  5.381005688e-01  1.283084547e+00
 5.244618395e-01  5.396270315e-01  1.280945215e+00
 5.264187867e-01  5.411560467e-01  1.278804172e+00
 5.283757339e-01  5.426876250e-01  1.276662143e+00
 5.303326810e-01  5.442217754e-01  1.274520510e+00
 5.322896282e-01  5.457585053e-01  1.272380001e+00
 5.342465753e-01  5.472978218e-01  1.270240596e+00
 5.362035225e-01  5.488397325e-01  1.268102096e+00
 5.381604697e-01  5.503842451e-01  1.265965052e+00
 5.401174168e-01  5.519313659e-01  1.263830591e+00
 5.420743640e-01  5.534810999e-01  1.261699311e+00
 5.440313112e-01  5.550334520e-01  1.259571308e+00
 5.459882583e-01  5.565884269e-01  1.257446524e+00
 5.479452055e-01  5.581460296e-01  1.255325605e+00
 5.499021526e-01  5.597062634e-01  1.253209446e+00
 5.518590998e-01  5.612691308e-01  1.251098391e+00
 5.538160470e-01  5.628346343e-01  1.248992481e+00
 5.557729941e-01  5.644027765e-01  1.246891717e+00
 5.577299413e-01  5.659735595e-01  1.244796742e+00
 5.596868885e-01  5.675469844e-01  1.242708438e+00
 5.616438356e-01  5.691230512e-01  1.240627196e+00
 5.636007828e-01  5.707017596e-01  1.238552902e+00
 5.655577299e-01  5.722831098e-01  1.236485488e+00
 5.675146771e-01  5.738671018e-01  1.234425394e+00
 5.694716243e-01  5.754537346e-01  1.232373358e+00
 5.714285714e-01  5.770430060e-01  1.230330127e+00
 5.733855186e-01  5.786349131e-01  1.228295630e+00
 5.753424658e-01  5.802294536e-01  1.226269633e+00
 5.772994129e-01  5.818266252e-01  1.224252398e+00
 5.792563601e-01  5.834264248e-01  1.222244239e+00
 5.812133072e-01  5.850288490e-01  1.220246020e+00
 5.831702544e-01  5.866338924e-01  1.218258090e+00
 5.851272016e-01  5.882415504e-01  1.216280103e+00
 5.870841487e-01  5.898518185e-01  1.214312031e+00
 5.890410959e-01  5.914646919e-01  1.212353986e+00
 5.909980431e-01  5.930801655e-01  1.210406384e+00
 5.929549902e-01  5.946982334e-01  1.208469714e+00
 5.949119374e-01  5.963188891e-01  1.206544031e+00
 5.968688845e-01  5.979421261e-01  1.204629044e+00
 5.988258317e-01  5.995679384e-01  1.202724694e+00
 6.007827789e-01  6.011963198e-01  1.200831290e+00
 6.027397260e-01  6.028272632e-01  1.198948762e+00
 6.046966732e-01  6.044607622e-01  1.197077225e+00
 6.066536204e-01  6.060968092e-01  1.195216848e+00
 6.086105675e-01  6.077353973e-01  1.193367484e+00
 6.105675147e-01  6.093765190e-01  1.191529210e+00
 6.125244618e-01  6.110201669e-01  1.189701728e+00
 6.144814090e-01  6.126663343e-01  1.187884628e+00
 6.164383562e-01  6.143150146e-01  1.186078192e+00
 6.183953033e-01  6.159662000e-01  1.184282814e+00
 6.203522505e-01  6.176198829e-01  1.182498353e+00
 6.223091977e-01  6.192760556e-01  1.180724340e+00
 6.242661448e-01  6.209347114e-01  1.178960234e+00
 6.262230920e-01  6.225958442e-01  1.177205803e+00
 6.281800391e-01  6.242594475e-01  1.175461539e+00
 6.301369863e-01  6.259255138e-01  1.173727676e+00
 6.320939335e-01  6.275940358e-01  1.172003632e+00
 6.340508806e-01  6.292650073e-01  1.170288827e+00
 6.360078278e-01  6.309384226e-01  1.168582929e+00
 6.379647750e-01  6.326142762e-01  1.166885935e+00
 6.399217221e-01  6.342925623e-01  1.165197912e+00
 6.418786693e-01  6.359732751e-01  1.163518751e+00
 6.438356164e-01  6.376564087e-01  1.161848059e+00
 6.457925636e-01  6.393419585e-01  1.160185296e+00
 6.477495108e-01  6.410299202e-01  1.158530195e+00
 6.497064579e-01  6.427202894e-01  1.156882572e+00
 6.516634051e-01  6.444130624e-01  1.155242211e+00
 6.536203523e-01  6.461082354e-01  1.153609057e+00
 6.555772994e-01  6.478058047e-01  1.151982768e+00
 6.575342466e-01  6.495057673e-01  1.150362744e+00
 6.594911937e-01  6.512081212e-01  1.148748675e+00
 6.614481409e-01  6.529128643e-01  1.147140410e+00
 6.634050881e-01  6.546199949e-01  1.145537716e+00
 6.653620352e-01  6.563295114e-01  1.143940248e+00
 6.673189824e-01  6.580414132e-01  1.142347490e+00
 6.692759295e-01  6.597557002e-01  1.140759041e+00
 6.712328767e-01  6.614723727e-01  1.139174836e+00
 6.731898239e-01  6.631914310e-01  1.137594718e+00
 6.751467710e-01  6.649128758e-01  1.136018065e+00
 6.771037182e-01  6.666367090e-01  1.134444370e+00
 6.790606654e-01  6.683629331e-01  1.132873297e+00
 6.810176125e-01  6.700915509e-01  1.131304579e+00
 6.829745597e-01  6.718225656e-01  1.129738008e+00
 6.849315068e-01  6.735559808e-01  1.128172991e+00
 6.868884540e-01  6.752918013e-01  1.126609262e+00
 6.888454012e-01  6.770300318e-01  1.125046938e+00
 6.908023483e-01  6.787706767e-01  1.123485509e+00
 6.927592955e-01  6.805137422e-01  1.121923781e+00
 6.947162427e-01  6.822592364e-01  1.120361098e+00
 6.966731898e-01  6.840071678e-01  1.118797756e+00
 6.986301370e-01  6.857575436e-01  1.117234040e+00
 7.005870841e-01  6.875103712e-01  1.115669899e+00
 7.025440313e-01  6.892656584e-01  1.114104217e+00
 7.045009785e-01  6.910234162e-01  1.112535402e+00
 7.064579256e-01  6.927836572e-01  1.110963468e+00
 7.084148728e-01  6.945463927e-01  1.109389141e+00
 7.103718200e-01  6.963116333e-01  1.107812122e+00
 7.123287671e-01  6.980793910e-01  1.106231297e+00
 7.142857143e-01  6.998496803e-01  1.104646337e+00
 7.162426614e-01  7.016225145e-01  1.103057326e+00
 7.181996086e-01  7.033979078e-01  1.101463662e+00
 7.201565558e-01  7.051758758e-01  1.099864407e+00
 7.221135029e-01  7.069564360e-01  1.098258733e+00
 7.240704501e-01  7.087396067e-01  1.096646867e+00
 7.260273973e-01  7.105254049e-01  1.095029761e+00
 7.279843444e-01  7.123138462e-01  1.093407126e+00
 7.299412916e-01  7.141049487e-01  1.091776992e+00
 7.318982387e-01  7.158987346e-01  1.090137871e+00
 7.338551859e-01  7.176952274e-01  1.088489918e+00
 7.358121331e-01  7.194944490e-01  1.086834012e+00
 7.377690802e-01  7.212964202e-01  1.085170297e+00
 7.397260274e-01  7.231011630e-01  1.083497867e+00
 7.416829746e-01  7.249087014e-01  1.081815474e+00
 7.436399217e-01  7.267190620e-01  1.080122896e+00
 7.455968689e-01  7.285322698e-01  1.078420712e+00
 7.475538160e-01  7.303483499e-01  1.076707780e+00
 7.495107632e-01  7.321673316e-01  1.074982121e+00
 7.514677104e-01  7.339892471e-01  1.073243843e+00
 7.534246575e-01  7.358141259e-01  1.071494363e+00
 7.553816047e-01  7.376419957e-01  1.069734364e+00
 7.573385519e-01  7.394728843e-01  1.067961828e+00
 7.592954990e-01  7.413068268e-01  1.066174528e+00
 7.612524462e-01  7.431438592e-01  1.064372821e+00
 7.632093933e-01  7.449840158e-01  1.062557071e+00
 7.651663405e-01  7.468273320e-01  1.060727265e+00
 7.671232877e-01  7.486738429e-01  1.058882153e+00
 7.690802348e-01  7.505235888e-01  1.057020708e+00
 7.710371820e-01  7.523766090e-01  1.055143724e+00
 7.729941292e-01  7.542329418e-01  1.053250840e+00
 7.749510763e-01  7.560926285e-01  1.051341763e+00
 7.769080235e-01  7.579557092e-01  1.049414618e+00
 7.788649706e-01  7.598222326e-01  1.047467340e+00
 7.808219178e-01  7.616922468e-01  1.045501023e+00
 7.827788650e-01  7.635657978e-01  1.043516745e+00
 7.847358121e-01  7.654429307e-01  1.041514221e+00
 7.866927593e-01  7.673236933e-01  1.039491784e+00
 7.886497065e-01  7.692081378e-01  1.037447721e+00
 7.906066536e-01  7.710963191e-01  1.035382613e+00
 7.925636008e-01  7.729882884e-01  1.033297392e+00
 7.945205479e-01  7.748840983e-01  1.031190380e+00
 7.964774951e-01  7.767838073e-01  1.029058468e+00
 7.984344423e-01  7.786874807e-01  1.026901692e+00
 8.003913894e-01  7.805951780e-01  1.024721704e+00
 8.023483366e-01  7.825069599e-01  1.022516818e+00
 8.043052838e-01  7.844228936e-01  1.020283705e+00
 8.062622309e-01  7.863430535e-01  1.018019895e+00
 8.082191781e-01  7.882675180e-01  1.015725990e+00
 8.101761252e-01  7.901963609e-01  1.013403349e+00
 8.121330724e-01  7.921296571e-01  1.011051680e+00
 8.140900196e-01  7.940674835e-01  1.008667482e+00
 8.160469667e-01  7.960099303e-01  1.006251408e+00
 8.180039139e-01  7.979570739e-01  1.003810856e+00
 8.199608611e-01  7.999089776e-01  1.001352889e+00
 8.219178082e-01  8.018656921e-01  9.988895259e-01
 8.238747554e-01  8.038272350e-01  9.964349436e-01
 8.258317025e-01  8.057936015e-01  9.939991701e-01
 8.277886497e-01  8.077647694e-01  9.915990011e-01
 8.297455969e-01  8.097406663e-01  9.892673297e-01
 8.317025440e-01  8.117211366e-01  9.870463960e-01
 8.336594912e-01  8.137059345e-01  9.849677390e-01
 8.356164384e-01  8.156947717e-01  9.830442134e-01
 8.375733855e-01  8.176873436e-01  9.812770306e-01
 8.395303327e-01  8.196833499e-01  9.797220751e-01
 8.414872798e-01  8.216822505e-01  9.784336976e-01
 8.434442270e-01  8.236835157e-01  9.773797183e-01
 8.454011742e-01  8.256867291e-01  9.765343379e-01
 8.473581213e-01  8.276914602e-01  9.758942286e-01
 8.493150685e-01  8.296973020e-01  9.754770440e-01
 8.512720157e-01  8.317037479e-01  9.752942478e-01
 8.532289628e-01  8.337103415e-01  9.753042267e-01
 8.551859100e-01  8.357167463e-01  9.754711435e-01
 8.571428571e-01  8.377226533e-01  9.757820552e-01
 8.590998043e-01  8.397277799e-01  9.762099085e-01
 8.610567515e-01  8.417319292e-01  9.767346918e-01
 8.630136986e-01  8.437349019e-01  9.773217541e-01
 8.649706458e-01  8.457366441e-01  9.779418281e-01
 8.669275930e-01  8.477370777e-01  9.785728561e-01
 8.688845401e-01  8.497362391e-01  9.791931175e-01
 8.708414873e-01  8.517341392e-01  9.797882407e-01
 8.727984344e-01  8.537308727e-01  9.803428938e-01
 8.747553816e-01  8.557265126e-01  9.808427376e-01
 8.767123288e-01  8.577212114e-01  9.812760773e-01
 8.786692759e-01  8.597150891e-01  9.816052009e-01
 8.806262231e-01  8.617084504e-01  9.818012142e-01
 8.825831703e-01  8.637015319e-01  9.818797159e-01
 8.845401174e-01  8.656945744e-01  9.818567061e-01
 8.864970646e-01  8.676877493e-01  9.817070270e-01
 8.884540117e-01  8.696813997e-01  9.814081179e-01
 8.904109589e-01  8.716757891e-01  9.809646308e-01
 8.923679061e-01  8.736712427e-01  9.803629209e-01
 8.943248532e-01  8.756680813e-01  9.796137278e-01
 8.962818004e-01  8.776665886e-01  9.787310247e-01
 8.982387476e-01  8.796670310e-01  9.777510534e-01
 9.001956947e-01  8.816695466e-01  9.766264474e-01
 9.021526419e-01  8.836745996e-01  9.753034755e-01
 9.041095890e-01  8.856825524e-01  9.738197808e-01
 9.060665362e-01  8.876937204e-01  9.721985107e-01
 9.080234834e-01  8.897083765e-01  9.704811017e-01
 9.099804305e-01  8.917266693e-01  9.686437061e-01
 9.119373777e-01  8.937489768e-01  9.666325377e-01
 9.138943249e-01  8.957756780e-01  9.644870733e-01
 9.158512720e-01  8.978069932e-01  9.622062830e-01
 9.178082192e-01  8.998433153e-01  9.597693456e-01
 9.197651663e-01  9.018849602e-01  9.572393385e-01
 9.217221135e-01  9.039320610e-01  9.545934530e-01
 9.236790607e-01  9.059850411e-01  9.517868994e-01
 9.256360078e-01  9.080442338e-01  9.489020814e-01
 9.275929550e-01  9.101097160e-01  9.459370802e-01
 9.295499022e-01  9.121818393e-01  9.427913423e-01
 9.315068493e-01  9.142611305e-01  9.394775783e-01
 9.334637965e-01  9.163478989e-01  9.361644495e-01
 9.354207436e-01  9.184419322e-01  9.327254675e-01
 9.373776908e-01  9.205441217e-01  9.290217554e-01
 9.393346380e-01  9.226548871e-01  9.251875979e-01
 9.412915851e-01  9.247745382e-01  9.215294807e-01
 9.432485323e-01  9.269020886e-01  9.177259646e-01
 9.452054795e-01  9.290393570e-01  9.134143025e-01
 9.471624266e-01  9.311870452e-01  9.088941836e-01
 9.491193738e-01  9.333456278e-01  9.044688232e-01
 9.510763209e-01  9.355143779e-01  9.004317360e-01
 9.530332681e-01  9.376923533e-01  8.958613159e-01
 9.549902153e-01  9.398833170e-01  8.903806486e-01
 9.569471624e-01  9.420881954e-01  8.846424185e-01
 9.589041096e-01  9.443076805e-01  8.787477658e-01
 9.608610568e-01  9.465422426e-01  8.830979743e-01
 9.628180039e-01  9.487402868e-01  8.927875362e-01
 9.647749511e-01  9.509262130e-01  8.875050852e-01
 9.667318982e-01  9.531509669e-01  8.700596732e-01
 9.686888454e-01  9.554257457e-01  8.495919332e-01
 9.706457926e-01  9.577592569e-01  8.274015303e-01
 9.726027397e-01  9.601578819e-01  8.045652525e-01
 9.745596869e-01  9.626258397e-01  7.819307231e-01
 9.765166341e-01  9.651653497e-01  7.601352064e-01
 9.784735812e-01  9.677767934e-01  7.396369926e-01
 9.804305284e-01  9.704588768e-01  7.207505089e-01
 9.823874755e-01  9.732087911e-01  7.036798056e-01
 9.843444227e-01  9.760223726e-01  6.885477558e-01
 9.863013699e-01  9.788942612e-01  6.754200818e-01
 9.882583170e-01  9.818180579e-01  6.643243322e-01
 9.902152642e-01  9.847864785e-01  6.552644121e-01
 9.921722114e-01  9.877915066e-01  6.482314422e-01
 9.941291585e-01  9.908245423e-01  6.432116866e-01
 9.960861057e-01  9.938765490e-01  6.401922150e-01
 9.980430528e-01  9.969381964e-01  6.391648012e-01
 1.000000000e+00  1.000000000e+00  6.391321915e-01
4  4.105757782e-01  6.690773638e-01  1.013635765e+00  7.524307711e-01  9.562870053e-01  5.348411238e+01  4.447606814e-01  9.949924216e-01  3.491097754e-01  2.737008026e+00
5  5.365416161e-01  9.924972105e-01  1.008357603e+00  6.179809371e-01  9.296949365e-01  3.220655485e+01  3.915703429e-01  1.050426892e+00  5.205029204e-01  2.846484331e+00
6  6.350974654e-01  1.163828223e+00  1.005328461e+00  5.274151709e-01  9.082532226e-01  2.393379937e+01  3.624857345e-01  1.133047115e+00  6.408592687e-01  2.799354622e+00
7  7.207445658e-01  1.273733316e+00  1.003219518e+00  4.624635459e-01  8.949038656e-01  1.945563789e+01  3.431921793e-01  1.224515891e+00  7.371700834e-01  2.717315843e+00
8  7.963521740e-01  1.427003197e+00  1.001602716e+00  4.134751561e-01  8.977834096e-01  1.708047771e+01  3.298635093e-01  1.331451675e+00  8.163912767e-01  2.622838126e+00
9  8.577885254e-01  1.844890665e+00  1.000451103e+00  3.746037680e-01  9.311379884e-01  1.659534596e+01  3.216115592e-01  1.478785529e+00  8.767783828e-01  2.508386194e+00
10  9.008045084e-01  2.545096774e+00  9.997190812e-01  3.424831336e-01  1.013514673e+00  1.825196538e+01  3.175624025e-01  1.703453854e+00  9.187301752e-01  2.369023365e+00
11  9.308678700e-01  2.894347410e+00  9.993083013e-01  3.154189465e-01  1.161173468e+00  2.256676782e+01  3.166752765e-01  2.081605420e+00  9.468722214e-01  2.224619102e+00
12  9.709717969e-01  3.338195571e+00  9.997691846e-01  2.948677288e-01  1.347459617e+00  2.810150095e+01  3.197471049e-01  2.426838547e+00  9.807993441e-01  2.128070089e+00
13  9.865133345e-01  7.479690754e+00  9.999006542e-01  2.747783068e-01  1.586716913e+00  3.707985964e+01  3.234599119e-01  3.624724102e+00  9.913420330e-01  1.996076914e+00
14  9.936998920e-01  1.405860927e+01  9.999475281e-01  2.569017708e-01  1.771076268e+00  4.397156244e+01  3.273165049e-01  6.036473452e+00  9.959730009e-01  1.867089900e+00
0 0 -1.242900978e-01  4.608232737e-19
0 1  1.351962582e-02 -5.106421237e-03
0 2 -1.442021574e-02  6.188282906e-03
0 3  4.130251060e-03 -7.184816214e-03
0 4 -3.606303986e-04  6.485804375e-03
0 5 -4.420623721e-03 -2.989933722e-03
0 6  3.246455503e-03 -2.523801477e-03
0 7  2.280523590e-03  2.743636656e-03
0 8 -1.173084519e-03  2.957077164e-03
0 9 -2.587141798e-03  1.343283304e-03
0 10 -2.684473174e-03  1.845751973e-04
1 0 -1.087747621e-01 -4.108469883e-02
1 1 -9.598310587e-02  1.234344796e-17
1 2  9.408805754e-03 -7.418192017e-03
1 3 -1.325552889e-02  9.131094882e-03
1 4 -4.701265129e-04 -9.240088748e-03
1 5  4.151233756e-03  5.018840174e-03
1 6 -5.763239109e-03  2.668667346e-03
1 7 -3.027860161e-03 -4.254136473e-03
1 8  1.860282563e-03 -3.729884069e-03
1 9  3.449969888e-03 -1.261888367e-03
1 10  3.360304746e-03  3.029235979e-04
2 0  1.160206323e-01  4.978902595e-02
2 1 -9.802564388e-02 -7.728643442e-02
2 2 -7.689987621e-02  3.101390266e-17
2 3  4.962133190e-03 -9.227891774e-03
2 4 -8.676813775e-03  1.033382296e-02
2 5 -6.433110309e-03 -7.341779279e-03
2 6  5.295560254e-03 -1.458240645e-03
2 7  7.501752327e-04  5.473051689e-03
2 8 -3.975061332e-03  3.419909054e-03
2 9 -4.801630273e-03  2.807182148e-04
2 10 -4.156082397e-03 -1.376692115e-03
3 0 -3.323073304e-02 -5.780682726e-02
3 1  1.381027293e-01  9.513231312e-02
3 2 -6.452719346e-02 -1.199987858e-01
3 3 -6.346437664e-02  1.936077911e-17
3 4  9.333097157e-04 -1.074412163e-02
3 5 -3.500610199e-03  9.645780955e-03
3 6 -1.034405464e-02 -1.648091086e-03
3 7 -1.108680448e-03 -6.440122565e-03
3 8  3.715708904e-03 -1.949402014e-03
3 9  3.456766129e-03  1.614482018e-03
3 10  2.253307582e-03  3.006326951e-03
4 0  2.901521561e-03  5.218279242e-02
4 1  4.898013131e-03 -9.626786573e-02
4 2  1.128326104e-01  1.343802287e-01
4 3 -1.470604085e-02 -1.692937392e-01
4 4 -5.361136299e-02  1.259369912e-17
4 5 -3.311012964e-03 -1.206474670e-02
4 6  1.012630365e-03  6.224824377e-03
4 7 -8.449581506e-03  5.229430587e-03
4 8 -7.929792433e-03 -1.528428429e-03
4 9 -4.750710663e-03 -4.381116689e-03
4 10 -2.440797683e-03 -4.753120116e-03
5 0  3.556698240e-02 -2.405608954e-02
5 1 -4.324962939e-02  5.228878695e-02
5 2  8.365566533e-02 -9.547192584e-02
5 3  5.515866355e-02  1.519873268e-01
5 4  6.175953714e-02 -2.250408500e-01
5 5 -4.560636188e-02 -9.465570254e-18
5 6 -8.009431748e-03 -1.248278069e-02
5 7  2.541631862e-03 -4.633698179e-04
5 8 -8.003076136e-04  5.371537593e-03
5 9 -4.412630344e-03  5.116264842e-03
5 10 -5.781140193e-03  3.695942849e-03
6 0 -2.611998510e-02 -2.030573249e-02
6 1  6.004430735e-02  2.780351106e-02
6 2 -6.886305303e-02 -1.896284775e-02
6 3  1.629899352e-01 -2.596875875e-02
6 4 -1.888835330e-02  1.161101683e-01
6 5  1.756209314e-01 -2.737070044e-01
6 6 -3.843697513e-02  6.097062780e-17
6 7 -1.208025727e-02 -1.089569075e-02
6 8 -5.436208176e-04 -5.900445154e-03
6 9  1.725534043e-03 -1.343265208e-03
6 10  1.497438744e-03  9.691672865e-04
7 0 -1.834839323e-02  2.207445890e-02
7 1  3.154576145e-02 -4.432172135e-02
7 2 -9.755220290e-03  7.117113783e-02
7 3  1.746933488e-02 -1.014761809e-01
7 4  1.576080337e-01  9.754332468e-02
7 5 -5.572976570e-02 -1.016020131e-02
7 6  3.142874075e-01 -2.834689959e-01
7 7 -3.200468890e-02 -2.427360761e-16
7 8 -1.115486806e-02 -6.211950001e-03
7 9 -5.313525602e-03 -6.815537789e-03
7 10 -2.504914396e-03 -5.800139595e-03
8 0  9.438278185e-03  2.379173575e-02
8 1 -1.938135410e-02 -3.885979762e-02
8 2  5.169138791e-02  4.447223094e-02
8 3 -5.854794612e-02 -3.071647619e-02
8 4  1.479125318e-01 -2.850941189e-02
8 5  1.754815733e-02  1.177804449e-01
8 6  1.414317375e-02 -1.535096124e-01
8 7  3.485385562e-01 -1.940949971e-01
8 8 -2.966901669e-02 -5.975079835e-18
8 9 -1.564080823e-02 -5.158457872e-03
8 10 -1.128508201e-02 -6.546907257e-03
9 0  2.081534928e-02  1.080764540e-02
9 1 -3.594351169e-02 -1.314698410e-02
9 2  6.244002603e-02  3.650437798e-03
9 3 -5.446781820e-02  2.543918499e-02
9 4  8.861387583e-02 -8.171992735e-02
9 5  9.675471057e-02  1.121831392e-01
9 6 -4.489255559e-02 -3.494721434e-02
9 7  1.660233479e-01 -2.129543521e-01
9 8  5.271764949e-01 -1.738668297e-01
9 9 -2.131710662e-02 -1.022424067e-16
9 10 -1.173742199e-02 -1.876112192e-03
10 0  2.159844767e-02  1.485035417e-03
10 1 -3.500933540e-02  3.156009542e-03
10 2  5.404537175e-02 -1.790239703e-02
10 3 -3.550507704e-02  4.737030614e-02
10 4  4.552761853e-02 -8.865881878e-02
10 5  1.267617051e-01  8.104007197e-02
10 6 -3.895828791e-02  2.521445257e-02
10 7  7.826710653e-02 -1.812278074e-01
10 8  3.803658925e-01 -2.206647873e-01
10 9  5.506104648e-01 -8.800970156e-02
10 10 -1.699471588e-02 -3.785058420e-17
0 0 -8.388693417e+00 -1.225213426e-15
0 1 -8.483465580e-01  4.534413036e-01
0 2  1.258444242e+00 -4.472736905e-01
0 3 -2.139909063e-01  3.567998153e-01
0 4  4.140365603e-02 -2.747413817e-01
0 5  1.555440222e-01  1.215343759e-01
0 6 -1.137390000e-01  8.309865136e-02
0 7 -6.030236164e-02 -8.456915675e-02
0 8  8.008946805e-03 -9.079920193e-02
0 9  6.755149777e-02 -1.794193310e-02
0 10  8.215505307e-02  4.980834604e-02
1 0 -8.483465580e-01 -4.534413036e-01
1 1 -1.111310522e+01 -7.937028934e-15
1 2 -7.876874462e-01  1.075576099e+00
1 3  1.945733729e+00 -1.106996963e+00
1 4  1.871712070e-02  7.502658441e-01
1 5 -2.363925057e-01 -3.779284451e-01
1 6  3.483458105e-01 -1.418119903e-01
1 7  1.239198151e-01  2.256254123e-01
1 8 -4.836564392e-02  1.932852963e-01
1 9 -1.419944887e-01  1.343953780e-02
1 10 -1.435310865e-01 -1.318670224e-01
2 0  1.258444242e+00  4.472736905e-01
2 1 -7.876874462e-01 -1.075576099e+00
2 2 -1.404766575e+01 -8.525525274e-15
2 3 -3.597410646e-01  2.014495963e+00
2 4  2.070953096e+00 -1.947113962e+00
2 5  7.537243282e-01  9.465182436e-01
2 6 -5.507259523e-01  7.880113300e-02
2 7  3.153775518e-03 -4.865504048e-01
2 8  2.194878432e-01 -2.795521796e-01
2 9  2.628505496e-01  5.108401553e-02
2 10  2.034470291e-01  2.811818712e-01
3 0 -2.139909063e-01 -3.567998153e-01
3 1  1.945733729e+00  1.106996963e+00
3 2 -3.597410646e-01 -2.014495963e+00
3 3 -1.731155153e+01  2.523389181e-15
3 4  5.799363023e-01  3.334301491e+00
3 5  1.599997222e+00 -2.822477364e+00
3 6  1.883927869e+00  3.893323776e-01
3 7 -3.725441415e-02  8.255966824e-01
3 8 -4.071792167e-01  2.710412810e-01
3 9 -2.623172008e-01 -2.828263028e-01
3 10  1.299629138e-02 -5.913535056e-01
4 0  4.140365603e-02  2.747413817e-01
4 1  1.871712070e-02 -7.502658441e-01
4 2  2.070953096e+00  1.947113962e+00
4 3  5.799363023e-01 -3.334301491e+00
4 4 -2.117133130e+01 -1.415510156e-14
4 5  2.429002711e+00  5.216798430e+00
4 6  3.447615338e-01 -3.132874091e+00
4 7  2.473017552e+00 -1.208988149e+00
4 8  1.333783422e+00  1.928719293e-01
4 9  3.313509729e-01  6.242586455e-01
4 10 -2.851828350e-01  6.704885897e-01
5 0  1.555440222e-01 -1.215343759e-01
5 1 -2.363925057e-01  3.779284451e-01
5 2  7.537243282e-01 -9.465182436e-01
5 3  1.599997222e+00  2.822477364e+00
5 4  2.429002711e+00 -5.216798430e+00
5 5 -2.586256405e+01 -2.261141451e-14
5 6  5.943291078e+00  7.608918059e+00
5 7 -8.441801476e-01 -2.336405570e+00
5 8  2.864503028e-01 -1.828614758e+00
5 9  1.338339796e+00 -1.133325752e+00
5 10  2.122921793e+00 -4.932480861e-01
6 0 -1.137390000e-01 -8.309865136e-02
6 1  3.483458105e-01  1.418119903e-01
6 2 -5.507259523e-01 -7.880113300e-02
6 3  1.883927869e+00 -3.893323776e-01
6 4  3.447615338e-01  3.132874091e+00
6 5  5.943291078e+00 -7.608918059e+00
6 6 -3.207567810e+01  2.013790757e-13
6 7  1.051858976e+01  8.629908492e+00
6 8 -1.736725972e-01  1.708186873e+00
6 9 -6.527126327e-01 -1.455935177e+00
6 10  2.842859751e-01 -3.163990678e+00
7 0 -6.030236164e-02  8.456915675e-02
7 1  1.239198151e-01 -2.256254123e-01
7 2  3.153775518e-03  4.865504048e-01
7 3 -3.725441415e-02 -8.255966824e-01
7 4  2.473017552e+00  1.208988149e+00
7 5 -8.441801476e-01  2.336405570e+00
7 6  1.051858976e+01 -8.629908492e+00
7 7 -3.675416204e+01  3.317144318e-13
7 8  1.103460645e+01  5.352462280e+00
7 9  1.259043831e+00  2.215131416e+00
7 10 -9.354285404e-01  9.010296808e-02
8 0  8.008946805e-03  9.079920193e-02
8 1 -4.836564392e-02 -1.932852963e-01
8 2  2.194878432e-01  2.795521796e-01
8 3 -4.071792167e-01 -2.710412810e-01
8 4  1.333783422e+00 -1.928719293e-01
8 5  2.864503028e-01  1.828614758e+00
8 6 -1.736725972e-01 -1.708186873e+00
8 7  1.103460645e+01 -5.352462280e+00
8 8 -4.917706862e+01  1.142575196e-13
8 9  2.090868924e+01  6.157578683e+00
8 10  6.201866871e+00  4.621156714e+00
9 0  6.755149777e-02  1.794193310e-02
9 1 -1.419944887e-01 -1.343953780e-02
9 2  2.628505496e-01 -5.108401553e-02
9 3 -2.623172008e-01  2.828263028e-01
9 4  3.313509729e-01 -6.242586455e-01
9 5  1.338339796e+00  1.133325752e+00
9 6 -6.527126327e-01  1.455935177e+00
9 7  1.259043831e+00 -2.215131416e+00
9 8  2.090868924e+01 -6.157578683e+00
9 9 -6.520563826e+01  5.234238205e-13
9 10  3.239892145e+01  5.178650952e+00
10 0  8.215505307e-02 -4.980834604e-02
10 1 -1.435310865e-01  1.318670224e-01
10 2  2.034470291e-01 -2.811818712e-01
10 3  1.299629138e-02  5.913535056e-01
10 4 -2.851828350e-01 -6.704885897e-01
10 5  2.122921793e+00  4.932480862e-01
10 6  2.842859751e-01  3.163990678e+00
10 7 -9.354285404e-01 -9.010296808e-02
10 8  6.201866871e+00 -4.621156714e+00
10 9  3.239892145e+01 -5.178650952e+00
10 10 -5.884181926e+01  1.310523371e-13
0  3.846397025e-02 -1.792055565e-03 -1.273588899e-01 -1.514512049e-02
1  6.570488132e-02 -2.363167659e-03  1.571107373e-01  4.834219274e-02
2  9.022992666e-02 -4.671893221e-03 -1.507371467e-01 -9.952079702e-02
3  1.233151529e-01 -5.651366406e-03  9.853993770e-02  1.625022802e-01
4  1.628374696e-01 -9.976601485e-03  2.115365187e-02 -1.938046946e-01
5  2.019978252e-01 -1.211699266e-02 -1.674012147e-01  9.980239003e-02
6  2.337919762e-01 -1.476953591e-02  1.431217894e-01  1.254012320e-01
7  2.523013056e-01 -1.765632293e-02  1.312906426e-01 -1.274872018e-01
8  2.865577653e-01 -2.138801229e-02 -4.717526126e-02 -1.688316184e-01
9  2.819361561e-01 -2.324756971e-02 -1.382060795e-01 -8.928721077e-02
10  2.693404777e-01 -2.300105972e-02 -1.520877283e-01 -2.381270135e-02
