 1.695500020e+00 -1.816089890e+00  8.546228353e-01  3.686958062e+00  9.337063578e-01  9.754573550e-01  6.917892870e+00 512 3 11
 0.000000000e+00  0.000000000e+00  1.456836142e-06
 1.956947162e-03  2.914189049e-02  1.343032935e-01
 3.913894325e-03  4.121298770e-02  1.899301763e-01
 5.870841487e-03  5.047570301e-02  2.326083461e-01
 7.827788650e-03  5.828484610e-02  2.685802674e-01
 9.784735812e-03  6.516521407e-02  3.002633499e-01
 1.174168297e-02  7.138597008e-02  3.288970501e-01
 1.369863014e-02  7.710702047e-02  3.552174183e-01
 1.565557730e-02  8.243256156e-02  3.797038475e-01
 1.761252446e-02  8.743497512e-02  4.026891803e-01
 1.956947162e-02  9.216696737e-02  4.244156405e-01
 2.152641879e-02  9.666833184e-02  4.450659916e-01
 2.348336595e-02  1.009699880e-01  4.647821426e-01
 2.544031311e-02  1.050965280e-01  4.836768265e-01
 2.739726027e-02  1.090678944e-01  5.018412508e-01
 2.935420744e-02  1.129005276e-01  5.193511149e-01
 3.131115460e-02  1.166081615e-01  5.362695480e-01
 3.326810176e-02  1.202024189e-01  5.526494602e-01
 3.522504892e-02  1.236932370e-01  5.685370995e-01
 3.718199609e-02  1.270891818e-01  5.839702884e-01
 3.913894325e-02  1.303977300e-01  5.989815973e-01
 4.109589041e-02  1.336254296e-01  6.136011047e-01
 4.305283757e-02  1.367780608e-01  6.278553600e-01
 4.500978474e-02  1.398607500e-01  6.417689363e-01
 4.696673190e-02  1.428780655e-01  6.553637284e-01
 4.892367906e-02  1.458341020e-01  6.686572416e-01
 5.088062622e-02  1.487325620e-01  6.816629398e-01
 5.283757339e-02  1.515768111e-01  6.943936061e-01
 5.479452055e-02  1.543699106e-01  7.068666760e-01
 5.675146771e-02  1.571146193e-01  7.190992602e-01
 5.870841487e-02  1.598134570e-01  7.311019793e-01
 6.066536204e-02  1.624687454e-01  7.428809674e-01
 6.262230920e-02  1.650826422e-01  7.544435364e-01
 6.457925636e-02  1.676571335e-01  7.658011485e-01
 6.653620352e-02  1.701940441e-01  7.769637781e-01
 6.849315068e-02  1.726950667e-01  7.879373690e-01
 7.045009785e-02  1.751617837e-01  7.987278623e-01
 7.240704501e-02  1.775956666e-01  8.093413536e-01
 7.436399217e-02  1.799980935e-01  8.197823229e-01
 7.632093933e-02  1.823703570e-01  8.300608519e-01
 7.827788650e-02  1.847136393e-01  8.401868243e-01
 8.023483366e-02  1.870290523e-01  8.501548358e-01
 8.219178082e-02  1.893176936e-01  8.599645373e-01
 8.414872798e-02  1.915805716e-01  8.696329381e-01
 8.610567515e-02  1.938185960e-01  8.791658562e-01
 8.806262231e-02  1.960326566e-01  8.885587983e-01
 9.001956947e-02  1.982236054e-01  8.978141232e-01
 9.197651663e-02  2.003922442e-01  9.069367746e-01
 9.393346380e-02  2.025393302e-01  9.159314835e-01
 9.589041096e-02  2.046655775e-01  9.248036288e-01
 9.784735812e-02  2.067716579e-01  9.335564563e-01
 9.980430528e-02  2.088582152e-01  9.421883082e-01
 1.017612524e-01  2.109258766e-01  9.506985022e-01
 1.037181996e-01  2.129752397e-01  9.590919399e-01
 1.056751468e-01  2.150068641e-01  9.673778318e-01
 1.076320939e-01  2.170212660e-01  9.755574474e-01
 1.095890411e-01  2.190189601e-01  9.836254877e-01
 1.115459883e-01  2.210004473e-01  9.915818804e-01
 1.135029354e-01  2.229662071e-01  9.994338334e-01
 1.154598826e-01  2.249166782e-01  1.007185895e+00
 1.174168297e-01  2.268522908e-01  1.014838135e+00
 1.193737769e-01  2.287734550e-01  1.022392054e+00
 1.213307241e-01  2.306805677e-01  1.029845191e+00
 1.232876712e-01  2.325740218e-01  1.037196543e+00
 1.252446184e-01  2.344541931e-01  1.044452638e+00
 1.272015656e-01  2.363214273e-01  1.051620731e+00
 1.291585127e-01  2.381760522e-01  1.058699350e+00
 1.311154599e-01  2.400183982e-01  1.065680811e+00
 1.330724070e-01  2.418488003e-01  1.072566008e+00
 1.350293542e-01  2.436675665e-01  1.079364376e+00
 1.369863014e-01  2.454749817e-01  1.086078336e+00
 1.389432485e-01  2.472713288e-01  1.092705942e+00
 1.409001957e-01  2.490568835e-01  1.099246097e+00
 1.428571429e-01  2.508319170e-01  1.105697301e+00
 1.448140900e-01  2.525966950e-01  1.112060960e+00
 1.467710372e-01  2.543514701e-01  1.118342218e+00
 1.487279843e-01  2.560964782e-01  1.124545895e+00
 1.506849315e-01  2.578319445e-01  1.130669559e+00
 1.526418787e-01  2.595581005e-01  1.136705702e+00
 1.545988258e-01  2.612751828e-01  1.142656177e+00
 1.565557730e-01  2.629834061e-01  1.148529369e+00
 1.585127202e-01  2.646829710e-01  1.154327496e+00
 1.604696673e-01  2.663740757e-01  1.160048089e+00
 1.624266145e-01  2.680569185e-01  1.165688887e+00
 1.643835616e-01  2.697316950e-01  1.171249291e+00
 1.663405088e-01  2.713985963e-01  1.176729707e+00
 1.682974560e-01  2.730578081e-01  1.182134775e+00
 1.702544031e-01  2.747095003e-01  1.187470277e+00
 1.722113503e-01  2.763538345e-01  1.192732854e+00
 1.741682975e-01  2.779909827e-01  1.197913999e+00
 1.761252446e-01  2.796211227e-01  1.203015279e+00
 1.780821918e-01  2.812444152e-01  1.208045995e+00
 1.800391389e-01  2.828610058e-01  1.213009478e+00
 1.819960861e-01  2.844710401e-01  1.217900704e+00
 1.839530333e-01  2.860746713e-01  1.222715602e+00
 1.859099804e-01  2.876720496e-01  1.227456215e+00
 1.878669276e-01  2.892633171e-01  1.232124760e+00
 1.898238748e-01  2.908486126e-01  1.236722773e+00
 1.917808219e-01  2.924280691e-01  1.241253496e+00
 1.937377691e-01  2.940018122e-01  1.245716224e+00
 1.956947162e-01  2.955699717e-01  1.250105770e+00
 1.976516634e-01  2.971326817e-01  1.254420623e+00
 1.996086106e-01  2.986900712e-01  1.258666151e+00
 2.015655577e-01  3.002422563e-01  1.262848640e+00
 2.035225049e-01  3.017893464e-01  1.266964725e+00
 2.054794521e-01  3.033314620e-01  1.271010238e+00
 2.074363992e-01  3.048687188e-01  1.274985061e+00
 2.093933464e-01  3.064012336e-01  1.278890582e+00
 2.113502935e-01  3.079291153e-01  1.282730016e+00
 2.133072407e-01  3.094524693e-01  1.286505946e+00
 2.152641879e-01  3.109713950e-01  1.290218029e+00
 2.172211350e-01  3.124859955e-01  1.293862425e+00
 2.191780822e-01  3.139963762e-01  1.297435432e+00
 2.211350294e-01  3.155026457e-01  1.300941003e+00
 2.230919765e-01  3.170048972e-01  1.304387838e+00
 2.250489237e-01  3.185032163e-01  1.307773440e+00
 2.270058708e-01  3.199976993e-01  1.311090908e+00
 2.289628180e-01  3.214884453e-01  1.314340774e+00
 2.309197652e-01  3.229755466e-01  1.317526733e+00
 2.328767123e-01  3.244590913e-01  1.320651050e+00
 2.348336595e-01  3.259391645e-01  1.323713490e+00
 2.367906067e-01  3.274158524e-01  1.326712529e+00
 2.387475538e-01  3.288892415e-01  1.329650135e+00
 2.407045010e-01  3.303594115e-01  1.332523980e+00
 2.426614481e-01  3.318264518e-01  1.335332098e+00
 2.446183953e-01  3.332904447e-01  1.338080230e+00
 2.465753425e-01  3.347514651e-01  1.340771094e+00
 2.485322896e-01  3.362095874e-01  1.343400495e+00
 2.504892368e-01  3.376648938e-01  1.345967115e+00
 2.524461840e-01  3.391174602e-01  1.348472097e+00
 2.544031311e-01  3.405673646e-01  1.350916734e+00
 2.563600783e-01  3.420146785e-01  1.353303787e+00
 2.583170254e-01  3.434594723e-01  1.355631202e+00
 2.602739726e-01  3.449018206e-01  1.357899790e+00
 2.622309198e-01  3.463417908e-01  1.360110912e+00
 2.641878669e-01  3.477794531e-01  1.362260034e+00
 2.661448141e-01  3.492148833e-01  1.364349352e+00
 2.681017613e-01  3.506481456e-01  1.366385033e+00
 2.700587084e-01  3.520793017e-01  1.368365333e+00
 2.720156556e-01  3.535084185e-01  1.370286393e+00
 2.739726027e-01  3.549355646e-01  1.372148034e+00
 2.759295499e-01  3.563608060e-01  1.373952940e+00
 2.778864971e-01  3.577842048e-01  1.375705351e+00
 2.798434442e-01  3.592058174e-01  1.377402816e+00
 2.818003914e-01  3.606257099e-01  1.379041115e+00
 2.837573386e-01  3.620439467e-01  1.380625230e+00
 2.857142857e-01  3.634605826e-01  1.382156745e+00
 2.876712329e-01  3.648756781e-01  1.383632476e+00
 2.896281800e-01  3.662892937e-01  1.385054836e+00
 2.915851272e-01  3.677014841e-01  1.386423519e+00
 2.935420744e-01  3.691123100e-01  1.387738009e+00
 2.954990215e-01  3.705218263e-01  1.389000743e+00
 2.974559687e-01  3.719300881e-01  1.390210777e+00
 2.994129159e-01  3.733371517e-01  1.391369815e+00
 3.013698630e-01  3.747430682e-01  1.392478359e+00
 3.033268102e-01  3.761478923e-01  1.393531836e+00
 3.052837573e-01  3.775516839e-01  1.394532848e+00
 3.072407045e-01  3.789544919e-01  1.395487814e+00
 3.091976517e-01  3.803563628e-01  1.396394583e+00
 3.111545988e-01  3.817573494e-01  1.397249324e+00
 3.131115460e-01  3.831575057e-01  1.398051612e+00
 3.150684932e-01  3.845568848e-01  1.398803968e+00
 3.170254403e-01  3.859555352e-01  1.399511121e+00
 3.189823875e-01  3.873535005e-01  1.400171920e+00
 3.209393346e-01  3.887508310e-01  1.400782528e+00
 3.228962818e-01  3.901475778e-01  1.401345089e+00
 3.248532290e-01  3.915437866e-01  1.401860129e+00
 3.268101761e-01  3.929395073e-01  1.402326430e+00
 3.287671233e-01  3.943347877e-01  1.402747633e+00
 3.307240705e-01  3.957296702e-01  1.403125556e+00
 3.326810176e-01  3.971241991e-01  1.403458488e+00
 3.346379648e-01  3.985184199e-01  1.403743561e+00
 3.365949119e-01  3.999123824e-01  1.403980024e+00
 3.385518591e-01  4.013061336e-01  1.404172712e+00
 3.405088063e-01  4.026997136e-01  1.404325427e+00
 3.424657534e-01  4.040931616e-01  1.404435219e+00
 3.444227006e-01  4.054865237e-01  1.404499512e+00
 3.463796477e-01  4.068798442e-01  1.404518664e+00
 3.483365949e-01  4.082731683e-01  1.404494519e+00
 3.502935421e-01  4.096665367e-01  1.404428310e+00
 3.522504892e-01  4.110599922e-01  1.404321534e+00
 3.542074364e-01  4.124535725e-01  1.404175680e+00
 3.561643836e-01  4.138473175e-01  1.403988674e+00
 3.581213307e-01  4.152412690e-01  1.403757156e+00
 3.600782779e-01  4.166354738e-01  1.403481741e+00
 3.620352250e-01  4.180299725e-01  1.403168009e+00
 3.639921722e-01  4.194248008e-01  1.402820175e+00
 3.659491194e-01  4.208199912e-01  1.402434766e+00
 3.679060665e-01  4.222155862e-01  1.402005681e+00
 3.698630137e-01  4.236116307e-01  1.401534193e+00
 3.718199609e-01  4.250081649e-01  1.401025171e+00
 3.737769080e-01  4.264052241e-01  1.400481627e+00
 3.757338552e-01  4.278028425e-01  1.399903765e+00
 3.776908023e-01  4.292010553e-01  1.399288861e+00
 3.796477495e-01  4.305999024e-01  1.398633948e+00
 3.816046967e-01  4.319994250e-01  1.397940230e+00
 3.835616438e-01  4.333996608e-01  1.397210353e+00
 3.855185910e-01  4.348006459e-01  1.396448006e+00
 3.874755382e-01  4.362024110e-01  1.395656006e+00
 3.894324853e-01  4.376049866e-01  1.394828720e+00
 3.913894325e-01  4.390084150e-01  1.393960614e+00
 3.933463796e-01  4.404127382e-01  1.393056036e+00
 3.953033268e-01  4.418179899e-01  1.392121153e+00
 3.972602740e-01  4.432241998e-01  1.391158913e+00
 3.992172211e-01  4.446313962e-01  1.390166203e+00
 4.011741683e-01  4.460396153e-01  1.389136187e+00
 4.031311155e-01  4.474488992e-01  1.388070156e+00
 4.050880626e-01  4.488592822e-01  1.386974572e+00
 4.070450098e-01  4.502707935e-01  1.385850890e+00
 4.090019569e-01  4.516834646e-01  1.384699603e+00
 4.109589041e-01  4.530973240e-01  1.383518571e+00
 4.129158513e-01  4.545124080e-01  1.382304186e+00
 4.148727984e-01  4.559287528e-01  1.381058419e+00
 4.168297456e-01  4.573463909e-01  1.379784282e+00
 4.187866928e-01  4.587653528e-01  1.378484918e+00
 4.207436399e-01  4.601856647e-01  1.377161751e+00
 4.227005871e-01  4.616073546e-01  1.375809783e+00
 4.246575342e-01  4.630304593e-01  1.374425546e+00
 4.266144814e-01  4.644550144e-01  1.373013325e+00
 4.285714286e-01  4.658810481e-01  1.371578085e+00
 4.305283757e-01  4.673085861e-01  1.370121575e+00
 4.324853229e-01  4.687376534e-01  1.368640024e+00
 4.344422701e-01  4.701682838e-01  1.367129635e+00
 4.363992172e-01  4.716005105e-01  1.365592927e+00
 4.383561644e-01  4.730343625e-01  1.364034017e+00
 4.403131115e-01  4.744698649e-01  1.362454473e+00
 4.422700587e-01  4.759070434e-01  1.360852551e+00
 4.442270059e-01  4.773459274e-01  1.359227171e+00
 4.461839530e-01  4.787865453e-01  1.357578784e+00
 4.481409002e-01  4.802289257e-01  1.355908210e+00
 4.500978474e-01  4.816730957e-01  1.354217002e+00
 4.520547945e-01  4.831190809e-01  1.352506431e+00
 4.540117417e-01  4.845669063e-01  1.350776500e+00
 4.559686888e-01  4.860165977e-01  1.349027074e+00
 4.579256360e-01  4.874681806e-01  1.347256927e+00
 4.598825832e-01  4.889216841e-01  1.345466931e+00
 4.618395303e-01  4.903771320e-01  1.343660444e+00
 4.637964775e-01  4.918345464e-01  1.341837353e+00
 4.657534247e-01  4.932939519e-01  1.339996816e+00
 4.677103718e-01  4.947553728e-01  1.338138666e+00
 4.696673190e-01  4.962188343e-01  1.336263499e+00
 4.716242661e-01  4.976843597e-01  1.334373712e+00
 4.735812133e-01  4.991519693e-01  1.332469405e+00
 4.755381605e-01  5.006216867e-01  1.330548989e+00
 4.774951076e-01  5.020935359e-01  1.328614132e+00
 4.794520548e-01  5.035675371e-01  1.326666359e+00
 4.814090020e-01  5.050437114e-01  1.324706001e+00
 4.833659491e-01  5.065220784e-01  1.322732407e+00
 4.853228963e-01  5.080026611e-01  1.320744826e+00
 4.872798434e-01  5.094854811e-01  1.318745526e+00
 4.892367906e-01  5.109705565e-01  1.316736741e+00
 4.911937378e-01  5.124579044e-01  1.314718132e+00
 4.931506849e-01  5.139475437e-01  1.312688048e+00
 4.951076321e-01  5.154394955e-01  1.310646495e+00
 4.970645793e-01  5.169337792e-01  1.308595602e+00
 4.990215264e-01  5.184304112e-01  1.306537480e+00
 5.009784736e-01  5.199294064e-01  1.304472280e+00
 5.029354207e-01  5.214307810e-01  1.302398762e+00
 5.048923679e-01  5.229345530e-01  1.300316522e+00
 5.068493151e-01  5.244407400e-01  1.298227209e+00
 5.088062622e-01  5.259493561e-01  1.296132433e+00
 5.107632094e-01  5.274604155e-01  1.294032551e+00
 5.127201566e-01  5.289739319e-01  1.291927982e+00
 5.146771037e-01  5.304899184e-01  1.289818159e+00
 5.166340509e-01  5.320083903e-01  1.287703471e+00
 5.185909980e-01  5.335293601e-01  1.285585054e+00
 5.205479452e-01  5.350528405e-01  1.283463627e+00
 5.225048924e-01  5.365788424e-01  1.281340526e+00
 5.244618395e-01  5.381073757e-01  1.279215618e+00
 5.264187867e-01  5.396384515e-01  1.277088517e+00
 5.283757339e-01  5.411720808e-01  1.274959643e+00
 5.303326810e-01  5.427082740e-01  1.272830064e+00
 5.322896282e-01  5.442470395e-01  1.270701119e+00
 5.342465753e-01  5.457883845e-01  1.268573074e+00
 5.362035225e-01  5.473323169e-01  1.266445684e+00
 5.381604697e-01  5.488788446e-01  1.264318917e+00
 5.401174168e-01  5.504279756e-01  1.262193683e+00
 5.420743640e-01  5.519797156e-01  1.260071166e+00
 5.440313112e-01  5.535340699e-01  1.257951650e+00
 5.459882583e-01  5.550910434e-01  1.255835029e+00
 5.479452055e-01  5.566506415e-01  1.253721583e+00
 5.499021526e-01  5.582128688e-01  1.251612051e+00
 5.518590998e-01  5.597777286e-01  1.249507184e+00
 5.538160470e-01  5.613452236e-01  1.247407297e+00
 5.557729941e-01  5.629153565e-01  1.245312220e+00
 5.577299413e-01  5.644881301e-01  1.243222342e+00
 5.596868885e-01  5.660635462e-01  1.241138544e+00
 5.616438356e-01  5.676416055e-01  1.239061457e+00
 5.636007828e-01  5.692223079e-01  1.236991277e+00
 5.655577299e-01  5.708056535e-01  1.234927864e+00
 5.675146771e-01  5.723916426e-01  1.232871525e+00
 5.694716243e-01  5.739802744e-01  1.230822870e+00
 5.714285714e-01  5.755715475e-01  1.228782618e+00
 5.733855186e-01  5.771654592e-01  1.226751301e+00
 5.753424658e-01  5.787620065e-01  1.224728807e+00
 5.772994129e-01  5.803611868e-01  1.222715153e+00
 5.792563601e-01  5.819629970e-01  1.220710684e+00
 5.812133072e-01  5.835674335e-01  1.218715854e+00
 5.831702544e-01  5.851744917e-01  1.216731495e+00
 5.851272016e-01  5.867841658e-01  1.214757925e+00
 5.870841487e-01  5.883964501e-01  1.212794894e+00
 5.890410959e-01  5.900113392e-01  1.210842352e+00
 5.909980431e-01  5.916288274e-01  1.208900583e+00
 5.929549902e-01  5.932489084e-01  1.206970065e+00
 5.949119374e-01  5.948715750e-01  1.205051255e+00
 5.968688845e-01  5.964968194e-01  1.203144205e+00
 5.988258317e-01  5.981246342e-01  1.201248581e+00
 6.007827789e-01  5.997550120e-01  1.199364482e+00
 6.027397260e-01  6.013879450e-01  1.197492061e+00
 6.046966732e-01  6.030234254e-01  1.195631206e+00
 6.066536204e-01  6.046614452e-01  1.193782170e+00
 6.086105675e-01  6.063019959e-01  1.191945037e+00
 6.105675147e-01  6.079450689e-01  1.190119758e+00
 6.125244618e-01  6.095906556e-01  1.188306262e+00
 6.144814090e-01  6.112387475e-01  1.186504100e+00
 6.164383562e-01  6.128893368e-01  1.184713030e+00
 6.183953033e-01  6.145424157e-01  1.182933397e+00
 6.203522505e-01  6.161979751e-01  1.181165569e+00
 6.223091977e-01  6.178560059e-01  1.179409216e+00
 6.242661448e-01  6.195164998e-01  1.177663734e+00
 6.262230920e-01  6.211794492e-01  1.175928738e+00
 6.281800391e-01  6.228448465e-01  1.174204155e+00
 6.301369863e-01  6.245126843e-01  1.172490363e+00
 6.320939335e-01  6.261829537e-01  1.170787378e+00
 6.340508806e-01  6.278556469e-01  1.169094517e+00
 6.360078278e-01  6.295307569e-01  1.167411309e+00
 6.379647750e-01  6.312082771e-01  1.165737588e+00
 6.399217221e-01  6.328882006e-01  1.164073236e+00
 6.418786693e-01  6.345705211e-01  1.162418180e+00
 6.438356164e-01  6.362552318e-01  1.160772245e+00
 6.457925636e-01  6.379423266e-01  1.159134912e+00
 6.477495108e-01  6.396318001e-01  1.157505789e+00
 6.497064579e-01  6.413236472e-01  1.155884645e+00
 6.516634051e-01  6.430178631e-01  1.154271159e+00
 6.536203523e-01  6.447144433e-01  1.152665123e+00
 6.555772994e-01  6.464133836e-01  1.151066347e+00
 6.575342466e-01  6.481146800e-01  1.149474330e+00
 6.594911937e-01  6.498183297e-01  1.147888563e+00
 6.614481409e-01  6.515243299e-01  1.146308812e+00
 6.634050881e-01  6.532326784e-01  1.144734876e+00
 6.653620352e-01  6.549433731e-01  1.143166458e+00
 6.673189824e-01  6.566564125e-01  1.141602913e+00
 6.692759295e-01  6.583717964e-01  1.140043662e+00
 6.712328767e-01  6.600895248e-01  1.138488631e+00
 6.731898239e-01  6.618095979e-01  1.136937726e+00
 6.751467710e-01  6.635320159e-01  1.135390444e+00
 6.771037182e-01  6.652567803e-01  1.133846144e+00
 6.790606654e-01  6.669838934e-01  1.132304292e+00
 6.810176125e-01  6.687133582e-01  1.130764454e+00
 6.829745597e-01  6.704451783e-01  1.129226575e+00
 6.849315068e-01  6.721793569e-01  1.127690143e+00
 6.868884540e-01  6.739158994e-01  1.126154478e+00
 6.888454012e-01  6.756548108e-01  1.124619695e+00
 6.908023483e-01  6.773960962e-01  1.123085635e+00
 6.927592955e-01  6.791397615e-01  1.121551191e+00
 6.947162427e-01  6.808858148e-01  1.120015221e+00
 6.966731898e-01  6.826342658e-01  1.118477520e+00
 6.986301370e-01  6.843851234e-01  1.116938440e+00
 7.005870841e-01  6.861383962e-01  1.115398197e+00
 7.025440313e-01  6.878940927e-01  1.113856420e+00
 7.045009785e-01  6.896522226e-01  1.112311197e+00
 7.064579256e-01  6.914128006e-01  1.110761419e+00
 7.084148728e-01  6.931758399e-01  1.109207690e+00
 7.103718200e-01  6.949413536e-01  1.107650260e+00
 7.123287671e-01  6.967093544e-01  1.106088474e+00
 7.142857143e-01  6.984798574e-01  1.104521336e+00
 7.162426614e-01  7.002528788e-01  1.102948580e+00
 7.181996086e-01  7.020284347e-01  1.101370015e+00
 7.201565558e-01  7.038065422e-01  1.099785164e+00
 7.221135029e-01  7.055872192e-01  1.098192714e+00
 7.240704501e-01  7.073704872e-01  1.096591810e+00
 7.260273973e-01  7.091563673e-01  1.094983100e+00
 7.279843444e-01  7.109448790e-01  1.093367402e+00
 7.299412916e-01  7.127360410e-01  1.091743754e+00
 7.318982387e-01  7.145298765e-01  1.090109943e+00
 7.338551859e-01  7.163264117e-01  1.088465057e+00
 7.358121331e-01  7.181256730e-01  1.086809422e+00
 7.377690802e-01  7.199276860e-01  1.085143862e+00
 7.397260274e-01  7.217324749e-01  1.083467704e+00
 7.416829746e-01  7.235400679e-01  1.081779514e+00
 7.436399217e-01  7.253504942e-01  1.080078806e+00
 7.455968689e-01  7.271637842e-01  1.078365547e+00
 7.475538160e-01  7.289799678e-01  1.076639936e+00
 7.495107632e-01  7.307990751e-01  1.074900412e+00
 7.514677104e-01  7.326211419e-01  1.073144783e+00
 7.534246575e-01  7.344462061e-01  1.071373635e+00
 7.553816047e-01  7.362743023e-01  1.069588563e+00
 7.573385519e-01  7.381054635e-01  1.067789884e+00
 7.592954990e-01  7.399397237e-01  1.065974119e+00
 7.612524462e-01  7.417771287e-01  1.064139462e+00
 7.632093933e-01  7.436177192e-01  1.062287726e+00
 7.651663405e-01  7.454615357e-01  1.060418867e+00
 7.671232877e-01  7.473086197e-01  1.058531496e+00
 7.690802348e-01  7.491590172e-01  1.056623795e+00
 7.710371820e-01  7.510127770e-01  1.054695629e+00
 7.729941292e-01  7.528699465e-01  1.052748124e+00
 7.749510763e-01  7.547305714e-01  1.050780606e+00
 7.769080235e-01  7.565947024e-01  1.048791194e+00
 7.788649706e-01  7.584623928e-01  1.046778283e+00
 7.808219178e-01  7.603337001e-01  1.044740872e+00
 7.827788650e-01  7.622086824e-01  1.042679543e+00
 7.847358121e-01  7.640873962e-01  1.040594720e+00
 7.866927593e-01  7.659698991e-01  1.038484734e+00
 7.886497065e-01  7.678562551e-01  1.036348490e+00
 7.906066536e-01  7.697465272e-01  1.034185868e+00
 7.925636008e-01  7.716407808e-01  1.031997637e+00
 7.945205479e-01  7.735390777e-01  1.029785269e+00
 7.964774951e-01  7.754414794e-01  1.027547725e+00
 7.984344423e-01  7.773480528e-01  1.025285190e+00
 8.003913894e-01  7.792588602e-01  1.023001124e+00
 8.023483366e-01  7.811739569e-01  1.020698977e+00
 8.043052838e-01  7.830933936e-01  1.018381275e+00
 8.062622309e-01  7.850172174e-01  1.016049903e+00
 8.082191781e-01  7.869454728e-01  1.013706722e+00
 8.101761252e-01  7.888782008e-01  1.011354234e+00
 8.121330724e-01  7.908154373e-01  1.008995422e+00
 8.140900196e-01  7.927572125e-01  1.006635237e+00
 8.160469667e-01  7.947035439e-01  1.004275965e+00
 8.180039139e-01  7.966544532e-01  1.001916503e+00
 8.199608611e-01  7.986099624e-01  9.995567358e-01
 8.219178082e-01  8.005700941e-01  9.972015382e-01
 8.238747554e-01  8.025348512e-01  9.948581359e-01
 8.258317025e-01  8.045042280e-01  9.925307412e-01
 8.277886497e-01  8.064782102e-01  9.902205686e-01
 8.297455969e-01  8.084567866e-01  9.879371100e-01
 8.317025440e-01  8.104399043e-01  9.857013594e-01
 8.336594912e-01  8.124274661e-01  9.835298091e-01
 8.356164384e-01  8.144193501e-01  9.814306536e-01
 8.375733855e-01  8.164154228e-01  9.794047968e-01
 8.395303327e-01  8.184155551e-01  9.774880235e-01
 8.414872798e-01  8.204194629e-01  9.757186118e-01
 8.434442270e-01  8.224268553e-01  9.740907140e-01
 8.454011742e-01  8.244374659e-01  9.725988627e-01
 8.473581213e-01  8.264510205e-01  9.712361153e-01
 8.493150685e-01  8.284672767e-01  9.700432370e-01
 8.512720157e-01  8.304857858e-01  9.690584512e-01
 8.532289628e-01  8.325061414e-01  9.682482975e-01
 8.551859100e-01  8.345280294e-01  9.676058825e-01
 8.571428571e-01  8.365510682e-01  9.671556414e-01
 8.590998043e-01  8.385748388e-01  9.669098986e-01
 8.610567515e-01  8.405989059e-01  9.668779749e-01
 8.630136986e-01  8.426228101e-01  9.670180342e-01
 8.649706458e-01  8.446462911e-01  9.672829470e-01
 8.669275930e-01  8.466690869e-01  9.676785643e-01
 8.688845401e-01  8.486909139e-01  9.682064062e-01
 8.708414873e-01  8.507115050e-01  9.688259831e-01
 8.727984344e-01  8.527307469e-01  9.695057262e-01
 8.747553816e-01  8.547485058e-01  9.702150688e-01
 8.767123288e-01  8.567647961e-01  9.709274680e-01
 8.786692759e-01  8.587795952e-01  9.716125170e-01
 8.806262231e-01  8.607930431e-01  9.722469459e-01
 8.825831703e-01  8.628052135e-01  9.728157969e-01
 8.845401174e-01  8.648163072e-01  9.733189798e-01
 8.864970646e-01  8.668263976e-01  9.737095155e-01
 8.884540117e-01  8.688358782e-01  9.739326917e-01
 8.904109589e-01  8.708450473e-01  9.740024771e-01
 8.923679061e-01  8.728542400e-01  9.739157272e-01
 8.943248532e-01  8.748637671e-01  9.736799279e-01
 8.962818004e-01  8.768739331e-01  9.732840295e-01
 8.982387476e-01  8.788850956e-01  9.727544207e-01
 9.001956947e-01  8.808974512e-01  9.720483048e-01
 9.021526419e-01  8.829115372e-01  9.711103707e-01
 9.041095890e-01  8.849277826e-01  9.699802812e-01
 9.060665362e-01  8.869465651e-01  9.686827727e-01
 9.080234834e-01  8.889682160e-01  9.672647351e-01
 9.099804305e-01  8.909929224e-01  9.656969895e-01
 9.119373777e-01  8.930211439e-01  9.639152649e-01
 9.138943249e-01  8.950533435e-01  9.619596393e-01
 9.158512720e-01  8.970898208e-01  9.598368716e-01
 9.178082192e-01  8.991310206e-01  9.575329512e-01
 9.197651663e-01  9.011773109e-01  9.551258714e-01
 9.217221135e-01  9.032288124e-01  9.525714227e-01
 9.236790607e-01  9.052860945e-01  9.497952802e-01
 9.256360078e-01  9.073496080e-01  9.468857584e-01
 9.275929550e-01  9.094195533e-01  9.438546106e-01
 9.295499022e-01  9.114963438e-01  9.406266216e-01
 9.315068493e-01  9.135805231e-01  9.372201005e-01
 9.334637965e-01  9.156724398e-01  9.338194873e-01
 9.354207436e-01  9.177718248e-01  9.302711406e-01
 9.373776908e-01  9.198797363e-01  9.264066581e-01
 9.393346380e-01  9.219966757e-01  9.223830327e-01
 9.412915851e-01  9.241230199e-01  9.185528094e-01
 9.432485323e-01  9.262576435e-01  9.145439918e-01
 9.452054795e-01  9.284026836e-01  9.099369761e-01
 9.471624266e-01  9.305589831e-01  9.050772412e-01
 9.491193738e-01  9.327271244e-01  9.003329604e-01
 9.510763209e-01  9.349062013e-01  8.960620456e-01
 9.530332681e-01  9.370950513e-01  8.911186931e-01
 9.549902153e-01  9.392984105e-01  8.850327766e-01
 9.569471624e-01  9.415174786e-01  8.786108990e-01
 9.589041096e-01  9.437531736e-01  8.719758605e-01
 9.608610568e-01  9.460061468e-01  8.748986965e-01
 9.628180039e-01  9.482271699e-01  8.827961827e-01
 9.647749511e-01  9.504396991e-01  8.766409830e-01
 9.667318982e-01  9.526925470e-01  8.591396573e-01
 9.686888454e-01  9.549964399e-01  8.388790696e-01
 9.706457926e-01  9.573596801e-01  8.170830235e-01
 9.726027397e-01  9.597883055e-01  7.947607905e-01
 9.745596869e-01  9.622862497e-01  7.727046443e-01
 9.765166341e-01  9.648555000e-01  7.515093690e-01
 9.784735812e-01  9.674962567e-01  7.316025109e-01
 9.804305284e-01  9.702070902e-01  7.132774685e-01
 9.823874755e-01  9.729850982e-01  6.967248029e-01
 9.843444227e-01  9.758260621e-01  6.820594276e-01
 9.863013699e-01  9.787246011e-01  6.693429594e-01
 9.882583170e-01  9.816743256e-01  6.586013800e-01
 9.902152642e-01  9.846679870e-01  6.498385788e-01
 9.921722114e-01  9.876976270e-01  6.430464927e-01
 9.941291585e-01  9.907547220e-01  6.382125325e-01
 9.960861057e-01  9.938303264e-01  6.353248944e-01
 9.980430528e-01  9.969152111e-01  6.343762360e-01
 1.000000000e+00  1.000000000e+00  6.343959453e-01
4  4.134909504e-01  6.840699080e-01  1.013819265e+00  7.527558606e-01  9.547058555e-01  5.260222783e+01  4.435861259e-01  9.961390120e-01  3.556640387e-01  2.740230078e+00
5  5.387777917e-01  9.963743598e-01  1.008636183e+00  6.183396888e-01  9.284324791e-01  3.191898534e+01  3.911545376e-01  1.053426631e+00  5.253191338e-01  2.841807767e+00
6  6.374418791e-01  1.167682073e+00  1.005612489e+00  5.278269787e-01  9.072995937e-01  2.376546966e+01  3.622497015e-01  1.137099366e+00  6.452123562e-01  2.793447235e+00
7  7.232123706e-01  1.273471550e+00  1.003423713e+00  4.628703235e-01  8.948688415e-01  1.935995830e+01  3.429268188e-01  1.229114046e+00  7.413284280e-01  2.710644963e+00
8  7.991860303e-01  1.427594161e+00  1.001666673e+00  4.138321789e-01  8.994844764e-01  1.705359592e+01  3.294287670e-01  1.337562278e+00  8.205364737e-01  2.616384653e+00
9  8.603567053e-01  1.877355133e+00  1.000461606e+00  3.748737170e-01  9.360012008e-01  1.669292810e+01  3.212356680e-01  1.490948390e+00  8.802020242e-01  2.500673183e+00
10  9.021658542e-01  2.652598740e+00  9.997919147e-01  3.426573184e-01  1.024287460e+00  1.859095218e+01  3.175282798e-01  1.731394426e+00  9.207087704e-01  2.358394632e+00
11  9.319671514e-01  3.004877669e+00  9.994156492e-01  3.156067761e-01  1.178120879e+00  2.316159365e+01  3.168345718e-01  2.123341713e+00  9.484345433e-01  2.213984303e+00
12  9.714787610e-01  3.133992355e+00  9.997508865e-01  2.948989067e-01  1.368357933e+00  2.892013797e+01  3.198215841e-01  2.467329777e+00  9.813324395e-01  2.116237149e+00
13  9.869193095e-01  7.837996062e+00  9.999173040e-01  2.748523314e-01  1.610135574e+00  3.806586995e+01  3.237631728e-01  3.743432160e+00  9.916711397e-01  1.984827871e+00
14  9.936765274e-01  1.495436294e+01  9.999664354e-01  2.569522704e-01  1.788115460e+00  4.465796661e+01  3.277315083e-01  6.357264113e+00  9.959883860e-01  1.855764617e+00
0 0 -1.241849464e-01 -4.333172007e-18
0 1  1.365571651e-02 -5.275852954e-03
0 2 -1.456483604e-02  6.420116242e-03
0 3  4.051338421e-03 -7.429106499e-03
0 4 -1.306714026e-04  6.602034158e-03
0 5 -4.684233627e-03 -2.807983230e-03
0 6  3.081405488e-03 -2.886981842e-03
0 7  2.665716649e-03  2.493080369e-03
0 8 -7.404290334e-04  3.174140473e-03
0 9 -2.341796170e-03  1.862351929e-03
0 10 -2.650402515e-03  7.961331996e-04
1 0 -1.099627363e-01 -4.248383647e-02
1 1 -9.585410344e-02 -4.002905352e-17
1 2  9.329548646e-03 -7.594128366e-03
1 3 -1.312279534e-02  9.313594191e-03
1 4 -7.831110784e-04 -9.307666303e-03
1 5  4.427771910e-03  4.763127099e-03
1 6 -5.573271215e-03  3.132013928e-03
1 7 -3.558835688e-03 -3.948536145e-03
1 8  1.301003601e-03 -4.048358542e-03
1 9  3.174920006e-03 -1.965595462e-03
1 10  3.378732476e-03 -4.997711502e-04
2 0  1.172834266e-01  5.169802322e-02
2 1 -9.733071732e-02 -7.922590785e-02
2 2 -7.674439024e-02 -3.896587796e-17
2 3  4.800195754e-03 -9.393059912e-03
2 4 -8.420353505e-03  1.041359233e-02
2 5 -6.808088153e-03 -7.143969251e-03
2 6  5.156852921e-03 -1.991020125e-03
2 7  1.344577812e-03  5.280630240e-03
2 8 -3.516771870e-03  3.893047567e-03
2 9 -4.736524044e-03  1.087128425e-03
2 10 -4.427000648e-03 -5.439007995e-04
3 0 -3.262342610e-02 -5.982292312e-02
3 1  1.369038452e-01  9.716427212e-02
3 2 -6.254783886e-02 -1.223940914e-01
3 3 -6.334056292e-02 -3.481086196e-17
3 4  7.066568725e-04 -1.090666786e-02
3 5 -3.178797002e-03  9.577551156e-03
3 6 -1.053184487e-02 -1.127178708e-03
3 7 -1.823171894e-03 -6.527554522e-03
3 8  3.414364242e-03 -2.606524213e-03
3 9  3.675910153e-03  8.097682934e-04
3 10  2.805089062e-03  2.315125938e-03
4 0  1.052232226e-03  5.316291830e-02
4 1  8.169823203e-03 -9.710242931e-02
4 2  1.097194659e-01  1.356919026e-01
4 3 -1.115646657e-02 -1.721908894e-01
4 4 -5.349610614e-02  6.507062036e-17
4 5 -3.642381803e-03 -1.225143098e-02
4 6  1.317179510e-03  5.878890039e-03
4 7 -8.052784053e-03  5.682026057e-03
4 8 -8.209969466e-03 -8.726937289e-04
4 9 -5.529363229e-03 -3.895979883e-03
4 10 -3.428780096e-03 -4.562940617e-03
5 0  3.771981841e-02 -2.261130123e-02
5 1 -4.619282588e-02  4.969142612e-02
5 2  8.871121566e-02 -9.308783650e-02
5 3  5.018580284e-02  1.512072314e-01
5 4  6.808685838e-02 -2.290153782e-01
5 5 -4.543678775e-02  1.539008193e-17
5 6 -8.508847634e-03 -1.261737842e-02
5 7  2.502730648e-03 -1.086632961e-03
5 8 -3.192466799e-04  5.080939012e-03
5 9 -3.712491136e-03  5.298288760e-03
5 10 -5.155560663e-03  4.215480000e-03
6 0 -2.481303554e-02 -2.324743801e-02
6 1  5.814327207e-02  3.267480281e-02
6 2 -6.719517745e-02 -2.594352654e-02
6 3  1.662733072e-01 -1.779552716e-02
6 4 -2.462196981e-02  1.098937935e-01
6 5  1.872678078e-01 -2.776908106e-01
6 6 -3.813193092e-02 -6.700842251e-17
6 7 -1.237949744e-02 -1.072466275e-02
6 8 -9.600665303e-04 -6.239736175e-03
6 9  1.542118100e-03 -2.038925453e-03
6 10  1.597797571e-03  1.745628697e-04
7 0 -2.146569875e-02  2.007554411e-02
7 1  3.712763002e-02 -4.119318843e-02
7 2 -1.752020972e-02  6.880802914e-02
7 3  2.878363896e-02 -1.030548865e-01
7 4  1.505302840e-01  1.062138250e-01
7 5 -5.508159297e-02 -2.391526810e-02
7 6  3.246491102e-01 -2.812514996e-01
7 7 -3.177160242e-02  3.592565334e-17
7 8 -1.132288670e-02 -6.081576554e-03
7 9 -5.791722804e-03 -6.771406419e-03
7 10 -3.099994211e-03 -5.980306505e-03
8 0  5.962309080e-03  2.555978454e-02
8 1 -1.357274811e-02 -4.223458774e-02
8 2  4.582448124e-02  5.072745454e-02
8 3 -5.390486103e-02 -4.115094804e-02
8 4  1.534685430e-01 -1.631321963e-02
8 5  7.026171868e-03  1.118243446e-01
8 6  2.517749580e-02 -1.636354631e-01
8 7  3.563838722e-01 -1.914154809e-01
8 8 -2.941259849e-02 -5.152499336e-17
8 9 -1.570665375e-02 -4.764217319e-03
8 10 -1.168828377e-02 -6.178452877e-03
9 0  1.885732722e-02  1.499659969e-02
9 1 -3.312242139e-02 -2.050611702e-02
9 2  6.171817939e-02  1.416557512e-02
9 3 -5.803406196e-02  1.278435581e-02
9 4  1.033601065e-01 -7.282735443e-02
9 5  8.170672531e-02  1.166079079e-01
9 6 -4.044164727e-02 -5.347029128e-02
9 7  1.822924361e-01 -2.131276330e-01
9 8  5.340110890e-01 -1.619787970e-01
9 9 -2.106305571e-02 -1.279185147e-16
9 10 -1.161160216e-02 -1.692139034e-03
10 0  2.134238160e-02  6.410867201e-03
10 1 -3.524869938e-02 -5.213873296e-03
10 2  5.768500648e-02 -7.087173380e-03
10 3 -4.428582464e-02  3.655044779e-02
10 4  6.409401250e-02 -8.529481761e-02
10 5  1.134666626e-01  9.277680507e-02
10 6 -4.190182695e-02  4.577865992e-03
10 7  9.757122634e-02 -1.882280417e-01
10 8  3.973903829e-01 -2.100614429e-01
10 9  5.512781392e-01 -8.033682561e-02
10 10 -1.666991860e-02 -6.404313414e-17
0 0 -8.407089421e+00  5.196646227e-15
0 1 -8.553785414e-01  4.695726634e-01
0 2  1.275667691e+00 -4.658168705e-01
0 3 -2.124171652e-01  3.717729496e-01
0 4  3.256119536e-02 -2.819284820e-01
0 5  1.667115851e-01  1.164520691e-01
0 6 -1.088122410e-01  9.601010214e-02
0 7 -7.226330898e-02 -7.738538287e-02
0 8 -4.339054430e-03 -9.069991460e-02
0 9  6.394625285e-02 -3.071881575e-02
0 10  9.222271848e-02  3.118647158e-02
1 0 -8.553785414e-01 -4.695726634e-01
1 1 -1.113464058e+01  1.625375594e-14
1 2 -7.779664725e-01  1.104269614e+00
1 3  1.938503384e+00 -1.134864231e+00
1 4  4.312011923e-02  7.602725454e-01
1 5 -2.581482151e-01 -3.649849798e-01
1 6  3.389375483e-01 -1.706031963e-01
1 7  1.518763924e-01  2.117144555e-01
1 8 -2.213854647e-02  1.957849356e-01
1 9 -1.376940100e-01  4.028468987e-02
1 10 -1.680307248e-01 -9.644674755e-02
2 0  1.275667691e+00  4.658168705e-01
2 1 -7.779664725e-01 -1.104269614e+00
2 2 -1.408213638e+01  4.882405006e-16
2 3 -3.281607646e-01  2.057897528e+00
2 4  2.033883589e+00 -1.973318915e+00
2 5  8.065433937e-01  9.300242570e-01
2 6 -5.440915157e-01  1.331031161e-01
2 7 -5.106817142e-02 -4.763877071e-01
2 8  1.831275310e-01 -2.983514754e-01
2 9  2.695690807e-01  6.866048448e-03
2 10  2.599493868e-01  2.363827564e-01
3 0 -2.124171652e-01 -3.717729496e-01
3 1  1.938503384e+00  1.134864231e+00
3 2 -3.281607646e-01 -2.057897528e+00
3 3 -1.736500383e+01 -2.903519328e-15
3 4  6.521904705e-01  3.394444705e+00
3 5  1.521199194e+00 -2.833645768e+00
3 6  1.935032335e+00  2.982049914e-01
3 7  6.109832999e-02  8.533947246e-01
3 8 -3.666286744e-01  3.244926137e-01
3 9 -3.016288954e-01 -2.280586280e-01
3 10 -9.237806345e-02 -5.724142074e-01
4 0  3.256119536e-02  2.819284820e-01
4 1  4.312011923e-02 -7.602725454e-01
4 2  2.033883589e+00  1.973318915e+00
4 3  6.521904705e-01 -3.394444705e+00
4 4 -2.128634494e+01 -5.214832509e-14
4 5  2.595439290e+00  5.337517395e+00
4 6  2.244802008e-01 -3.085916661e+00
4 7  2.402844240e+00 -1.356874985e+00
4 8  1.363105378e+00  8.855766974e-02
4 9  4.408572470e-01  5.954975628e-01
4 10 -1.273809407e-01  7.442591226e-01
5 0  1.667115851e-01 -1.164520691e-01
5 1 -2.581482151e-01  3.649849798e-01
5 2  8.065433937e-01 -9.300242570e-01
5 3  1.521199194e+00  2.833645768e+00
5 4  2.595439290e+00 -5.337517395e+00
5 5 -2.609723240e+01  2.989050389e-14
5 6  6.296521544e+00  7.754726529e+00
5 7 -9.308095310e-01 -2.113076751e+00
5 8  1.780914874e-01 -1.789019682e+00
5 9  1.228114758e+00 -1.244536208e+00
5 10  2.099537358e+00 -7.582045957e-01
6 0 -1.088122410e-01 -9.601010214e-02
6 1  3.389375483e-01  1.706031963e-01
6 2 -5.440915157e-01 -1.331031161e-01
6 3  1.935032335e+00 -2.982049914e-01
6 4  2.244802008e-01  3.085916661e+00
6 5  6.296521544e+00 -7.754726529e+00
6 6 -3.242901640e+01  4.883327610e-14
6 7  1.085074285e+01  8.578565646e+00
6 8 -3.500040781e-02  1.805734951e+00
6 9 -7.085763051e-01 -1.265918850e+00
6 10  1.249854143e-02 -3.017337659e+00
7 0 -7.226330898e-02  7.738538287e-02
7 1  1.518763924e-01 -2.117144555e-01
7 2 -5.106817142e-02  4.763877071e-01
7 3  6.109832999e-02 -8.533947246e-01
7 4  2.402844240e+00  1.356874985e+00
7 5 -9.308095310e-01  2.113076751e+00
7 6  1.085074285e+01 -8.578565646e+00
7 7 -3.720918067e+01  4.171807885e-14
7 8  1.118153518e+01  5.236482504e+00
7 9  1.466511635e+00  2.263103638e+00
7 10 -7.343598207e-01  3.679505828e-01
8 0 -4.339054430e-03  9.069991460e-02
8 1 -2.213854647e-02 -1.957849356e-01
8 2  1.831275310e-01  2.983514754e-01
8 3 -3.666286744e-01 -3.244926137e-01
8 4  1.363105378e+00 -8.855766974e-02
8 5  1.780914874e-01  1.789019682e+00
8 6 -3.500040781e-02 -1.805734951e+00
8 7  1.118153518e+01 -5.236482504e+00
8 8 -4.995456727e+01  2.909299938e-13
8 9  2.114108900e+01  5.674266303e+00
8 10  6.959518436e+00  4.671007653e+00
9 0  6.394625285e-02  3.071881575e-02
9 1 -1.376940100e-01 -4.028468987e-02
9 2  2.695690807e-01 -6.866048448e-03
9 3 -3.016288954e-01  2.280586280e-01
9 4  4.408572470e-01 -5.954975628e-01
9 5  1.228114758e+00  1.244536208e+00
9 6 -7.085763051e-01  1.265918850e+00
9 7  1.466511635e+00 -2.263103638e+00
9 8  2.114108900e+01 -5.674266303e+00
9 9 -6.609455505e+01  5.823176034e-13
9 10  3.307023582e+01  4.819269220e+00
10 0  9.222271848e-02 -3.118647158e-02
10 1 -1.680307248e-01  9.644674755e-02
10 2  2.599493868e-01 -2.363827564e-01
10 3 -9.237806345e-02  5.724142074e-01
10 4 -1.273809407e-01 -7.442591226e-01
10 5  2.099537358e+00  7.582045957e-01
10 6  1.249854143e-02  3.017337659e+00
10 7 -7.343598207e-01 -3.679505828e-01
10 8  6.959518436e+00 -4.671007653e+00
10 9  3.307023582e+01 -4.819269220e+00
10 10 -5.998829532e+01  2.304653391e-13
0  3.938456290e-02 -1.835111320e-03 -1.308168886e-01 -1.660651310e-02
1  6.675440133e-02 -2.378696901e-03  1.587310155e-01  5.093993995e-02
2  9.173410753e-02 -4.775175034e-03 -1.503006030e-01 -1.033899289e-01
3  1.256510327e-01 -5.772648707e-03  9.450829543e-02  1.665711129e-01
4  1.664474334e-01 -1.023754704e-02  2.972316310e-02 -1.940505857e-01
5  2.057354268e-01 -1.246402074e-02 -1.744612703e-01  8.928033309e-02
6  2.359989390e-01 -1.494248544e-02  1.307202868e-01  1.390368665e-01
7  2.542225689e-01 -1.765391394e-02  1.469666574e-01 -1.095034448e-01
8  2.868069830e-01 -2.160869019e-02 -2.009810246e-02 -1.743373811e-01
9  2.818736565e-01 -2.322383344e-02 -1.170837948e-01 -1.152729520e-01
10  2.683822251e-01 -2.340417973e-02 -1.423756487e-01 -5.854676643e-02
