 1.695500020e+00 -1.815370100e+00  8.544139240e-01  3.641216896e+00  9.331500910e-01  9.506724040e-01  7.024701250e+00 512 3 11
 0.000000000e+00  0.000000000e+00  4.667845094e-06
 1.956947162e-03  2.885542229e-02  1.356334207e-01
 3.913894325e-03  4.080814090e-02  1.918082591e-01
 5.870841487e-03  4.998022359e-02  2.349033817e-01
 7.827788650e-03  5.771313809e-02  2.712238724e-01
 9.784735812e-03  6.452651159e-02  3.032112656e-01
 1.174168297e-02  7.068685511e-02  3.321173779e-01
 1.369863014e-02  7.635249926e-02  3.586855936e-01
 1.565557730e-02  8.162661362e-02  3.834000760e-01
 1.761252446e-02  8.658086680e-02  4.065969746e-01
 1.956947162e-02  9.126744586e-02  4.285209153e-01
 2.152641879e-02  9.572575247e-02  4.493564701e-01
 2.348336595e-02  9.998640180e-02  4.692469490e-01
 2.544031311e-02  1.040737439e-01  4.883065433e-01
 2.739726027e-02  1.080075201e-01  5.066285574e-01
 2.935420744e-02  1.118039924e-01  5.242865699e-01
 3.131115460e-02  1.154767955e-01  5.413425474e-01
 3.326810176e-02  1.190374466e-01  5.578514142e-01
 3.522504892e-02  1.224957930e-01  5.738604570e-01
 3.718199609e-02  1.258603158e-01  5.894067436e-01
 3.913894325e-02  1.291384365e-01  6.045219337e-01
 4.109589041e-02  1.323366501e-01  6.192359369e-01
 4.305283757e-02  1.354606983e-01  6.335761247e-01
 4.500978474e-02  1.385156598e-01  6.475707046e-01
 4.696673190e-02  1.415060423e-01  6.612430128e-01
 4.892367906e-02  1.444358929e-01  6.746094874e-01
 5.088062622e-02  1.473088753e-01  6.876826102e-01
 5.283757339e-02  1.501283251e-01  7.004752581e-01
 5.479452055e-02  1.528972720e-01  7.130046590e-01
 5.675146771e-02  1.556184532e-01  7.252874770e-01
 5.870841487e-02  1.582943665e-01  7.373342732e-01
 6.066536204e-02  1.609273167e-01  7.491489874e-01
 6.262230920e-02  1.635194578e-01  7.607365828e-01
 6.457925636e-02  1.660727771e-01  7.721150313e-01
 6.653620352e-02  1.685890551e-01  7.833012579e-01
 6.849315068e-02  1.710699438e-01  7.942937631e-01
 7.045009785e-02  1.735170335e-01  8.050908862e-01
 7.240704501e-02  1.759318051e-01  8.157046251e-01
 7.436399217e-02  1.783156092e-01  8.261459312e-01
 7.632093933e-02  1.806697113e-01  8.364203745e-01
 7.827788650e-02  1.829952956e-01  8.465336466e-01
 8.023483366e-02  1.852934724e-01  8.564853265e-01
 8.219178082e-02  1.875653146e-01  8.662768583e-01
 8.414872798e-02  1.898118206e-01  8.759172398e-01
 8.610567515e-02  1.920339193e-01  8.854141003e-01
 8.806262231e-02  1.942324823e-01  8.947743919e-01
 9.001956947e-02  1.964083242e-01  9.039936850e-01
 9.197651663e-02  1.985622633e-01  9.130693551e-01
 9.393346380e-02  2.006950575e-01  9.220139066e-01
 9.589041096e-02  2.028074010e-01  9.308328687e-01
 9.784735812e-02  2.048999665e-01  9.395257965e-01
 9.980430528e-02  2.069733957e-01  9.480947729e-01
 1.017612524e-01  2.090283005e-01  9.565400335e-01
 1.037181996e-01  2.110652732e-01  9.648629069e-01
 1.056751468e-01  2.130848746e-01  9.730685739e-01
 1.076320939e-01  2.150876327e-01  9.811657038e-01
 1.095890411e-01  2.170740336e-01  9.891541225e-01
 1.115459883e-01  2.190445693e-01  9.970257203e-01
 1.135029354e-01  2.209997241e-01  1.004782887e+00
 1.154598826e-01  2.229399475e-01  1.012436003e+00
 1.174168297e-01  2.248656522e-01  1.019989116e+00
 1.193737769e-01  2.267772435e-01  1.027439317e+00
 1.213307241e-01  2.286751188e-01  1.034785392e+00
 1.232876712e-01  2.305596622e-01  1.042028506e+00
 1.252446184e-01  2.324312421e-01  1.049170236e+00
 1.272015656e-01  2.342902138e-01  1.056215582e+00
 1.291585127e-01  2.361369063e-01  1.063170166e+00
 1.311154599e-01  2.379716348e-01  1.070031420e+00
 1.330724070e-01  2.397947182e-01  1.076791714e+00
 1.350293542e-01  2.416064792e-01  1.083454219e+00
 1.369863014e-01  2.434072081e-01  1.090029965e+00
 1.389432485e-01  2.451971737e-01  1.096520057e+00
 1.409001957e-01  2.469766475e-01  1.102919890e+00
 1.428571429e-01  2.487458987e-01  1.109228187e+00
 1.448140900e-01  2.505051881e-01  1.115446480e+00
 1.467710372e-01  2.522547665e-01  1.121577210e+00
 1.487279843e-01  2.539948739e-01  1.127623502e+00
 1.506849315e-01  2.557257387e-01  1.133589248e+00
 1.526418787e-01  2.574475776e-01  1.139473047e+00
 1.545988258e-01  2.591606122e-01  1.145267148e+00
 1.565557730e-01  2.608650716e-01  1.150973167e+00
 1.585127202e-01  2.625611621e-01  1.156601225e+00
 1.604696673e-01  2.642490729e-01  1.162154971e+00
 1.624266145e-01  2.659289904e-01  1.167627671e+00
 1.643835616e-01  2.676011146e-01  1.173015803e+00
 1.663405088e-01  2.692656335e-01  1.178323055e+00
 1.682974560e-01  2.709227278e-01  1.183551842e+00
 1.702544031e-01  2.725725709e-01  1.188705216e+00
 1.722113503e-01  2.742153276e-01  1.193784512e+00
 1.741682975e-01  2.758511603e-01  1.198787711e+00
 1.761252446e-01  2.774802326e-01  1.203710412e+00
 1.780821918e-01  2.791027119e-01  1.208553530e+00
 1.800391389e-01  2.807187530e-01  1.213325050e+00
 1.819960861e-01  2.823284956e-01  1.218027276e+00
 1.839530333e-01  2.839320825e-01  1.222654904e+00
 1.859099804e-01  2.855296621e-01  1.227205854e+00
 1.878669276e-01  2.871213769e-01  1.231682764e+00
 1.898238748e-01  2.887073633e-01  1.236087286e+00
 1.917808219e-01  2.902877543e-01  1.240420938e+00
 1.937377691e-01  2.918626775e-01  1.244685272e+00
 1.956947162e-01  2.934322576e-01  1.248880434e+00
 1.976516634e-01  2.949966173e-01  1.253003548e+00
 1.996086106e-01  2.965558841e-01  1.257051291e+00
 2.015655577e-01  2.981101849e-01  1.261029488e+00
 2.035225049e-01  2.996596287e-01  1.264945683e+00
 2.054794521e-01  3.012043200e-01  1.268794329e+00
 2.074363992e-01  3.027443777e-01  1.272570523e+00
 2.093933464e-01  3.042799147e-01  1.276276263e+00
 2.113502935e-01  3.058110417e-01  1.279914913e+00
 2.133072407e-01  3.073378601e-01  1.283489840e+00
 2.152641879e-01  3.088604692e-01  1.286999194e+00
 2.172211350e-01  3.103789720e-01  1.290441691e+00
 2.191780822e-01  3.118934679e-01  1.293818564e+00
 2.211350294e-01  3.134040541e-01  1.297127170e+00
 2.230919765e-01  3.149108335e-01  1.300369960e+00
 2.250489237e-01  3.164138947e-01  1.303553093e+00
 2.270058708e-01  3.179133240e-01  1.306672796e+00
 2.289628180e-01  3.194092163e-01  1.309726050e+00
 2.309197652e-01  3.209016624e-01  1.312714974e+00
 2.328767123e-01  3.223907503e-01  1.315641488e+00
 2.348336595e-01  3.238765639e-01  1.318507208e+00
 2.367906067e-01  3.253591856e-01  1.321310462e+00
 2.387475538e-01  3.268387011e-01  1.324050601e+00
 2.407045010e-01  3.283151923e-01  1.326732049e+00
 2.426614481e-01  3.297887333e-01  1.329352659e+00
 2.446183953e-01  3.312594086e-01  1.331908668e+00
 2.465753425e-01  3.327272991e-01  1.334406033e+00
 2.485322896e-01  3.341924747e-01  1.336846677e+00
 2.504892368e-01  3.356550101e-01  1.339227609e+00
 2.524461840e-01  3.371149804e-01  1.341548523e+00
 2.544031311e-01  3.385724596e-01  1.343809125e+00
 2.563600783e-01  3.400275218e-01  1.346012952e+00
 2.583170254e-01  3.414802321e-01  1.348161338e+00
 2.602739726e-01  3.429306604e-01  1.350250380e+00
 2.622309198e-01  3.443788788e-01  1.352282122e+00
 2.641878669e-01  3.458249518e-01  1.354259547e+00
 2.661448141e-01  3.472689440e-01  1.356179267e+00
 2.681017613e-01  3.487109259e-01  1.358043079e+00
 2.700587084e-01  3.501509571e-01  1.359853509e+00
 2.720156556e-01  3.515891018e-01  1.361608030e+00
 2.739726027e-01  3.530254242e-01  1.363307686e+00
 2.759295499e-01  3.544599851e-01  1.364953288e+00
 2.778864971e-01  3.558928462e-01  1.366546325e+00
 2.798434442e-01  3.573240643e-01  1.368088944e+00
 2.818003914e-01  3.587536958e-01  1.369575723e+00
 2.837573386e-01  3.601818081e-01  1.371006691e+00
 2.857142857e-01  3.616084568e-01  1.372389965e+00
 2.876712329e-01  3.630336916e-01  1.373724811e+00
 2.896281800e-01  3.644575690e-01  1.375007181e+00
 2.915851272e-01  3.658801465e-01  1.376236642e+00
 2.935420744e-01  3.673014809e-01  1.377414545e+00
 2.954990215e-01  3.687216264e-01  1.378544629e+00
 2.974559687e-01  3.701406313e-01  1.379628134e+00
 2.994129159e-01  3.715585470e-01  1.380662540e+00
 3.013698630e-01  3.729754264e-01  1.381648419e+00
 3.033268102e-01  3.743913192e-01  1.382585185e+00
 3.052837573e-01  3.758062792e-01  1.383471684e+00
 3.072407045e-01  3.772203580e-01  1.384312919e+00
 3.091976517e-01  3.786335988e-01  1.385112182e+00
 3.111545988e-01  3.800460461e-01  1.385865552e+00
 3.131115460e-01  3.814577507e-01  1.386569648e+00
 3.150684932e-01  3.828687638e-01  1.387225362e+00
 3.170254403e-01  3.842791342e-01  1.387837425e+00
 3.189823875e-01  3.856889030e-01  1.388409367e+00
 3.209393346e-01  3.870981116e-01  1.388937618e+00
 3.228962818e-01  3.885068082e-01  1.389420392e+00
 3.248532290e-01  3.899150377e-01  1.389858798e+00
 3.268101761e-01  3.913228457e-01  1.390253264e+00
 3.287671233e-01  3.927302762e-01  1.390605094e+00
 3.307240705e-01  3.941373719e-01  1.390916881e+00
 3.326810176e-01  3.955441714e-01  1.391189915e+00
 3.346379648e-01  3.969507149e-01  1.391421414e+00
 3.365949119e-01  3.983570463e-01  1.391607674e+00
 3.385518591e-01  3.997632133e-01  1.391751016e+00
 3.405088063e-01  4.011692551e-01  1.391857029e+00
 3.424657534e-01  4.025752078e-01  1.391927600e+00
 3.444227006e-01  4.039811070e-01  1.391959543e+00
 3.463796477e-01  4.053869952e-01  1.391948709e+00
 3.483365949e-01  4.067929163e-01  1.391896888e+00
 3.502935421e-01  4.081989092e-01  1.391807427e+00
 3.522504892e-01  4.096050110e-01  1.391681544e+00
 3.542074364e-01  4.110112583e-01  1.391521228e+00
 3.561643836e-01  4.124176842e-01  1.391325214e+00
 3.581213307e-01  4.138243277e-01  1.391089462e+00
 3.600782779e-01  4.152312303e-01  1.390813390e+00
 3.620352250e-01  4.166384324e-01  1.390500876e+00
 3.639921722e-01  4.180459674e-01  1.390157384e+00
 3.659491194e-01  4.194538650e-01  1.389783755e+00
 3.679060665e-01  4.208621570e-01  1.389372742e+00
 3.698630137e-01  4.222708877e-01  1.388920895e+00
 3.718199609e-01  4.236800961e-01  1.388434045e+00
 3.737769080e-01  4.250898149e-01  1.387916832e+00
 3.757338552e-01  4.265000739e-01  1.387370185e+00
 3.776908023e-01  4.279109038e-01  1.386791754e+00
 3.796477495e-01  4.293223395e-01  1.386177081e+00
 3.816046967e-01  4.307344210e-01  1.385526851e+00
 3.835616438e-01  4.321471817e-01  1.384844752e+00
 3.855185910e-01  4.335606546e-01  1.384133040e+00
 3.874755382e-01  4.349748686e-01  1.383394788e+00
 3.894324853e-01  4.363898505e-01  1.382626906e+00
 3.913894325e-01  4.378056359e-01  1.381823241e+00
 3.933463796e-01  4.392222642e-01  1.380985666e+00
 3.953033268e-01  4.406397674e-01  1.380120182e+00
 3.972602740e-01  4.420581731e-01  1.379230305e+00
 3.992172211e-01  4.434775061e-01  1.378314836e+00
 4.011741683e-01  4.448977966e-01  1.377366948e+00
 4.031311155e-01  4.463190839e-01  1.376385819e+00
 4.050880626e-01  4.477414000e-01  1.375377522e+00
 4.070450098e-01  4.491647719e-01  1.374344933e+00
 4.090019569e-01  4.505892261e-01  1.373287929e+00
 4.109589041e-01  4.520147901e-01  1.372204025e+00
 4.129158513e-01  4.534414956e-01  1.371090811e+00
 4.148727984e-01  4.548693754e-01  1.369949790e+00
 4.168297456e-01  4.562984584e-01  1.368783227e+00
 4.187866928e-01  4.577287732e-01  1.367593548e+00
 4.207436399e-01  4.591603437e-01  1.366381817e+00
 4.227005871e-01  4.605931965e-01  1.365145179e+00
 4.246575342e-01  4.620273618e-01  1.363880799e+00
 4.266144814e-01  4.634628725e-01  1.362590550e+00
 4.285714286e-01  4.648997552e-01  1.361279033e+00
 4.305283757e-01  4.663380333e-01  1.359948169e+00
 4.324853229e-01  4.677777298e-01  1.358594745e+00
 4.344422701e-01  4.692188750e-01  1.357215857e+00
 4.363992172e-01  4.706614983e-01  1.355813298e+00
 4.383561644e-01  4.721056268e-01  1.354390321e+00
 4.403131115e-01  4.735512831e-01  1.352948671e+00
 4.422700587e-01  4.749984908e-01  1.351486066e+00
 4.442270059e-01  4.764472779e-01  1.350001772e+00
 4.461839530e-01  4.778976698e-01  1.348497044e+00
 4.481409002e-01  4.793496920e-01  1.346972672e+00
 4.500978474e-01  4.808033685e-01  1.345429378e+00
 4.520547945e-01  4.822587239e-01  1.343867157e+00
 4.540117417e-01  4.837157822e-01  1.342286366e+00
 4.559686888e-01  4.851745674e-01  1.340688247e+00
 4.579256360e-01  4.866351015e-01  1.339071718e+00
 4.598825832e-01  4.880974110e-01  1.337436547e+00
 4.618395303e-01  4.895615187e-01  1.335785106e+00
 4.637964775e-01  4.910274462e-01  1.334117359e+00
 4.657534247e-01  4.924952167e-01  1.332433351e+00
 4.677103718e-01  4.939648520e-01  1.330733315e+00
 4.696673190e-01  4.954363751e-01  1.329017319e+00
 4.716242661e-01  4.969098081e-01  1.327286749e+00
 4.735812133e-01  4.983851710e-01  1.325541458e+00
 4.755381605e-01  4.998624866e-01  1.323780595e+00
 4.774951076e-01  5.013417771e-01  1.322005813e+00
 4.794520548e-01  5.028230620e-01  1.320218637e+00
 4.814090020e-01  5.043063603e-01  1.318419204e+00
 4.833659491e-01  5.057916914e-01  1.316605714e+00
 4.853228963e-01  5.072790787e-01  1.314777702e+00
 4.872798434e-01  5.087685430e-01  1.312937935e+00
 4.892367906e-01  5.102601017e-01  1.311088437e+00
 4.911937378e-01  5.117537712e-01  1.309229086e+00
 4.931506849e-01  5.132495696e-01  1.307357332e+00
 4.951076321e-01  5.147475192e-01  1.305472689e+00
 4.970645793e-01  5.162476395e-01  1.303577966e+00
 4.990215264e-01  5.177499468e-01  1.301675266e+00
 5.009784736e-01  5.192544559e-01  1.299764726e+00
 5.029354207e-01  5.207611830e-01  1.297844492e+00
 5.048923679e-01  5.222701474e-01  1.295913657e+00
 5.068493151e-01  5.237813678e-01  1.293974229e+00
 5.088062622e-01  5.252948590e-01  1.292027994e+00
 5.107632094e-01  5.268106356e-01  1.290075206e+00
 5.127201566e-01  5.283287122e-01  1.288115833e+00
 5.146771037e-01  5.298491037e-01  1.286148873e+00
 5.166340509e-01  5.313718272e-01  1.284174805e+00
 5.185909980e-01  5.328968967e-01  1.282194912e+00
 5.205479452e-01  5.344243264e-01  1.280209882e+00
 5.225048924e-01  5.359541290e-01  1.278220756e+00
 5.244618395e-01  5.374863163e-01  1.276227073e+00
 5.264187867e-01  5.390209023e-01  1.274228383e+00
 5.283757339e-01  5.405579001e-01  1.272225035e+00
 5.303326810e-01  5.420973228e-01  1.270218203e+00
 5.322896282e-01  5.436391811e-01  1.268209133e+00
 5.342465753e-01  5.451834851e-01  1.266197734e+00
 5.362035225e-01  5.467302459e-01  1.264183849e+00
 5.381604697e-01  5.482794741e-01  1.262167310e+00
 5.401174168e-01  5.498311813e-01  1.260148944e+00
 5.420743640e-01  5.513853763e-01  1.258130037e+00
 5.440313112e-01  5.529420675e-01  1.256110600e+00
 5.459882583e-01  5.545012638e-01  1.254090623e+00
 5.479452055e-01  5.560629739e-01  1.252070508e+00
 5.499021526e-01  5.576272056e-01  1.250050775e+00
 5.518590998e-01  5.591939662e-01  1.248032090e+00
 5.538160470e-01  5.607632623e-01  1.246014639e+00
 5.557729941e-01  5.623351006e-01  1.243998310e+00
 5.577299413e-01  5.639094880e-01  1.241983840e+00
 5.596868885e-01  5.654864295e-01  1.239972143e+00
 5.616438356e-01  5.670659294e-01  1.237963541e+00
 5.636007828e-01  5.686479922e-01  1.235957900e+00
 5.655577299e-01  5.702326226e-01  1.233955230e+00
 5.675146771e-01  5.718198249e-01  1.231956303e+00
 5.694716243e-01  5.734096018e-01  1.229961966e+00
 5.714285714e-01  5.750019554e-01  1.227972684e+00
 5.733855186e-01  5.765968872e-01  1.225988501e+00
 5.753424658e-01  5.781943992e-01  1.224009400e+00
 5.772994129e-01  5.797944929e-01  1.222035885e+00
 5.792563601e-01  5.813971688e-01  1.220068633e+00
 5.812133072e-01  5.830024267e-01  1.218108103e+00
 5.831702544e-01  5.846102657e-01  1.216154583e+00
 5.851272016e-01  5.862206848e-01  1.214208381e+00
 5.870841487e-01  5.878336822e-01  1.212269852e+00
 5.890410959e-01  5.894492558e-01  1.210339237e+00
 5.909980431e-01  5.910674031e-01  1.208416843e+00
 5.929549902e-01  5.926881210e-01  1.206502916e+00
 5.949119374e-01  5.943114062e-01  1.204597727e+00
 5.968688845e-01  5.959372548e-01  1.202701665e+00
 5.988258317e-01  5.975656623e-01  1.200814850e+00
 6.007827789e-01  5.991966242e-01  1.198937342e+00
 6.027397260e-01  6.008301357e-01  1.197069105e+00
 6.046966732e-01  6.024661924e-01  1.195210071e+00
 6.066536204e-01  6.041047894e-01  1.193360494e+00
 6.086105675e-01  6.057459214e-01  1.191520686e+00
 6.105675147e-01  6.073895825e-01  1.189690758e+00
 6.125244618e-01  6.090357670e-01  1.187870564e+00
 6.144814090e-01  6.106844692e-01  1.186059829e+00
 6.164383562e-01  6.123356839e-01  1.184258425e+00
 6.183953033e-01  6.139894056e-01  1.182466554e+00
 6.203522505e-01  6.156456285e-01  1.180684573e+00
 6.223091977e-01  6.173043458e-01  1.178912353e+00
 6.242661448e-01  6.189655519e-01  1.177149525e+00
 6.262230920e-01  6.206292410e-01  1.175395905e+00
 6.281800391e-01  6.222954075e-01  1.173651441e+00
 6.301369863e-01  6.239640459e-01  1.171916194e+00
 6.320939335e-01  6.256351502e-01  1.170190204e+00
 6.340508806e-01  6.273087146e-01  1.168473238e+00
 6.360078278e-01  6.289847336e-01  1.166764975e+00
 6.379647750e-01  6.306632021e-01  1.165065298e+00
 6.399217221e-01  6.323441148e-01  1.163374080e+00
 6.418786693e-01  6.340274669e-01  1.161691163e+00
 6.438356164e-01  6.357132533e-01  1.160016478e+00
 6.457925636e-01  6.374014693e-01  1.158349760e+00
 6.477495108e-01  6.390921105e-01  1.156690690e+00
 6.497064579e-01  6.407851728e-01  1.155039078e+00
 6.516634051e-01  6.424806523e-01  1.153394707e+00
 6.536203523e-01  6.441785456e-01  1.151757410e+00
 6.555772994e-01  6.458788491e-01  1.150127000e+00
 6.575342466e-01  6.475815596e-01  1.148503116e+00
 6.594911937e-01  6.492866746e-01  1.146885391e+00
 6.614481409e-01  6.509941919e-01  1.145273638e+00
 6.634050881e-01  6.527041096e-01  1.143667735e+00
 6.653620352e-01  6.544164255e-01  1.142067437e+00
 6.673189824e-01  6.561311385e-01  1.140472144e+00
 6.692759295e-01  6.578482482e-01  1.138881396e+00
 6.712328767e-01  6.595677546e-01  1.137295194e+00
 6.731898239e-01  6.612896574e-01  1.135713474e+00
 6.751467710e-01  6.630139567e-01  1.134135813e+00
 6.771037182e-01  6.647406533e-01  1.132561697e+00
 6.790606654e-01  6.664697490e-01  1.130990647e+00
 6.810176125e-01  6.682012461e-01  1.129422281e+00
 6.829745597e-01  6.699351474e-01  1.127856558e+00
 6.849315068e-01  6.716714552e-01  1.126293059e+00
 6.868884540e-01  6.734101738e-01  1.124731245e+00
 6.888454012e-01  6.751513071e-01  1.123171179e+00
 6.908023483e-01  6.768948591e-01  1.121612676e+00
 6.927592955e-01  6.786408344e-01  1.120054806e+00
 6.947162427e-01  6.803892399e-01  1.118496675e+00
 6.966731898e-01  6.821400832e-01  1.116938111e+00
 6.986301370e-01  6.838933716e-01  1.115379336e+00
 7.005870841e-01  6.856491119e-01  1.113820484e+00
 7.025440313e-01  6.874073114e-01  1.112261121e+00
 7.045009785e-01  6.891679782e-01  1.110699640e+00
 7.064579256e-01  6.909311247e-01  1.109135365e+00
 7.084148728e-01  6.926967614e-01  1.107568738e+00
 7.103718200e-01  6.944648993e-01  1.105999745e+00
 7.123287671e-01  6.962355491e-01  1.104427854e+00
 7.142857143e-01  6.980087236e-01  1.102852235e+00
 7.162426614e-01  6.997844364e-01  1.101272498e+00
 7.181996086e-01  7.015627017e-01  1.099688461e+00
 7.201565558e-01  7.033435339e-01  1.098099892e+00
 7.221135029e-01  7.051269480e-01  1.096505654e+00
 7.240704501e-01  7.069129623e-01  1.094904919e+00
 7.260273973e-01  7.087015949e-01  1.093298188e+00
 7.279843444e-01  7.104928627e-01  1.091686040e+00
 7.299412916e-01  7.122867819e-01  1.090067404e+00
 7.318982387e-01  7.140833734e-01  1.088440408e+00
 7.338551859e-01  7.158826598e-01  1.086804774e+00
 7.358121331e-01  7.176846630e-01  1.085160783e+00
 7.377690802e-01  7.194894053e-01  1.083508658e+00
 7.397260274e-01  7.212969082e-01  1.081847679e+00
 7.416829746e-01  7.231071965e-01  1.080176651e+00
 7.436399217e-01  7.249202961e-01  1.078495061e+00
 7.455968689e-01  7.267362341e-01  1.076802742e+00
 7.475538160e-01  7.285550372e-01  1.075100086e+00
 7.495107632e-01  7.303767317e-01  1.073386029e+00
 7.514677104e-01  7.322013483e-01  1.071658527e+00
 7.534246575e-01  7.340289206e-01  1.069917794e+00
 7.553816047e-01  7.358594794e-01  1.068165027e+00
 7.573385519e-01  7.376930545e-01  1.066400315e+00
 7.592954990e-01  7.395296768e-01  1.064620522e+00
 7.612524462e-01  7.413693877e-01  1.062824187e+00
 7.632093933e-01  7.432122237e-01  1.061013261e+00
 7.651663405e-01  7.450582201e-01  1.059187779e+00
 7.671232877e-01  7.469074138e-01  1.057346127e+00
 7.690802348e-01  7.487598465e-01  1.055487183e+00
 7.710371820e-01  7.506155597e-01  1.053610763e+00
 7.729941292e-01  7.524745965e-01  1.051715593e+00
 7.749510763e-01  7.543370038e-01  1.049801948e+00
 7.769080235e-01  7.562028244e-01  1.047869605e+00
 7.788649706e-01  7.580721069e-01  1.045916609e+00
 7.808219178e-01  7.599449021e-01  1.043942395e+00
 7.827788650e-01  7.618212615e-01  1.041946976e+00
 7.847358121e-01  7.637012368e-01  1.039930381e+00
 7.866927593e-01  7.655848805e-01  1.037891950e+00
 7.886497065e-01  7.674722478e-01  1.035828405e+00
 7.906066536e-01  7.693634042e-01  1.033739562e+00
 7.925636008e-01  7.712584068e-01  1.031629445e+00
 7.945205479e-01  7.731573078e-01  1.029500540e+00
 7.964774951e-01  7.750601560e-01  1.027354681e+00
 7.984344423e-01  7.769669978e-01  1.025195570e+00
 8.003913894e-01  7.788778695e-01  1.023029165e+00
 8.023483366e-01  7.807927960e-01  1.020862312e+00
 8.043052838e-01  7.827117882e-01  1.018703206e+00
 8.062622309e-01  7.846348405e-01  1.016564287e+00
 8.082191781e-01  7.865619165e-01  1.014454268e+00
 8.101761252e-01  7.884929767e-01  1.012375270e+00
 8.121330724e-01  7.904279754e-01  1.010330786e+00
 8.140900196e-01  7.923668586e-01  1.008335508e+00
 8.160469667e-01  7.943095225e-01  1.006398401e+00
 8.180039139e-01  7.962558765e-01  1.004512087e+00
 8.199608611e-01  7.982058430e-01  1.002666974e+00
 8.219178082e-01  8.001593668e-01  1.000855962e+00
 8.238747554e-01  8.021163964e-01  9.990731494e-01
 8.258317025e-01  8.040768982e-01  9.973090298e-01
 8.277886497e-01  8.060408574e-01  9.955481446e-01
 8.297455969e-01  8.080083008e-01  9.937748255e-01
 8.317025440e-01  8.099792753e-01  9.919789711e-01
 8.336594912e-01  8.119538489e-01  9.901489861e-01
 8.356164384e-01  8.139321160e-01  9.882813019e-01
 8.375733855e-01  8.159141601e-01  9.863805642e-01
 8.395303327e-01  8.179000588e-01  9.844557569e-01
 8.414872798e-01  8.198898612e-01  9.825185434e-01
 8.434442270e-01  8.218835989e-01  9.805838327e-01
 8.454011742e-01  8.238812608e-01  9.786664670e-01
 8.473581213e-01  8.258828181e-01  9.767667280e-01
 8.493150685e-01  8.278882581e-01  9.749299988e-01
 8.512720157e-01  8.298973636e-01  9.732049425e-01
 8.532289628e-01  8.319099188e-01  9.716065312e-01
 8.551859100e-01  8.339256395e-01  9.701553202e-01
 8.571428571e-01  8.359442195e-01  9.688485981e-01
 8.590998043e-01  8.379653806e-01  9.677422066e-01
 8.610567515e-01  8.399885779e-01  9.669133251e-01
 8.630136986e-01  8.420132050e-01  9.663325161e-01
 8.649706458e-01  8.440388347e-01  9.659531475e-01
 8.669275930e-01  8.460650521e-01  9.657786027e-01
 8.688845401e-01  8.480914139e-01  9.658087353e-01
 8.708414873e-01  8.501175049e-01  9.660375876e-01
 8.727984344e-01  8.521429069e-01  9.664584565e-01
 8.747553816e-01  8.541672340e-01  9.670081536e-01
 8.767123288e-01  8.561903341e-01  9.676418554e-01
 8.786692759e-01  8.582120107e-01  9.683357862e-01
 8.806262231e-01  8.602322123e-01  9.690709641e-01
 8.825831703e-01  8.622508228e-01  9.698037556e-01
 8.845401174e-01  8.642679725e-01  9.705108524e-01
 8.864970646e-01  8.662836426e-01  9.711483558e-01
 8.884540117e-01  8.682981446e-01  9.716684845e-01
 8.904109589e-01  8.703116572e-01  9.720601685e-01
 8.923679061e-01  8.723245358e-01  9.722766895e-01
 8.943248532e-01  8.743371516e-01  9.723240098e-01
 8.962818004e-01  8.763498342e-01  9.722080460e-01
 8.982387476e-01  8.783629302e-01  9.719693356e-01
 9.001956947e-01  8.803766017e-01  9.715398267e-01
 9.021526419e-01  8.823914785e-01  9.708394335e-01
 9.041095890e-01  8.844080569e-01  9.699167229e-01
 9.060665362e-01  8.864267698e-01  9.688033997e-01
 9.080234834e-01  8.884479863e-01  9.675484979e-01
 9.099804305e-01  8.904719395e-01  9.661245468e-01
 9.119373777e-01  8.924991196e-01  9.644717826e-01
 9.138943249e-01  8.945300166e-01  9.626366682e-01
 9.158512720e-01  8.965649339e-01  9.606160103e-01
 9.178082192e-01  8.986043856e-01  9.583838211e-01
 9.197651663e-01  9.006487945e-01  9.560185107e-01
 9.217221135e-01  9.026983510e-01  9.534872650e-01
 9.236790607e-01  9.047536312e-01  9.507291218e-01
 9.256360078e-01  9.068150987e-01  9.478346236e-01
 9.275929550e-01  9.088829518e-01  9.448115082e-01
 9.295499022e-01  9.109576346e-01  9.415720812e-01
 9.315068493e-01  9.130397438e-01  9.381346285e-01
 9.334637965e-01  9.151296603e-01  9.346742119e-01
 9.354207436e-01  9.172272140e-01  9.310615658e-01
 9.373776908e-01  9.193333858e-01  9.271543426e-01
 9.393346380e-01  9.214486586e-01  9.230952511e-01
 9.412915851e-01  9.235733960e-01  9.192417153e-01
 9.432485323e-01  9.257064332e-01  9.152125283e-01
 9.452054795e-01  9.278499341e-01  9.105779482e-01
 9.471624266e-01  9.300047457e-01  9.056895691e-01
 9.491193738e-01  9.321714519e-01  9.008954169e-01
 9.510763209e-01  9.343492515e-01  8.965311190e-01
 9.530332681e-01  9.365370960e-01  8.915427263e-01
 9.549902153e-01  9.387393707e-01  8.855000244e-01
 9.569471624e-01  9.409571875e-01  8.791519199e-01
 9.589041096e-01  9.431913889e-01  8.726151457e-01
 9.608610568e-01  9.454425627e-01  8.768089772e-01
 9.628180039e-01  9.476558263e-01  8.865803005e-01
 9.647749511e-01  9.498572231e-01  8.806320541e-01
 9.667318982e-01  9.521010513e-01  8.619521641e-01
 9.686888454e-01  9.543992576e-01  8.401924557e-01
 9.706457926e-01  9.567611209e-01  8.167386236e-01
 9.726027397e-01  9.591934287e-01  7.927261161e-01
 9.745596869e-01  9.617006520e-01  7.690366335e-01
 9.765166341e-01  9.642851189e-01  7.463221440e-01
 9.784735812e-01  9.669471897e-01  7.250419360e-01
 9.804305284e-01  9.696854299e-01  7.055027282e-01
 9.823874755e-01  9.724967830e-01  6.878960618e-01
 9.843444227e-01  9.753767431e-01  6.723302934e-01
 9.863013699e-01  9.783195247e-01  6.588564680e-01
 9.882583170e-01  9.813182313e-01  6.474884271e-01
 9.902152642e-01  9.843650220e-01  6.382179718e-01
 9.921722114e-01  9.874512745e-01  6.310260156e-01
 9.941291585e-01  9.905677459e-01  6.258906252e-01
 9.960861057e-01  9.937047290e-01  6.227926871e-01
 9.980430528e-01  9.968522065e-01  6.217197576e-01
 1.000000000e+00  1.000000000e+00  6.216573459e-01
4  4.113264718e-01  6.817281030e-01  1.014177217e+00  7.527430008e-01  9.538700949e-01  5.300314586e+01  4.451497040e-01  9.948531609e-01  3.546460564e-01  2.714188634e+00
5  5.386842957e-01  9.721301433e-01  1.008980389e+00  6.186314294e-01  9.273386531e-01  3.186965601e+01  3.917924615e-01  1.052106214e+00  5.259897992e-01  2.829088570e+00
6  6.394456055e-01  1.155236812e+00  1.005836441e+00  5.283423619e-01  9.061258480e-01  2.358818286e+01  3.621850960e-01  1.135438008e+00  6.481583341e-01  2.789839578e+00
7  7.256941253e-01  1.280429547e+00  1.003524010e+00  4.633304818e-01  8.946484587e-01  1.924451641e+01  3.425873233e-01  1.228447311e+00  7.444742143e-01  2.707589638e+00
8  8.011323915e-01  1.449498601e+00  1.001656235e+00  4.141190230e-01  9.009231138e-01  1.703486086e+01  3.289706927e-01  1.338804973e+00  8.228912313e-01  2.610552983e+00
9  8.616707944e-01  1.885136871e+00  1.000429537e+00  3.750951804e-01  9.391479747e-01  1.674747075e+01  3.208363186e-01  1.493899585e+00  8.820207150e-01  2.492785315e+00
10  9.034564057e-01  2.623441010e+00  9.998306833e-01  3.429495911e-01  1.029500279e+00  1.871779866e+01  3.174012164e-01  1.737440919e+00  9.224445368e-01  2.350894665e+00
11  9.352770025e-01  3.077070006e+00  9.994832903e-01  3.161538908e-01  1.182778676e+00  2.319890563e+01  3.167755294e-01  2.111417403e+00  9.519072652e-01  2.211681661e+00
12  9.726417938e-01  3.201283009e+00  9.997668085e-01  2.951160821e-01  1.378209751e+00  2.925146382e+01  3.196963473e-01  2.500819111e+00  9.824871666e-01  2.108967581e+00
13  9.874211897e-01  8.158469401e+00  9.999400850e-01  2.750172845e-01  1.619960637e+00  3.844272192e+01  3.236963174e-01  3.839903166e+00  9.921532262e-01  1.976662747e+00
14  9.938967227e-01  1.539525941e+01  9.999851876e-01  2.571665706e-01  1.792883066e+00  4.480038710e+01  3.276478971e-01  6.562487419e+00  9.962056657e-01  1.847592959e+00
0 0 -1.241986511e-01 -1.053508344e-17
0 1  1.360475061e-02 -5.330693446e-03
0 2 -1.424303808e-02  6.442909084e-03
0 3  3.907771582e-03 -7.421920103e-03
0 4  2.917518356e-05  6.527494914e-03
0 5 -4.735635638e-03 -2.635611785e-03
0 6  2.914727952e-03 -3.021015905e-03
0 7  2.790765436e-03  2.291863665e-03
0 8 -4.924185497e-04  3.195525837e-03
0 9 -2.147152357e-03  2.055700966e-03
0 10 -2.536778624e-03  1.062188241e-03
1 0 -1.095402445e-01 -4.292070323e-02
1 1 -9.580384236e-02  1.701155100e-17
1 2  9.316387970e-03 -7.657680468e-03
1 3 -1.290504293e-02  9.364807482e-03
1 4 -9.571228969e-04 -9.305384343e-03
1 5  4.563457015e-03  4.595242085e-03
1 6 -5.424005023e-03  3.353425731e-03
1 7 -3.765518314e-03 -3.746407816e-03
1 8  1.005522129e-03 -4.158029283e-03
1 9  2.997125304e-03 -2.265167179e-03
1 10  3.327156528e-03 -8.593073630e-04
2 0  1.146794909e-01  5.187583784e-02
2 1 -9.724440838e-02 -7.993082824e-02
2 2 -7.671111204e-02  5.759590402e-17
2 3  4.734600918e-03 -9.506183662e-03
2 4 -8.347764352e-03  1.052029081e-02
2 5 -7.060073172e-03 -7.084773932e-03
2 6  5.098002826e-03 -2.269307343e-03
2 7  1.625526979e-03  5.169156549e-03
2 8 -3.291632354e-03  4.121349436e-03
2 9 -4.694957853e-03  1.457661323e-03
2 10 -4.516759727e-03 -1.486177748e-04
3 0 -3.146388103e-02 -5.975845984e-02
3 1  1.347027699e-01  9.774981098e-02
3 2 -6.171988376e-02 -1.239218597e-01
3 3 -6.329647808e-02 -4.270242932e-17
3 4  5.455531217e-04 -1.106087900e-02
3 5 -3.051042604e-03  9.593780840e-03
3 6 -1.065416082e-02 -8.651337946e-04
3 7 -2.132083301e-03 -6.531876481e-03
3 8  3.257236843e-03 -2.920273532e-03
3 9  3.754936694e-03  4.455729973e-04
3 10  3.038696888e-03  2.009221114e-03
4 0 -2.349074108e-04  5.255689057e-02
4 1  9.990443737e-03 -9.712955257e-02
4 2  1.088207970e-01  1.371416804e-01
4 3 -8.619012279e-03 -1.747471476e-01
4 4 -5.338612425e-02  1.301560767e-18
4 5 -3.831656735e-03 -1.235233776e-02
4 6  1.475575714e-03  5.674735028e-03
4 7 -7.730098528e-03  5.806258370e-03
4 8 -8.274848404e-03 -5.485638761e-04
4 9 -5.837912824e-03 -3.630527672e-03
4 10 -3.826555437e-03 -4.379406014e-03
5 0  3.812952553e-02 -2.122093728e-02
5 1 -4.763334019e-02  4.796511259e-02
5 2  9.203455646e-02 -9.235655362e-02
5 3  4.820240709e-02  1.515689519e-01
5 4  7.177252122e-02 -2.313773089e-01
5 5 -4.529937126e-02 -1.148310192e-17
5 6 -8.658146334e-03 -1.259941292e-02
5 7  2.514992206e-03 -1.321345979e-03
5 8 -9.536000138e-05  4.910080932e-03
5 9 -3.392314164e-03  5.350453997e-03
5 10 -4.831777159e-03  4.462600706e-03
6 0 -2.346827382e-02 -2.432406374e-02
6 1  5.661573575e-02  3.500304005e-02
6 2 -6.645716234e-02 -2.958251136e-02
6 3  1.683215424e-01 -1.366796101e-02
6 4 -2.763968607e-02  1.062960668e-01
6 5  1.911317109e-01 -2.781365959e-01
6 6 -3.802007915e-02  6.242385885e-17
6 7 -1.221704609e-02 -1.049312760e-02
6 8 -1.136402827e-03 -6.366531763e-03
6 9  1.456552604e-03 -2.286556473e-03
6 10  1.625911186e-03 -4.304129066e-05
7 0 -2.247017509e-02  1.845320899e-02
7 1  3.930446026e-02 -3.910498498e-02
7 2 -2.119024136e-02  6.738471666e-02
7 3  3.368407479e-02 -1.031949435e-01
7 4  1.447960240e-01  1.087596909e-01
7 5 -5.551936232e-02 -2.916919025e-02
7 6  3.213314218e-01 -2.759891047e-01
7 7 -3.194292192e-02 -1.318262541e-16
7 8 -1.187168786e-02 -6.224900029e-03
7 9 -6.247691498e-03 -6.975663418e-03
7 10 -3.487815043e-03 -6.144641462e-03
8 0  3.964765683e-03  2.572915091e-02
8 1 -1.049563467e-02 -4.340148767e-02
8 2  4.290945949e-02  5.372558586e-02
8 3 -5.146000128e-02 -4.613643003e-02
8 4  1.549999840e-01 -1.027540178e-02
8 5  2.105106511e-03  1.083918120e-01
8 6  2.988954397e-02 -1.674518282e-01
8 7  3.716531597e-01 -1.948757238e-01
8 8 -2.890555723e-02 -1.378319550e-16
8 9 -1.561427977e-02 -4.514519234e-03
8 10 -1.177895683e-02 -5.786559375e-03
9 0  1.728804893e-02  1.655171733e-02
9 1 -3.128397807e-02 -2.364380303e-02
9 2  6.120309989e-02  1.900195793e-02
9 3 -5.932299565e-02  7.039459553e-03
9 4  1.093526250e-01 -6.800508040e-02
9 5  7.488656177e-02  1.181132066e-01
9 6 -3.831008869e-02 -6.014076046e-02
9 7  1.955892299e-01 -2.183790023e-01
9 8  5.401826248e-01 -1.561817058e-01
9 9 -2.078385408e-02 -1.328297227e-16
9 10 -1.149674224e-02 -1.467523704e-03
10 0  2.042517050e-02  8.552333151e-03
10 1 -3.472884225e-02 -8.969445712e-03
10 2  5.888012320e-02 -1.937369579e-03
10 3 -4.800736124e-02  3.174301597e-02
10 4  7.167696647e-02 -8.203266440e-02
10 5  1.066632278e-01  9.851352416e-02
10 6 -4.276453975e-02 -1.132067361e-03
10 7  1.091889794e-01 -1.923631619e-01
10 8  4.074980025e-01 -2.001884734e-01
10 9  5.531573786e-01 -7.060883405e-02
10 10 -1.655533496e-02  1.034126809e-16
0 0 -8.398311370e+00 -9.794669925e-16
0 1 -8.559704872e-01  4.727156679e-01
0 2  1.244566504e+00 -4.663016209e-01
0 3 -2.061136978e-01  3.731238241e-01
0 4  2.592812517e-02 -2.796375873e-01
0 5  1.688821101e-01  1.100591504e-01
0 6 -1.033556330e-01  9.937028775e-02
0 7 -7.901080227e-02 -6.946999148e-02
0 8 -9.274933127e-03 -8.818683535e-02
0 9  6.056626370e-02 -3.544979374e-02
0 10  9.309749952e-02  2.223452468e-02
1 0 -8.559704872e-01 -4.727156679e-01
1 1 -1.113436382e+01 -7.034718182e-15
1 2 -7.777049825e-01  1.111874949e+00
1 3  1.908650991e+00 -1.140832012e+00
1 4  5.638889529e-02  7.623071727e-01
1 5 -2.678308644e-01 -3.543962406e-01
1 6  3.312790688e-01 -1.808183250e-01
1 7  1.692031374e-01  1.979652140e-01
1 8 -1.068913276e-02  1.941449235e-01
1 9 -1.330827952e-01  5.101527484e-02
1 10 -1.792152729e-01 -8.014959390e-02
2 0  1.244566504e+00  4.663016209e-01
2 1 -7.777049825e-01 -1.111874949e+00
2 2 -1.410406097e+01  1.332003849e-15
2 3 -3.083247426e-01  2.087561460e+00
2 4  2.032508386e+00 -2.003213173e+00
2 5  8.420698987e-01  9.270341207e-01
2 6 -5.410556145e-01  1.526381334e-01
2 7 -8.810457949e-02 -4.623760267e-01
2 8  1.684399681e-01 -3.079499733e-01
2 9  2.754735075e-01 -1.321924326e-02
2 10  2.817735076e-01  2.190726112e-01
3 0 -2.061136978e-01 -3.731238241e-01
3 1  1.908650991e+00  1.140832012e+00
3 2 -3.083247426e-01 -2.087561460e+00
3 3 -1.741058997e+01  6.710856116e-15
3 4  7.078953328e-01  3.458375590e+00
3 5  1.500674014e+00 -2.865165977e+00
3 6  1.966384749e+00  2.627872930e-01
3 7  1.273943095e-01  8.601204225e-01
3 8 -3.497339006e-01  3.464886309e-01
3 9 -3.177763749e-01 -2.062977953e-01
3 10 -1.473901254e-01 -5.697623388e-01
4 0  2.592812517e-02  2.796375873e-01
4 1  5.638889529e-02 -7.623071727e-01
4 2  2.032508386e+00  2.003213173e+00
4 3  7.078953328e-01 -3.458375590e+00
4 4 -2.134796721e+01 -4.600387731e-15
4 5  2.692091311e+00  5.414855058e+00
4 6  1.908567231e-01 -3.089817343e+00
4 7  2.286543523e+00 -1.405576605e+00
4 8  1.359266082e+00  4.084216086e-02
4 9  4.949960436e-01  5.789622814e-01
4 10 -6.983396158e-02  7.765295909e-01
5 0  1.688821101e-01 -1.100591504e-01
5 1 -2.678308644e-01  3.543962406e-01
5 2  8.420698987e-01 -9.270341207e-01
5 3  1.500674014e+00  2.865165977e+00
5 4  2.692091311e+00 -5.414855058e+00
5 5 -2.617395045e+01 -1.830852602e-14
5 6  6.352094703e+00  7.702337858e+00
5 7 -9.697834865e-01 -1.847101573e+00
5 8  1.334460773e-01 -1.756014177e+00
5 9  1.189558185e+00 -1.298859822e+00
5 10  2.076838301e+00 -8.892345429e-01
6 0 -1.033556330e-01 -9.937028775e-02
6 1  3.312790688e-01  1.808183250e-01
6 2 -5.410556145e-01 -1.526381334e-01
6 3  1.966384749e+00 -2.627872930e-01
6 4  1.908567231e-01  3.089817343e+00
6 5  6.352094703e+00 -7.702337858e+00
6 6 -3.230798416e+01  6.653405391e-14
6 7  1.070511475e+01  8.345083867e+00
6 8  7.912874120e-03  1.821087241e+00
6 9 -7.336827694e-01 -1.205909222e+00
6 10 -1.335552766e-01 -3.025333778e+00
7 0 -7.901080227e-02  6.946999148e-02
7 1  1.692031374e-01 -1.979652140e-01
7 2 -8.810457949e-02  4.623760267e-01
7 3  1.273943095e-01 -8.601204225e-01
7 4  2.286543523e+00  1.405576605e+00
7 5 -9.697834865e-01  1.847101573e+00
7 6  1.070511475e+01 -8.345083867e+00
7 7 -3.758792964e+01  3.322273611e-13
7 8  1.185467039e+01  5.393945544e+00
7 9  1.634224960e+00  2.381797688e+00
7 10 -8.054397820e-01  3.809914309e-01
8 0 -9.274933127e-03  8.818683535e-02
8 1 -1.068913276e-02 -1.941449235e-01
8 2  1.684399681e-01  3.079499733e-01
8 3 -3.497339006e-01 -3.464886309e-01
8 4  1.359266082e+00 -4.084216086e-02
8 5  1.334460773e-01  1.756014177e+00
8 6  7.912874120e-03 -1.821087241e+00
8 7  1.185467039e+01 -5.393945544e+00
8 8 -5.102014670e+01  4.516228426e-13
8 9  2.166767450e+01  5.497385332e+00
8 10  7.231494033e+00  4.569750195e+00
9 0  6.056626370e-02  3.544979374e-02
9 1 -1.330827952e-01 -5.101527484e-02
9 2  2.754735075e-01  1.321924326e-02
9 3 -3.177763749e-01  2.062977953e-01
9 4  4.949960436e-01 -5.789622814e-01
9 5  1.189558185e+00  1.298859822e+00
9 6 -7.336827694e-01  1.205909222e+00
9 7  1.634224960e+00 -2.381797688e+00
9 8  2.166767450e+01 -5.497385332e+00
9 9 -6.689786574e+01 -2.201562639e-14
9 10  3.341263586e+01  4.265019960e+00
10 0  9.309749952e-02 -2.223452468e-02
10 1 -1.792152729e-01  8.014959390e-02
10 2  2.817735076e-01 -2.190726112e-01
10 3 -1.473901254e-01  5.697623388e-01
10 4 -6.983396158e-02 -7.765295909e-01
10 5  2.076838301e+00  8.892345429e-01
10 6 -1.335552766e-01  3.025333778e+00
10 7 -8.054397820e-01 -3.809914309e-01
10 8  7.231494033e+00 -4.569750195e+00
10 9  3.341263586e+01 -4.265019960e+00
10 10 -6.040348941e+01 -3.773095976e-13
0  3.838854819e-02 -1.579032899e-03 -1.304627845e-01 -1.798372134e-02
1  6.653435944e-02 -1.930025462e-03  1.583908967e-01  5.340671103e-02
2  9.317274641e-02 -4.270560829e-03 -1.490238989e-01 -1.069984066e-01
3  1.283007516e-01 -5.048094573e-03  9.052787073e-02  1.697417296e-01
4  1.696803899e-01 -9.293128542e-03  3.629291956e-02 -1.934987790e-01
5  2.091370997e-01 -1.129248130e-02 -1.785740747e-01  8.163434737e-02
6  2.397265087e-01 -1.353378390e-02  1.223272021e-01  1.467006809e-01
7  2.612333768e-01 -1.653693623e-02  1.547843500e-01 -9.877915063e-02
8  2.907255519e-01 -1.962531801e-02 -4.987870834e-03 -1.753614618e-01
9  2.851675651e-01 -1.984279287e-02 -1.045260445e-01 -1.266682551e-01
10  2.735982650e-01 -1.558652008e-02 -1.342181963e-01 -7.451967918e-02
