 1.695500020e+00 -1.812603350e+00  8.558522972e-01  3.490241249e+00  9.339716222e-01  9.798296270e-01  6.940812110e+00 512 3 10
 0.000000000e+00  0.000000000e+00 -2.210731188e-05
 1.956947162e-03  2.948437365e-02  1.327668070e-01
 3.913894325e-03  4.169516756e-02  1.877758280e-01
 5.870841487e-03  5.106374419e-02  2.299983120e-01
 7.827788650e-03  5.896113027e-02  2.655970922e-01
 9.784735812e-03  6.591845897e-02  2.969588351e-01
 1.174168297e-02  7.220817369e-02  3.253067427e-01
 1.369863014e-02  7.799214948e-02  3.513668650e-01
 1.565557730e-02  8.337587968e-02  3.756118267e-01
 1.761252446e-02  8.843265773e-02  3.983695764e-01
 1.956947162e-02  9.321586207e-02  4.198786233e-01
 2.152641879e-02  9.776580047e-02  4.403188048e-01
 2.348336595e-02  1.021137975e-01  4.598296572e-01
 2.544031311e-02  1.062847721e-01  4.785201954e-01
 2.739726027e-02  1.102989638e-01  4.964739254e-01
 2.935420744e-02  1.141731255e-01  5.137794974e-01
 3.131115460e-02  1.179209962e-01  5.305077369e-01
 3.326810176e-02  1.215543185e-01  5.467029280e-01
 3.522504892e-02  1.250831333e-01  5.624099723e-01
 3.718199609e-02  1.285161051e-01  5.776674048e-01
 3.913894325e-02  1.318607759e-01  5.925086982e-01
 4.109589041e-02  1.351237565e-01  6.069633683e-01
 4.305283757e-02  1.383108804e-01  6.210573377e-01
 4.500978474e-02  1.414273267e-01  6.348134657e-01
 4.696673190e-02  1.444777195e-01  6.482523535e-01
 4.892367906e-02  1.474662050e-01  6.613922950e-01
 5.088062622e-02  1.503965221e-01  6.742492659e-01
 5.283757339e-02  1.532720568e-01  6.868378372e-01
 5.479452055e-02  1.560958858e-01  6.991721778e-01
 5.675146771e-02  1.588708088e-01  7.112654201e-01
 5.870841487e-02  1.615993861e-01  7.231287032e-01
 6.066536204e-02  1.642839689e-01  7.347713929e-01
 6.262230920e-02  1.669267259e-01  7.462026424e-01
 6.457925636e-02  1.695296560e-01  7.574309801e-01
 6.653620352e-02  1.720946119e-01  7.684639407e-01
 6.849315068e-02  1.746233119e-01  7.793097061e-01
 7.045009785e-02  1.771173483e-01  7.899762251e-01
 7.240704501e-02  1.795782021e-01  8.004685651e-01
 7.436399217e-02  1.820072657e-01  8.107903077e-01
 7.632093933e-02  1.844058454e-01  8.209501077e-01
 7.827788650e-02  1.867751432e-01  8.309562269e-01
 8.023483366e-02  1.891162908e-01  8.408074061e-01
 8.219178082e-02  1.914303814e-01  8.505057419e-01
 8.414872798e-02  1.937184290e-01  8.600638708e-01
 8.610567515e-02  1.959813606e-01  8.694856176e-01
 8.806262231e-02  1.982200800e-01  8.787665087e-01
 9.001956947e-02  2.004354554e-01  8.879123482e-01
 9.197651663e-02  2.026282844e-01  8.969307786e-01
 9.393346380e-02  2.047993256e-01  9.058244046e-01
 9.589041096e-02  2.069492989e-01  9.145944691e-01
 9.784735812e-02  2.090788964e-01  9.232422386e-01
 9.980430528e-02  2.111887753e-01  9.317715692e-01
 1.017612524e-01  2.132795570e-01  9.401850292e-01
 1.037181996e-01  2.153518377e-01  9.484847426e-01
 1.056751468e-01  2.174061834e-01  9.566752884e-01
 1.076320939e-01  2.194431276e-01  9.647571602e-01
 1.095890411e-01  2.214631937e-01  9.727290481e-01
 1.115459883e-01  2.234668832e-01  9.805939457e-01
 1.135029354e-01  2.254546711e-01  9.883598819e-01
 1.154598826e-01  2.274269931e-01  9.960263987e-01
 1.174168297e-01  2.293842946e-01  1.003588964e+00
 1.193737769e-01  2.313270001e-01  1.011051557e+00
 1.213307241e-01  2.332555112e-01  1.018418470e+00
 1.232876712e-01  2.351702095e-01  1.025691040e+00
 1.252446184e-01  2.370714668e-01  1.032869553e+00
 1.272015656e-01  2.389596402e-01  1.039956249e+00
 1.291585127e-01  2.408350713e-01  1.046951123e+00
 1.311154599e-01  2.426980960e-01  1.053851657e+00
 1.330724070e-01  2.445490447e-01  1.060662698e+00
 1.350293542e-01  2.463882174e-01  1.067391592e+00
 1.369863014e-01  2.482159007e-01  1.074034532e+00
 1.389432485e-01  2.500323909e-01  1.080586152e+00
 1.409001957e-01  2.518379768e-01  1.087050071e+00
 1.428571429e-01  2.536329266e-01  1.093432472e+00
 1.448140900e-01  2.554174938e-01  1.099734406e+00
 1.467710372e-01  2.571919293e-01  1.105953717e+00
 1.487279843e-01  2.589564804e-01  1.112090666e+00
 1.506849315e-01  2.607113844e-01  1.118145303e+00
 1.526418787e-01  2.624568760e-01  1.124117521e+00
 1.545988258e-01  2.641931812e-01  1.130011940e+00
 1.565557730e-01  2.659205093e-01  1.135832256e+00
 1.585127202e-01  2.676390642e-01  1.141575303e+00
 1.604696673e-01  2.693490550e-01  1.147235701e+00
 1.624266145e-01  2.710506921e-01  1.152816327e+00
 1.643835616e-01  2.727441662e-01  1.158325148e+00
 1.663405088e-01  2.744296553e-01  1.163762427e+00
 1.682974560e-01  2.761073410e-01  1.169123912e+00
 1.702544031e-01  2.777774056e-01  1.174408299e+00
 1.722113503e-01  2.794400264e-01  1.179617129e+00
 1.741682975e-01  2.810953736e-01  1.184752116e+00
 1.761252446e-01  2.827436124e-01  1.189817089e+00
 1.780821918e-01  2.843848955e-01  1.194814573e+00
 1.800391389e-01  2.860193744e-01  1.199739270e+00
 1.819960861e-01  2.876472099e-01  1.204585843e+00
 1.839530333e-01  2.892685621e-01  1.209359426e+00
 1.859099804e-01  2.908835715e-01  1.214068822e+00
 1.878669276e-01  2.924923689e-01  1.218712931e+00
 1.898238748e-01  2.940950926e-01  1.223285117e+00
 1.917808219e-01  2.956918857e-01  1.227783149e+00
 1.937377691e-01  2.972828870e-01  1.232211630e+00
 1.956947162e-01  2.988682225e-01  1.236574189e+00
 1.976516634e-01  3.004480172e-01  1.240871031e+00
 1.996086106e-01  3.020223919e-01  1.245102964e+00
 2.015655577e-01  3.035914653e-01  1.249266801e+00
 2.035225049e-01  3.051553622e-01  1.253358802e+00
 2.054794521e-01  3.067142062e-01  1.257381876e+00
 2.074363992e-01  3.082681110e-01  1.261343121e+00
 2.093933464e-01  3.098171790e-01  1.265245352e+00
 2.113502935e-01  3.113615132e-01  1.269081254e+00
 2.133072407e-01  3.129012304e-01  1.272845183e+00
 2.152641879e-01  3.144364442e-01  1.276541998e+00
 2.172211350e-01  3.159672560e-01  1.280177744e+00
 2.191780822e-01  3.174937617e-01  1.283753818e+00
 2.211350294e-01  3.190160565e-01  1.287269026e+00
 2.230919765e-01  3.205342362e-01  1.290718258e+00
 2.250489237e-01  3.220484054e-01  1.294098762e+00
 2.270058708e-01  3.235586633e-01  1.297414828e+00
 2.289628180e-01  3.250651019e-01  1.300672792e+00
 2.309197652e-01  3.265678032e-01  1.303876605e+00
 2.328767123e-01  3.280668476e-01  1.307018320e+00
 2.348336595e-01  3.295623331e-01  1.310089577e+00
 2.367906067e-01  3.310543569e-01  1.313096468e+00
 2.387475538e-01  3.325430009e-01  1.316047871e+00
 2.407045010e-01  3.340283399e-01  1.318944426e+00
 2.426614481e-01  3.355104524e-01  1.321782043e+00
 2.446183953e-01  3.369894205e-01  1.324555561e+00
 2.465753425e-01  3.384653324e-01  1.327265709e+00
 2.485322896e-01  3.399382666e-01  1.329916897e+00
 2.504892368e-01  3.414082997e-01  1.332511201e+00
 2.524461840e-01  3.428755039e-01  1.335052457e+00
 2.544031311e-01  3.443399457e-01  1.337538011e+00
 2.563600783e-01  3.458017018e-01  1.339959192e+00
 2.583170254e-01  3.472608560e-01  1.342317658e+00
 2.602739726e-01  3.487174798e-01  1.344621053e+00
 2.622309198e-01  3.501716388e-01  1.346873454e+00
 2.641878669e-01  3.516233947e-01  1.349074093e+00
 2.661448141e-01  3.530728134e-01  1.351214526e+00
 2.681017613e-01  3.545199733e-01  1.353292951e+00
 2.700587084e-01  3.559649431e-01  1.355315813e+00
 2.720156556e-01  3.574077862e-01  1.357285349e+00
 2.739726027e-01  3.588485655e-01  1.359204633e+00
 2.759295499e-01  3.602873366e-01  1.361073789e+00
 2.778864971e-01  3.617241612e-01  1.362884313e+00
 2.798434442e-01  3.631591120e-01  1.364633683e+00
 2.818003914e-01  3.645922550e-01  1.366329203e+00
 2.837573386e-01  3.660236466e-01  1.367977758e+00
 2.857142857e-01  3.674533374e-01  1.369581308e+00
 2.876712329e-01  3.688813790e-01  1.371129867e+00
 2.896281800e-01  3.703078421e-01  1.372617026e+00
 2.915851272e-01  3.717327909e-01  1.374051095e+00
 2.935420744e-01  3.731562780e-01  1.375438512e+00
 2.954990215e-01  3.745783534e-01  1.376780016e+00
 2.974559687e-01  3.759990677e-01  1.378073029e+00
 2.994129159e-01  3.774184757e-01  1.379311522e+00
 3.013698630e-01  3.788366398e-01  1.380495347e+00
 3.033268102e-01  3.802536144e-01  1.381629378e+00
 3.052837573e-01  3.816694513e-01  1.382717684e+00
 3.072407045e-01  3.830841962e-01  1.383763408e+00
 3.091976517e-01  3.844978939e-01  1.384761513e+00
 3.111545988e-01  3.859106000e-01  1.385704333e+00
 3.131115460e-01  3.873223746e-01  1.386595296e+00
 3.150684932e-01  3.887332658e-01  1.387442691e+00
 3.170254403e-01  3.901433164e-01  1.388248724e+00
 3.189823875e-01  3.915525696e-01  1.389009959e+00
 3.209393346e-01  3.929610751e-01  1.389721099e+00
 3.228962818e-01  3.943688864e-01  1.390382545e+00
 3.248532290e-01  3.957760519e-01  1.390999332e+00
 3.268101761e-01  3.971826150e-01  1.391572632e+00
 3.287671233e-01  3.985886214e-01  1.392103496e+00
 3.307240705e-01  3.999941119e-01  1.392591971e+00
 3.326810176e-01  4.013991320e-01  1.393034281e+00
 3.346379648e-01  4.028037301e-01  1.393429050e+00
 3.365949119e-01  4.042079542e-01  1.393779371e+00
 3.385518591e-01  4.056118463e-01  1.394090326e+00
 3.405088063e-01  4.070154440e-01  1.394362825e+00
 3.424657534e-01  4.084187875e-01  1.394591978e+00
 3.444227006e-01  4.098219239e-01  1.394774781e+00
 3.463796477e-01  4.112248995e-01  1.394914421e+00
 3.483365949e-01  4.126277551e-01  1.395015169e+00
 3.502935421e-01  4.140305280e-01  1.395077704e+00
 3.522504892e-01  4.154332578e-01  1.395099769e+00
 3.542074364e-01  4.168359864e-01  1.395081068e+00
 3.561643836e-01  4.182387538e-01  1.395021606e+00
 3.581213307e-01  4.196416020e-01  1.394920616e+00
 3.600782779e-01  4.210445725e-01  1.394781059e+00
 3.620352250e-01  4.224477014e-01  1.394605677e+00
 3.639921722e-01  4.238510249e-01  1.394393524e+00
 3.659491194e-01  4.252545808e-01  1.394142140e+00
 3.679060665e-01  4.266584103e-01  1.393849628e+00
 3.698630137e-01  4.280625554e-01  1.393519188e+00
 3.718199609e-01  4.294670508e-01  1.393155777e+00
 3.737769080e-01  4.308719286e-01  1.392757174e+00
 3.757338552e-01  4.322772281e-01  1.392320768e+00
 3.776908023e-01  4.336829867e-01  1.391847134e+00
 3.796477495e-01  4.350892428e-01  1.391337392e+00
 3.816046967e-01  4.364960316e-01  1.390794425e+00
 3.835616438e-01  4.379033859e-01  1.390217147e+00
 3.855185910e-01  4.393113433e-01  1.389604485e+00
 3.874755382e-01  4.407199390e-01  1.388959037e+00
 3.894324853e-01  4.421292053e-01  1.388279963e+00
 3.913894325e-01  4.435391793e-01  1.387565937e+00
 3.933463796e-01  4.449498963e-01  1.386819574e+00
 3.953033268e-01  4.463613884e-01  1.386041513e+00
 3.972602740e-01  4.477736898e-01  1.385232108e+00
 3.992172211e-01  4.491868319e-01  1.384391123e+00
 4.011741683e-01  4.506008497e-01  1.383516838e+00
 4.031311155e-01  4.520157784e-01  1.382612106e+00
 4.050880626e-01  4.534316474e-01  1.381678400e+00
 4.070450098e-01  4.548484892e-01  1.380713503e+00
 4.090019569e-01  4.562663378e-01  1.379718038e+00
 4.109589041e-01  4.576852248e-01  1.378693961e+00
 4.129158513e-01  4.591051806e-01  1.377641922e+00
 4.148727984e-01  4.605262356e-01  1.376561402e+00
 4.168297456e-01  4.619484215e-01  1.375450460e+00
 4.187866928e-01  4.633717729e-01  1.374310604e+00
 4.207436399e-01  4.647963189e-01  1.373145654e+00
 4.227005871e-01  4.662220865e-01  1.371955404e+00
 4.246575342e-01  4.676491054e-01  1.370737521e+00
 4.266144814e-01  4.690774077e-01  1.369491096e+00
 4.285714286e-01  4.705070254e-01  1.368218085e+00
 4.305283757e-01  4.719379868e-01  1.366921337e+00
 4.324853229e-01  4.733703183e-01  1.365600864e+00
 4.344422701e-01  4.748040484e-01  1.364255507e+00
 4.363992172e-01  4.762392063e-01  1.362884846e+00
 4.383561644e-01  4.776758218e-01  1.361489217e+00
 4.403131115e-01  4.791139234e-01  1.360069953e+00
 4.422700587e-01  4.805535388e-01  1.358628062e+00
 4.442270059e-01  4.819946946e-01  1.357165196e+00
 4.461839530e-01  4.834374152e-01  1.355681009e+00
 4.481409002e-01  4.848817283e-01  1.354172915e+00
 4.500978474e-01  4.863276641e-01  1.352641159e+00
 4.520547945e-01  4.877752502e-01  1.351088559e+00
 4.540117417e-01  4.892245111e-01  1.349517769e+00
 4.559686888e-01  4.906754692e-01  1.347929427e+00
 4.579256360e-01  4.921281476e-01  1.346319098e+00
 4.598825832e-01  4.935825788e-01  1.344685522e+00
 4.618395303e-01  4.950387890e-01  1.343033319e+00
 4.637964775e-01  4.964968008e-01  1.341364932e+00
 4.657534247e-01  4.979566358e-01  1.339680825e+00
 4.677103718e-01  4.994183157e-01  1.337977938e+00
 4.696673190e-01  5.008818690e-01  1.336254444e+00
 4.716242661e-01  5.023473219e-01  1.334513536e+00
 4.735812133e-01  5.038146963e-01  1.332757954e+00
 4.755381605e-01  5.052840125e-01  1.330987670e+00
 4.774951076e-01  5.067552929e-01  1.329201904e+00
 4.794520548e-01  5.082285598e-01  1.327399464e+00
 4.814090020e-01  5.097038386e-01  1.325580897e+00
 4.833659491e-01  5.111811507e-01  1.323748402e+00
 4.853228963e-01  5.126605168e-01  1.321902699e+00
 4.872798434e-01  5.141419572e-01  1.320044277e+00
 4.892367906e-01  5.156254918e-01  1.318172762e+00
 4.911937378e-01  5.171111419e-01  1.316287606e+00
 4.931506849e-01  5.185989288e-01  1.314388974e+00
 4.951076321e-01  5.200888741e-01  1.312478622e+00
 4.970645793e-01  5.215809953e-01  1.310558354e+00
 4.990215264e-01  5.230753100e-01  1.308627676e+00
 5.009784736e-01  5.245718373e-01  1.306685700e+00
 5.029354207e-01  5.260705970e-01  1.304732143e+00
 5.048923679e-01  5.275716091e-01  1.302768627e+00
 5.068493151e-01  5.290748901e-01  1.300797274e+00
 5.088062622e-01  5.305804553e-01  1.298817847e+00
 5.107632094e-01  5.320883218e-01  1.296829100e+00
 5.127201566e-01  5.335985083e-01  1.294831397e+00
 5.146771037e-01  5.351110312e-01  1.292826103e+00
 5.166340509e-01  5.366259062e-01  1.290814579e+00
 5.185909980e-01  5.381431469e-01  1.288796822e+00
 5.205479452e-01  5.396627690e-01  1.286771826e+00
 5.225048924e-01  5.411847888e-01  1.284740551e+00
 5.244618395e-01  5.427092201e-01  1.282704368e+00
 5.264187867e-01  5.442360759e-01  1.280663652e+00
 5.283757339e-01  5.457653694e-01  1.278618201e+00
 5.303326810e-01  5.472971143e-01  1.276567657e+00
 5.322896282e-01  5.488313247e-01  1.274513126e+00
 5.342465753e-01  5.503680120e-01  1.272456104e+00
 5.362035225e-01  5.519071867e-01  1.270396769e+00
 5.381604697e-01  5.534488601e-01  1.268334277e+00
 5.401174168e-01  5.549930447e-01  1.266268459e+00
 5.420743640e-01  5.565397524e-01  1.264200737e+00
 5.440313112e-01  5.580889926e-01  1.262132464e+00
 5.459882583e-01  5.596407737e-01  1.260064043e+00
 5.479452055e-01  5.611951042e-01  1.257994424e+00
 5.499021526e-01  5.627519954e-01  1.255923347e+00
 5.518590998e-01  5.643114566e-01  1.253852237e+00
 5.538160470e-01  5.658734954e-01  1.251782139e+00
 5.557729941e-01  5.674381186e-01  1.249713530e+00
 5.577299413e-01  5.690053329e-01  1.247645952e+00
 5.596868885e-01  5.705751461e-01  1.245579088e+00
 5.616438356e-01  5.721475659e-01  1.243513826e+00
 5.636007828e-01  5.737225978e-01  1.241451115e+00
 5.655577299e-01  5.753002472e-01  1.239391326e+00
 5.675146771e-01  5.768805187e-01  1.237334304e+00
 5.694716243e-01  5.784634179e-01  1.235280127e+00
 5.714285714e-01  5.800489496e-01  1.233229455e+00
 5.733855186e-01  5.816371175e-01  1.231182935e+00
 5.753424658e-01  5.832279246e-01  1.229140717e+00
 5.772994129e-01  5.848213743e-01  1.227102706e+00
 5.792563601e-01  5.864174699e-01  1.225069334e+00
 5.812133072e-01  5.880162136e-01  1.223041183e+00
 5.831702544e-01  5.896176072e-01  1.221018810e+00
 5.851272016e-01  5.912216513e-01  1.219002344e+00
 5.870841487e-01  5.928283472e-01  1.216991688e+00
 5.890410959e-01  5.944376960e-01  1.214987242e+00
 5.909980431e-01  5.960496976e-01  1.212989432e+00
 5.929549902e-01  5.976643520e-01  1.210998659e+00
 5.949119374e-01  5.992816579e-01  1.209015342e+00
 5.968688845e-01  6.009016141e-01  1.207039680e+00
 5.988258317e-01  6.025242187e-01  1.205071805e+00
 6.007827789e-01  6.041494699e-01  1.203111905e+00
 6.027397260e-01  6.057773654e-01  1.201160139e+00
 6.046966732e-01  6.074079026e-01  1.199216862e+00
 6.066536204e-01  6.090410782e-01  1.197282695e+00
 6.086105675e-01  6.106768878e-01  1.195357886e+00
 6.105675147e-01  6.123153272e-01  1.193442279e+00
 6.125244618e-01  6.139563923e-01  1.191535800e+00
 6.144814090e-01  6.156000790e-01  1.189638645e+00
 6.164383562e-01  6.172463824e-01  1.187751284e+00
 6.183953033e-01  6.188952969e-01  1.185874185e+00
 6.203522505e-01  6.205468161e-01  1.184007329e+00
 6.223091977e-01  6.222009345e-01  1.182150401e+00
 6.242661448e-01  6.238576462e-01  1.180303539e+00
 6.262230920e-01  6.255169451e-01  1.178467002e+00
 6.281800391e-01  6.271788246e-01  1.176640721e+00
 6.301369863e-01  6.288432782e-01  1.174824865e+00
 6.320939335e-01  6.305102990e-01  1.173019469e+00
 6.340508806e-01  6.321798801e-01  1.171224532e+00
 6.360078278e-01  6.338520142e-01  1.169440205e+00
 6.379647750e-01  6.355266941e-01  1.167666024e+00
 6.399217221e-01  6.372039134e-01  1.165901628e+00
 6.418786693e-01  6.388836658e-01  1.164147258e+00
 6.438356164e-01  6.405659441e-01  1.162403416e+00
 6.457925636e-01  6.422507401e-01  1.160670033e+00
 6.477495108e-01  6.439380469e-01  1.158946437e+00
 6.497064579e-01  6.456278579e-01  1.157232108e+00
 6.516634051e-01  6.473201675e-01  1.155526864e+00
 6.536203523e-01  6.490149696e-01  1.153831189e+00
 6.555772994e-01  6.507122569e-01  1.152145329e+00
 6.575342466e-01  6.524120224e-01  1.150468663e+00
 6.594911937e-01  6.541142604e-01  1.148800544e+00
 6.614481409e-01  6.558189658e-01  1.147140675e+00
 6.634050881e-01  6.575261335e-01  1.145489110e+00
 6.653620352e-01  6.592357581e-01  1.143845823e+00
 6.673189824e-01  6.609478345e-01  1.142210625e+00
 6.692759295e-01  6.626623576e-01  1.140583185e+00
 6.712328767e-01  6.643793231e-01  1.138962971e+00
 6.731898239e-01  6.660987276e-01  1.137349708e+00
 6.751467710e-01  6.678205675e-01  1.135743208e+00
 6.771037182e-01  6.695448396e-01  1.134143132e+00
 6.790606654e-01  6.712715413e-01  1.132549279e+00
 6.810176125e-01  6.730006699e-01  1.130961511e+00
 6.829745597e-01  6.747322233e-01  1.129379330e+00
 6.849315068e-01  6.764662001e-01  1.127802241e+00
 6.868884540e-01  6.782025996e-01  1.126230039e+00
 6.888454012e-01  6.799414210e-01  1.124662453e+00
 6.908023483e-01  6.816826643e-01  1.123099130e+00
 6.927592955e-01  6.834263298e-01  1.121539703e+00
 6.947162427e-01  6.851724187e-01  1.119983711e+00
 6.966731898e-01  6.869209325e-01  1.118430769e+00
 6.986301370e-01  6.886718736e-01  1.116880772e+00
 7.005870841e-01  6.904252440e-01  1.115333305e+00
 7.025440313e-01  6.921810471e-01  1.113787903e+00
 7.045009785e-01  6.939392866e-01  1.112244348e+00
 7.064579256e-01  6.956999664e-01  1.110702216e+00
 7.084148728e-01  6.974630916e-01  1.109160824e+00
 7.103718200e-01  6.992286685e-01  1.107619577e+00
 7.123287671e-01  7.009967039e-01  1.106078318e+00
 7.142857143e-01  7.027672046e-01  1.104537125e+00
 7.162426614e-01  7.045401775e-01  1.102996019e+00
 7.181996086e-01  7.063156292e-01  1.101454508e+00
 7.201565558e-01  7.080935681e-01  1.099911133e+00
 7.221135029e-01  7.098740059e-01  1.098364964e+00
 7.240704501e-01  7.116569540e-01  1.096816397e+00
 7.260273973e-01  7.134424229e-01  1.095265848e+00
 7.279843444e-01  7.152304227e-01  1.093712815e+00
 7.299412916e-01  7.170209658e-01  1.092156360e+00
 7.318982387e-01  7.188140656e-01  1.090596302e+00
 7.338551859e-01  7.206097349e-01  1.089032107e+00
 7.358121331e-01  7.224079893e-01  1.087463156e+00
 7.377690802e-01  7.242088439e-01  1.085889037e+00
 7.397260274e-01  7.260123157e-01  1.084308982e+00
 7.416829746e-01  7.278184225e-01  1.082723010e+00
 7.436399217e-01  7.296271816e-01  1.081131571e+00
 7.455968689e-01  7.314386096e-01  1.079534910e+00
 7.475538160e-01  7.332527231e-01  1.077931629e+00
 7.495107632e-01  7.350695437e-01  1.076319308e+00
 7.514677104e-01  7.368890964e-01  1.074698045e+00
 7.534246575e-01  7.387114028e-01  1.073069175e+00
 7.553816047e-01  7.405364836e-01  1.071432926e+00
 7.573385519e-01  7.423643602e-01  1.069788377e+00
 7.592954990e-01  7.441950567e-01  1.068134483e+00
 7.612524462e-01  7.460285983e-01  1.066471647e+00
 7.632093933e-01  7.478650081e-01  1.064799549e+00
 7.651663405e-01  7.497043128e-01  1.063117408e+00
 7.671232877e-01  7.515465387e-01  1.061425196e+00
 7.690802348e-01  7.533917129e-01  1.059723442e+00
 7.710371820e-01  7.552398602e-01  1.058013920e+00
 7.729941292e-01  7.570910021e-01  1.056298448e+00
 7.749510763e-01  7.589451573e-01  1.054578534e+00
 7.769080235e-01  7.608023421e-01  1.052856111e+00
 7.788649706e-01  7.626625689e-01  1.051132422e+00
 7.808219178e-01  7.645258497e-01  1.049408405e+00
 7.827788650e-01  7.663921937e-01  1.047685656e+00
 7.847358121e-01  7.682616073e-01  1.045966519e+00
 7.866927593e-01  7.701340913e-01  1.044255259e+00
 7.886497065e-01  7.720096368e-01  1.042554587e+00
 7.906066536e-01  7.738882348e-01  1.040864957e+00
 7.925636008e-01  7.757698743e-01  1.039187074e+00
 7.945205479e-01  7.776545436e-01  1.037523607e+00
 7.964774951e-01  7.795422216e-01  1.035881282e+00
 7.984344423e-01  7.814328715e-01  1.034265566e+00
 8.003913894e-01  7.833264518e-01  1.032677040e+00
 8.023483366e-01  7.852229227e-01  1.031115944e+00
 8.043052838e-01  7.871222410e-01  1.029585662e+00
 8.062622309e-01  7.890243534e-01  1.028098135e+00
 8.082191781e-01  7.909291716e-01  1.026661193e+00
 8.101761252e-01  7.928366121e-01  1.025273447e+00
 8.121330724e-01  7.947465901e-01  1.023935911e+00
 8.140900196e-01  7.966590169e-01  1.022655886e+00
 8.160469667e-01  7.985737789e-01  1.021451892e+00
 8.180039139e-01  8.004907165e-01  1.020338410e+00
 8.199608611e-01  8.024096597e-01  1.019312232e+00
 8.219178082e-01  8.043304587e-01  1.018364783e+00
 8.238747554e-01  8.062529739e-01  1.017499787e+00
 8.258317025e-01  8.081770399e-01  1.016734390e+00
 8.277886497e-01  8.101024506e-01  1.016069432e+00
 8.297455969e-01  8.120290356e-01  1.015491567e+00
 8.317025440e-01  8.139566380e-01  1.014992283e+00
 8.336594912e-01  8.158851188e-01  1.014570035e+00
 8.356164384e-01  8.178143260e-01  1.014231384e+00
 8.375733855e-01  8.197440947e-01  1.013988303e+00
 8.395303327e-01  8.216742269e-01  1.013830809e+00
 8.414872798e-01  8.236045953e-01  1.013735997e+00
 8.434442270e-01  8.255350885e-01  1.013691370e+00
 8.454011742e-01  8.274656268e-01  1.013688170e+00
 8.473581213e-01  8.293961322e-01  1.013727666e+00
 8.493150685e-01  8.313265200e-01  1.013792387e+00
 8.512720157e-01  8.332567790e-01  1.013862225e+00
 8.532289628e-01  8.351869009e-01  1.013927432e+00
 8.551859100e-01  8.371169116e-01  1.013968123e+00
 8.571428571e-01  8.390468786e-01  1.013964110e+00
 8.590998043e-01  8.409769045e-01  1.013898681e+00
 8.610567515e-01  8.429071207e-01  1.013765276e+00
 8.630136986e-01  8.448376546e-01  1.013562225e+00
 8.649706458e-01  8.467686442e-01  1.013293282e+00
 8.669275930e-01  8.487002032e-01  1.012939125e+00
 8.688845401e-01  8.506325434e-01  1.012483311e+00
 8.708414873e-01  8.525658420e-01  1.011923169e+00
 8.727984344e-01  8.545003223e-01  1.011254344e+00
 8.747553816e-01  8.564361792e-01  1.010489619e+00
 8.767123288e-01  8.583735888e-01  1.009638124e+00
 8.786692759e-01  8.603127126e-01  1.008686125e+00
 8.806262231e-01  8.622537812e-01  1.007629445e+00
 8.825831703e-01  8.641969745e-01  1.006461394e+00
 8.845401174e-01  8.661425516e-01  1.005174493e+00
 8.864970646e-01  8.680907241e-01  1.003781895e+00
 8.884540117e-01  8.700417038e-01  1.002297423e+00
 8.904109589e-01  8.719956517e-01  1.000716611e+00
 8.923679061e-01  8.739528007e-01  9.990246008e-01
 8.943248532e-01  8.759133733e-01  9.972295700e-01
 8.962818004e-01  8.778775750e-01  9.953295889e-01
 8.982387476e-01  8.798456405e-01  9.933324603e-01
 9.001956947e-01  8.818177488e-01  9.912469556e-01
 9.021526419e-01  8.837941050e-01  9.890845562e-01
 9.041095890e-01  8.857748462e-01  9.868555520e-01
 9.060665362e-01  8.877601410e-01  9.845266310e-01
 9.080234834e-01  8.897502652e-01  9.820976059e-01
 9.099804305e-01  8.917453932e-01  9.795885865e-01
 9.119373777e-01  8.937457258e-01  9.769994044e-01
 9.138943249e-01  8.957514432e-01  9.743713106e-01
 9.158512720e-01  8.977625812e-01  9.716752058e-01
 9.178082192e-01  8.997794457e-01  9.688671719e-01
 9.197651663e-01  9.018022591e-01  9.660193572e-01
 9.217221135e-01  9.038310325e-01  9.630953403e-01
 9.236790607e-01  9.058661489e-01  9.600308946e-01
 9.256360078e-01  9.079078961e-01  9.569006491e-01
 9.275929550e-01  9.099563493e-01  9.537114995e-01
 9.295499022e-01  9.120117754e-01  9.503930990e-01
 9.315068493e-01  9.140745603e-01  9.469589794e-01
 9.334637965e-01  9.161449224e-01  9.435601455e-01
 9.354207436e-01  9.182225933e-01  9.400728115e-01
 9.373776908e-01  9.203083487e-01  9.363614167e-01
 9.393346380e-01  9.224025243e-01  9.325518964e-01
 9.412915851e-01  9.245053565e-01  9.288658562e-01
 9.432485323e-01  9.266161817e-01  9.250875811e-01
 9.452054795e-01  9.287362333e-01  9.209720636e-01
 9.471624266e-01  9.308659685e-01  9.167326419e-01
 9.491193738e-01  9.330056755e-01  9.125842196e-01
 9.510763209e-01  9.351548134e-01  9.087347362e-01
 9.530332681e-01  9.373126821e-01  9.045516116e-01
 9.549902153e-01  9.394817604e-01  8.997777271e-01
 9.569471624e-01  9.416625913e-01  8.948661948e-01
 9.589041096e-01  9.438555478e-01  8.898893043e-01
 9.608610568e-01  9.460608416e-01  8.984095615e-01
 9.628180039e-01  9.482132989e-01  9.139552616e-01
 9.647749511e-01  9.503434438e-01  9.099549636e-01
 9.667318982e-01  9.525153034e-01  8.898979892e-01
 9.686888454e-01  9.547429991e-01  8.658435856e-01
 9.706457926e-01  9.570376080e-01  8.395414604e-01
 9.726027397e-01  9.594073626e-01  8.124265725e-01
 9.745596869e-01  9.618578475e-01  7.856047465e-01
 9.765166341e-01  9.643921983e-01  7.598815235e-01
 9.784735812e-01  9.670112981e-01  7.358116514e-01
 9.804305284e-01  9.697139752e-01  7.137535973e-01
 9.823874755e-01  9.724972000e-01  6.939201511e-01
 9.843444227e-01  9.753562806e-01  6.764212080e-01
 9.863013699e-01  9.782850575e-01  6.612977107e-01
 9.882583170e-01  9.812760959e-01  6.485474791e-01
 9.902152642e-01  9.843208761e-01  6.381442905e-01
 9.921722114e-01  9.874099800e-01  6.300515524e-01
 9.941291585e-01  9.905332748e-01  6.242319114e-01
 9.960861057e-01  9.936800928e-01  6.206538744e-01
 9.980430528e-01  9.968394065e-01  6.192962181e-01
 1.000000000e+00  1.000000000e+00  6.190453388e-01
4  4.201147256e-01  6.711690600e-01  1.014694197e+00  7.521073727e-01  9.604867387e-01  5.240080822e+01  4.408592435e-01  9.964948223e-01  3.587812909e-01  2.724657678e+00
5  5.498387858e-01  9.864720243e-01  1.008880254e+00  6.180050818e-01  9.359976527e-01  3.170157961e+01  3.872407093e-01  1.054235830e+00  5.335729708e-01  2.836441596e+00
6  6.508105074e-01  1.176610343e+00  1.005527681e+00  5.276348521e-01  9.169207494e-01  2.371731407e+01  3.581347147e-01  1.138256467e+00  6.556904936e-01  2.788471389e+00
7  7.365212222e-01  1.313882001e+00  1.003261935e+00  4.626691844e-01  9.069846999e-01  1.952907690e+01  3.393834220e-01  1.231791809e+00  7.510722963e-01  2.698798229e+00
8  8.109638141e-01  1.498519093e+00  1.001542262e+00  4.136519962e-01  9.140540414e-01  1.738174543e+01  3.267161087e-01  1.340362824e+00  8.286637355e-01  2.595670882e+00
9  8.693518019e-01  1.957273934e+00  1.000309189e+00  3.748222598e-01  9.529627573e-01  1.711021327e+01  3.190627983e-01  1.485958785e+00  8.877623391e-01  2.470336776e+00
10  9.126931593e-01  2.241337294e+00  9.995183867e-01  3.430088905e-01  1.040903066e+00  1.892793714e+01  3.156064096e-01  1.712726210e+00  9.301971017e-01  2.332300145e+00
11  9.570788717e-01  2.785905446e+00  9.997042380e-01  3.184349270e-01  1.190303454e+00  2.281677472e+01  3.170783305e-01  2.006468464e+00  9.706804252e-01  2.223798501e+00
12  9.788904187e-01  5.254970635e+00  9.999009901e-01  2.955783993e-01  1.432325550e+00  3.138630027e+01  3.208143268e-01  2.830046845e+00  9.867008328e-01  2.085348703e+00
13  9.902301501e-01  9.461684162e+00  9.999495537e-01  2.752312338e-01  1.685448236e+00  4.142204976e+01  3.250493890e-01  4.497583060e+00  9.939398698e-01  1.947330833e+00
0 0 -1.241882272e-01 -1.475080752e-17
0 1  1.313432879e-02 -5.803223348e-03
0 2 -1.414624095e-02  6.858180549e-03
0 3  3.290047349e-03 -7.827997758e-03
0 4  6.543525938e-04  6.476424389e-03
0 5 -5.143928851e-03 -2.017263286e-03
0 6  2.348006908e-03 -3.529210469e-03
0 7  3.278049583e-03  1.370339897e-03
0 8  7.130775920e-04  3.159350146e-03
0 9 -1.067364037e-03  2.803626795e-03
1 0 -1.057614645e-01 -4.672925510e-02
1 1 -9.586635960e-02 -2.565546033e-17
1 2  8.876631241e-03 -8.344576595e-03
1 3 -1.263795711e-02  9.894205954e-03
1 4 -1.914409883e-03 -9.490074822e-03
1 5  5.098516576e-03  3.898244599e-03
1 6 -4.930842056e-03  4.087173404e-03
1 7 -4.577955250e-03 -2.695753003e-03
1 8 -5.945695124e-04 -4.414415443e-03
1 9  1.735981960e-03 -3.498021153e-03
2 0  1.139096778e-01  5.522407964e-02
2 1 -9.259380744e-02 -8.704384552e-02
2 2 -7.670611849e-02  2.414021827e-17
2 3  4.313449315e-03 -1.017004791e-02
2 4 -7.778442818e-03  1.078163806e-02
2 5 -7.883561965e-03 -6.641955116e-03
2 6  4.693424897e-03 -3.147359304e-03
2 7  2.746691095e-03  4.247991208e-03
2 8 -1.813734665e-03  4.791788508e-03
2 9 -3.854214317e-03  3.049690570e-03
3 0 -2.649242544e-02 -6.303333203e-02
3 1  1.318289040e-01  1.032083204e-01
3 2 -5.623344526e-02 -1.325845723e-01
3 3 -6.318799120e-02 -6.793868214e-17
3 4  1.360922968e-04 -1.156525035e-02
3 5 -2.361993598e-03  9.385723089e-03
3 6 -1.064417088e-02 -8.710369011e-05
3 7 -3.245917183e-03 -6.070427437e-03
3 8  2.106127279e-03 -4.200730182e-03
3 9  3.545904399e-03 -1.449846786e-03
4 0 -5.269038851e-03  5.215006717e-02
4 1  1.996956900e-02 -9.899275264e-02
4 2  1.014057675e-01  1.405577321e-01
4 3 -2.153768370e-03 -1.830292455e-01
4 4 -5.323263292e-02 -1.633342576e-17
4 5 -4.275764077e-03 -1.264814821e-02
4 6  1.888547604e-03  5.014979090e-03
4 7 -5.988150773e-03  6.040827476e-03
4 8 -8.185295196e-03  1.074795580e-03
4 9 -6.969688087e-03 -2.100617540e-03
5 0  4.142042260e-02 -1.624359516e-02
5 1 -5.318358387e-02  4.066332147e-02
5 2  1.027761816e-01 -8.658963910e-02
5 3  3.738041917e-02  1.485365005e-01
5 4  8.032223549e-02 -2.376014019e-01
5 5 -4.514188679e-02  6.801199547e-17
5 6 -8.852264712e-03 -1.256001231e-02
5 7  2.518456014e-03 -2.312146882e-03
5 8  1.086528143e-03  3.864309748e-03
5 9 -1.676734949e-03  5.234139659e-03
6 0 -1.890683974e-02 -2.841823697e-02
6 1  5.143453947e-02  4.263407332e-02
6 2 -6.118709941e-02 -4.103139835e-02
6 3  1.684524335e-01 -1.378484874e-03
6 4 -3.547725333e-02  9.420873654e-02
6 5  1.960986867e-01 -2.782341015e-01
6 6 -3.803244073e-02 -5.704380235e-17
6 7 -1.152703259e-02 -9.171804560e-03
6 8 -2.334201825e-03 -7.343871237e-03
6 9  8.741912349e-04 -4.026033229e-03
7 0 -2.639581591e-02  1.103437844e-02
7 1  4.775351092e-02 -2.811990582e-02
7 2 -3.580797919e-02  5.538008300e-02
7 3  5.136920989e-02 -9.606932143e-02
7 4  1.124902235e-01  1.134797801e-01
7 5 -5.578978181e-02 -5.121954457e-02
7 6  3.030842190e-01 -2.411574010e-01
7 7 -3.310405174e-02  1.773954171e-16
7 8 -1.576756845e-02 -7.258272931e-03
7 9 -9.200276161e-03 -8.455686240e-03
8 0 -5.741909746e-03  2.544001326e-02
8 1  6.202066240e-03 -4.604759648e-02
8 2  2.364524110e-02  6.246944314e-02
8 3 -3.333113205e-02 -6.647988172e-02
8 4  1.537646129e-01  2.019053954e-02
8 5 -2.406917877e-02  8.560363828e-02
8 6  6.137396866e-02 -1.930949236e-01
8 7  4.763032807e-01 -2.192563312e-01
8 8 -2.501317486e-02 -1.488742287e-16
8 9 -1.380283368e-02 -3.456082964e-03
9 0  8.594728030e-03  2.257562459e-02
9 1 -1.810835383e-02 -3.648851555e-02
9 2  5.024650436e-02  3.975811357e-02
9 3 -5.611674516e-02 -2.294497354e-02
9 4  1.309288627e-01 -3.946108664e-02
9 5  3.714366120e-02  1.159486240e-01
9 6 -2.298540978e-02 -1.058578717e-01
9 7  2.779199427e-01 -2.554275322e-01
9 8  5.518225396e-01 -1.381705035e-01
9 9 -1.962026925e-02  9.789750696e-17
0 0 -8.399322758e+00  2.401444960e-15
0 1 -8.145234564e-01  5.168106078e-01
0 2  1.252133662e+00 -4.969378208e-01
0 3 -1.732507400e-01  3.961808070e-01
0 4  2.638713520e-03 -2.836770514e-01
0 5  1.943099155e-01  9.039576496e-02
0 6 -8.826507452e-02  1.159999987e-01
0 7 -1.127173619e-01 -2.056777984e-02
0 8 -8.801655798e-03 -8.574896504e-02
0 9  9.446165198e-02 -7.046474253e-02
1 0 -8.145234564e-01 -5.168106078e-01
1 1 -1.114692450e+01  1.095923683e-14
1 2 -7.110320095e-01  1.213162272e+00
1 3  1.902500130e+00 -1.212127436e+00
1 4  1.351554096e-01  7.901810967e-01
1 5 -3.188633962e-01 -3.190317910e-01
1 6  3.211041461e-01 -2.212763303e-01
1 7  2.542976501e-01  1.070239720e-01
1 8 -7.790465113e-03  1.883074150e-01
1 9 -2.102829853e-01  1.098749563e-01
2 0  1.252133662e+00  4.969378208e-01
2 1 -7.110320095e-01 -1.213162272e+00
2 2 -1.413498964e+01  7.367453788e-16
2 3 -2.199895554e-01  2.237307589e+00
2 4  1.971425542e+00 -2.087098917e+00
2 5  9.765516790e-01  9.016997161e-01
2 6 -5.224538969e-01  2.122596368e-01
2 7 -2.740266056e-01 -3.214129263e-01
2 8  1.683145355e-01 -3.038050391e-01
2 9  4.662058161e-01 -7.113666343e-02
3 0 -1.732507400e-01 -3.961808070e-01
3 1  1.902500130e+00  1.212127436e+00
3 2 -2.199895554e-01 -2.237307589e+00
3 3 -1.746610951e+01  1.274777605e-14
3 4  8.095310826e-01  3.644018375e+00
3 5  1.339587260e+00 -2.896431830e+00
3 6  2.023426817e+00  1.666349971e-01
3 7  4.431968174e-01  7.861695216e-01
3 8 -3.424029274e-01  3.033045531e-01
3 9 -5.486798227e-01 -3.025389950e-01
4 0  2.638713520e-03  2.836770514e-01
4 1  1.351554096e-01 -7.901810967e-01
4 2  1.971425542e+00  2.087098917e+00
4 3  8.095310826e-01 -3.644018375e+00
4 4 -2.134206478e+01 -3.718084866e-14
4 5  2.870729207e+00  5.651563297e+00
4 6  1.544264317e-01 -3.113978520e+00
4 7  1.453194745e+00 -1.473154628e+00
4 8  1.329590767e+00 -1.132755884e-02
4 9  9.538730686e-01  8.895221709e-01
5 0  1.943099155e-01 -9.039576496e-02
5 1 -3.188633962e-01  3.190317910e-01
5 2  9.765516790e-01 -9.016997161e-01
5 3  1.339587260e+00  2.896431830e+00
5 4  2.870729207e+00 -5.651563297e+00
5 5 -2.601600405e+01  2.306559196e-14
5 6  6.206460608e+00  7.453743773e+00
5 7 -1.006954012e+00 -2.349948206e-01
5 8  1.694367857e-01 -2.037276401e+00
5 9  1.968772436e+00 -2.458638608e+00
6 0 -8.826507452e-02 -1.159999987e-01
6 1  3.211041461e-01  2.212763303e-01
6 2 -5.224538969e-01 -2.122596368e-01
6 3  2.023426817e+00 -1.666349971e-01
6 4  1.544264317e-01  3.113978520e+00
6 5  6.206460608e+00 -7.453743773e+00
6 6 -3.099035577e+01 -1.333799670e-13
6 7  9.832079672e+00  6.795503342e+00
6 8 -1.456445533e-01  1.428928598e+00
6 9 -1.395352529e+00 -2.085569327e+00
7 0 -1.127173619e-01  2.056777984e-02
7 1  2.542976501e-01 -1.070239720e-01
7 2 -2.740266056e-01  3.214129263e-01
7 3  4.431968174e-01 -7.861695216e-01
7 4  1.453194745e+00  1.473154628e+00
7 5 -1.006954012e+00  2.349948206e-01
7 6  9.832079672e+00 -6.795503342e+00
7 7 -4.154450841e+01 -5.694491647e-15
7 8  1.728250372e+01  7.155097447e+00
7 9  2.312904772e+00  3.497703405e+00
8 0 -8.801655798e-03  8.574896504e-02
8 1 -7.790465113e-03 -1.883074150e-01
8 2  1.683145355e-01  3.038050391e-01
8 3 -3.424029274e-01 -3.033045531e-01
8 4  1.329590767e+00  1.132755884e-02
8 5  1.694367857e-01  2.037276401e+00
8 6 -1.456445533e-01 -1.428928598e+00
8 7  1.728250372e+01 -7.155097447e+00
8 8 -5.647203848e+01  2.814686479e-13
8 9  2.812512573e+01  7.042232789e+00
9 0  9.446165198e-02  7.046474253e-02
9 1 -2.102829853e-01 -1.098749563e-01
9 2  4.662058161e-01  7.113666343e-02
9 3 -5.486798227e-01  3.025389950e-01
9 4  9.538730686e-01 -8.895221709e-01
9 5  1.968772436e+00  2.458638608e+00
9 6 -1.395352529e+00  2.085569327e+00
9 7  2.312904772e+00 -3.497703405e+00
9 8  2.812512573e+01 -7.042232789e+00
9 9 -5.096770014e+01 -2.543089860e-13
0  4.234732276e-02  3.281656900e-03 -1.316152835e-01 -3.545796741e-02
1  7.247873870e-02  6.225772801e-03  1.543275830e-01  7.788624593e-02
2  1.008201804e-01  7.548304634e-03 -1.327428845e-01 -1.339632569e-01
3  1.352208269e-01  1.085462795e-02  5.673878918e-02  1.881617450e-01
4  1.759340359e-01  1.243437060e-02  8.068481267e-02 -1.830126167e-01
5  2.149416019e-01  1.515991092e-02 -1.963005293e-01  3.222323867e-02
6  2.473720436e-01  1.722803117e-02  7.529268038e-02  1.788329733e-01
7  2.870547684e-01  1.878895454e-02  1.846512503e-01 -2.978308526e-02
8  2.903212260e-01  1.870715800e-02  8.043156914e-02 -1.562562547e-01
9  2.797628234e-01  1.673351730e-02 -1.824437894e-02 -1.633254963e-01
