 1.695500020e+00 -1.812602860e+00  8.555990708e-01  3.546423723e+00  9.336684048e-01  9.804160730e-01  6.842035600e+00 512 3 11
 0.000000000e+00  0.000000000e+00 -4.354052311e-05
 1.956947162e-03  2.937136185e-02  1.332990002e-01
 3.913894325e-03  4.153340457e-02  1.885452393e-01
 5.870841487e-03  5.086338383e-02  2.309662489e-01
 7.827788650e-03  5.872733963e-02  2.667420531e-01
 9.784735812e-03  6.565452327e-02  2.982660345e-01
 1.174168297e-02  7.191644108e-02  3.267643708e-01
 1.369863014e-02  7.767442981e-02  3.529645483e-01
 1.565557730e-02  8.303364522e-02  3.773398838e-01
 1.761252446e-02  8.806715612e-02  4.002186202e-01
 1.956947162e-02  9.282818514e-02  4.218393350e-01
 2.152641879e-02  9.735692870e-02  4.423817993e-01
 2.348336595e-02  1.016846300e-01  4.619854023e-01
 2.544031311e-02  1.058361476e-01  4.807570642e-01
 2.739726027e-02  1.098317052e-01  4.987735155e-01
 2.935420744e-02  1.136881150e-01  5.161387781e-01
 3.131115460e-02  1.174188917e-01  5.329331393e-01
 3.326810176e-02  1.210357115e-01  5.491924557e-01
 3.522504892e-02  1.245485588e-01  5.649612619e-01
 3.718199609e-02  1.279660563e-01  5.802791158e-01
 3.913894325e-02  1.312956944e-01  5.951805855e-01
 4.109589041e-02  1.345440429e-01  6.096954507e-01
 4.305283757e-02  1.377168946e-01  6.238493609e-01
 4.500978474e-02  1.408194009e-01  6.376631940e-01
 4.696673190e-02  1.438561730e-01  6.511571706e-01
 4.892367906e-02  1.468313387e-01  6.643501015e-01
 5.088062622e-02  1.497486229e-01  6.772573901e-01
 5.283757339e-02  1.526114018e-01  6.898928917e-01
 5.479452055e-02  1.554227465e-01  7.022721652e-01
 5.675146771e-02  1.581854384e-01  7.144100082e-01
 5.870841487e-02  1.609020213e-01  7.263174699e-01
 6.066536204e-02  1.635748320e-01  7.380042854e-01
 6.262230920e-02  1.662060234e-01  7.494806158e-01
 6.457925636e-02  1.687975758e-01  7.607514661e-01
 6.653620352e-02  1.713513520e-01  7.718199139e-01
 6.849315068e-02  1.738690824e-01  7.827001201e-01
 7.045009785e-02  1.763523306e-01  7.934067718e-01
 7.240704501e-02  1.788025483e-01  8.039392360e-01
 7.436399217e-02  1.812211372e-01  8.142952951e-01
 7.632093933e-02  1.836094110e-01  8.244868159e-01
 7.827788650e-02  1.859685617e-01  8.345248827e-01
 8.023483366e-02  1.882997125e-01  8.444096553e-01
 8.219178082e-02  1.906039402e-01  8.541428856e-01
 8.414872798e-02  1.928822533e-01  8.637306512e-01
 8.610567515e-02  1.951355983e-01  8.731772213e-01
 8.806262231e-02  1.973648715e-01  8.824853984e-01
 9.001956947e-02  1.995709226e-01  8.916614735e-01
 9.197651663e-02  2.017545405e-01  9.007097339e-01
 9.393346380e-02  2.039164835e-01  9.096269761e-01
 9.589041096e-02  2.060574908e-01  9.184168307e-01
 9.784735812e-02  2.081782425e-01  9.270871751e-01
 9.980430528e-02  2.102793842e-01  9.356405968e-01
 1.017612524e-01  2.123615322e-01  9.440773721e-01
 1.037181996e-01  2.144252821e-01  9.523982272e-01
 1.056751468e-01  2.164712014e-01  9.606062412e-01
 1.076320939e-01  2.184998292e-01  9.687037258e-01
 1.095890411e-01  2.205116827e-01  9.766936432e-01
 1.115459883e-01  2.225072512e-01  9.845797451e-01
 1.135029354e-01  2.244870014e-01  9.923624529e-01
 1.154598826e-01  2.264513878e-01  1.000039095e+00
 1.174168297e-01  2.284008564e-01  1.007612975e+00
 1.193737769e-01  2.303358192e-01  1.015091294e+00
 1.213307241e-01  2.322566665e-01  1.022473791e+00
 1.232876712e-01  2.341637853e-01  1.029757843e+00
 1.252446184e-01  2.360575513e-01  1.036945082e+00
 1.272015656e-01  2.379383219e-01  1.044038662e+00
 1.291585127e-01  2.398064388e-01  1.051040712e+00
 1.311154599e-01  2.416622310e-01  1.057952380e+00
 1.330724070e-01  2.435060163e-01  1.064774367e+00
 1.350293542e-01  2.453381023e-01  1.071507257e+00
 1.369863014e-01  2.471587872e-01  1.078149610e+00
 1.389432485e-01  2.489683662e-01  1.084704400e+00
 1.409001957e-01  2.507671112e-01  1.091176882e+00
 1.428571429e-01  2.525552845e-01  1.097565209e+00
 1.448140900e-01  2.543331496e-01  1.103866598e+00
 1.467710372e-01  2.561009641e-01  1.110083177e+00
 1.487279843e-01  2.578589709e-01  1.116218661e+00
 1.506849315e-01  2.596074031e-01  1.122273843e+00
 1.526418787e-01  2.613464892e-01  1.128247159e+00
 1.545988258e-01  2.630764554e-01  1.134140479e+00
 1.565557730e-01  2.647975136e-01  1.139955468e+00
 1.585127202e-01  2.665098742e-01  1.145688602e+00
 1.604696673e-01  2.682137496e-01  1.151343173e+00
 1.624266145e-01  2.699093307e-01  1.156924244e+00
 1.643835616e-01  2.715968054e-01  1.162428552e+00
 1.663405088e-01  2.732763656e-01  1.167854086e+00
 1.682974560e-01  2.749481966e-01  1.173202126e+00
 1.702544031e-01  2.766124782e-01  1.178477098e+00
 1.722113503e-01  2.782693753e-01  1.183680318e+00
 1.741682975e-01  2.799190565e-01  1.188806382e+00
 1.761252446e-01  2.815616946e-01  1.193857843e+00
 1.780821918e-01  2.831974442e-01  1.198839101e+00
 1.800391389e-01  2.848264593e-01  1.203746851e+00
 1.819960861e-01  2.864488972e-01  1.208581122e+00
 1.839530333e-01  2.880649057e-01  1.213344684e+00
 1.859099804e-01  2.896746286e-01  1.218038186e+00
 1.878669276e-01  2.912782064e-01  1.222661033e+00
 1.898238748e-01  2.928757791e-01  1.227211341e+00
 1.917808219e-01  2.944674866e-01  1.231692106e+00
 1.937377691e-01  2.960534562e-01  1.236106331e+00
 1.956947162e-01  2.976338153e-01  1.240449470e+00
 1.976516634e-01  2.992086979e-01  1.244722774e+00
 1.996086106e-01  3.007782239e-01  1.248930098e+00
 2.015655577e-01  3.023425131e-01  1.253068990e+00
 2.035225049e-01  3.039016874e-01  1.257139793e+00
 2.054794521e-01  3.054558618e-01  1.261143170e+00
 2.074363992e-01  3.070051525e-01  1.265079942e+00
 2.093933464e-01  3.085496687e-01  1.268951561e+00
 2.113502935e-01  3.100895194e-01  1.272755565e+00
 2.133072407e-01  3.116248165e-01  1.276494292e+00
 2.152641879e-01  3.131556599e-01  1.280170267e+00
 2.172211350e-01  3.146821521e-01  1.283778165e+00
 2.191780822e-01  3.162044027e-01  1.287319501e+00
 2.211350294e-01  3.177225076e-01  1.290799656e+00
 2.230919765e-01  3.192365606e-01  1.294218053e+00
 2.250489237e-01  3.207466562e-01  1.297571847e+00
 2.270058708e-01  3.222528923e-01  1.300858149e+00
 2.289628180e-01  3.237553674e-01  1.304080858e+00
 2.309197652e-01  3.252541679e-01  1.307246222e+00
 2.328767123e-01  3.267493754e-01  1.310349813e+00
 2.348336595e-01  3.282410841e-01  1.313388383e+00
 2.367906067e-01  3.297293809e-01  1.316365213e+00
 2.387475538e-01  3.312143502e-01  1.319280278e+00
 2.407045010e-01  3.326960770e-01  1.322134304e+00
 2.426614481e-01  3.341746420e-01  1.324929394e+00
 2.446183953e-01  3.356501234e-01  1.327665147e+00
 2.465753425e-01  3.371226010e-01  1.330341279e+00
 2.485322896e-01  3.385921519e-01  1.332954662e+00
 2.504892368e-01  3.400588612e-01  1.335506185e+00
 2.524461840e-01  3.415228020e-01  1.338002466e+00
 2.544031311e-01  3.429840433e-01  1.340443161e+00
 2.563600783e-01  3.444426578e-01  1.342824109e+00
 2.583170254e-01  3.458987217e-01  1.345144740e+00
 2.602739726e-01  3.473523075e-01  1.347407002e+00
 2.622309198e-01  3.488034859e-01  1.349611818e+00
 2.641878669e-01  3.502523261e-01  1.351761026e+00
 2.661448141e-01  3.516988935e-01  1.353855626e+00
 2.681017613e-01  3.531432539e-01  1.355895618e+00
 2.700587084e-01  3.545854717e-01  1.357876959e+00
 2.720156556e-01  3.560256199e-01  1.359797505e+00
 2.739726027e-01  3.574637665e-01  1.361664116e+00
 2.759295499e-01  3.588999689e-01  1.363482432e+00
 2.778864971e-01  3.603342822e-01  1.365248891e+00
 2.798434442e-01  3.617667704e-01  1.366956403e+00
 2.818003914e-01  3.631975024e-01  1.368604902e+00
 2.837573386e-01  3.646265417e-01  1.370200910e+00
 2.857142857e-01  3.660539426e-01  1.371748469e+00
 2.876712329e-01  3.674797592e-01  1.373246349e+00
 2.896281800e-01  3.689040478e-01  1.374691453e+00
 2.915851272e-01  3.703268682e-01  1.376081021e+00
 2.935420744e-01  3.717482817e-01  1.377415746e+00
 2.954990215e-01  3.731683459e-01  1.378699686e+00
 2.974559687e-01  3.745871131e-01  1.379937935e+00
 2.994129159e-01  3.760046299e-01  1.381130363e+00
 3.013698630e-01  3.774209482e-01  1.382269997e+00
 3.033268102e-01  3.788361285e-01  1.383353265e+00
 3.052837573e-01  3.802502294e-01  1.384386034e+00
 3.072407045e-01  3.816632990e-01  1.385375189e+00
 3.091976517e-01  3.830753813e-01  1.386320417e+00
 3.111545988e-01  3.844865245e-01  1.387217160e+00
 3.131115460e-01  3.858967817e-01  1.388061574e+00
 3.150684932e-01  3.873062085e-01  1.388856362e+00
 3.170254403e-01  3.887148521e-01  1.389605412e+00
 3.189823875e-01  3.901227598e-01  1.390309375e+00
 3.209393346e-01  3.915299771e-01  1.390971105e+00
 3.228962818e-01  3.929365455e-01  1.391588418e+00
 3.248532290e-01  3.943425147e-01  1.392155194e+00
 3.268101761e-01  3.957479380e-01  1.392672917e+00
 3.287671233e-01  3.971528620e-01  1.393147135e+00
 3.307240705e-01  3.985573287e-01  1.393582300e+00
 3.326810176e-01  3.999613753e-01  1.393978048e+00
 3.346379648e-01  4.013650447e-01  1.394326064e+00
 3.365949119e-01  4.027683905e-01  1.394625031e+00
 3.385518591e-01  4.041714581e-01  1.394881624e+00
 3.405088063e-01  4.055742877e-01  1.395098513e+00
 3.424657534e-01  4.069769190e-01  1.395276876e+00
 3.444227006e-01  4.083793900e-01  1.395415109e+00
 3.463796477e-01  4.097817434e-01  1.395508643e+00
 3.483365949e-01  4.111840264e-01  1.395557447e+00
 3.502935421e-01  4.125862817e-01  1.395564739e+00
 3.522504892e-01  4.139885500e-01  1.395534555e+00
 3.542074364e-01  4.153908660e-01  1.395470617e+00
 3.561643836e-01  4.167932628e-01  1.395367857e+00
 3.581213307e-01  4.181957854e-01  1.395219066e+00
 3.600782779e-01  4.195984814e-01  1.395027647e+00
 3.620352250e-01  4.210013888e-01  1.394800755e+00
 3.639921722e-01  4.224045412e-01  1.394541597e+00
 3.659491194e-01  4.238079702e-01  1.394247552e+00
 3.679060665e-01  4.252117144e-01  1.393911917e+00
 3.698630137e-01  4.266158194e-01  1.393534692e+00
 3.718199609e-01  4.280203237e-01  1.393121865e+00
 3.737769080e-01  4.294252610e-01  1.392675520e+00
 3.757338552e-01  4.308306658e-01  1.392196627e+00
 3.776908023e-01  4.322365697e-01  1.391683592e+00
 3.796477495e-01  4.336430109e-01  1.391132166e+00
 3.816046967e-01  4.350500297e-01  1.390542796e+00
 3.835616438e-01  4.364576634e-01  1.389919216e+00
 3.855185910e-01  4.378659449e-01  1.389265748e+00
 3.874755382e-01  4.392749032e-01  1.388582996e+00
 3.894324853e-01  4.406845700e-01  1.387865659e+00
 3.913894325e-01  4.420949851e-01  1.387110406e+00
 3.933463796e-01  4.435061875e-01  1.386321424e+00
 3.953033268e-01  4.449182085e-01  1.385504269e+00
 3.972602740e-01  4.463310759e-01  1.384659538e+00
 3.992172211e-01  4.477448203e-01  1.383782938e+00
 4.011741683e-01  4.491594784e-01  1.382872515e+00
 4.031311155e-01  4.505750850e-01  1.381930516e+00
 4.050880626e-01  4.519916724e-01  1.380959790e+00
 4.070450098e-01  4.534092698e-01  1.379961709e+00
 4.090019569e-01  4.548279072e-01  1.378934973e+00
 4.109589041e-01  4.562476165e-01  1.377879081e+00
 4.129158513e-01  4.576684289e-01  1.376794526e+00
 4.148727984e-01  4.590903759e-01  1.375680525e+00
 4.168297456e-01  4.605134904e-01  1.374539142e+00
 4.187866928e-01  4.619377998e-01  1.373373096e+00
 4.207436399e-01  4.633633320e-01  1.372180872e+00
 4.227005871e-01  4.647901176e-01  1.370961563e+00
 4.246575342e-01  4.662181866e-01  1.369714901e+00
 4.266144814e-01  4.676475706e-01  1.368442427e+00
 4.285714286e-01  4.690782967e-01  1.367147422e+00
 4.305283757e-01  4.705103899e-01  1.365828404e+00
 4.324853229e-01  4.719438808e-01  1.364483102e+00
 4.344422701e-01  4.733787994e-01  1.363113790e+00
 4.363992172e-01  4.748151718e-01  1.361721984e+00
 4.383561644e-01  4.762530252e-01  1.360308464e+00
 4.403131115e-01  4.776923843e-01  1.358872184e+00
 4.422700587e-01  4.791332788e-01  1.357411534e+00
 4.442270059e-01  4.805757373e-01  1.355929402e+00
 4.461839530e-01  4.820197836e-01  1.354428161e+00
 4.481409002e-01  4.834654415e-01  1.352906467e+00
 4.500978474e-01  4.849127381e-01  1.351363186e+00
 4.520547945e-01  4.863616998e-01  1.349798708e+00
 4.540117417e-01  4.878123534e-01  1.348214503e+00
 4.559686888e-01  4.892647223e-01  1.346612690e+00
 4.579256360e-01  4.907188291e-01  1.344992809e+00
 4.598825832e-01  4.921746986e-01  1.343354127e+00
 4.618395303e-01  4.936323552e-01  1.341696637e+00
 4.637964775e-01  4.950918240e-01  1.340021265e+00
 4.657534247e-01  4.965531278e-01  1.338328784e+00
 4.677103718e-01  4.980162904e-01  1.336620389e+00
 4.696673190e-01  4.994813321e-01  1.334897259e+00
 4.716242661e-01  5.009482745e-01  1.333157793e+00
 4.735812133e-01  5.024171419e-01  1.331401390e+00
 4.755381605e-01  5.038879573e-01  1.329629154e+00
 4.774951076e-01  5.053607430e-01  1.327843180e+00
 4.794520548e-01  5.068355177e-01  1.326045552e+00
 4.814090020e-01  5.083122992e-01  1.324234707e+00
 4.833659491e-01  5.097911101e-01  1.322408032e+00
 4.853228963e-01  5.112719742e-01  1.320567157e+00
 4.872798434e-01  5.127549110e-01  1.318714943e+00
 4.892367906e-01  5.142399380e-01  1.316852892e+00
 4.911937378e-01  5.157270716e-01  1.314980401e+00
 4.931506849e-01  5.172163309e-01  1.313094645e+00
 4.951076321e-01  5.187077390e-01  1.311196424e+00
 4.970645793e-01  5.202013135e-01  1.309289001e+00
 4.990215264e-01  5.216970702e-01  1.307373571e+00
 5.009784736e-01  5.231950244e-01  1.305449251e+00
 5.029354207e-01  5.246951941e-01  1.303514788e+00
 5.048923679e-01  5.261975977e-01  1.301570706e+00
 5.068493151e-01  5.277022522e-01  1.299618926e+00
 5.088062622e-01  5.292091718e-01  1.297660642e+00
 5.107632094e-01  5.307183711e-01  1.295695431e+00
 5.127201566e-01  5.322298654e-01  1.293722922e+00
 5.146771037e-01  5.337436702e-01  1.291743629e+00
 5.166340509e-01  5.352598001e-01  1.289758594e+00
 5.185909980e-01  5.367782683e-01  1.287768280e+00
 5.205479452e-01  5.382990884e-01  1.285773154e+00
 5.225048924e-01  5.398222727e-01  1.283773357e+00
 5.244618395e-01  5.413478346e-01  1.281769247e+00
 5.264187867e-01  5.428757857e-01  1.279761596e+00
 5.283757339e-01  5.444061379e-01  1.277750272e+00
 5.303326810e-01  5.459389032e-01  1.275736015e+00
 5.322896282e-01  5.474740917e-01  1.273719379e+00
 5.342465753e-01  5.490117144e-01  1.271700570e+00
 5.362035225e-01  5.505517810e-01  1.269680164e+00
 5.381604697e-01  5.520943012e-01  1.267658071e+00
 5.401174168e-01  5.536392850e-01  1.265634833e+00
 5.420743640e-01  5.551867409e-01  1.263611000e+00
 5.440313112e-01  5.567366776e-01  1.261586906e+00
 5.459882583e-01  5.582891029e-01  1.259562925e+00
 5.479452055e-01  5.598440248e-01  1.257539180e+00
 5.499021526e-01  5.614014508e-01  1.255516142e+00
 5.518590998e-01  5.629613877e-01  1.253494108e+00
 5.538160470e-01  5.645238424e-01  1.251473365e+00
 5.557729941e-01  5.660888209e-01  1.249454222e+00
 5.577299413e-01  5.676563296e-01  1.247437062e+00
 5.596868885e-01  5.692263736e-01  1.245422386e+00
 5.616438356e-01  5.707989578e-01  1.243410263e+00
 5.636007828e-01  5.723740872e-01  1.241400858e+00
 5.655577299e-01  5.739517665e-01  1.239394429e+00
 5.675146771e-01  5.755320000e-01  1.237391351e+00
 5.694716243e-01  5.771147912e-01  1.235392252e+00
 5.714285714e-01  5.787001430e-01  1.233397310e+00
 5.733855186e-01  5.802880586e-01  1.231406512e+00
 5.753424658e-01  5.818785406e-01  1.229419901e+00
 5.772994129e-01  5.834715921e-01  1.227437872e+00
 5.792563601e-01  5.850672147e-01  1.225461028e+00
 5.812133072e-01  5.866654100e-01  1.223489597e+00
 5.831702544e-01  5.882661789e-01  1.221523683e+00
 5.851272016e-01  5.898695225e-01  1.219563258e+00
 5.870841487e-01  5.914754420e-01  1.217608579e+00
 5.890410959e-01  5.930839376e-01  1.215660129e+00
 5.909980431e-01  5.946950091e-01  1.213718129e+00
 5.929549902e-01  5.963086561e-01  1.211782657e+00
 5.949119374e-01  5.979248782e-01  1.209853627e+00
 5.968688845e-01  5.995436750e-01  1.207931341e+00
 5.988258317e-01  6.011650452e-01  1.206016224e+00
 6.007827789e-01  6.027889872e-01  1.204108310e+00
 6.027397260e-01  6.044154996e-01  1.202207633e+00
 6.046966732e-01  6.060445806e-01  1.200313984e+00
 6.066536204e-01  6.076762291e-01  1.198427400e+00
 6.086105675e-01  6.093104431e-01  1.196548489e+00
 6.105675147e-01  6.109472199e-01  1.194677470e+00
 6.125244618e-01  6.125865567e-01  1.192814143e+00
 6.144814090e-01  6.142284512e-01  1.190958217e+00
 6.164383562e-01  6.158729013e-01  1.189109578e+00
 6.183953033e-01  6.175199048e-01  1.187268547e+00
 6.203522505e-01  6.191694588e-01  1.185435497e+00
 6.223091977e-01  6.208215598e-01  1.183610480e+00
 6.242661448e-01  6.224762046e-01  1.181793209e+00
 6.262230920e-01  6.241333904e-01  1.179983382e+00
 6.281800391e-01  6.257931147e-01  1.178181063e+00
 6.301369863e-01  6.274553746e-01  1.176386395e+00
 6.320939335e-01  6.291201669e-01  1.174599494e+00
 6.340508806e-01  6.307874881e-01  1.172820444e+00
 6.360078278e-01  6.324573348e-01  1.171048943e+00
 6.379647750e-01  6.341297043e-01  1.169284841e+00
 6.399217221e-01  6.358045935e-01  1.167528132e+00
 6.418786693e-01  6.374819993e-01  1.165778649e+00
 6.438356164e-01  6.391619192e-01  1.164036495e+00
 6.457925636e-01  6.408443498e-01  1.162301778e+00
 6.477495108e-01  6.425292880e-01  1.160574214e+00
 6.497064579e-01  6.442167310e-01  1.158853574e+00
 6.516634051e-01  6.459066764e-01  1.157139794e+00
 6.536203523e-01  6.475991215e-01  1.155432751e+00
 6.555772994e-01  6.492940640e-01  1.153732448e+00
 6.575342466e-01  6.509915012e-01  1.152038805e+00
 6.594911937e-01  6.526914309e-01  1.150351515e+00
 6.614481409e-01  6.543938512e-01  1.148670440e+00
 6.634050881e-01  6.560987603e-01  1.146995501e+00
 6.653620352e-01  6.578061562e-01  1.145326593e+00
 6.673189824e-01  6.595160375e-01  1.143663583e+00
 6.692759295e-01  6.612284025e-01  1.142006170e+00
 6.712328767e-01  6.629432505e-01  1.140354158e+00
 6.731898239e-01  6.646605805e-01  1.138707487e+00
 6.751467710e-01  6.663803917e-01  1.137065982e+00
 6.771037182e-01  6.681026836e-01  1.135429467e+00
 6.790606654e-01  6.698274560e-01  1.133797844e+00
 6.810176125e-01  6.715547085e-01  1.132170738e+00
 6.829745597e-01  6.732844420e-01  1.130547872e+00
 6.849315068e-01  6.750166569e-01  1.128929173e+00
 6.868884540e-01  6.767513542e-01  1.127314471e+00
 6.888454012e-01  6.784885349e-01  1.125703657e+00
 6.908023483e-01  6.802282002e-01  1.124096663e+00
 6.927592955e-01  6.819703514e-01  1.122493032e+00
 6.947162427e-01  6.837149910e-01  1.120892145e+00
 6.966731898e-01  6.854621221e-01  1.119293980e+00
 6.986301370e-01  6.872117473e-01  1.117698669e+00
 7.005870841e-01  6.889638694e-01  1.116106132e+00
 7.025440313e-01  6.907184911e-01  1.114516012e+00
 7.045009785e-01  6.924756164e-01  1.112927879e+00
 7.064579256e-01  6.942352494e-01  1.111341275e+00
 7.084148728e-01  6.959973954e-01  1.109756056e+00
 7.103718200e-01  6.977620590e-01  1.108172260e+00
 7.123287671e-01  6.995292455e-01  1.106589497e+00
 7.142857143e-01  7.012989607e-01  1.105007527e+00
 7.162426614e-01  7.030712108e-01  1.103426446e+00
 7.181996086e-01  7.048460013e-01  1.101846020e+00
 7.201565558e-01  7.066233390e-01  1.100265574e+00
 7.221135029e-01  7.084032319e-01  1.098684577e+00
 7.240704501e-01  7.101856884e-01  1.097102878e+00
 7.260273973e-01  7.119707172e-01  1.095520622e+00
 7.279843444e-01  7.137583263e-01  1.093937943e+00
 7.299412916e-01  7.155485238e-01  1.092354506e+00
 7.318982387e-01  7.173413192e-01  1.090769347e+00
 7.338551859e-01  7.191367237e-01  1.089182066e+00
 7.358121331e-01  7.209347482e-01  1.087592988e+00
 7.377690802e-01  7.227354031e-01  1.086002042e+00
 7.397260274e-01  7.245386996e-01  1.084408568e+00
 7.416829746e-01  7.263446503e-01  1.082812069e+00
 7.436399217e-01  7.281532683e-01  1.081212803e+00
 7.455968689e-01  7.299645655e-01  1.079610730e+00
 7.475538160e-01  7.317785552e-01  1.078005153e+00
 7.495107632e-01  7.335952519e-01  1.076395651e+00
 7.514677104e-01  7.354146705e-01  1.074781886e+00
 7.534246575e-01  7.372368268e-01  1.073163721e+00
 7.553816047e-01  7.390617363e-01  1.071541485e+00
 7.573385519e-01  7.408894141e-01  1.069915258e+00
 7.592954990e-01  7.427198755e-01  1.068284394e+00
 7.612524462e-01  7.445531378e-01  1.066647894e+00
 7.632093933e-01  7.463892203e-01  1.065005903e+00
 7.651663405e-01  7.482281400e-01  1.063359202e+00
 7.671232877e-01  7.500699136e-01  1.061707106e+00
 7.690802348e-01  7.519145607e-01  1.060048396e+00
 7.710371820e-01  7.537621027e-01  1.058382958e+00
 7.729941292e-01  7.556125598e-01  1.056711266e+00
 7.749510763e-01  7.574659519e-01  1.055033615e+00
 7.769080235e-01  7.593222987e-01  1.053348610e+00
 7.788649706e-01  7.611816253e-01  1.051654861e+00
 7.808219178e-01  7.630439564e-01  1.049952755e+00
 7.827788650e-01  7.649093163e-01  1.048242545e+00
 7.847358121e-01  7.667777293e-01  1.046523844e+00
 7.866927593e-01  7.686492212e-01  1.044796034e+00
 7.886497065e-01  7.705238190e-01  1.043058844e+00
 7.906066536e-01  7.724015500e-01  1.041313455e+00
 7.925636008e-01  7.742824374e-01  1.039561047e+00
 7.945205479e-01  7.761665044e-01  1.037802212e+00
 7.964774951e-01  7.780537725e-01  1.036039104e+00
 7.984344423e-01  7.799442576e-01  1.034274626e+00
 8.003913894e-01  7.818379706e-01  1.032511703e+00
 8.023483366e-01  7.837349168e-01  1.030754078e+00
 8.043052838e-01  7.856350936e-01  1.029006610e+00
 8.062622309e-01  7.875384880e-01  1.027277288e+00
 8.082191781e-01  7.894450676e-01  1.025570929e+00
 8.101761252e-01  7.913548010e-01  1.023888024e+00
 8.121330724e-01  7.932676531e-01  1.022231009e+00
 8.140900196e-01  7.951835827e-01  1.020606023e+00
 8.160469667e-01  7.971025307e-01  1.019022275e+00
 8.180039139e-01  7.990244202e-01  1.017485177e+00
 8.199608611e-01  8.009491702e-01  1.015992901e+00
 8.219178082e-01  8.028767093e-01  1.014544223e+00
 8.238747554e-01  8.048069598e-01  1.013143039e+00
 8.258317025e-01  8.067398341e-01  1.011795534e+00
 8.277886497e-01  8.086752292e-01  1.010498434e+00
 8.297455969e-01  8.106130686e-01  1.009243900e+00
 8.317025440e-01  8.125532781e-01  1.008027907e+00
 8.336594912e-01  8.144957955e-01  1.006865857e+00
 8.356164384e-01  8.164404859e-01  1.005775625e+00
 8.375733855e-01  8.183872166e-01  1.004756460e+00
 8.395303327e-01  8.203358539e-01  1.003805687e+00
 8.414872798e-01  8.222862740e-01  1.002923680e+00
 8.434442270e-01  8.242383400e-01  1.002133849e+00
 8.454011742e-01  8.261918355e-01  1.001446560e+00
 8.473581213e-01  8.281465816e-01  1.000849370e+00
 8.493150685e-01  8.301024089e-01  1.000328041e+00
 8.512720157e-01  8.320591929e-01  9.998701788e-01
 8.532289628e-01  8.340168117e-01  9.994727772e-01
 8.551859100e-01  8.359751521e-01  9.991284121e-01
 8.571428571e-01  8.379341205e-01  9.988290966e-01
 8.590998043e-01  8.398936348e-01  9.985629727e-01
 8.610567515e-01  8.418536475e-01  9.983214088e-01
 8.630136986e-01  8.438141101e-01  9.980940813e-01
 8.649706458e-01  8.457750157e-01  9.978731776e-01
 8.669275930e-01  8.477363464e-01  9.976525314e-01
 8.688845401e-01  8.496981195e-01  9.974261377e-01
 8.708414873e-01  8.516603406e-01  9.971877836e-01
 8.727984344e-01  8.536230517e-01  9.969311190e-01
 8.747553816e-01  8.555862833e-01  9.966395896e-01
 8.767123288e-01  8.575501428e-01  9.963012521e-01
 8.786692759e-01  8.595147082e-01  9.959060322e-01
 8.806262231e-01  8.614801268e-01  9.954460498e-01
 8.825831703e-01  8.634465082e-01  9.949208025e-01
 8.845401174e-01  8.654140026e-01  9.943390492e-01
 8.864970646e-01  8.673826857e-01  9.936732269e-01
 8.884540117e-01  8.693528180e-01  9.928969875e-01
 8.904109589e-01  8.713245807e-01  9.920125688e-01
 8.923679061e-01  8.732982278e-01  9.910054350e-01
 8.943248532e-01  8.752740006e-01  9.898823315e-01
 8.962818004e-01  8.772521292e-01  9.886350915e-01
 8.982387476e-01  8.792328908e-01  9.872894017e-01
 9.001956947e-01  8.812164158e-01  9.858044998e-01
 9.021526419e-01  8.832031501e-01  9.841311096e-01
 9.041095890e-01  8.851934271e-01  9.823051084e-01
 9.060665362e-01  8.871875554e-01  9.803320472e-01
 9.080234834e-01  8.891858528e-01  9.782476906e-01
 9.099804305e-01  8.911884884e-01  9.760341123e-01
 9.119373777e-01  8.931958614e-01  9.736374366e-01
 9.138943249e-01  8.952083699e-01  9.711072811e-01
 9.158512720e-01  8.972262174e-01  9.684302872e-01
 9.178082192e-01  8.992498693e-01  9.655691964e-01
 9.197651663e-01  9.012796944e-01  9.625962456e-01
 9.217221135e-01  9.033158663e-01  9.594927981e-01
 9.236790607e-01  9.053588455e-01  9.562162589e-01
 9.256360078e-01  9.074089972e-01  9.528592830e-01
 9.275929550e-01  9.094663971e-01  9.494174435e-01
 9.295499022e-01  9.115314423e-01  9.457723383e-01
 9.315068493e-01  9.136047349e-01  9.419380274e-01
 9.334637965e-01  9.156866285e-01  9.381062697e-01
 9.354207436e-01  9.177768911e-01  9.341351941e-01
 9.373776908e-01  9.198765290e-01  9.298687899e-01
 9.393346380e-01  9.219860196e-01  9.254589022e-01
 9.412915851e-01  9.241057172e-01  9.212245035e-01
 9.432485323e-01  9.262346378e-01  9.168399028e-01
 9.452054795e-01  9.283746712e-01  9.119362924e-01
 9.471624266e-01  9.305265538e-01  9.068252655e-01
 9.491193738e-01  9.326907821e-01  9.018620706e-01
 9.510763209e-01  9.348664062e-01  8.973938485e-01
 9.530332681e-01  9.370522307e-01  8.922989350e-01
 9.549902153e-01  9.392528094e-01  8.861158985e-01
 9.569471624e-01  9.414692548e-01  8.796309232e-01
 9.589041096e-01  9.437024082e-01  8.729617856e-01
 9.608610568e-01  9.459528540e-01  8.761238535e-01
 9.628180039e-01  9.481701834e-01  8.844082169e-01
 9.647749511e-01  9.503783308e-01  8.782935621e-01
 9.667318982e-01  9.526271750e-01  8.605452296e-01
 9.686888454e-01  9.549276595e-01  8.399753065e-01
 9.706457926e-01  9.572882604e-01  8.178387857e-01
 9.726027397e-01  9.597151498e-01  7.951693592e-01
 9.745596869e-01  9.622123573e-01  7.727767773e-01
 9.765166341e-01  9.647819319e-01  7.512671919e-01
 9.784735812e-01  9.674241029e-01  7.310746467e-01
 9.804305284e-01  9.701374409e-01  7.124954876e-01
 9.823874755e-01  9.729190172e-01  6.957207985e-01
 9.843444227e-01  9.757645632e-01  6.808645090e-01
 9.863013699e-01  9.786686270e-01  6.679864168e-01
 9.882583170e-01  9.816247297e-01  6.571103223e-01
 9.902152642e-01  9.846255185e-01  6.482379013e-01
 9.921722114e-01  9.876629174e-01  6.413590426e-01
 9.941291585e-01  9.907282759e-01  6.364594052e-01
 9.960861057e-01  9.938125132e-01  6.335258044e-01
 9.980430528e-01  9.969062608e-01  6.325499302e-01
 1.000000000e+00  1.000000000e+00  6.325516371e-01
4  4.165248532e-01  6.707845083e-01  1.014630936e+00  7.522743823e-01  9.595928281e-01  5.270700505e+01  4.418465529e-01  9.949822548e-01  3.557898501e-01  2.721235813e+00
5  5.454997013e-01  9.793571276e-01  1.008975878e+00  6.181591006e-01  9.342237484e-01  3.178957788e+01  3.884180557e-01  1.052662275e+00  5.297722486e-01  2.835191812e+00
6  6.467361864e-01  1.161247694e+00  1.005599065e+00  5.278366092e-01  9.148183357e-01  2.368782958e+01  3.590400151e-01  1.136462830e+00  6.526229162e-01  2.791758977e+00
7  7.330919955e-01  1.303967846e+00  1.003267789e+00  4.628924499e-01  9.052702188e-01  1.946787025e+01  3.399659258e-01  1.230862648e+00  7.489689480e-01  2.706166143e+00
8  8.072541365e-01  1.494903173e+00  1.001554947e+00  4.137804462e-01  9.142949633e-01  1.740306758e+01  3.272240958e-01  1.342908019e+00  8.263519813e-01  2.602988336e+00
9  8.663911465e-01  1.905309293e+00  1.000391057e+00  3.749310621e-01  9.564869784e-01  1.724552099e+01  3.195924364e-01  1.494384767e+00  8.855115841e-01  2.480381290e+00
10  9.096161200e-01  2.415696212e+00  9.996849377e-01  3.430626744e-01  1.050180495e+00  1.928018235e+01  3.161961922e-01  1.729988751e+00  9.277350854e-01  2.342062317e+00
11  9.488971978e-01  2.061901874e+00  9.995206991e-01  3.174628649e-01  1.201703299e+00  2.346390515e+01  3.165462363e-01  2.045085488e+00  9.634614198e-01  2.220728269e+00
12  9.774138005e-01  4.947499583e+00  9.998628363e-01  2.953604430e-01  1.417399707e+00  3.077381913e+01  3.202238284e-01  2.704440626e+00  9.854599753e-01  2.097561952e+00
13  9.888296501e-01  9.609251480e+00  9.999348765e-01  2.750655311e-01  1.664570222e+00  4.043228344e+01  3.241524426e-01  4.247579592e+00  9.929191951e-01  1.958966431e+00
14  9.944835438e-01  1.720114712e+01  9.999663648e-01  2.573995080e-01  1.821316903e+00  4.606733913e+01  3.283254336e-01  7.208848277e+00  9.965110787e-01  1.829498708e+00
0 0 -1.242156762e-01  1.351959965e-18
0 1  1.323508485e-02 -5.805598367e-03
0 2 -1.399861744e-02  6.868583622e-03
0 3  3.241987617e-03 -7.772844934e-03
0 4  7.474459087e-04  6.401289528e-03
0 5 -5.130737558e-03 -1.863733291e-03
0 6  2.167646013e-03 -3.604256710e-03
0 7  3.272817151e-03  1.347153096e-03
0 8  4.510079788e-04  3.175232443e-03
0 9 -1.212202414e-03  2.703817701e-03
0 10 -1.854794645e-03  2.030186324e-03
1 0 -1.065492316e-01 -4.673804904e-02
1 1 -9.586198198e-02  3.477424573e-17
1 2  8.956387078e-03 -8.340352342e-03
1 3 -1.245248129e-02  9.899881039e-03
1 4 -1.993329488e-03 -9.423301230e-03
1 5  5.185433744e-03  3.721631548e-03
1 6 -4.697392401e-03  4.262052884e-03
1 7 -4.612341218e-03 -2.676695179e-03
1 8 -2.212490710e-04 -4.384378825e-03
1 9  1.938993260e-03 -3.333098987e-03
1 10  2.681938064e-03 -2.262663290e-03
2 0  1.126960611e-01  5.529562637e-02
2 1 -9.343002193e-02 -8.700375446e-02
2 2 -7.671815351e-02  4.386045118e-17
2 3  4.351108728e-03 -1.018179441e-02
2 4 -7.624335455e-03  1.083410360e-02
2 5 -8.013819569e-03 -6.488411943e-03
2 6  4.573234431e-03 -3.404123665e-03
2 7  2.783200361e-03  4.296459241e-03
2 8 -2.202326981e-03  4.680956789e-03
2 9 -4.011751866e-03  2.842474306e-03
2 10 -4.325206250e-03  1.484414674e-03
3 0 -2.609966564e-02 -6.257539442e-02
3 1  1.299001025e-01  1.032722340e-01
3 2 -5.671550381e-02 -1.327168857e-01
3 3 -6.321872789e-02 -1.114293158e-17
3 4  5.960618716e-05 -1.166472708e-02
3 5 -2.150056153e-03  9.391584142e-03
3 6 -1.067751980e-02  2.474373743e-04
3 7 -3.377733033e-03 -6.199852736e-03
3 8  2.482771294e-03 -3.885974032e-03
3 9  3.662077939e-03 -1.114456024e-03
3 10  3.531790754e-03  4.697414597e-04
4 0 -6.017323508e-03  5.153366887e-02
4 1  2.079374374e-02 -9.830071354e-02
4 2  9.938111264e-02  1.412195563e-01
4 3 -9.428564786e-04 -1.845137901e-01
4 4 -5.322179646e-02  4.877079871e-17
4 5 -4.444796524e-03 -1.270483567e-02
4 6  2.092610880e-03  4.796678628e-03
4 7 -6.237666348e-03  6.172855328e-03
4 8 -8.258620938e-03  5.239199789e-04
4 9 -6.764975325e-03 -2.421077240e-03
4 10 -5.184173543e-03 -3.430724920e-03
5 0  4.130507286e-02 -1.500401034e-02
5 1 -5.409270325e-02  3.882281037e-02
5 2  1.044579308e-01 -8.457466253e-02
5 3  3.400979780e-02  1.485569934e-01
5 4  8.351459026e-02 -2.387148972e-01
5 5 -4.510026434e-02 -1.177732208e-17
5 6 -9.101570396e-03 -1.252808556e-02
5 7  2.471525548e-03 -2.277522588e-03
5 8  5.851165844e-04  4.356407501e-03
5 9 -2.138311633e-03  5.355451242e-03
5 10 -3.502579858e-03  5.046625503e-03
6 0 -1.745066387e-02 -2.901611792e-02
6 1  4.900161987e-02  4.446030424e-02
6 2 -5.961085117e-02 -4.437181435e-02
6 3  1.688980490e-01  3.913988505e-03
6 4 -3.931868181e-02  9.012620669e-02
6 5  2.018074734e-01 -2.777829741e-01
6 6 -3.795618932e-02  1.361459834e-17
6 7 -1.190643308e-02 -9.719797523e-03
6 8 -1.555354432e-03 -6.844203232e-03
6 9  1.156750906e-03 -3.352337619e-03
6 10  1.714132214e-03 -1.137834658e-03
7 0 -2.634785923e-02  1.084527442e-02
7 1  4.811439450e-02 -2.792238512e-02
7 2 -3.627825011e-02  5.600316280e-02
7 3  5.342931037e-02 -9.806987492e-02
7 4  1.172013491e-01  1.159835958e-01
7 5 -5.480068872e-02 -5.049909621e-02
7 6  3.136888422e-01 -2.560793825e-01
7 7 -3.259250267e-02  1.394649035e-16
7 8 -1.387090816e-02 -7.186931233e-03
7 9 -8.004069952e-03 -7.882621367e-03
7 10 -4.956441878e-03 -6.961276171e-03
8 0 -3.630845900e-03  2.556225220e-02
8 1  2.307996000e-03 -4.573636737e-02
8 2  2.870672559e-02  6.101498244e-02
8 3 -3.927271835e-02 -6.146871602e-02
8 4  1.551736598e-01  9.844086703e-03
8 5 -1.297368414e-02  9.659383519e-02
8 6  4.097762342e-02 -1.803185028e-01
8 7  4.255858563e-01 -2.205087258e-01
8 8 -2.686777676e-02  2.052410532e-17
8 9 -1.504744372e-02 -3.457708501e-03
8 10 -1.193725011e-02 -4.444030542e-03
9 0  9.758852112e-03  2.176712137e-02
9 1 -2.022692647e-02 -3.476976919e-02
9 2  5.229208059e-02  3.705086966e-02
9 3 -5.792710581e-02 -1.762857403e-02
9 4  1.271091127e-01 -4.549033292e-02
9 5  4.741239689e-02  1.187454513e-01
9 6 -3.047594941e-02 -8.832123770e-02
9 7  2.455800966e-01 -2.418538229e-01
9 8  5.600554098e-01 -1.286935102e-01
9 9 -1.980881749e-02  1.281628544e-16
9 10 -1.070431944e-02 -9.389562331e-04
10 0  1.493204965e-02  1.634404276e-02
10 1 -2.797707713e-02 -2.360334350e-02
10 2  5.637787215e-02  1.934893641e-02
10 3 -5.586621041e-02  7.430416199e-03
10 4  9.740696272e-02 -6.446090038e-02
10 5  7.766206936e-02  1.118979140e-01
10 6 -4.516080894e-02 -2.997757884e-02
10 7  1.520730681e-01 -2.135851991e-01
10 8  4.442961625e-01 -1.654037318e-01
10 9  5.403815470e-01 -4.740092304e-02
10 10 -1.637643991e-02 -5.387827917e-17
0 0 -8.394593206e+00 -3.671187574e-15
0 1 -8.255730446e-01  5.160674257e-01
0 2  1.235983909e+00 -4.965318729e-01
0 3 -1.699428999e-01  3.908405060e-01
0 4 -1.740507767e-03 -2.770573330e-01
0 5  1.873701585e-01  8.280740670e-02
0 6 -8.096293068e-02  1.162045795e-01
0 7 -1.027689261e-01 -3.022399416e-02
0 8 -2.263877455e-02 -7.861439713e-02
0 9  4.521180987e-02 -5.074498619e-02
0 10  8.946553737e-02 -1.790786014e-02
1 0 -8.255730446e-01 -5.160674257e-01
1 1 -1.113908248e+01 -8.478811215e-15
1 2 -7.234928620e-01  1.208847083e+00
1 3  1.870839803e+00 -1.208560624e+00
1 4  1.414598462e-01  7.783096251e-01
1 5 -3.144649992e-01 -3.014050773e-01
1 6  3.012432537e-01 -2.274415371e-01
1 7  2.357490062e-01  1.244297800e-01
1 8  2.327242832e-02  1.797809643e-01
1 9 -1.054980341e-01  8.876777400e-02
1 10 -1.939929626e-01  1.645104699e-03
2 0  1.235983909e+00  4.965318729e-01
2 1 -7.234928620e-01 -1.208847083e+00
2 2 -1.413187346e+01 -1.386962334e-14
2 3 -2.209223399e-01  2.235516074e+00
2 4  1.935625071e+00 -2.088705063e+00
2 5  9.745232569e-01  8.673567187e-01
2 6 -5.020835276e-01  2.404436581e-01
2 7 -2.339522076e-01 -3.580268528e-01
2 8  1.171396536e-01 -3.056207887e-01
2 9  2.636422092e-01 -8.745530040e-02
2 10  3.400476427e-01  9.818491709e-02
3 0 -1.699428999e-01 -3.908405060e-01
3 1  1.870839803e+00  1.208560624e+00
3 2 -2.209223399e-01 -2.235516074e+00
3 3 -1.747750142e+01 -1.643393965e-14
3 4  8.538458996e-01  3.663893214e+00
3 5  1.289788645e+00 -2.880835586e+00
3 6  2.007656029e+00  1.012546897e-01
3 7  3.949041754e-01  8.179062145e-01
3 8 -2.782279060e-01  3.579962682e-01
3 9 -3.391197265e-01 -9.901843278e-02
3 10 -3.251171508e-01 -4.492454117e-01
4 0 -1.740507767e-03  2.770573330e-01
4 1  1.414598462e-01 -7.783096251e-01
4 2  1.935625071e+00  2.088705063e+00
4 3  8.538458996e-01 -3.663893214e+00
4 4 -2.139900822e+01  1.778489174e-14
4 5  2.949755353e+00  5.593529898e+00
4 6  4.351237032e-02 -2.984353070e+00
4 7  1.720388259e+00 -1.525889141e+00
4 8  1.279694659e+00 -7.160529490e-02
4 9  6.693870734e-01  4.794826231e-01
4 10  2.450942999e-01  8.096245053e-01
5 0  1.873701585e-01 -8.280740670e-02
5 1 -3.144649992e-01  3.014050773e-01
5 2  9.745232569e-01 -8.673567187e-01
5 3  1.289788645e+00  2.880835586e+00
5 4  2.949755353e+00 -5.593529898e+00
5 5 -2.623082439e+01 -3.581547701e-14
5 6  6.414824716e+00  7.424407874e+00
5 7 -9.980394937e-01 -7.390807976e-01
5 8  8.164497263e-02 -1.739238012e+00
5 9  1.030800848e+00 -1.460883867e+00
5 10  1.890683626e+00 -1.318884783e+00
6 0 -8.096293068e-02 -1.162045795e-01
6 1  3.012432537e-01  2.274415371e-01
6 2 -5.020835276e-01 -2.404436581e-01
6 3  2.007656029e+00 -1.012546897e-01
6 4  4.351237032e-02  2.984353070e+00
6 5  6.414824716e+00 -7.424407874e+00
6 6 -3.169611671e+01 -1.198314922e-13
6 7  1.038810652e+01  7.479428637e+00
6 8 -4.466639974e-02  1.602483429e+00
6 9 -7.940479330e-01 -9.390599395e-01
6 10 -6.383220006e-01 -2.709452447e+00
7 0 -1.027689261e-01  3.022399416e-02
7 1  2.357490062e-01 -1.244297800e-01
7 2 -2.339522076e-01  3.580268528e-01
7 3  3.949041754e-01 -8.179062145e-01
7 4  1.720388259e+00  1.525889141e+00
7 5 -9.980394937e-01  7.390807976e-01
7 6  1.038810652e+01 -7.479428637e+00
7 7 -3.952336285e+01 -2.165926462e-13
7 8  1.453265759e+01  6.487006867e+00
7 9  2.324233232e+00  2.858837820e+00
7 10 -1.023858013e+00  5.600567076e-01
8 0 -2.263877455e-02  7.861439713e-02
8 1  2.327242832e-02 -1.797809643e-01
8 2  1.171396536e-01  3.056207887e-01
8 3 -2.782279060e-01 -3.579962682e-01
8 4  1.279694659e+00  7.160529490e-02
8 5  8.164497263e-02  1.739238012e+00
8 6 -4.466639974e-02 -1.602483429e+00
8 7  1.453265759e+01 -6.487006867e+00
8 8 -5.551629779e+01 -3.203091986e-13
8 9  2.319694149e+01  4.637287924e+00
8 10  9.022275033e+00  4.232482195e+00
9 0  4.521180987e-02  5.074498619e-02
9 1 -1.054980341e-01 -8.876777400e-02
9 2  2.636422092e-01  8.745530040e-02
9 3 -3.391197265e-01  9.901843278e-02
9 4  6.693870734e-01 -4.794826231e-01
9 5  1.030800848e+00  1.460883867e+00
9 6 -7.940479330e-01  9.390599395e-01
9 7  2.324233232e+00 -2.858837820e+00
9 8  2.319694149e+01 -4.637287924e+00
9 9 -6.845100836e+01 -1.092400584e-13
9 10  3.299749823e+01  2.894458338e+00
10 0  8.946553737e-02  1.790786014e-02
10 1 -1.939929626e-01 -1.645104698e-03
10 2  3.400476427e-01 -9.818491709e-02
10 3 -3.251171508e-01  4.492454117e-01
10 4  2.450942999e-01 -8.096245053e-01
10 5  1.890683626e+00  1.318884783e+00
10 6 -6.383220006e-01  2.709452447e+00
10 7 -1.023858013e+00 -5.600567076e-01
10 8  9.022275033e+00 -4.232482195e+00
10 9  3.299749823e+01 -2.894458338e+00
10 10 -6.106333278e+01  2.008975888e-13
0  4.126127878e-02  2.167496469e-03 -1.296589202e-01 -3.232159409e-02
1  7.074131585e-02  4.472600424e-03  1.537012881e-01  7.395559011e-02
2  9.887953831e-02  4.865767000e-03 -1.341048501e-01 -1.305595551e-01
3  1.339729839e-01  7.508568226e-03  5.945188769e-02  1.867246143e-01
4  1.746016856e-01  7.728725808e-03  7.909677014e-02 -1.834612083e-01
5  2.135570158e-01  9.492523578e-03 -1.964494441e-01  3.126072354e-02
6  2.459207142e-01  1.077453993e-02  7.091673846e-02  1.805246673e-01
7  2.778662220e-01  1.092754393e-02  1.841572645e-01 -3.273738206e-02
8  2.913081987e-01  1.044424204e-02  6.428072663e-02 -1.642598666e-01
9  2.827204454e-01  1.215509471e-02 -3.165993497e-02 -1.620886939e-01
10  2.725713352e-01  2.249954342e-02 -7.667650141e-02 -1.343472180e-01
