 1.695500020e+00 -1.812505660e+00  8.629555718e-01  3.471421794e+00  9.323683220e-01  9.365788170e-01  6.946279340e+00 512 3 11
 0.000000000e+00  0.000000000e+00  7.592194325e-05
 1.956947162e-03  2.889373573e-02  1.353823089e-01
 3.913894325e-03  4.086862521e-02  1.913969751e-01
 5.870841487e-03  5.006161314e-02  2.343134805e-01
 7.827788650e-03  5.781509560e-02  2.704499964e-01
 9.784735812e-03  6.464890360e-02  3.022527746e-01
 1.174168297e-02  7.082956530e-02  3.309774869e-01
 1.369863014e-02  7.651536452e-02  3.573708167e-01
 1.565557730e-02  8.180939990e-02  3.819198141e-01
 1.761252446e-02  8.678326041e-02  4.049631942e-01
 1.956947162e-02  9.148905136e-02  4.267478916e-01
 2.152641879e-02  9.596609366e-02  4.474605763e-01
 2.348336595e-02  1.002449240e-01  4.672464804e-01
 2.544031311e-02  1.043498169e-01  4.862269927e-01
 2.739726027e-02  1.083003578e-01  5.045157926e-01
 2.935420744e-02  1.121124761e-01  5.221433510e-01
 3.131115460e-02  1.158002999e-01  5.391453238e-01
 3.326810176e-02  1.193754155e-01  5.556013388e-01
 3.522504892e-02  1.228477277e-01  5.715584024e-01
 3.718199609e-02  1.262257689e-01  5.870540505e-01
 3.913894325e-02  1.295169959e-01  6.021204552e-01
 4.109589041e-02  1.327279363e-01  6.167880638e-01
 4.305283757e-02  1.358643522e-01  6.310837285e-01
 4.500978474e-02  1.389313518e-01  6.450326791e-01
 4.696673190e-02  1.419334844e-01  6.586568850e-01
 4.892367906e-02  1.448748305e-01  6.719740318e-01
 5.088062622e-02  1.477590762e-01  6.849985951e-01
 5.283757339e-02  1.505895678e-01  6.977447449e-01
 5.479452055e-02  1.533693429e-01  7.102276147e-01
 5.675146771e-02  1.561011628e-01  7.224608895e-01
 5.870841487e-02  1.587875527e-01  7.344558925e-01
 6.066536204e-02  1.614308314e-01  7.462224803e-01
 6.262230920e-02  1.640331357e-01  7.577699146e-01
 6.457925636e-02  1.665964371e-01  7.691079241e-01
 6.653620352e-02  1.691225543e-01  7.802461287e-01
 6.849315068e-02  1.716131699e-01  7.911892911e-01
 7.045009785e-02  1.740698688e-01  8.019405864e-01
 7.240704501e-02  1.764941301e-01  8.125107522e-01
 7.436399217e-02  1.788873069e-01  8.229109998e-01
 7.632093933e-02  1.812506615e-01  8.331428763e-01
 7.827788650e-02  1.835854023e-01  8.432078354e-01
 8.023483366e-02  1.858926591e-01  8.531115463e-01
 8.219178082e-02  1.881734939e-01  8.628596983e-01
 8.414872798e-02  1.904289010e-01  8.724607209e-01
 8.610567515e-02  1.926598023e-01  8.819182187e-01
 8.806262231e-02  1.948670858e-01  8.912310796e-01
 9.001956947e-02  1.970515980e-01  9.004027641e-01
 9.197651663e-02  1.992141341e-01  9.094384774e-01
 9.393346380e-02  2.013554457e-01  9.183428389e-01
 9.589041096e-02  2.034762414e-01  9.271208819e-01
 9.784735812e-02  2.055771900e-01  9.357747038e-01
 9.980430528e-02  2.076589355e-01  9.442989283e-01
 1.017612524e-01  2.097221183e-01  9.526977068e-01
 1.037181996e-01  2.117673157e-01  9.609820030e-01
 1.056751468e-01  2.137950747e-01  9.691550841e-01
 1.076320939e-01  2.158059177e-01  9.772130021e-01
 1.095890411e-01  2.178003688e-01  9.851541822e-01
 1.115459883e-01  2.197789198e-01  9.929846287e-01
 1.135029354e-01  2.217420354e-01  1.000707880e+00
 1.154598826e-01  2.236901605e-01  1.008326162e+00
 1.174168297e-01  2.256237204e-01  1.015841683e+00
 1.193737769e-01  2.275431230e-01  1.023254260e+00
 1.213307241e-01  2.294487674e-01  1.030560038e+00
 1.232876712e-01  2.313410495e-01  1.037763797e+00
 1.252446184e-01  2.332203264e-01  1.044875274e+00
 1.272015656e-01  2.350869357e-01  1.051892777e+00
 1.291585127e-01  2.369412191e-01  1.058810201e+00
 1.311154599e-01  2.387835157e-01  1.065628547e+00
 1.330724070e-01  2.406141438e-01  1.072355383e+00
 1.350293542e-01  2.424333974e-01  1.078993565e+00
 1.369863014e-01  2.442415680e-01  1.085540220e+00
 1.389432485e-01  2.460389428e-01  1.091996631e+00
 1.409001957e-01  2.478257932e-01  1.098363697e+00
 1.428571429e-01  2.496023883e-01  1.104639751e+00
 1.448140900e-01  2.513689905e-01  1.110828850e+00
 1.467710372e-01  2.531258422e-01  1.116936759e+00
 1.487279843e-01  2.548731746e-01  1.122961514e+00
 1.506849315e-01  2.566112242e-01  1.128897578e+00
 1.526418787e-01  2.583402275e-01  1.134745924e+00
 1.545988258e-01  2.600604065e-01  1.140514284e+00
 1.565557730e-01  2.617719633e-01  1.146206268e+00
 1.585127202e-01  2.634750990e-01  1.151815713e+00
 1.604696673e-01  2.651700243e-01  1.157342252e+00
 1.624266145e-01  2.668569321e-01  1.162789362e+00
 1.643835616e-01  2.685360137e-01  1.168156102e+00
 1.663405088e-01  2.702074561e-01  1.173445865e+00
 1.682974560e-01  2.718714326e-01  1.178660642e+00
 1.702544031e-01  2.735281168e-01  1.183799457e+00
 1.722113503e-01  2.751776773e-01  1.188859050e+00
 1.741682975e-01  2.768202894e-01  1.193839475e+00
 1.761252446e-01  2.784561146e-01  1.198747706e+00
 1.780821918e-01  2.800853022e-01  1.203585461e+00
 1.800391389e-01  2.817080029e-01  1.208347696e+00
 1.819960861e-01  2.833243734e-01  1.213034400e+00
 1.839530333e-01  2.849345586e-01  1.217648253e+00
 1.859099804e-01  2.865387023e-01  1.222189218e+00
 1.878669276e-01  2.881369440e-01  1.226659395e+00
 1.898238748e-01  2.897294168e-01  1.231059589e+00
 1.917808219e-01  2.913162531e-01  1.235391114e+00
 1.937377691e-01  2.928975779e-01  1.239649662e+00
 1.956947162e-01  2.944735298e-01  1.243833524e+00
 1.976516634e-01  2.960442338e-01  1.247951504e+00
 1.996086106e-01  2.976098018e-01  1.252005400e+00
 2.015655577e-01  2.991703501e-01  1.255989248e+00
 2.035225049e-01  3.007260018e-01  1.259901681e+00
 2.054794521e-01  3.022768726e-01  1.263745833e+00
 2.074363992e-01  3.038230740e-01  1.267525396e+00
 2.093933464e-01  3.053647093e-01  1.271240129e+00
 2.113502935e-01  3.069018871e-01  1.274886332e+00
 2.133072407e-01  3.084347163e-01  1.278467258e+00
 2.152641879e-01  3.099632947e-01  1.281983469e+00
 2.172211350e-01  3.114877266e-01  1.285432216e+00
 2.191780822e-01  3.130081135e-01  1.288817458e+00
 2.211350294e-01  3.145245474e-01  1.292141051e+00
 2.230919765e-01  3.160371226e-01  1.295400044e+00
 2.250489237e-01  3.175459356e-01  1.298594526e+00
 2.270058708e-01  3.190510779e-01  1.301725419e+00
 2.289628180e-01  3.205526415e-01  1.304794812e+00
 2.309197652e-01  3.220507105e-01  1.307803398e+00
 2.328767123e-01  3.235453730e-01  1.310747978e+00
 2.348336595e-01  3.250367185e-01  1.313631961e+00
 2.367906067e-01  3.265248251e-01  1.316457416e+00
 2.387475538e-01  3.280097756e-01  1.319219681e+00
 2.407045010e-01  3.294916568e-01  1.321920585e+00
 2.426614481e-01  3.309705453e-01  1.324563589e+00
 2.446183953e-01  3.324465183e-01  1.327148676e+00
 2.465753425e-01  3.339196509e-01  1.329674597e+00
 2.485322896e-01  3.353900213e-01  1.332138753e+00
 2.504892368e-01  3.368577088e-01  1.334544930e+00
 2.524461840e-01  3.383227817e-01  1.336897133e+00
 2.544031311e-01  3.397853090e-01  1.339190351e+00
 2.563600783e-01  3.412453684e-01  1.341424185e+00
 2.583170254e-01  3.427030286e-01  1.343603017e+00
 2.602739726e-01  3.441583563e-01  1.345726222e+00
 2.622309198e-01  3.456114203e-01  1.347793623e+00
 2.641878669e-01  3.470622867e-01  1.349804527e+00
 2.661448141e-01  3.485110243e-01  1.351759546e+00
 2.681017613e-01  3.499576968e-01  1.353661771e+00
 2.700587084e-01  3.514023655e-01  1.355508982e+00
 2.720156556e-01  3.528450977e-01  1.357301757e+00
 2.739726027e-01  3.542859525e-01  1.359043102e+00
 2.759295499e-01  3.557249898e-01  1.360729544e+00
 2.778864971e-01  3.571622751e-01  1.362361084e+00
 2.798434442e-01  3.585978677e-01  1.363942428e+00
 2.818003914e-01  3.600318221e-01  1.365474338e+00
 2.837573386e-01  3.614641952e-01  1.366954966e+00
 2.857142857e-01  3.628950448e-01  1.368380903e+00
 2.876712329e-01  3.643244342e-01  1.369753578e+00
 2.896281800e-01  3.657524174e-01  1.371080005e+00
 2.915851272e-01  3.671790423e-01  1.372359712e+00
 2.935420744e-01  3.686043635e-01  1.373587707e+00
 2.954990215e-01  3.700284387e-01  1.374764705e+00
 2.974559687e-01  3.714513203e-01  1.375892836e+00
 2.994129159e-01  3.728730611e-01  1.376972894e+00
 3.013698630e-01  3.742937113e-01  1.378007116e+00
 3.033268102e-01  3.757133188e-01  1.378994706e+00
 3.052837573e-01  3.771319349e-01  1.379935296e+00
 3.072407045e-01  3.785496077e-01  1.380827568e+00
 3.091976517e-01  3.799663910e-01  1.381670693e+00
 3.111545988e-01  3.813823341e-01  1.382470243e+00
 3.131115460e-01  3.827974790e-01  1.383228610e+00
 3.150684932e-01  3.842118699e-01  1.383941590e+00
 3.170254403e-01  3.856255571e-01  1.384606725e+00
 3.189823875e-01  3.870385894e-01  1.385225612e+00
 3.209393346e-01  3.884510135e-01  1.385802281e+00
 3.228962818e-01  3.898628701e-01  1.386338441e+00
 3.248532290e-01  3.912742019e-01  1.386831396e+00
 3.268101761e-01  3.926850549e-01  1.387280902e+00
 3.287671233e-01  3.940954723e-01  1.387687473e+00
 3.307240705e-01  3.955054987e-01  1.388050651e+00
 3.326810176e-01  3.969151781e-01  1.388372018e+00
 3.346379648e-01  3.983245518e-01  1.388654822e+00
 3.365949119e-01  3.997336570e-01  1.388899720e+00
 3.385518591e-01  4.011425337e-01  1.389102644e+00
 3.405088063e-01  4.025512274e-01  1.389261417e+00
 3.424657534e-01  4.039597820e-01  1.389379591e+00
 3.444227006e-01  4.053682360e-01  1.389461908e+00
 3.463796477e-01  4.067766238e-01  1.389508748e+00
 3.483365949e-01  4.081849828e-01  1.389516182e+00
 3.502935421e-01  4.095933555e-01  1.389482156e+00
 3.522504892e-01  4.110017835e-01  1.389409076e+00
 3.542074364e-01  4.124103044e-01  1.389299421e+00
 3.561643836e-01  4.138189547e-01  1.389154720e+00
 3.581213307e-01  4.152277691e-01  1.388975800e+00
 3.600782779e-01  4.166367824e-01  1.388760246e+00
 3.620352250e-01  4.180460340e-01  1.388505481e+00
 3.639921722e-01  4.194555645e-01  1.388212486e+00
 3.659491194e-01  4.208654111e-01  1.387885742e+00
 3.679060665e-01  4.222756053e-01  1.387529423e+00
 3.698630137e-01  4.236861761e-01  1.387140661e+00
 3.718199609e-01  4.250971609e-01  1.386712937e+00
 3.737769080e-01  4.265086020e-01  1.386247286e+00
 3.757338552e-01  4.279205349e-01  1.385749792e+00
 3.776908023e-01  4.293329897e-01  1.385223572e+00
 3.796477495e-01  4.307459955e-01  1.384667432e+00
 3.816046967e-01  4.321595851e-01  1.384076800e+00
 3.835616438e-01  4.335737972e-01  1.383450364e+00
 3.855185910e-01  4.349886673e-01  1.382791810e+00
 3.874755382e-01  4.364042267e-01  1.382103514e+00
 3.894324853e-01  4.378205064e-01  1.381387543e+00
 3.913894325e-01  4.392375336e-01  1.380643528e+00
 3.933463796e-01  4.406553402e-01  1.379866667e+00
 3.953033268e-01  4.420739634e-01  1.379055817e+00
 3.972602740e-01  4.434934378e-01  1.378215087e+00
 3.992172211e-01  4.449137924e-01  1.377348914e+00
 4.011741683e-01  4.463350527e-01  1.376459239e+00
 4.031311155e-01  4.477572439e-01  1.375539819e+00
 4.050880626e-01  4.491804049e-01  1.374586383e+00
 4.070450098e-01  4.506045698e-01  1.373604259e+00
 4.090019569e-01  4.520297666e-01  1.372598045e+00
 4.109589041e-01  4.534560203e-01  1.371569006e+00
 4.129158513e-01  4.548833564e-01  1.370514130e+00
 4.148727984e-01  4.563118066e-01  1.369429379e+00
 4.168297456e-01  4.577414049e-01  1.368316561e+00
 4.187866928e-01  4.591721795e-01  1.367179492e+00
 4.207436399e-01  4.606041569e-01  1.366019298e+00
 4.227005871e-01  4.620373629e-01  1.364836875e+00
 4.246575342e-01  4.634718225e-01  1.363630054e+00
 4.266144814e-01  4.649075665e-01  1.362396403e+00
 4.285714286e-01  4.663446251e-01  1.361137312e+00
 4.305283757e-01  4.677830266e-01  1.359855958e+00
 4.324853229e-01  4.692227947e-01  1.358555191e+00
 4.344422701e-01  4.706639520e-01  1.357234181e+00
 4.363992172e-01  4.721065242e-01  1.355888276e+00
 4.383561644e-01  4.735505440e-01  1.354517005e+00
 4.403131115e-01  4.749960386e-01  1.353125015e+00
 4.422700587e-01  4.764430309e-01  1.351715353e+00
 4.442270059e-01  4.778915421e-01  1.350286979e+00
 4.461839530e-01  4.793415974e-01  1.348836815e+00
 4.481409002e-01  4.807932249e-01  1.347364261e+00
 4.500978474e-01  4.822464516e-01  1.345871800e+00
 4.520547945e-01  4.837013003e-01  1.344362312e+00
 4.540117417e-01  4.851577923e-01  1.342835168e+00
 4.559686888e-01  4.866159521e-01  1.341289021e+00
 4.579256360e-01  4.880758040e-01  1.339724341e+00
 4.598825832e-01  4.895373718e-01  1.338141642e+00
 4.618395303e-01  4.910006790e-01  1.336541300e+00
 4.637964775e-01  4.924657490e-01  1.334924569e+00
 4.657534247e-01  4.939326029e-01  1.333291740e+00
 4.677103718e-01  4.954012636e-01  1.331643273e+00
 4.696673190e-01  4.968717514e-01  1.329978833e+00
 4.716242661e-01  4.983440904e-01  1.328297406e+00
 4.735812133e-01  4.998183035e-01  1.326601238e+00
 4.755381605e-01  5.012944100e-01  1.324891188e+00
 4.774951076e-01  5.027724311e-01  1.323167048e+00
 4.794520548e-01  5.042523869e-01  1.321428998e+00
 4.814090020e-01  5.057342987e-01  1.319676477e+00
 4.833659491e-01  5.072181879e-01  1.317910765e+00
 4.853228963e-01  5.087040733e-01  1.316133037e+00
 4.872798434e-01  5.101919739e-01  1.314342122e+00
 4.892367906e-01  5.116819113e-01  1.312538584e+00
 4.911937378e-01  5.131739038e-01  1.310724052e+00
 4.931506849e-01  5.146679694e-01  1.308898648e+00
 4.951076321e-01  5.161641262e-01  1.307062243e+00
 4.970645793e-01  5.176623931e-01  1.305213768e+00
 4.990215264e-01  5.191627908e-01  1.303354224e+00
 5.009784736e-01  5.206653360e-01  1.301486258e+00
 5.029354207e-01  5.221700437e-01  1.299610096e+00
 5.048923679e-01  5.236769304e-01  1.297724277e+00
 5.068493151e-01  5.251860145e-01  1.295827711e+00
 5.088062622e-01  5.266973153e-01  1.293921893e+00
 5.107632094e-01  5.282108482e-01  1.292009249e+00
 5.127201566e-01  5.297266269e-01  1.290090574e+00
 5.146771037e-01  5.312446652e-01  1.288164454e+00
 5.166340509e-01  5.327649802e-01  1.286229456e+00
 5.185909980e-01  5.342875894e-01  1.284286879e+00
 5.205479452e-01  5.358125071e-01  1.282338839e+00
 5.225048924e-01  5.373397460e-01  1.280386200e+00
 5.244618395e-01  5.388693184e-01  1.278428283e+00
 5.264187867e-01  5.404012387e-01  1.276464059e+00
 5.283757339e-01  5.419355222e-01  1.274494155e+00
 5.303326810e-01  5.434721818e-01  1.272520217e+00
 5.322896282e-01  5.450112289e-01  1.270542625e+00
 5.342465753e-01  5.465526759e-01  1.268561591e+00
 5.362035225e-01  5.480965337e-01  1.266576916e+00
 5.381604697e-01  5.496428152e-01  1.264588570e+00
 5.401174168e-01  5.511915318e-01  1.262597724e+00
 5.420743640e-01  5.527426935e-01  1.260604520e+00
 5.440313112e-01  5.542963114e-01  1.258609480e+00
 5.459882583e-01  5.558523945e-01  1.256613035e+00
 5.479452055e-01  5.574109530e-01  1.254615050e+00
 5.499021526e-01  5.589719963e-01  1.252616046e+00
 5.518590998e-01  5.605355332e-01  1.250616375e+00
 5.538160470e-01  5.621015725e-01  1.248616586e+00
 5.557729941e-01  5.636701218e-01  1.246617104e+00
 5.577299413e-01  5.652411888e-01  1.244618109e+00
 5.596868885e-01  5.668147807e-01  1.242619774e+00
 5.616438356e-01  5.683909048e-01  1.240622347e+00
 5.636007828e-01  5.699695678e-01  1.238626659e+00
 5.655577299e-01  5.715507750e-01  1.236633070e+00
 5.675146771e-01  5.731345320e-01  1.234641680e+00
 5.694716243e-01  5.747208440e-01  1.232652719e+00
 5.714285714e-01  5.763097162e-01  1.230666373e+00
 5.733855186e-01  5.779011531e-01  1.228683358e+00
 5.753424658e-01  5.794951581e-01  1.226704192e+00
 5.772994129e-01  5.810917344e-01  1.224729072e+00
 5.792563601e-01  5.826908848e-01  1.222758044e+00
 5.812133072e-01  5.842926124e-01  1.220791270e+00
 5.831702544e-01  5.858969197e-01  1.218829452e+00
 5.851272016e-01  5.875038077e-01  1.216873091e+00
 5.870841487e-01  5.891132775e-01  1.214922418e+00
 5.890410959e-01  5.907253298e-01  1.212977500e+00
 5.909980431e-01  5.923399651e-01  1.211038403e+00
 5.929549902e-01  5.939571838e-01  1.209105684e+00
 5.949119374e-01  5.955769851e-01  1.207179994e+00
 5.968688845e-01  5.971993675e-01  1.205261624e+00
 5.988258317e-01  5.988243292e-01  1.203350374e+00
 6.007827789e-01  6.004518693e-01  1.201446246e+00
 6.027397260e-01  6.020819858e-01  1.199549781e+00
 6.046966732e-01  6.037146761e-01  1.197661670e+00
 6.066536204e-01  6.053499363e-01  1.195782273e+00
 6.086105675e-01  6.069877628e-01  1.193911311e+00
 6.105675147e-01  6.086281523e-01  1.192048604e+00
 6.125244618e-01  6.102711013e-01  1.190194480e+00
 6.144814090e-01  6.119166057e-01  1.188349439e+00
 6.164383562e-01  6.135646604e-01  1.186513936e+00
 6.183953033e-01  6.152152597e-01  1.184687945e+00
 6.203522505e-01  6.168683987e-01  1.182871012e+00
 6.223091977e-01  6.185240727e-01  1.181063197e+00
 6.242661448e-01  6.201822763e-01  1.179264883e+00
 6.262230920e-01  6.218430037e-01  1.177476071e+00
 6.281800391e-01  6.235062494e-01  1.175696837e+00
 6.301369863e-01  6.251720071e-01  1.173927027e+00
 6.320939335e-01  6.268402716e-01  1.172166445e+00
 6.340508806e-01  6.285110370e-01  1.170415241e+00
 6.360078278e-01  6.301842973e-01  1.168673187e+00
 6.379647750e-01  6.318600473e-01  1.166940001e+00
 6.399217221e-01  6.335382818e-01  1.165215584e+00
 6.418786693e-01  6.352189954e-01  1.163499967e+00
 6.438356164e-01  6.369021827e-01  1.161793088e+00
 6.457925636e-01  6.385878384e-01  1.160094596e+00
 6.477495108e-01  6.402759580e-01  1.158404109e+00
 6.497064579e-01  6.419665371e-01  1.156721336e+00
 6.516634051e-01  6.436595719e-01  1.155046094e+00
 6.536203523e-01  6.453550585e-01  1.153378231e+00
 6.555772994e-01  6.470529933e-01  1.151717491e+00
 6.575342466e-01  6.487533731e-01  1.150063545e+00
 6.594911937e-01  6.504561952e-01  1.148416114e+00
 6.614481409e-01  6.521614569e-01  1.146774904e+00
 6.634050881e-01  6.538691564e-01  1.145139236e+00
 6.653620352e-01  6.555792931e-01  1.143508698e+00
 6.673189824e-01  6.572918661e-01  1.141883275e+00
 6.692759295e-01  6.590068748e-01  1.140262743e+00
 6.712328767e-01  6.607243191e-01  1.138646628e+00
 6.731898239e-01  6.624441996e-01  1.137034429e+00
 6.751467710e-01  6.641665176e-01  1.135425549e+00
 6.771037182e-01  6.658912757e-01  1.133819575e+00
 6.790606654e-01  6.676184762e-01  1.132216363e+00
 6.810176125e-01  6.693481222e-01  1.130615294e+00
 6.829745597e-01  6.710802181e-01  1.129015900e+00
 6.849315068e-01  6.728147681e-01  1.127418114e+00
 6.868884540e-01  6.745517768e-01  1.125821425e+00
 6.888454012e-01  6.762912504e-01  1.124225131e+00
 6.908023483e-01  6.780331954e-01  1.122628357e+00
 6.927592955e-01  6.797776208e-01  1.121030623e+00
 6.947162427e-01  6.815245347e-01  1.119432179e+00
 6.966731898e-01  6.832739454e-01  1.117833037e+00
 6.986301370e-01  6.850258612e-01  1.116232310e+00
 7.005870841e-01  6.867802929e-01  1.114628612e+00
 7.025440313e-01  6.885372535e-01  1.113021163e+00
 7.045009785e-01  6.902967565e-01  1.111410046e+00
 7.064579256e-01  6.920588147e-01  1.109795678e+00
 7.084148728e-01  6.938234404e-01  1.108177727e+00
 7.103718200e-01  6.955906475e-01  1.106554652e+00
 7.123287671e-01  6.973604537e-01  1.104925432e+00
 7.142857143e-01  6.991328762e-01  1.103290362e+00
 7.162426614e-01  7.009079320e-01  1.101649351e+00
 7.181996086e-01  7.026856389e-01  1.100001270e+00
 7.201565558e-01  7.044660177e-01  1.098344905e+00
 7.221135029e-01  7.062490904e-01  1.096680370e+00
 7.240704501e-01  7.080348778e-01  1.095007846e+00
 7.260273973e-01  7.098234017e-01  1.093327214e+00
 7.279843444e-01  7.116146835e-01  1.091637669e+00
 7.299412916e-01  7.134087480e-01  1.089936889e+00
 7.318982387e-01  7.152056245e-01  1.088224007e+00
 7.338551859e-01  7.170053413e-01  1.086500077e+00
 7.358121331e-01  7.188079246e-01  1.084766114e+00
 7.377690802e-01  7.206133996e-01  1.083020458e+00
 7.397260274e-01  7.224217986e-01  1.081260596e+00
 7.416829746e-01  7.242331556e-01  1.079487025e+00
 7.436399217e-01  7.260475018e-01  1.077700304e+00
 7.455968689e-01  7.278648700e-01  1.075899996e+00
 7.475538160e-01  7.296852933e-01  1.074085238e+00
 7.495107632e-01  7.315088080e-01  1.072254698e+00
 7.514677104e-01  7.333354523e-01  1.070408702e+00
 7.534246575e-01  7.351652620e-01  1.068548359e+00
 7.553816047e-01  7.369982723e-01  1.066675172e+00
 7.573385519e-01  7.388345143e-01  1.064790195e+00
 7.592954990e-01  7.406740203e-01  1.062892771e+00
 7.612524462e-01  7.425168243e-01  1.060984676e+00
 7.632093933e-01  7.443629527e-01  1.059069551e+00
 7.651663405e-01  7.462124274e-01  1.057150274e+00
 7.671232877e-01  7.480652653e-01  1.055229466e+00
 7.690802348e-01  7.499214792e-01  1.053309681e+00
 7.710371820e-01  7.517810773e-01  1.051393743e+00
 7.729941292e-01  7.536440626e-01  1.049484444e+00
 7.749510763e-01  7.555104330e-01  1.047585391e+00
 7.769080235e-01  7.573801787e-01  1.045702471e+00
 7.788649706e-01  7.592532764e-01  1.043840492e+00
 7.808219178e-01  7.611296984e-01  1.042000919e+00
 7.827788650e-01  7.630094155e-01  1.040184197e+00
 7.847358121e-01  7.648923976e-01  1.038392543e+00
 7.866927593e-01  7.667786067e-01  1.036632695e+00
 7.886497065e-01  7.686679874e-01  1.034911853e+00
 7.906066536e-01  7.705604743e-01  1.033234696e+00
 7.925636008e-01  7.724559935e-01  1.031602615e+00
 7.945205479e-01  7.743544731e-01  1.030017003e+00
 7.964774951e-01  7.762558326e-01  1.028485611e+00
 7.984344423e-01  7.781599697e-01  1.027016742e+00
 8.003913894e-01  7.800667716e-01  1.025609825e+00
 8.023483366e-01  7.819761362e-01  1.024259964e+00
 8.043052838e-01  7.838879671e-01  1.022966873e+00
 8.062622309e-01  7.858021617e-01  1.021744462e+00
 8.082191781e-01  7.877185696e-01  1.020607866e+00
 8.101761252e-01  7.896370298e-01  1.019555900e+00
 8.121330724e-01  7.915573942e-01  1.018579672e+00
 8.140900196e-01  7.934795333e-01  1.017672597e+00
 8.160469667e-01  7.954033224e-01  1.016842915e+00
 8.180039139e-01  7.973285994e-01  1.016100443e+00
 8.199608611e-01  7.992552007e-01  1.015437620e+00
 8.219178082e-01  8.011829918e-01  1.014840746e+00
 8.238747554e-01  8.031118600e-01  1.014304484e+00
 8.258317025e-01  8.050416899e-01  1.013831226e+00
 8.277886497e-01  8.069723592e-01  1.013425646e+00
 8.297455969e-01  8.089037340e-01  1.013082888e+00
 8.317025440e-01  8.108357100e-01  1.012787319e+00
 8.336594912e-01  8.127682122e-01  1.012525192e+00
 8.356164384e-01  8.147011885e-01  1.012288566e+00
 8.375733855e-01  8.166345943e-01  1.012073128e+00
 8.395303327e-01  8.185683937e-01  1.011869294e+00
 8.414872798e-01  8.205025785e-01  1.011667884e+00
 8.434442270e-01  8.224371479e-01  1.011462084e+00
 8.454011742e-01  8.243721199e-01  1.011240359e+00
 8.473581213e-01  8.263075378e-01  1.010994239e+00
 8.493150685e-01  8.282434520e-01  1.010711357e+00
 8.512720157e-01  8.301799534e-01  1.010382863e+00
 8.532289628e-01  8.321171267e-01  1.010008429e+00
 8.551859100e-01  8.340550643e-01  1.009582985e+00
 8.571428571e-01  8.359938707e-01  1.009104660e+00
 8.590998043e-01  8.379336459e-01  1.008556463e+00
 8.610567515e-01  8.398745607e-01  1.007918446e+00
 8.630136986e-01  8.418167927e-01  1.007196466e+00
 8.649706458e-01  8.437604912e-01  1.006401958e+00
 8.669275930e-01  8.457057911e-01  1.005535923e+00
 8.688845401e-01  8.476528393e-01  1.004600169e+00
 8.708414873e-01  8.496017651e-01  1.003567487e+00
 8.727984344e-01  8.515528228e-01  1.002418575e+00
 8.747553816e-01  8.535062191e-01  1.001173098e+00
 8.767123288e-01  8.554621344e-01  9.998419540e-01
 8.786692759e-01  8.574207357e-01  9.984283107e-01
 8.806262231e-01  8.593821940e-01  9.969417609e-01
 8.825831703e-01  8.613466410e-01  9.953627573e-01
 8.845401174e-01  8.633143279e-01  9.936776331e-01
 8.864970646e-01  8.652854438e-01  9.918980432e-01
 8.884540117e-01  8.672601982e-01  9.900294324e-01
 8.904109589e-01  8.692387622e-01  9.880780480e-01
 8.923679061e-01  8.712213248e-01  9.860484822e-01
 8.943248532e-01  8.732080426e-01  9.839470864e-01
 8.962818004e-01  8.751990830e-01  9.817525170e-01
 8.982387476e-01  8.771946935e-01  9.794687707e-01
 9.001956947e-01  8.791950300e-01  9.770988424e-01
 9.021526419e-01  8.812003337e-01  9.746411818e-01
 9.041095890e-01  8.832107716e-01  9.721121128e-01
 9.060665362e-01  8.852265236e-01  9.694921912e-01
 9.080234834e-01  8.872478430e-01  9.667968311e-01
 9.099804305e-01  8.892748507e-01  9.640263341e-01
 9.119373777e-01  8.913078058e-01  9.611513719e-01
 9.138943249e-01  8.933469589e-01  9.582091912e-01
 9.158512720e-01  8.953924181e-01  9.551908409e-01
 9.178082192e-01  8.974444801e-01  9.520710854e-01
 9.197651663e-01  8.995033673e-01  9.489261783e-01
 9.217221135e-01  9.015690534e-01  9.457064634e-01
 9.236790607e-01  9.036419859e-01  9.423310754e-01
 9.256360078e-01  9.057224985e-01  9.388867419e-01
 9.275929550e-01  9.078106684e-01  9.353801171e-01
 9.295499022e-01  9.099068110e-01  9.317268424e-01
 9.315068493e-01  9.120113909e-01  9.279413431e-01
 9.334637965e-01  9.141246721e-01  9.242075630e-01
 9.354207436e-01  9.162462888e-01  9.203666397e-01
 9.373776908e-01  9.183772514e-01  9.162450346e-01
 9.393346380e-01  9.205180013e-01  9.119984036e-01
 9.412915851e-01  9.226688573e-01  9.079611581e-01
 9.432485323e-01  9.248286793e-01  9.037798961e-01
 9.452054795e-01  9.269994966e-01  8.990557803e-01
 9.471624266e-01  9.291820816e-01  8.941163107e-01
 9.491193738e-01  9.313769540e-01  8.893300998e-01
 9.510763209e-01  9.335830859e-01  8.850572475e-01
 9.530332681e-01  9.357991924e-01  8.801228145e-01
 9.549902153e-01  9.380301719e-01  8.740423313e-01
 9.569471624e-01  9.402772309e-01  8.676354056e-01
 9.589041096e-01  9.425412897e-01  8.610235037e-01
 9.608610568e-01  9.448229980e-01  8.646363492e-01
 9.628180039e-01  9.470685050e-01  8.735627607e-01
 9.647749511e-01  9.493034294e-01  8.674789451e-01
 9.667318982e-01  9.515811187e-01  8.492613094e-01
 9.686888454e-01  9.539133043e-01  8.281178660e-01
 9.706457926e-01  9.563090817e-01  8.053691742e-01
 9.726027397e-01  9.587750845e-01  7.820977169e-01
 9.745596869e-01  9.613156572e-01  7.591454611e-01
 9.765166341e-01  9.639330289e-01  7.371367527e-01
 9.784735812e-01  9.666274846e-01  7.165132103e-01
 9.804305284e-01  9.693975377e-01  6.975714490e-01
 9.823874755e-01  9.722401011e-01  6.804982908e-01
 9.843444227e-01  9.751506569e-01  6.654009620e-01
 9.863013699e-01  9.781234255e-01  6.523315915e-01
 9.882583170e-01  9.811515315e-01  6.413063182e-01
 9.902152642e-01  9.842271686e-01  6.323197464e-01
 9.921722114e-01  9.873417609e-01  6.253556561e-01
 9.941291585e-01  9.904861212e-01  6.203946853e-01
 9.960861057e-01  9.936506061e-01  6.174198154e-01
 9.980430528e-01  9.968252674e-01  6.164201431e-01
 1.000000000e+00  1.000000000e+00  6.164063091e-01
4  4.212530124e-01  6.951377389e-01  1.014758022e+00  7.543889084e-01  9.558693326e-01  5.084690139e+01  4.384682399e-01  9.935570240e-01  3.664870475e-01  2.699963567e+00
5  5.497981511e-01  9.808227562e-01  1.008955636e+00  6.200759976e-01  9.298056637e-01  3.090708791e+01  3.858693210e-01  1.052866865e+00  5.383568901e-01  2.802965316e+00
6  6.515510013e-01  1.168859658e+00  1.005393420e+00  5.296501658e-01  9.075717698e-01  2.292245728e+01  3.565735716e-01  1.135031965e+00  6.607479068e-01  2.758325963e+00
7  7.380279678e-01  1.302811517e+00  1.002932554e+00  4.646255320e-01  8.923989816e-01  1.863055846e+01  3.376483692e-01  1.224901899e+00  7.564794143e-01  2.671522834e+00
8  8.123926783e-01  1.542096767e+00  1.001113901e+00  4.154697918e-01  8.914908303e-01  1.631958061e+01  3.250767396e-01  1.329772031e+00  8.332792445e-01  2.568454565e+00
9  8.681373826e-01  2.072406914e+00  9.999184822e-01  3.762970367e-01  9.190975918e-01  1.580497802e+01  3.178817134e-01  1.473105671e+00  8.893220788e-01  2.436817060e+00
10  9.117408455e-01  1.985421022e+00  9.992923626e-01  3.445514141e-01  9.912358229e-01  1.707622407e+01  3.149702362e-01  1.686948336e+00  9.312557326e-01  2.301846515e+00
11  9.553440665e-01  3.012027885e+00  9.997021657e-01  3.198819044e-01  1.126245548e+00  2.040329471e+01  3.170430936e-01  1.991834343e+00  9.698641434e-01  2.193563145e+00
12  9.766908706e-01  5.235342814e+00  9.998897204e-01  2.968312916e-01  1.359802859e+00  2.830808438e+01  3.206058813e-01  2.781223104e+00  9.853627550e-01  2.056081702e+00
13  9.882924427e-01  9.089038114e+00  9.999462544e-01  2.764858903e-01  1.626360734e+00  3.863170748e+01  3.247169704e-01  4.348729340e+00  9.927658666e-01  1.920574518e+00
14  9.942437060e-01  1.647901775e+01  9.999723732e-01  2.587890894e-01  1.811153042e+00  4.561916971e+01  3.290978092e-01  7.317965329e+00  9.964521874e-01  1.794176643e+00
0 0 -1.237121826e-01  4.345873719e-18
0 1  1.335994368e-02 -5.115198061e-03
0 2 -1.478093420e-02  6.155431854e-03
0 3  4.241292348e-03 -7.304773631e-03
0 4 -6.184968898e-04  6.688647401e-03
0 5 -4.523961715e-03 -3.328443600e-03
0 6  3.469833148e-03 -2.499499408e-03
0 7  2.448171456e-03  2.730600243e-03
0 8 -9.677195883e-04  3.232343555e-03
0 9 -2.478811109e-03  1.896110204e-03
0 10 -2.750710792e-03  8.818787288e-04
1 0 -1.079921427e-01 -4.134756945e-02
1 1 -9.547959341e-02 -8.765578085e-18
1 2  9.111377590e-03 -7.331099869e-03
1 3 -1.352807724e-02  8.941777425e-03
1 4 -3.680097066e-04 -9.330235277e-03
1 5  3.902949479e-03  5.317052719e-03
1 6 -6.070409146e-03  2.488419468e-03
1 7 -3.210084816e-03 -4.175222631e-03
1 8  1.502637678e-03 -4.082900899e-03
1 9  3.262468906e-03 -2.006048879e-03
1 10  3.461543898e-03 -6.087186262e-04
2 0  1.194784046e-01  4.975606869e-02
2 1 -9.542748628e-02 -7.678185052e-02
2 2 -7.637895044e-02  6.929847260e-18
2 3  4.822624131e-03 -9.108299862e-03
2 4 -9.181147972e-03  1.023628402e-02
2 5 -6.433262504e-03 -7.706732281e-03
2 6  5.323528693e-03 -1.260743592e-03
2 7  9.374576736e-04  5.321365003e-03
2 8 -3.855537431e-03  3.852573168e-03
2 9 -4.983862615e-03  1.110228600e-03
2 10 -4.660259083e-03 -4.182994543e-04
3 0 -3.428354637e-02 -5.904651812e-02
3 1  1.416855347e-01  9.365118876e-02
3 2 -6.314074889e-02 -1.192514405e-01
3 3 -6.299453561e-02  9.291431099e-18
3 4  9.288805995e-04 -1.067075641e-02
3 5 -4.093305115e-03  9.788968630e-03
3 6 -1.057385728e-02 -1.938168452e-03
3 7 -1.321613300e-03 -6.318546932e-03
3 8  3.489891793e-03 -2.577475277e-03
3 9  3.749166305e-03  7.462866477e-04
3 10  2.997298877e-03  2.234532955e-03
4 0  4.999482483e-03  5.406619834e-02
4 1  3.854328381e-03 -9.771967961e-02
4 2  1.202052125e-01  1.340196999e-01
4 3 -1.474541546e-02 -1.693917783e-01
4 4 -5.310806460e-02  5.512731460e-17
4 5 -3.310041001e-03 -1.213373738e-02
4 6  8.090384376e-04  6.288868425e-03
4 7 -7.587675799e-03  5.234424108e-03
4 8 -8.406646499e-03 -8.885202824e-04
4 9 -5.945092769e-03 -3.834594030e-03
4 10 -3.935781971e-03 -4.472191692e-03
5 0  3.656844152e-02 -2.690473590e-02
5 1 -4.087731566e-02  5.568784416e-02
5 2  8.422821296e-02 -1.009012593e-01
5 3  6.497873309e-02  1.553939328e-01
5 4  6.232652283e-02 -2.284725958e-01
5 5 -4.501391515e-02 -3.656005040e-18
5 6 -7.811423086e-03 -1.233024522e-02
5 7  2.694048868e-03 -9.622014835e-04
5 8 -9.779502066e-05  4.944084415e-03
5 9 -3.334063956e-03  5.468299135e-03
5 10 -4.696690975e-03  4.727010769e-03
6 0 -2.804762696e-02 -2.020414931e-02
6 1  6.357807914e-02  2.606231739e-02
6 2 -6.969889822e-02 -1.650642729e-02
6 3  1.678535635e-01 -3.076724725e-02
6 4 -1.523381512e-02  1.184164490e-01
6 5  1.735335187e-01 -2.739207460e-01
6 6 -3.804412694e-02 -3.403972809e-17
6 7 -1.086106951e-02 -9.496991513e-03
6 8 -1.265173202e-03 -6.707841882e-03
6 9  1.500831194e-03 -2.660433180e-03
6 10  1.827993735e-03 -2.867358940e-04
7 0 -1.978925119e-02  2.207220167e-02
7 1  3.362063768e-02 -4.372895277e-02
7 2 -1.227377004e-02  6.967056987e-02
7 3  2.097980861e-02 -1.003030957e-01
7 4  1.428723840e-01  9.856175606e-02
7 5 -5.984924570e-02 -2.137564529e-02
7 6  2.854861021e-01 -2.496309490e-01
7 7 -3.300502558e-02  1.808103093e-17
7 8 -1.523398862e-02 -7.771775099e-03
7 9 -8.171674338e-03 -8.512754285e-03
7 10 -4.719237514e-03 -7.275650404e-03
8 0  7.822346741e-03  2.612793249e-02
8 1 -1.573778883e-02 -4.276202645e-02
8 2  5.047905749e-02  5.044024755e-02
8 3 -5.539991302e-02 -4.091585488e-02
8 4  1.582932190e-01 -1.673042106e-02
8 5  2.172550873e-03  1.098345789e-01
8 6  3.325541426e-02 -1.763174088e-01
8 7  4.615657268e-01 -2.354724762e-01
8 8 -2.516902128e-02  1.808896693e-16
8 9 -1.380819804e-02 -3.688924815e-03
8 10 -1.081735098e-02 -4.657912929e-03
9 0  2.003692003e-02  1.532678645e-02
9 1 -3.416927942e-02 -2.101023693e-02
9 2  6.525178189e-02  1.453579283e-02
9 3 -5.951573845e-02  1.184684736e-02
9 4  1.119433143e-01 -7.220361086e-02
9 5  7.406740659e-02  1.214801938e-01
9 6 -3.944974729e-02 -6.993019406e-02
9 7  2.475887897e-01 -2.579229719e-01
9 8  5.486187915e-01 -1.465660811e-01
9 9 -1.992205876e-02  2.239659830e-17
9 10 -1.080875561e-02 -1.123972136e-03
10 0  2.223476083e-02  7.128471185e-03
10 1 -3.625427983e-02 -6.375379330e-03
10 2  6.101496625e-02 -5.476632657e-03
10 3 -4.758029960e-02  3.547185377e-02
10 4  7.410893243e-02 -8.420927642e-02
10 5  1.043386464e-01  1.050122113e-01
10 6 -4.804930174e-02 -7.536929274e-03
10 7  1.429854221e-01 -2.204406837e-01
10 8  4.297883045e-01 -1.850653181e-01
10 9  5.425521398e-01 -5.641847307e-02
10 10 -1.645869823e-02 -1.062316564e-16
0 0 -8.440876377e+00  3.472793284e-16
0 1 -8.372553109e-01  4.597181742e-01
0 2  1.307644970e+00 -4.496390428e-01
0 3 -2.195667144e-01  3.710768245e-01
0 4  5.514282510e-02 -2.904398845e-01
0 5  1.654629316e-01  1.371578330e-01
0 6 -1.222782046e-01  7.655634980e-02
0 7 -9.696844127e-02 -6.965946876e-02
0 8  1.960866313e-02 -8.235864095e-02
0 9  7.082388639e-02 -2.444311917e-02
0 10  9.381367883e-02  2.951362263e-02
1 0 -8.372553109e-01 -4.597181742e-01
1 1 -1.118389982e+01 -7.171904723e-15
1 2 -7.543921233e-01  1.077779626e+00
1 3  2.005850880e+00 -1.094712126e+00
1 4  1.903458267e-02  7.732581048e-01
1 5 -2.218700389e-01 -4.052845329e-01
1 6  3.764913207e-01 -1.158105443e-01
1 7  1.994498499e-01  1.991100896e-01
1 8 -5.915951243e-02  1.680950220e-01
1 9 -1.414536546e-01  2.623097490e-02
1 10 -1.774599002e-01 -9.201181814e-02
2 0  1.307644970e+00  4.496390428e-01
2 1 -7.543921233e-01 -1.077779626e+00
2 2 -1.418321207e+01 -1.421644163e-15
2 3 -3.297639006e-01  2.022667646e+00
2 4  2.206383985e+00 -1.966298430e+00
2 5  7.833386899e-01  1.014646378e+00
2 6 -5.468782322e-01  8.715611300e-03
2 7 -1.359535345e-01 -4.299192197e-01
2 8  2.377439125e-01 -2.435691174e-01
2 9  2.949433881e-01  2.501089941e-02
2 10  2.808417118e-01  2.347643018e-01
3 0 -2.195667144e-01 -3.710768245e-01
3 1  2.005850880e+00  1.094712126e+00
3 2 -3.297639006e-01 -2.022667646e+00
3 3 -1.752793560e+01 -1.059565466e-14
3 4  5.922495803e-01  3.424608416e+00
3 5  1.810967618e+00 -2.937437267e+00
3 6  1.945250229e+00  4.925888394e-01
3 7  1.980482582e-01  8.466822968e-01
3 8 -3.840204322e-01  2.013871661e-01
3 9 -2.926318744e-01 -2.653544973e-01
3 10 -1.393767741e-01 -5.802429823e-01
4 0  5.514282510e-02  2.904398845e-01
4 1  1.903458267e-02 -7.732581048e-01
4 2  2.206383985e+00  1.966298430e+00
4 3  5.922495803e-01 -3.424608416e+00
4 4 -2.140561523e+01 -4.211464573e-14
4 5  2.499647429e+00  5.479331956e+00
4 6  6.535974753e-01 -3.450797915e+00
4 7  1.843577105e+00 -1.302077083e+00
4 8  1.279098204e+00  1.806882275e-01
4 9  5.214912867e-01  6.329531711e-01
4 10 -2.225531456e-02  8.322219945e-01
5 0  1.654629316e-01 -1.371578330e-01
5 1 -2.218700389e-01  4.052845329e-01
5 2  7.833386899e-01 -1.014646378e+00
5 3  1.810967618e+00  2.937437267e+00
5 4  2.499647429e+00 -5.479331956e+00
5 5 -2.604622567e+01  2.723536469e-14
5 6  5.621786602e+00  7.295627035e+00
5 7 -9.923554545e-01 -7.586585655e-01
5 8  3.351442282e-01 -1.904356439e+00
5 9  1.342073651e+00 -1.424654552e+00
5 10  2.138664810e+00 -1.030329313e+00
6 0 -1.222782046e-01 -7.655634980e-02
6 1  3.764913207e-01  1.158105443e-01
6 2 -5.468782322e-01 -8.715611300e-03
6 3  1.945250229e+00 -4.925888394e-01
6 4  6.535974753e-01  3.450797915e+00
6 5  5.621786602e+00 -7.295627035e+00
6 6 -3.104739934e+01  7.508669078e-14
6 7  9.630555790e+00  7.238196502e+00
6 8 -1.925726850e-01  1.509583043e+00
6 9 -8.283838314e-01 -1.233288079e+00
6 10 -4.614433679e-01 -2.985781959e+00
7 0 -9.696844127e-02  6.965946876e-02
7 1  1.994498499e-01 -1.991100896e-01
7 2 -1.359535345e-01  4.299192197e-01
7 3  1.980482582e-01 -8.466822968e-01
7 4  1.843577105e+00  1.302077083e+00
7 5 -9.923554545e-01  7.586585655e-01
7 6  9.630555790e+00 -7.238196502e+00
7 7 -4.123023106e+01 -2.269478112e-13
7 8  1.730333285e+01  7.785054410e+00
7 9  2.245041537e+00  3.015482014e+00
7 10 -1.460221031e+00 -5.804468383e-02
8 0  1.960866313e-02  8.235864095e-02
8 1 -5.915951243e-02 -1.680950220e-01
8 2  2.377439125e-01  2.435691174e-01
8 3 -3.840204322e-01 -2.013871661e-01
8 4  1.279098204e+00 -1.806882275e-01
8 5  3.351442282e-01  1.904356439e+00
8 6 -1.925726850e-01 -1.509583043e+00
8 7  1.730333285e+01 -7.785054410e+00
8 8 -5.745346537e+01 -2.934318895e-13
8 9  2.265424998e+01  5.379330232e+00
8 10  8.530628473e+00  4.532153249e+00
9 0  7.082388639e-02  2.444311917e-02
9 1 -1.414536546e-01 -2.623097490e-02
9 2  2.949433881e-01 -2.501089941e-02
9 3 -2.926318744e-01  2.653544973e-01
9 4  5.214912867e-01 -6.329531711e-01
9 5  1.342073651e+00  1.424654552e+00
9 6 -8.283838314e-01  1.233288079e+00
9 7  2.245041537e+00 -3.015482014e+00
9 8  2.265424998e+01 -5.379330232e+00
9 9 -6.827395093e+01 -2.336220595e-13
9 10  3.296446245e+01  3.427881858e+00
10 0  9.381367883e-02 -2.951362263e-02
10 1 -1.774599002e-01  9.201181814e-02
10 2  2.808417118e-01 -2.347643018e-01
10 3 -1.393767741e-01  5.802429823e-01
10 4 -2.225531456e-02 -8.322219945e-01
10 5  2.138664810e+00  1.030329313e+00
10 6 -4.614433679e-01  2.985781959e+00
10 7 -1.460221031e+00  5.804468383e-02
10 8  8.530628473e+00 -4.532153249e+00
10 9  3.296446245e+01 -3.427881858e+00
10 10 -6.075814660e+01  3.921597237e-13
0  4.596206509e-02 -1.223418320e-03 -1.361580487e-01 -1.882317103e-02
1  7.795838486e-02 -1.651985258e-03  1.628929115e-01  5.355159368e-02
2  1.096004479e-01 -3.358516913e-03 -1.537887600e-01 -1.054945143e-01
3  1.485269135e-01 -4.514227082e-03  9.869032627e-02  1.670292115e-01
4  1.926368133e-01 -7.895521709e-03  2.108287686e-02 -1.957206093e-01
5  2.321259702e-01 -9.903699676e-03 -1.654888956e-01  1.025848377e-01
6  2.665764572e-01 -1.259737541e-02  1.441412824e-01  1.229051224e-01
7  3.059805538e-01 -1.647373082e-02  1.383068893e-01 -1.178554486e-01
8  3.085223638e-01 -1.785069764e-02 -2.547305980e-02 -1.687715730e-01
9  2.996888715e-01 -1.536852879e-02 -1.129985119e-01 -1.126743581e-01
10  2.907862583e-01 -4.378774274e-03 -1.355170605e-01 -6.239375261e-02
