 1.695500020e+00 -1.809979050e+00  8.624139056e-01  3.486105133e+00  9.328735626e-01  9.658634750e-01  6.866989530e+00 512 3 11
 0.000000000e+00  0.000000000e+00 -1.476634418e-05
 1.956947162e-03  2.933675186e-02  1.334274340e-01
 3.913894325e-03  4.148708755e-02  1.887041082e-01
 5.870841487e-03  5.080971061e-02  2.311258045e-01
 7.827788650e-03  5.866869737e-02  2.668884805e-01
 9.784735812e-03  6.559247381e-02  2.983915524e-01
 1.174168297e-02  7.185208668e-02  3.268648798e-01
 1.369863014e-02  7.760857603e-02  3.530385517e-01
 1.565557730e-02  8.296688744e-02  3.773878855e-01
 1.761252446e-02  8.799993110e-02  4.002427465e-01
 1.956947162e-02  9.276080425e-02  4.218430758e-01
 2.152641879e-02  9.728960069e-02  4.423698210e-01
 2.348336595e-02  1.016174774e-01  4.619634044e-01
 2.544031311e-02  1.057692186e-01  4.807341171e-01
 2.739726027e-02  1.097649450e-01  4.987679738e-01
 2.935420744e-02  1.136212897e-01  5.161495976e-01
 3.131115460e-02  1.173519745e-01  5.329474310e-01
 3.326810176e-02  1.209686902e-01  5.492085154e-01
 3.522504892e-02  1.244814333e-01  5.649784210e-01
 3.718199609e-02  1.278988247e-01  5.802951398e-01
 3.913894325e-02  1.312283814e-01  5.951915020e-01
 4.109589041e-02  1.344766888e-01  6.096972531e-01
 4.305283757e-02  1.376495598e-01  6.238386137e-01
 4.500978474e-02  1.407521519e-01  6.376394356e-01
 4.696673190e-02  1.437890644e-01  6.511205005e-01
 4.892367906e-02  1.467644258e-01  6.643000868e-01
 5.088062622e-02  1.496819559e-01  6.771949655e-01
 5.283757339e-02  1.525450201e-01  6.898205205e-01
 5.479452055e-02  1.553566738e-01  7.021896953e-01
 5.675146771e-02  1.581197099e-01  7.143139674e-01
 5.870841487e-02  1.608366834e-01  7.262047946e-01
 6.066536204e-02  1.635099377e-01  7.378728325e-01
 6.262230920e-02  1.661416285e-01  7.493277332e-01
 6.457925636e-02  1.687337449e-01  7.605782385e-01
 6.653620352e-02  1.712881275e-01  7.716326933e-01
 6.849315068e-02  1.738064813e-01  7.824978894e-01
 7.045009785e-02  1.762903970e-01  7.931798088e-01
 7.240704501e-02  1.787413566e-01  8.036858330e-01
 7.436399217e-02  1.811607372e-01  8.140230210e-01
 7.632093933e-02  1.835498262e-01  8.241964348e-01
 7.827788650e-02  1.859098331e-01  8.342108662e-01
 8.023483366e-02  1.882418918e-01  8.440687460e-01
 8.219178082e-02  1.905470823e-01  8.537742803e-01
 8.414872798e-02  1.928264097e-01  8.633393599e-01
 8.610567515e-02  1.950807935e-01  8.727667406e-01
 8.806262231e-02  1.973111352e-01  8.820503252e-01
 9.001956947e-02  1.995183042e-01  8.911967461e-01
 9.197651663e-02  2.017030920e-01  9.002153594e-01
 9.393346380e-02  2.038662505e-01  9.091100937e-01
 9.589041096e-02  2.060084882e-01  9.178805083e-01
 9.784735812e-02  2.081304989e-01  9.265254267e-01
 9.980430528e-02  2.102329403e-01  9.350505534e-01
 1.017612524e-01  2.123164274e-01  9.434600136e-01
 1.037181996e-01  2.143815504e-01  9.517558304e-01
 1.056751468e-01  2.164288698e-01  9.599424013e-01
 1.076320939e-01  2.184589147e-01  9.680186633e-01
 1.095890411e-01  2.204722099e-01  9.759830727e-01
 1.115459883e-01  2.224692536e-01  9.838405687e-01
 1.135029354e-01  2.244505146e-01  9.915998036e-01
 1.154598826e-01  2.264164233e-01  9.992599934e-01
 1.174168297e-01  2.283674209e-01  1.006815154e+00
 1.193737769e-01  2.303039324e-01  1.014268295e+00
 1.213307241e-01  2.322263590e-01  1.021626137e+00
 1.232876712e-01  2.341350741e-01  1.028891286e+00
 1.252446184e-01  2.360304447e-01  1.036062437e+00
 1.272015656e-01  2.379128261e-01  1.043140642e+00
 1.291585127e-01  2.397825594e-01  1.050126181e+00
 1.311154599e-01  2.416399780e-01  1.057018306e+00
 1.330724070e-01  2.434854058e-01  1.063822021e+00
 1.350293542e-01  2.453191398e-01  1.070543445e+00
 1.369863014e-01  2.471414653e-01  1.077178952e+00
 1.389432485e-01  2.489526750e-01  1.083723334e+00
 1.409001957e-01  2.507530556e-01  1.090180259e+00
 1.428571429e-01  2.525428722e-01  1.096557130e+00
 1.448140900e-01  2.543223723e-01  1.102854836e+00
 1.467710372e-01  2.560918046e-01  1.109069116e+00
 1.487279843e-01  2.578514174e-01  1.115200566e+00
 1.506849315e-01  2.596014448e-01  1.121251533e+00
 1.526418787e-01  2.613421155e-01  1.127222034e+00
 1.545988258e-01  2.630736520e-01  1.133115523e+00
 1.565557730e-01  2.647962616e-01  1.138934011e+00
 1.585127202e-01  2.665101503e-01  1.144675935e+00
 1.604696673e-01  2.682155201e-01  1.150337285e+00
 1.624266145e-01  2.699125793e-01  1.155919946e+00
 1.643835616e-01  2.716015153e-01  1.161432316e+00
 1.663405088e-01  2.732825027e-01  1.166873860e+00
 1.682974560e-01  2.749557222e-01  1.172239683e+00
 1.702544031e-01  2.766213546e-01  1.177529138e+00
 1.722113503e-01  2.782795748e-01  1.182745455e+00
 1.741682975e-01  2.799305467e-01  1.187891312e+00
 1.761252446e-01  2.815744305e-01  1.192967593e+00
 1.780821918e-01  2.832113812e-01  1.197973861e+00
 1.800391389e-01  2.848415536e-01  1.202908998e+00
 1.819960861e-01  2.864650994e-01  1.207770817e+00
 1.839530333e-01  2.880821730e-01  1.212561936e+00
 1.859099804e-01  2.896929134e-01  1.217288925e+00
 1.878669276e-01  2.912974519e-01  1.221949532e+00
 1.898238748e-01  2.928959281e-01  1.226539417e+00
 1.917808219e-01  2.944884797e-01  1.231058741e+00
 1.937377691e-01  2.960752405e-01  1.235511294e+00
 1.956947162e-01  2.976563337e-01  1.239900039e+00
 1.976516634e-01  2.992318809e-01  1.244222554e+00
 1.996086106e-01  3.008020069e-01  1.248478283e+00
 2.015655577e-01  3.023668307e-01  1.252669542e+00
 2.035225049e-01  3.039264669e-01  1.256793738e+00
 2.054794521e-01  3.054810370e-01  1.260850702e+00
 2.074363992e-01  3.070306523e-01  1.264846275e+00
 2.093933464e-01  3.085754159e-01  1.268780512e+00
 2.113502935e-01  3.101154355e-01  1.272650117e+00
 2.133072407e-01  3.116508190e-01  1.276452762e+00
 2.152641879e-01  3.131816762e-01  1.280190782e+00
 2.172211350e-01  3.147081060e-01  1.283870349e+00
 2.191780822e-01  3.162302006e-01  1.287489167e+00
 2.211350294e-01  3.177480613e-01  1.291043392e+00
 2.230919765e-01  3.192617865e-01  1.294535112e+00
 2.250489237e-01  3.207714697e-01  1.297965213e+00
 2.270058708e-01  3.222772045e-01  1.301333919e+00
 2.289628180e-01  3.237790815e-01  1.304643153e+00
 2.309197652e-01  3.252771871e-01  1.307892463e+00
 2.328767123e-01  3.267716105e-01  1.311081669e+00
 2.348336595e-01  3.282624364e-01  1.314208778e+00
 2.367906067e-01  3.297497562e-01  1.317274245e+00
 2.387475538e-01  3.312336512e-01  1.320284090e+00
 2.407045010e-01  3.327141972e-01  1.323235977e+00
 2.426614481e-01  3.341914788e-01  1.326125854e+00
 2.446183953e-01  3.356655788e-01  1.328956720e+00
 2.465753425e-01  3.371365732e-01  1.331730539e+00
 2.485322896e-01  3.386045387e-01  1.334446905e+00
 2.504892368e-01  3.400695504e-01  1.337104673e+00
 2.524461840e-01  3.415316856e-01  1.339703260e+00
 2.544031311e-01  3.429910193e-01  1.342246715e+00
 2.563600783e-01  3.444476184e-01  1.344734503e+00
 2.583170254e-01  3.459015573e-01  1.347161988e+00
 2.602739726e-01  3.473529116e-01  1.349532722e+00
 2.622309198e-01  3.488017465e-01  1.351849841e+00
 2.641878669e-01  3.502481296e-01  1.354110569e+00
 2.661448141e-01  3.516921306e-01  1.356314718e+00
 2.681017613e-01  3.531338163e-01  1.358462268e+00
 2.700587084e-01  3.545732553e-01  1.360555092e+00
 2.720156556e-01  3.560105089e-01  1.362594547e+00
 2.739726027e-01  3.574456421e-01  1.364577078e+00
 2.759295499e-01  3.588787224e-01  1.366504647e+00
 2.778864971e-01  3.603098095e-01  1.368380315e+00
 2.798434442e-01  3.617389637e-01  1.370200625e+00
 2.818003914e-01  3.631662508e-01  1.371965914e+00
 2.837573386e-01  3.645917295e-01  1.373678535e+00
 2.857142857e-01  3.660154598e-01  1.375337679e+00
 2.876712329e-01  3.674375012e-01  1.376943979e+00
 2.896281800e-01  3.688579116e-01  1.378496459e+00
 2.915851272e-01  3.702767517e-01  1.379996158e+00
 2.935420744e-01  3.716940765e-01  1.381446383e+00
 2.954990215e-01  3.731099391e-01  1.382842332e+00
 2.974559687e-01  3.745244036e-01  1.384182668e+00
 2.994129159e-01  3.759375255e-01  1.385474006e+00
 3.013698630e-01  3.773493545e-01  1.386716603e+00
 3.033268102e-01  3.787599449e-01  1.387908016e+00
 3.052837573e-01  3.801693509e-01  1.389045531e+00
 3.072407045e-01  3.815776319e-01  1.390129382e+00
 3.091976517e-01  3.829848410e-01  1.391165584e+00
 3.111545988e-01  3.843910248e-01  1.392154719e+00
 3.131115460e-01  3.857962349e-01  1.393092928e+00
 3.150684932e-01  3.872005252e-01  1.393980145e+00
 3.170254403e-01  3.886039471e-01  1.394816672e+00
 3.189823875e-01  3.900065534e-01  1.395602961e+00
 3.209393346e-01  3.914083944e-01  1.396342092e+00
 3.228962818e-01  3.928095162e-01  1.397035263e+00
 3.248532290e-01  3.942099663e-01  1.397681041e+00
 3.268101761e-01  3.956097936e-01  1.398276363e+00
 3.287671233e-01  3.970090515e-01  1.398819896e+00
 3.307240705e-01  3.984077911e-01  1.399316873e+00
 3.326810176e-01  3.998060552e-01  1.399772637e+00
 3.346379648e-01  4.012038842e-01  1.400183107e+00
 3.365949119e-01  4.026013286e-01  1.400543427e+00
 3.385518591e-01  4.039984383e-01  1.400854391e+00
 3.405088063e-01  4.053952623e-01  1.401119818e+00
 3.424657534e-01  4.067918428e-01  1.401343474e+00
 3.444227006e-01  4.081882210e-01  1.401523829e+00
 3.463796477e-01  4.095844420e-01  1.401658632e+00
 3.483365949e-01  4.109805516e-01  1.401747616e+00
 3.502935421e-01  4.123765954e-01  1.401790732e+00
 3.522504892e-01  4.137726191e-01  1.401789515e+00
 3.542074364e-01  4.151686653e-01  1.401747494e+00
 3.561643836e-01  4.165647727e-01  1.401665939e+00
 3.581213307e-01  4.179609814e-01  1.401542034e+00
 3.600782779e-01  4.193573357e-01  1.401371271e+00
 3.620352250e-01  4.207538846e-01  1.401155847e+00
 3.639921722e-01  4.221506683e-01  1.400902012e+00
 3.659491194e-01  4.235477234e-01  1.400611665e+00
 3.679060665e-01  4.249450863e-01  1.400281564e+00
 3.698630137e-01  4.263428002e-01  1.399907533e+00
 3.718199609e-01  4.277409099e-01  1.399491033e+00
 3.737769080e-01  4.291394558e-01  1.399036252e+00
 3.757338552e-01  4.305384746e-01  1.398544317e+00
 3.776908023e-01  4.319380047e-01  1.398015894e+00
 3.796477495e-01  4.333380813e-01  1.397450482e+00
 3.816046967e-01  4.347387441e-01  1.396844983e+00
 3.835616438e-01  4.361400348e-01  1.396199496e+00
 3.855185910e-01  4.375419931e-01  1.395516659e+00
 3.874755382e-01  4.389446555e-01  1.394800457e+00
 3.894324853e-01  4.403480538e-01  1.394053351e+00
 3.913894325e-01  4.417522201e-01  1.393269225e+00
 3.933463796e-01  4.431571986e-01  1.392444392e+00
 3.953033268e-01  4.445630290e-01  1.391583909e+00
 3.972602740e-01  4.459697456e-01  1.390692137e+00
 3.992172211e-01  4.473773795e-01  1.389771312e+00
 4.011741683e-01  4.487859609e-01  1.388818128e+00
 4.031311155e-01  4.501955277e-01  1.387828037e+00
 4.050880626e-01  4.516061196e-01  1.386803595e+00
 4.070450098e-01  4.530177698e-01  1.385748856e+00
 4.090019569e-01  4.544305098e-01  1.384664567e+00
 4.109589041e-01  4.558443717e-01  1.383552301e+00
 4.129158513e-01  4.572593842e-01  1.382409905e+00
 4.148727984e-01  4.586755838e-01  1.381235003e+00
 4.168297456e-01  4.600930046e-01  1.380029176e+00
 4.187866928e-01  4.615116803e-01  1.378794755e+00
 4.207436399e-01  4.629316403e-01  1.377535708e+00
 4.227005871e-01  4.643529104e-01  1.376252270e+00
 4.246575342e-01  4.657755201e-01  1.374939497e+00
 4.266144814e-01  4.671995056e-01  1.373596069e+00
 4.285714286e-01  4.686248994e-01  1.372226269e+00
 4.305283757e-01  4.700517293e-01  1.370834036e+00
 4.324853229e-01  4.714800199e-01  1.369420537e+00
 4.344422701e-01  4.729097969e-01  1.367981671e+00
 4.363992172e-01  4.743410937e-01  1.366515342e+00
 4.383561644e-01  4.757739409e-01  1.365024979e+00
 4.403131115e-01  4.772083649e-01  1.363513733e+00
 4.422700587e-01  4.786443899e-01  1.361982380e+00
 4.442270059e-01  4.800820414e-01  1.360429900e+00
 4.461839530e-01  4.815213459e-01  1.358855151e+00
 4.481409002e-01  4.829623315e-01  1.357259119e+00
 4.500978474e-01  4.844050230e-01  1.355643014e+00
 4.520547945e-01  4.858494464e-01  1.354007998e+00
 4.540117417e-01  4.872956243e-01  1.352355785e+00
 4.559686888e-01  4.887435792e-01  1.350686127e+00
 4.579256360e-01  4.901933348e-01  1.348998260e+00
 4.598825832e-01  4.916449154e-01  1.347291888e+00
 4.618395303e-01  4.930983456e-01  1.345568996e+00
 4.637964775e-01  4.945536458e-01  1.343832153e+00
 4.657534247e-01  4.960108355e-01  1.342081211e+00
 4.677103718e-01  4.974699356e-01  1.340315038e+00
 4.696673190e-01  4.989309682e-01  1.338533617e+00
 4.716242661e-01  5.003939547e-01  1.336738679e+00
 4.735812133e-01  5.018589136e-01  1.334932405e+00
 4.755381605e-01  5.033258619e-01  1.333114487e+00
 4.774951076e-01  5.047948190e-01  1.331284002e+00
 4.794520548e-01  5.062658041e-01  1.329441978e+00
 4.814090020e-01  5.077388347e-01  1.327589785e+00
 4.833659491e-01  5.092139272e-01  1.325728600e+00
 4.853228963e-01  5.106910967e-01  1.323857571e+00
 4.872798434e-01  5.121703618e-01  1.321976221e+00
 4.892367906e-01  5.136517387e-01  1.320086717e+00
 4.911937378e-01  5.151352415e-01  1.318190169e+00
 4.931506849e-01  5.166208842e-01  1.316286465e+00
 4.951076321e-01  5.181086812e-01  1.314375014e+00
 4.970645793e-01  5.195986481e-01  1.312455840e+00
 4.990215264e-01  5.210907995e-01  1.310530623e+00
 5.009784736e-01  5.225851472e-01  1.308600852e+00
 5.029354207e-01  5.240817027e-01  1.306665919e+00
 5.048923679e-01  5.255804795e-01  1.304725377e+00
 5.068493151e-01  5.270814901e-01  1.302779667e+00
 5.088062622e-01  5.285847471e-01  1.300829659e+00
 5.107632094e-01  5.300902612e-01  1.298876661e+00
 5.127201566e-01  5.315980423e-01  1.296920438e+00
 5.146771037e-01  5.331081015e-01  1.294960879e+00
 5.166340509e-01  5.346204493e-01  1.292998335e+00
 5.185909980e-01  5.361350960e-01  1.291033244e+00
 5.205479452e-01  5.376520512e-01  1.289066226e+00
 5.225048924e-01  5.391713240e-01  1.287097592e+00
 5.244618395e-01  5.406929231e-01  1.285127805e+00
 5.264187867e-01  5.422168568e-01  1.283156843e+00
 5.283757339e-01  5.437431340e-01  1.281184952e+00
 5.303326810e-01  5.452717623e-01  1.279212341e+00
 5.322896282e-01  5.468027503e-01  1.277239363e+00
 5.342465753e-01  5.483361049e-01  1.275266983e+00
 5.362035225e-01  5.498718323e-01  1.273295091e+00
 5.381604697e-01  5.514099399e-01  1.271323471e+00
 5.401174168e-01  5.529504344e-01  1.269352374e+00
 5.420743640e-01  5.544933225e-01  1.267382292e+00
 5.440313112e-01  5.560386100e-01  1.265414011e+00
 5.459882583e-01  5.575863016e-01  1.263447603e+00
 5.479452055e-01  5.591364029e-01  1.261482656e+00
 5.499021526e-01  5.606889198e-01  1.259519208e+00
 5.518590998e-01  5.622438578e-01  1.257558004e+00
 5.538160470e-01  5.638012209e-01  1.255599740e+00
 5.557729941e-01  5.653610128e-01  1.253644519e+00
 5.577299413e-01  5.669232375e-01  1.251691704e+00
 5.596868885e-01  5.684879003e-01  1.249741245e+00
 5.616438356e-01  5.700550051e-01  1.247794033e+00
 5.636007828e-01  5.716245550e-01  1.245850649e+00
 5.655577299e-01  5.731965526e-01  1.243911273e+00
 5.675146771e-01  5.747710005e-01  1.241975275e+00
 5.694716243e-01  5.763479029e-01  1.240042497e+00
 5.714285714e-01  5.779272626e-01  1.238113724e+00
 5.733855186e-01  5.795090818e-01  1.236189458e+00
 5.753424658e-01  5.810933623e-01  1.234269873e+00
 5.772994129e-01  5.826801056e-01  1.232354502e+00
 5.792563601e-01  5.842693145e-01  1.230443225e+00
 5.812133072e-01  5.858609911e-01  1.228536595e+00
 5.831702544e-01  5.874551366e-01  1.226635003e+00
 5.851272016e-01  5.890517520e-01  1.224738660e+00
 5.870841487e-01  5.906508380e-01  1.222847161e+00
 5.890410959e-01  5.922523965e-01  1.220960381e+00
 5.909980431e-01  5.938564285e-01  1.219078822e+00
 5.929549902e-01  5.954629345e-01  1.217202820e+00
 5.949119374e-01  5.970719147e-01  1.215332533e+00
 5.968688845e-01  5.986833691e-01  1.213467622e+00
 5.988258317e-01  6.002972986e-01  1.211607914e+00
 6.007827789e-01  6.019137037e-01  1.209753790e+00
 6.027397260e-01  6.035325842e-01  1.207905535e+00
 6.046966732e-01  6.051539396e-01  1.206063397e+00
 6.066536204e-01  6.067777692e-01  1.204227200e+00
 6.086105675e-01  6.084040729e-01  1.202396559e+00
 6.105675147e-01  6.100328507e-01  1.200571663e+00
 6.125244618e-01  6.116641022e-01  1.198752828e+00
 6.144814090e-01  6.132978264e-01  1.196940133e+00
 6.164383562e-01  6.149340225e-01  1.195133599e+00
 6.183953033e-01  6.165726894e-01  1.193332964e+00
 6.203522505e-01  6.182138269e-01  1.191538134e+00
 6.223091977e-01  6.198574342e-01  1.189749309e+00
 6.242661448e-01  6.215035105e-01  1.187966497e+00
 6.262230920e-01  6.231520547e-01  1.186189682e+00
 6.281800391e-01  6.248030660e-01  1.184418606e+00
 6.301369863e-01  6.264565440e-01  1.182653133e+00
 6.320939335e-01  6.281124883e-01  1.180893425e+00
 6.340508806e-01  6.297708979e-01  1.179139433e+00
 6.360078278e-01  6.314317723e-01  1.177391002e+00
 6.379647750e-01  6.330951110e-01  1.175647949e+00
 6.399217221e-01  6.347609140e-01  1.173909952e+00
 6.418786693e-01  6.364291816e-01  1.172177013e+00
 6.438356164e-01  6.380999136e-01  1.170449160e+00
 6.457925636e-01  6.397731103e-01  1.168726229e+00
 6.477495108e-01  6.414487719e-01  1.167008247e+00
 6.497064579e-01  6.431268985e-01  1.165294858e+00
 6.516634051e-01  6.448074914e-01  1.163585601e+00
 6.536203523e-01  6.464905518e-01  1.161880314e+00
 6.555772994e-01  6.481760815e-01  1.160178958e+00
 6.575342466e-01  6.498640818e-01  1.158481596e+00
 6.594911937e-01  6.515545543e-01  1.156788249e+00
 6.614481409e-01  6.532475001e-01  1.155098383e+00
 6.634050881e-01  6.549429224e-01  1.153411278e+00
 6.653620352e-01  6.566408244e-01  1.151726722e+00
 6.673189824e-01  6.583412098e-01  1.150044759e+00
 6.692759295e-01  6.600440820e-01  1.148365473e+00
 6.712328767e-01  6.617494441e-01  1.146688750e+00
 6.731898239e-01  6.634572998e-01  1.145013547e+00
 6.751467710e-01  6.651676556e-01  1.143339338e+00
 6.771037182e-01  6.668805167e-01  1.141666368e+00
 6.790606654e-01  6.685958888e-01  1.139994483e+00
 6.810176125e-01  6.703137776e-01  1.138323393e+00
 6.829745597e-01  6.720341898e-01  1.136652455e+00
 6.849315068e-01  6.737571332e-01  1.134980915e+00
 6.868884540e-01  6.754826166e-01  1.133308787e+00
 6.888454012e-01  6.772106479e-01  1.131636362e+00
 6.908023483e-01  6.789412352e-01  1.129962813e+00
 6.927592955e-01  6.806743890e-01  1.128287122e+00
 6.947162427e-01  6.824101206e-01  1.126609408e+00
 6.966731898e-01  6.841484401e-01  1.124929592e+00
 6.986301370e-01  6.858893594e-01  1.123247258e+00
 7.005870841e-01  6.876328899e-01  1.121562182e+00
 7.025440313e-01  6.893790444e-01  1.119873175e+00
 7.045009785e-01  6.911278382e-01  1.118179469e+00
 7.064579256e-01  6.928792865e-01  1.116481617e+00
 7.084148728e-01  6.946334032e-01  1.114779936e+00
 7.103718200e-01  6.963902026e-01  1.113073192e+00
 7.123287671e-01  6.981497029e-01  1.111360122e+00
 7.142857143e-01  6.999119225e-01  1.109641025e+00
 7.162426614e-01  7.016768787e-01  1.107915932e+00
 7.181996086e-01  7.034445904e-01  1.106184317e+00
 7.201565558e-01  7.052150767e-01  1.104445564e+00
 7.221135029e-01  7.069883587e-01  1.102698191e+00
 7.240704501e-01  7.087644607e-01  1.100941704e+00
 7.260273973e-01  7.105434056e-01  1.099177164e+00
 7.279843444e-01  7.123252146e-01  1.097405328e+00
 7.299412916e-01  7.141099086e-01  1.095624477e+00
 7.318982387e-01  7.158975148e-01  1.093832130e+00
 7.338551859e-01  7.176880624e-01  1.092028653e+00
 7.358121331e-01  7.194815780e-01  1.090214522e+00
 7.377690802e-01  7.212780896e-01  1.088389562e+00
 7.397260274e-01  7.230776248e-01  1.086553065e+00
 7.416829746e-01  7.248802146e-01  1.084703732e+00
 7.436399217e-01  7.266858913e-01  1.082841503e+00
 7.455968689e-01  7.284946865e-01  1.080966369e+00
 7.475538160e-01  7.303066332e-01  1.079078313e+00
 7.495107632e-01  7.321217637e-01  1.077176272e+00
 7.514677104e-01  7.339401151e-01  1.075257615e+00
 7.534246575e-01  7.357617292e-01  1.073322645e+00
 7.553816047e-01  7.375866428e-01  1.071373465e+00
 7.573385519e-01  7.394148912e-01  1.069410796e+00
 7.592954990e-01  7.412465095e-01  1.067433415e+00
 7.612524462e-01  7.430815378e-01  1.065439199e+00
 7.632093933e-01  7.449200192e-01  1.063429425e+00
 7.651663405e-01  7.467619902e-01  1.061405895e+00
 7.671232877e-01  7.486074883e-01  1.059369482e+00
 7.690802348e-01  7.504565478e-01  1.057321660e+00
 7.710371820e-01  7.523092017e-01  1.055263494e+00
 7.729941292e-01  7.541654810e-01  1.053197056e+00
 7.749510763e-01  7.560254121e-01  1.051124953e+00
 7.769080235e-01  7.578890173e-01  1.049049856e+00
 7.788649706e-01  7.597563139e-01  1.046976261e+00
 7.808219178e-01  7.616273084e-01  1.044907855e+00
 7.827788650e-01  7.635020049e-01  1.042846516e+00
 7.847358121e-01  7.653804033e-01  1.040794840e+00
 7.866927593e-01  7.672624981e-01  1.038755709e+00
 7.886497065e-01  7.691482784e-01  1.036736773e+00
 7.906066536e-01  7.710377106e-01  1.034745010e+00
 7.925636008e-01  7.729307576e-01  1.032782835e+00
 7.945205479e-01  7.748273759e-01  1.030852906e+00
 7.964774951e-01  7.767275176e-01  1.028956625e+00
 7.984344423e-01  7.786311328e-01  1.027104989e+00
 8.003913894e-01  7.805381315e-01  1.025306516e+00
 8.023483366e-01  7.824484305e-01  1.023558222e+00
 8.043052838e-01  7.843619490e-01  1.021859176e+00
 8.062622309e-01  7.862786056e-01  1.020210078e+00
 8.082191781e-01  7.881983150e-01  1.018628197e+00
 8.101761252e-01  7.901209288e-01  1.017129989e+00
 8.121330724e-01  7.920462975e-01  1.015710910e+00
 8.140900196e-01  7.939742870e-01  1.014362486e+00
 8.160469667e-01  7.959047777e-01  1.013088030e+00
 8.180039139e-01  7.978376208e-01  1.011898855e+00
 8.199608611e-01  7.997726513e-01  1.010803022e+00
 8.219178082e-01  8.017096872e-01  1.009796370e+00
 8.238747554e-01  8.036485774e-01  1.008868905e+00
 8.258317025e-01  8.055891762e-01  1.008015478e+00
 8.277886497e-01  8.075313507e-01  1.007257047e+00
 8.297455969e-01  8.094748728e-01  1.006608885e+00
 8.317025440e-01  8.114195491e-01  1.006053243e+00
 8.336594912e-01  8.133652184e-01  1.005573364e+00
 8.356164384e-01  8.153117511e-01  1.005162126e+00
 8.375733855e-01  8.172590128e-01  1.004823421e+00
 8.395303327e-01  8.192068579e-01  1.004553603e+00
 8.414872798e-01  8.211551657e-01  1.004342680e+00
 8.434442270e-01  8.231038290e-01  1.004176752e+00
 8.454011742e-01  8.250527807e-01  1.004042042e+00
 8.473581213e-01  8.270019669e-01  1.003933206e+00
 8.493150685e-01  8.289513412e-01  1.003843181e+00
 8.512720157e-01  8.309008770e-01  1.003765069e+00
 8.532289628e-01  8.328505547e-01  1.003686784e+00
 8.551859100e-01  8.348003947e-01  1.003594081e+00
 8.571428571e-01  8.367504326e-01  1.003481810e+00
 8.590998043e-01  8.387007089e-01  1.003331607e+00
 8.610567515e-01  8.406513307e-01  1.003125528e+00
 8.630136986e-01  8.426024084e-01  1.002860322e+00
 8.649706458e-01  8.445540621e-01  1.002538126e+00
 8.669275930e-01  8.465063942e-01  1.002153517e+00
 8.688845401e-01  8.484595463e-01  1.001701952e+00
 8.708414873e-01  8.504136390e-01  1.001156818e+00
 8.727984344e-01  8.523689189e-01  1.000497791e+00
 8.747553816e-01  8.543255870e-01  9.997362286e-01
 8.767123288e-01  8.562838472e-01  9.988771604e-01
 8.786692759e-01  8.582438826e-01  9.979212912e-01
 8.806262231e-01  8.602058963e-01  9.968757670e-01
 8.825831703e-01  8.621700454e-01  9.957187264e-01
 8.845401174e-01  8.641366221e-01  9.944328959e-01
 8.864970646e-01  8.661058544e-01  9.930341105e-01
 8.884540117e-01  8.680779757e-01  9.915323242e-01
 8.904109589e-01  8.700531781e-01  9.899311010e-01
 8.923679061e-01  8.720316849e-01  9.882315756e-01
 8.943248532e-01  8.740136875e-01  9.864401834e-01
 8.962818004e-01  8.759993874e-01  9.845345574e-01
 8.982387476e-01  8.779890708e-01  9.825156865e-01
 9.001956947e-01  8.799829400e-01  9.803945885e-01
 9.021526419e-01  8.819812429e-01  9.781802599e-01
 9.041095890e-01  8.839841501e-01  9.758853318e-01
 9.060665362e-01  8.859918633e-01  9.734762241e-01
 9.080234834e-01  8.880046972e-01  9.709606916e-01
 9.099804305e-01  8.900228275e-01  9.683487656e-01
 9.119373777e-01  8.920465356e-01  9.656202420e-01
 9.138943249e-01  8.940760882e-01  9.628117833e-01
 9.158512720e-01  8.961116201e-01  9.599159180e-01
 9.178082192e-01  8.981534380e-01  9.569106719e-01
 9.197651663e-01  9.002017764e-01  9.538714365e-01
 9.217221135e-01  9.022566262e-01  9.507495283e-01
 9.236790607e-01  9.043184408e-01  9.474655926e-01
 9.256360078e-01  9.063875612e-01  9.441076990e-01
 9.275929550e-01  9.084640687e-01  9.406814851e-01
 9.295499022e-01  9.105482908e-01  9.370985523e-01
 9.315068493e-01  9.126407099e-01  9.333732638e-01
 9.334637965e-01  9.147416038e-01  9.296949621e-01
 9.354207436e-01  9.168506105e-01  9.259000164e-01
 9.373776908e-01  9.189687676e-01  9.218097575e-01
 9.393346380e-01  9.210965348e-01  9.175841289e-01
 9.412915851e-01  9.232342478e-01  9.135400634e-01
 9.432485323e-01  9.253808880e-01  9.093506720e-01
 9.452054795e-01  9.275383562e-01  9.046463382e-01
 9.471624266e-01  9.297073857e-01  8.997360265e-01
 9.491193738e-01  9.318884703e-01  8.949819197e-01
 9.510763209e-01  9.340805960e-01  8.907391927e-01
 9.530332681e-01  9.362824985e-01  8.858466282e-01
 9.549902153e-01  9.384989446e-01  8.798249538e-01
 9.569471624e-01  9.407311015e-01  8.734828822e-01
 9.589041096e-01  9.429798586e-01  8.669397938e-01
 9.608610568e-01  9.452458421e-01  8.707170735e-01
 9.628180039e-01  9.474754708e-01  8.798586879e-01
 9.647749511e-01  9.496942169e-01  8.738560930e-01
 9.667318982e-01  9.519551425e-01  8.556015778e-01
 9.686888454e-01  9.542699199e-01  8.343810497e-01
 9.706457926e-01  9.566476045e-01  8.115255734e-01
 9.726027397e-01  9.590948075e-01  7.881274537e-01
 9.745596869e-01  9.616158676e-01  7.650372110e-01
 9.765166341e-01  9.642130226e-01  7.428862339e-01
 9.784735812e-01  9.668865797e-01  7.221216740e-01
 9.804305284e-01  9.696350871e-01  7.030443442e-01
 9.823874755e-01  9.724555025e-01  6.858441264e-01
 9.843444227e-01  9.753433626e-01  6.706303872e-01
 9.863013699e-01  9.782929501e-01  6.574567122e-01
 9.882583170e-01  9.812974587e-01  6.463401763e-01
 9.902152642e-01  9.843491566e-01  6.372759630e-01
 9.921722114e-01  9.874395466e-01  6.302481616e-01
 9.941291585e-01  9.905595230e-01  6.252375783e-01
 9.960861057e-01  9.936995261e-01  6.222272720e-01
 9.980430528e-01  9.968496921e-01  6.212063385e-01
 1.000000000e+00  1.000000000e+00  6.211783545e-01
4  4.280551172e-01  7.043126143e-01  1.014526565e+00  7.553077889e-01  9.567107035e-01  4.948136347e+01  4.343979459e-01  9.940826159e-01  3.722596758e-01  2.734332448e+00
5  5.548067387e-01  1.003390340e+00  1.008708040e+00  6.206849730e-01  9.304791231e-01  3.048280208e+01  3.834203894e-01  1.055198145e+00  5.424715195e-01  2.818937171e+00
6  6.565585132e-01  1.164153124e+00  1.005159877e+00  5.302536773e-01  9.076634964e-01  2.263929304e+01  3.546317315e-01  1.137239433e+00  6.652672318e-01  2.770164260e+00
7  7.439020902e-01  1.312913423e+00  1.002731459e+00  4.653430477e-01  8.919817341e-01  1.838326283e+01  3.359899005e-01  1.228065154e+00  7.621263278e-01  2.683802605e+00
8  8.174774937e-01  1.580576648e+00  1.001023521e+00  4.161015147e-01  8.922725500e-01  1.620579670e+01  3.240165010e-01  1.338775440e+00  8.377929166e-01  2.576192378e+00
9  8.718702824e-01  2.150393904e+00  9.999218346e-01  3.767917174e-01  9.231102456e-01  1.585831091e+01  3.173615331e-01  1.491821672e+00  8.922083915e-01  2.439627995e+00
10  9.124246360e-01  2.261483266e+00  9.993050423e-01  3.446878472e-01  1.002058099e+00  1.743828426e+01  3.147728887e-01  1.727412668e+00  9.313051297e-01  2.296377445e+00
11  9.563779886e-01  2.703248783e+00  9.996447382e-01  3.200946462e-01  1.144557612e+00  2.101571288e+01  3.169158983e-01  2.025574343e+00  9.704266401e-01  2.188924399e+00
12  9.783148180e-01  5.384589937e+00  9.998819366e-01  2.971647626e-01  1.384751231e+00  2.923040074e+01  3.207657798e-01  2.842021543e+00  9.863157461e-01  2.053025289e+00
13  9.894045497e-01  9.793404668e+00  9.999460654e-01  2.766287013e-01  1.651936913e+00  3.965263437e+01  3.250148197e-01  4.537579545e+00  9.934061734e-01  1.916705184e+00
14  9.948080810e-01  1.806826998e+01  9.999730631e-01  2.592012806e-01  1.822619182e+00  4.597970738e+01  3.293550059e-01  7.664562349e+00  9.967754859e-01  1.789566169e+00
0 0 -1.234855595e-01  1.633895068e-17
0 1  1.344357456e-02 -5.250967471e-03
0 2 -1.503353740e-02  6.354698420e-03
0 3  4.141437698e-03 -7.516774667e-03
0 4 -4.115947962e-04  6.809581135e-03
0 5 -4.827122266e-03 -3.149091588e-03
0 6  3.332879125e-03 -2.868201172e-03
0 7  2.856575093e-03  2.424514503e-03
0 8 -4.046561229e-04  3.419656869e-03
0 9 -2.110929977e-03  2.396888585e-03
0 10 -2.541359051e-03  1.515133905e-03
1 0 -1.088675843e-01 -4.252292731e-02
1 1 -9.531814236e-02 -1.720400897e-17
1 2  9.039500451e-03 -7.481315514e-03
1 3 -1.339478600e-02  9.100564476e-03
1 4 -7.021610923e-04 -9.415799842e-03
1 5  4.209280850e-03  5.071307019e-03
1 6 -5.966497837e-03  2.956143193e-03
1 7 -3.802997933e-03 -3.821047576e-03
1 8  7.673492185e-04 -4.389619969e-03
1 9  2.808964561e-03 -2.709505759e-03
1 10  3.269479974e-03 -1.444953294e-03
2 0  1.217432829e-01  5.146106512e-02
2 1 -9.483504637e-02 -7.848784428e-02
2 2 -7.616633311e-02 -1.365188954e-18
2 3  4.738221755e-03 -9.258054502e-03
2 4 -8.939250468e-03  1.038415722e-02
2 5 -6.898019003e-03 -7.549488190e-03
2 6  5.247408467e-03 -1.788930818e-03
2 7  1.584255344e-03  5.113037492e-03
2 8 -3.226206627e-03  4.376230592e-03
2 9 -4.778779328e-03  1.948299652e-03
2 10 -4.712176136e-03  5.413321124e-04
3 0 -3.353782996e-02 -6.087168974e-02
3 1  1.405271407e-01  9.547568019e-02
3 2 -6.220887316e-02 -1.215504820e-01
3 3 -6.282158811e-02 -4.777628560e-17
3 4  7.226579494e-04 -1.092969392e-02
3 5 -3.787083258e-03  9.866337589e-03
3 6 -1.099205202e-02 -1.475570512e-03
3 7 -2.152607585e-03 -6.461076859e-03
3 8  3.040663935e-03 -3.368624247e-03
3 9  3.814393491e-03 -1.980289240e-04
3 10  3.433426290e-03  1.398950901e-03
4 0  3.333141120e-03  5.514475669e-02
4 1  7.366499964e-03 -9.878287186e-02
4 2  1.173648527e-01  1.363352651e-01
4 3 -1.150333780e-02 -1.739799048e-01
4 4 -5.289057472e-02 -5.125988798e-17
4 5 -3.712420215e-03 -1.239361165e-02
4 6  1.040532048e-03  6.029378604e-03
4 7 -7.178410497e-03  5.720514359e-03
4 8 -8.605153977e-03 -2.352950962e-05
4 9 -6.689909896e-03 -3.203735582e-03
4 10 -4.861453864e-03 -3.931788988e-03
5 0  3.909058099e-02 -2.550169915e-02
5 1 -4.416033240e-02  5.320400601e-02
5 2  9.056519753e-02 -9.911844094e-02
5 3  6.028315062e-02  1.570532979e-01
5 4  7.019058187e-02 -2.343255243e-01
5 5 -4.468893313e-02  3.603161683e-17
5 6 -8.362092088e-03 -1.250639518e-02
5 7  2.546330316e-03 -1.649856509e-03
5 8  4.566369862e-04  4.411532853e-03
5 9 -2.565800579e-03  5.318222573e-03
5 10 -3.821832181e-03  5.082409878e-03
6 0 -2.699003137e-02 -2.322701685e-02
6 1  6.259561600e-02  3.101343690e-02
6 2 -6.889406714e-02 -2.348715954e-02
6 3  1.749725270e-01 -2.348827141e-02
6 4 -1.967329820e-02  1.139972223e-01
6 5  1.871177382e-01 -2.798544137e-01
6 6 -3.757537738e-02  2.516913138e-16
6 7 -1.108734199e-02 -9.081182730e-03
6 8 -1.885202875e-03 -6.914760812e-03
6 9  1.070587448e-03 -3.469465002e-03
6 10  1.689485901e-03 -1.064117403e-03
7 0 -2.313286755e-02  1.963399212e-02
7 1  3.989794428e-02 -4.008730637e-02
7 2 -2.079994244e-02  6.712988907e-02
7 3  3.426541179e-02 -1.028480345e-01
7 4  1.357219228e-01  1.081575383e-01
7 5 -5.697899094e-02 -3.691868195e-02
7 6  2.950693450e-01 -2.416790825e-01
7 7 -3.286670762e-02 -1.007636519e-16
7 8 -1.530550010e-02 -7.391045752e-03
7 9 -8.608939072e-03 -8.507024985e-03
7 10 -5.301444733e-03 -7.094589480e-03
8 0  3.276950961e-03  2.769276734e-02
8 1 -8.050400474e-03 -4.605230296e-02
8 2  4.235738410e-02  5.745623313e-02
8 3 -4.840157702e-02 -5.362208037e-02
8 4  1.626973052e-01 -4.448715058e-04
8 5 -1.021812235e-02  9.871645046e-02
8 6  5.017122930e-02 -1.840237223e-01
8 7  4.656840070e-01 -2.248794080e-01
8 8 -2.505333478e-02  2.611293798e-17
8 9 -1.380107745e-02 -3.693339138e-03
8 10 -1.102858659e-02 -4.140186038e-03
9 0  1.709454923e-02  1.941027432e-02
9 1 -2.946935905e-02 -2.842591863e-02
9 2  6.274136004e-02  2.557953853e-02
9 3 -6.071787750e-02 -3.152243201e-03
9 4  1.264858613e-01 -6.057290167e-02
9 5  5.741467516e-02  1.190053600e-01
9 6 -2.849172843e-02 -9.233347059e-02
9 7  2.619349395e-01 -2.588341091e-01
9 8  5.508678813e-01 -1.474190630e-01
9 9 -1.951408031e-02 -1.263219134e-16
9 10 -1.058509956e-02 -5.530257947e-04
10 0  2.058021246e-02  1.226972539e-02
10 1 -3.430071015e-02 -1.515926830e-02
10 2  6.186691605e-02  7.107236101e-03
10 3 -5.465360545e-02  2.226863317e-02
10 4  9.191531553e-02 -7.433817856e-02
10 5  8.552077469e-02  1.137286017e-01
10 6 -4.496257972e-02 -2.831954001e-02
10 7  1.613013629e-01 -2.158594515e-01
10 8  4.402043357e-01 -1.652548882e-01
10 9  5.424339445e-01 -2.833983389e-02
10 10 -1.643264122e-02  5.882701947e-18
0 0 -8.469139010e+00 -7.025756023e-16
0 1 -8.416401920e-01  4.749961006e-01
0 2  1.339501965e+00 -4.664865729e-01
0 3 -2.122529626e-01  3.818371614e-01
0 4  4.766139100e-02 -2.953269749e-01
0 5  1.786674113e-01  1.307362896e-01
0 6 -1.184452260e-01  8.783688965e-02
0 7 -1.061100983e-01 -5.449521685e-02
0 8  4.184012784e-03 -8.509709624e-02
0 9  6.736180552e-02 -4.006557377e-02
0 10  1.003663108e-01  1.073718037e-02
1 0 -8.416401920e-01 -4.749961006e-01
1 1 -1.120793750e+01  7.191484411e-15
1 2 -7.450252815e-01  1.102478353e+00
1 3  1.994842607e+00 -1.116733438e+00
1 4  4.667280829e-02  7.800141061e-01
1 5 -2.476318829e-01 -3.893766942e-01
1 6  3.743549785e-01 -1.411774032e-01
1 7  2.238649428e-01  1.711360796e-01
1 8 -2.891262666e-02  1.772916167e-01
1 9 -1.254052181e-01  5.843303040e-02
1 10 -2.056821775e-01 -5.548835906e-02
2 0  1.339501965e+00  4.664865729e-01
2 1 -7.450252815e-01 -1.102478353e+00
2 2 -1.423759163e+01  1.127564655e-14
2 3 -3.028898317e-01  2.066426890e+00
2 4  2.175457225e+00 -2.003784423e+00
2 5  8.544275067e-01  1.003343874e+00
2 6 -5.523226366e-01  5.572410885e-02
2 7 -1.859422148e-01 -3.985163287e-01
2 8  1.936589086e-01 -2.735742004e-01
2 9  3.114257713e-01 -3.430907124e-02
2 10  3.245732042e-01  1.864947940e-01
3 0 -2.122529626e-01 -3.818371614e-01
3 1  1.994842607e+00  1.116733438e+00
3 2 -3.028898317e-01 -2.066426890e+00
3 3 -1.764644690e+01  2.220829002e-14
3 4  6.797042435e-01  3.524494011e+00
3 5  1.737832526e+00 -3.007353001e+00
3 6  2.055647779e+00  4.294778326e-01
3 7  3.120146651e-01  8.560079843e-01
3 8 -3.484522166e-01  2.751460707e-01
3 9 -3.134822490e-01 -1.932051438e-01
3 10 -2.696786355e-01 -5.667164398e-01
4 0  4.766139100e-02  2.953269749e-01
4 1  4.667280829e-02 -7.800141061e-01
4 2  2.175457225e+00  2.003784423e+00
4 3  6.797042435e-01 -3.524494011e+00
4 4 -2.163173084e+01 -4.170216912e-14
4 5  2.737059040e+00  5.711464805e+00
4 6  5.720201038e-01 -3.516660849e+00
4 7  1.754778031e+00 -1.425026065e+00
4 8  1.306006318e+00  4.556470967e-02
4 9  7.014138079e-01  5.722644780e-01
4 10  1.150336779e-01  8.868597034e-01
5 0  1.786674113e-01 -1.307362896e-01
5 1 -2.476318829e-01  3.893766942e-01
5 2  8.544275067e-01 -1.003343874e+00
5 3  1.737832526e+00  3.007353001e+00
5 4  2.737059040e+00 -5.711464805e+00
5 5 -2.641519511e+01 -1.864836121e-13
5 6  6.024990739e+00  7.544375620e+00
5 7 -9.807958029e-01 -4.991108601e-01
5 8  1.530808943e-01 -1.820708159e+00
5 9  1.226919164e+00 -1.533981195e+00
5 10  2.061379854e+00 -1.359966249e+00
6 0 -1.184452260e-01 -8.783688965e-02
6 1  3.743549785e-01  1.411774032e-01
6 2 -5.523226366e-01 -5.572410885e-02
6 3  2.055647779e+00 -4.294778326e-01
6 4  5.720201038e-01  3.516660849e+00
6 5  6.024990739e+00 -7.544375620e+00
6 6 -3.135797460e+01 -1.012032429e-13
6 7  9.732733181e+00  6.895968300e+00
6 8  2.809963690e-02  1.650737257e+00
6 9 -7.351045760e-01 -8.296933333e-01
6 10 -7.995543032e-01 -2.793511742e+00
7 0 -1.061100983e-01  5.449521685e-02
7 1  2.238649428e-01 -1.711360796e-01
7 2 -1.859422148e-01  3.985163287e-01
7 3  3.120146651e-01 -8.560079843e-01
7 4  1.754778031e+00  1.425026065e+00
7 5 -9.807958029e-01  4.991108601e-01
7 6  9.732733181e+00 -6.895968300e+00
7 7 -4.144218909e+01  5.434736914e-14
7 8  1.721280265e+01  7.261898113e+00
7 9  2.814859299e+00  3.259560911e+00
7 10 -1.555891427e+00  1.735254910e-01
8 0  4.184012784e-03  8.509709624e-02
8 1 -2.891262666e-02 -1.772916167e-01
8 2  1.936589086e-01  2.735742004e-01
8 3 -3.484522166e-01 -2.751460707e-01
8 4  1.306006318e+00 -4.556470967e-02
8 5  1.530808943e-01  1.820708159e+00
8 6  2.809963690e-02 -1.650737257e+00
8 7  1.721280265e+01 -7.261898113e+00
8 8 -5.816415627e+01  2.179671427e-13
8 9  2.330379493e+01  5.505504671e+00
8 10  8.858754220e+00  4.240236195e+00
9 0  6.736180552e-02  4.006557377e-02
9 1 -1.254052181e-01 -5.843303040e-02
9 2  3.114257713e-01  3.430907124e-02
9 3 -3.134822490e-01  1.932051438e-01
9 4  7.014138079e-01 -5.722644780e-01
9 5  1.226919164e+00  1.533981195e+00
9 6 -7.351045760e-01  8.296933333e-01
9 7  2.814859299e+00 -3.259560911e+00
9 8  2.330379493e+01 -5.505504671e+00
9 9 -6.919941950e+01  5.233527910e-13
9 10  3.300954102e+01  1.724606137e+00
10 0  1.003663108e-01 -1.073718037e-02
10 1 -2.056821775e-01  5.548835906e-02
10 2  3.245732042e-01 -1.864947940e-01
10 3 -2.696786355e-01  5.667164398e-01
10 4  1.150336779e-01 -8.868597034e-01
10 5  2.061379854e+00  1.359966249e+00
10 6 -7.995543032e-01  2.793511742e+00
10 7 -1.555891427e+00 -1.735254910e-01
10 8  8.858754220e+00 -4.240236195e+00
10 9  3.300954102e+01 -1.724606137e+00
10 10 -6.085448995e+01 -2.178522744e-14
0  4.978577883e-02 -1.302097883e-03 -1.380421375e-01 -1.857313038e-02
1  8.220393488e-02 -1.748728236e-03  1.638083635e-01  5.359548145e-02
2  1.150488618e-01 -3.508049853e-03 -1.541331291e-01 -1.066913535e-01
3  1.560497246e-01 -4.721455887e-03  9.683945175e-02  1.694678124e-01
4  2.003601696e-01 -8.153968468e-03  2.712953440e-02 -1.955576487e-01
5  2.385235765e-01 -1.010987490e-02 -1.706981150e-01  9.346192833e-02
6  2.688633606e-01 -1.249825950e-02  1.335819332e-01  1.330945475e-01
7  3.090436866e-01 -1.644606200e-02  1.518383791e-01 -9.859710880e-02
8  3.122916258e-01 -1.756570972e-02  3.638839796e-03 -1.699076305e-01
9  2.982687074e-01 -2.202038467e-02 -8.831319016e-02 -1.321960378e-01
10  2.974528361e-01  5.366816146e-03 -1.175130393e-01 -9.110042155e-02
