 1.695500020e+00 -1.804159450e+00  8.600613054e-01  3.479097893e+00  9.338555144e-01  9.648676720e-01  6.697502890e+00 512 3 10
 0.000000000e+00  0.000000000e+00 -1.807817332e-05
 1.956947162e-03  2.953158341e-02  1.325505696e-01
 3.913894325e-03  4.176229747e-02  1.874665015e-01
 5.870841487e-03  5.114641010e-02  2.296136743e-01
 7.827788650e-03  5.905710477e-02  2.651460269e-01
 9.784735812e-03  6.602634524e-02  2.964466780e-01
 1.174168297e-02  7.232699853e-02  3.247370364e-01
 1.369863014e-02  7.812119002e-02  3.507421053e-01
 1.565557730e-02  8.351457529e-02  3.749338399e-01
 1.761252446e-02  8.858055988e-02  3.976397331e-01
 1.956947162e-02  9.337260342e-02  4.190979696e-01
 2.152641879e-02  9.793107468e-02  4.394881472e-01
 2.348336595e-02  1.022873454e-01  4.589496208e-01
 2.544031311e-02  1.064663717e-01  4.775914391e-01
 2.739726027e-02  1.104884207e-01  4.954975999e-01
 2.935420744e-02  1.143702613e-01  5.127552307e-01
 3.131115460e-02  1.181256711e-01  5.294341940e-01
 3.326810176e-02  1.217664143e-01  5.455794643e-01
 3.522504892e-02  1.253025499e-01  5.612368315e-01
 3.718199609e-02  1.287427472e-01  5.764432207e-01
 3.913894325e-02  1.320945797e-01  5.912303439e-01
 4.109589041e-02  1.353646790e-01  6.056279330e-01
 4.305283757e-02  1.385589000e-01  6.196621955e-01
 4.500978474e-02  1.416824347e-01  6.333575544e-01
 4.696673190e-02  1.447399088e-01  6.467347008e-01
 4.892367906e-02  1.477354780e-01  6.598117309e-01
 5.088062622e-02  1.506728840e-01  6.726059980e-01
 5.283757339e-02  1.535555092e-01  6.851337756e-01
 5.479452055e-02  1.563864189e-01  6.974060830e-01
 5.675146771e-02  1.591684346e-01  7.094317852e-01
 5.870841487e-02  1.619041387e-01  7.212226313e-01
 6.066536204e-02  1.645958954e-01  7.327908026e-01
 6.262230920e-02  1.672458722e-01  7.441461695e-01
 6.457925636e-02  1.698560742e-01  7.552989981e-01
 6.653620352e-02  1.724283414e-01  7.662605973e-01
 6.849315068e-02  1.749643732e-01  7.770326447e-01
 7.045009785e-02  1.774657924e-01  7.876143362e-01
 7.240704501e-02  1.799341170e-01  7.980205011e-01
 7.436399217e-02  1.823707065e-01  8.082679001e-01
 7.632093933e-02  1.847768236e-01  8.183511900e-01
 7.827788650e-02  1.871537221e-01  8.282650435e-01
 8.023483366e-02  1.895025695e-01  8.380248337e-01
 8.219178082e-02  1.918244142e-01  8.476412919e-01
 8.414872798e-02  1.941202569e-01  8.571138350e-01
 8.610567515e-02  1.963910535e-01  8.664440494e-01
 8.806262231e-02  1.986377072e-01  8.756353068e-01
 9.001956947e-02  2.008610729e-01  8.846901749e-01
 9.197651663e-02  2.030619638e-01  8.936135578e-01
 9.393346380e-02  2.052411393e-01  9.024162092e-01
 9.589041096e-02  2.073992952e-01  9.110963443e-01
 9.784735812e-02  2.095371387e-01  9.196473824e-01
 9.980430528e-02  2.116553406e-01  9.280766612e-01
 1.017612524e-01  2.137545205e-01  9.363935647e-01
 1.037181996e-01  2.158352569e-01  9.446013852e-01
 1.056751468e-01  2.178981097e-01  9.526967128e-01
 1.076320939e-01  2.199436301e-01  9.606792620e-01
 1.095890411e-01  2.219723390e-01  9.685528164e-01
 1.115459883e-01  2.239847334e-01  9.763206875e-01
 1.135029354e-01  2.259812847e-01  9.839887472e-01
 1.154598826e-01  2.279624330e-01  9.915584850e-01
 1.174168297e-01  2.299286130e-01  9.990252369e-01
 1.193737769e-01  2.318802541e-01  1.006388094e+00
 1.213307241e-01  2.338177664e-01  1.013654553e+00
 1.232876712e-01  2.357415238e-01  1.020832964e+00
 1.252446184e-01  2.376518804e-01  1.027919463e+00
 1.272015656e-01  2.395492016e-01  1.034908220e+00
 1.291585127e-01  2.414338412e-01  1.041802949e+00
 1.311154599e-01  2.433061298e-01  1.048609832e+00
 1.330724070e-01  2.451663789e-01  1.055330399e+00
 1.350293542e-01  2.470148950e-01  1.061965705e+00
 1.369863014e-01  2.488519685e-01  1.068515268e+00
 1.389432485e-01  2.506778908e-01  1.074975349e+00
 1.409001957e-01  2.524929488e-01  1.081348315e+00
 1.428571429e-01  2.542974104e-01  1.087641912e+00
 1.448140900e-01  2.560915220e-01  1.093859180e+00
 1.467710372e-01  2.578755280e-01  1.099994065e+00
 1.487279843e-01  2.596496815e-01  1.106042563e+00
 1.506849315e-01  2.614142272e-01  1.112010337e+00
 1.526418787e-01  2.631693880e-01  1.117903638e+00
 1.545988258e-01  2.649153770e-01  1.123722413e+00
 1.565557730e-01  2.666524066e-01  1.129464439e+00
 1.585127202e-01  2.683806868e-01  1.135127731e+00
 1.604696673e-01  2.701004260e-01  1.140712267e+00
 1.624266145e-01  2.718118243e-01  1.146221842e+00
 1.643835616e-01  2.735150695e-01  1.151662305e+00
 1.663405088e-01  2.752103357e-01  1.157033978e+00
 1.682974560e-01  2.768978015e-01  1.162328902e+00
 1.702544031e-01  2.785776565e-01  1.167545706e+00
 1.722113503e-01  2.802500753e-01  1.172692531e+00
 1.741682975e-01  2.819152164e-01  1.177774124e+00
 1.761252446e-01  2.835732340e-01  1.182787292e+00
 1.780821918e-01  2.852242889e-01  1.187728149e+00
 1.800391389e-01  2.868685400e-01  1.192597478e+00
 1.819960861e-01  2.885061393e-01  1.197397657e+00
 1.839530333e-01  2.901372330e-01  1.202130586e+00
 1.859099804e-01  2.917619622e-01  1.206798980e+00
 1.878669276e-01  2.933804601e-01  1.211403461e+00
 1.898238748e-01  2.949928612e-01  1.215938285e+00
 1.917808219e-01  2.965993086e-01  1.220401769e+00
 1.937377691e-01  2.981999362e-01  1.224800754e+00
 1.956947162e-01  2.997948645e-01  1.229140283e+00
 1.976516634e-01  3.013842094e-01  1.233417076e+00
 1.996086106e-01  3.029680956e-01  1.237626338e+00
 2.015655577e-01  3.045466474e-01  1.241768618e+00
 2.035225049e-01  3.061199837e-01  1.245847375e+00
 2.054794521e-01  3.076882160e-01  1.249865341e+00
 2.074363992e-01  3.092514525e-01  1.253823781e+00
 2.093933464e-01  3.108097978e-01  1.257721137e+00
 2.113502935e-01  3.123633608e-01  1.261553239e+00
 2.133072407e-01  3.139122528e-01  1.265319769e+00
 2.152641879e-01  3.154565799e-01  1.269026862e+00
 2.172211350e-01  3.169964355e-01  1.272679477e+00
 2.191780822e-01  3.185319106e-01  1.276272465e+00
 2.211350294e-01  3.200631080e-01  1.279800747e+00
 2.230919765e-01  3.215901280e-01  1.283266763e+00
 2.250489237e-01  3.231130649e-01  1.286675606e+00
 2.270058708e-01  3.246320042e-01  1.290028345e+00
 2.289628180e-01  3.261470349e-01  1.293322322e+00
 2.309197652e-01  3.276582465e-01  1.296557867e+00
 2.328767123e-01  3.291657249e-01  1.299734801e+00
 2.348336595e-01  3.306695576e-01  1.302851558e+00
 2.367906067e-01  3.321698318e-01  1.305910854e+00
 2.387475538e-01  3.336666265e-01  1.308916851e+00
 2.407045010e-01  3.351600175e-01  1.311867893e+00
 2.426614481e-01  3.366500855e-01  1.314760262e+00
 2.446183953e-01  3.381369128e-01  1.317593369e+00
 2.465753425e-01  3.396205795e-01  1.320370698e+00
 2.485322896e-01  3.411011582e-01  1.323095859e+00
 2.504892368e-01  3.425787193e-01  1.325766337e+00
 2.524461840e-01  3.440533391e-01  1.328381086e+00
 2.544031311e-01  3.455250889e-01  1.330941118e+00
 2.563600783e-01  3.469940413e-01  1.333444466e+00
 2.583170254e-01  3.484602701e-01  1.335892973e+00
 2.602739726e-01  3.499238424e-01  1.338290626e+00
 2.622309198e-01  3.513848221e-01  1.340636993e+00
 2.641878669e-01  3.528432757e-01  1.342928862e+00
 2.661448141e-01  3.542992727e-01  1.345163603e+00
 2.681017613e-01  3.557528843e-01  1.347344572e+00
 2.700587084e-01  3.572041713e-01  1.349477880e+00
 2.720156556e-01  3.586531905e-01  1.351560422e+00
 2.739726027e-01  3.601000084e-01  1.353587955e+00
 2.759295499e-01  3.615446898e-01  1.355562710e+00
 2.778864971e-01  3.629872952e-01  1.357486257e+00
 2.798434442e-01  3.644278852e-01  1.359359374e+00
 2.818003914e-01  3.658665176e-01  1.361182621e+00
 2.837573386e-01  3.673032508e-01  1.362954283e+00
 2.857142857e-01  3.687381455e-01  1.364675894e+00
 2.876712329e-01  3.701712559e-01  1.366346604e+00
 2.896281800e-01  3.716026436e-01  1.367965440e+00
 2.915851272e-01  3.730323640e-01  1.369537159e+00
 2.935420744e-01  3.744604680e-01  1.371060557e+00
 2.954990215e-01  3.758870130e-01  1.372532291e+00
 2.974559687e-01  3.773120560e-01  1.373954491e+00
 2.994129159e-01  3.787356491e-01  1.375328877e+00
 3.013698630e-01  3.801578453e-01  1.376656144e+00
 3.033268102e-01  3.815786946e-01  1.377934768e+00
 3.052837573e-01  3.829982525e-01  1.379162468e+00
 3.072407045e-01  3.844165733e-01  1.380343385e+00
 3.091976517e-01  3.858337033e-01  1.381480019e+00
 3.111545988e-01  3.872496911e-01  1.382567971e+00
 3.131115460e-01  3.886645916e-01  1.383607138e+00
 3.150684932e-01  3.900784531e-01  1.384599824e+00
 3.170254403e-01  3.914913255e-01  1.385546317e+00
 3.189823875e-01  3.929032560e-01  1.386447811e+00
 3.209393346e-01  3.943142916e-01  1.387302996e+00
 3.228962818e-01  3.957244818e-01  1.388112050e+00
 3.248532290e-01  3.971338730e-01  1.388876710e+00
 3.268101761e-01  3.985425108e-01  1.389594281e+00
 3.287671233e-01  3.999504468e-01  1.390265977e+00
 3.307240705e-01  4.013577238e-01  1.390896525e+00
 3.326810176e-01  4.027643834e-01  1.391483699e+00
 3.346379648e-01  4.041704730e-01  1.392025075e+00
 3.365949119e-01  4.055760387e-01  1.392520807e+00
 3.385518591e-01  4.069811272e-01  1.392972737e+00
 3.405088063e-01  4.083857810e-01  1.393384547e+00
 3.424657534e-01  4.097900391e-01  1.393754638e+00
 3.444227006e-01  4.111939471e-01  1.394080271e+00
 3.463796477e-01  4.125975492e-01  1.394363533e+00
 3.483365949e-01  4.140008868e-01  1.394604886e+00
 3.502935421e-01  4.154040032e-01  1.394803750e+00
 3.522504892e-01  4.168069406e-01  1.394962213e+00
 3.542074364e-01  4.182097382e-01  1.395081316e+00
 3.561643836e-01  4.196124361e-01  1.395161028e+00
 3.581213307e-01  4.210150734e-01  1.395198411e+00
 3.600782779e-01  4.224176961e-01  1.395192658e+00
 3.620352250e-01  4.238203450e-01  1.395148302e+00
 3.639921722e-01  4.252230569e-01  1.395068646e+00
 3.659491194e-01  4.266258659e-01  1.394951113e+00
 3.679060665e-01  4.280288142e-01  1.394792223e+00
 3.698630137e-01  4.294319429e-01  1.394592944e+00
 3.718199609e-01  4.308352922e-01  1.394355859e+00
 3.737769080e-01  4.322388981e-01  1.394083016e+00
 3.757338552e-01  4.336427968e-01  1.393774589e+00
 3.776908023e-01  4.350470239e-01  1.393429881e+00
 3.796477495e-01  4.364516173e-01  1.393047382e+00
 3.816046967e-01  4.378566157e-01  1.392626693e+00
 3.835616438e-01  4.392620578e-01  1.392168923e+00
 3.855185910e-01  4.406679804e-01  1.391677808e+00
 3.874755382e-01  4.420744147e-01  1.391155954e+00
 3.894324853e-01  4.434813922e-01  1.390599514e+00
 3.913894325e-01  4.448889523e-01  1.390004120e+00
 3.933463796e-01  4.462971355e-01  1.389372162e+00
 3.953033268e-01  4.477059763e-01  1.388708848e+00
 3.972602740e-01  4.491155051e-01  1.388017010e+00
 3.992172211e-01  4.505257507e-01  1.387293904e+00
 4.011741683e-01  4.519367493e-01  1.386534750e+00
 4.031311155e-01  4.533485396e-01  1.385740711e+00
 4.050880626e-01  4.547611557e-01  1.384916000e+00
 4.070450098e-01  4.561746280e-01  1.384062040e+00
 4.090019569e-01  4.575889879e-01  1.383179960e+00
 4.109589041e-01  4.590042635e-01  1.382268116e+00
 4.129158513e-01  4.604204901e-01  1.381323520e+00
 4.148727984e-01  4.618377021e-01  1.380347235e+00
 4.168297456e-01  4.632559326e-01  1.379341664e+00
 4.187866928e-01  4.646752118e-01  1.378310431e+00
 4.207436399e-01  4.660955654e-01  1.377255193e+00
 4.227005871e-01  4.675170203e-01  1.376170602e+00
 4.246575342e-01  4.689396136e-01  1.375053567e+00
 4.266144814e-01  4.703633790e-01  1.373908512e+00
 4.285714286e-01  4.717883446e-01  1.372739679e+00
 4.305283757e-01  4.732145355e-01  1.371549196e+00
 4.324853229e-01  4.746419760e-01  1.370333401e+00
 4.344422701e-01  4.760706988e-01  1.369088246e+00
 4.363992172e-01  4.775007369e-01  1.367816381e+00
 4.383561644e-01  4.789321180e-01  1.366521828e+00
 4.403131115e-01  4.803648669e-01  1.365205927e+00
 4.422700587e-01  4.817990087e-01  1.363868223e+00
 4.442270059e-01  4.832345695e-01  1.362506545e+00
 4.461839530e-01  4.846715793e-01  1.361120461e+00
 4.481409002e-01  4.861100655e-01  1.359711898e+00
 4.500978474e-01  4.875500542e-01  1.358282224e+00
 4.520547945e-01  4.889915701e-01  1.356833621e+00
 4.540117417e-01  4.904346352e-01  1.355365894e+00
 4.559686888e-01  4.918792749e-01  1.353877037e+00
 4.579256360e-01  4.933255157e-01  1.352366401e+00
 4.598825832e-01  4.947733847e-01  1.350835891e+00
 4.618395303e-01  4.962229046e-01  1.349288877e+00
 4.637964775e-01  4.976740956e-01  1.347725898e+00
 4.657534247e-01  4.991269795e-01  1.346144816e+00
 4.677103718e-01  5.005815815e-01  1.344544399e+00
 4.696673190e-01  5.020379263e-01  1.342926426e+00
 4.716242661e-01  5.034960354e-01  1.341293887e+00
 4.735812133e-01  5.049559275e-01  1.339647379e+00
 4.755381605e-01  5.064176231e-01  1.337984947e+00
 4.774951076e-01  5.078811453e-01  1.336306733e+00
 4.794520548e-01  5.093465146e-01  1.334614346e+00
 4.814090020e-01  5.108137509e-01  1.332909105e+00
 4.833659491e-01  5.122828720e-01  1.331191349e+00
 4.853228963e-01  5.137538974e-01  1.329460019e+00
 4.872798434e-01  5.152268475e-01  1.327716244e+00
 4.892367906e-01  5.167017394e-01  1.325961676e+00
 4.911937378e-01  5.181785902e-01  1.324196477e+00
 4.931506849e-01  5.196574170e-01  1.322420446e+00
 4.951076321e-01  5.211382374e-01  1.320633558e+00
 4.970645793e-01  5.226210687e-01  1.318836878e+00
 4.990215264e-01  5.241059266e-01  1.317032186e+00
 5.009784736e-01  5.255928245e-01  1.315219430e+00
 5.029354207e-01  5.270817783e-01  1.313398230e+00
 5.048923679e-01  5.285728027e-01  1.311569239e+00
 5.068493151e-01  5.300659122e-01  1.309732922e+00
 5.088062622e-01  5.315611205e-01  1.307890491e+00
 5.107632094e-01  5.330584397e-01  1.306042473e+00
 5.127201566e-01  5.345578824e-01  1.304188840e+00
 5.146771037e-01  5.360594608e-01  1.302330277e+00
 5.166340509e-01  5.375631863e-01  1.300466897e+00
 5.185909980e-01  5.390690709e-01  1.298598947e+00
 5.205479452e-01  5.405771256e-01  1.296727197e+00
 5.225048924e-01  5.420873607e-01  1.294852555e+00
 5.244618395e-01  5.435997851e-01  1.292975517e+00
 5.264187867e-01  5.451144083e-01  1.291095817e+00
 5.283757339e-01  5.466312398e-01  1.289213338e+00
 5.303326810e-01  5.481502895e-01  1.287328618e+00
 5.322896282e-01  5.496715657e-01  1.285442967e+00
 5.342465753e-01  5.511950753e-01  1.283557168e+00
 5.362035225e-01  5.527208250e-01  1.281670672e+00
 5.381604697e-01  5.542488228e-01  1.279782873e+00
 5.401174168e-01  5.557790770e-01  1.277894564e+00
 5.420743640e-01  5.573115939e-01  1.276006948e+00
 5.440313112e-01  5.588463790e-01  1.274120754e+00
 5.459882583e-01  5.603834367e-01  1.272235613e+00
 5.479452055e-01  5.619227734e-01  1.270350717e+00
 5.499021526e-01  5.634643958e-01  1.268466827e+00
 5.518590998e-01  5.650083083e-01  1.266585115e+00
 5.538160470e-01  5.665545147e-01  1.264706048e+00
 5.557729941e-01  5.681030185e-01  1.262829445e+00
 5.577299413e-01  5.696538237e-01  1.260954582e+00
 5.596868885e-01  5.712069357e-01  1.259081951e+00
 5.616438356e-01  5.727623574e-01  1.257212672e+00
 5.636007828e-01  5.743200913e-01  1.255347260e+00
 5.655577299e-01  5.758801390e-01  1.253485398e+00
 5.675146771e-01  5.774425039e-01  1.251626511e+00
 5.694716243e-01  5.790071890e-01  1.249771098e+00
 5.714285714e-01  5.805741963e-01  1.247919918e+00
 5.733855186e-01  5.821435270e-01  1.246073458e+00
 5.753424658e-01  5.837151817e-01  1.244231544e+00
 5.772994129e-01  5.852891622e-01  1.242393752e+00
 5.792563601e-01  5.868654701e-01  1.240560368e+00
 5.812133072e-01  5.884441063e-01  1.238732012e+00
 5.831702544e-01  5.900250708e-01  1.236909080e+00
 5.851272016e-01  5.916083636e-01  1.235091424e+00
 5.870841487e-01  5.931939849e-01  1.233278733e+00
 5.890410959e-01  5.947819353e-01  1.231471276e+00
 5.909980431e-01  5.963722145e-01  1.229669489e+00
 5.929549902e-01  5.979648219e-01  1.227873633e+00
 5.949119374e-01  5.995597563e-01  1.226083669e+00
 5.968688845e-01  6.011570172e-01  1.224299241e+00
 5.988258317e-01  6.027566042e-01  1.222520466e+00
 6.007827789e-01  6.043585165e-01  1.220747713e+00
 6.027397260e-01  6.059627527e-01  1.218981150e+00
 6.046966732e-01  6.075693114e-01  1.217220782e+00
 6.066536204e-01  6.091781911e-01  1.215466146e+00
 6.086105675e-01  6.107893915e-01  1.213717116e+00
 6.105675147e-01  6.124029115e-01  1.211974028e+00
 6.125244618e-01  6.140187498e-01  1.210236969e+00
 6.144814090e-01  6.156369049e-01  1.208505944e+00
 6.164383562e-01  6.172573754e-01  1.206780425e+00
 6.183953033e-01  6.188801613e-01  1.205060138e+00
 6.203522505e-01  6.205052617e-01  1.203345321e+00
 6.223091977e-01  6.221326759e-01  1.201635997e+00
 6.242661448e-01  6.237624030e-01  1.199932144e+00
 6.262230920e-01  6.253944422e-01  1.198233250e+00
 6.281800391e-01  6.270287940e-01  1.196538790e+00
 6.301369863e-01  6.286654588e-01  1.194848897e+00
 6.320939335e-01  6.303044368e-01  1.193163756e+00
 6.340508806e-01  6.319457279e-01  1.191483191e+00
 6.360078278e-01  6.335893327e-01  1.189806763e+00
 6.379647750e-01  6.352352522e-01  1.188133832e+00
 6.399217221e-01  6.368834887e-01  1.186464227e+00
 6.418786693e-01  6.385340438e-01  1.184798130e+00
 6.438356164e-01  6.401869191e-01  1.183135408e+00
 6.457925636e-01  6.418421167e-01  1.181475665e+00
 6.477495108e-01  6.434996392e-01  1.179818425e+00
 6.497064579e-01  6.451594900e-01  1.178163307e+00
 6.516634051e-01  6.468216729e-01  1.176510326e+00
 6.536203523e-01  6.484861911e-01  1.174859238e+00
 6.555772994e-01  6.501530492e-01  1.173209248e+00
 6.575342466e-01  6.518222526e-01  1.171560364e+00
 6.594911937e-01  6.534938059e-01  1.169912457e+00
 6.614481409e-01  6.551677150e-01  1.168265202e+00
 6.634050881e-01  6.568439855e-01  1.166618568e+00
 6.653620352e-01  6.585226233e-01  1.164971505e+00
 6.673189824e-01  6.602036370e-01  1.163323272e+00
 6.692759295e-01  6.618870348e-01  1.161674452e+00
 6.712328767e-01  6.635728238e-01  1.160024844e+00
 6.731898239e-01  6.652610128e-01  1.158373823e+00
 6.751467710e-01  6.669516107e-01  1.156720812e+00
 6.771037182e-01  6.686446282e-01  1.155065404e+00
 6.790606654e-01  6.703400754e-01  1.153407562e+00
 6.810176125e-01  6.720379633e-01  1.151746982e+00
 6.829745597e-01  6.737383030e-01  1.150083527e+00
 6.849315068e-01  6.754411060e-01  1.148415755e+00
 6.868884540e-01  6.771463880e-01  1.146743079e+00
 6.888454012e-01  6.788541622e-01  1.145066602e+00
 6.908023483e-01  6.805644411e-01  1.143386414e+00
 6.927592955e-01  6.822772381e-01  1.141701495e+00
 6.947162427e-01  6.839925689e-01  1.140010407e+00
 6.966731898e-01  6.857104512e-01  1.138312224e+00
 6.986301370e-01  6.874309039e-01  1.136607276e+00
 7.005870841e-01  6.891539438e-01  1.134896534e+00
 7.025440313e-01  6.908795872e-01  1.133180210e+00
 7.045009785e-01  6.926078506e-01  1.131456454e+00
 7.064579256e-01  6.943387560e-01  1.129723453e+00
 7.084148728e-01  6.960723259e-01  1.127981602e+00
 7.103718200e-01  6.978085813e-01  1.126231328e+00
 7.123287671e-01  6.995475436e-01  1.124472734e+00
 7.142857143e-01  7.012892340e-01  1.122704947e+00
 7.162426614e-01  7.030336770e-01  1.120926927e+00
 7.181996086e-01  7.047808972e-01  1.119138805e+00
 7.201565558e-01  7.065309191e-01  1.117340489e+00
 7.221135029e-01  7.082837680e-01  1.115531208e+00
 7.240704501e-01  7.100394713e-01  1.113709316e+00
 7.260273973e-01  7.117980599e-01  1.111874234e+00
 7.279843444e-01  7.135595634e-01  1.110027195e+00
 7.299412916e-01  7.153240094e-01  1.108169215e+00
 7.318982387e-01  7.170914246e-01  1.106300156e+00
 7.338551859e-01  7.188618376e-01  1.104417249e+00
 7.358121331e-01  7.206352846e-01  1.102517441e+00
 7.377690802e-01  7.224118043e-01  1.100601324e+00
 7.397260274e-01  7.241914318e-01  1.098670998e+00
 7.416829746e-01  7.259741996e-01  1.096727236e+00
 7.436399217e-01  7.277601409e-01  1.094768542e+00
 7.455968689e-01  7.295492938e-01  1.092793164e+00
 7.475538160e-01  7.313416977e-01  1.090801246e+00
 7.495107632e-01  7.331373910e-01  1.088792597e+00
 7.514677104e-01  7.349364145e-01  1.086766488e+00
 7.534246575e-01  7.367388097e-01  1.084722755e+00
 7.553816047e-01  7.385446188e-01  1.082660932e+00
 7.573385519e-01  7.403538857e-01  1.080582081e+00
 7.592954990e-01  7.421666497e-01  1.078488415e+00
 7.612524462e-01  7.439829481e-01  1.076381189e+00
 7.632093933e-01  7.458028168e-01  1.074259435e+00
 7.651663405e-01  7.476262971e-01  1.072121059e+00
 7.671232877e-01  7.494534327e-01  1.069967024e+00
 7.690802348e-01  7.512842624e-01  1.067800255e+00
 7.710371820e-01  7.531188208e-01  1.065622700e+00
 7.729941292e-01  7.549571408e-01  1.063435315e+00
 7.749510763e-01  7.567992540e-01  1.061238724e+00
 7.769080235e-01  7.586451919e-01  1.059033957e+00
 7.788649706e-01  7.604949833e-01  1.056822734e+00
 7.808219178e-01  7.623486540e-01  1.054605893e+00
 7.827788650e-01  7.642062304e-01  1.052384504e+00
 7.847358121e-01  7.660677349e-01  1.050161068e+00
 7.866927593e-01  7.679331854e-01  1.047937153e+00
 7.886497065e-01  7.698025992e-01  1.045713401e+00
 7.906066536e-01  7.716759922e-01  1.043490884e+00
 7.925636008e-01  7.735533778e-01  1.041272296e+00
 7.945205479e-01  7.754347623e-01  1.039061377e+00
 7.964774951e-01  7.773201458e-01  1.036860632e+00
 7.984344423e-01  7.792095252e-01  1.034670232e+00
 8.003913894e-01  7.811028999e-01  1.032490901e+00
 8.023483366e-01  7.830002637e-01  1.030327158e+00
 8.043052838e-01  7.849015990e-01  1.028184901e+00
 8.062622309e-01  7.868068774e-01  1.026064970e+00
 8.082191781e-01  7.887160773e-01  1.023965150e+00
 8.101761252e-01  7.906291779e-01  1.021887401e+00
 8.121330724e-01  7.925461493e-01  1.019837130e+00
 8.140900196e-01  7.944669496e-01  1.017825156e+00
 8.160469667e-01  7.963915070e-01  1.015855360e+00
 8.180039139e-01  7.983197634e-01  1.013922759e+00
 8.199608611e-01  8.002516643e-01  1.012025183e+00
 8.219178082e-01  8.021871584e-01  1.010173331e+00
 8.238747554e-01  8.041261486e-01  1.008377682e+00
 8.258317025e-01  8.060685417e-01  1.006633920e+00
 8.277886497e-01  8.080142552e-01  1.004936269e+00
 8.297455969e-01  8.099632163e-01  1.003286697e+00
 8.317025440e-01  8.119153330e-01  1.001694303e+00
 8.336594912e-01  8.138704953e-01  1.000171393e+00
 8.356164384e-01  8.158285609e-01  9.987219156e-01
 8.375733855e-01  8.177894022e-01  9.973354760e-01
 8.395303327e-01  8.197529154e-01  9.960119869e-01
 8.414872798e-01  8.217189710e-01  9.947590583e-01
 8.434442270e-01  8.236874333e-01  9.935853759e-01
 8.454011742e-01  8.256581361e-01  9.924902282e-01
 8.473581213e-01  8.276309447e-01  9.914605508e-01
 8.493150685e-01  8.296057428e-01  9.904959156e-01
 8.512720157e-01  8.315823957e-01  9.896018591e-01
 8.532289628e-01  8.335607635e-01  9.887900625e-01
 8.551859100e-01  8.355406631e-01  9.880652386e-01
 8.571428571e-01  8.375219344e-01  9.874177330e-01
 8.590998043e-01  8.395044314e-01  9.868443391e-01
 8.610567515e-01  8.414880056e-01  9.863439772e-01
 8.630136986e-01  8.434725144e-01  9.859178869e-01
 8.649706458e-01  8.454578033e-01  9.855690475e-01
 8.669275930e-01  8.474437171e-01  9.852813808e-01
 8.688845401e-01  8.494301655e-01  9.850410820e-01
 8.708414873e-01  8.514170483e-01  9.848455367e-01
 8.727984344e-01  8.534042855e-01  9.846898915e-01
 8.747553816e-01  8.553917964e-01  9.845608405e-01
 8.767123288e-01  8.573795547e-01  9.844486802e-01
 8.786692759e-01  8.593675185e-01  9.843350972e-01
 8.806262231e-01  8.613557356e-01  9.842113885e-01
 8.825831703e-01  8.633441991e-01  9.840443088e-01
 8.845401174e-01  8.653330914e-01  9.838109392e-01
 8.864970646e-01  8.673224985e-01  9.835010356e-01
 8.884540117e-01  8.693126445e-01  9.830993795e-01
 8.904109589e-01  8.713036776e-01  9.826011473e-01
 8.923679061e-01  8.732958426e-01  9.819906336e-01
 8.943248532e-01  8.752893523e-01  9.812681928e-01
 8.962818004e-01  8.772844520e-01  9.803851084e-01
 8.982387476e-01  8.792815553e-01  9.793232250e-01
 9.001956947e-01  8.812809844e-01  9.781169167e-01
 9.021526419e-01  8.832830172e-01  9.767947604e-01
 9.041095890e-01  8.852878631e-01  9.753631193e-01
 9.060665362e-01  8.872957780e-01  9.737767662e-01
 9.080234834e-01  8.893071623e-01  9.720400698e-01
 9.099804305e-01  8.913222591e-01  9.701657597e-01
 9.119373777e-01  8.933414237e-01  9.681322530e-01
 9.138943249e-01  8.953649957e-01  9.659764495e-01
 9.158512720e-01  8.973931835e-01  9.636945004e-01
 9.178082192e-01  8.994263513e-01  9.612681927e-01
 9.197651663e-01  9.014647917e-01  9.587745189e-01
 9.217221135e-01  9.035085495e-01  9.561639479e-01
 9.236790607e-01  9.055581380e-01  9.533558390e-01
 9.256360078e-01  9.076139550e-01  9.504339701e-01
 9.275929550e-01  9.096761655e-01  9.474107280e-01
 9.295499022e-01  9.117451255e-01  9.442180093e-01
 9.315068493e-01  9.138213079e-01  9.408727949e-01
 9.334637965e-01  9.159050076e-01  9.375562245e-01
 9.354207436e-01  9.179959029e-01  9.341082355e-01
 9.373776908e-01  9.200950193e-01  9.303541763e-01
 9.393346380e-01  9.222028252e-01  9.264509157e-01
 9.412915851e-01  9.243196686e-01  9.227010755e-01
 9.432485323e-01  9.264446356e-01  9.187961475e-01
 9.452054795e-01  9.285795218e-01  9.143872429e-01
 9.471624266e-01  9.307250350e-01  9.097683600e-01
 9.491193738e-01  9.328816571e-01  9.052520774e-01
 9.510763209e-01  9.350486253e-01  9.011423386e-01
 9.530332681e-01  9.372249561e-01  8.964796412e-01
 9.549902153e-01  9.394145545e-01  8.908711147e-01
 9.569471624e-01  9.416183823e-01  8.849949040e-01
 9.589041096e-01  9.438371605e-01  8.789554446e-01
 9.608610568e-01  9.460713821e-01  8.838451021e-01
 9.628180039e-01  9.482661226e-01  8.944208720e-01
 9.647749511e-01  9.504473632e-01  8.890212589e-01
 9.667318982e-01  9.526693522e-01  8.706380869e-01
 9.686888454e-01  9.549440298e-01  8.490611403e-01
 9.706457926e-01  9.572806914e-01  8.256926191e-01
 9.726027397e-01  9.596861610e-01  8.016871297e-01
 9.745596869e-01  9.621649650e-01  7.779455063e-01
 9.765166341e-01  9.647195045e-01  7.551371524e-01
 9.784735812e-01  9.673502276e-01  7.337362755e-01
 9.804305284e-01  9.700558016e-01  7.140617878e-01
 9.823874755e-01  9.728332838e-01  6.963148401e-01
 9.843444227e-01  9.756782921e-01  6.806111470e-01
 9.863013699e-01  9.785851734e-01  6.670072539e-01
 9.882583170e-01  9.815471709e-01  6.555210203e-01
 9.902152642e-01  9.845565884e-01  6.461471227e-01
 9.921722114e-01  9.876049521e-01  6.388684899e-01
 9.941291585e-01  9.906831704e-01  6.336645648e-01
 9.960861057e-01  9.937816884e-01  6.305171349e-01
 9.980430528e-01  9.968906408e-01  6.294143151e-01
 1.000000000e+00  1.000000000e+00  6.293319483e-01
4  4.313762423e-01  6.778725700e-01  1.015499801e+00  7.560264455e-01  9.535133935e-01  4.888397514e+01  4.349764545e-01  9.956005147e-01  3.725742112e-01  2.732921160e+00
5  5.630923109e-01  9.907110877e-01  1.009140970e+00  6.219429851e-01  9.270384973e-01  2.966349168e+01  3.819589564e-01  1.055855047e+00  5.494300908e-01  2.836040705e+00
6  6.669255469e-01  1.162158094e+00  1.005298529e+00  5.316946935e-01  9.044103641e-01  2.198098983e+01  3.527559450e-01  1.137926868e+00  6.751166221e-01  2.788509825e+00
7  7.558527753e-01  1.315927701e+00  1.002663734e+00  4.668889741e-01  8.896726756e-01  1.786663052e+01  3.340066730e-01  1.230082051e+00  7.739461008e-01  2.701752162e+00
8  8.290876784e-01  1.642362926e+00  1.000882528e+00  4.174928350e-01  8.934689232e-01  1.592712371e+01  3.224047924e-01  1.349433262e+00  8.488018646e-01  2.588478791e+00
9  8.812977296e-01  2.294094557e+00  9.998364951e-01  3.778489739e-01  9.323299828e-01  1.594801894e+01  3.164517483e-01  1.524644285e+00  9.002120734e-01  2.443206390e+00
10  9.187516708e-01  2.677680317e+00  9.993342059e-01  3.454441439e-01  1.026227754e+00  1.811636637e+01  3.146041869e-01  1.801770113e+00  9.361262129e-01  2.291183767e+00
11  9.555008439e-01  2.066173462e+00  9.994691078e-01  3.199231574e-01  1.190072245e+00  2.270873265e+01  3.167640369e-01  2.166140193e+00  9.691600802e-01  2.166500501e+00
12  9.814224141e-01  5.549803615e+00  9.998707033e-01  2.976528464e-01  1.442443270e+00  3.142983202e+01  3.213024725e-01  2.999374665e+00  9.881765092e-01  2.040655052e+00
13  9.914860953e-01  1.119531467e+01  9.999460134e-01  2.772480435e-01  1.700854008e+00  4.161553908e+01  3.258019782e-01  4.921459124e+00  9.946375089e-01  1.903140528e+00
0 0 -1.233220811e-01 -9.835673952e-19
0 1  1.337550966e-02 -5.469543200e-03
0 2 -1.460370053e-02  6.601065497e-03
0 3  3.735560228e-03 -7.713574822e-03
0 4  1.839642838e-04  6.736949921e-03
0 5 -5.238727310e-03 -2.517403121e-03
0 6  2.673102628e-03 -3.598151248e-03
0 7  3.462422663e-03  1.562115077e-03
0 8  9.454573680e-04  3.327182429e-03
0 9 -8.124382953e-04  3.108611867e-03
1 0 -1.084599736e-01 -4.435169398e-02
1 1 -9.503968052e-02  5.628552972e-17
1 2  8.976237844e-03 -7.820237458e-03
1 3 -1.299142065e-02  9.475076734e-03
1 4 -1.431871484e-03 -9.557758013e-03
1 5  4.869475387e-03  4.432234604e-03
1 6 -5.423414377e-03  4.053422108e-03
1 7 -4.894262143e-03 -2.934212911e-03
1 8 -1.003815720e-03 -4.637835715e-03
1 9  1.322403869e-03 -3.932107945e-03
2 0  1.184191866e-01  5.352703619e-02
2 1 -9.444726450e-02 -8.228391988e-02
2 2 -7.591340171e-02 -1.654514123e-17
2 3  4.514695939e-03 -9.674763521e-03
2 4 -8.375418419e-03  1.070657782e-02
2 5 -7.919432139e-03 -7.142511187e-03
2 6  4.871942965e-03 -3.122586598e-03
2 7  2.805544864e-03  4.530337077e-03
2 8 -1.583656451e-03  5.167786767e-03
2 9 -3.690327468e-03  3.702586382e-03
3 0 -3.029108976e-02 -6.254820511e-02
3 1  1.366947004e-01  9.969600784e-02
3 2 -5.947165899e-02 -1.274447371e-01
3 3 -6.249487391e-02  3.010362166e-17
3 4  2.329005311e-04 -1.143378919e-02
3 5 -3.053978064e-03  9.878423066e-03
3 6 -1.157287625e-02 -1.650088684e-04
3 7 -3.938467838e-03 -6.580354389e-03
3 8  1.607669129e-03 -4.898697525e-03
3 9  3.377033474e-03 -2.326271223e-03
4 0 -1.491738399e-03  5.462890232e-02
4 1  1.506603848e-02 -1.005659737e-01
4 2  1.103285880e-01  1.410367284e-01
4 3 -3.726714153e-03 -1.829556327e-01
4 4 -5.246532496e-02  1.018938979e-17
4 5 -4.614717937e-03 -1.291931036e-02
4 6  1.713371136e-03  5.146275587e-03
4 7 -6.490057460e-03  6.642735588e-03
4 8 -8.700401529e-03  1.913594525e-03
4 9 -7.891030835e-03 -1.205939390e-03
5 0  4.248004302e-02 -2.041323905e-02
5 1 -5.123623481e-02  4.663562187e-02
5 2  1.043219242e-01 -9.408761860e-02
5 3  4.886765702e-02  1.580677334e-01
5 4  8.795748317e-02 -2.462447411e-01
5 5 -4.402938594e-02  7.904899264e-17
5 6 -9.541720425e-03 -1.268479111e-02
5 7  2.117130560e-03 -3.016391100e-03
5 8  1.460417316e-03  3.053182835e-03
5 9 -7.858555053e-04  4.862088683e-03
6 0 -2.167578268e-02 -2.917686124e-02
6 1  5.706473704e-02  4.264978676e-02
6 2 -6.417763999e-02 -4.113353542e-02
6 3  1.851812081e-01 -2.640358450e-03
6 4 -3.265721001e-02  9.808908247e-02
6 5  2.167125482e-01 -2.880982970e-01
6 6 -3.669024818e-02  8.371637407e-18
6 7 -1.218828317e-02 -9.079597924e-03
6 8 -3.239472634e-03 -7.415534610e-03
6 9 -2.027222026e-05 -4.710211665e-03
7 0 -2.807625879e-02  1.266695359e-02
7 1  5.149703909e-02 -3.087355613e-02
7 2 -3.695717490e-02  5.967769820e-02
7 3  6.302065420e-02 -1.052943062e-01
7 4  1.237018443e-01  1.266119212e-01
7 5 -4.808448981e-02 -6.850858889e-02
7 6  3.321940781e-01 -2.474662444e-01
7 7 -3.164206014e-02  1.312899938e-16
7 8 -1.458966672e-02 -5.897202973e-03
7 9 -9.394396595e-03 -7.224720277e-03
8 0 -7.666570007e-03  2.697961630e-02
8 1  1.056206960e-02 -4.879894050e-02
8 2  2.086135537e-02  6.807476217e-02
8 3 -2.572481594e-02 -7.838558939e-02
8 4  1.658314617e-01  3.647350944e-02
8 5 -3.316915021e-02  6.934420660e-02
8 6  8.829246993e-02 -2.021118684e-01
8 7  4.610846024e-01 -1.863722826e-01
8 8 -2.545698124e-02 -2.934888171e-17
8 9 -1.427575503e-02 -2.986089005e-03
9 0  6.587938577e-03  2.520726086e-02
9 1 -1.391422890e-02 -4.137332873e-02
9 2  4.861233175e-02  4.877381725e-02
9 3 -5.403696756e-02 -3.722339254e-02
9 4  1.504046881e-01 -2.298545546e-02
9 5  1.784843210e-02  1.104282647e-01
9 6  5.525233888e-04 -1.283777543e-01
9 7  2.968958580e-01 -2.283264821e-01
9 8  5.607795712e-01 -1.172994149e-01
9 9 -1.896779859e-02 -1.057224331e-16
0 0 -8.474003497e+00 -4.280755183e-15
0 1 -8.418083750e-01  4.945815360e-01
0 2  1.305426496e+00 -4.848192469e-01
0 3 -1.910208272e-01  3.936357400e-01
0 4  2.287251014e-02 -2.940813852e-01
0 5  1.996454023e-01  1.104088576e-01
0 6 -9.461811187e-02  1.200514099e-01
0 7 -1.054255333e-01 -3.199928233e-02
0 8 -2.331596981e-02 -8.829448241e-02
0 9  9.130422488e-02 -8.427349227e-02
1 0 -8.418083750e-01 -4.945815360e-01
1 1 -1.124884358e+01 -9.644160286e-15
1 2 -7.347312248e-01  1.155912422e+00
1 3  1.954662356e+00 -1.168981886e+00
1 4  1.062528440e-01  7.982956897e-01
1 5 -3.050432084e-01 -3.569171893e-01
1 6  3.432313642e-01 -2.231475310e-01
1 7  2.449106355e-01  1.294899558e-01
1 8  2.912237657e-02  2.012492767e-01
1 9 -2.049516594e-01  1.409439561e-01
2 0  1.305426496e+00  4.848192469e-01
2 1 -7.347312248e-01 -1.155912422e+00
2 2 -1.431922640e+01 -5.322096461e-15
2 3 -2.404210746e-01  2.174195216e+00
2 4  2.094774334e+00 -2.090607437e+00
2 5  1.007049181e+00  9.837197526e-01
2 6 -5.393328264e-01  2.290623476e-01
2 7 -2.348138931e-01 -3.642504388e-01
2 8  1.314237919e-01 -3.464230919e-01
2 9  4.919451754e-01 -1.366477626e-01
3 0 -1.910208272e-01 -3.936357400e-01
3 1  1.954662356e+00  1.168981886e+00
3 2 -2.404210746e-01 -2.174195216e+00
3 3 -1.785597141e+01 -4.220883929e-14
3 4  8.675160556e-01  3.733995626e+00
3 5  1.576122126e+00 -3.143165867e+00
3 6  2.241193754e+00  1.630717286e-01
3 7  4.667785591e-01  8.556568125e-01
3 8 -2.841614090e-01  4.292592043e-01
3 9 -6.314313941e-01 -2.462541251e-01
4 0  2.287251014e-02  2.940813852e-01
4 1  1.062528440e-01 -7.982956897e-01
4 2  2.094774334e+00  2.090607437e+00
4 3  8.675160556e-01 -3.733995626e+00
4 4 -2.207426844e+01 -3.428576119e-14
4 5  3.231374296e+00  6.138780919e+00
4 6  1.550433876e-01 -3.332662587e+00
4 7  1.786906002e+00 -1.699549151e+00
4 8  1.497641304e+00 -2.185499794e-01
4 9  1.227490572e+00  8.346821121e-01
5 0  1.996454023e-01 -1.104088576e-01
5 1 -3.050432084e-01  3.569171893e-01
5 2  1.007049181e+00 -9.837197526e-01
5 3  1.576122126e+00  3.143165867e+00
5 4  3.231374296e+00 -6.138780919e+00
5 5 -2.708133538e+01 -5.762424114e-14
5 6  7.109550222e+00  8.129479351e+00
5 7 -1.015965627e+00 -4.984087409e-01
5 8 -1.059116090e-01 -1.851507980e+00
5 9  1.710079250e+00 -2.800730602e+00
6 0 -9.461811187e-02 -1.200514099e-01
6 1  3.432313642e-01  2.231475310e-01
6 2 -5.393328264e-01 -2.290623476e-01
6 3  2.241193754e+00 -1.630717286e-01
6 4  1.550433876e-01  3.332662587e+00
6 5  7.109550222e+00 -8.129479351e+00
6 6 -3.281873770e+01 -1.536495149e-13
6 7  1.085868268e+01  7.213817911e+00
6 8  2.972093589e-01  1.838838325e+00
6 9 -1.475770164e+00 -1.759684789e+00
7 0 -1.054255333e-01  3.199928233e-02
7 1  2.449106355e-01 -1.294899558e-01
7 2 -2.348138931e-01  3.642504388e-01
7 3  4.667785591e-01 -8.556568125e-01
7 4  1.786906002e+00  1.699549151e+00
7 5 -1.015965627e+00  4.984087409e-01
7 6  1.085868268e+01 -7.213817911e+00
7 7 -4.176658261e+01 -2.376004072e-13
7 8  1.590158075e+01  5.631804425e+00
7 9  3.173293506e+00  3.676112382e+00
8 0 -2.331596981e-02  8.829448241e-02
8 1  2.912237657e-02 -2.012492767e-01
8 2  1.314237919e-01  3.464230919e-01
8 3 -2.841614090e-01 -4.292592043e-01
8 4  1.497641303e+00  2.185499794e-01
8 5 -1.059116090e-01  1.851507980e+00
8 6  2.972093589e-01 -1.838838325e+00
8 7  1.590158075e+01 -5.631804425e+00
8 8 -5.658669835e+01  5.475523344e-13
8 9  2.956482106e+01  6.184134355e+00
9 0  9.130422488e-02  8.427349227e-02
9 1 -2.049516594e-01 -1.409439561e-01
9 2  4.919451754e-01  1.366477626e-01
9 3 -6.314313941e-01  2.462541251e-01
9 4  1.227490572e+00 -8.346821121e-01
9 5  1.710079250e+00  2.800730602e+00
9 6 -1.475770164e+00  1.759684789e+00
9 7  3.173293506e+00 -3.676112382e+00
9 8  2.956482106e+01 -6.184134355e+00
9 9 -5.272093096e+01  2.938551393e-13
0  4.974528802e-02 -1.658981181e-03 -1.400883847e-01 -1.972618990e-02
1  8.655714967e-02 -2.392084181e-03  1.665416462e-01  5.769535461e-02
2  1.233536809e-01 -4.684071479e-03 -1.538279649e-01 -1.141109182e-01
3  1.690135747e-01 -6.439606390e-03  8.888565292e-02  1.782905822e-01
4  2.156848942e-01 -1.061652387e-02  4.560436923e-02 -1.954197052e-01
5  2.516724917e-01 -1.298319167e-02 -1.841043357e-01  6.896049638e-02
6  2.777469092e-01 -1.535493760e-02  1.020245028e-01  1.594584640e-01
7  3.068578310e-01 -1.889374350e-02  1.727263531e-01 -5.319792774e-02
8  3.158176900e-01 -2.069026600e-02  6.933605918e-02 -1.548906996e-01
9  3.055726920e-01 -1.653040645e-02 -1.763393229e-02 -1.573732784e-01
