 1.695500020e+00 -1.800427830e+00  8.629680851e-01  3.338862118e+00  9.327379896e-01  9.647510960e-01  6.657264820e+00 512 3 10
 0.000000000e+00  0.000000000e+00 -1.825870444e-05
 1.956947162e-03  2.988074125e-02  1.310021018e-01
 3.913894325e-03  4.225602449e-02  1.852771122e-01
 5.870841487e-03  5.175101377e-02  2.269333357e-01
 7.827788650e-03  5.975512272e-02  2.620528985e-01
 9.784735812e-03  6.680659975e-02  2.929911869e-01
 1.174168297e-02  7.318153360e-02  3.209554382e-01
 1.369863014e-02  7.904396244e-02  3.466622740e-01
 1.565557730e-02  8.450078727e-02  3.705782160e-01
 1.761252446e-02  8.962627806e-02  3.930270049e-01
 1.956947162e-02  9.447452323e-02  4.142441100e-01
 2.152641879e-02  9.908636580e-02  4.344070936e-01
 2.348336595e-02  1.034935455e-01  4.536537403e-01
 2.544031311e-02  1.077213109e-01  4.720917608e-01
 2.739726027e-02  1.117901678e-01  4.898038148e-01
 2.935420744e-02  1.157170873e-01  5.068770267e-01
 3.131115460e-02  1.195159944e-01  5.233810881e-01
 3.326810176e-02  1.231987871e-01  5.393599835e-01
 3.522504892e-02  1.267756388e-01  5.548587948e-01
 3.718199609e-02  1.302553193e-01  5.699144521e-01
 3.913894325e-02  1.336454832e-01  5.845587690e-01
 4.109589041e-02  1.369528346e-01  5.988213796e-01
 4.305283757e-02  1.401832882e-01  6.127279750e-01
 4.500978474e-02  1.433420952e-01  6.263012831e-01
 4.696673190e-02  1.464339424e-01  6.395612887e-01
 4.892367906e-02  1.494630366e-01  6.525263811e-01
 5.088062622e-02  1.524331644e-01  6.652140458e-01
 5.283757339e-02  1.553477467e-01  6.776402712e-01
 5.479452055e-02  1.582098865e-01  6.898163221e-01
 5.675146771e-02  1.610224344e-01  7.017515201e-01
 5.870841487e-02  1.637880000e-01  7.134574870e-01
 6.066536204e-02  1.665089722e-01  7.249467756e-01
 6.262230920e-02  1.691875374e-01  7.362300077e-01
 6.457925636e-02  1.718257156e-01  7.473144843e-01
 6.653620352e-02  1.744253825e-01  7.582077835e-01
 6.849315068e-02  1.769882735e-01  7.689164764e-01
 7.045009785e-02  1.795160103e-01  7.794455322e-01
 7.240704501e-02  1.820101069e-01  7.898042557e-01
 7.436399217e-02  1.844719545e-01  8.000028123e-01
 7.632093933e-02  1.869028492e-01  8.100414199e-01
 7.827788650e-02  1.893040409e-01  8.199200173e-01
 8.023483366e-02  1.916766978e-01  8.296496035e-01
 8.219178082e-02  1.940218876e-01  8.392381722e-01
 8.414872798e-02  1.963406254e-01  8.486860687e-01
 8.610567515e-02  1.986338796e-01  8.579955785e-01
 8.806262231e-02  2.009025620e-01  8.671707376e-01
 9.001956947e-02  2.031475355e-01  8.762153300e-01
 9.197651663e-02  2.053696146e-01  8.851340855e-01
 9.393346380e-02  2.075695664e-01  8.939342625e-01
 9.589041096e-02  2.097481039e-01  9.026137079e-01
 9.784735812e-02  2.119059427e-01  9.111685620e-01
 9.980430528e-02  2.140437574e-01  9.196092396e-01
 1.017612524e-01  2.161621604e-01  9.279429348e-01
 1.037181996e-01  2.182617432e-01  9.361683970e-01
 1.056751468e-01  2.203430786e-01  9.442824321e-01
 1.076320939e-01  2.224067286e-01  9.522888247e-01
 1.095890411e-01  2.244532086e-01  9.601934086e-01
 1.115459883e-01  2.264830170e-01  9.679968565e-01
 1.135029354e-01  2.284966308e-01  9.757034874e-01
 1.154598826e-01  2.304944969e-01  9.833125461e-01
 1.174168297e-01  2.324770640e-01  9.908210935e-01
 1.193737769e-01  2.344447612e-01  9.982332531e-01
 1.213307241e-01  2.363979922e-01  1.005555957e+00
 1.232876712e-01  2.383371323e-01  1.012792088e+00
 1.252446184e-01  2.402625495e-01  1.019935768e+00
 1.272015656e-01  2.421746181e-01  1.026985698e+00
 1.291585127e-01  2.440736886e-01  1.033948625e+00
 1.311154599e-01  2.459600886e-01  1.040828198e+00
 1.330724070e-01  2.478341351e-01  1.047625356e+00
 1.350293542e-01  2.496961339e-01  1.054338717e+00
 1.369863014e-01  2.515463887e-01  1.060966437e+00
 1.389432485e-01  2.533851947e-01  1.067509901e+00
 1.409001957e-01  2.552128343e-01  1.073973816e+00
 1.428571429e-01  2.570295707e-01  1.080363514e+00
 1.448140900e-01  2.588356538e-01  1.086676615e+00
 1.467710372e-01  2.606313410e-01  1.092905989e+00
 1.487279843e-01  2.624168923e-01  1.099054942e+00
 1.506849315e-01  2.641925413e-01  1.105131670e+00
 1.526418787e-01  2.659585090e-01  1.111136864e+00
 1.545988258e-01  2.677150154e-01  1.117068688e+00
 1.565557730e-01  2.694622764e-01  1.122923837e+00
 1.585127202e-01  2.712005116e-01  1.128703152e+00
 1.604696673e-01  2.729299242e-01  1.134410418e+00
 1.624266145e-01  2.746507120e-01  1.140048872e+00
 1.643835616e-01  2.763630592e-01  1.145621874e+00
 1.663405088e-01  2.780671448e-01  1.151122535e+00
 1.682974560e-01  2.797631649e-01  1.156547025e+00
 1.702544031e-01  2.814513018e-01  1.161902669e+00
 1.722113503e-01  2.831317220e-01  1.167194647e+00
 1.741682975e-01  2.848045849e-01  1.172422268e+00
 1.761252446e-01  2.864700522e-01  1.177581287e+00
 1.780821918e-01  2.881282887e-01  1.182669896e+00
 1.800391389e-01  2.897794542e-01  1.187691000e+00
 1.819960861e-01  2.914236988e-01  1.192647213e+00
 1.839530333e-01  2.930611687e-01  1.197542177e+00
 1.859099804e-01  2.946919984e-01  1.202376448e+00
 1.878669276e-01  2.963163269e-01  1.207142470e+00
 1.898238748e-01  2.979343036e-01  1.211838670e+00
 1.917808219e-01  2.995460665e-01  1.216472369e+00
 1.937377691e-01  3.011517399e-01  1.221049514e+00
 1.956947162e-01  3.027514414e-01  1.225568538e+00
 1.976516634e-01  3.043452950e-01  1.230020920e+00
 1.996086106e-01  3.059334357e-01  1.234406077e+00
 2.015655577e-01  3.075159847e-01  1.238731192e+00
 2.035225049e-01  3.090930541e-01  1.242998620e+00
 2.054794521e-01  3.106647549e-01  1.247208918e+00
 2.074363992e-01  3.122311942e-01  1.251360005e+00
 2.093933464e-01  3.137924844e-01  1.255447017e+00
 2.113502935e-01  3.153487409e-01  1.259470893e+00
 2.133072407e-01  3.169000703e-01  1.263437088e+00
 2.152641879e-01  3.184465710e-01  1.267349739e+00
 2.172211350e-01  3.199883360e-01  1.271207895e+00
 2.191780822e-01  3.215254632e-01  1.275003267e+00
 2.211350294e-01  3.230580625e-01  1.278735532e+00
 2.230919765e-01  3.245862296e-01  1.282412007e+00
 2.250489237e-01  3.261100538e-01  1.286034130e+00
 2.270058708e-01  3.276296244e-01  1.289602746e+00
 2.289628180e-01  3.291450264e-01  1.293115632e+00
 2.309197652e-01  3.306563518e-01  1.296568206e+00
 2.328767123e-01  3.321636937e-01  1.299960783e+00
 2.348336595e-01  3.336671406e-01  1.303298103e+00
 2.367906067e-01  3.351667725e-01  1.306585801e+00
 2.387475538e-01  3.366626627e-01  1.309823711e+00
 2.407045010e-01  3.381548892e-01  1.313001611e+00
 2.426614481e-01  3.396435467e-01  1.316117348e+00
 2.446183953e-01  3.411287160e-01  1.319179989e+00
 2.465753425e-01  3.426104691e-01  1.322193942e+00
 2.485322896e-01  3.440888751e-01  1.325158360e+00
 2.504892368e-01  3.455640059e-01  1.328067214e+00
 2.524461840e-01  3.470359424e-01  1.330917187e+00
 2.544031311e-01  3.485047622e-01  1.333712300e+00
 2.563600783e-01  3.499705354e-01  1.336456292e+00
 2.583170254e-01  3.514333297e-01  1.339151605e+00
 2.602739726e-01  3.528932083e-01  1.341798291e+00
 2.622309198e-01  3.543502374e-01  1.344389236e+00
 2.641878669e-01  3.558044942e-01  1.346921777e+00
 2.661448141e-01  3.572560491e-01  1.349402680e+00
 2.681017613e-01  3.587049633e-01  1.351836726e+00
 2.700587084e-01  3.601512956e-01  1.354223569e+00
 2.720156556e-01  3.615951067e-01  1.356558006e+00
 2.739726027e-01  3.630364653e-01  1.358836414e+00
 2.759295499e-01  3.644754385e-01  1.361062817e+00
 2.778864971e-01  3.659120853e-01  1.363239931e+00
 2.798434442e-01  3.673464659e-01  1.365368654e+00
 2.818003914e-01  3.687786363e-01  1.367450957e+00
 2.837573386e-01  3.702086517e-01  1.369483101e+00
 2.857142857e-01  3.716365749e-01  1.371460283e+00
 2.876712329e-01  3.730624699e-01  1.373384517e+00
 2.896281800e-01  3.744863944e-01  1.375261772e+00
 2.915851272e-01  3.759083993e-01  1.377095975e+00
 2.935420744e-01  3.773285331e-01  1.378883246e+00
 2.954990215e-01  3.787468539e-01  1.380616195e+00
 2.974559687e-01  3.801634247e-01  1.382295711e+00
 2.994129159e-01  3.815783010e-01  1.383928290e+00
 3.013698630e-01  3.829915315e-01  1.385516465e+00
 3.033268102e-01  3.844031659e-01  1.387059512e+00
 3.052837573e-01  3.858132538e-01  1.388554186e+00
 3.072407045e-01  3.872218506e-01  1.389997063e+00
 3.091976517e-01  3.886290125e-01  1.391389066e+00
 3.111545988e-01  3.900347922e-01  1.392734542e+00
 3.131115460e-01  3.914392365e-01  1.394038088e+00
 3.150684932e-01  3.928423884e-01  1.395298328e+00
 3.170254403e-01  3.942442968e-01  1.396508029e+00
 3.189823875e-01  3.956450187e-01  1.397665135e+00
 3.209393346e-01  3.970446067e-01  1.398775630e+00
 3.228962818e-01  3.984431054e-01  1.399845126e+00
 3.248532290e-01  3.998405556e-01  1.400872131e+00
 3.268101761e-01  4.012370045e-01  1.401851220e+00
 3.287671233e-01  4.026325033e-01  1.402781155e+00
 3.307240705e-01  4.040271012e-01  1.403664670e+00
 3.326810176e-01  4.054208438e-01  1.404504206e+00
 3.346379648e-01  4.068137750e-01  1.405300906e+00
 3.365949119e-01  4.082059377e-01  1.406054113e+00
 3.385518591e-01  4.095973768e-01  1.406762790e+00
 3.405088063e-01  4.109881372e-01  1.407424851e+00
 3.424657534e-01  4.123782676e-01  1.408040032e+00
 3.444227006e-01  4.137678129e-01  1.408612804e+00
 3.463796477e-01  4.151568130e-01  1.409145979e+00
 3.483365949e-01  4.165453070e-01  1.409636245e+00
 3.502935421e-01  4.179333410e-01  1.410080629e+00
 3.522504892e-01  4.193209599e-01  1.410480030e+00
 3.542074364e-01  4.207082080e-01  1.410837165e+00
 3.561643836e-01  4.220951245e-01  1.411154334e+00
 3.581213307e-01  4.234817490e-01  1.411429652e+00
 3.600782779e-01  4.248681245e-01  1.411661895e+00
 3.620352250e-01  4.262542927e-01  1.411852907e+00
 3.639921722e-01  4.276402931e-01  1.412002219e+00
 3.659491194e-01  4.290261682e-01  1.412108468e+00
 3.679060665e-01  4.304119600e-01  1.412174723e+00
 3.698630137e-01  4.317977051e-01  1.412201818e+00
 3.718199609e-01  4.331834437e-01  1.412189350e+00
 3.737769080e-01  4.345692133e-01  1.412136021e+00
 3.757338552e-01  4.359550566e-01  1.412039737e+00
 3.776908023e-01  4.373410151e-01  1.411904393e+00
 3.796477495e-01  4.387271241e-01  1.411732910e+00
 3.816046967e-01  4.401134194e-01  1.411521887e+00
 3.835616438e-01  4.414999429e-01  1.411270846e+00
 3.855185910e-01  4.428867314e-01  1.410981291e+00
 3.874755382e-01  4.442738240e-01  1.410653301e+00
 3.894324853e-01  4.456612575e-01  1.410288615e+00
 3.913894325e-01  4.470490677e-01  1.409885558e+00
 3.933463796e-01  4.484372946e-01  1.409444165e+00
 3.953033268e-01  4.498259741e-01  1.408967945e+00
 3.972602740e-01  4.512151396e-01  1.408455237e+00
 3.992172211e-01  4.526048303e-01  1.407904035e+00
 4.011741683e-01  4.539950838e-01  1.407316927e+00
 4.031311155e-01  4.553859342e-01  1.406694614e+00
 4.050880626e-01  4.567774181e-01  1.406037775e+00
 4.070450098e-01  4.581695684e-01  1.405346098e+00
 4.090019569e-01  4.595624223e-01  1.404617802e+00
 4.109589041e-01  4.609560167e-01  1.403855541e+00
 4.129158513e-01  4.623503836e-01  1.403060518e+00
 4.148727984e-01  4.637455578e-01  1.402230472e+00
 4.168297456e-01  4.651415760e-01  1.401366042e+00
 4.187866928e-01  4.665384720e-01  1.400469639e+00
 4.207436399e-01  4.679362779e-01  1.399541731e+00
 4.227005871e-01  4.693350268e-01  1.398581646e+00
 4.246575342e-01  4.707347526e-01  1.397587148e+00
 4.266144814e-01  4.721354929e-01  1.396559331e+00
 4.285714286e-01  4.735372797e-01  1.395502390e+00
 4.305283757e-01  4.749401427e-01  1.394416908e+00
 4.324853229e-01  4.763441128e-01  1.393300197e+00
 4.344422701e-01  4.777492255e-01  1.392150836e+00
 4.363992172e-01  4.791555149e-01  1.390970459e+00
 4.383561644e-01  4.805630133e-01  1.389761652e+00
 4.403131115e-01  4.819717502e-01  1.388525484e+00
 4.422700587e-01  4.833817559e-01  1.387260794e+00
 4.442270059e-01  4.847930625e-01  1.385967179e+00
 4.461839530e-01  4.862057016e-01  1.384644554e+00
 4.481409002e-01  4.876197057e-01  1.383293636e+00
 4.500978474e-01  4.890351054e-01  1.381915341e+00
 4.520547945e-01  4.904519315e-01  1.380511495e+00
 4.540117417e-01  4.918702113e-01  1.379083401e+00
 4.559686888e-01  4.932899734e-01  1.377629058e+00
 4.579256360e-01  4.947112494e-01  1.376146151e+00
 4.598825832e-01  4.961340730e-01  1.374636198e+00
 4.618395303e-01  4.975584730e-01  1.373103037e+00
 4.637964775e-01  4.989844758e-01  1.371549043e+00
 4.657534247e-01  5.004121055e-01  1.369972374e+00
 4.677103718e-01  5.018413925e-01  1.368368382e+00
 4.696673190e-01  5.032723711e-01  1.366738600e+00
 4.716242661e-01  5.047050690e-01  1.365087387e+00
 4.735812133e-01  5.061395116e-01  1.363416762e+00
 4.755381605e-01  5.075757226e-01  1.361726352e+00
 4.774951076e-01  5.090137288e-01  1.360012661e+00
 4.794520548e-01  5.104535616e-01  1.358275028e+00
 4.814090020e-01  5.118952495e-01  1.356517084e+00
 4.833659491e-01  5.133388166e-01  1.354740903e+00
 4.853228963e-01  5.147842873e-01  1.352946196e+00
 4.872798434e-01  5.162316868e-01  1.351132976e+00
 4.892367906e-01  5.176810399e-01  1.349299685e+00
 4.911937378e-01  5.191323753e-01  1.347446731e+00
 4.931506849e-01  5.205857173e-01  1.345576358e+00
 4.951076321e-01  5.220410903e-01  1.343689070e+00
 4.970645793e-01  5.234985178e-01  1.341786509e+00
 4.990215264e-01  5.249580210e-01  1.339868270e+00
 5.009784736e-01  5.264196246e-01  1.337932682e+00
 5.029354207e-01  5.278833539e-01  1.335980095e+00
 5.048923679e-01  5.293492330e-01  1.334012591e+00
 5.068493151e-01  5.308172832e-01  1.332032406e+00
 5.088062622e-01  5.322875239e-01  1.330039702e+00
 5.107632094e-01  5.337599763e-01  1.328032957e+00
 5.127201566e-01  5.352346638e-01  1.326011038e+00
 5.146771037e-01  5.367116101e-01  1.323975882e+00
 5.166340509e-01  5.381908347e-01  1.321930350e+00
 5.185909980e-01  5.396723553e-01  1.319875029e+00
 5.205479452e-01  5.411561905e-01  1.317808345e+00
 5.225048924e-01  5.426423617e-01  1.315729461e+00
 5.244618395e-01  5.441308896e-01  1.313639852e+00
 5.264187867e-01  5.456217927e-01  1.311541572e+00
 5.283757339e-01  5.471150873e-01  1.309435909e+00
 5.303326810e-01  5.486107892e-01  1.307321480e+00
 5.322896282e-01  5.501089182e-01  1.305197782e+00
 5.342465753e-01  5.516094915e-01  1.303066463e+00
 5.362035225e-01  5.531125252e-01  1.300928600e+00
 5.381604697e-01  5.546180345e-01  1.298785241e+00
 5.401174168e-01  5.561260332e-01  1.296635807e+00
 5.420743640e-01  5.576365380e-01  1.294479958e+00
 5.440313112e-01  5.591495638e-01  1.292319295e+00
 5.459882583e-01  5.606651237e-01  1.290154867e+00
 5.479452055e-01  5.621832305e-01  1.287987049e+00
 5.499021526e-01  5.637038964e-01  1.285815573e+00
 5.518590998e-01  5.652271351e-01  1.283640576e+00
 5.538160470e-01  5.667529586e-01  1.281463401e+00
 5.557729941e-01  5.682813776e-01  1.279285166e+00
 5.577299413e-01  5.698124016e-01  1.277106116e+00
 5.596868885e-01  5.713460407e-01  1.274925962e+00
 5.616438356e-01  5.728823054e-01  1.272745052e+00
 5.636007828e-01  5.744212049e-01  1.270564532e+00
 5.655577299e-01  5.759627472e-01  1.268385472e+00
 5.675146771e-01  5.775069389e-01  1.266208269e+00
 5.694716243e-01  5.790537869e-01  1.264032775e+00
 5.714285714e-01  5.806032985e-01  1.261859374e+00
 5.733855186e-01  5.821554797e-01  1.259688992e+00
 5.753424658e-01  5.837103354e-01  1.257522466e+00
 5.772994129e-01  5.852678695e-01  1.255360317e+00
 5.792563601e-01  5.868280858e-01  1.253202638e+00
 5.812133072e-01  5.883909879e-01  1.251049889e+00
 5.831702544e-01  5.899565782e-01  1.248902864e+00
 5.851272016e-01  5.915248586e-01  1.246762075e+00
 5.870841487e-01  5.930958300e-01  1.244627825e+00
 5.890410959e-01  5.946694934e-01  1.242500197e+00
 5.909980431e-01  5.962458497e-01  1.240379632e+00
 5.929549902e-01  5.978248984e-01  1.238266866e+00
 5.949119374e-01  5.994066384e-01  1.236162262e+00
 5.968688845e-01  6.009910685e-01  1.234065860e+00
 5.988258317e-01  6.025781871e-01  1.231977566e+00
 6.007827789e-01  6.041679931e-01  1.229897690e+00
 6.027397260e-01  6.057604843e-01  1.227826682e+00
 6.046966732e-01  6.073556579e-01  1.225764870e+00
 6.066536204e-01  6.089535109e-01  1.223712443e+00
 6.086105675e-01  6.105540399e-01  1.221669115e+00
 6.105675147e-01  6.121572423e-01  1.219634940e+00
 6.125244618e-01  6.137631147e-01  1.217610231e+00
 6.144814090e-01  6.153716533e-01  1.215594923e+00
 6.164383562e-01  6.169828547e-01  1.213589113e+00
 6.183953033e-01  6.185967149e-01  1.211592920e+00
 6.203522505e-01  6.202132298e-01  1.209606254e+00
 6.223091977e-01  6.218323956e-01  1.207629068e+00
 6.242661448e-01  6.234542081e-01  1.205661183e+00
 6.262230920e-01  6.250786637e-01  1.203702381e+00
 6.281800391e-01  6.267057589e-01  1.201752679e+00
 6.301369863e-01  6.283354898e-01  1.199812177e+00
 6.320939335e-01  6.299678524e-01  1.197880813e+00
 6.340508806e-01  6.316028427e-01  1.195958291e+00
 6.360078278e-01  6.332404576e-01  1.194044241e+00
 6.379647750e-01  6.348806939e-01  1.192138393e+00
 6.399217221e-01  6.365235490e-01  1.190240665e+00
 6.418786693e-01  6.381690199e-01  1.188351015e+00
 6.438356164e-01  6.398171038e-01  1.186469175e+00
 6.457925636e-01  6.414677986e-01  1.184594851e+00
 6.477495108e-01  6.431211020e-01  1.182727797e+00
 6.497064579e-01  6.447770124e-01  1.180867680e+00
 6.516634051e-01  6.464355285e-01  1.179014062e+00
 6.536203523e-01  6.480966498e-01  1.177166546e+00
 6.555772994e-01  6.497603759e-01  1.175324967e+00
 6.575342466e-01  6.514267068e-01  1.173489228e+00
 6.594911937e-01  6.530956423e-01  1.171659009e+00
 6.614481409e-01  6.547671830e-01  1.169833761e+00
 6.634050881e-01  6.564413305e-01  1.168012993e+00
 6.653620352e-01  6.581180867e-01  1.166196227e+00
 6.673189824e-01  6.597974544e-01  1.164383194e+00
 6.692759295e-01  6.614794364e-01  1.162573696e+00
 6.712328767e-01  6.631640359e-01  1.160767142e+00
 6.731898239e-01  6.648512574e-01  1.158963154e+00
 6.751467710e-01  6.665411054e-01  1.157161554e+00
 6.771037182e-01  6.682335847e-01  1.155361887e+00
 6.790606654e-01  6.699287012e-01  1.153563388e+00
 6.810176125e-01  6.716264620e-01  1.151765217e+00
 6.829745597e-01  6.733268756e-01  1.149967168e+00
 6.849315068e-01  6.750299497e-01  1.148169429e+00
 6.868884540e-01  6.767356923e-01  1.146371902e+00
 6.888454012e-01  6.784441115e-01  1.144573749e+00
 6.908023483e-01  6.801552178e-01  1.142773742e+00
 6.927592955e-01  6.818690232e-01  1.140971517e+00
 6.947162427e-01  6.835855394e-01  1.139167496e+00
 6.966731898e-01  6.853047772e-01  1.137361950e+00
 6.986301370e-01  6.870267476e-01  1.135554457e+00
 7.005870841e-01  6.887514628e-01  1.133743571e+00
 7.025440313e-01  6.904789386e-01  1.131928963e+00
 7.045009785e-01  6.922091881e-01  1.130111311e+00
 7.064579256e-01  6.939422252e-01  1.128290504e+00
 7.084148728e-01  6.956780637e-01  1.126466279e+00
 7.103718200e-01  6.974167184e-01  1.124637891e+00
 7.123287671e-01  6.991582057e-01  1.122805033e+00
 7.142857143e-01  7.009025414e-01  1.120967926e+00
 7.162426614e-01  7.026497414e-01  1.119127105e+00
 7.181996086e-01  7.043998203e-01  1.117282224e+00
 7.201565558e-01  7.061527952e-01  1.115431846e+00
 7.221135029e-01  7.079086853e-01  1.113576023e+00
 7.240704501e-01  7.096675079e-01  1.111715827e+00
 7.260273973e-01  7.114292790e-01  1.109851440e+00
 7.279843444e-01  7.131940158e-01  1.107982234e+00
 7.299412916e-01  7.149617363e-01  1.106107775e+00
 7.318982387e-01  7.167324593e-01  1.104227871e+00
 7.338551859e-01  7.185062040e-01  1.102342613e+00
 7.358121331e-01  7.202829889e-01  1.100452539e+00
 7.377690802e-01  7.220628318e-01  1.098557865e+00
 7.397260274e-01  7.238457509e-01  1.096657582e+00
 7.416829746e-01  7.256317674e-01  1.094751195e+00
 7.436399217e-01  7.274209014e-01  1.092839792e+00
 7.455968689e-01  7.292131709e-01  1.090924175e+00
 7.475538160e-01  7.310085938e-01  1.089003788e+00
 7.495107632e-01  7.328071900e-01  1.087077546e+00
 7.514677104e-01  7.346089814e-01  1.085145601e+00
 7.534246575e-01  7.364139876e-01  1.083208756e+00
 7.553816047e-01  7.382222282e-01  1.081266913e+00
 7.573385519e-01  7.400337235e-01  1.079320212e+00
 7.592954990e-01  7.418484928e-01  1.077368527e+00
 7.612524462e-01  7.436665573e-01  1.075411556e+00
 7.632093933e-01  7.454879374e-01  1.073449516e+00
 7.651663405e-01  7.473126541e-01  1.071482709e+00
 7.671232877e-01  7.491407271e-01  1.069511548e+00
 7.690802348e-01  7.509721761e-01  1.067535618e+00
 7.710371820e-01  7.528070226e-01  1.065554576e+00
 7.729941292e-01  7.546452879e-01  1.063569483e+00
 7.749510763e-01  7.564869901e-01  1.061581790e+00
 7.769080235e-01  7.583321458e-01  1.059592654e+00
 7.788649706e-01  7.601807692e-01  1.057603767e+00
 7.808219178e-01  7.620328713e-01  1.055617289e+00
 7.827788650e-01  7.638884588e-01  1.053635424e+00
 7.847358121e-01  7.657475350e-01  1.051660415e+00
 7.866927593e-01  7.676100986e-01  1.049694860e+00
 7.886497065e-01  7.694761434e-01  1.047743546e+00
 7.906066536e-01  7.713456511e-01  1.045809335e+00
 7.925636008e-01  7.732186047e-01  1.043891775e+00
 7.945205479e-01  7.750949870e-01  1.041991737e+00
 7.964774951e-01  7.769747773e-01  1.040111562e+00
 7.984344423e-01  7.788579493e-01  1.038254966e+00
 8.003913894e-01  7.807444684e-01  1.036421853e+00
 8.023483366e-01  7.826343077e-01  1.034608971e+00
 8.043052838e-01  7.845274438e-01  1.032815235e+00
 8.062622309e-01  7.864238531e-01  1.031040911e+00
 8.082191781e-01  7.883235104e-01  1.029289471e+00
 8.101761252e-01  7.902263790e-01  1.027564224e+00
 8.121330724e-01  7.921324206e-01  1.025865102e+00
 8.140900196e-01  7.940415976e-01  1.024193820e+00
 8.160469667e-01  7.959538647e-01  1.022557083e+00
 8.180039139e-01  7.978691582e-01  1.020962359e+00
 8.199608611e-01  7.997874036e-01  1.019414701e+00
 8.219178082e-01  8.017085169e-01  1.017915292e+00
 8.238747554e-01  8.036324175e-01  1.016464624e+00
 8.258317025e-01  8.055590180e-01  1.015065144e+00
 8.277886497e-01  8.074882271e-01  1.013730733e+00
 8.297455969e-01  8.094199028e-01  1.012473652e+00
 8.317025440e-01  8.113539051e-01  1.011293080e+00
 8.336594912e-01  8.132900932e-01  1.010184350e+00
 8.356164384e-01  8.152283430e-01  1.009147156e+00
 8.375733855e-01  8.171685130e-01  1.008193891e+00
 8.395303327e-01  8.191104295e-01  1.007325311e+00
 8.414872798e-01  8.210539466e-01  1.006531106e+00
 8.434442270e-01  8.229989288e-01  1.005800022e+00
 8.454011742e-01  8.249452721e-01  1.005125106e+00
 8.473581213e-01  8.268928671e-01  1.004507960e+00
 8.493150685e-01  8.288416026e-01  1.003945215e+00
 8.512720157e-01  8.307913815e-01  1.003431433e+00
 8.532289628e-01  8.327421130e-01  1.002958371e+00
 8.551859100e-01  8.346937316e-01  1.002515076e+00
 8.571428571e-01  8.366461887e-01  1.002093804e+00
 8.590998043e-01  8.385994485e-01  1.001683527e+00
 8.610567515e-01  8.405535053e-01  1.001277756e+00
 8.630136986e-01  8.425083485e-01  1.000866238e+00
 8.649706458e-01  8.444640125e-01  1.000441721e+00
 8.669275930e-01  8.464205151e-01  9.999944329e-01
 8.688845401e-01  8.483779290e-01  9.995153107e-01
 8.708414873e-01  8.503363078e-01  9.989871020e-01
 8.727984344e-01  8.522957924e-01  9.983953948e-01
 8.747553816e-01  8.542564932e-01  9.977455590e-01
 8.767123288e-01  8.562185312e-01  9.970395943e-01
 8.786692759e-01  8.581820097e-01  9.962557943e-01
 8.806262231e-01  8.601471364e-01  9.953832118e-01
 8.825831703e-01  8.621140591e-01  9.944117689e-01
 8.845401174e-01  8.640830275e-01  9.933298603e-01
 8.864970646e-01  8.660542375e-01  9.921493986e-01
 8.884540117e-01  8.680278944e-01  9.908865314e-01
 8.904109589e-01  8.700041325e-01  9.895259947e-01
 8.923679061e-01  8.719832209e-01  9.880330381e-01
 8.943248532e-01  8.739654364e-01  9.864162035e-01
 8.962818004e-01  8.759510187e-01  9.846839617e-01
 8.982387476e-01  8.779402151e-01  9.828540086e-01
 9.001956947e-01  8.799331985e-01  9.809190616e-01
 9.021526419e-01  8.819302512e-01  9.788770238e-01
 9.041095890e-01  8.839315589e-01  9.767435120e-01
 9.060665362e-01  8.859373463e-01  9.744775101e-01
 9.080234834e-01  8.879479735e-01  9.720797421e-01
 9.099804305e-01  8.899636689e-01  9.695709532e-01
 9.119373777e-01  8.919847158e-01  9.669449327e-01
 9.138943249e-01  8.940113755e-01  9.642518575e-01
 9.158512720e-01  8.960437277e-01  9.614570808e-01
 9.178082192e-01  8.980821885e-01  9.585071270e-01
 9.197651663e-01  9.001270710e-01  9.554738661e-01
 9.217221135e-01  9.021784955e-01  9.523388474e-01
 9.236790607e-01  9.042368652e-01  9.490593727e-01
 9.256360078e-01  9.063024931e-01  9.457183657e-01
 9.275929550e-01  9.083754322e-01  9.423137945e-01
 9.295499022e-01  9.104560148e-01  9.387442897e-01
 9.315068493e-01  9.125447510e-01  9.350228552e-01
 9.334637965e-01  9.146419298e-01  9.313193976e-01
 9.354207436e-01  9.167473094e-01  9.275067571e-01
 9.373776908e-01  9.188617703e-01  9.234451320e-01
 9.393346380e-01  9.209857133e-01  9.192697927e-01
 9.412915851e-01  9.231194274e-01  9.153052220e-01
 9.432485323e-01  9.252618022e-01  9.112057341e-01
 9.452054795e-01  9.274147713e-01  9.065813989e-01
 9.471624266e-01  9.295790628e-01  9.017508726e-01
 9.491193738e-01  9.317551633e-01  8.970410236e-01
 9.510763209e-01  9.339422343e-01  8.927683426e-01
 9.530332681e-01  9.361392056e-01  8.879256901e-01
 9.549902153e-01  9.383502314e-01  8.821001149e-01
 9.569471624e-01  9.405763263e-01  8.760016478e-01
 9.589041096e-01  9.428182511e-01  8.697385703e-01
 9.608610568e-01  9.450765264e-01  8.747653164e-01
 9.628180039e-01  9.472932449e-01  8.856592240e-01
 9.647749511e-01  9.494958048e-01  8.800559323e-01
 9.667318982e-01  9.517414022e-01  8.610558893e-01
 9.686888454e-01  9.540426247e-01  8.388053346e-01
 9.706457926e-01  9.564092698e-01  8.147649466e-01
 9.726027397e-01  9.588485282e-01  7.901300582e-01
 9.745596869e-01  9.613651667e-01  7.658257114e-01
 9.765166341e-01  9.639617105e-01  7.425322780e-01
 9.784735812e-01  9.666386250e-01  7.207254701e-01
 9.804305284e-01  9.693944977e-01  7.007196520e-01
 9.823874755e-01  9.722262191e-01  6.827080765e-01
 9.843444227e-01  9.751291624e-01  6.667971340e-01
 9.863013699e-01  9.780973623e-01  6.530338911e-01
 9.882583170e-01  9.811236912e-01  6.414273530e-01
 9.902152642e-01  9.842000333e-01  6.319643853e-01
 9.921722114e-01  9.873174559e-01  6.246213537e-01
 9.941291585e-01  9.904663770e-01  6.193724489e-01
 9.960861057e-01  9.936367301e-01  6.161955068e-01
 9.980430528e-01  9.968181241e-01  6.150759659e-01
 1.000000000e+00  1.000000000e+00  6.149827822e-01
4  4.565959380e-01  7.089635010e-01  1.016106158e+00  7.601114317e-01  9.551665366e-01  4.358589229e+01  4.195623589e-01  9.957294618e-01  4.048328868e-01  2.802053536e+00
5  5.877378894e-01  1.058762209e+00  1.009054296e+00  6.256797442e-01  9.276066947e-01  2.729319373e+01  3.704116760e-01  1.065072412e+00  5.803959554e-01  2.865454477e+00
6  6.875897176e-01  1.256573900e+00  1.005454039e+00  5.350098904e-01  9.049273382e-01  2.076693695e+01  3.448527805e-01  1.157660389e+00  6.992692538e-01  2.783592382e+00
7  7.725481784e-01  1.410706702e+00  1.002941945e+00  4.697713656e-01  8.928994841e-01  1.726491932e+01  3.285207206e-01  1.260527632e+00  7.918635194e-01  2.674044440e+00
8  8.414431159e-01  1.791337929e+00  1.001216176e+00  4.200447679e-01  9.032266005e-01  1.576541538e+01  3.185893570e-01  1.390903258e+00  8.619474173e-01  2.544063371e+00
9  8.913832774e-01  2.309594537e+00  1.000154486e+00  3.803201880e-01  9.540879602e-01  1.621450800e+01  3.136681363e-01  1.581531823e+00  9.113555802e-01  2.393064217e+00
10  9.320253063e-01  2.175806321e+00  9.996162764e-01  3.483573603e-01  1.064472744e+00  1.881711425e+01  3.125963344e-01  1.868111940e+00  9.493616277e-01  2.250745115e+00
11  9.683794340e-01  3.707882700e+00  9.998188876e-01  3.225930147e-01  1.256158229e+00  2.447331418e+01  3.155105859e-01  2.343527499e+00  9.797157459e-01  2.126373259e+00
12  9.848783720e-01  7.249663813e+00  9.999424540e-01  2.989339768e-01  1.527161918e+00  3.443965917e+01  3.196221197e-01  3.568677676e+00  9.906433273e-01  1.982629914e+00
13  9.930296872e-01  1.356199790e+01  9.999827213e-01  2.780006342e-01  1.757246567e+00  4.332618494e+01  3.241414609e-01  6.140214986e+00  9.957119243e-01  1.845341160e+00
0 0 -1.222656946e-01  8.854380850e-18
0 1  1.373960324e-02 -5.833767448e-03
0 2 -1.565048773e-02  7.432598186e-03
0 3  3.424181309e-03 -8.740707199e-03
0 4  9.755259777e-04  7.291194437e-03
0 5 -6.304573455e-03 -1.693479373e-03
0 6  1.593446195e-03 -4.753810696e-03
0 7  4.187578035e-03 -4.790745178e-05
0 8  2.641972349e-03  2.760184548e-03
0 9  1.059289022e-03  3.385231023e-03
1 0 -1.123749657e-01 -4.771385357e-02
1 1 -9.408441567e-02 -3.556427160e-17
1 2  8.788867865e-03 -8.494793128e-03
1 3 -1.333016572e-02  1.053562467e-02
1 4 -2.864171310e-03 -1.015641262e-02
1 5  5.849548848e-03  3.449649129e-03
1 6 -4.373907687e-03  5.591818085e-03
1 7 -6.179615163e-03 -9.810557582e-04
1 8 -3.424210984e-03 -4.159019066e-03
1 9 -1.220956249e-03 -4.601081808e-03
2 0  1.280039162e-01  6.079054482e-02
2 1 -9.341470425e-02 -9.028905656e-02
2 2 -7.480225220e-02 -4.244380397e-17
2 3  3.817144994e-03 -1.034609956e-02
2 4 -7.809268171e-03  1.127620918e-02
2 5 -9.520808368e-03 -6.268203599e-03
2 6  3.685619569e-03 -4.875689101e-03
2 7  4.235913275e-03  2.757782443e-03
2 8  6.825592852e-04  5.210498434e-03
2 9 -1.583656903e-03  4.929647037e-03
3 0 -2.800606762e-02 -7.148944951e-02
3 1  1.416830367e-01  1.119805506e-01
3 2 -5.102981370e-02 -1.383126745e-01
3 3 -6.138525311e-02 -9.501884162e-18
3 4 -7.608645077e-04 -1.200769908e-02
3 5 -1.935393742e-03  9.439035628e-03
3 6 -1.137221269e-02  1.825880368e-03
3 7 -6.269643188e-03 -5.497709282e-03
3 8 -9.570319839e-04 -5.912741768e-03
3 9  1.403240756e-03 -4.535006152e-03
4 0 -7.978738280e-03  5.963401641e-02
4 1  3.044256894e-02 -1.079499995e-01
4 2  1.043988375e-01  1.507469207e-01
4 3  1.239490707e-02 -1.956121132e-01
4 4 -5.141506468e-02  1.247018039e-17
4 5 -5.755408856e-03 -1.315842870e-02
4 6  2.448348865e-03  3.404971920e-03
4 7 -4.314276260e-03  6.937461511e-03
4 8 -7.861217394e-03  3.973719279e-03
4 9 -8.242327513e-03  1.268052237e-03
5 0  5.156453310e-02 -1.385081383e-02
5 1 -6.217340891e-02  3.666546797e-02
5 2  1.272797020e-01 -8.379699027e-02
5 3  3.152864318e-02  1.537671533e-01
5 4  1.119401267e-01 -2.559255498e-01
5 5 -4.305724923e-02  6.365337003e-17
5 6 -1.034345811e-02 -1.210560469e-02
5 7  1.227622887e-03 -4.620847341e-03
5 8  2.016022994e-03  1.214354643e-03
5 9  6.762646122e-04  3.325585773e-03
6 0 -1.303265156e-02 -3.888098548e-02
6 1  4.648918374e-02  5.943405233e-02
6 2 -4.927150535e-02 -6.518104680e-02
6 3  1.852596856e-01  2.974460926e-02
6 4 -4.761928979e-02  6.622518013e-02
6 5  2.402257063e-01 -2.811513719e-01
6 6 -3.612458719e-02  1.411791068e-16
6 7 -1.319220616e-02 -8.535833507e-03
6 8 -5.081011095e-03 -8.306454325e-03
6 9 -1.632941238e-03 -6.498417601e-03
7 0 -3.424982003e-02 -3.918306926e-04
7 1  6.568160220e-02 -1.042739917e-02
7 2 -5.662815157e-02  3.686763917e-02
7 3  1.021359833e-01 -8.956074959e-02
7 4  8.391074263e-02  1.349305219e-01
7 5 -2.851141002e-02 -1.073186844e-01
7 6  3.651863505e-01 -2.362887488e-01
7 7 -3.056379241e-02  6.713256240e-17
7 8 -1.600085410e-02 -5.720023355e-03
7 9 -1.118918961e-02 -7.362819738e-03
8 0 -2.160845164e-02  2.257529847e-02
8 1  3.639509221e-02 -4.420518570e-02
8 2 -9.124849388e-03  6.965697263e-02
8 3  1.559058463e-02 -9.632186019e-02
8 4  1.528971604e-01  7.728706174e-02
8 5 -4.682191802e-02  2.820325646e-02
8 6  1.406524334e-01 -2.299390795e-01
8 7  5.235231900e-01 -1.871503143e-01
8 8 -2.266590775e-02  1.799404489e-16
8 9 -1.251380890e-02 -2.441251073e-03
9 0 -8.663828603e-03  2.768749677e-02
9 1  1.297724219e-02 -4.890376132e-02
9 2  2.117124627e-02  6.590238787e-02
9 3 -2.285957433e-02 -7.387777881e-02
9 4  1.603095817e-01  2.466304856e-02
9 5 -1.570617316e-02  7.723637324e-02
9 6  4.520304215e-02 -1.798890480e-01
9 7  3.660929725e-01 -2.409000702e-01
9 8  5.520982898e-01 -1.077058594e-01
9 9 -1.785150201e-02 -4.613847333e-18
0 0 -8.606056450e+00  1.496093921e-15
0 1 -8.493887555e-01  5.420468636e-01
0 2  1.435132670e+00 -5.598290275e-01
0 3 -1.737901877e-01  4.527451698e-01
0 4 -5.885266815e-03 -3.266977884e-01
0 5  2.468369530e-01  8.283200891e-02
0 6 -5.270240203e-02  1.645073078e-01
0 7 -1.249252630e-01  2.968433687e-02
0 8 -4.748540521e-02 -8.496567931e-02
0 9  4.161841566e-02 -1.265559699e-01
1 0 -8.493887555e-01 -5.420468636e-01
1 1 -1.147024273e+01  1.753537958e-14
1 2 -6.859355942e-01  1.294600330e+00
1 3  2.088221192e+00 -1.351746496e+00
1 4  2.343130360e-01  8.816886982e-01
1 5 -3.847358308e-01 -3.080713639e-01
1 6  2.800438490e-01 -3.306593395e-01
1 7  3.084947671e-01  9.486535223e-03
1 8  8.172704856e-02  2.010140986e-01
1 9 -9.210618941e-02  2.467132264e-01
2 0  1.435132670e+00  5.598290275e-01
2 1 -6.859355942e-01 -1.294600330e+00
2 2 -1.465241482e+01 -2.665835471e-15
2 3 -8.000901873e-02  2.416505687e+00
2 4  2.096349376e+00 -2.331284492e+00
2 5  1.265780548e+00  9.176983103e-01
2 6 -4.278605379e-01  4.423658056e-01
2 7 -3.854187336e-01 -1.770231180e-01
2 8  5.371551026e-02 -3.823427924e-01
2 9  4.164694919e-01 -3.640414851e-01
3 0 -1.737901877e-01 -4.527451698e-01
3 1  2.088221192e+00  1.351746496e+00
3 2 -8.000901873e-02 -2.416505687e+00
3 3 -1.830308082e+01 -3.094969383e-15
3 4  1.203907844e+00  4.104009563e+00
3 5  1.339103656e+00 -3.260423831e+00
3 6  2.298590121e+00 -2.582210909e-01
3 7  8.353376449e-01  7.059379900e-01
3 8 -1.726041555e-01  5.017745890e-01
3 9 -5.748084658e-01  1.407845365e-01
4 0 -5.885266815e-03  3.266977884e-01
4 1  2.343130360e-01 -8.816886982e-01
4 2  2.096349376e+00  2.331284492e+00
4 3  1.203907844e+00 -4.104009563e+00
4 4 -2.259417549e+01 -5.167798256e-14
4 5  3.783702583e+00  6.388823394e+00
4 6 -2.919305287e-01 -2.760297098e+00
4 7  1.080982333e+00 -1.788408794e+00
4 8  1.560313423e+00 -5.089141343e-01
4 9  1.798623644e+00  3.626693485e-01
5 0  2.468369530e-01 -8.283200891e-02
5 1 -3.847358308e-01  3.080713639e-01
5 2  1.265780548e+00 -9.176983103e-01
5 3  1.339103656e+00  3.260423831e+00
5 4  3.783702583e+00 -6.388823394e+00
5 5 -2.769854581e+01 -1.820987470e-13
5 6  7.774367388e+00  7.907083733e+00
5 7 -7.870004247e-01  6.811550660e-01
5 8 -2.801612293e-01 -2.005824342e+00
5 9  1.130895159e+00 -3.049043116e+00
6 0 -5.270240203e-02 -1.645073078e-01
6 1  2.800438490e-01  3.306593395e-01
6 2 -4.278605379e-01 -4.423658056e-01
6 3  2.298590121e+00  2.582210909e-01
6 4 -2.919305287e-01  2.760297098e+00
6 5  7.774367388e+00 -7.907083733e+00
6 6 -3.398178586e+01 -2.251186409e-13
6 7  1.197934817e+01  6.775293783e+00
6 8  5.534241850e-01  1.985532757e+00
6 9 -1.344563273e+00 -8.306519023e-01
7 0 -1.249252630e-01 -2.968433687e-02
7 1  3.084947671e-01 -9.486535223e-03
7 2 -3.854187336e-01  1.770231180e-01
7 3  8.353376449e-01 -7.059379900e-01
7 4  1.080982333e+00  1.788408794e+00
7 5 -7.870004247e-01 -6.811550660e-01
7 6  1.197934817e+01 -6.775293783e+00
7 7 -4.725439170e+01 -4.542815379e-13
7 8  1.960098020e+01  6.332512342e+00
7 9  5.445698630e+00  4.547975102e+00
8 0 -4.748540521e-02  8.496567931e-02
8 1  8.172704856e-02 -2.010140986e-01
8 2  5.371551026e-02  3.823427924e-01
8 3 -1.726041555e-01 -5.017745890e-01
8 4  1.560313423e+00  5.089141343e-01
8 5 -2.801612294e-01  2.005824342e+00
8 6  5.534241850e-01 -1.985532757e+00
8 7  1.960098020e+01 -6.332512342e+00
8 8 -6.184385539e+01 -1.641801873e-13
8 9  3.092727377e+01  6.033434013e+00
9 0  4.161841566e-02  1.265559699e-01
9 1 -9.210618941e-02 -2.467132264e-01
9 2  4.164694919e-01  3.640414851e-01
9 3 -5.748084658e-01 -1.407845365e-01
9 4  1.798623644e+00 -3.626693485e-01
9 5  1.130895159e+00  3.049043116e+00
9 6 -1.344563273e+00  8.306519023e-01
9 7  5.445698630e+00 -4.547975102e+00
9 8  3.092727377e+01 -6.033434013e+00
9 9 -5.601769529e+01  1.447817074e-14
0  6.708879063e-02  5.840135905e-03 -1.496374451e-01 -3.972022191e-02
1  1.117874124e-01  9.935032599e-03  1.680905888e-01  8.311122679e-02
2  1.519583668e-01  1.251486440e-02 -1.409976018e-01 -1.410385885e-01
3  2.003506857e-01  1.718504174e-02  5.643484439e-02  1.965696532e-01
4  2.485929377e-01  1.935958902e-02  9.186122861e-02 -1.822834876e-01
5  2.860438409e-01  2.231024631e-02 -1.989807892e-01  8.459207885e-03
6  3.187882224e-01  2.445670828e-02  2.792918075e-02  1.898113869e-01
7  3.463896051e-01  2.521518203e-02  1.766644982e-01  4.338772554e-02
8  3.392780012e-01  2.476939838e-02  1.453200010e-01 -8.792573621e-02
9  3.164838406e-01  1.267047035e-02  8.655199654e-02 -1.326008417e-01
