 1.695500020e+00 -1.798538010e+00  8.646461817e-01  3.286500784e+00  9.320832054e-01  9.176641700e-01  6.669101600e+00 512 3 10
 0.000000000e+00  0.000000000e+00  2.634055280e-05
 1.956947162e-03  2.931072343e-02  1.335047998e-01
 3.913894325e-03  4.145401807e-02  1.887808947e-01
 5.870841487e-03  5.077356282e-02  2.311695326e-01
 7.827788650e-03  5.863172392e-02  2.668844089e-01
 9.784735812e-03  6.555617468e-02  2.983315692e-01
 1.174168297e-02  7.181752533e-02  3.267450789e-01
 1.369863014e-02  7.757652378e-02  3.528580937e-01
 1.565557730e-02  8.293790197e-02  3.771483445e-01
 1.761252446e-02  8.797440422e-02  3.999476892e-01
 1.956947162e-02  9.273899341e-02  4.214977680e-01
 2.152641879e-02  9.727165090e-02  4.419810105e-01
 2.348336595e-02  1.016034373e-01  4.615391542e-01
 2.544031311e-02  1.057590529e-01  4.802866913e-01
 2.739726027e-02  1.097584959e-01  4.983211324e-01
 2.935420744e-02  1.136181826e-01  5.157032388e-01
 3.131115460e-02  1.173520927e-01  5.324869108e-01
 3.326810176e-02  1.209719373e-01  5.487330291e-01
 3.522504892e-02  1.244877288e-01  5.644877247e-01
 3.718199609e-02  1.279080955e-01  5.797883131e-01
 3.913894325e-02  1.312405736e-01  5.946668602e-01
 4.109589041e-02  1.344917614e-01  6.091534744e-01
 4.305283757e-02  1.376674823e-01  6.232744689e-01
 4.500978474e-02  1.407729027e-01  6.370538172e-01
 4.696673190e-02  1.438126288e-01  6.505124984e-01
 4.892367906e-02  1.467907941e-01  6.636686203e-01
 5.088062622e-02  1.497111252e-01  6.765382912e-01
 5.283757339e-02  1.525769970e-01  6.891368584e-01
 5.479452055e-02  1.553914704e-01  7.014770654e-01
 5.675146771e-02  1.581573476e-01  7.135696590e-01
 5.870841487e-02  1.608771935e-01  7.254262954e-01
 6.066536204e-02  1.635533573e-01  7.370592614e-01
 6.262230920e-02  1.661879917e-01  7.484790216e-01
 6.457925636e-02  1.687830855e-01  7.596938615e-01
 6.653620352e-02  1.713404796e-01  7.707127574e-01
 6.849315068e-02  1.738618747e-01  7.815401542e-01
 7.045009785e-02  1.763488767e-01  7.921782731e-01
 7.240704501e-02  1.788029863e-01  8.026392626e-01
 7.436399217e-02  1.812255651e-01  8.129364560e-01
 7.632093933e-02  1.836178811e-01  8.230684099e-01
 7.827788650e-02  1.859811674e-01  8.330336015e-01
 8.023483366e-02  1.883165750e-01  8.428430421e-01
 8.219178082e-02  1.906251584e-01  8.525047739e-01
 8.414872798e-02  1.929079182e-01  8.620199499e-01
 8.610567515e-02  1.951658064e-01  8.713918954e-01
 8.806262231e-02  1.973997173e-01  8.806260349e-01
 9.001956947e-02  1.996104927e-01  8.897229487e-01
 9.197651663e-02  2.017989473e-01  8.986848350e-01
 9.393346380e-02  2.039658417e-01  9.075217765e-01
 9.589041096e-02  2.061118768e-01  9.162364253e-01
 9.784735812e-02  2.082377401e-01  9.248260674e-01
 9.980430528e-02  2.103440896e-01  9.332908791e-01
 1.017612524e-01  2.124315590e-01  9.416384972e-01
 1.037181996e-01  2.145007231e-01  9.498764576e-01
 1.056751468e-01  2.165521365e-01  9.580012720e-01
 1.076320939e-01  2.185863472e-01  9.660123659e-01
 1.095890411e-01  2.206038725e-01  9.739138702e-01
 1.115459883e-01  2.226052051e-01  9.817089484e-01
 1.135029354e-01  2.245908140e-01  9.894007874e-01
 1.154598826e-01  2.265611460e-01  9.969925649e-01
 1.174168297e-01  2.285166269e-01  1.004483338e+00
 1.193737769e-01  2.304576782e-01  1.011870334e+00
 1.213307241e-01  2.323847087e-01  1.019156760e+00
 1.232876712e-01  2.342981012e-01  1.026351486e+00
 1.252446184e-01  2.361982067e-01  1.033455394e+00
 1.272015656e-01  2.380853818e-01  1.040463126e+00
 1.291585127e-01  2.399599757e-01  1.047375561e+00
 1.311154599e-01  2.418223207e-01  1.054197044e+00
 1.330724070e-01  2.436727305e-01  1.060930163e+00
 1.350293542e-01  2.455115099e-01  1.067576891e+00
 1.369863014e-01  2.473389482e-01  1.074138691e+00
 1.389432485e-01  2.491553284e-01  1.080612365e+00
 1.409001957e-01  2.509609349e-01  1.086996328e+00
 1.428571429e-01  2.527560405e-01  1.093296108e+00
 1.448140900e-01  2.545408968e-01  1.099518305e+00
 1.467710372e-01  2.563157414e-01  1.105661913e+00
 1.487279843e-01  2.580808161e-01  1.111720074e+00
 1.506849315e-01  2.598363683e-01  1.117692998e+00
 1.526418787e-01  2.615826270e-01  1.123588495e+00
 1.545988258e-01  2.633198033e-01  1.129409194e+00
 1.565557730e-01  2.650481076e-01  1.135153351e+00
 1.585127202e-01  2.667677461e-01  1.140819896e+00
 1.604696673e-01  2.684789225e-01  1.146407690e+00
 1.624266145e-01  2.701818371e-01  1.151917332e+00
 1.643835616e-01  2.718766824e-01  1.157353411e+00
 1.663405088e-01  2.735636364e-01  1.162721011e+00
 1.682974560e-01  2.752428686e-01  1.168017028e+00
 1.702544031e-01  2.769145584e-01  1.173234424e+00
 1.722113503e-01  2.785788877e-01  1.178375900e+00
 1.741682975e-01  2.802360206e-01  1.183448875e+00
 1.761252446e-01  2.818861111e-01  1.188455097e+00
 1.780821918e-01  2.835293117e-01  1.193392408e+00
 1.800391389e-01  2.851657762e-01  1.198258002e+00
 1.819960861e-01  2.867956585e-01  1.203050847e+00
 1.839530333e-01  2.884191091e-01  1.207773275e+00
 1.859099804e-01  2.900362698e-01  1.212430439e+00
 1.878669276e-01  2.916472719e-01  1.217025884e+00
 1.898238748e-01  2.932522424e-01  1.221554620e+00
 1.917808219e-01  2.948513208e-01  1.226009575e+00
 1.937377691e-01  2.964446479e-01  1.230394948e+00
 1.956947162e-01  2.980323472e-01  1.234719472e+00
 1.976516634e-01  2.996145323e-01  1.238984545e+00
 1.996086106e-01  3.011913190e-01  1.243184556e+00
 2.015655577e-01  3.027628310e-01  1.247315337e+00
 2.035225049e-01  3.043291906e-01  1.251380234e+00
 2.054794521e-01  3.058905092e-01  1.255382732e+00
 2.074363992e-01  3.074468963e-01  1.259324373e+00
 2.093933464e-01  3.089984561e-01  1.263207557e+00
 2.113502935e-01  3.105452886e-01  1.267028519e+00
 2.133072407e-01  3.120875040e-01  1.270782024e+00
 2.152641879e-01  3.136252119e-01  1.274471117e+00
 2.172211350e-01  3.151585115e-01  1.278102403e+00
 2.191780822e-01  3.166874938e-01  1.281679109e+00
 2.211350294e-01  3.182122473e-01  1.285196631e+00
 2.230919765e-01  3.197328711e-01  1.288648999e+00
 2.250489237e-01  3.212494654e-01  1.292038298e+00
 2.270058708e-01  3.227621216e-01  1.295369566e+00
 2.289628180e-01  3.242709252e-01  1.298645281e+00
 2.309197652e-01  3.257759596e-01  1.301867136e+00
 2.328767123e-01  3.272773043e-01  1.305030692e+00
 2.348336595e-01  3.287750505e-01  1.308129955e+00
 2.367906067e-01  3.302692892e-01  1.311168161e+00
 2.387475538e-01  3.317601021e-01  1.314152658e+00
 2.407045010e-01  3.332475614e-01  1.317088112e+00
 2.426614481e-01  3.347317361e-01  1.319968908e+00
 2.446183953e-01  3.362127096e-01  1.322785838e+00
 2.465753425e-01  3.376905696e-01  1.325542284e+00
 2.485322896e-01  3.391653899e-01  1.328246670e+00
 2.504892368e-01  3.406372378e-01  1.330900453e+00
 2.524461840e-01  3.421061823e-01  1.333502326e+00
 2.544031311e-01  3.435722920e-01  1.336047735e+00
 2.563600783e-01  3.450356444e-01  1.338534023e+00
 2.583170254e-01  3.464963125e-01  1.340964621e+00
 2.602739726e-01  3.479543647e-01  1.343343353e+00
 2.622309198e-01  3.494098643e-01  1.345673928e+00
 2.641878669e-01  3.508628703e-01  1.347955255e+00
 2.661448141e-01  3.523134471e-01  1.350178389e+00
 2.681017613e-01  3.537616720e-01  1.352343187e+00
 2.700587084e-01  3.552076084e-01  1.354457567e+00
 2.720156556e-01  3.566513151e-01  1.356524206e+00
 2.739726027e-01  3.580928490e-01  1.358543422e+00
 2.759295499e-01  3.595322672e-01  1.360510203e+00
 2.778864971e-01  3.609696362e-01  1.362421204e+00
 2.798434442e-01  3.624050191e-01  1.364279328e+00
 2.818003914e-01  3.638384753e-01  1.366087293e+00
 2.837573386e-01  3.652700612e-01  1.367849231e+00
 2.857142857e-01  3.666998268e-01  1.369567447e+00
 2.876712329e-01  3.681278229e-01  1.371233218e+00
 2.896281800e-01  3.695541167e-01  1.372841253e+00
 2.915851272e-01  3.709787694e-01  1.374398827e+00
 2.935420744e-01  3.724018321e-01  1.375912786e+00
 2.954990215e-01  3.738233513e-01  1.377385061e+00
 2.974559687e-01  3.752433734e-01  1.378808971e+00
 2.994129159e-01  3.766619579e-01  1.380177316e+00
 3.013698630e-01  3.780791657e-01  1.381494817e+00
 3.033268102e-01  3.794950457e-01  1.382767518e+00
 3.052837573e-01  3.809096458e-01  1.383996826e+00
 3.072407045e-01  3.823230116e-01  1.385183597e+00
 3.091976517e-01  3.837351887e-01  1.386321795e+00
 3.111545988e-01  3.851462346e-01  1.387407194e+00
 3.131115460e-01  3.865562029e-01  1.388444220e+00
 3.150684932e-01  3.879651418e-01  1.389438542e+00
 3.170254403e-01  3.893730928e-01  1.390393734e+00
 3.189823875e-01  3.907800963e-01  1.391305627e+00
 3.209393346e-01  3.921862023e-01  1.392165880e+00
 3.228962818e-01  3.935914675e-01  1.392976354e+00
 3.248532290e-01  3.949959377e-01  1.393745139e+00
 3.268101761e-01  3.963996530e-01  1.394474105e+00
 3.287671233e-01  3.978026551e-01  1.395161548e+00
 3.307240705e-01  3.992049875e-01  1.395803736e+00
 3.326810176e-01  4.006066989e-01  1.396398539e+00
 3.346379648e-01  4.020078368e-01  1.396949007e+00
 3.365949119e-01  4.034084437e-01  1.397457435e+00
 3.385518591e-01  4.048085622e-01  1.397926040e+00
 3.405088063e-01  4.062082302e-01  1.398356199e+00
 3.424657534e-01  4.076074875e-01  1.398742541e+00
 3.444227006e-01  4.090063824e-01  1.399081679e+00
 3.463796477e-01  4.104049613e-01  1.399378038e+00
 3.483365949e-01  4.118032638e-01  1.399636522e+00
 3.502935421e-01  4.132013262e-01  1.399858715e+00
 3.522504892e-01  4.145991848e-01  1.400040355e+00
 3.542074364e-01  4.159968844e-01  1.400177168e+00
 3.561643836e-01  4.173944698e-01  1.400271866e+00
 3.581213307e-01  4.187919804e-01  1.400328119e+00
 3.600782779e-01  4.201894536e-01  1.400346834e+00
 3.620352250e-01  4.215869268e-01  1.400328384e+00
 3.639921722e-01  4.229844368e-01  1.400271426e+00
 3.659491194e-01  4.243820237e-01  1.400173547e+00
 3.679060665e-01  4.257797291e-01  1.400034391e+00
 3.698630137e-01  4.271775939e-01  1.399857217e+00
 3.718199609e-01  4.285756531e-01  1.399646614e+00
 3.737769080e-01  4.299739386e-01  1.399401609e+00
 3.757338552e-01  4.313724874e-01  1.399117275e+00
 3.776908023e-01  4.327713413e-01  1.398791609e+00
 3.796477495e-01  4.341705413e-01  1.398428551e+00
 3.816046967e-01  4.355701217e-01  1.398033419e+00
 3.835616438e-01  4.369701128e-01  1.397605174e+00
 3.855185910e-01  4.383705510e-01  1.397140279e+00
 3.874755382e-01  4.397714740e-01  1.396637771e+00
 3.894324853e-01  4.411729202e-01  1.396098981e+00
 3.913894325e-01  4.425749247e-01  1.395526496e+00
 3.933463796e-01  4.439775209e-01  1.394921590e+00
 3.953033268e-01  4.453807417e-01  1.394283589e+00
 3.972602740e-01  4.467846219e-01  1.393612273e+00
 3.992172211e-01  4.481891949e-01  1.392906429e+00
 4.011741683e-01  4.495944982e-01  1.392164976e+00
 4.031311155e-01  4.510005678e-01  1.391391847e+00
 4.050880626e-01  4.524074333e-01  1.390589532e+00
 4.070450098e-01  4.538151259e-01  1.389756207e+00
 4.090019569e-01  4.552236791e-01  1.388889687e+00
 4.109589041e-01  4.566331287e-01  1.387989332e+00
 4.129158513e-01  4.580435100e-01  1.387058219e+00
 4.148727984e-01  4.594548526e-01  1.386099979e+00
 4.168297456e-01  4.608671846e-01  1.385111871e+00
 4.187866928e-01  4.622805415e-01  1.384091811e+00
 4.207436399e-01  4.636949561e-01  1.383042021e+00
 4.227005871e-01  4.651104595e-01  1.381963410e+00
 4.246575342e-01  4.665270828e-01  1.380857051e+00
 4.266144814e-01  4.679448555e-01  1.379722311e+00
 4.285714286e-01  4.693638100e-01  1.378558339e+00
 4.305283757e-01  4.707839778e-01  1.377367477e+00
 4.324853229e-01  4.722053870e-01  1.376150272e+00
 4.344422701e-01  4.736280683e-01  1.374904916e+00
 4.363992172e-01  4.750520537e-01  1.373632802e+00
 4.383561644e-01  4.764773712e-01  1.372335000e+00
 4.403131115e-01  4.779040512e-01  1.371011642e+00
 4.422700587e-01  4.793321217e-01  1.369663215e+00
 4.442270059e-01  4.807616123e-01  1.368288927e+00
 4.461839530e-01  4.821925529e-01  1.366890203e+00
 4.481409002e-01  4.836249706e-01  1.365468116e+00
 4.500978474e-01  4.850588934e-01  1.364021482e+00
 4.520547945e-01  4.864943510e-01  1.362550325e+00
 4.540117417e-01  4.879313720e-01  1.361056819e+00
 4.559686888e-01  4.893699817e-01  1.359541905e+00
 4.579256360e-01  4.908102070e-01  1.358005115e+00
 4.598825832e-01  4.922520746e-01  1.356444763e+00
 4.618395303e-01  4.936956152e-01  1.354861229e+00
 4.637964775e-01  4.951408553e-01  1.353257993e+00
 4.657534247e-01  4.965878184e-01  1.351636577e+00
 4.677103718e-01  4.980365281e-01  1.349995089e+00
 4.696673190e-01  4.994870121e-01  1.348331083e+00
 4.716242661e-01  5.009392998e-01  1.346646246e+00
 4.735812133e-01  5.023934157e-01  1.344943557e+00
 4.755381605e-01  5.038493829e-01  1.343224478e+00
 4.774951076e-01  5.053072232e-01  1.341487844e+00
 4.794520548e-01  5.067669625e-01  1.339731604e+00
 4.814090020e-01  5.082286275e-01  1.337956518e+00
 4.833659491e-01  5.096922428e-01  1.336165095e+00
 4.853228963e-01  5.111578298e-01  1.334358276e+00
 4.872798434e-01  5.126254115e-01  1.332536199e+00
 4.892367906e-01  5.140950093e-01  1.330698683e+00
 4.911937378e-01  5.155666469e-01  1.328844621e+00
 4.931506849e-01  5.170403486e-01  1.326975129e+00
 4.951076321e-01  5.185161357e-01  1.325091482e+00
 4.970645793e-01  5.199940301e-01  1.323194683e+00
 4.990215264e-01  5.214740514e-01  1.321286120e+00
 5.009784736e-01  5.229562186e-01  1.319364205e+00
 5.029354207e-01  5.244405549e-01  1.317427846e+00
 5.048923679e-01  5.259270823e-01  1.315478644e+00
 5.068493151e-01  5.274158207e-01  1.313518651e+00
 5.088062622e-01  5.289067877e-01  1.311549479e+00
 5.107632094e-01  5.304000000e-01  1.309570203e+00
 5.127201566e-01  5.318954773e-01  1.307578678e+00
 5.146771037e-01  5.333932416e-01  1.305575723e+00
 5.166340509e-01  5.348933111e-01  1.303564142e+00
 5.185909980e-01  5.363957014e-01  1.301545561e+00
 5.205479452e-01  5.379004275e-01  1.299519550e+00
 5.225048924e-01  5.394075061e-01  1.297484187e+00
 5.244618395e-01  5.409169569e-01  1.295439687e+00
 5.264187867e-01  5.424287963e-01  1.293388398e+00
 5.283757339e-01  5.439430388e-01  1.291332151e+00
 5.303326810e-01  5.454596969e-01  1.289270651e+00
 5.322896282e-01  5.469787857e-01  1.287202585e+00
 5.342465753e-01  5.485003211e-01  1.285128424e+00
 5.362035225e-01  5.500243174e-01  1.283049615e+00
 5.381604697e-01  5.515507873e-01  1.280967563e+00
 5.401174168e-01  5.530797418e-01  1.278882296e+00
 5.420743640e-01  5.546111937e-01  1.276793229e+00
 5.440313112e-01  5.561451556e-01  1.274701123e+00
 5.459882583e-01  5.576816386e-01  1.272606893e+00
 5.479452055e-01  5.592206533e-01  1.270511308e+00
 5.499021526e-01  5.607622091e-01  1.268414514e+00
 5.518590998e-01  5.623063163e-01  1.266316487e+00
 5.538160470e-01  5.638529844e-01  1.264218147e+00
 5.557729941e-01  5.654022216e-01  1.262120393e+00
 5.577299413e-01  5.669540354e-01  1.260023602e+00
 5.596868885e-01  5.685084331e-01  1.257927761e+00
 5.616438356e-01  5.700654221e-01  1.255833202e+00
 5.636007828e-01  5.716250092e-01  1.253740755e+00
 5.655577299e-01  5.731871997e-01  1.251651291e+00
 5.675146771e-01  5.747519982e-01  1.249565290e+00
 5.694716243e-01  5.763194088e-01  1.247482701e+00
 5.714285714e-01  5.778894363e-01  1.245403868e+00
 5.733855186e-01  5.794620840e-01  1.243329531e+00
 5.753424658e-01  5.810373545e-01  1.241260332e+00
 5.772994129e-01  5.826152499e-01  1.239196693e+00
 5.792563601e-01  5.841957714e-01  1.237138799e+00
 5.812133072e-01  5.857789205e-01  1.235087158e+00
 5.831702544e-01  5.873646973e-01  1.233042320e+00
 5.851272016e-01  5.889531017e-01  1.231004628e+00
 5.870841487e-01  5.905441327e-01  1.228974329e+00
 5.890410959e-01  5.921377895e-01  1.226951498e+00
 5.909980431e-01  5.937340711e-01  1.224936665e+00
 5.929549902e-01  5.953329748e-01  1.222930558e+00
 5.949119374e-01  5.969344977e-01  1.220933312e+00
 5.968688845e-01  5.985386368e-01  1.218944816e+00
 5.988258317e-01  6.001453892e-01  1.216965035e+00
 6.007827789e-01  6.017547518e-01  1.214994283e+00
 6.027397260e-01  6.033667208e-01  1.213033103e+00
 6.046966732e-01  6.049812915e-01  1.211081839e+00
 6.066536204e-01  6.065984589e-01  1.209140420e+00
 6.086105675e-01  6.082182185e-01  1.207208495e+00
 6.105675147e-01  6.098405661e-01  1.205286245e+00
 6.125244618e-01  6.114654963e-01  1.203373905e+00
 6.144814090e-01  6.130930043e-01  1.201471521e+00
 6.164383562e-01  6.147230843e-01  1.199579323e+00
 6.183953033e-01  6.163557307e-01  1.197697164e+00
 6.203522505e-01  6.179909381e-01  1.195824931e+00
 6.223091977e-01  6.196287007e-01  1.193962638e+00
 6.242661448e-01  6.212690130e-01  1.192110045e+00
 6.262230920e-01  6.229118699e-01  1.190267123e+00
 6.281800391e-01  6.245572657e-01  1.188434022e+00
 6.301369863e-01  6.262051945e-01  1.186610712e+00
 6.320939335e-01  6.278556506e-01  1.184797001e+00
 6.340508806e-01  6.295086286e-01  1.182992646e+00
 6.360078278e-01  6.311641233e-01  1.181197322e+00
 6.379647750e-01  6.328221299e-01  1.179410877e+00
 6.399217221e-01  6.344826435e-01  1.177633418e+00
 6.418786693e-01  6.361456589e-01  1.175864793e+00
 6.438356164e-01  6.378111713e-01  1.174104669e+00
 6.457925636e-01  6.394791766e-01  1.172352800e+00
 6.477495108e-01  6.411496704e-01  1.170608990e+00
 6.497064579e-01  6.428226488e-01  1.168872994e+00
 6.516634051e-01  6.444981083e-01  1.167144442e+00
 6.536203523e-01  6.461760457e-01  1.165423096e+00
 6.555772994e-01  6.478564582e-01  1.163708827e+00
 6.575342466e-01  6.495393429e-01  1.162001430e+00
 6.594911937e-01  6.512246972e-01  1.160300625e+00
 6.614481409e-01  6.529125191e-01  1.158605959e+00
 6.634050881e-01  6.546028073e-01  1.156916923e+00
 6.653620352e-01  6.562955611e-01  1.155233323e+00
 6.673189824e-01  6.579907796e-01  1.153555070e+00
 6.692759295e-01  6.596884623e-01  1.151881725e+00
 6.712328767e-01  6.613886097e-01  1.150212908e+00
 6.731898239e-01  6.630912223e-01  1.148548408e+00
 6.751467710e-01  6.647963010e-01  1.146887735e+00
 6.771037182e-01  6.665038479e-01  1.145230477e+00
 6.790606654e-01  6.682138650e-01  1.143576222e+00
 6.810176125e-01  6.699263556e-01  1.141924510e+00
 6.829745597e-01  6.716413231e-01  1.140275313e+00
 6.849315068e-01  6.733587708e-01  1.138628613e+00
 6.868884540e-01  6.750787024e-01  1.136983728e+00
 6.888454012e-01  6.768011230e-01  1.135339559e+00
 6.908023483e-01  6.785260397e-01  1.133695581e+00
 6.927592955e-01  6.802534593e-01  1.132052016e+00
 6.947162427e-01  6.819833883e-01  1.130409144e+00
 6.966731898e-01  6.837158327e-01  1.128766516e+00
 6.986301370e-01  6.854508002e-01  1.127123035e+00
 7.005870841e-01  6.871883005e-01  1.125477801e+00
 7.025440313e-01  6.889283441e-01  1.123830488e+00
 7.045009785e-01  6.906709419e-01  1.122181310e+00
 7.064579256e-01  6.924161037e-01  1.120530352e+00
 7.084148728e-01  6.941638402e-01  1.118876471e+00
 7.103718200e-01  6.959141651e-01  1.117218848e+00
 7.123287671e-01  6.976670917e-01  1.115557897e+00
 7.142857143e-01  6.994226326e-01  1.113893431e+00
 7.162426614e-01  7.011808019e-01  1.112224483e+00
 7.181996086e-01  7.029416154e-01  1.110549816e+00
 7.201565558e-01  7.047050912e-01  1.108869014e+00
 7.221135029e-01  7.064712467e-01  1.107182498e+00
 7.240704501e-01  7.082400991e-01  1.105490792e+00
 7.260273973e-01  7.100116642e-01  1.103793529e+00
 7.279843444e-01  7.117859606e-01  1.102088763e+00
 7.299412916e-01  7.135630106e-01  1.100375180e+00
 7.318982387e-01  7.153428375e-01  1.098653112e+00
 7.338551859e-01  7.171254628e-01  1.096923409e+00
 7.358121331e-01  7.189109072e-01  1.095185707e+00
 7.377690802e-01  7.206991940e-01  1.093438617e+00
 7.397260274e-01  7.224903485e-01  1.091681169e+00
 7.416829746e-01  7.242843977e-01  1.089913557e+00
 7.436399217e-01  7.260813668e-01  1.088136188e+00
 7.455968689e-01  7.278812816e-01  1.086348151e+00
 7.475538160e-01  7.296841710e-01  1.084547978e+00
 7.495107632e-01  7.314900660e-01  1.082734905e+00
 7.514677104e-01  7.332989984e-01  1.080909646e+00
 7.534246575e-01  7.351109976e-01  1.079073602e+00
 7.553816047e-01  7.369260912e-01  1.077226320e+00
 7.573385519e-01  7.387443104e-01  1.075365986e+00
 7.592954990e-01  7.405656895e-01  1.073491880e+00
 7.612524462e-01  7.423902628e-01  1.071605458e+00
 7.632093933e-01  7.442180602e-01  1.069709099e+00
 7.651663405e-01  7.460491085e-01  1.067803954e+00
 7.671232877e-01  7.478834340e-01  1.065890817e+00
 7.690802348e-01  7.497210612e-01  1.063970838e+00
 7.710371820e-01  7.515620129e-01  1.062045417e+00
 7.729941292e-01  7.534063092e-01  1.060116955e+00
 7.749510763e-01  7.552539648e-01  1.058188065e+00
 7.769080235e-01  7.571049909e-01  1.056261563e+00
 7.788649706e-01  7.589593925e-01  1.054339831e+00
 7.808219178e-01  7.608171724e-01  1.052424135e+00
 7.827788650e-01  7.626783311e-01  1.050515972e+00
 7.847358121e-01  7.645428661e-01  1.048617951e+00
 7.866927593e-01  7.664107684e-01  1.046734068e+00
 7.886497065e-01  7.682820208e-01  1.044867225e+00
 7.906066536e-01  7.701566036e-01  1.043020073e+00
 7.925636008e-01  7.720344897e-01  1.041194922e+00
 7.945205479e-01  7.739156503e-01  1.039394048e+00
 7.964774951e-01  7.758000492e-01  1.037623433e+00
 7.984344423e-01  7.776876352e-01  1.035887256e+00
 8.003913894e-01  7.795783558e-01  1.034185058e+00
 8.023483366e-01  7.814721605e-01  1.032515743e+00
 8.043052838e-01  7.833689996e-01  1.030879954e+00
 8.062622309e-01  7.852688190e-01  1.029286743e+00
 8.082191781e-01  7.871715346e-01  1.027746168e+00
 8.101761252e-01  7.890770536e-01  1.026259009e+00
 8.121330724e-01  7.909852875e-01  1.024821898e+00
 8.140900196e-01  7.928961544e-01  1.023432776e+00
 8.160469667e-01  7.948095717e-01  1.022099660e+00
 8.180039139e-01  7.967254262e-01  1.020831689e+00
 8.199608611e-01  7.986435996e-01  1.019625668e+00
 8.219178082e-01  8.005639888e-01  1.018474449e+00
 8.238747554e-01  8.024865008e-01  1.017377407e+00
 8.258317025e-01  8.044110336e-01  1.016339588e+00
 8.277886497e-01  8.063374738e-01  1.015370668e+00
 8.297455969e-01  8.082656811e-01  1.014471289e+00
 8.317025440e-01  8.101955384e-01  1.013629005e+00
 8.336594912e-01  8.121269514e-01  1.012833470e+00
 8.356164384e-01  8.140598414e-01  1.012081462e+00
 8.375733855e-01  8.159941257e-01  1.011376490e+00
 8.395303327e-01  8.179297111e-01  1.010712771e+00
 8.414872798e-01  8.198665365e-01  1.010079516e+00
 8.434442270e-01  8.218045497e-01  1.009467751e+00
 8.454011742e-01  8.237437233e-01  1.008869021e+00
 8.473581213e-01  8.256840374e-01  1.008281297e+00
 8.493150685e-01  8.276254724e-01  1.007697006e+00
 8.512720157e-01  8.295680372e-01  1.007108639e+00
 8.532289628e-01  8.315117413e-01  1.006510989e+00
 8.551859100e-01  8.334566138e-01  1.005893777e+00
 8.571428571e-01  8.354027039e-01  1.005248856e+00
 8.590998043e-01  8.373500727e-01  1.004563498e+00
 8.610567515e-01  8.392988193e-01  1.003828139e+00
 8.630136986e-01  8.412490424e-01  1.003043361e+00
 8.649706458e-01  8.432008396e-01  1.002214740e+00
 8.669275930e-01  8.451542890e-01  1.001328747e+00
 8.688845401e-01  8.471095420e-01  1.000374080e+00
 8.708414873e-01  8.490667217e-01  9.993356615e-01
 8.727984344e-01  8.510260405e-01  9.982008114e-01
 8.747553816e-01  8.529876732e-01  9.969847362e-01
 8.767123288e-01  8.549517750e-01  9.956965533e-01
 8.786692759e-01  8.569184871e-01  9.943278963e-01
 8.806262231e-01  8.588880000e-01  9.928789322e-01
 8.825831703e-01  8.608604568e-01  9.913376585e-01
 8.845401174e-01  8.628360992e-01  9.896924806e-01
 8.864970646e-01  8.648151196e-01  9.879593839e-01
 8.884540117e-01  8.667977000e-01  9.861530693e-01
 8.904109589e-01  8.687839772e-01  9.842705296e-01
 8.923679061e-01  8.707741493e-01  9.823021699e-01
 8.943248532e-01  8.727683953e-01  9.802544423e-01
 8.962818004e-01  8.747668914e-01  9.781142636e-01
 8.982387476e-01  8.767698748e-01  9.758873875e-01
 9.001956947e-01  8.787775025e-01  9.735778405e-01
 9.021526419e-01  8.807900010e-01  9.711890858e-01
 9.041095890e-01  8.828075174e-01  9.687344870e-01
 9.060665362e-01  8.848302280e-01  9.661823001e-01
 9.080234834e-01  8.868584182e-01  9.635370143e-01
 9.099804305e-01  8.888922509e-01  9.608127782e-01
 9.119373777e-01  8.909319596e-01  9.579986578e-01
 9.138943249e-01  8.929777595e-01  9.551371845e-01
 9.158512720e-01  8.950297080e-01  9.522031654e-01
 9.178082192e-01  8.970881363e-01  9.491549102e-01
 9.197651663e-01  8.991532869e-01  9.460598984e-01
 9.217221135e-01  9.012252055e-01  9.428919447e-01
 9.236790607e-01  9.033042582e-01  9.396004393e-01
 9.256360078e-01  9.053907198e-01  9.362599525e-01
 9.275929550e-01  9.074846349e-01  9.328731272e-01
 9.295499022e-01  9.095862752e-01  9.293595215e-01
 9.315068493e-01  9.116960552e-01  9.257318204e-01
 9.334637965e-01  9.138142005e-01  9.221771257e-01
 9.354207436e-01  9.159402741e-01  9.185227319e-01
 9.373776908e-01  9.180753133e-01  9.145806872e-01
 9.393346380e-01  9.202197567e-01  9.105123421e-01
 9.412915851e-01  9.223739199e-01  9.066019953e-01
 9.432485323e-01  9.245368958e-01  9.025628271e-01
 9.452054795e-01  9.267103941e-01  8.980700609e-01
 9.471624266e-01  9.288950701e-01  8.933989599e-01
 9.491193738e-01  9.310913588e-01  8.888552859e-01
 9.510763209e-01  9.332984204e-01  8.847374224e-01
 9.530332681e-01  9.355151934e-01  8.800914338e-01
 9.549902153e-01  9.377456497e-01  8.745254576e-01
 9.569471624e-01  9.399907384e-01  8.687096609e-01
 9.589041096e-01  9.422511654e-01  8.627453464e-01
 9.608610568e-01  9.445274067e-01  8.684122648e-01
 9.628180039e-01  9.467590039e-01  8.801222766e-01
 9.647749511e-01  9.489745123e-01  8.748605071e-01
 9.667318982e-01  9.512335874e-01  8.557869618e-01
 9.686888454e-01  9.535493622e-01  8.333498794e-01
 9.706457926e-01  9.559320742e-01  8.090569750e-01
 9.726027397e-01  9.583892536e-01  7.841414792e-01
 9.745596869e-01  9.609259151e-01  7.595556196e-01
 9.765166341e-01  9.635447461e-01  7.359974800e-01
 9.784735812e-01  9.662462960e-01  7.139527323e-01
 9.804305284e-01  9.690291647e-01  6.937400773e-01
 9.823874755e-01  9.718901904e-01  6.755533583e-01
 9.843444227e-01  9.748246371e-01  6.594972900e-01
 9.863013699e-01  9.778263793e-01  6.456160687e-01
 9.882583170e-01  9.808880859e-01  6.339153756e-01
 9.902152642e-01  9.840014009e-01  6.243787749e-01
 9.921722114e-01  9.871571211e-01  6.169796382e-01
 9.941291585e-01  9.903453706e-01  6.116896365e-01
 9.960861057e-01  9.935557715e-01  6.084846554e-01
 9.980430528e-01  9.967776102e-01  6.073487862e-01
 1.000000000e+00  1.000000000e+00  6.072448876e-01
4  4.583069534e-01  7.501600352e-01  1.015993895e+00  7.607329489e-01  9.543853494e-01  4.307568106e+01  4.181550513e-01  9.972376600e-01  4.132812395e-01  2.776452591e+00
5  5.866681879e-01  1.057109281e+00  1.009344600e+00  6.260595138e-01  9.272501592e-01  2.736292574e+01  3.708457603e-01  1.069503028e+00  5.823111169e-01  2.824650423e+00
6  6.873551558e-01  1.238167107e+00  1.005608087e+00  5.354392044e-01  9.049256815e-01  2.078547017e+01  3.450940264e-01  1.161613095e+00  7.007748629e-01  2.747649995e+00
7  7.737619121e-01  1.384130653e+00  1.002876549e+00  4.703209007e-01  8.933862289e-01  1.723132953e+01  3.283588901e-01  1.262108089e+00  7.943607422e-01  2.643988080e+00
8  8.439876090e-01  1.774853570e+00  1.000965977e+00  4.207241482e-01  9.044684750e-01  1.570596530e+01  3.180734182e-01  1.388354374e+00  8.657590232e-01  2.518651668e+00
9  8.941914824e-01  2.272556701e+00  9.998962045e-01  3.810221911e-01  9.571596903e-01  1.621023676e+01  3.132258021e-01  1.580231899e+00  9.150525978e-01  2.369439629e+00
10  9.385114076e-01  2.098541484e+00  9.996266305e-01  3.496733283e-01  1.067709879e+00  1.872747514e+01  3.127748957e-01  1.848404120e+00  9.556591408e-01  2.237587781e+00
11  9.691525630e-01  4.146509565e+00  9.998703444e-01  3.231110022e-01  1.268471016e+00  2.490774905e+01  3.158427657e-01  2.409067569e+00  9.805160829e-01  2.101095825e+00
12  9.849333634e-01  7.211753150e+00  9.999419840e-01  2.992823683e-01  1.535759411e+00  3.479121517e+01  3.197382089e-01  3.663431686e+00  9.907959916e-01  1.957506058e+00
13  9.931265896e-01  1.340069912e+01  9.999708377e-01  2.783546872e-01  1.755053349e+00  4.317597995e+01  3.241272172e-01  6.208995213e+00  9.958248931e-01  1.822012284e+00
0 0 -1.220981288e-01  3.596815979e-19
0 1  1.378512905e-02 -6.093866205e-03
0 2 -1.581844485e-02  7.739570503e-03
0 3  3.192156630e-03 -8.991683941e-03
0 4  1.282490370e-03  7.281325241e-03
0 5 -6.466138296e-03 -1.378958055e-03
0 6  1.183093784e-03 -4.939570350e-03
0 7  4.231510474e-03 -4.235498688e-04
0 8  2.904936900e-03  2.560250263e-03
0 9  1.354584244e-03  3.330341357e-03
1 0 -1.129020501e-01 -4.990957900e-02
1 1 -9.397008596e-02 -8.672277651e-18
1 2  8.536086372e-03 -8.663765125e-03
1 3 -1.296451319e-02  1.058974383e-02
1 4 -3.208251567e-03 -9.983911543e-03
1 5  5.913900260e-03  3.024680628e-03
1 6 -3.819415547e-03  5.735682127e-03
1 7 -6.191209235e-03 -5.426235430e-04
1 8 -3.718080354e-03 -3.893952438e-03
1 9 -1.564689276e-03 -4.493943788e-03
2 0  1.295551783e-01  6.338811725e-02
2 1 -9.083833737e-02 -9.219705437e-02
2 2 -7.464698171e-02 -2.898377611e-17
2 3  3.619380679e-03 -1.043327007e-02
2 4 -7.389804120e-03  1.115774053e-02
2 5 -9.632006636e-03 -5.902719916e-03
2 6  3.275696937e-03 -5.137393188e-03
2 7  4.354960242e-03  2.354505481e-03
2 8  1.003730907e-03  5.045894054e-03
2 9 -1.251292685e-03  4.934877097e-03
3 0 -2.614418961e-02 -7.364309372e-02
3 1  1.379642580e-01  1.126927119e-01
3 2 -4.848663129e-02 -1.397681437e-01
3 3 -6.133687388e-02 -1.246660426e-17
3 4 -8.996179486e-04 -1.205912544e-02
3 5 -1.638968291e-03  9.259970629e-03
3 6 -1.099018290e-02  2.251745225e-03
3 7 -6.583347813e-03 -5.269310295e-03
3 8 -1.303063317e-03 -5.970133740e-03
3 9  1.152215714e-03 -4.694035062e-03
4 0 -1.050376760e-02  5.963502728e-02
4 1  3.414120072e-02 -1.062456359e-01
4 2  9.899669016e-02  1.494734317e-01
4 3  1.466683728e-02 -1.966048264e-01
4 4 -5.139643840e-02  8.492157383e-18
4 5 -5.925268084e-03 -1.322985536e-02
4 6  2.697381051e-03  3.034286769e-03
4 7 -4.069420306e-03  7.057233902e-03
4 8 -7.818126527e-03  4.245701448e-03
4 9 -8.304968150e-03  1.554395417e-03
5 0  5.295853720e-02 -1.129385085e-02
5 1 -6.293386027e-02  3.218769672e-02
5 2  1.290341071e-01 -7.907513179e-02
5 3  2.672076660e-02  1.509690671e-01
5 4  1.152855775e-01 -2.574080184e-01
5 5 -4.297614871e-02  6.444264449e-17
5 6 -1.029760081e-02 -1.177830549e-02
5 7  1.132765948e-03 -4.870455437e-03
5 8  2.097442488e-03  1.065646240e-03
5 9  8.019289341e-04  3.307410622e-03
6 0 -9.689696274e-03 -4.045574162e-02
6 1  4.064501493e-02  6.103731915e-02
6 2 -4.388251021e-02 -6.882251727e-02
6 3  1.791774214e-01  3.671111817e-02
6 4 -5.248186712e-02  5.903690729e-02
6 5  2.396119968e-01 -2.740661005e-01
6 6 -3.628062885e-02  4.888504840e-17
6 7 -1.411523548e-02 -9.028486145e-03
6 8 -5.439225962e-03 -8.711687495e-03
6 9 -1.779396924e-03 -6.699743149e-03
7 0 -3.465663656e-02 -3.468930057e-03
7 1  6.588489487e-02 -5.774428505e-03
7 2 -5.834074121e-02  3.154187117e-02
7 3  1.073309968e-01 -8.590770871e-02
7 4  7.917708761e-02  1.373097849e-01
7 5 -2.635801444e-02 -1.133292671e-01
7 6  3.890570789e-01 -2.488514238e-01
7 7 -2.951720847e-02 -3.809186457e-17
7 8 -1.553860400e-02 -5.468755351e-03
7 9 -1.096372113e-02 -7.020744826e-03
8 0 -2.379182162e-02  2.096879198e-02
8 1  3.956663779e-02 -4.143821301e-02
8 2 -1.344636961e-02  6.759675928e-02
8 3  2.124437121e-02 -9.733351836e-02
8 4  1.521141692e-01  8.260691947e-02
8 5 -4.880480338e-02  2.479622470e-02
8 6  1.499209395e-01 -2.401195286e-01
8 7  5.264252553e-01 -1.852734603e-01
8 8 -2.253195146e-02 -7.919733946e-17
8 9 -1.234607951e-02 -2.326932605e-03
9 0 -1.109422608e-02  2.727594100e-02
9 1  1.665092949e-02 -4.782313161e-02
9 2  1.676280348e-02  6.610953294e-02
9 3 -1.878504138e-02 -7.652876263e-02
9 4  1.615864525e-01  3.024325157e-02
9 5 -1.865986037e-02  7.695921391e-02
9 6  4.904537162e-02 -1.846644714e-01
9 7  3.714348916e-01 -2.378526016e-01
9 8  5.479365392e-01 -1.032725731e-01
9 9 -1.796748788e-02  9.837271999e-17
0 0 -8.633320576e+00  4.841691208e-15
0 1 -8.525282525e-01  5.680752760e-01
0 2  1.464237088e+00 -5.883170996e-01
0 3 -1.641534764e-01  4.718767102e-01
0 4 -2.019877388e-02 -3.312531819e-01
0 5  2.544451254e-01  7.427776306e-02
0 6 -3.052783431e-02  1.790105273e-01
0 7 -1.245525269e-01  3.373212769e-02
0 8 -5.430839704e-02 -8.353839986e-02
0 9  3.050763978e-02 -1.316633793e-01
1 0 -8.525282525e-01 -5.680752760e-01
1 1 -1.147032376e+01 -1.469773041e-15
1 2 -6.653148126e-01  1.322118998e+00
1 3  2.049782645e+00 -1.365892888e+00
1 4  2.704337327e-01  8.752845051e-01
1 5 -3.866003679e-01 -2.867931800e-01
1 6  2.301497495e-01 -3.523192650e-01
1 7  3.017112710e-01  1.514945753e-03
1 8  9.727083287e-02  1.964407281e-01
1 9 -7.037792902e-02  2.557818995e-01
2 0  1.464237088e+00  5.883170996e-01
2 1 -6.653148126e-01 -1.322118998e+00
2 2 -1.465373246e+01  1.488388135e-14
2 3 -5.452297895e-02  2.433256412e+00
2 4  2.008181432e+00 -2.316238069e+00
2 5  1.276517268e+00  8.771675498e-01
2 6 -3.619776630e-01  5.071499574e-01
2 7 -3.787928177e-01 -1.668344091e-01
2 8  3.653864505e-02 -3.829426578e-01
2 9  3.878709028e-01 -3.852251578e-01
3 0 -1.641534764e-01 -4.718767102e-01
3 1  2.049782645e+00  1.365892888e+00
3 2 -5.452297895e-02 -2.433256412e+00
3 3 -1.828788514e+01 -1.447551882e-14
3 4  1.252813980e+00  4.131052858e+00
3 5  1.296938044e+00 -3.246206551e+00
3 6  2.190133127e+00 -3.877329317e-01
3 7  8.344699879e-01  6.850416664e-01
3 8 -1.371718066e-01  5.272329051e-01
3 9 -5.626656375e-01  1.978651249e-01
4 0 -2.019877388e-02  3.312531819e-01
4 1  2.704337327e-01 -8.752845051e-01
4 2  2.008181432e+00  2.316238069e+00
4 3  1.252813980e+00 -4.131052858e+00
4 4 -2.261349676e+01 -2.485546074e-14
4 5  3.820385845e+00  6.300761384e+00
4 6 -4.868200914e-01 -2.400952630e+00
4 7  1.095798413e+00 -1.850289450e+00
4 8  1.621207107e+00 -5.685570652e-01
4 9  1.872546509e+00  3.200290676e-01
5 0  2.544451254e-01 -7.427776306e-02
5 1 -3.866003679e-01  2.867931800e-01
5 2  1.276517268e+00 -8.771675498e-01
5 3  1.296938044e+00  3.246206551e+00
5 4  3.820385845e+00 -6.300761384e+00
5 5 -2.762518891e+01 -7.039251359e-14
5 6  7.836620428e+00  7.676383632e+00
5 7 -8.474403978e-01  6.039418622e-01
5 8 -3.268469889e-01 -2.019833298e+00
5 9  1.042308398e+00 -3.086254070e+00
6 0 -3.052783431e-02 -1.790105273e-01
6 1  2.301497495e-01  3.523192650e-01
6 2 -3.619776630e-01 -5.071499574e-01
6 3  2.190133127e+00  3.877329317e-01
6 4 -4.868200914e-01  2.400952630e+00
6 5  7.836620428e+00 -7.676383632e+00
6 6 -3.491734674e+01  3.716646761e-14
6 7  1.332826742e+01  7.479057638e+00
6 8  5.661950257e-01  2.085388908e+00
6 9 -1.538152785e+00 -1.095988126e+00
7 0 -1.245525269e-01 -3.373212769e-02
7 1  3.017112710e-01 -1.514945753e-03
7 2 -3.787928177e-01  1.668344091e-01
7 3  8.344699879e-01 -6.850416664e-01
7 4  1.095798413e+00  1.850289450e+00
7 5 -8.474403978e-01 -6.039418622e-01
7 6  1.332826742e+01 -7.479057638e+00
7 7 -4.865549723e+01  2.406182058e-13
7 8  1.977808211e+01  6.309931252e+00
7 9  5.683650753e+00  4.562085300e+00
8 0 -5.430839704e-02  8.353839986e-02
8 1  9.727083287e-02 -1.964407281e-01
8 2  3.653864505e-02  3.829426578e-01
8 3 -1.371718066e-01 -5.272329051e-01
8 4  1.621207107e+00  5.685570652e-01
8 5 -3.268469889e-01  2.019833298e+00
8 6  5.661950257e-01 -2.085388908e+00
8 7  1.977808211e+01 -6.309931252e+00
8 8 -6.168487813e+01 -2.281413405e-13
8 9  3.049600160e+01  5.747746920e+00
9 0  3.050763978e-02  1.316633793e-01
9 1 -7.037792903e-02 -2.557818995e-01
9 2  3.878709028e-01  3.852251578e-01
9 3 -5.626656375e-01 -1.978651249e-01
9 4  1.872546509e+00 -3.200290676e-01
9 5  1.042308398e+00  3.086254070e+00
9 6 -1.538152785e+00  1.095988126e+00
9 7  5.683650753e+00 -4.562085300e+00
9 8  3.049600160e+01 -5.747746920e+00
9 9 -5.565608318e+01 -3.047192977e-13
0  6.969395341e-02  5.431238017e-03 -1.522785417e-01 -4.020725764e-02
1  1.126578781e-01  9.127619179e-03  1.674202507e-01  8.394695178e-02
2  1.538829956e-01  1.139563838e-02 -1.386416221e-01 -1.428119698e-01
3  2.048599380e-01  1.581404554e-02  5.109233865e-02  1.979645033e-01
4  2.566166529e-01  1.757385589e-02  9.937118847e-02 -1.786554178e-01
5  2.952448916e-01  2.000551683e-02 -1.993199068e-01 -2.508409255e-03
6  3.341540641e-01  2.201478684e-02  1.157632080e-02  1.914942536e-01
7  3.517898788e-01  2.190799375e-02  1.714465151e-01  5.736383238e-02
8  3.434271494e-01  2.147938699e-02  1.510448801e-01 -7.540875282e-02
9  3.219467076e-01  1.222267626e-02  9.633767348e-02 -1.244611212e-01
