 1.695500020e+00 -1.795190290e+00  8.687470797e-01  3.273277512e+00  9.312588798e-01  9.475238860e-01  6.578643120e+00 512 3 10
 0.000000000e+00  0.000000000e+00 -6.207036315e-05
 1.956947162e-03  3.002464599e-02  1.304181227e-01
 3.913894325e-03  4.245534298e-02  1.844861884e-01
 5.870841487e-03  5.199023783e-02  2.260187370e-01
 7.827788650e-03  6.002599094e-02  2.610557760e-01
 9.784735812e-03  6.710375758e-02  2.919366529e-01
 1.174168297e-02  7.350117316e-02  3.198595281e-01
 1.369863014e-02  7.938323087e-02  3.455350281e-01
 1.565557730e-02  8.485747972e-02  3.694253261e-01
 1.761252446e-02  8.999865902e-02  3.918508046e-01
 1.956947162e-02  9.486121402e-02  4.130442232e-01
 2.152641879e-02  9.948626914e-02  4.331808856e-01
 2.348336595e-02  1.039057928e-01  4.523966480e-01
 2.544031311e-02  1.081452234e-01  4.707944688e-01
 2.739726027e-02  1.122252789e-01  4.884449149e-01
 2.935420744e-02  1.161632288e-01  5.054590854e-01
 3.131115460e-02  1.199727802e-01  5.219212178e-01
 3.326810176e-02  1.236658579e-01  5.378609787e-01
 3.522504892e-02  1.272526593e-01  5.533217703e-01
 3.718199609e-02  1.307419932e-01  5.683424719e-01
 3.913894325e-02  1.341415080e-01  5.829571065e-01
 4.109589041e-02  1.374579132e-01  5.971942767e-01
 4.305283757e-02  1.406971296e-01  6.110793273e-01
 4.500978474e-02  1.438644157e-01  6.246343431e-01
 4.696673190e-02  1.469644687e-01  6.378792206e-01
 4.892367906e-02  1.500015020e-01  6.508323027e-01
 5.088062622e-02  1.529793105e-01  6.635103776e-01
 5.283757339e-02  1.559013259e-01  6.759282692e-01
 5.479452055e-02  1.587706675e-01  6.880993234e-01
 5.675146771e-02  1.615901776e-01  7.000360096e-01
 5.870841487e-02  1.643624553e-01  7.117493408e-01
 6.066536204e-02  1.670898874e-01  7.232484974e-01
 6.262230920e-02  1.697746758e-01  7.345424645e-01
 6.457925636e-02  1.724188496e-01  7.456395798e-01
 6.653620352e-02  1.750242905e-01  7.565469997e-01
 6.849315068e-02  1.775927442e-01  7.672734625e-01
 7.045009785e-02  1.801258232e-01  7.778275974e-01
 7.240704501e-02  1.826250277e-01  7.882138805e-01
 7.436399217e-02  1.850917708e-01  7.984360638e-01
 7.632093933e-02  1.875273742e-01  8.085010577e-01
 7.827788650e-02  1.899330671e-01  8.184152885e-01
 8.023483366e-02  1.923100039e-01  8.281827021e-01
 8.219178082e-02  1.946592737e-01  8.378074491e-01
 8.414872798e-02  1.969818995e-01  8.472948840e-01
 8.610567515e-02  1.992788417e-01  8.566482098e-01
 8.806262231e-02  2.015510147e-01  8.658685878e-01
 9.001956947e-02  2.037992887e-01  8.749621954e-01
 9.197651663e-02  2.060244685e-01  8.839345448e-01
 9.393346380e-02  2.082273240e-01  8.927849869e-01
 9.589041096e-02  2.104085969e-01  9.015164793e-01
 9.784735812e-02  2.125689812e-01  9.101339274e-01
 9.980430528e-02  2.147091371e-01  9.186384460e-01
 1.017612524e-01  2.168296997e-01  9.270323604e-01
 1.037181996e-01  2.189312688e-01  9.353193393e-01
 1.056751468e-01  2.210144160e-01  9.435019215e-01
 1.076320939e-01  2.230796861e-01  9.515798769e-01
 1.095890411e-01  2.251276109e-01  9.595557167e-01
 1.115459883e-01  2.271586863e-01  9.674351383e-01
 1.135029354e-01  2.291733835e-01  9.752169902e-01
 1.154598826e-01  2.311721698e-01  9.829005022e-01
 1.174168297e-01  2.331554879e-01  9.904902370e-01
 1.193737769e-01  2.351237563e-01  9.979893561e-01
 1.213307241e-01  2.370773770e-01  1.005397234e+00
 1.232876712e-01  2.390167442e-01  1.012714703e+00
 1.252446184e-01  2.409422318e-01  1.019945076e+00
 1.272015656e-01  2.428541974e-01  1.027088334e+00
 1.291585127e-01  2.447529925e-01  1.034144526e+00
 1.311154599e-01  2.466389531e-01  1.041117764e+00
 1.330724070e-01  2.485123953e-01  1.048009877e+00
 1.350293542e-01  2.503736297e-01  1.054818601e+00
 1.369863014e-01  2.522229621e-01  1.061544016e+00
 1.389432485e-01  2.540606854e-01  1.068190772e+00
 1.409001957e-01  2.558870728e-01  1.074760628e+00
 1.428571429e-01  2.577023955e-01  1.081251584e+00
 1.448140900e-01  2.595069186e-01  1.087664907e+00
 1.467710372e-01  2.613008949e-01  1.094002310e+00
 1.487279843e-01  2.630845703e-01  1.100263595e+00
 1.506849315e-01  2.648581851e-01  1.106450395e+00
 1.526418787e-01  2.666219678e-01  1.112565010e+00
 1.545988258e-01  2.683761393e-01  1.118608107e+00
 1.565557730e-01  2.701209150e-01  1.124576390e+00
 1.585127202e-01  2.718565154e-01  1.130470364e+00
 1.604696673e-01  2.735831437e-01  1.136296626e+00
 1.624266145e-01  2.753009903e-01  1.142055154e+00
 1.643835616e-01  2.770102492e-01  1.147742254e+00
 1.663405088e-01  2.787111129e-01  1.153358646e+00
 1.682974560e-01  2.804037644e-01  1.158907007e+00
 1.702544031e-01  2.820883801e-01  1.164388122e+00
 1.722113503e-01  2.837651326e-01  1.169802584e+00
 1.741682975e-01  2.854341889e-01  1.175150889e+00
 1.761252446e-01  2.870957129e-01  1.180433269e+00
 1.780821918e-01  2.887498638e-01  1.185647577e+00
 1.800391389e-01  2.903968048e-01  1.190795300e+00
 1.819960861e-01  2.920366844e-01  1.195881595e+00
 1.839530333e-01  2.936696450e-01  1.200905213e+00
 1.859099804e-01  2.952958326e-01  1.205863249e+00
 1.878669276e-01  2.969153919e-01  1.210755801e+00
 1.898238748e-01  2.985284629e-01  1.215585410e+00
 1.917808219e-01  3.001351779e-01  1.220353820e+00
 1.937377691e-01  3.017356670e-01  1.225060993e+00
 1.956947162e-01  3.033300579e-01  1.229707175e+00
 1.976516634e-01  3.049184751e-01  1.234291024e+00
 1.996086106e-01  3.065010450e-01  1.238810575e+00
 2.015655577e-01  3.080778927e-01  1.243269233e+00
 2.035225049e-01  3.096491315e-01  1.247672094e+00
 2.054794521e-01  3.112148695e-01  1.252016659e+00
 2.074363992e-01  3.127752222e-01  1.256298181e+00
 2.093933464e-01  3.143303056e-01  1.260516969e+00
 2.113502935e-01  3.158802307e-01  1.264678059e+00
 2.133072407e-01  3.174250974e-01  1.268784251e+00
 2.152641879e-01  3.189650062e-01  1.272831957e+00
 2.172211350e-01  3.205000625e-01  1.276820134e+00
 2.191780822e-01  3.220303660e-01  1.280749594e+00
 2.211350294e-01  3.235560170e-01  1.284620172e+00
 2.230919765e-01  3.250771124e-01  1.288433749e+00
 2.250489237e-01  3.265937449e-01  1.292193154e+00
 2.270058708e-01  3.281060022e-01  1.295897855e+00
 2.289628180e-01  3.296139753e-01  1.299543876e+00
 2.309197652e-01  3.311177585e-01  1.303129977e+00
 2.328767123e-01  3.326174431e-01  1.306660008e+00
 2.348336595e-01  3.341131118e-01  1.310138394e+00
 2.367906067e-01  3.356048435e-01  1.313563307e+00
 2.387475538e-01  3.370927226e-01  1.316931800e+00
 2.407045010e-01  3.385768325e-01  1.320242771e+00
 2.426614481e-01  3.400572580e-01  1.323497099e+00
 2.446183953e-01  3.415340781e-01  1.326697827e+00
 2.465753425e-01  3.430073687e-01  1.329848016e+00
 2.485322896e-01  3.444772003e-01  1.332947076e+00
 2.504892368e-01  3.459436479e-01  1.335989298e+00
 2.524461840e-01  3.474067928e-01  1.338972579e+00
 2.544031311e-01  3.488667129e-01  1.341902298e+00
 2.563600783e-01  3.503234757e-01  1.344784714e+00
 2.583170254e-01  3.517771439e-01  1.347617778e+00
 2.602739726e-01  3.532277879e-01  1.350395093e+00
 2.622309198e-01  3.546754827e-01  1.353115237e+00
 2.641878669e-01  3.561202999e-01  1.355782744e+00
 2.661448141e-01  3.575623034e-01  1.358401084e+00
 2.681017613e-01  3.590015561e-01  1.360970072e+00
 2.700587084e-01  3.604381206e-01  1.363488321e+00
 2.720156556e-01  3.618720617e-01  1.365953581e+00
 2.739726027e-01  3.633034454e-01  1.368364257e+00
 2.759295499e-01  3.647323383e-01  1.370722487e+00
 2.778864971e-01  3.661588009e-01  1.373032611e+00
 2.798434442e-01  3.675828895e-01  1.375297039e+00
 2.818003914e-01  3.690046585e-01  1.377511253e+00
 2.837573386e-01  3.704241724e-01  1.379669816e+00
 2.857142857e-01  3.718414959e-01  1.381775727e+00
 2.876712329e-01  3.732566862e-01  1.383833856e+00
 2.896281800e-01  3.746697968e-01  1.385845688e+00
 2.915851272e-01  3.760808811e-01  1.387810558e+00
 2.935420744e-01  3.774899931e-01  1.389725035e+00
 2.954990215e-01  3.788971922e-01  1.391586520e+00
 2.974559687e-01  3.803025367e-01  1.393396637e+00
 2.994129159e-01  3.817060819e-01  1.395159149e+00
 3.013698630e-01  3.831078778e-01  1.396878583e+00
 3.033268102e-01  3.845079698e-01  1.398553921e+00
 3.052837573e-01  3.859064092e-01  1.400176101e+00
 3.072407045e-01  3.873032588e-01  1.401743447e+00
 3.091976517e-01  3.886985726e-01  1.403263843e+00
 3.111545988e-01  3.900923969e-01  1.404742438e+00
 3.131115460e-01  3.914847747e-01  1.406178785e+00
 3.150684932e-01  3.928757530e-01  1.407565653e+00
 3.170254403e-01  3.942653883e-01  1.408899194e+00
 3.189823875e-01  3.956537345e-01  1.410184728e+00
 3.209393346e-01  3.970408374e-01  1.411426028e+00
 3.228962818e-01  3.984267426e-01  1.412624257e+00
 3.248532290e-01  3.998114932e-01  1.413780004e+00
 3.268101761e-01  4.011951334e-01  1.414887769e+00
 3.287671233e-01  4.025777165e-01  1.415943945e+00
 3.307240705e-01  4.039592933e-01  1.416952703e+00
 3.326810176e-01  4.053399084e-01  1.417919360e+00
 3.346379648e-01  4.067196020e-01  1.418846685e+00
 3.365949119e-01  4.080984130e-01  1.419730849e+00
 3.385518591e-01  4.094763887e-01  1.420564177e+00
 3.405088063e-01  4.108535824e-01  1.421348469e+00
 3.424657534e-01  4.122300377e-01  1.422091051e+00
 3.444227006e-01  4.136057936e-01  1.422792913e+00
 3.463796477e-01  4.149808912e-01  1.423453473e+00
 3.483365949e-01  4.163553704e-01  1.424070213e+00
 3.502935421e-01  4.177292772e-01  1.424639645e+00
 3.522504892e-01  4.191026579e-01  1.425163928e+00
 3.542074364e-01  4.204755539e-01  1.425645215e+00
 3.561643836e-01  4.218480075e-01  1.426086002e+00
 3.581213307e-01  4.232200550e-01  1.426489643e+00
 3.600782779e-01  4.245917319e-01  1.426850772e+00
 3.620352250e-01  4.259630849e-01  1.427163536e+00
 3.639921722e-01  4.273341607e-01  1.427431414e+00
 3.659491194e-01  4.287049991e-01  1.427660074e+00
 3.679060665e-01  4.300756357e-01  1.427852972e+00
 3.698630137e-01  4.314461037e-01  1.428007571e+00
 3.718199609e-01  4.328164435e-01  1.428116882e+00
 3.737769080e-01  4.341867017e-01  1.428180805e+00
 3.757338552e-01  4.355569189e-01  1.428204857e+00
 3.776908023e-01  4.369271309e-01  1.428191275e+00
 3.796477495e-01  4.382973742e-01  1.428141032e+00
 3.816046967e-01  4.396676826e-01  1.428053070e+00
 3.835616438e-01  4.410380947e-01  1.427922711e+00
 3.855185910e-01  4.424086534e-01  1.427749182e+00
 3.874755382e-01  4.437793985e-01  1.427535790e+00
 3.894324853e-01  4.451503670e-01  1.427286765e+00
 3.913894325e-01  4.465215906e-01  1.427005150e+00
 3.933463796e-01  4.478931002e-01  1.426686195e+00
 3.953033268e-01  4.492649370e-01  1.426323117e+00
 3.972602740e-01  4.506371450e-01  1.425918690e+00
 3.992172211e-01  4.520097600e-01  1.425479503e+00
 4.011741683e-01  4.533828137e-01  1.425008732e+00
 4.031311155e-01  4.547563359e-01  1.424503778e+00
 4.050880626e-01  4.561303632e-01  1.423958963e+00
 4.070450098e-01  4.575049366e-01  1.423373916e+00
 4.090019569e-01  4.588800937e-01  1.422753175e+00
 4.109589041e-01  4.602558668e-01  1.422099419e+00
 4.129158513e-01  4.616322886e-01  1.421412932e+00
 4.148727984e-01  4.630093910e-01  1.420692409e+00
 4.168297456e-01  4.643872092e-01  1.419935576e+00
 4.187866928e-01  4.657657800e-01  1.419142130e+00
 4.207436399e-01  4.671451395e-01  1.418313418e+00
 4.227005871e-01  4.685253217e-01  1.417452929e+00
 4.246575342e-01  4.699063564e-01  1.416562771e+00
 4.266144814e-01  4.712882739e-01  1.415640486e+00
 4.285714286e-01  4.726711087e-01  1.414682281e+00
 4.305283757e-01  4.740548988e-01  1.413688358e+00
 4.324853229e-01  4.754396788e-01  1.412663216e+00
 4.344422701e-01  4.768254780e-01  1.411610596e+00
 4.363992172e-01  4.782123240e-01  1.410528152e+00
 4.383561644e-01  4.796002511e-01  1.409412016e+00
 4.403131115e-01  4.809892945e-01  1.408263066e+00
 4.422700587e-01  4.823794873e-01  1.407083688e+00
 4.442270059e-01  4.837708602e-01  1.405876430e+00
 4.461839530e-01  4.851634416e-01  1.404641074e+00
 4.481409002e-01  4.865572631e-01  1.403374740e+00
 4.500978474e-01  4.879523588e-01  1.402078649e+00
 4.520547945e-01  4.893487584e-01  1.400754743e+00
 4.540117417e-01  4.907464926e-01  1.399402251e+00
 4.559686888e-01  4.921455927e-01  1.398021992e+00
 4.579256360e-01  4.935460882e-01  1.396614673e+00
 4.598825832e-01  4.949480095e-01  1.395179870e+00
 4.618395303e-01  4.963513870e-01  1.393718940e+00
 4.637964775e-01  4.977562489e-01  1.392231069e+00
 4.657534247e-01  4.991626277e-01  1.390715958e+00
 4.677103718e-01  5.005705523e-01  1.389176772e+00
 4.696673190e-01  5.019800494e-01  1.387612730e+00
 4.716242661e-01  5.033911497e-01  1.386022665e+00
 4.735812133e-01  5.048038827e-01  1.384407892e+00
 4.755381605e-01  5.062182768e-01  1.382768927e+00
 4.774951076e-01  5.076343607e-01  1.381107257e+00
 4.794520548e-01  5.090521604e-01  1.379423527e+00
 4.814090020e-01  5.104717034e-01  1.377714635e+00
 4.833659491e-01  5.118930226e-01  1.375981373e+00
 4.853228963e-01  5.133161442e-01  1.374227813e+00
 4.872798434e-01  5.147410930e-01  1.372454337e+00
 4.892367906e-01  5.161678949e-01  1.370659918e+00
 4.911937378e-01  5.175965771e-01  1.368842377e+00
 4.931506849e-01  5.190271706e-01  1.367002146e+00
 4.951076321e-01  5.204597021e-01  1.365142939e+00
 4.970645793e-01  5.218941949e-01  1.363266927e+00
 4.990215264e-01  5.233306718e-01  1.361372166e+00
 5.009784736e-01  5.247691606e-01  1.359456431e+00
 5.029354207e-01  5.262096888e-01  1.357520543e+00
 5.048923679e-01  5.276522833e-01  1.355566639e+00
 5.068493151e-01  5.290969673e-01  1.353597146e+00
 5.088062622e-01  5.305437629e-01  1.351611609e+00
 5.107632094e-01  5.319926946e-01  1.349608739e+00
 5.127201566e-01  5.334437876e-01  1.347588175e+00
 5.146771037e-01  5.348970676e-01  1.345550899e+00
 5.166340509e-01  5.363525581e-01  1.343498784e+00
 5.185909980e-01  5.378102812e-01  1.341432441e+00
 5.205479452e-01  5.392702593e-01  1.339352650e+00
 5.225048924e-01  5.407325132e-01  1.337258537e+00
 5.244618395e-01  5.421970674e-01  1.335149365e+00
 5.264187867e-01  5.436639449e-01  1.333026588e+00
 5.283757339e-01  5.451331674e-01  1.330890947e+00
 5.303326810e-01  5.466047564e-01  1.328744059e+00
 5.322896282e-01  5.480787305e-01  1.326586889e+00
 5.342465753e-01  5.495551093e-01  1.324417632e+00
 5.362035225e-01  5.510339158e-01  1.322235957e+00
 5.381604697e-01  5.525151708e-01  1.320043360e+00
 5.401174168e-01  5.539988940e-01  1.317841361e+00
 5.420743640e-01  5.554851032e-01  1.315631637e+00
 5.440313112e-01  5.569738148e-01  1.313413664e+00
 5.459882583e-01  5.584650478e-01  1.311185727e+00
 5.479452055e-01  5.599588229e-01  1.308948523e+00
 5.499021526e-01  5.614551578e-01  1.306704311e+00
 5.518590998e-01  5.629540683e-01  1.304454514e+00
 5.538160470e-01  5.644555692e-01  1.302199201e+00
 5.557729941e-01  5.659596762e-01  1.299937319e+00
 5.577299413e-01  5.674664069e-01  1.297668734e+00
 5.596868885e-01  5.689757775e-01  1.295395190e+00
 5.616438356e-01  5.704878017e-01  1.293118397e+00
 5.636007828e-01  5.720024921e-01  1.290838742e+00
 5.655577299e-01  5.735198617e-01  1.288555317e+00
 5.675146771e-01  5.750399252e-01  1.286268231e+00
 5.694716243e-01  5.765626955e-01  1.283978750e+00
 5.714285714e-01  5.780881848e-01  1.281687954e+00
 5.733855186e-01  5.796164034e-01  1.279396688e+00
 5.753424658e-01  5.811473615e-01  1.277104394e+00
 5.772994129e-01  5.826810711e-01  1.274810846e+00
 5.792563601e-01  5.842175430e-01  1.272517194e+00
 5.812133072e-01  5.857567865e-01  1.270224264e+00
 5.831702544e-01  5.872988105e-01  1.267932604e+00
 5.851272016e-01  5.888436230e-01  1.265642047e+00
 5.870841487e-01  5.903912336e-01  1.263352377e+00
 5.890410959e-01  5.919416508e-01  1.261064403e+00
 5.909980431e-01  5.934948822e-01  1.258778852e+00
 5.929549902e-01  5.950509347e-01  1.256496133e+00
 5.949119374e-01  5.966098148e-01  1.254216163e+00
 5.968688845e-01  5.981715297e-01  1.251938687e+00
 5.988258317e-01  5.997360867e-01  1.249664291e+00
 6.007827789e-01  6.013034915e-01  1.247393733e+00
 6.027397260e-01  6.028737494e-01  1.245127296e+00
 6.046966732e-01  6.044468655e-01  1.242864954e+00
 6.066536204e-01  6.060228452e-01  1.240606376e+00
 6.086105675e-01  6.076016944e-01  1.238351853e+00
 6.105675147e-01  6.091834177e-01  1.236102073e+00
 6.125244618e-01  6.107680193e-01  1.233857365e+00
 6.144814090e-01  6.123555030e-01  1.231617928e+00
 6.164383562e-01  6.139458724e-01  1.229383301e+00
 6.183953033e-01  6.155391324e-01  1.227153414e+00
 6.203522505e-01  6.171352868e-01  1.224928871e+00
 6.223091977e-01  6.187343389e-01  1.222709953e+00
 6.242661448e-01  6.203362918e-01  1.220496890e+00
 6.262230920e-01  6.219411482e-01  1.218289487e+00
 6.281800391e-01  6.235489115e-01  1.216087507e+00
 6.301369863e-01  6.251595849e-01  1.213891201e+00
 6.320939335e-01  6.267731714e-01  1.211700825e+00
 6.340508806e-01  6.283896733e-01  1.209516535e+00
 6.360078278e-01  6.300090930e-01  1.207338269e+00
 6.379647750e-01  6.316314331e-01  1.205165887e+00
 6.399217221e-01  6.332566962e-01  1.202999354e+00
 6.418786693e-01  6.348848851e-01  1.200838877e+00
 6.438356164e-01  6.365160016e-01  1.198684644e+00
 6.457925636e-01  6.381500480e-01  1.196536504e+00
 6.477495108e-01  6.397870265e-01  1.194394335e+00
 6.497064579e-01  6.414269395e-01  1.192258004e+00
 6.516634051e-01  6.430697896e-01  1.190127494e+00
 6.536203523e-01  6.447155792e-01  1.188003033e+00
 6.555772994e-01  6.463643103e-01  1.185884701e+00
 6.575342466e-01  6.480159848e-01  1.183772295e+00
 6.594911937e-01  6.496706054e-01  1.181665653e+00
 6.614481409e-01  6.513281743e-01  1.179564562e+00
 6.634050881e-01  6.529886946e-01  1.177468999e+00
 6.653620352e-01  6.546521688e-01  1.175379079e+00
 6.673189824e-01  6.563185995e-01  1.173294720e+00
 6.692759295e-01  6.579879892e-01  1.171215862e+00
 6.712328767e-01  6.596603408e-01  1.169142478e+00
 6.731898239e-01  6.613356569e-01  1.167074271e+00
 6.751467710e-01  6.630139410e-01  1.165010962e+00
 6.771037182e-01  6.646951965e-01  1.162952497e+00
 6.790606654e-01  6.663794271e-01  1.160898878e+00
 6.810176125e-01  6.680666361e-01  1.158850115e+00
 6.829745597e-01  6.697568271e-01  1.156806161e+00
 6.849315068e-01  6.714500036e-01  1.154766569e+00
 6.868884540e-01  6.731461705e-01  1.152730952e+00
 6.888454012e-01  6.748453323e-01  1.150699452e+00
 6.908023483e-01  6.765474934e-01  1.148672021e+00
 6.927592955e-01  6.782526586e-01  1.146648485e+00
 6.947162427e-01  6.799608328e-01  1.144628579e+00
 6.966731898e-01  6.816720214e-01  1.142611706e+00
 6.986301370e-01  6.833862313e-01  1.140597641e+00
 7.005870841e-01  6.851034685e-01  1.138586660e+00
 7.025440313e-01  6.868237390e-01  1.136578790e+00
 7.045009785e-01  6.885470489e-01  1.134573460e+00
 7.064579256e-01  6.902734058e-01  1.132569862e+00
 7.084148728e-01  6.920028184e-01  1.130567746e+00
 7.103718200e-01  6.937352952e-01  1.128566960e+00
 7.123287671e-01  6.954708452e-01  1.126567505e+00
 7.142857143e-01  6.972094771e-01  1.124569188e+00
 7.162426614e-01  6.989512007e-01  1.122571277e+00
 7.181996086e-01  7.006960268e-01  1.120573330e+00
 7.201565558e-01  7.024439668e-01  1.118575259e+00
 7.221135029e-01  7.041950319e-01  1.116576798e+00
 7.240704501e-01  7.059492345e-01  1.114576960e+00
 7.260273973e-01  7.077065890e-01  1.112575068e+00
 7.279843444e-01  7.094671101e-01  1.110571351e+00
 7.299412916e-01  7.112308116e-01  1.108566084e+00
 7.318982387e-01  7.129977076e-01  1.106558826e+00
 7.338551859e-01  7.147678136e-01  1.104548320e+00
 7.358121331e-01  7.165411478e-01  1.102533193e+00
 7.377690802e-01  7.183177302e-01  1.100513227e+00
 7.397260274e-01  7.200975802e-01  1.098489160e+00
 7.416829746e-01  7.218807158e-01  1.096461247e+00
 7.436399217e-01  7.236671555e-01  1.094428505e+00
 7.455968689e-01  7.254569211e-01  1.092389237e+00
 7.475538160e-01  7.272500370e-01  1.090342842e+00
 7.495107632e-01  7.290465272e-01  1.088289539e+00
 7.514677104e-01  7.308464157e-01  1.086228911e+00
 7.534246575e-01  7.326497284e-01  1.084160303e+00
 7.553816047e-01  7.344564921e-01  1.082082751e+00
 7.573385519e-01  7.362667361e-01  1.079996168e+00
 7.592954990e-01  7.380804879e-01  1.077901355e+00
 7.612524462e-01  7.398977750e-01  1.075797539e+00
 7.632093933e-01  7.417186277e-01  1.073682612e+00
 7.651663405e-01  7.435430812e-01  1.071554577e+00
 7.671232877e-01  7.453711735e-01  1.069413349e+00
 7.690802348e-01  7.472029404e-01  1.067260347e+00
 7.710371820e-01  7.490384158e-01  1.065096009e+00
 7.729941292e-01  7.508776349e-01  1.062919213e+00
 7.749510763e-01  7.527206360e-01  1.060728053e+00
 7.769080235e-01  7.545674616e-01  1.058521243e+00
 7.788649706e-01  7.564181555e-01  1.056299351e+00
 7.808219178e-01  7.582727588e-01  1.054062232e+00
 7.827788650e-01  7.601313169e-01  1.051807694e+00
 7.847358121e-01  7.619938795e-01  1.049534229e+00
 7.866927593e-01  7.638604983e-01  1.047242438e+00
 7.886497065e-01  7.657312221e-01  1.044933330e+00
 7.906066536e-01  7.676060999e-01  1.042606900e+00
 7.925636008e-01  7.694851817e-01  1.040260654e+00
 7.945205479e-01  7.713685265e-01  1.037891491e+00
 7.964774951e-01  7.732561969e-01  1.035500581e+00
 7.984344423e-01  7.751482490e-01  1.033091824e+00
 8.003913894e-01  7.770447324e-01  1.030666830e+00
 8.023483366e-01  7.789456985e-01  1.028226373e+00
 8.043052838e-01  7.808511952e-01  1.025773607e+00
 8.062622309e-01  7.827612632e-01  1.023313605e+00
 8.082191781e-01  7.846759324e-01  1.020851337e+00
 8.101761252e-01  7.865952257e-01  1.018394569e+00
 8.121330724e-01  7.885191439e-01  1.015955525e+00
 8.140900196e-01  7.904476635e-01  1.013544356e+00
 8.160469667e-01  7.923807462e-01  1.011166447e+00
 8.180039139e-01  7.943183467e-01  1.008826843e+00
 8.199608611e-01  7.962604057e-01  1.006533377e+00
 8.219178082e-01  7.982068460e-01  1.004308642e+00
 8.238747554e-01  8.001575180e-01  1.002171586e+00
 8.258317025e-01  8.021122679e-01  1.000120157e+00
 8.277886497e-01  8.040709500e-01  9.981588272e-01
 8.297455969e-01  8.060333888e-01  9.963121281e-01
 8.317025440e-01  8.079993380e-01  9.946187697e-01
 8.336594912e-01  8.099684638e-01  9.930861443e-01
 8.356164384e-01  8.119404851e-01  9.916963220e-01
 8.375733855e-01  8.139151335e-01  9.904364429e-01
 8.395303327e-01  8.158921745e-01  9.893239395e-01
 8.414872798e-01  8.178712658e-01  9.883832672e-01
 8.434442270e-01  8.198520713e-01  9.876035246e-01
 8.454011742e-01  8.218342886e-01  9.869621029e-01
 8.473581213e-01  8.238176694e-01  9.864339963e-01
 8.493150685e-01  8.258020095e-01  9.860228060e-01
 8.512720157e-01  8.277870447e-01  9.857360124e-01
 8.532289628e-01  8.297725396e-01  9.855477800e-01
 8.551859100e-01  8.317583330e-01  9.854266329e-01
 8.571428571e-01  8.337443161e-01  9.853483795e-01
 8.590998043e-01  8.357304249e-01  9.852871188e-01
 8.610567515e-01  8.377166549e-01  9.852290491e-01
 8.630136986e-01  8.397029979e-01  9.851555534e-01
 8.649706458e-01  8.416895243e-01  9.850524304e-01
 8.669275930e-01  8.436762832e-01  9.849119470e-01
 8.688845401e-01  8.456633764e-01  9.847262302e-01
 8.708414873e-01  8.476508848e-01  9.844605878e-01
 8.727984344e-01  8.496390506e-01  9.840879307e-01
 8.747553816e-01  8.516280646e-01  9.836198689e-01
 8.767123288e-01  8.536181232e-01  9.830603637e-01
 8.786692759e-01  8.556094021e-01  9.824023848e-01
 8.806262231e-01  8.576021275e-01  9.816479353e-01
 8.825831703e-01  8.595964686e-01  9.807725238e-01
 8.845401174e-01  8.615927534e-01  9.797518646e-01
 8.864970646e-01  8.635912522e-01  9.786131984e-01
 8.884540117e-01  8.655921856e-01  9.773839955e-01
 8.904109589e-01  8.675957148e-01  9.760503586e-01
 8.923679061e-01  8.696021205e-01  9.745851921e-01
 8.943248532e-01  8.716116789e-01  9.729962131e-01
 8.962818004e-01  8.736246438e-01  9.712801927e-01
 8.982387476e-01  8.756413101e-01  9.694491246e-01
 9.001956947e-01  8.776618868e-01  9.675022879e-01
 9.021526419e-01  8.796866781e-01  9.654407409e-01
 9.041095890e-01  8.817158939e-01  9.632804537e-01
 9.060665362e-01  8.837497779e-01  9.609851889e-01
 9.080234834e-01  8.857887000e-01  9.585567786e-01
 9.099804305e-01  8.878329032e-01  9.560169706e-01
 9.119373777e-01  8.898826742e-01  9.533632004e-01
 9.138943249e-01  8.919382747e-01  9.506436001e-01
 9.158512720e-01  8.939997907e-01  9.478264558e-01
 9.178082192e-01  8.960676305e-01  9.448626403e-01
 9.197651663e-01  8.981421011e-01  9.418328056e-01
 9.217221135e-01  9.002232669e-01  9.387007582e-01
 9.236790607e-01  9.023116061e-01  9.354001714e-01
 9.256360078e-01  9.044074865e-01  9.320216031e-01
 9.275929550e-01  9.065109939e-01  9.285673783e-01
 9.295499022e-01  9.086224983e-01  9.249380724e-01
 9.315068493e-01  9.107425488e-01  9.211483009e-01
 9.334637965e-01  9.128714650e-01  9.173855422e-01
 9.354207436e-01  9.150089403e-01  9.134994502e-01
 9.373776908e-01  9.171560145e-01  9.093252465e-01
 9.393346380e-01  9.193131617e-01  9.050168386e-01
 9.412915851e-01  9.214807293e-01  9.009028506e-01
 9.432485323e-01  9.236576150e-01  8.966412288e-01
 9.452054795e-01  9.258458501e-01  8.918453834e-01
 9.471624266e-01  9.280462166e-01  8.868369804e-01
 9.491193738e-01  9.302592415e-01  8.819924279e-01
 9.510763209e-01  9.324838370e-01  8.776805463e-01
 9.530332681e-01  9.347186493e-01  8.726921395e-01
 9.549902153e-01  9.369687929e-01  8.665282246e-01
 9.569471624e-01  9.392355245e-01  8.600309972e-01
 9.589041096e-01  9.415198041e-01  8.533245907e-01
 9.608610568e-01  9.438223113e-01  8.574214371e-01
 9.628180039e-01  9.460852176e-01  8.671225723e-01
 9.647749511e-01  9.483360336e-01  8.609665028e-01
 9.667318982e-01  9.506320470e-01  8.419878597e-01
 9.686888454e-01  9.529858683e-01  8.199516967e-01
 9.706457926e-01  9.554072833e-01  7.962675998e-01
 9.726027397e-01  9.579034400e-01  7.720835307e-01
 9.745596869e-01  9.604790339e-01  7.482841245e-01
 9.765166341e-01  9.631364930e-01  7.255173980e-01
 9.784735812e-01  9.658761629e-01  7.042344667e-01
 9.804305284e-01  9.686964907e-01  6.847318412e-01
 9.823874755e-01  9.715942093e-01  6.671903759e-01
 9.843444227e-01  9.745645196e-01  6.517082487e-01
 9.863013699e-01  9.776012717e-01  6.383273929e-01
 9.882583170e-01  9.806971436e-01  6.270538446e-01
 9.902152642e-01  9.838438182e-01  6.178729539e-01
 9.921722114e-01  9.870321561e-01  6.107604919e-01
 9.941291585e-01  9.902523662e-01  6.056905793e-01
 9.960861057e-01  9.934941714e-01  6.026412328e-01
 9.980430528e-01  9.967469712e-01  6.015981299e-01
 1.000000000e+00  1.000000000e+00  6.015557814e-01
4  4.853019978e-01  7.742245836e-01  1.015940366e+00  7.630500192e-01  9.544143844e-01  3.846296216e+01  4.030277095e-01  1.001630374e+00  4.463785661e-01  2.859163282e+00
5  6.140641688e-01  1.124016320e+00  1.008644503e+00  6.284845853e-01  9.264566767e-01  2.505277646e+01  3.586575754e-01  1.081112986e+00  6.165837780e-01  2.873429406e+00
6  7.120029694e-01  1.339242584e+00  1.004969911e+00  5.375919733e-01  9.045818164e-01  1.946046352e+01  3.354830855e-01  1.182318803e+00  7.307969407e-01  2.766319048e+00
7  7.929596589e-01  1.541048852e+00  1.002501816e+00  4.718445004e-01  8.968407644e-01  1.660640511e+01  3.211716537e-01  1.300000954e+00  8.166321394e-01  2.634249311e+00
8  8.570589956e-01  1.990283426e+00  1.000838735e+00  4.215739453e-01  9.165667365e-01  1.566936372e+01  3.127880304e-01  1.453480771e+00  8.800929999e-01  2.487158655e+00
9  9.019105821e-01  2.719034915e+00  9.998550744e-01  3.812968298e-01  9.851913544e-01  1.683790951e+01  3.090396730e-01  1.689657461e+00  9.233038131e-01  2.324217045e+00
10  9.396418164e-01  1.840645360e+00  9.994933555e-01  3.491800657e-01  1.122806538e+00  2.047197395e+01  3.092084586e-01  2.035390889e+00  9.572963455e-01  2.178516737e+00
11  9.731164146e-01  4.471056203e+00  9.998717859e-01  3.231416603e-01  1.344008143e+00  2.749224252e+01  3.130732651e-01  2.655662546e+00  9.833956486e-01  2.051800261e+00
12  9.871561090e-01  8.501390800e+00  9.999474986e-01  2.992279856e-01  1.616103674e+00  3.781151767e+01  3.173007985e-01  4.194426063e+00  9.922479023e-01  1.908096977e+00
13  9.939308871e-01  1.592817750e+01  9.999744271e-01  2.785745220e-01  1.805764265e+00  4.481112414e+01  3.217572977e-01  7.268851282e+00  9.963492286e-01  1.773455853e+00
0 0 -1.212775188e-01  3.686629101e-18
0 1  1.406999019e-02 -6.563706874e-03
0 2 -1.659099043e-02  8.613736055e-03
0 3  2.702507093e-03 -1.002522680e-02
0 4  2.285840780e-03  7.678493424e-03
0 5 -7.435346344e-03 -1.587948003e-04
0 6 -5.251774291e-04 -5.802741757e-03
0 7  4.001968736e-03 -2.633034469e-03
0 8  4.245677993e-03  5.753787258e-04
0 9  3.431610302e-03  1.978943603e-03
1 0 -1.160148256e-01 -5.412138160e-02
1 1 -9.318616687e-02  6.565910705e-18
1 2  8.280814669e-03 -9.334885590e-03
1 3 -1.321634032e-02  1.162760087e-02
1 4 -4.865192548e-03 -1.049962036e-02
1 5  6.726210033e-03  1.696388878e-03
1 6 -2.298655205e-03  6.996932589e-03
1 7 -6.552531842e-03  2.110860364e-03
1 8 -5.908167978e-03 -1.777182012e-03
1 9 -4.469303399e-03 -3.233305441e-03
2 0  1.368018624e-01  7.102500234e-02
2 1 -8.886313224e-02 -1.001745850e-01
2 2 -7.371986427e-02 -2.083789160e-17
2 3  2.850678592e-03 -1.125467312e-02
2 4 -6.890095445e-03  1.180967966e-02
2 5 -1.147847594e-02 -4.855284596e-03
2 6  1.422285272e-03 -6.843239729e-03
2 7  4.965320624e-03 -2.350993242e-04
2 8  3.369347091e-03  3.506326562e-03
2 9  1.700267980e-03  4.560002773e-03
3 0 -2.228366082e-02 -8.266352162e-02
3 1  1.418272772e-01  1.247781861e-01
3 2 -3.866907000e-02 -1.526681205e-01
3 3 -6.033896688e-02 -6.095652517e-17
3 4 -2.170745809e-03 -1.288293374e-02
3 5 -6.759960907e-04  8.697136518e-03
3 6 -1.094164171e-02  4.293218463e-03
3 7 -8.856987815e-03 -3.319764834e-03
3 8 -4.710474941e-03 -5.729450758e-03
3 9 -2.176004041e-03 -5.616091779e-03
4 0 -1.884801737e-02  6.331341127e-02
4 1  5.220938591e-02 -1.126735943e-01
4 2  9.346321393e-02  1.601967092e-01
4 3  3.597585311e-02 -2.135093523e-01
4 4 -5.028812724e-02 -2.065258189e-17
4 5 -7.487028008e-03 -1.365173595e-02
4 6  2.825842697e-03  1.056807339e-03
4 7 -1.849950980e-03  6.571133212e-03
4 8 -5.684670137e-03  5.796021967e-03
4 9 -6.860376052e-03  4.277983983e-03
5 0  6.130852955e-02 -1.309350669e-03
5 1 -7.218034886e-02  1.820429936e-02
5 2  1.557039755e-01 -6.586127964e-02
5 3  1.120330900e-02  1.441379753e-01
5 4  1.488826174e-01 -2.714703589e-01
5 5 -4.180065075e-02 -1.999579959e-17
5 6 -1.195048401e-02 -1.165306989e-02
5 7 -4.621206171e-04 -6.527927526e-03
5 8  1.913581004e-03 -1.623044062e-03
5 9  1.782254296e-03  8.841619887e-04
6 0  4.330377422e-03 -4.784680472e-02
6 1  2.466734369e-02  7.508552850e-02
6 2 -1.929310757e-02 -9.282762247e-02
6 3  1.813362455e-01  7.115167336e-02
6 4 -5.619303904e-02  2.101504664e-02
6 5  2.858922959e-01 -2.787772363e-01
6 6 -3.493006961e-02 -1.684418274e-18
6 7 -1.403331889e-02 -7.548438721e-03
6 8 -7.103669341e-03 -8.290418680e-03
6 9 -3.824222869e-03 -7.029280571e-03
7 0 -3.299843843e-02 -2.171082073e-02
7 1  7.031657232e-02  2.265207846e-02
7 2 -6.735390350e-02 -3.189090573e-03
7 3  1.467871969e-01 -5.501858924e-02
7 4  3.678703268e-02  1.306696744e-01
7 5  1.105534504e-02 -1.561680837e-01
7 6  4.017546785e-01 -2.161014509e-01
7 7 -2.939573828e-02 -6.698183487e-17
7 8 -1.592837735e-02 -4.712342227e-03
7 9 -1.201148784e-02 -5.781927442e-03
8 0 -3.500795561e-02  4.744314788e-03
8 1  6.340177063e-02 -1.907130717e-02
8 2 -4.570473813e-02  4.756284615e-02
8 3  7.806688089e-02 -9.495440597e-02
8 4  1.130419932e-01  1.152562699e-01
8 5 -4.577873717e-02 -3.882820083e-02
8 6  2.033683133e-01 -2.373433197e-01
8 7  5.418600888e-01 -1.603069868e-01
8 8 -2.160369775e-02  1.013954229e-16
8 9 -1.185552108e-02 -1.379916402e-03
9 0 -2.829551871e-02  1.631748096e-02
9 1  4.796101771e-02 -3.469726838e-02
9 2 -2.306390546e-02  6.185582161e-02
9 3  3.606299798e-02 -9.307570330e-02
9 4  1.364213867e-01  8.506946307e-02
9 5 -4.263699881e-02  2.115187139e-02
9 6  1.094822573e-01 -2.012386648e-01
9 7  4.086132392e-01 -1.966927106e-01
9 8  5.487727712e-01 -6.387408389e-02
9 9 -1.748331437e-02 -4.402294008e-17
0 0 -8.750265482e+00 -2.881358804e-15
0 1 -8.505782364e-01  6.232274169e-01
0 2  1.562253483e+00 -6.678050189e-01
0 3 -1.372859202e-01  5.280057230e-01
0 4 -5.843416853e-02 -3.563390669e-01
0 5  2.988525695e-01  2.621831841e-02
0 6  2.186430910e-02  1.948704784e-01
0 7 -1.022053561e-01  1.001211848e-01
0 8 -9.551985307e-02 -4.625829359e-02
0 9 -5.800049059e-02 -1.385042456e-01
1 0 -8.505782364e-01 -6.232274169e-01
1 1 -1.168459175e+01  1.450964752e-14
1 2 -5.884212167e-01  1.466716750e+00
1 3  2.152937355e+00 -1.545673380e+00
1 4  4.166151592e-01  9.474114477e-01
1 5 -4.702609319e-01 -1.939115753e-01
1 6  1.510744728e-01 -4.146463884e-01
1 7  2.983307673e-01 -1.373670030e-01
1 8  2.141014188e-01  1.369694037e-01
1 9  9.233320091e-02  3.002861559e-01
2 0  1.562253483e+00  6.678050189e-01
2 1 -5.884212167e-01 -1.466716750e+00
2 2 -1.502863887e+01  1.185022826e-14
2 3  1.699343483e-01  2.726632000e+00
2 4  2.016329922e+00 -2.593003812e+00
2 5  1.604663573e+00  7.710649109e-01
2 6 -2.070491860e-01  6.627829241e-01
2 7 -4.225709882e-01  5.832308288e-02
2 8 -1.369983098e-01 -3.653896217e-01
2 9  1.484515862e-01 -5.692697550e-01
3 0 -1.372859202e-01 -5.280057230e-01
3 1  2.152937355e+00  1.545673380e+00
3 2  1.699343483e-01 -2.726632000e+00
3 3 -1.889163844e+01  3.636541844e-14
3 4  1.740397830e+00  4.612799750e+00
3 5  9.934051288e-01 -3.332197264e+00
3 6  2.301153941e+00 -7.856814093e-01
3 7  1.155185166e+00  4.089357716e-01
3 8  2.107286920e-01  6.131724321e-01
3 9 -3.623860370e-01  5.676052795e-01
4 0 -5.843416853e-02  3.563390669e-01
4 1  4.166151592e-01 -9.474114477e-01
4 2  2.016329922e+00  2.593003812e+00
4 3  1.740397830e+00 -4.612799750e+00
4 4 -2.344886450e+01  2.352588196e-14
4 5  4.807974629e+00  6.963936748e+00
4 6 -6.578220422e-01 -2.120198329e+00
4 7  5.385871103e-01 -1.824665670e+00
4 8  1.463733045e+00 -1.075060775e+00
4 9  2.101939287e+00 -4.848504470e-01
5 0  2.988525695e-01 -2.621831841e-02
5 1 -4.702609319e-01  1.939115753e-01
5 2  1.604663573e+00 -7.710649109e-01
5 3  9.934051288e-01  3.332197264e+00
5 4  4.807974629e+00 -6.963936748e+00
5 5 -2.896728154e+01  1.895174724e-14
5 6  9.112045851e+00  7.861409573e+00
5 7 -3.217641227e-01  1.394192261e+00
5 8 -6.307957109e-01 -1.490734264e+00
5 9  7.971226041e-02 -3.110662339e+00
6 0  2.186430910e-02 -1.948704784e-01
6 1  1.510744728e-01  4.146463884e-01
6 2 -2.070491860e-01 -6.627829241e-01
6 3  2.301153941e+00  7.856814093e-01
6 4 -6.578220422e-01  2.120198329e+00
6 5  9.112045851e+00 -7.861409573e+00
6 6 -3.589411053e+01  1.070416861e-13
6 7  1.287210360e+01  6.004126770e+00
6 8  1.553315659e+00  2.450780178e+00
6 9 -1.130017774e+00  1.127948904e-01
7 0 -1.022053561e-01 -1.001211848e-01
7 1  2.983307673e-01  1.373670030e-01
7 2 -4.225709882e-01 -5.832308288e-02
7 3  1.155185166e+00 -4.089357716e-01
7 4  5.385871103e-01  1.824665670e+00
7 5 -3.217641227e-01 -1.394192261e+00
7 6  1.287210360e+01 -6.004126770e+00
7 7 -4.995733915e+01 -1.770586853e-13
7 8  2.099754754e+01  5.538036274e+00
7 9  6.949176573e+00  4.238886456e+00
8 0 -9.551985307e-02  4.625829359e-02
8 1  2.141014188e-01 -1.369694037e-01
8 2 -1.369983098e-01  3.653896217e-01
8 3  2.107286920e-01 -6.131724321e-01
8 4  1.463733045e+00  1.075060775e+00
8 5 -6.307957109e-01  1.490734264e+00
8 6  1.553315659e+00 -2.450780178e+00
8 7  2.099754754e+01 -5.538036274e+00
8 8 -6.374681542e+01  8.606173941e-14
8 9  3.138837177e+01  3.653431068e+00
9 0 -5.800049059e-02  1.385042456e-01
9 1  9.233320091e-02 -3.002861559e-01
9 2  1.484515862e-01  5.692697550e-01
9 3 -3.623860370e-01 -5.676052795e-01
9 4  2.101939287e+00  4.848504470e-01
9 5  7.971226041e-02  3.110662339e+00
9 6 -1.130017774e+00 -1.127948904e-01
9 7  6.949176573e+00 -4.238886456e+00
9 8  3.138837177e+01 -3.653431068e+00
9 9 -5.719739284e+01  1.440228863e-13
0  9.087680816e-02  5.847776841e-03 -1.696793288e-01 -4.324755627e-02
1  1.423136378e-01  9.373800672e-03  1.818810013e-01  9.171395028e-02
2  1.881571105e-01  1.116913670e-02 -1.448640720e-01 -1.558296450e-01
3  2.384502492e-01  1.465141796e-02  4.196261071e-02  2.107502666e-01
4  2.849823527e-01  1.530534574e-02  1.233939073e-01 -1.723723602e-01
5  3.161601808e-01  1.650518183e-02 -2.005362614e-01 -4.213504346e-02
6  3.431422064e-01  1.743470964e-02 -4.766051291e-02  1.899604381e-01
7  3.628567377e-01  1.703593312e-02  1.321836309e-01  1.282971255e-01
8  3.507247204e-01  1.621218963e-02  1.710203287e-01  1.591788838e-02
9  3.378713686e-01  2.506428970e-02  1.539321315e-01 -4.360068302e-02
