 1.695500020e+00 -1.795364730e+00  8.649684004e-01  3.324557251e+00  9.331210499e-01  9.671278940e-01  6.273176240e+00 512 3 10
 0.000000000e+00  0.000000000e+00 -2.622850684e-05
 1.956947162e-03  3.027679580e-02  1.292966556e-01
 3.913894325e-03  4.281531130e-02  1.828721429e-01
 5.870841487e-03  5.243500576e-02  2.239991361e-01
 7.827788650e-03  6.054379659e-02  2.586781393e-01
 9.784735812e-03  6.768711277e-02  2.892331091e-01
 1.174168297e-02  7.414473256e-02  3.168551004e-01
 1.369863014e-02  8.008289002e-02  3.422510774e-01
 1.565557730e-02  8.560991975e-02  3.658812386e-01
 1.761252446e-02  9.080108946e-02  3.880649093e-01
 1.956947162e-02  9.571121559e-02  4.090343268e-01
 2.152641879e-02  1.003816919e-01  4.289645992e-01
 2.348336595e-02  1.048446870e-01  4.479915929e-01
 2.544031311e-02  1.091257911e-01  4.662207655e-01
 2.739726027e-02  1.132458006e-01  4.837310441e-01
 2.935420744e-02  1.172219562e-01  5.006144232e-01
 3.131115460e-02  1.210682898e-01  5.169433960e-01
 3.326810176e-02  1.247968422e-01  5.327581148e-01
 3.522504892e-02  1.284179083e-01  5.481033712e-01
 3.718199609e-02  1.319403603e-01  5.630154104e-01
 3.913894325e-02  1.353719471e-01  5.775253916e-01
 4.109589041e-02  1.387194538e-01  5.916628478e-01
 4.305283757e-02  1.419888656e-01  6.054531909e-01
 4.500978474e-02  1.451854965e-01  6.189186810e-01
 4.696673190e-02  1.483140909e-01  6.320791613e-01
 4.892367906e-02  1.513789052e-01  6.449527785e-01
 5.088062622e-02  1.543837724e-01  6.575562822e-01
 5.283757339e-02  1.573321583e-01  6.699055616e-01
 5.479452055e-02  1.602272030e-01  6.820113896e-01
 5.675146771e-02  1.630717973e-01  6.938818964e-01
 5.870841487e-02  1.658685901e-01  7.055289201e-01
 6.066536204e-02  1.686200009e-01  7.169677396e-01
 6.262230920e-02  1.713282278e-01  7.282109076e-01
 6.457925636e-02  1.739953023e-01  7.392619492e-01
 6.653620352e-02  1.766231362e-01  7.501251445e-01
 6.849315068e-02  1.792134957e-01  7.608097471e-01
 7.045009785e-02  1.817680153e-01  7.713231439e-01
 7.240704501e-02  1.842882199e-01  7.816726822e-01
 7.436399217e-02  1.867755234e-01  7.918664037e-01
 7.632093933e-02  1.892312430e-01  8.019058387e-01
 7.827788650e-02  1.916566406e-01  8.117921121e-01
 8.023483366e-02  1.940528965e-01  8.215364678e-01
 8.219178082e-02  1.964210864e-01  8.311464120e-01
 8.414872798e-02  1.987622381e-01  8.406186779e-01
 8.610567515e-02  2.010773465e-01  8.499559956e-01
 8.806262231e-02  2.033673322e-01  8.591668123e-01
 9.001956947e-02  2.056330582e-01  8.682550108e-01
 9.197651663e-02  2.078753464e-01  8.772226701e-01
 9.393346380e-02  2.100949769e-01  8.860719546e-01
 9.589041096e-02  2.122926930e-01  8.948044459e-01
 9.784735812e-02  2.144692044e-01  9.034228886e-01
 9.980430528e-02  2.166251825e-01  9.119327216e-01
 1.017612524e-01  2.187612564e-01  9.203378057e-01
 1.037181996e-01  2.208780292e-01  9.286381427e-01
 1.056751468e-01  2.229760830e-01  9.368313206e-01
 1.076320939e-01  2.250559873e-01  9.449221583e-01
 1.095890411e-01  2.271182614e-01  9.529174322e-01
 1.115459883e-01  2.291634056e-01  9.608171376e-01
 1.135029354e-01  2.311919034e-01  9.686198775e-01
 1.154598826e-01  2.332042268e-01  9.763269610e-01
 1.174168297e-01  2.352008215e-01  9.839413960e-01
 1.193737769e-01  2.371821163e-01  9.914653660e-01
 1.213307241e-01  2.391485194e-01  9.989033460e-01
 1.232876712e-01  2.411004149e-01  1.006254768e+00
 1.252446184e-01  2.430381879e-01  1.013515542e+00
 1.272015656e-01  2.449622141e-01  1.020688301e+00
 1.291585127e-01  2.468728452e-01  1.027779676e+00
 1.311154599e-01  2.487704101e-01  1.034792643e+00
 1.330724070e-01  2.506552293e-01  1.041723052e+00
 1.350293542e-01  2.525276274e-01  1.048568183e+00
 1.369863014e-01  2.543879162e-01  1.055333050e+00
 1.389432485e-01  2.562363845e-01  1.062020953e+00
 1.409001957e-01  2.580733152e-01  1.068632996e+00
 1.428571429e-01  2.598989781e-01  1.075169645e+00
 1.448140900e-01  2.617136392e-01  1.081627658e+00
 1.467710372e-01  2.635175646e-01  1.088006681e+00
 1.487279843e-01  2.653110075e-01  1.094311477e+00
 1.506849315e-01  2.670942049e-01  1.100546805e+00
 1.526418787e-01  2.688673819e-01  1.106712470e+00
 1.545988258e-01  2.706307643e-01  1.112801340e+00
 1.565557730e-01  2.723845885e-01  1.118813868e+00
 1.585127202e-01  2.741290675e-01  1.124757689e+00
 1.604696673e-01  2.758644032e-01  1.130633908e+00
 1.624266145e-01  2.775907951e-01  1.136442486e+00
 1.643835616e-01  2.793084357e-01  1.142180189e+00
 1.663405088e-01  2.810175251e-01  1.147845537e+00
 1.682974560e-01  2.827182511e-01  1.153441274e+00
 1.702544031e-01  2.844107969e-01  1.158970955e+00
 1.722113503e-01  2.860953317e-01  1.164438902e+00
 1.741682975e-01  2.877720184e-01  1.169840676e+00
 1.761252446e-01  2.894410314e-01  1.175169555e+00
 1.780821918e-01  2.911025454e-01  1.180429768e+00
 1.800391389e-01  2.927567159e-01  1.185628789e+00
 1.819960861e-01  2.944036896e-01  1.190767729e+00
 1.839530333e-01  2.960436125e-01  1.195841616e+00
 1.859099804e-01  2.976766390e-01  1.200846345e+00
 1.878669276e-01  2.993029202e-01  1.205785743e+00
 1.898238748e-01  3.009225944e-01  1.210662932e+00
 1.917808219e-01  3.025357983e-01  1.215479016e+00
 1.937377691e-01  3.041426620e-01  1.220236548e+00
 1.956947162e-01  3.057433106e-01  1.224930410e+00
 1.976516634e-01  3.073378824e-01  1.229556198e+00
 1.996086106e-01  3.089265093e-01  1.234118740e+00
 2.015655577e-01  3.105093120e-01  1.238623825e+00
 2.035225049e-01  3.120864032e-01  1.243073767e+00
 2.054794521e-01  3.136578936e-01  1.247461756e+00
 2.074363992e-01  3.152239087e-01  1.251782702e+00
 2.093933464e-01  3.167845683e-01  1.256042051e+00
 2.113502935e-01  3.183399800e-01  1.260244126e+00
 2.133072407e-01  3.198902489e-01  1.264390121e+00
 2.152641879e-01  3.214354764e-01  1.268479585e+00
 2.172211350e-01  3.229757652e-01  1.272506750e+00
 2.191780822e-01  3.245112272e-01  1.276469837e+00
 2.211350294e-01  3.260419660e-01  1.280374057e+00
 2.230919765e-01  3.275680778e-01  1.284224478e+00
 2.250489237e-01  3.290896510e-01  1.288022911e+00
 2.270058708e-01  3.306067746e-01  1.291761050e+00
 2.289628180e-01  3.321195538e-01  1.295434274e+00
 2.309197652e-01  3.336280856e-01  1.299049851e+00
 2.328767123e-01  3.351324553e-01  1.302612851e+00
 2.348336595e-01  3.366327456e-01  1.306122444e+00
 2.367906067e-01  3.381290413e-01  1.309575831e+00
 2.387475538e-01  3.396214291e-01  1.312969702e+00
 2.407045010e-01  3.411099990e-01  1.316305033e+00
 2.426614481e-01  3.425948332e-01  1.319584130e+00
 2.446183953e-01  3.440760140e-01  1.322809577e+00
 2.465753425e-01  3.455536156e-01  1.325985669e+00
 2.485322896e-01  3.470277090e-01  1.329107166e+00
 2.504892368e-01  3.484983781e-01  1.332166946e+00
 2.524461840e-01  3.499657075e-01  1.335168624e+00
 2.544031311e-01  3.514297712e-01  1.338119465e+00
 2.563600783e-01  3.528906359e-01  1.341022262e+00
 2.583170254e-01  3.543483680e-01  1.343873178e+00
 2.602739726e-01  3.558030409e-01  1.346665147e+00
 2.622309198e-01  3.572547346e-01  1.349399479e+00
 2.641878669e-01  3.587035180e-01  1.352081980e+00
 2.661448141e-01  3.601494569e-01  1.354714637e+00
 2.681017613e-01  3.615926147e-01  1.357299043e+00
 2.700587084e-01  3.630330523e-01  1.359831412e+00
 2.720156556e-01  3.644708398e-01  1.362306148e+00
 2.739726027e-01  3.659060487e-01  1.364725287e+00
 2.759295499e-01  3.673387433e-01  1.367095107e+00
 2.778864971e-01  3.687689805e-01  1.369419757e+00
 2.798434442e-01  3.701968150e-01  1.371695884e+00
 2.818003914e-01  3.716223095e-01  1.373916118e+00
 2.837573386e-01  3.730455328e-01  1.376080957e+00
 2.857142857e-01  3.744665455e-01  1.378197174e+00
 2.876712329e-01  3.758854013e-01  1.380266890e+00
 2.896281800e-01  3.773021555e-01  1.382289014e+00
 2.915851272e-01  3.787168630e-01  1.384261530e+00
 2.935420744e-01  3.801295824e-01  1.386182214e+00
 2.954990215e-01  3.815403721e-01  1.388051856e+00
 2.974559687e-01  3.829492881e-01  1.389872043e+00
 2.994129159e-01  3.843563850e-01  1.391646320e+00
 3.013698630e-01  3.857617106e-01  1.393377241e+00
 3.033268102e-01  3.871653136e-01  1.395060016e+00
 3.052837573e-01  3.885672509e-01  1.396689732e+00
 3.072407045e-01  3.899675802e-01  1.398269132e+00
 3.091976517e-01  3.913663520e-01  1.399804272e+00
 3.111545988e-01  3.927636115e-01  1.401297580e+00
 3.131115460e-01  3.941594037e-01  1.402745253e+00
 3.150684932e-01  3.955537805e-01  1.404143331e+00
 3.170254403e-01  3.969467945e-01  1.405492330e+00
 3.189823875e-01  3.983384959e-01  1.406795348e+00
 3.209393346e-01  3.997289304e-01  1.408054903e+00
 3.228962818e-01  4.011181430e-01  1.409272269e+00
 3.248532290e-01  4.025061764e-01  1.410446041e+00
 3.268101761e-01  4.038930777e-01  1.411572054e+00
 3.287671233e-01  4.052788974e-01  1.412649215e+00
 3.307240705e-01  4.066636844e-01  1.413682062e+00
 3.326810176e-01  4.080474799e-01  1.414676011e+00
 3.346379648e-01  4.094303216e-01  1.415629635e+00
 3.365949119e-01  4.108122533e-01  1.416537119e+00
 3.385518591e-01  4.121933238e-01  1.417396714e+00
 3.405088063e-01  4.135735797e-01  1.418212539e+00
 3.424657534e-01  4.149530617e-01  1.418989334e+00
 3.444227006e-01  4.163318069e-01  1.419726406e+00
 3.463796477e-01  4.177098568e-01  1.420419731e+00
 3.483365949e-01  4.190872563e-01  1.421069472e+00
 3.502935421e-01  4.204640464e-01  1.421677049e+00
 3.522504892e-01  4.218402688e-01  1.422242624e+00
 3.542074364e-01  4.232159640e-01  1.422768062e+00
 3.561643836e-01  4.245911701e-01  1.423254038e+00
 3.581213307e-01  4.259659260e-01  1.423699939e+00
 3.600782779e-01  4.273402708e-01  1.424104592e+00
 3.620352250e-01  4.287142456e-01  1.424466454e+00
 3.639921722e-01  4.300878922e-01  1.424788053e+00
 3.659491194e-01  4.314612467e-01  1.425073167e+00
 3.679060665e-01  4.328343437e-01  1.425320009e+00
 3.698630137e-01  4.342072226e-01  1.425525942e+00
 3.718199609e-01  4.355799229e-01  1.425691930e+00
 3.737769080e-01  4.369524821e-01  1.425819286e+00
 3.757338552e-01  4.383249372e-01  1.425909469e+00
 3.776908023e-01  4.396973228e-01  1.425962123e+00
 3.796477495e-01  4.410696765e-01  1.425975491e+00
 3.816046967e-01  4.424420364e-01  1.425951910e+00
 3.835616438e-01  4.438144355e-01  1.425892654e+00
 3.855185910e-01  4.451869095e-01  1.425794646e+00
 3.874755382e-01  4.465594973e-01  1.425658818e+00
 3.894324853e-01  4.479322328e-01  1.425487659e+00
 3.913894325e-01  4.493051502e-01  1.425281059e+00
 3.933463796e-01  4.506782837e-01  1.425039518e+00
 3.953033268e-01  4.520516666e-01  1.424760855e+00
 3.972602740e-01  4.534253373e-01  1.424444943e+00
 3.992172211e-01  4.547993294e-01  1.424095965e+00
 4.011741683e-01  4.561736734e-01  1.423713176e+00
 4.031311155e-01  4.575484045e-01  1.423294222e+00
 4.050880626e-01  4.589235578e-01  1.422841111e+00
 4.070450098e-01  4.602991646e-01  1.422354406e+00
 4.090019569e-01  4.616752592e-01  1.421834419e+00
 4.109589041e-01  4.630518724e-01  1.421281366e+00
 4.129158513e-01  4.644290381e-01  1.420693112e+00
 4.148727984e-01  4.658067915e-01  1.420071790e+00
 4.168297456e-01  4.671851626e-01  1.419420594e+00
 4.187866928e-01  4.685641805e-01  1.418737305e+00
 4.207436399e-01  4.699438797e-01  1.418020383e+00
 4.227005871e-01  4.713242924e-01  1.417271024e+00
 4.246575342e-01  4.727054509e-01  1.416490088e+00
 4.266144814e-01  4.740873862e-01  1.415679340e+00
 4.285714286e-01  4.754701271e-01  1.414838424e+00
 4.305283757e-01  4.768537056e-01  1.413966091e+00
 4.324853229e-01  4.782381533e-01  1.413063649e+00
 4.344422701e-01  4.796234996e-01  1.412131319e+00
 4.363992172e-01  4.810097760e-01  1.411168211e+00
 4.383561644e-01  4.823970139e-01  1.410175303e+00
 4.403131115e-01  4.837852432e-01  1.409154792e+00
 4.422700587e-01  4.851744911e-01  1.408107231e+00
 4.442270059e-01  4.865647868e-01  1.407030949e+00
 4.461839530e-01  4.879561609e-01  1.405923800e+00
 4.481409002e-01  4.893486472e-01  1.404787057e+00
 4.500978474e-01  4.907422741e-01  1.403624697e+00
 4.520547945e-01  4.921370675e-01  1.402438357e+00
 4.540117417e-01  4.935330532e-01  1.401225618e+00
 4.559686888e-01  4.949302621e-01  1.399982988e+00
 4.579256360e-01  4.963287271e-01  1.398711755e+00
 4.598825832e-01  4.977284769e-01  1.397415437e+00
 4.618395303e-01  4.991295378e-01  1.396096023e+00
 4.637964775e-01  5.005319346e-01  1.394752988e+00
 4.657534247e-01  5.019356950e-01  1.393383665e+00
 4.677103718e-01  5.033408496e-01  1.391987073e+00
 4.696673190e-01  5.047474283e-01  1.390565487e+00
 4.716242661e-01  5.061554574e-01  1.389120688e+00
 4.735812133e-01  5.075649635e-01  1.387653201e+00
 4.755381605e-01  5.089759723e-01  1.386164082e+00
 4.774951076e-01  5.103885084e-01  1.384651255e+00
 4.794520548e-01  5.118026022e-01  1.383113346e+00
 4.814090020e-01  5.132182814e-01  1.381551835e+00
 4.833659491e-01  5.146355736e-01  1.379968180e+00
 4.853228963e-01  5.160545040e-01  1.378365127e+00
 4.872798434e-01  5.174750948e-01  1.376743098e+00
 4.892367906e-01  5.188973707e-01  1.375098143e+00
 4.911937378e-01  5.203213623e-01  1.373428846e+00
 4.931506849e-01  5.217470977e-01  1.371738303e+00
 4.951076321e-01  5.231746014e-01  1.370029361e+00
 4.970645793e-01  5.246038959e-01  1.368303805e+00
 4.990215264e-01  5.260350023e-01  1.366559237e+00
 5.009784736e-01  5.274679485e-01  1.364791872e+00
 5.029354207e-01  5.289027639e-01  1.363003618e+00
 5.048923679e-01  5.303394726e-01  1.361197971e+00
 5.068493151e-01  5.317780972e-01  1.359376430e+00
 5.088062622e-01  5.332186588e-01  1.357538344e+00
 5.107632094e-01  5.346611818e-01  1.355681239e+00
 5.127201566e-01  5.361056930e-01  1.353804827e+00
 5.146771037e-01  5.375522175e-01  1.351911495e+00
 5.166340509e-01  5.390007776e-01  1.350003023e+00
 5.185909980e-01  5.404513949e-01  1.348079145e+00
 5.205479452e-01  5.419040925e-01  1.346139132e+00
 5.225048924e-01  5.433588941e-01  1.344182989e+00
 5.244618395e-01  5.448158230e-01  1.342211231e+00
 5.264187867e-01  5.462749020e-01  1.340224848e+00
 5.283757339e-01  5.477361528e-01  1.338224144e+00
 5.303326810e-01  5.491995980e-01  1.336209318e+00
 5.322896282e-01  5.506652589e-01  1.334180732e+00
 5.342465753e-01  5.521331577e-01  1.332138910e+00
 5.362035225e-01  5.536033151e-01  1.330083870e+00
 5.381604697e-01  5.550757534e-01  1.328015335e+00
 5.401174168e-01  5.565504942e-01  1.325934658e+00
 5.420743640e-01  5.580275573e-01  1.323842075e+00
 5.440313112e-01  5.595069641e-01  1.321737863e+00
 5.459882583e-01  5.609887340e-01  1.319622616e+00
 5.479452055e-01  5.624728874e-01  1.317495574e+00
 5.499021526e-01  5.639594457e-01  1.315357803e+00
 5.518590998e-01  5.654484272e-01  1.313210241e+00
 5.538160470e-01  5.669398516e-01  1.311052516e+00
 5.557729941e-01  5.684337383e-01  1.308884985e+00
 5.577299413e-01  5.699301065e-01  1.306708080e+00
 5.596868885e-01  5.714289748e-01  1.304522320e+00
 5.616438356e-01  5.729303616e-01  1.302328397e+00
 5.636007828e-01  5.744342843e-01  1.300126141e+00
 5.655577299e-01  5.759407618e-01  1.297915451e+00
 5.675146771e-01  5.774498120e-01  1.295697020e+00
 5.694716243e-01  5.789614526e-01  1.293471856e+00
 5.714285714e-01  5.804756994e-01  1.291240594e+00
 5.733855186e-01  5.819925687e-01  1.289002623e+00
 5.753424658e-01  5.835120782e-01  1.286757898e+00
 5.772994129e-01  5.850342445e-01  1.284506825e+00
 5.792563601e-01  5.865590845e-01  1.282250307e+00
 5.812133072e-01  5.880866130e-01  1.279989713e+00
 5.831702544e-01  5.896168438e-01  1.277724726e+00
 5.851272016e-01  5.911497927e-01  1.275454459e+00
 5.870841487e-01  5.926854759e-01  1.273179088e+00
 5.890410959e-01  5.942239090e-01  1.270899715e+00
 5.909980431e-01  5.957651057e-01  1.268617573e+00
 5.929549902e-01  5.973090788e-01  1.266333045e+00
 5.949119374e-01  5.988558413e-01  1.264045466e+00
 5.968688845e-01  6.004054079e-01  1.261754087e+00
 5.988258317e-01  6.019577935e-01  1.259459728e+00
 6.007827789e-01  6.035130109e-01  1.257163811e+00
 6.027397260e-01  6.050710718e-01  1.254867069e+00
 6.046966732e-01  6.066319874e-01  1.252569239e+00
 6.066536204e-01  6.081957701e-01  1.250269588e+00
 6.086105675e-01  6.097624330e-01  1.247968183e+00
 6.105675147e-01  6.113319886e-01  1.245666047e+00
 6.125244618e-01  6.129044477e-01  1.243364204e+00
 6.144814090e-01  6.144798202e-01  1.241062812e+00
 6.164383562e-01  6.160581165e-01  1.238761686e+00
 6.183953033e-01  6.176393472e-01  1.236460503e+00
 6.203522505e-01  6.192235238e-01  1.234159549e+00
 6.223091977e-01  6.208106561e-01  1.231859816e+00
 6.242661448e-01  6.224007531e-01  1.229561708e+00
 6.262230920e-01  6.239938238e-01  1.227265136e+00
 6.281800391e-01  6.255898775e-01  1.224970356e+00
 6.301369863e-01  6.271889225e-01  1.222677535e+00
 6.320939335e-01  6.287909678e-01  1.220386813e+00
 6.340508806e-01  6.303960214e-01  1.218098723e+00
 6.360078278e-01  6.320040910e-01  1.215813445e+00
 6.379647750e-01  6.336151841e-01  1.213531188e+00
 6.399217221e-01  6.352293078e-01  1.211252151e+00
 6.418786693e-01  6.368464694e-01  1.208976473e+00
 6.438356164e-01  6.384666754e-01  1.206704579e+00
 6.457925636e-01  6.400899320e-01  1.204436752e+00
 6.477495108e-01  6.417162452e-01  1.202173092e+00
 6.497064579e-01  6.433456206e-01  1.199913880e+00
 6.516634051e-01  6.449780636e-01  1.197659123e+00
 6.536203523e-01  6.466135799e-01  1.195408970e+00
 6.555772994e-01  6.482521743e-01  1.193163941e+00
 6.575342466e-01  6.498938511e-01  1.190924358e+00
 6.594911937e-01  6.515386141e-01  1.188690439e+00
 6.614481409e-01  6.531864671e-01  1.186462249e+00
 6.634050881e-01  6.548374137e-01  1.184239648e+00
 6.653620352e-01  6.564914580e-01  1.182022912e+00
 6.673189824e-01  6.581486027e-01  1.179812482e+00
 6.692759295e-01  6.598088505e-01  1.177608598e+00
 6.712328767e-01  6.614722037e-01  1.175411570e+00
 6.731898239e-01  6.631386639e-01  1.173221495e+00
 6.751467710e-01  6.648082329e-01  1.171038354e+00
 6.771037182e-01  6.664809123e-01  1.168862262e+00
 6.790606654e-01  6.681567036e-01  1.166693346e+00
 6.810176125e-01  6.698356079e-01  1.164531669e+00
 6.829745597e-01  6.715176264e-01  1.162377554e+00
 6.849315068e-01  6.732027592e-01  1.160231536e+00
 6.868884540e-01  6.748910057e-01  1.158093498e+00
 6.888454012e-01  6.765823663e-01  1.155963135e+00
 6.908023483e-01  6.782768411e-01  1.153840493e+00
 6.927592955e-01  6.799744304e-01  1.151725530e+00
 6.947162427e-01  6.816751342e-01  1.149618554e+00
 6.966731898e-01  6.833789517e-01  1.147520035e+00
 6.986301370e-01  6.850858815e-01  1.145429648e+00
 7.005870841e-01  6.867959235e-01  1.143346849e+00
 7.025440313e-01  6.885090778e-01  1.141271477e+00
 7.045009785e-01  6.902253448e-01  1.139203530e+00
 7.064579256e-01  6.919447245e-01  1.137142926e+00
 7.084148728e-01  6.936672171e-01  1.135089200e+00
 7.103718200e-01  6.953928241e-01  1.133041923e+00
 7.123287671e-01  6.971215471e-01  1.131000711e+00
 7.142857143e-01  6.988533884e-01  1.128964998e+00
 7.162426614e-01  7.005883514e-01  1.126934300e+00
 7.181996086e-01  7.023264398e-01  1.124908252e+00
 7.201565558e-01  7.040676579e-01  1.122886362e+00
 7.221135029e-01  7.058120112e-01  1.120867960e+00
 7.240704501e-01  7.075595061e-01  1.118852207e+00
 7.260273973e-01  7.093101503e-01  1.116838023e+00
 7.279843444e-01  7.110639540e-01  1.114824627e+00
 7.299412916e-01  7.128209274e-01  1.112811815e+00
 7.318982387e-01  7.145810812e-01  1.110799323e+00
 7.338551859e-01  7.163444268e-01  1.108786033e+00
 7.358121331e-01  7.181109785e-01  1.106770376e+00
 7.377690802e-01  7.198807528e-01  1.104751507e+00
 7.397260274e-01  7.216537669e-01  1.102728752e+00
 7.416829746e-01  7.234300398e-01  1.100701496e+00
 7.436399217e-01  7.252095911e-01  1.098668609e+00
 7.455968689e-01  7.269924435e-01  1.096628384e+00
 7.475538160e-01  7.287786225e-01  1.094580408e+00
 7.495107632e-01  7.305681526e-01  1.092524838e+00
 7.514677104e-01  7.323610593e-01  1.090460754e+00
 7.534246575e-01  7.341573707e-01  1.088385583e+00
 7.553816047e-01  7.359571208e-01  1.086296084e+00
 7.573385519e-01  7.377603493e-01  1.084192175e+00
 7.592954990e-01  7.395670913e-01  1.082075330e+00
 7.612524462e-01  7.413773820e-01  1.079945584e+00
 7.632093933e-01  7.431912572e-01  1.077800411e+00
 7.651663405e-01  7.450087614e-01  1.075636514e+00
 7.671232877e-01  7.468299421e-01  1.073452906e+00
 7.690802348e-01  7.486548482e-01  1.071248945e+00
 7.710371820e-01  7.504835305e-01  1.069023653e+00
 7.729941292e-01  7.523160421e-01  1.066775645e+00
 7.749510763e-01  7.541524398e-01  1.064502244e+00
 7.769080235e-01  7.559927872e-01  1.062203112e+00
 7.788649706e-01  7.578371434e-01  1.059880014e+00
 7.808219178e-01  7.596855672e-01  1.057532623e+00
 7.827788650e-01  7.615381205e-01  1.055156982e+00
 7.847358121e-01  7.633948773e-01  1.052747164e+00
 7.866927593e-01  7.652559218e-01  1.050301549e+00
 7.886497065e-01  7.671213357e-01  1.047822622e+00
 7.906066536e-01  7.689911965e-01  1.045311147e+00
 7.925636008e-01  7.708655853e-01  1.042763046e+00
 7.945205479e-01  7.727445960e-01  1.040174026e+00
 7.964774951e-01  7.746283274e-01  1.037545609e+00
 7.984344423e-01  7.765168707e-01  1.034879672e+00
 8.003913894e-01  7.784103202e-01  1.032174088e+00
 8.023483366e-01  7.803087775e-01  1.029424222e+00
 8.043052838e-01  7.822123568e-01  1.026625240e+00
 8.062622309e-01  7.841211805e-01  1.023781230e+00
 8.082191781e-01  7.860353509e-01  1.020900435e+00
 8.101761252e-01  7.879549629e-01  1.017987756e+00
 8.121330724e-01  7.898801030e-01  1.015048202e+00
 8.140900196e-01  7.918108496e-01  1.012088866e+00
 8.160469667e-01  7.937472645e-01  1.009118255e+00
 8.180039139e-01  7.956893953e-01  1.006146526e+00
 8.199608611e-01  7.976372659e-01  1.003188497e+00
 8.219178082e-01  7.995908667e-01  1.000267230e+00
 8.238747554e-01  8.015501310e-01  9.974008339e-01
 8.258317025e-01  8.035149763e-01  9.945940771e-01
 8.277886497e-01  8.054853139e-01  9.918587373e-01
 8.297455969e-01  8.074610107e-01  9.892240799e-01
 8.317025440e-01  8.094418568e-01  9.867310127e-01
 8.336594912e-01  8.114275487e-01  9.843880654e-01
 8.356164384e-01  8.134178343e-01  9.821905840e-01
 8.375733855e-01  8.154124204e-01  9.801563085e-01
 8.395303327e-01  8.174109750e-01  9.783360239e-01
 8.414872798e-01  8.194129888e-01  9.767685538e-01
 8.434442270e-01  8.214179617e-01  9.754292271e-01
 8.454011742e-01  8.234254762e-01  9.742931637e-01
 8.473581213e-01  8.254351269e-01  9.733465443e-01
 8.493150685e-01  8.274465474e-01  9.726105686e-01
 8.512720157e-01  8.294592401e-01  9.721028224e-01
 8.532289628e-01  8.314727621e-01  9.717738155e-01
 8.551859100e-01  8.334868177e-01  9.715880709e-01
 8.571428571e-01  8.355011096e-01  9.715415133e-01
 8.590998043e-01  8.375153582e-01  9.716229567e-01
 8.610567515e-01  8.395293125e-01  9.718303235e-01
 8.630136986e-01  8.415427017e-01  9.721236207e-01
 8.649706458e-01  8.435554409e-01  9.724646633e-01
 8.669275930e-01  8.455674182e-01  9.728305934e-01
 8.688845401e-01  8.475786435e-01  9.731984133e-01
 8.708414873e-01  8.495891003e-01  9.735495477e-01
 8.727984344e-01  8.515988750e-01  9.738651401e-01
 8.747553816e-01  8.536080289e-01  9.741271976e-01
 8.767123288e-01  8.556167224e-01  9.743208411e-01
 8.786692759e-01  8.576250777e-01  9.744122736e-01
 8.806262231e-01  8.596333942e-01  9.743755007e-01
 8.825831703e-01  8.616419012e-01  9.742212831e-01
 8.845401174e-01  8.636508536e-01  9.739622368e-01
 8.864970646e-01  8.656604292e-01  9.735746348e-01
 8.884540117e-01  8.676709817e-01  9.730342991e-01
 8.904109589e-01  8.696827900e-01  9.723505500e-01
 8.923679061e-01  8.716961715e-01  9.715192064e-01
 8.943248532e-01  8.737114248e-01  9.705500355e-01
 8.962818004e-01  8.757288297e-01  9.694432965e-01
 8.982387476e-01  8.777486874e-01  9.682247098e-01
 9.001956947e-01  8.797711740e-01  9.668635728e-01
 9.021526419e-01  8.817967237e-01  9.653218360e-01
 9.041095890e-01  8.838256766e-01  9.636321057e-01
 9.060665362e-01  8.858583368e-01  9.618093862e-01
 9.080234834e-01  8.878949879e-01  9.598913790e-01
 9.099804305e-01  8.899357799e-01  9.578578000e-01
 9.119373777e-01  8.919810891e-01  9.556572142e-01
 9.138943249e-01  8.940312918e-01  9.533329147e-01
 9.158512720e-01  8.960865871e-01  9.508770394e-01
 9.178082192e-01  8.981473953e-01  9.482605448e-01
 9.197651663e-01  9.002140498e-01  9.455562000e-01
 9.217221135e-01  9.022866634e-01  9.427323357e-01
 9.236790607e-01  9.043657194e-01  9.397307029e-01
 9.256360078e-01  9.064515963e-01  9.366302717e-01
 9.275929550e-01  9.085444398e-01  9.334402380e-01
 9.295499022e-01  9.106445997e-01  9.300899823e-01
 9.315068493e-01  9.127525501e-01  9.265960431e-01
 9.334637965e-01  9.148685795e-01  9.231766224e-01
 9.354207436e-01  9.169921713e-01  9.196159698e-01
 9.373776908e-01  9.191246260e-01  9.156799349e-01
 9.393346380e-01  9.212665169e-01  9.115643322e-01
 9.412915851e-01  9.234182732e-01  9.075816135e-01
 9.432485323e-01  9.255789976e-01  9.034244544e-01
 9.452054795e-01  9.277506153e-01  8.987443038e-01
 9.471624266e-01  9.299339076e-01  8.938424940e-01
 9.491193738e-01  9.321294127e-01  8.890840106e-01
 9.510763209e-01  9.343361295e-01  8.848275877e-01
 9.530332681e-01  9.365527987e-01  8.799082738e-01
 9.549902153e-01  9.387842992e-01  8.738463430e-01
 9.569471624e-01  9.410318410e-01  8.674562704e-01
 9.589041096e-01  9.432963480e-01  8.608595810e-01
 9.608610568e-01  9.455784732e-01  8.632550026e-01
 9.628180039e-01  9.478306240e-01  8.703366230e-01
 9.647749511e-01  9.500754859e-01  8.642000521e-01
 9.667318982e-01  9.523602485e-01  8.474052833e-01
 9.686888454e-01  9.546952594e-01  8.280169601e-01
 9.706457926e-01  9.570885118e-01  8.071798931e-01
 9.726027397e-01  9.595458001e-01  7.858405946e-01
 9.745596869e-01  9.620708754e-01  7.647453348e-01
 9.765166341e-01  9.646656002e-01  7.444578097e-01
 9.784735812e-01  9.673301022e-01  7.253865109e-01
 9.804305284e-01  9.700629281e-01  7.078148281e-01
 9.823874755e-01  9.728611961e-01  6.919296236e-01
 9.843444227e-01  9.757207475e-01  6.778462388e-01
 9.863013699e-01  9.786362969e-01  6.656291751e-01
 9.882583170e-01  9.816015808e-01  6.553085360e-01
 9.902152642e-01  9.846095035e-01  6.468927404e-01
 9.921722114e-01  9.876522811e-01  6.403780893e-01
 9.941291585e-01  9.907215829e-01  6.357558338e-01
 9.960861057e-01  9.938086692e-01  6.330172548e-01
 9.980430528e-01  9.969045266e-01  6.321571999e-01
 1.000000000e+00  1.000000000e+00  6.322356248e-01
4  4.831520662e-01  7.447360722e-01  1.015825362e+00  7.623890133e-01  9.568368917e-01  3.921598022e+01  4.045101172e-01  9.993269553e-01  4.394207180e-01  2.864559973e+00
5  6.159685994e-01  1.100511521e+00  1.008230630e+00  6.281850351e-01  9.282432890e-01  2.514246388e+01  3.585158411e-01  1.076614379e+00  6.163274600e-01  2.899769476e+00
6  7.148538980e-01  1.358349025e+00  1.004592751e+00  5.373631051e-01  9.067500850e-01  1.953316429e+01  3.352463135e-01  1.179400468e+00  7.322012409e-01  2.794287557e+00
7  7.943326592e-01  1.563226295e+00  1.002380551e+00  4.715149997e-01  9.005942625e-01  1.680390844e+01  3.215277134e-01  1.302052198e+00  8.166374364e-01  2.655534992e+00
8  8.589671596e-01  1.970893061e+00  1.000851588e+00  4.212810964e-01  9.227919180e-01  1.595465212e+01  3.134154672e-01  1.462338956e+00  8.799770502e-01  2.508830226e+00
9  9.031379262e-01  2.881631484e+00  9.998873037e-01  3.809097618e-01  9.968869738e-01  1.733518286e+01  3.097422261e-01  1.710464593e+00  9.225241158e-01  2.342489444e+00
10  9.340431788e-01  2.631670721e+00  9.994095890e-01  3.478471684e-01  1.148569546e+00  2.171473087e+01  3.097197289e-01  2.137114102e+00  9.508170329e-01  2.179342474e+00
11  9.736478610e-01  4.026792629e+00  9.998198268e-01  3.228538916e-01  1.367529107e+00  2.854985047e+01  3.139272177e-01  2.630593438e+00  9.829301529e-01  2.066074566e+00
12  9.880816067e-01  8.723660831e+00  9.999324436e-01  2.991436554e-01  1.640263132e+00  3.900931618e+01  3.184603858e-01  4.164764738e+00  9.924469745e-01  1.922194128e+00
13  9.944663541e-01  1.709590095e+01  9.999686177e-01  2.786104376e-01  1.823676941e+00  4.575823253e+01  3.230868634e-01  7.294163264e+00  9.965023059e-01  1.785862962e+00
0 0 -1.214696483e-01 -1.184160046e-17
0 1  1.388445156e-02 -6.613063266e-03
0 2 -1.605632177e-02  8.611851156e-03
0 3  2.390035361e-03 -9.972375030e-03
0 4  2.626668968e-03  7.381032995e-03
0 5 -7.304147855e-03  3.489918233e-04
0 6 -1.030905825e-03 -5.727849982e-03
0 7  3.507449784e-03 -3.191142133e-03
0 8  4.207120855e-03 -2.534886058e-04
0 9  3.707112692e-03  1.160142171e-03
1 0 -1.143038755e-01 -5.444210434e-02
1 1 -9.328753643e-02  2.497705566e-17
1 2  8.321707421e-03 -9.540862119e-03
1 3 -1.302302206e-02  1.191010534e-02
1 4 -5.330732313e-03 -1.048577981e-02
1 5  6.910810454e-03  1.130907972e-03
1 6 -1.791702169e-03  7.225206974e-03
1 7 -6.245571955e-03  2.943280037e-03
1 8 -6.180549350e-03 -8.259590382e-04
1 9 -5.066947041e-03 -2.392233061e-03
2 0  1.321838171e-01  7.089714408e-02
2 1 -8.920492211e-02 -1.022737065e-01
2 2 -7.386334123e-02 -3.830129400e-17
2 3  2.730039376e-03 -1.162077136e-02
2 4 -6.539977761e-03  1.201911466e-02
2 5 -1.194718922e-02 -4.415945589e-03
2 6  8.591747953e-04 -7.318502397e-03
2 7  4.952281030e-03 -1.138463181e-03
2 8  3.958576132e-03  2.701023138e-03
2 9  2.581442292e-03  3.994956407e-03
3 0 -1.967598816e-02 -8.209766942e-02
3 1  1.396008788e-01  1.276709172e-01
3 2 -3.696068077e-02 -1.573279948e-01
3 3 -6.030727447e-02 -1.018829375e-16
3 4 -2.469436375e-03 -1.312769664e-02
3 5 -2.516827724e-04  8.430098382e-03
3 6 -1.102820917e-02  4.821131828e-03
3 7 -9.255957318e-03 -2.545207343e-03
3 8 -5.584667762e-03 -5.269705019e-03
3 9 -3.192228689e-03 -5.452334078e-03
4 0 -2.162407651e-02  6.076442222e-02
4 1  5.714302807e-02 -1.124027948e-01
4 2  8.854159117e-02  1.627209717e-01
4 3  4.094757054e-02 -2.176801515e-01
4 4 -5.018569138e-02  4.350535321e-18
4 5 -7.936836992e-03 -1.377318365e-02
4 6  2.713089633e-03  6.203709069e-04
4 7 -1.182917544e-03  6.257855185e-03
4 8 -4.832278815e-03  6.007492946e-03
4 9 -6.072457236e-03  4.860568458e-03
5 0  6.013146459e-02  2.873078405e-03
5 1 -7.408074774e-02  1.212281956e-02
5 2  1.617472080e-01 -5.978534840e-02
5 3  4.173340192e-03  1.397857631e-01
5 4  1.581494002e-01 -2.744444337e-01
5 5 -4.164368297e-02 -4.714138215e-17
5 6 -1.288406312e-02 -1.210985338e-02
5 7 -9.709211315e-04 -6.922793983e-03
5 8  1.706885247e-03 -2.364416752e-03
5 9  1.866612676e-03  9.433168693e-05
6 0  8.486941711e-03 -4.715457782e-02
6 1  1.920623309e-02  7.745093557e-02
6 2 -1.163195140e-02 -9.908165912e-02
6 3  1.828669802e-01  7.994279083e-02
6 4 -5.406101935e-02  1.236150962e-02
6 5  3.093881760e-01 -2.907968873e-01
6 6 -3.410057611e-02 -9.742746368e-17
6 7 -1.283194036e-02 -6.422015474e-03
6 8 -7.027571301e-03 -7.395412550e-03
6 9 -4.198669487e-03 -6.494287945e-03
7 0 -2.887511270e-02 -2.627110705e-02
7 1  6.694969333e-02  3.155062454e-02
7 2 -6.704653415e-02 -1.541310157e-02
7 3  1.534799475e-01 -4.220398559e-02
7 4  2.357081295e-02  1.246940116e-01
7 5  2.331496789e-02 -1.662387543e-01
7 6  3.762968789e-01 -1.883257178e-01
7 7 -3.058308676e-02 -6.306438920e-19
7 8 -1.663043874e-02 -4.657925944e-03
7 9 -1.266594944e-02 -5.613236108e-03
8 0 -3.463516125e-02 -2.086847285e-03
8 1  6.625268055e-02 -8.853905567e-03
8 2 -5.359324485e-02  3.656784398e-02
8 3  9.260355091e-02 -8.738091822e-02
8 4  9.628797934e-02  1.197052941e-01
8 5 -4.098785518e-02 -5.677732091e-02
8 6  2.060836532e-01 -2.168706044e-01
8 7  5.437789477e-01 -1.523039836e-01
8 8 -2.162826681e-02  1.395081137e-16
8 9 -1.193112369e-02 -1.136106314e-03
9 0 -3.051883943e-02  9.550881126e-03
9 1  5.431536982e-02 -2.564365137e-02
9 2 -3.494889683e-02  5.408577977e-02
9 3  5.293273021e-02 -9.040922718e-02
9 4  1.209997724e-01  9.685167872e-02
9 5 -4.482342921e-02  2.265209996e-03
9 6  1.231260573e-01 -1.904451093e-01
9 7  4.141488246e-01 -1.835405350e-01
9 8  5.516449280e-01 -5.252877281e-02
9 9 -1.734932089e-02 -1.013735136e-16
0 0 -8.714356419e+00  1.889278037e-15
0 1 -8.387289371e-01  6.231990219e-01
0 2  1.503379981e+00 -6.621305285e-01
0 3 -1.199555271e-01  5.194647174e-01
0 4 -7.225296855e-02 -3.407658880e-01
0 5  2.934975868e-01 -1.974658684e-03
0 6  1.932998265e-02  1.863799355e-01
0 7 -7.899357252e-02  1.191736225e-01
0 8 -9.904521259e-02 -2.237556015e-02
0 9 -8.354726875e-02 -1.209561815e-01
1 0 -8.387289371e-01 -6.231990219e-01
1 1 -1.168407801e+01  7.127890394e-15
1 2 -5.779166391e-01  1.496697622e+00
1 3  2.126766601e+00 -1.577866197e+00
1 4  4.496844611e-01  9.431755600e-01
1 5 -4.956235726e-01 -1.299479364e-01
1 6  1.608698656e-01 -4.209461290e-01
1 7  2.719693082e-01 -1.903833472e-01
1 8  2.376471432e-01  9.512135693e-02
1 9  1.430652737e-01  2.843638959e-01
2 0  1.503379981e+00  6.621305285e-01
2 1 -5.779166391e-01 -1.496697622e+00
2 2 -1.504318164e+01  2.436124440e-14
2 3  2.199759966e-01  2.805153289e+00
2 4  1.964019514e+00 -2.648641862e+00
2 5  1.692150890e+00  6.946695918e-01
2 6 -2.195104248e-01  6.692285175e-01
2 7 -4.123910913e-01  1.634567269e-01
2 8 -1.973608519e-01 -3.177339197e-01
2 9  4.413716809e-02 -5.854535601e-01
3 0 -1.199555271e-01 -5.194647174e-01
3 1  2.126766601e+00  1.577866197e+00
3 2  2.199759966e-01 -2.805153289e+00
3 3 -1.896723968e+01  3.727311091e-14
3 4  1.836500229e+00  4.670291008e+00
3 5  7.627513920e-01 -3.210060772e+00
3 6  2.441944440e+00 -8.408895768e-01
3 7  1.248729659e+00  2.740551631e-01
3 8  3.237220569e-01  5.892898691e-01
3 9 -2.707727736e-01  6.373823406e-01
4 0 -7.225296855e-02  3.407658880e-01
4 1  4.496844611e-01 -9.431755600e-01
4 2  1.964019514e+00  2.648641862e+00
4 3  1.836500229e+00 -4.670291008e+00
4 4 -2.360914538e+01  5.647261255e-14
4 5  5.196791736e+00  7.269700962e+00
4 6 -5.955374216e-01 -2.492499090e+00
4 7  3.147081454e-01 -1.738229986e+00
4 8  1.292597200e+00 -1.169613112e+00
4 9  2.022768516e+00 -7.201987154e-01
5 0  2.934975868e-01  1.974658684e-03
5 1 -4.956235726e-01  1.299479364e-01
5 2  1.692150890e+00 -6.946695918e-01
5 3  7.627513920e-01  3.210060772e+00
5 4  5.196791736e+00 -7.269700962e+00
5 5 -2.971944223e+01  8.138723731e-14
5 6  9.779976070e+00  8.304183283e+00
5 7 -3.327343523e-02  1.763100103e+00
5 8 -6.964279107e-01 -1.262489265e+00
5 9 -2.104453843e-01 -3.063602899e+00
6 0  1.932998265e-02 -1.863799355e-01
6 1  1.608698656e-01  4.209461290e-01
6 2 -2.195104248e-01 -6.692285175e-01
6 3  2.441944440e+00  8.408895768e-01
6 4 -5.955374216e-01  2.492499090e+00
6 5  9.779976070e+00 -8.304183283e+00
6 6 -3.532179824e+01  1.259206975e-13
6 7  1.118466911e+01  4.812681979e+00
6 8  1.737133063e+00  2.280118444e+00
6 9 -6.788844461e-01  5.921684506e-01
7 0 -7.899357252e-02 -1.191736225e-01
7 1  2.719693082e-01  1.903833472e-01
7 2 -4.123910913e-01 -1.634567269e-01
7 3  1.248729659e+00 -2.740551631e-01
7 4  3.147081454e-01  1.738229986e+00
7 5 -3.327343523e-02 -1.763100103e+00
7 6  1.118466911e+01 -4.812681979e+00
7 7 -4.859264042e+01 -1.394914059e-13
7 8  2.104244804e+01  5.155580316e+00
7 9  7.042135438e+00  4.090002981e+00
8 0 -9.904521259e-02  2.237556015e-02
8 1  2.376471432e-01 -9.512135693e-02
8 2 -1.973608519e-01  3.177339197e-01
8 3  3.237220569e-01 -5.892898691e-01
8 4  1.292597200e+00  1.169613112e+00
8 5 -6.964279107e-01  1.262489265e+00
8 6  1.737133063e+00 -2.280118444e+00
8 7  2.104244804e+01 -5.155580316e+00
8 8 -6.393512235e+01 -5.622442635e-13
8 9  3.179634128e+01  3.027713484e+00
9 0 -8.354726875e-02  1.209561815e-01
9 1  1.430652737e-01 -2.843638959e-01
9 2  4.413716809e-02  5.854535601e-01
9 3 -2.707727736e-01 -6.373823406e-01
9 4  2.022768516e+00  7.201987154e-01
9 5 -2.104453843e-01  3.063602899e+00
9 6 -6.788844461e-01 -5.921684506e-01
9 7  7.042135438e+00 -4.090002981e+00
9 8  3.179634128e+01 -3.027713484e+00
9 9 -5.763914370e+01  3.367902730e-13
0  8.779593298e-02  7.583290153e-03 -1.650794460e-01 -4.605094168e-02
1  1.412951917e-01  1.240439487e-02  1.787844811e-01  9.652720758e-02
2  1.872378754e-01  1.529372441e-02 -1.390907391e-01 -1.610797604e-01
3  2.344915315e-01  1.987849431e-02  3.128443639e-02  2.120045981e-01
4  2.795164123e-01  2.172802989e-02  1.346426822e-01 -1.626746555e-01
5  3.086017273e-01  2.365983728e-02 -1.945382629e-01 -6.089329621e-02
6  3.239051386e-01  2.469738551e-02 -6.734247358e-02  1.820284647e-01
7  3.542606587e-01  2.591798718e-02  1.080500722e-01  1.482694259e-01
8  3.440082561e-01  2.561452719e-02  1.632115220e-01  5.009561791e-02
9  3.326804474e-01  3.840343745e-02  1.588298122e-01 -7.204896536e-03
