10 100
  0        7.031216e-08       -2.968771e-01  1       -2.183893e-03
  1        1.306525e-07        3.221097e-01  0       -3.970501e-03
  2        5.046700e-08        5.614333e-01  0       -2.321293e-03
  3        3.349846e-07       -2.271374e-02  0       -3.902340e-03
  4        7.980066e-07        1.131198e+00  0       -2.037386e-03
  5        1.621005e-07       -2.143235e+00  1       -2.773881e-03
  6        7.928700e-08        2.593587e+00  0        3.754804e-02
  7        1.025135e-04        1.295188e+00  1        2.195563e-06
  8        5.136133e-05        1.415567e+00  1       -4.178703e-05
  9        4.496027e-05        1.783994e+00  0        1.374270e-04
  0    0       -4.039494e-07       -7.859797e-05
  0    1       -1.526212e-07       -1.567308e-07
  0    2       -2.150835e-07       -6.031844e-06
  0    3       -2.867274e-07       -8.522141e-08
  0    4       -8.794742e-08       -1.932552e-06
  0    5       -3.869237e-07       -2.632399e-07
  0    6       -1.265152e-08       -7.420966e-07
  0    7       -4.267245e-07       -3.521068e-07
  0    8       -5.965569e-09       -2.681354e-07
  0    9       -3.960468e-07       -3.645910e-07
  0   10       -6.665415e-08       -7.130411e-08
  0   11       -3.063711e-07       -3.256658e-07
  0   12       -1.731247e-07       -5.818413e-09
  0   13       -1.873026e-07       -2.580427e-07
  0   14       -2.899557e-07       -4.668577e-09
  0   15       -7.705219e-08       -1.810300e-07
  0   16       -3.791890e-07       -3.017342e-08
  0   17       -1.019946e-08       -1.096300e-07
  0   18       -4.123865e-07       -5.962367e-08
  0   19       -6.772977e-09       -5.373769e-08
  0   20       -3.794848e-07       -8.027188e-08
  0   21       -6.615838e-08       -1.789457e-08
  0   22       -2.916320e-07       -8.688500e-08
  0   23       -1.677149e-07       -1.791551e-09
  0   24       -1.771951e-07       -7.980754e-08
  0   25       -2.777782e-07       -1.450535e-09
  0   26       -7.235173e-08       -6.299262e-08
  0   27       -3.606729e-07       -1.083111e-08
  0   28       -9.395136e-09       -4.202419e-08
  0   29       -3.901181e-07       -2.352038e-08
  0   30       -6.551586e-09       -2.235544e-08
  0   31       -3.573644e-07       -3.417012e-08
  0   32       -6.253088e-08       -8.005424e-09
  0   33       -2.735419e-07       -3.943102e-08
  0   34       -1.574330e-07       -8.717896e-10
  0   35       -1.656163e-07       -3.826864e-08
  0   36       -2.595531e-07       -6.841174e-10
  0   37       -6.741820e-08       -3.169400e-08
  0   38       -3.357523e-07       -5.489435e-09
  0   39       -8.742081e-09       -2.206680e-08
  0   40       -3.619886e-07       -1.246216e-08
  0   41       -6.041612e-09       -1.220376e-08
  0   42       -3.306521e-07       -1.878897e-08
  0   43       -5.763197e-08       -4.537071e-09
  0   44       -2.524732e-07       -2.239910e-08
  0   45       -1.447822e-07       -5.202961e-10
  0   46       -1.525668e-07       -2.238200e-08
  0   47       -2.381631e-07       -3.909711e-10
  0   48       -6.205947e-08       -1.903452e-08
  0   49       -3.074316e-07       -3.294854e-09
  0   50       -8.094144e-09       -1.358097e-08
  0   51       -3.308155e-07       -7.684984e-09
  0   52       -5.429262e-09       -7.687248e-09
  0   53       -3.016684e-07       -1.185011e-08
  0   54       -5.222922e-08       -2.926874e-09
  0   55       -2.300337e-07       -1.441302e-08
  0   56       -1.312249e-07       -3.487114e-10
  0   57       -1.389033e-07       -1.466831e-08
  0   58       -2.156845e-07       -2.496028e-10
  0   59       -5.654341e-08       -1.268872e-08
  0   60       -2.781382e-07       -2.187251e-09
  0   61       -7.445583e-09       -9.200438e-09
  0   62       -2.990110e-07       -5.199271e-09
  0   63       -4.800562e-09       -5.290675e-09
  0   64       -2.724559e-07       -8.142134e-09
  0   65       -4.679770e-08       -2.049161e-09
  0   66       -2.076638e-07       -1.004089e-08
  0   67       -1.177639e-07       -2.518762e-10
  0   68       -1.254162e-07       -1.034999e-08
  0   69       -1.935962e-07       -1.712529e-10
  0   70       -5.114544e-08       -9.061570e-09
  0   71       -2.496176e-07       -1.552484e-09
  0   72       -6.814540e-09       -6.647168e-09
  0   73       -2.683027e-07       -3.744564e-09
  0   74       -4.201244e-09       -3.867390e-09
  0   75       -2.444627e-07       -5.932130e-09
  0   76       -4.163000e-08       -1.517960e-09
  0   77       -1.863729e-07       -7.391031e-09
  0   78       -1.050322e-07       -1.916966e-10
  0   79       -1.126550e-07       -7.691532e-09
  0   80       -1.728282e-07       -1.235898e-10
  0   81       -4.606026e-08       -6.795474e-09
  0   82       -2.229516e-07       -1.155775e-09
  0   83       -6.218238e-09       -5.029405e-09
  0   84       -2.397398e-07       -2.821170e-09
  0   85       -3.654082e-09       -2.953150e-09
  0   86       -2.185480e-07       -4.510308e-09
  0   87       -3.688467e-08       -1.171857e-09
  0   88       -1.667450e-07       -5.665009e-09
  0   89       -9.337073e-08       -1.516320e-10
  0   90       -1.009308e-07       -5.939663e-09
  0   91       -1.538689e-07       -9.259019e-11
  0   92       -4.139686e-08       -5.285553e-09
  0   93       -1.986891e-07       -8.917363e-10
  0   94       -5.667586e-09       -3.939910e-09
  0   95       -2.138329e-07       -2.199025e-09
  0   96       -3.167814e-09       -2.330915e-09
  0   97       -1.951096e-07       -3.542313e-09
  0   98       -3.262709e-08       -9.336325e-10
  0   99       -1.490357e-07       -4.478599e-09
  1    0       -1.643092e-06       -1.487791e-04
  1    1       -3.075818e-07       -4.558954e-05
  1    2       -7.673184e-07       -1.356122e-06
  1    3       -1.281288e-06       -1.548469e-05
  1    4       -1.062693e-08       -2.237622e-06
  1    5       -1.436096e-06       -2.982412e-06
  1    6       -5.176091e-07       -4.338366e-06
  1    7       -4.912388e-07       -5.600669e-10
  1    8       -1.441822e-06       -2.639592e-06
  1    9       -1.651205e-08       -9.871388e-07
  1   10       -1.231219e-06       -4.877151e-07
  1   11       -7.996626e-07       -1.608766e-06
  1   12       -2.396468e-07       -4.912856e-08
  1   13       -1.513568e-06       -8.870554e-07
  1   14       -1.308239e-07       -6.407995e-07
  1   15       -9.546891e-07       -9.161410e-08
  1   16       -1.073131e-06       -8.143462e-07
  1   17       -6.670461e-08       -1.035144e-07
  1   18       -1.467095e-06       -3.542039e-07
  1   19       -3.360870e-07       -4.635730e-07
  1   20       -6.503740e-07       -7.858478e-09
  1   21       -1.288447e-06       -4.582479e-07
  1   22       -3.593093e-10       -1.352138e-07
  1   23       -1.308456e-06       -1.412646e-07
  1   24       -5.955306e-07       -3.457404e-07
  1   25       -3.670528e-07       -2.026620e-09
  1   26       -1.409313e-06       -2.642277e-07
  1   27       -4.718193e-08       -1.483696e-07
  1   28       -1.064370e-06       -4.867630e-08
  1   29       -8.632757e-07       -2.571197e-07
  1   30       -1.480142e-07       -1.787576e-08
  1   31       -1.417041e-06       -1.485371e-07
  1   32       -1.933394e-07       -1.478210e-07
  1   33       -7.751836e-07       -1.082141e-08
  1   34       -1.093389e-06       -1.869453e-07
  1   35       -2.349768e-08       -3.726583e-08
  1   36       -1.312742e-06       -7.768016e-08
  1   37       -4.083704e-07       -1.375283e-07
  1   38       -4.868005e-07       -1.951536e-10
  1   39       -1.248113e-06       -1.307778e-07
  1   40       -6.100757e-09       -5.343984e-08
  1   41       -1.115993e-06       -3.532660e-08
  1   42       -6.515662e-07       -1.207975e-07
  1   43       -2.423288e-07       -3.133885e-09
  1   44       -1.304022e-06       -8.649673e-08
  1   45       -8.969677e-08       -6.395064e-08
  1   46       -8.603496e-07       -1.210690e-08
  1   47       -8.796971e-07       -1.004549e-07
  1   48       -7.487229e-08       -1.201421e-08
  1   49       -1.255159e-06       -5.279816e-08
  1   50       -2.517632e-07       -6.832002e-08
  1   51       -5.867234e-07       -1.872544e-09
  1   52       -1.054586e-06       -7.889944e-08
  1   53       -2.652714e-09       -2.230876e-08
  1   54       -1.112862e-06       -2.856800e-08
  1   55       -4.583935e-07       -6.709493e-08
  1   56       -3.360164e-07       -1.759955e-10
  1   57       -1.149183e-06       -5.809246e-08
  1   58       -2.711182e-08       -3.132555e-08
  1   59       -9.026188e-07       -1.262564e-08
  1   60       -6.708447e-07       -6.137771e-08
  1   61       -1.423812e-07       -3.620456e-09
  1   62       -1.151215e-06       -3.952916e-08
  1   63       -1.340354e-07       -3.759470e-08
  1   64       -6.587861e-07       -3.647634e-09
  1   65       -8.523249e-07       -5.253761e-08
  1   66       -2.821505e-08       -9.577650e-09
  1   67       -1.064023e-06       -2.422086e-08
  1   68       -2.971971e-07       -4.051920e-08
  1   69       -4.183063e-07       -1.872085e-10
  1   70       -9.738309e-07       -4.200501e-08
  1   71       -1.564214e-09       -1.606292e-08
  1   72       -9.047266e-07       -1.270151e-08
  1   73       -4.836423e-07       -4.013591e-08
  1   74       -2.145822e-07       -7.442554e-10
  1   75       -1.018154e-06       -3.111547e-08
  1   76       -5.611706e-08       -2.167074e-08
  1   77       -7.003156e-07       -5.064114e-09
  1   78       -6.595569e-07       -3.692427e-08
  1   79       -7.250926e-08       -3.857143e-09
  1   80       -9.815863e-07       -2.099459e-08
  1   81       -1.735106e-07       -2.552398e-08
  1   82       -4.825287e-07       -1.025622e-09
  1   83       -7.956993e-07       -3.163916e-08
  1   84       -5.349757e-09       -8.196071e-09
  1   85       -8.733061e-07       -1.248221e-08
  1   86       -3.273255e-07       -2.721529e-08
  1   87       -2.824737e-07       -1.470274e-11
  1   88       -8.715700e-07       -2.516223e-08
  1   89       -1.375013e-08       -1.264332e-08
  1   90       -7.127797e-07       -6.095414e-09
  1   91       -4.879507e-07       -2.673285e-08
  1   92       -1.258774e-07       -1.273457e-09
  1   93       -8.777937e-07       -1.837377e-08
  1   94       -8.682426e-08       -1.635040e-08
  1   95       -5.258185e-07       -2.028510e-09
  1   96       -6.274573e-07       -2.437102e-08
  1   97       -2.963885e-08       -3.962937e-09
  1   98       -8.165368e-07       -1.204959e-08
  1   99       -2.049104e-07       -1.876663e-08
  2    0       -6.825918e-08       -5.917251e-06
  2    1       -7.892078e-08       -2.404273e-06
  2    2       -1.013594e-08       -4.784151e-07
  2    3       -2.221973e-08       -8.018595e-09
  2    4       -8.488834e-08       -2.495697e-07
  2    5       -5.124232e-08       -2.277125e-07
  2    6       -1.323060e-12       -3.026519e-08
  2    7       -5.030161e-08       -2.519926e-08
  2    8       -8.435047e-08       -1.001956e-07
  2    9       -2.280511e-08       -5.827453e-08
  2   10       -8.982194e-09       -6.493504e-10
  2   11       -7.446149e-08       -2.899673e-08
  2   12       -6.638604e-08       -5.042249e-08
  2   13       -3.660912e-09       -1.533085e-08
  2   14       -3.192993e-08       -2.010753e-09
  2   15       -8.460095e-08       -2.639035e-08
  2   16       -3.892730e-08       -2.499764e-08
  2   17       -1.233665e-09       -2.383982e-09
  2   18       -5.845606e-08       -6.638009e-09
  2   19       -7.669417e-08       -2.071843e-08
  2   20       -1.359149e-08       -1.072912e-08
  2   21       -1.568030e-08       -8.389433e-12
  2   22       -7.700541e-08       -9.616782e-09
  2   23       -5.443310e-08       -1.412488e-08
  2   24       -6.184505e-10       -3.290637e-09
  2   25       -3.997297e-08       -1.467590e-09
  2   26       -7.980798e-08       -1.015561e-08
  2   27       -2.738151e-08       -8.117275e-09
  2   28       -4.549074e-09       -3.499913e-10
  2   29       -6.318434e-08       -3.679475e-09
  2   30       -6.603901e-08       -8.722714e-09
  2   31       -6.644631e-09       -3.618244e-09
  2   32       -2.255174e-08       -1.505763e-10
  2   33       -7.532755e-08       -5.182467e-09
  2   34       -4.184086e-08       -6.219589e-09
  2   35       -7.922327e-11       -9.724328e-10
  2   36       -4.600584e-08       -1.248867e-09
  2   37       -7.154752e-08       -5.480134e-09
  2   38       -1.735475e-08       -3.570996e-09
  2   39       -9.155176e-09       -2.539555e-11
  2   40       -6.447428e-08       -2.547012e-09
  2   41       -5.388121e-08       -4.693261e-09
  2   42       -2.220766e-09       -1.476399e-09
  2   43       -2.872459e-08       -2.828026e-10
  2   44       -7.020574e-08       -3.360623e-09
  2   45       -2.998249e-08       -3.278224e-09
  2   46       -1.575764e-09       -2.881869e-10
  2   47       -4.960612e-08       -1.113026e-09
  2   48       -6.120587e-08       -3.427301e-09
  2   49       -9.562324e-09       -1.778579e-09
  2   50       -1.421940e-08       -7.655893e-12
  2   51       -6.268743e-08       -1.940668e-09
  2   52       -4.167607e-08       -2.833783e-09
  2   53       -2.177334e-10       -6.327031e-10
  2   54       -3.356436e-08       -3.744659e-10
  2   55       -6.270076e-08       -2.384361e-09
  2   56       -1.983307e-08       -1.881075e-09
  2   57       -4.450807e-09       -6.373296e-11
  2   58       -5.075733e-08       -1.007794e-09
  2   59       -5.011419e-08       -2.312340e-09
  2   60       -4.227651e-09       -9.282818e-10
  2   61       -1.902887e-08       -6.026049e-11
  2   62       -5.849500e-08       -1.550515e-09
  2   63       -3.050262e-08       -1.815514e-09
  2   64       -2.152371e-10       -2.590755e-10
  2   65       -3.676009e-08       -4.331513e-10
  2   66       -5.389578e-08       -1.774726e-09
  2   67       -1.186773e-08       -1.121083e-09
  2   68       -8.024871e-09       -3.140147e-12
  2   69       -4.974895e-08       -9.158864e-10
  2   70       -3.932282e-08       -1.624858e-09
  2   71       -1.184015e-09       -4.834178e-10
  2   72       -2.308465e-08       -1.244615e-10
  2   73       -5.266839e-08       -1.269040e-09
  2   74       -2.099639e-08       -1.197080e-09
  2   75       -1.652433e-09       -8.975295e-11
  2   76       -3.827562e-08       -4.667426e-10
  2   77       -4.470988e-08       -1.355129e-09
  2   78       -6.154462e-09       -6.733962e-10
  2   79       -1.172005e-08       -7.552165e-12
  2   80       -4.702763e-08       -8.304426e-10
  2   81       -2.953368e-08       -1.165096e-09
  2   82       -4.276284e-11       -2.399804e-10
  2   83       -2.610862e-08       -1.828539e-10
  2   84       -4.592715e-08       -1.050291e-09
  2   85       -1.341564e-08       -7.962869e-10
  2   86       -3.968664e-09       -1.948341e-11
  2   87       -3.825879e-08       -4.810017e-10
  2   88       -3.582577e-08       -1.047157e-09
  2   89       -2.498608e-09       -3.976986e-10
  2   90       -1.511034e-08       -3.768632e-11
  2   91       -4.307868e-08       -7.486118e-10
  2   92       -2.113529e-08       -8.409001e-10
  2   93       -3.349539e-10       -1.066475e-10
  2   94       -2.800280e-08       -2.301584e-10
  2   95       -3.886443e-08       -8.718670e-10
  2   96       -7.753201e-09       -5.260782e-10
  2   97       -6.681726e-09       -1.913489e-13
  2   98       -3.695611e-08       -4.801298e-10
  2   99       -2.769514e-08       -8.113207e-10
  3    0       -3.703560e-06       -1.355998e-04
  3    1       -7.749869e-06       -1.243812e-04
  3    2       -6.887504e-06       -6.700473e-05
  3    3       -2.309287e-06       -2.100467e-05
  3    4       -1.617585e-08       -1.374250e-06
  3    5       -2.963687e-06       -1.992426e-06
  3    6       -7.238294e-06       -7.855719e-06
  3    7       -7.224110e-06       -8.760222e-06
  3    8       -2.951973e-06       -4.576090e-06
  3    9       -1.787102e-08       -6.347340e-07
  3   10       -2.230849e-06       -3.093924e-07
  3   11       -6.648763e-06       -2.239528e-06
  3   12       -7.470225e-06       -3.218520e-06
  3   13       -3.631660e-06       -2.104274e-06
  3   14       -1.579949e-07       -4.459873e-07
  3   15       -1.554281e-06       -5.779107e-08
  3   16       -5.933121e-06       -9.197876e-07
  3   17       -7.535398e-06       -1.616985e-06
  3   18       -4.276570e-06       -1.250563e-06
  3   19       -4.262049e-07       -3.587837e-07
  3   20       -9.769625e-07       -5.648849e-09
  3   21       -5.132943e-06       -4.376906e-07
  3   22       -7.413327e-06       -9.393320e-07
  3   23       -4.844480e-06       -8.414333e-07
  3   24       -7.990357e-07       -3.061205e-07
  3   25       -5.251510e-07       -6.983672e-10
  3   26       -4.294098e-06       -2.210818e-07
  3   27       -7.116291e-06       -5.900631e-07
  3   28       -5.304026e-06       -6.067729e-07
  3   29       -1.246268e-06       -2.688590e-07
  3   30       -2.123512e-07       -8.975007e-09
  3   31       -3.460768e-06       -1.124446e-07
  3   32       -6.667889e-06       -3.872702e-07
  3   33       -5.634012e-06       -4.560059e-07
  3   34       -1.734726e-06       -2.396275e-07
  3   35       -4.064930e-08       -2.049171e-08
  3   36       -2.671970e-06       -5.495076e-08
  3   37       -6.099010e-06       -2.600712e-07
  3   38       -5.823424e-06       -3.513774e-07
  3   39       -2.231473e-06       -2.150565e-07
  3   40       -2.377698e-09       -3.185537e-08
  3   41       -1.959281e-06       -2.424908e-08
  3   42       -5.444324e-06       -1.760960e-07
  3   43       -5.870780e-06       -2.747164e-07
  3   44       -2.706369e-06       -1.934347e-07
  3   45       -8.226011e-08       -4.185127e-08
  3   46       -1.345692e-06       -8.564353e-09
  3   47       -4.739202e-06       -1.187899e-07
  3   48       -5.782831e-06       -2.163299e-07
  3   49       -3.133880e-06       -1.738362e-07
  3   50       -2.597749e-07       -5.007589e-08
  3   51       -8.454312e-07       -1.663348e-09
  3   52       -4.017228e-06       -7.892512e-08
  3   53       -5.572841e-06       -1.706276e-07
  3   54       -3.494129e-06       -1.557444e-07
  3   55       -5.114568e-07       -5.645329e-08
  3   56       -4.645447e-07       -4.865225e-12
  3   57       -3.308387e-06       -5.099241e-08
  3   58       -5.258729e-06       -1.341782e-07
  3   59       -3.773280e-06       -1.388706e-07
  3   60       -8.129299e-07       -6.104720e-08
  3   61       -2.019749e-07       -1.460245e-09
  3   62       -2.637914e-06       -3.150921e-08
  3   63       -4.861261e-06       -1.047632e-07
  3   64       -3.963395e-06       -1.230590e-07
  3   65       -1.140559e-06       -6.398303e-08
  3   66       -5.090010e-08       -4.690894e-09
  3   67       -2.025721e-06       -1.816396e-08
  3   68       -4.402448e-06       -8.088058e-08
  3   69       -4.061926e-06       -1.082328e-07
  3   70       -1.472685e-06       -6.541365e-08
  3   71       -1.521914e-10       -8.825193e-09
  3   72       -1.486296e-06       -9.355533e-09
  3   73       -3.904211e-06       -6.146994e-08
  3   74       -4.070967e-06       -9.436256e-08
  3   75       -1.790456e-06       -6.550373e-08
  3   76       -3.558115e-08       -1.328154e-08
  3   77       -1.028935e-06       -3.932620e-09
  3   78       -3.387335e-06       -4.575193e-08
  3   79       -3.996409e-06       -8.144556e-08
  3   80       -2.078319e-06       -6.442207e-08
  3   81       -1.412836e-07       -1.766685e-08
  3   82       -6.582109e-07       -1.040025e-09
  3   83       -2.870714e-06       -3.313134e-08
  3   84       -3.847050e-06       -6.949283e-08
  3   85       -2.324223e-06       -6.233748e-08
  3   86       -3.006549e-07       -2.171594e-08
  3   87       -3.745723e-07       -2.471692e-11
  3   88       -2.370833e-06       -2.313659e-08
  3   89       -3.633764e-06       -5.852021e-08
  3   90       -2.519599e-06       -5.941619e-08
  3   91       -4.972509e-07       -2.525378e-08
  3   92       -1.750134e-07       -3.767303e-10
  3   93       -1.901473e-06       -1.538101e-08
  3   94       -3.368715e-06       -4.854223e-08
  3   95       -2.659193e-06       -5.581997e-08
  3   96       -7.154645e-07       -2.817128e-08
  3   97       -5.375464e-08       -1.690995e-09
  3   98       -1.473580e-06       -9.537799e-09
  3   99       -3.064686e-06       -3.956800e-08
  4    0       -6.612409e-06       -1.712904e-04
  4    1       -1.780112e-05       -1.864958e-04
  4    2       -2.594186e-05       -1.449601e-04
  4    3       -2.555177e-05       -9.328066e-05
  4    4       -1.694613e-05       -4.759228e-05
  4    5       -5.997151e-06       -1.659281e-05
  4    6       -1.232270e-07       -2.136185e-06
  4    7       -3.248862e-06       -4.992027e-07
  4    8       -1.316506e-05       -5.154256e-06
  4    9       -2.306996e-05       -9.939425e-06
  4   10       -2.621698e-05       -1.131422e-05
  4   11       -2.049166e-05       -8.954301e-06
  4   12       -9.809423e-06       -4.794036e-06
  4   13       -1.409924e-06       -1.305838e-06
  4   14       -9.194213e-07       -2.351555e-09
  4   15       -8.552405e-06       -8.373224e-07
  4   16       -1.901918e-05       -2.595010e-06
  4   17       -2.516533e-05       -3.835708e-06
  4   18       -2.283616e-05       -3.762898e-06
  4   19       -1.365487e-05       -2.547244e-06
  4   20       -3.855914e-06       -1.031354e-06
  4   21       -1.094276e-08       -1.001034e-07
  4   22       -4.580841e-06       -1.406724e-07
  4   23       -1.430731e-05       -8.921284e-07
  4   24       -2.249415e-05       -1.708363e-06
  4   25       -2.358041e-05       -2.011652e-06
  4   26       -1.687922e-05       -1.635435e-06
  4   27       -6.967028e-06       -8.658076e-07
  4   28       -5.118251e-07       -1.996898e-07
  4   29       -1.739975e-06       -6.551792e-09
  4   30       -9.625929e-06       -3.141930e-07
  4   31       -1.867355e-05       -8.344988e-07
  4   32       -2.269993e-05       -1.183021e-06
  4   33       -1.901528e-05       -1.132262e-06
  4   34       -1.017184e-05       -7.367110e-07
  4   35       -2.146759e-06       -2.661586e-07
  4   36       -2.512171e-07       -1.060858e-08
  4   37       -5.566852e-06       -9.354141e-08
  4   38       -1.430092e-05       -4.104701e-07
  4   39       -2.043685e-05       -7.186900e-07
  4   40       -1.982838e-05       -8.060715e-07
  4   41       -1.295074e-05       -6.238702e-07
  4   42       -4.484258e-06       -3.024524e-07
  4   43       -7.745616e-08       -5.089104e-08
  4   44       -2.528070e-06       -1.523950e-08
  4   45       -9.964150e-06       -1.899105e-07
  4   46       -1.720513e-05       -4.343214e-07
  4   47       -1.931720e-05       -5.750790e-07
  4   48       -1.492321e-05       -5.208002e-07
  4   49       -7.047352e-06       -3.145872e-07
  4   50       -9.829344e-07       -9.535033e-08
  4   51       -6.846664e-07       -1.602738e-10
  4   52       -6.143910e-06       -7.532169e-08
  4   53       -1.348741e-05       -2.530510e-07
  4   54       -1.766913e-05       -4.039654e-07
  4   55       -1.588574e-05       -4.257839e-07
  4   56       -9.404788e-06       -3.080513e-07
  4   57       -2.616038e-06       -1.325270e-07
  4   58       -9.948676e-09       -1.345893e-08
  4   59       -3.161901e-06       -2.072844e-08
  4   60       -9.746355e-06       -1.370882e-07
  4   61       -1.519286e-05       -2.751189e-07
  4   62       -1.580757e-05       -3.389571e-07
  4   63       -1.122954e-05       -2.876199e-07
  4   64       -4.590141e-06       -1.584440e-07
  4   65       -3.258513e-07       -3.778703e-08
  4   66       -1.170228e-06       -1.381996e-09
  4   67       -6.363281e-06       -6.522886e-08
  4   68       -1.224878e-05       -1.785730e-07
  4   69       -1.479884e-05       -2.611159e-07
  4   70       -1.232414e-05       -2.575021e-07
  4   71       -6.547626e-06       -1.723373e-07
  4   72       -1.363140e-06       -6.383247e-08
  4   73       -1.698472e-07       -2.531345e-09
  4   74       -3.605873e-06       -2.415787e-08
  4   75       -9.190461e-06       -1.079113e-07
  4   76       -1.306613e-05       -1.931436e-07
  4   77       -1.261954e-05       -2.214314e-07
  4   78       -8.201809e-06       -1.750188e-07
  4   79       -2.817926e-06       -8.648623e-08
  4   80       -4.506507e-08       -1.471753e-08
  4   81       -1.620210e-06       -4.693379e-09
  4   82       -6.322484e-06       -5.843108e-08
  4   83       -1.086647e-05       -1.357113e-07
  4   84       -1.215672e-05       -1.826838e-07
  4   85       -9.357836e-06       -1.681359e-07
  4   86       -4.397294e-06       -1.031001e-07
  4   87       -6.036778e-07       -3.161080e-08
  4   88       -4.401837e-07       -4.233752e-11
  4   89       -3.875321e-06       -2.627856e-08
  4   90       -8.466773e-06       -8.912175e-08
  4   91       -1.105906e-05       -1.440552e-07
  4   92       -9.916595e-06       -1.537699e-07
  4   93       -5.851538e-06       -1.125996e-07
  4   94       -1.615708e-06       -4.893522e-08
  4   95       -7.532923e-09       -4.953421e-09
  4   96       -1.994946e-06       -8.046787e-09
  4   97       -6.111982e-06       -5.324343e-08
  4   98       -9.501846e-06       -1.078249e-07
  4   99       -9.866472e-06       -1.341763e-07
  5    0       -1.388453e-07       -2.689390e-06
  5    1       -4.197386e-07       -2.767649e-06
  5    2       -7.469094e-07       -2.455097e-06
  5    3       -1.010239e-06       -2.018927e-06
  5    4       -1.121430e-06       -1.535995e-06
  5    5       -1.043675e-06       -1.066611e-06
  5    6       -8.038216e-07       -6.589028e-07
  5    7       -4.829634e-07       -3.445260e-07
  5    8       -1.887632e-07       -1.360850e-07
  5    9       -1.898881e-08       -2.792426e-08
  5   10       -2.867029e-08       -1.038202e-10
  5   11       -2.119588e-07       -2.450591e-08
  5   12       -5.046894e-07       -7.160832e-08
  5   13       -8.065809e-07       -1.164453e-07
  5   14       -1.015366e-06       -1.426094e-07
  5   15       -1.061198e-06       -1.437134e-07
  5   16       -9.297065e-07       -1.223750e-07
  5   17       -6.660968e-07       -8.734587e-08
  5   18       -3.591377e-07       -4.975863e-08
  5   19       -1.107434e-07       -1.953573e-08
  5   20       -1.595634e-09       -2.818997e-09
  5   21       -6.444076e-08       -8.974207e-10
  5   22       -2.739172e-07       -1.066134e-08
  5   23       -5.560529e-07       -2.621168e-08
  5   24       -8.138952e-07       -4.100179e-08
  5   25       -9.603746e-07       -4.983589e-08
  5   26       -9.472359e-07       -5.018258e-08
  5   27       -7.804113e-07       -4.252659e-08
  5   28       -5.169510e-07       -2.978963e-08
  5   29       -2.449185e-07       -1.611199e-08
  5   30       -5.333953e-08       -5.433129e-09
  5   31       -2.477572e-09       -3.139247e-10
  5   32       -1.043709e-07       -1.319709e-09
  5   33       -3.199083e-07       -7.081027e-09
  5   34       -5.730426e-07       -1.493546e-08
  5   35       -7.769922e-07       -2.189169e-08
  5   36       -8.634017e-07       -2.558859e-08
  5   37       -8.046547e-07       -2.495841e-08
  5   38       -6.220680e-07       -2.042235e-08
  5   39       -3.775836e-07       -1.360609e-08
  5   40       -1.521450e-07       -6.710324e-09
  5   41       -1.830015e-08       -1.763680e-09
  5   42       -1.630616e-08       -1.821047e-13
  5   43       -1.415955e-07       -1.542785e-09
  5   44       -3.474769e-07       -5.463645e-09
  5   45       -5.617647e-07       -1.016899e-08
  5   46       -7.114329e-07       -1.396021e-08
  5   47       -7.468806e-07       -1.558048e-08
  5   48       -6.577549e-07       -1.457667e-08
  5   49       -4.753095e-07       -1.137776e-08
  5   50       -2.608866e-07       -7.087649e-09
  5   51       -8.473610e-08       -3.080199e-09
  5   52       -2.471668e-09       -5.396417e-10
  5   53       -3.704540e-08       -9.590741e-11
  5   54       -1.720629e-07       -1.663501e-09
  5   55       -3.583338e-07       -4.520240e-09
  5   56       -5.311073e-07       -7.583692e-09
  5   57       -6.319706e-07       -9.783416e-09
  5   58       -6.280190e-07       -1.040378e-08
  5   59       -5.220218e-07       -9.289903e-09
  5   60       -3.504770e-07       -6.860171e-09
  5   61       -1.705510e-07       -3.933878e-09
  5   62       -4.055169e-08       -1.441254e-09
  5   63       -5.903257e-10       -1.162022e-10
  5   64       -5.983120e-08       -2.714189e-10
  5   65       -1.943570e-07       -1.723014e-09
  5   66       -3.560474e-07       -3.879771e-09
  5   67       -4.892096e-07       -5.958482e-09
  5   68       -5.492302e-07       -7.248621e-09
  5   69       -5.170169e-07       -7.338200e-09
  5   70       -4.045736e-07       -6.230234e-09
  5   71       -2.501241e-07       -4.318404e-09
  5   72       -1.047024e-07       -2.237633e-09
  5   73       -1.489554e-08       -6.447052e-10
  5   74       -7.558988e-09       -3.674082e-12
  5   75       -8.150377e-08       -4.452049e-10
  5   76       -2.087016e-07       -1.741494e-09
  5   77       -3.443328e-07       -3.398862e-09
  5   78       -4.420984e-07       -4.831956e-09
  5   79       -4.695778e-07       -5.558929e-09
  5   80       -4.185554e-07       -5.353206e-09
  5   81       -3.070423e-07       -4.304729e-09
  5   82       -1.725674e-07       -2.775212e-09
  5   83       -5.920428e-08       -1.267069e-09
  5   84       -2.805080e-09       -2.527677e-10
  5   85       -1.937416e-08       -2.196295e-11
  5   86       -1.003368e-07       -5.953517e-10
  5   87       -2.160710e-07       -1.730198e-09
  5   88       -3.263010e-07       -3.011557e-09
  5   89       -3.937202e-07       -3.995604e-09
  5   90       -3.962497e-07       -4.356024e-09
  5   91       -3.339162e-07       -3.985581e-09
  5   92       -2.282263e-07       -3.021694e-09
  5   93       -1.144537e-07       -1.790945e-09
  5   94       -2.958704e-08       -6.941079e-10
  5   95       -4.414384e-11       -7.175078e-11
  5   96       -3.322221e-08       -9.514110e-11
  5   97       -1.155718e-07       -7.170609e-10
  5   98       -2.176527e-07       -1.696156e-09
  5   99       -3.043088e-07       -2.683878e-09
  6    0        7.062705e-07        8.133947e-06
  6    1        2.296847e-06        8.484682e-06
  6    2        4.603330e-06        8.238795e-06
  6    3        7.389542e-06        7.818540e-06
  6    4        1.037113e-05        7.277665e-06
  6    5        1.324495e-05        6.645205e-06
  6    6        1.572036e-05        5.947398e-06
  6    7        1.754895e-05        5.210413e-06
  6    8        1.854970e-05        4.460109e-06
  6    9        1.862682e-05        3.721141e-06
  6   10        1.777856e-05        3.015961e-06
  6   11        1.609617e-05        2.363907e-06
  6   12        1.375328e-05        1.780476e-06
  6   13        1.098696e-05        1.276820e-06
  6   14        8.072516e-06        8.595105e-07
  6   15        5.294829e-06        5.305624e-07
  6   16        2.919294e-06        2.877101e-07
  6   17        1.165309e-06        1.249052e-07
  6   18        1.850451e-07        3.299502e-08
  6   19        4.956679e-08        5.277921e-10
  6   20        7.435384e-07        1.462946e-08
  6   21        2.168853e-06        6.189092e-08
  6   22        4.156579e-06        1.292102e-07
  6   23        6.485771e-06        2.045390e-07
  6   24        8.907042e-06        2.774924e-07
  6   25        1.116836e-05        3.397934e-07
  6   26        1.304035e-05        3.855349e-07
  6   27        1.433864e-05        4.112579e-07
  6   28        1.494094e-05        4.158548e-07
  6   29        1.479739e-05        4.003217e-07
  6   30        1.393343e-05        3.673873e-07
  6   31        1.244486e-05        3.210593e-07
  6   32        1.048624e-05        2.661252e-07
  6   33        8.253614e-06        2.076516e-07
  6   34        5.963851e-06        1.505161e-07
  6   35        3.832463e-06        9.900679e-08
  6   36        2.052391e-06        5.651213e-08
  6   37        7.757125e-07        2.531738e-08
  6   38        1.000357e-07        6.513995e-09
  6   39        6.074795e-08        1.842906e-11
  6   40        6.296764e-07        4.689153e-09
  6   41        1.720065e-06        1.852331e-08
  6   42        3.197144e-06        3.890975e-08
  6   43        4.893050e-06        6.291246e-08
  6   44        6.624459e-06        8.755765e-08
  6   45        8.211108e-06        1.101001e-07
  6   46        9.493347e-06        1.282475e-07
  6   47        1.034703e-05        1.403265e-07
  6   48        1.069441e-05        1.453813e-07
  6   49        1.051005e-05        1.432009e-07
  6   50        9.821465e-06        1.342780e-07
  6   51        8.704505e-06        1.197088e-07
  6   52        7.274247e-06        1.010455e-07
  6   53        5.672341e-06        8.011955e-08
  6   54        4.052256e-06        5.885238e-08
  6   55        2.563897e-06        3.907136e-08
  6   56        1.339137e-06        2.234737e-08
  6   57        4.796300e-07        9.866900e-09
  6   58        4.800182e-08        2.347809e-09
  6   59        6.316173e-08        3.630298e-12
  6   60        5.000306e-07        2.556355e-09
  6   61        1.293553e-06        9.293549e-09
  6   62        2.346450e-06        1.916181e-08
  6   63        3.539816e-06        3.088583e-08
  6   64        4.745439e-06        4.310060e-08
  6   65        5.838582e-06        5.448403e-08
  6   66        6.709966e-06        6.387758e-08
  6   67        7.275835e-06        7.038474e-08
  6   68        7.485182e-06        7.343955e-08
  6   69        7.323550e-06        7.284036e-08
  6   70        6.813150e-06        6.874794e-08
  6   71        6.009433e-06        6.164985e-08
  6   72        4.994546e-06        5.229629e-08
  6   73        3.868448e-06        4.161496e-08
  6   74        2.738590e-06        3.061376e-08
  6   75        1.709242e-06        2.028129e-08
  6   76        8.714867e-07        1.149418e-08
  6   77        2.948331e-07        4.939823e-09
  6   78        2.120808e-08        1.060774e-09
  6   79        6.181975e-08        2.498569e-11
  6   80        3.971010e-07        1.723369e-09
  6   81        9.796341e-07        5.793591e-09
  6   82        1.739673e-06        1.166661e-08
  6   83        2.592642e-06        1.863052e-08
  6   84        3.447824e-06        2.590486e-08
  6   85        4.217351e-06        3.271793e-08
  6   86        4.824632e-06        3.837980e-08
  6   87        5.211403e-06        4.234413e-08
  6   88        5.342787e-06        4.425371e-08
  6   89        5.209914e-06        4.396596e-08
  6   90        4.829951e-06        4.155699e-08
  6   91        4.243599e-06        3.730469e-08
  6   92        3.510406e-06        3.165346e-08
  6   93        2.702390e-06        2.516449e-08
  6   94        1.896665e-06        1.845714e-08
  6   95        1.167802e-06        1.214722e-08
  6   96        5.806731e-07        6.788140e-09
  6   97        1.844600e-07        2.820448e-09
  6   98        8.363670e-09        5.341525e-10
  6   99        5.938131e-08        4.694728e-11
  7    0        2.394563e-05        1.874032e-04
  7    1        7.980090e-05        1.873158e-04
  7    2        1.662608e-04        1.862873e-04
  7    3        2.815825e-04        1.847916e-04
  7    4        4.234597e-04        1.828458e-04
  7    5        5.890724e-04        1.804634e-04
  7    6        7.751533e-04        1.776589e-04
  7    7        9.780627e-04        1.744490e-04
  7    8        1.193873e-03        1.708526e-04
  7    9        1.418454e-03        1.668907e-04
  7   10        1.647569e-03        1.625862e-04
  7   11        1.876960e-03        1.579637e-04
  7   12        2.102437e-03        1.530496e-04
  7   13        2.319965e-03        1.478716e-04
  7   14        2.525740e-03        1.424586e-04
  7   15        2.716258e-03        1.368404e-04
  7   16        2.888375e-03        1.310476e-04
  7   17        3.039359e-03        1.251114e-04
  7   18        3.166928e-03        1.190631e-04
  7   19        3.269279e-03        1.129341e-04
  7   20        3.345103e-03        1.067559e-04
  7   21        3.393593e-03        1.005591e-04
  7   22        3.414438e-03        9.437411e-05
  7   23        3.407811e-03        8.823030e-05
  7   24        3.374343e-03        8.215606e-05
  7   25        3.315095e-03        7.617856e-05
  7   26        3.231518e-03        7.032359e-05
  7   27        3.125413e-03        6.461539e-05
  7   28        2.998884e-03        5.907648e-05
  7   29        2.854286e-03        5.372759e-05
  7   30        2.694174e-03        4.858748e-05
  7   31        2.521254e-03        4.367293e-05
  7   32        2.338325e-03        3.899857e-05
  7   33        2.148232e-03        3.457691e-05
  7   34        1.953816e-03        3.041826e-05
  7   35        1.757868e-03        2.653074e-05
  7   36        1.563085e-03        2.292026e-05
  7   37        1.372035e-03        1.959056e-05
  7   38        1.187117e-03        1.654323e-05
  7   39        1.010534e-03        1.377780e-05
  7   40        8.442684e-04        1.129179e-05
  7   41        6.900603e-04        9.080812e-06
  7   42        5.493927e-04        7.138653e-06
  7   43        4.234809e-04        5.457420e-06
  7   44        3.132665e-04        4.027655e-06
  7   45        2.194164e-04        2.838472e-06
  7   46        1.423256e-04        1.877710e-06
  7   47        8.212403e-05        1.132081e-06
  7   48        3.868744e-05        5.873342e-07
  7   49        1.165086e-05        2.284179e-07
  7   50        4.255020e-07        3.964387e-08
  7   51        4.217892e-06        4.853452e-09
  7   52        2.205107e-05        1.075817e-07
  7   53        5.278749e-05        3.312190e-07
  7   54        9.515302e-05        6.591681e-07
  7   55        1.477619e-04        1.074996e-06
  7   56        2.091421e-04        1.562576e-06
  7   57        2.777604e-04        2.106230e-06
  7   58        3.520477e-04        2.690847e-06
  7   59        4.304232e-04        3.302006e-06
  7   60        5.113178e-04        3.926079e-06
  7   61        5.931964e-04        4.550323e-06
  7   62        6.745784e-04        5.162963e-06
  7   63        7.540564e-04        5.753260e-06
  7   64        8.303140e-04        6.311564e-06
  7   65        9.021401e-04        6.829357e-06
  7   66        9.684421e-04        7.299278e-06
  7   67        1.028257e-03        7.715142e-06
  7   68        1.080757e-03        8.071941e-06
  7   69        1.125262e-03        8.365830e-06
  7   70        1.161237e-03        8.594108e-06
  7   71        1.188294e-03        8.755185e-06
  7   72        1.206197e-03        8.848534e-06
  7   73        1.214854e-03        8.874640e-06
  7   74        1.214316e-03        8.834934e-06
  7   75        1.204765e-03        8.731727e-06
  7   76        1.186516e-03        8.568129e-06
  7   77        1.159996e-03        8.347967e-06
  7   78        1.125743e-03        8.075701e-06
  7   79        1.084387e-03        7.756325e-06
  7   80        1.036644e-03        7.395282e-06
  7   81        9.832955e-04        6.998369e-06
  7   82        9.251818e-04        6.571637e-06
  7   83        8.631829e-04        6.121305e-06
  7   84        7.982065e-04        5.653665e-06
  7   85        7.311739e-04        5.174997e-06
  7   86        6.630061e-04        4.691482e-06
  7   87        5.946110e-04        4.209128e-06
  7   88        5.268707e-04        3.733693e-06
  7   89        4.606298e-04        3.270618e-06
  7   90        3.966849e-04        2.824970e-06
  7   91        3.357748e-04        2.401388e-06
  7   92        2.785720e-04        2.004037e-06
  7   93        2.256751e-04        1.636570e-06
  7   94        1.776034e-04        1.302102e-06
  7   95        1.347915e-04        1.003188e-06
  7   96        9.758618e-05        7.418080e-07
  7   97        6.624452e-05        5.193667e-07
  7   98        4.093294e-05        3.366924e-07
  7   99        2.172784e-05        1.940495e-07
  8    0       -1.238131e-05       -7.835365e-05
  8    1       -4.140210e-05       -7.864374e-05
  8    2       -8.672112e-05       -7.856324e-05
  8    3       -1.479489e-04       -7.843671e-05
  8    4       -2.245670e-04       -7.826905e-05
  8    5       -3.159329e-04       -7.806148e-05
  8    6       -4.212893e-04       -7.781457e-05
  8    7       -5.397741e-04       -7.752873e-05
  8    8       -6.704325e-04       -7.720439e-05
  8    9       -8.122298e-04       -7.684195e-05
  8   10       -9.640644e-04       -7.644188e-05
  8   11       -1.124782e-03       -7.600467e-05
  8   12       -1.293188e-03       -7.553085e-05
  8   13       -1.468064e-03       -7.502099e-05
  8   14       -1.648177e-03       -7.447571e-05
  8   15       -1.832296e-03       -7.389567e-05
  8   16       -2.019200e-03       -7.328157e-05
  8   17       -2.207694e-03       -7.263412e-05
  8   18       -2.396612e-03       -7.195412e-05
  8   19       -2.584831e-03       -7.124235e-05
  8   20       -2.771278e-03       -7.049968e-05
  8   21       -2.954934e-03       -6.972697e-05
  8   22       -3.134841e-03       -6.892513e-05
  8   23       -3.310107e-03       -6.809511e-05
  8   24       -3.479907e-03       -6.723787e-05
  8   25       -3.643487e-03       -6.635442e-05
  8   26       -3.800164e-03       -6.544577e-05
  8   27       -3.949327e-03       -6.451298e-05
  8   28       -4.090437e-03       -6.355713e-05
  8   29       -4.223026e-03       -6.257930e-05
  8   30       -4.346695e-03       -6.158061e-05
  8   31       -4.461109e-03       -6.056219e-05
  8   32       -4.566003e-03       -5.952520e-05
  8   33       -4.661168e-03       -5.847079e-05
  8   34       -4.746459e-03       -5.740014e-05
  8   35       -4.821782e-03       -5.631444e-05
  8   36       -4.887099e-03       -5.521489e-05
  8   37       -4.942419e-03       -5.410269e-05
  8   38       -4.987796e-03       -5.297905e-05
  8   39       -5.023327e-03       -5.184518e-05
  8   40       -5.049147e-03       -5.070229e-05
  8   41       -5.065426e-03       -4.955161e-05
  8   42       -5.072368e-03       -4.839435e-05
  8   43       -5.070203e-03       -4.723171e-05
  8   44       -5.059188e-03       -4.606489e-05
  8   45       -5.039604e-03       -4.489511e-05
  8   46       -5.011751e-03       -4.372354e-05
  8   47       -4.975946e-03       -4.255136e-05
  8   48       -4.932523e-03       -4.137974e-05
  8   49       -4.881828e-03       -4.020983e-05
  8   50       -4.824216e-03       -3.904277e-05
  8   51       -4.760053e-03       -3.787967e-05
  8   52       -4.689710e-03       -3.672164e-05
  8   53       -4.613563e-03       -3.556976e-05
  8   54       -4.531992e-03       -3.442509e-05
  8   55       -4.445377e-03       -3.328866e-05
  8   56       -4.354101e-03       -3.216148e-05
  8   57       -4.258541e-03       -3.104455e-05
  8   58       -4.159078e-03       -2.993882e-05
  8   59       -4.056084e-03       -2.884522e-05
  8   60       -3.949929e-03       -2.776466e-05
  8   61       -3.840978e-03       -2.669801e-05
  8   62       -3.729589e-03       -2.564611e-05
  8   63       -3.616112e-03       -2.460976e-05
  8   64       -3.500891e-03       -2.358976e-05
  8   65       -3.384261e-03       -2.258683e-05
  8   66       -3.266548e-03       -2.160168e-05
  8   67       -3.148068e-03       -2.063499e-05
  8   68       -3.029127e-03       -1.968740e-05
  8   69       -2.910022e-03       -1.875950e-05
  8   70       -2.791039e-03       -1.785186e-05
  8   71       -2.672453e-03       -1.696500e-05
  8   72       -2.554526e-03       -1.609940e-05
  8   73       -2.437512e-03       -1.525553e-05
  8   74       -2.321650e-03       -1.443379e-05
  8   75       -2.207170e-03       -1.363455e-05
  8   76       -2.094288e-03       -1.285815e-05
  8   77       -1.983210e-03       -1.210489e-05
  8   78       -1.874130e-03       -1.137501e-05
  8   79       -1.767228e-03       -1.066875e-05
  8   80       -1.662673e-03       -9.986282e-06
  8   81       -1.560625e-03       -9.327750e-06
  8   82       -1.461227e-03       -8.693259e-06
  8   83       -1.364615e-03       -8.082880e-06
  8   84       -1.270910e-03       -7.496645e-06
  8   85       -1.180225e-03       -6.934548e-06
  8   86       -1.092657e-03       -6.396551e-06
  8   87       -1.008297e-03       -5.882580e-06
  8   88       -9.272206e-04       -5.392525e-06
  8   89       -8.494958e-04       -4.926243e-06
  8   90       -7.751785e-04       -4.483560e-06
  8   91       -7.043147e-04       -4.064268e-06
  8   92       -6.369402e-04       -3.668129e-06
  8   93       -5.730812e-04       -3.294874e-06
  8   94       -5.127542e-04       -2.944205e-06
  8   95       -4.559664e-04       -2.615797e-06
  8   96       -4.027162e-04       -2.309296e-06
  8   97       -3.529932e-04       -2.024323e-06
  8   98       -3.067788e-04       -1.760475e-06
  8   99       -2.640462e-04       -1.517322e-06
  9    0        3.924724e-06        2.256834e-05
  9    1        1.313473e-05        2.265789e-05
  9    2        2.754757e-05        2.265527e-05
  9    3        4.707962e-05        2.264872e-05
  9    4        7.161974e-05        2.263951e-05
  9    5        1.010299e-04        2.262791e-05
  9    6        1.351469e-04        2.261401e-05
  9    7        1.737841e-04        2.259784e-05
  9    8        2.167337e-04        2.257941e-05
  9    9        2.637696e-04        2.255875e-05
  9   10        3.146491e-04        2.253587e-05
  9   11        3.691163e-04        2.251076e-05
  9   12        4.269043e-04        2.248345e-05
  9   13        4.877381e-04        2.245393e-05
  9   14        5.513370e-04        2.242221e-05
  9   15        6.174172e-04        2.238831e-05
  9   16        6.856943e-04        2.235223e-05
  9   17        7.558853e-04        2.231397e-05
  9   18        8.277105e-04        2.227355e-05
  9   19        9.008960e-04        2.223099e-05
  9   20        9.751747e-04        2.218628e-05
  9   21        1.050288e-03        2.213944e-05
  9   22        1.125987e-03        2.209047e-05
  9   23        1.202033e-03        2.203941e-05
  9   24        1.278200e-03        2.198624e-05
  9   25        1.354273e-03        2.193099e-05
  9   26        1.430051e-03        2.187367e-05
  9   27        1.505344e-03        2.181429e-05
  9   28        1.579976e-03        2.175287e-05
  9   29        1.653785e-03        2.168942e-05
  9   30        1.726620e-03        2.162396e-05
  9   31        1.798345e-03        2.155650e-05
  9   32        1.868834e-03        2.148706e-05
  9   33        1.937975e-03        2.141565e-05
  9   34        2.005666e-03        2.134229e-05
  9   35        2.071817e-03        2.126699e-05
  9   36        2.136348e-03        2.118979e-05
  9   37        2.199191e-03        2.111068e-05
  9   38        2.260285e-03        2.102970e-05
  9   39        2.319579e-03        2.094686e-05
  9   40        2.377030e-03        2.086218e-05
  9   41        2.432603e-03        2.077568e-05
  9   42        2.486271e-03        2.068737e-05
  9   43        2.538012e-03        2.059729e-05
  9   44        2.587811e-03        2.050545e-05
  9   45        2.635659e-03        2.041187e-05
  9   46        2.681552e-03        2.031657e-05
  9   47        2.725491e-03        2.021958e-05
  9   48        2.767480e-03        2.012092e-05
  9   49        2.807528e-03        2.002061e-05
  9   50        2.845647e-03        1.991867e-05
  9   51        2.881853e-03        1.981513e-05
  9   52        2.916164e-03        1.971001e-05
  9   53        2.948601e-03        1.960333e-05
  9   54        2.979186e-03        1.949513e-05
  9   55        3.007943e-03        1.938541e-05
  9   56        3.034901e-03        1.927422e-05
  9   57        3.060085e-03        1.916157e-05
  9   58        3.083526e-03        1.904749e-05
  9   59        3.105254e-03        1.893201e-05
  9   60        3.125300e-03        1.881514e-05
  9   61        3.143694e-03        1.869693e-05
  9   62        3.160471e-03        1.857739e-05
  9   63        3.175662e-03        1.845655e-05
  9   64        3.189301e-03        1.833444e-05
  9   65        3.201421e-03        1.821108e-05
  9   66        3.212056e-03        1.808651e-05
  9   67        3.221239e-03        1.796075e-05
  9   68        3.229004e-03        1.783383e-05
  9   69        3.235384e-03        1.770577e-05
  9   70        3.240412e-03        1.757661e-05
  9   71        3.244123e-03        1.744637e-05
  9   72        3.246547e-03        1.731509e-05
  9   73        3.247719e-03        1.718279e-05
  9   74        3.247671e-03        1.704950e-05
  9   75        3.246434e-03        1.691524e-05
  9   76        3.244039e-03        1.678006e-05
  9   77        3.240519e-03        1.664398e-05
  9   78        3.235904e-03        1.650702e-05
  9   79        3.230224e-03        1.636922e-05
  9   80        3.223509e-03        1.623061e-05
  9   81        3.215788e-03        1.609121e-05
  9   82        3.207091e-03        1.595106e-05
  9   83        3.197447e-03        1.581019e-05
  9   84        3.186882e-03        1.566862e-05
  9   85        3.175425e-03        1.552639e-05
  9   86        3.163103e-03        1.538353e-05
  9   87        3.149943e-03        1.524007e-05
  9   88        3.135970e-03        1.509603e-05
  9   89        3.121212e-03        1.495145e-05
  9   90        3.105692e-03        1.480636e-05
  9   91        3.089436e-03        1.466078e-05
  9   92        3.072468e-03        1.451476e-05
  9   93        3.054812e-03        1.436831e-05
  9   94        3.036492e-03        1.422147e-05
  9   95        3.017531e-03        1.407427e-05
  9   96        2.997952e-03        1.392674e-05
  9   97        2.977776e-03        1.377891e-05
  9   98        2.957026e-03        1.363081e-05
  9   99        2.935723e-03        1.348247e-05
