 GPEC_SINGFLD: Resonant fields, singular currents, and islands
 v1.4.4
 
    jac_out = hamada     tmag_out = 1
 sweet-spot =  5.00000000E-004
      msing =    7
 
      q              psi    real(singflx)    imag(singflx)    real(singcur)    imag(singcur)    real(singbwp)    imag(singbwp)      real(Delta)      imag(Delta)     islandhwidth         chirikov
  1.500  4.29352432E-001  4.12521542E-005 -1.04464520E-006  1.16995505E+002 -2.96272510E+000 -4.37014296E-007  8.83228835E-008 -9.59052737E-004  2.42864853E-005  9.96760959E-003  1.02123479E-001
  2.000  6.24559443E-001  3.95905006E-005 -9.81263216E-006  1.11130464E+002 -2.75440409E+001 -4.32735625E-007  2.12365897E-007 -1.35219061E-003  3.35144766E-004  8.85108030E-003  1.30539783E-001
  2.500  7.60166843E-001  4.11434095E-005 -1.20282926E-005  1.10259294E+002 -3.22343494E+001 -5.09776867E-007  2.59850696E-007 -2.04454635E-003  5.97723960E-004  8.47139244E-003  1.68102086E-001
  3.000  8.60955509E-001  5.28978424E-005 -2.78596296E-005  1.34671764E+002 -7.09273817E+001 -7.90494545E-007  5.10282201E-007 -3.81257777E-003  2.00796478E-003  8.74525935E-003  2.76549843E-001
  3.500  9.24200956E-001  2.46690665E-005 -9.77918265E-006  5.87911766E+001 -2.33056915E+001 -3.67356488E-007  3.24598544E-007 -2.75941975E-003  1.09387478E-003  4.71182499E-003  1.77801265E-001
  4.000  9.77201985E-001  8.39616269E-005 -1.11751961E-005  1.90816899E+002 -2.53975100E+001 -1.02640274E-006  4.75066418E-008 -1.48563024E-002  1.97735679E-003  6.33430447E-003  8.55110313E-001
  4.500  9.92017160E-001  1.12186537E-004  7.11089971E-005  2.33942005E+002  1.48283224E+002 -1.13200764E-006 -2.70141804E-007 -4.39718050E-002 -2.78713564E-002  4.42407354E-003  5.97235408E-001
 
