13  2.389777050e-07
4 3  3.634085534e-01  1.333333333e+00  7.033664322e-01  5.065626659e-01  2.856248679e+08 -4.371809519e-02  1.626666183e+06  2.600671965e+02  1.392631425e+00  1.927528634e-03 -2.765472882e-02 -4.371809519e-02 -4.682204312e-02 -6.809429879e+00 -5.455768969e+00  4.444508438e-03  1.986152190e-03  9.963271427e-01  1.008943725e+00  2.639159473e+00  3.049795174e-01
5 3  4.753305170e-01  1.666666667e+00  6.183389957e-01  5.065626659e-01  2.212986012e+08 -3.480128805e-02  2.918237434e+05  1.813658734e+02  1.307516456e+00  1.989877728e-03 -2.294865454e-02 -3.480128805e-02 -3.832825094e-02 -4.329543852e+00 -4.975510136e+00  6.073157997e-03  2.395545799e-03  1.039979788e+00  1.006666118e+00  2.755336733e+00  4.585411374e-01
6 3  5.665766746e-01  2.000000000e+00  5.740195923e-01  5.065626659e-01  1.880178218e+08 -2.582040924e-02  1.833979674e+06  1.441029528e+02  1.345683001e+00  2.322436447e-03 -1.662927082e-02 -2.582040924e-02 -2.791875944e-02 -2.868954371e+00 -4.253062838e+00  9.417137655e-03  3.172253963e-03  1.108162471e+00  1.004754969e+00  2.731688291e+00  5.718533412e-01
7 3  6.491339053e-01  2.333333333e+00  5.467847021e-01  5.065626659e-01  1.708637068e+08 -2.181926649e-02  1.564537977e+06  1.213688426e+02  1.414088615e+00  2.774758681e-03 -1.425308764e-02 -2.181926649e-02 -2.231653292e-02 -1.993436462e+00 -3.715175293e+00  9.352386182e-03  3.155812135e-03  1.180345958e+00  1.003066218e+00  2.678116072e+00  6.662903864e-01
8 3  7.263442617e-01  2.666666667e+00  5.291368744e-01  5.065626659e-01  1.620042367e+08 -1.855477711e-02  9.449741433e+05  1.071763905e+02  1.478150649e+00  3.194617619e-03 -1.223081824e-02 -1.855477711e-02 -1.753616474e-02 -1.358843172e+00 -3.237432897e+00  9.612221923e-03  3.259206105e-03  1.251856664e+00  1.001554069e+00  2.618125495e+00  7.497798867e-01
9 3  7.964928007e-01  3.000000000e+00  5.185665304e-01  5.065626659e-01  1.466814343e+08 -1.564076969e-02  2.041229024e+06  9.474249188e+01  1.473632679e+00  3.285616657e-03 -1.037975745e-02 -1.564076969e-02 -1.567970643e-02 -8.396800974e-01 -2.771945495e+00  9.777630586e-03  3.499497394e-03  1.335866642e+00  1.000322180e+00  2.548841216e+00  8.209597510e-01
10 3  8.513126711e-01  3.333333333e+00  5.142611373e-01  5.065626659e-01  1.218764130e+08 -1.172226649e-02  4.756617451e+06  8.186193543e+01  1.339664555e+00  2.750107189e-03 -7.195465007e-03 -1.172226649e-02 -1.173741099e-02 -2.008173990e-01 -2.485452400e+00  7.616622624e-03  3.118830853e-03  1.448768702e+00  9.995193962e-01  2.449874640e+00  8.749074234e-01
11 3  8.900099705e-01  3.666666667e+00  5.150824491e-01  5.065626659e-01  1.044355480e+08 -4.197552075e-03  5.598741734e+06  7.058337274e+01  1.222923978e+00  2.755092905e-03  1.786482813e-03 -4.197552075e-03 -3.974553469e-03  2.585223434e-01 -3.288458397e+00  5.008439611e-03  2.316494883e-03  1.620596527e+00  9.990898857e-01  2.327396024e+00  9.122877748e-01
12 3  9.257688486e-01  4.000000000e+00  4.881216420e-01  5.065626659e-01  1.076913985e+08  1.055892119e-02  3.282884383e+06  6.207615253e+01  1.593603052e+00  1.375507415e-02  4.706807194e-02  1.055892119e-02 -3.641258111e-03 -2.403679167e+01 -1.229739760e+01  4.698566049e-03  2.326547900e-03  1.826822828e+00  9.990285835e-01  2.219027935e+00  9.449689876e-01
13 3  9.626767495e-01  4.333333333e+00  2.645285055e-01  5.065626659e-01  2.315017215e+07  2.014367270e-02  8.924100531e+05  6.754695163e+01  1.107464971e+00  1.449276291e-02  5.742370455e-02  2.014367270e-02  2.156213705e-02 -2.974353704e+01 -1.306309144e+01  3.919501339e-03  2.629035689e-03  2.118917133e+00  9.997524449e-01  2.131538318e+00  9.757786641e-01
14 3  9.786163537e-01  4.666666667e+00  2.182442414e-01  5.065626659e-01  1.096332248e+07  1.629397444e-02  2.850154499e+05  7.047499199e+01  8.973670814e-01  1.027371299e-02  3.483697705e-02  1.629397444e-02  2.544139027e-02 -1.552319442e+01 -6.785502923e+00  4.222690406e-03  2.595942898e-03  2.852367360e+00  9.998824708e-01  2.012319459e+00  9.866939175e-01
15 3  9.880267077e-01  5.000000000e+00  2.010130353e-01  5.065626659e-01  6.711707669e+06  1.140907165e-02  1.753000154e+05  7.013793768e+01  7.371414695e-01  7.118597577e-03  2.414686465e-02  1.140907165e-02  2.133195734e-02 -1.185382007e+01 -4.480780650e+00  4.169209591e-03  2.356710415e-03  4.175132630e+00  9.999267563e-01  1.896309206e+00  9.926341247e-01
16 3  9.935237877e-01  5.333333333e+00  1.927002452e-01  5.065626659e-01  4.547149971e+06  8.263237824e-03  1.387024073e+05  6.718322203e+01  5.916855757e-01  4.574325614e-03  1.873797886e-02  8.263237824e-03  1.844380749e-02 -1.041295283e+01 -3.480576814e+00  3.801383095e-03  2.042993750e-03  6.497643701e+00  9.999547484e-01  1.787731007e+00  9.960254300e-01
