12  2.139894099e-07
4 3  3.707442144e-01  1.333333333e+00  8.692794470e-01  5.060563566e-01  3.467213184e+08 -4.153288843e-02  1.781181538e+06  3.167715203e+02  1.426382709e+00  1.781620812e-03 -2.969000691e-02 -4.153288843e-02 -4.176530110e-02 -3.317941655e+00 -5.950454987e+00  4.480015360e-03  2.015453093e-03  9.911760696e-01  1.009563646e+00  2.637837333e+00  3.063906417e-01
5 3  4.912903845e-01  1.666666667e+00  8.038671744e-01  5.060563566e-01  2.670883312e+08 -3.226361466e-02  4.395780980e+05  2.083377251e+02  1.337186472e+00  1.985479115e-03 -2.307147331e-02 -3.226361466e-02 -3.407708928e-02 -2.945620159e+00 -4.988072101e+00  6.526810594e-03  2.521357432e-03  1.035863919e+00  1.006242079e+00  2.787216157e+00  4.717680366e-01
6 3  5.891205732e-01  2.000000000e+00  7.578519173e-01  5.060563566e-01  2.253576234e+08 -2.343230831e-02  2.187814662e+06  1.659043595e+02  1.357397273e+00  2.332955578e-03 -1.602115911e-02 -2.343230831e-02 -2.492311078e-02 -2.554449119e+00 -4.065642178e+00  9.562543382e-03  3.226098885e-03  1.106213204e+00  1.003950209e+00  2.778849520e+00  5.941978479e-01
7 3  6.741532187e-01  2.333333333e+00  7.227088025e-01  5.060563566e-01  2.019290723e+08 -1.853383450e-02  1.432179969e+06  1.390835017e+02  1.385749062e+00  2.634690806e-03 -1.224415657e-02 -1.853383450e-02 -1.912712883e-02 -2.277997949e+00 -3.411946698e+00  9.126073731e-03  3.039836748e-03  1.186274777e+00  1.002201061e+00  2.720917331e+00  6.914866930e-01
8 3  7.479946126e-01  2.666666667e+00  6.951382961e-01  5.060563566e-01  1.902837563e+08 -1.456055408e-02  1.140441873e+06  1.211548167e+02  1.395650521e+00  2.769562603e-03 -9.008910252e-03 -1.456055408e-02 -1.450685472e-02 -2.078206849e+00 -2.941266380e+00  9.397399554e-03  3.201748121e-03  1.275566124e+00  1.000900412e+00  2.638148676e+00  7.702791316e-01
9 3  8.115154509e-01  3.000000000e+00  6.734583892e-01  5.060563566e-01  1.766235537e+08 -1.090241145e-02  2.814297190e+06  1.059755064e+02  1.392577726e+00  2.834683206e-03 -5.870321790e-03 -1.090241145e-02 -1.171211358e-02 -1.921044138e+00 -2.582010486e+00  9.377170578e-03  3.347262125e-03  1.382702550e+00  9.999713745e-01  2.541802297e+00  8.339530152e-01
10 3  8.625096263e-01  3.333333333e+00  6.566901175e-01  5.060563566e-01  1.536158615e+08 -6.852822071e-03  5.863024350e+06  9.281302509e+01  1.303620607e+00  2.656099953e-03 -1.678487866e-03 -6.852822071e-03 -8.069132462e-03 -1.891673435e+00 -2.581714954e+00  6.895444385e-03  2.900292697e-03  1.516111485e+00  9.993377711e-01  2.429831565e+00  8.842886177e-01
11 3  9.001540117e-01  3.666666667e+00  6.454968963e-01  5.060563566e-01  1.293347013e+08 -1.033956753e-03  5.777591836e+06  8.180544319e+01  1.185855729e+00  2.955967244e-03  7.574770286e-03 -1.033956753e-03 -1.851374590e-03 -1.514404834e+00 -4.661995037e+00  4.495607723e-03  2.083379951e-03  1.715567975e+00  9.989696263e-01  2.304498004e+00  9.208296736e-01
12 3  9.396129047e-01  4.000000000e+00  5.293974344e-01  5.060563566e-01  1.404689597e+08  1.490463674e-02  2.350534538e+06  7.602387996e+01  2.042351379e+00  3.270419015e-02  7.937282364e-02  1.490463674e-02 -1.206142287e-02 -5.995123788e+01 -2.012223603e+01  5.409857800e-03  2.843175983e-03  1.912839517e+00  9.991381594e-01  2.205429549e+00  9.566643161e-01
13 3  9.715350923e-01  4.333333333e+00  2.820501998e-01  5.060563566e-01  1.875724451e+07  2.076940094e-02  5.108685220e+05  8.724916746e+01  9.952941208e-01  1.222225768e-02  4.659054913e-02  2.076940094e-02  2.987581068e-02 -1.748495749e+01 -1.145758122e+01  4.076739756e-03  2.662452149e-03  2.372712035e+00  9.998163040e-01  2.106372958e+00  9.820549903e-01
14 3  9.843054077e-01  4.666666667e+00  2.549452823e-01  5.060563566e-01  9.445563928e+06  1.486603685e-02  2.325765771e+05  8.652805639e+01  7.934359192e-01  8.230059059e-03  2.826216717e-02  1.486603685e-02  2.482754613e-02 -1.004068605e+01 -5.901493902e+00  4.207905665e-03  2.472655268e-03  3.409205961e+00  9.998888255e-01  1.981770990e+00  9.903457400e-01
15 3  9.915930044e-01  5.000000000e+00  2.434531227e-01  5.060563566e-01  5.951674543e+06  9.281979383e-03  1.670745103e+05  8.289369545e+01  6.385787681e-01  5.395262409e-03  1.906517445e-02  9.281979383e-03  1.922111907e-02 -8.824073194e+00 -4.025091585e+00  3.953461537e-03  2.176366132e-03  5.340174039e+00  9.999236243e-01  1.863412226e+00  9.948580824e-01
