11  2.188136333e-07
4 3  4.021785428e-01  1.333333333e+00  7.607448749e-01  5.075546483e-01  3.116670423e+08 -3.043616916e-02  9.205916018e+05  3.063670814e+02  1.399942598e+00  1.930492725e-03 -1.882631832e-02 -3.043616916e-02 -3.233999952e-02 -4.160664798e+00 -5.546668384e+00  4.728142433e-03  2.086675761e-03  9.921190314e-01  1.013453966e+00  2.682781046e+00  3.454810608e-01
5 3  5.290493651e-01  1.666666667e+00  6.866612871e-01  5.075546483e-01  2.279507068e+08 -2.158447625e-02  1.000366677e+06  2.117800037e+02  1.313640263e+00  2.116539763e-03 -1.306618210e-02 -2.158447625e-02 -2.355424799e-02 -2.783827872e+00 -4.794820304e+00  8.223136687e-03  2.941294775e-03  1.046782378e+00  1.008283312e+00  2.808866320e+00  5.169468833e-01
6 3  6.291049427e-01  2.000000000e+00  6.471096084e-01  5.075546483e-01  1.851904284e+08 -1.788367194e-02  2.027035044e+06  1.676890275e+02  1.314336289e+00  2.390355716e-03 -1.123884434e-02 -1.788367194e-02 -1.887732881e-02 -1.955237873e+00 -3.961496607e+00  9.506029214e-03  3.200083484e-03  1.128377926e+00  1.005208031e+00  2.774917621e+00  6.387539163e-01
7 3  7.128578850e-01  2.333333333e+00  6.229982796e-01  5.075546483e-01  1.641767913e+08 -1.202571479e-02  1.079759781e+06  1.378167733e+02  1.328218215e+00  2.622897150e-03 -6.432800610e-03 -1.202571479e-02 -1.153388238e-02 -1.487999025e+00 -3.382322868e+00  9.254081442e-03  3.062701029e-03  1.222042927e+00  1.003171102e+00  2.689690003e+00  7.319133089e-01
8 3  7.850337503e-01  2.666666667e+00  6.063923219e-01  5.075546483e-01  1.535401743e+08 -8.887181858e-03  1.790721572e+06  1.200127656e+02  1.352605832e+00  2.848776788e-03 -3.943403179e-03 -8.887181858e-03 -8.795200301e-03 -1.279021344e+00 -2.934390014e+00  9.621361001e-03  3.354875535e-03  1.327314892e+00  1.001616444e+00  2.587748618e+00  8.072412960e-01
9 3  8.462523749e-01  3.000000000e+00  5.929021508e-01  5.075546483e-01  1.353861256e+08 -7.649055490e-03  4.784227994e+06  1.056475851e+02  1.308437989e+00  2.827633226e-03 -2.978320654e-03 -7.649055490e-03 -8.124550683e-03 -1.327694551e+00 -2.631425074e+00  8.160254224e-03  3.205937990e-03  1.455573327e+00  1.000416113e+00  2.476625654e+00  8.683492596e-01
10 3  8.927330769e-01  3.333333333e+00  5.867188258e-01  5.075546483e-01  1.174758677e+08 -1.377147128e-03  6.057704413e+06  9.125782931e+01  1.215337077e+00  2.374487517e-03  2.647998477e-03 -1.377147128e-03 -9.282643625e-04  3.016652643e-01 -2.681252127e+00  5.060731917e-03  2.324369573e-03  1.639331633e+00  9.996182726e-01  2.349514397e+00  9.142265602e-01
11 3  9.306118695e-01  3.666666667e+00  5.834490589e-01  5.075546483e-01  1.315464836e+08  1.239412798e-02  3.167202334e+06  7.761961312e+01  1.603553936e+00  1.302341362e-02  4.195361053e-02  1.239412798e-02  1.035964081e-02 -1.378273866e+01 -1.386309257e+01  4.860660661e-03  2.376932202e-03  1.910914609e+00  9.992348145e-01  2.225695549e+00  9.493206594e-01
12 3  9.689560010e-01  4.000000000e+00  2.930362114e-01  5.075546483e-01  2.301456273e+07  1.286394709e-02  5.931553791e+05  9.080384072e+01  9.831792056e-01  1.133066162e-02  4.122024144e-02  1.286394709e-02  1.796675671e-02 -1.946396514e+01 -1.300131723e+01  4.212247456e-03  2.632769535e-03  2.326861964e+00  9.998591848e-01  2.125611785e+00  9.806537558e-01
13 3  9.834102958e-01  4.333333333e+00  2.506839035e-01  5.075546483e-01  1.040249201e+07  5.550286014e-03  2.355978874e+05  9.159883194e+01  7.764332641e-01  8.166385771e-03  2.103665776e-02  5.550286014e-03  1.290668308e-02 -1.580606334e+01 -6.634799173e+00  4.426194880e-03  2.472112397e-03  3.459078941e+00  9.999134444e-01  1.991480711e+00  9.899794399e-01
14 3  9.913950523e-01  4.666666667e+00  2.303877045e-01  5.075546483e-01  6.078812083e+06  2.524559747e-03  1.645868851e+05  8.863822477e+01  6.170551612e-01  5.352720428e-03  1.372460685e-02  2.524559747e-03  1.036693647e-02 -1.421693684e+01 -4.406453486e+00  4.142933884e-03  2.170131060e-03  5.628593288e+00  9.999402746e-01  1.864296870e+00  9.948377355e-01
