10  2.228597682e-07
4 3  4.303402059e-01  1.333333333e+00  7.345581644e-01  5.084119362e-01  3.005746698e+08 -3.152852969e-02  4.568642900e+05  3.264704107e+02  1.360258446e+00  1.947625572e-03 -2.049151002e-02 -3.152852969e-02 -3.410852576e-02 -4.233872877e+00 -5.457015017e+00  4.977031156e-03  2.137648893e-03  9.941038922e-01  1.014521879e+00  2.745927883e+00  3.743940252e-01
5 3  5.562595277e-01  1.666666667e+00  6.618205505e-01  5.084119362e-01  2.178858371e+08 -2.222603376e-02  1.530538570e+06  2.265017172e+02  1.278438159e+00  2.097344744e-03 -1.407924460e-02 -2.222603376e-02 -2.420161792e-02 -2.792572932e+00 -4.672122956e+00  9.051745514e-03  3.107719311e-03  1.055920654e+00  1.008705584e+00  2.823239110e+00  5.436294993e-01
6 3  6.579391973e-01  2.000000000e+00  6.220376863e-01  5.084119362e-01  1.815000179e+08 -1.724984130e-02  1.688841628e+06  1.783221667e+02  1.308002659e+00  2.473944267e-03 -1.078387048e-02 -1.724984130e-02 -1.831680586e-02 -1.982760758e+00 -3.913888451e+00  9.340988469e-03  3.137906352e-03  1.137997472e+00  1.005144380e+00  2.772928920e+00  6.663778747e-01
7 3  7.454800177e-01  2.333333333e+00  5.971132230e-01  5.084119362e-01  1.597473323e+08 -1.139831683e-02  1.055957816e+06  1.448661418e+02  1.329486770e+00  2.749824015e-03 -6.038059144e-03 -1.139831683e-02 -1.131771814e-02 -1.466581997e+00 -3.307115906e+00  9.521832726e-03  3.228313336e-03  1.229192871e+00  1.002708227e+00  2.686509145e+00  7.634419255e-01
8 3  8.188838781e-01  2.666666667e+00  5.824051826e-01  5.084119362e-01  1.406104989e+08 -7.274676616e-03  2.952933105e+06  1.241699679e+02  1.294853936e+00  2.673617560e-03 -2.792305002e-03 -7.274676616e-03 -6.973102837e-03 -8.185564120e-01 -2.866620259e+00  9.318258790e-03  3.354893287e-03  1.341631215e+00  1.001013433e+00  2.577792868e+00  8.387746768e-01
9 3  8.729287487e-01  3.000000000e+00  5.834377644e-01  5.084119362e-01  1.192543582e+08 -2.954902843e-03  6.036542417e+06  1.073307669e+02  1.173702691e+00  1.931815482e-03  9.540541185e-05 -2.954902843e-03 -1.049937996e-03  1.482074998e+00 -2.634169129e+00  6.209764955e-03  2.710970007e-03  1.496808886e+00  9.999256942e-01  2.439943634e+00  8.928318011e-01
10 3  9.124062269e-01  3.333333333e+00  5.809760058e-01  5.084119362e-01  1.158977214e+08  4.645446665e-03  4.864681651e+06  9.239354356e+01  1.186966835e+00  3.623461823e-03  1.452128896e-02  4.645446665e-03  2.950343601e-05 -8.634733397e+00 -3.258707236e+00  4.334623471e-03  2.039895570e-03  1.736385127e+00  9.993147026e-01  2.293856766e+00  9.309964030e-01
11 3  9.574985818e-01  3.666666667e+00  3.452454048e-01  5.084119362e-01  4.864621872e+07  1.743675663e-02  1.447245677e+06  9.017427931e+01  1.173943425e+00  1.452649729e-02  8.000204223e-02  1.743675663e-02  1.404122191e-02 -3.767676411e+01 -2.681833664e+01  4.048337257e-03  2.502675120e-03  2.034147176e+00  9.996361597e-01  2.189087847e+00  9.712153374e-01
12 3  9.791232002e-01  4.000000000e+00  2.449347824e-01  5.084119362e-01  1.238102753e+07  1.523998624e-02  3.045361059e+05  9.798798011e+01  8.464417566e-01  1.061846213e-02  3.848704061e-02  1.523998624e-02  2.446791490e-02 -1.986224293e+01 -1.042596900e+01  4.269100656e-03  2.573457226e-03  2.868923218e+00  9.998816939e-01  2.052487358e+00  9.868124911e-01
13 3  9.898005596e-01  4.333333333e+00  2.146455900e-01  5.084119362e-01  6.248463067e+06  1.042669682e-02  1.761481846e+05  9.925993821e+01  6.528743034e-01  6.506491474e-03  2.347695144e-02  1.042669682e-02  2.052850034e-02 -1.488395523e+01 -5.434427114e+00  4.111744587e-03  2.284629856e-03  4.583932088e+00  9.999459059e-01  1.915387406e+00  9.936406347e-01
