10  2.057984096e-07
4 3  4.766548887e-01  1.333333333e+00  7.473794205e-01  5.068479895e-01  3.393303207e+08 -2.112508472e-02  1.696371931e+05  4.303340826e+02  1.367647602e+00  1.940183794e-03 -1.252625228e-02 -2.112508472e-02 -2.308409492e-02 -3.423899470e+00 -5.093155390e+00  5.879823829e-03  2.425668704e-03  9.953953700e-01  1.015739512e+00  2.856444579e+00  4.259452790e-01
5 3  6.153058991e-01  1.666666667e+00  6.669722502e-01  5.068479895e-01  2.249720259e+08 -1.105395218e-02  2.289634471e+06  2.944879973e+02  1.247812738e+00  2.116876477e-03 -4.196226841e-03 -1.105395218e-02 -1.275566122e-02 -2.523316433e+00 -4.648601622e+00  9.676441464e-03  3.256365907e-03  1.068963087e+00  1.007797069e+00  2.926803465e+00  6.120603025e-01
6 3  7.159328160e-01  2.000000000e+00  6.229077595e-01  5.068479895e-01  1.755159909e+08 -5.223839526e-03  1.150614360e+06  2.214876276e+02  1.207607661e+00  2.244349464e-03  4.794514307e-04 -5.223839526e-03 -6.026538133e-03 -2.002436969e+00 -3.925163091e+00  9.029206292e-03  2.985565965e-03  1.172526340e+00  1.004174820e+00  2.827676622e+00  7.308195046e-01
7 3  7.943631501e-01  2.333333333e+00  5.946817429e-01  5.068479895e-01  1.559015302e+08 -2.083043513e-03  2.137367710e+06  1.808113626e+02  1.215446187e+00  2.389707056e-03  2.875019280e-03 -2.083043513e-03 -2.456864273e-03 -1.677029709e+00 -3.333611313e+00  9.338877674e-03  3.260707503e-03  1.298582561e+00  1.002229983e+00  2.684032903e+00  8.146301764e-01
8 3  8.607865256e-01  2.666666667e+00  5.771970241e-01  5.068479895e-01  1.346930148e+08 -2.042071171e-03  5.780986049e+06  1.549512898e+02  1.183682092e+00  2.230151361e-03  1.906374737e-03 -2.042071171e-03 -2.019606416e-03 -4.179640105e-01 -2.989464336e+00  7.310499196e-03  3.008115832e-03  1.464674807e+00  1.000860998e+00  2.541432820e+00  8.787180672e-01
9 3  9.051230409e-01  3.000000000e+00  6.184689498e-01  5.068479895e-01  1.076252925e+08  2.072914337e-03  5.994922479e+06  1.292704360e+02  9.925991172e-01  1.843202030e-03 -2.735671900e-03  2.072914337e-03  1.304290085e-02  1.573233764e+01 -2.810232274e+00  4.248978305e-03  1.978539799e-03  1.725291662e+00  9.999318909e-01  2.373203203e+00  9.214256740e-01
10 3  9.305017553e-01  3.333333333e+00  7.266086898e-01  5.068479895e-01  1.006222897e+08  9.740913169e-03  3.803623245e+06  1.069575221e+02  8.785438250e-01  1.025800735e-03  7.388200074e-03  9.740913169e-03  1.825530737e-02  1.287390670e+01 -2.609506010e+00  3.279272049e-03  1.592745293e-03  2.230383809e+00  9.994193845e-01  2.194645408e+00  9.451081724e-01
11 3  9.740082232e-01  3.666666667e+00  3.463141170e-01  5.068479895e-01  5.049961675e+07  1.779316993e-02  5.396933851e+05  1.170922469e+02  1.082955476e+00  1.298422668e-02  8.993989095e-02  1.779316993e-02  2.796914496e-02 -4.104738284e+01 -3.397560883e+01  4.475443489e-03  2.591522738e-03  2.520337701e+00  9.997259553e-01  2.089057054e+00  9.819458674e-01
12 3  9.894538922e-01  4.000000000e+00  2.553386207e-01  5.068479895e-01  9.157800929e+06  1.029595190e-02  2.009537706e+05  1.206881475e+02  6.540416708e-01  8.087728757e-03  4.065874896e-02  1.029595190e-02  2.399228988e-02 -2.224342483e+01 -1.558466047e+01  4.042508678e-03  2.215005121e-03  4.055693217e+00  9.999158632e-01  1.945705778e+00  9.928266631e-01
13 3  9.960187899e-01  4.333333333e+00  2.301839777e-01  5.068479895e-01  3.954633512e+06  7.494527967e-03  1.486471805e+05  1.150506953e+02  4.736637434e-01  4.592901883e-03  2.399328527e-02  7.494527967e-03  2.107935847e-02 -1.743476854e+01 -7.790402874e+00  3.502573857e-03  1.876276329e-03  8.412508069e+00  9.999725269e-01  1.808055022e+00  9.972961633e-01
