10  2.061138381e-07
4 3  4.807394301e-01  1.333333333e+00  7.423597257e-01  5.082480584e-01  3.133248536e+08 -1.958950369e-02  1.868903517e+05  4.231292655e+02  1.348682815e+00  2.011869066e-03 -1.098846698e-02 -1.958950369e-02 -2.155115994e-02 -3.388002487e+00 -5.278296184e+00  6.006390434e-03  2.470437497e-03  9.973302361e-01  1.015765260e+00  2.864222672e+00  4.331734798e-01
5 3  6.167399889e-01  1.666666667e+00  6.640331328e-01  5.082480584e-01  2.087866406e+08 -9.824379663e-03  2.291592476e+06  2.890728460e+02  1.236410509e+00  2.127607796e-03 -3.402034291e-03 -9.824379663e-03 -1.150065003e-02 -2.487547606e+00 -4.343750989e+00  9.656436307e-03  3.259498671e-03  1.072809321e+00  1.007961320e+00  2.917021566e+00  6.151389879e-01
6 3  7.164578490e-01  2.000000000e+00  6.206596388e-01  5.082480584e-01  1.669352733e+08 -3.833111865e-03  1.147060560e+06  2.157198510e+02  1.206654049e+00  2.237037448e-03  1.404109690e-03 -3.833111865e-03 -4.556838730e-03 -1.976691447e+00 -3.557283441e+00  9.091696458e-03  3.007242127e-03  1.176443552e+00  1.004345617e+00  2.813754821e+00  7.323768085e-01
7 3  7.951263839e-01  2.333333333e+00  5.926286279e-01  5.082480584e-01  1.511126104e+08 -1.407643064e-03  2.199268328e+06  1.782564425e+02  1.215725878e+00  2.337059572e-03  3.085371514e-03 -1.407643064e-03 -1.712202159e-03 -1.636165889e+00 -2.976097658e+00  9.385330440e-03  3.279317872e-03  1.301815260e+00  1.002300185e+00  2.671158163e+00  8.161248808e-01
8 3  8.605616394e-01  2.666666667e+00  5.762323484e-01  5.082480584e-01  1.317103569e+08 -1.086681239e-03  5.862708007e+06  1.538359171e+02  1.170478143e+00  2.064655984e-03  2.392692005e-03 -1.086681239e-03 -8.955153026e-04 -2.895686990e-01 -2.673221167e+00  7.219653207e-03  2.980483354e-03  1.466498248e+00  1.000863288e+00  2.525983006e+00  8.796407591e-01
9 3  9.045276898e-01  3.000000000e+00  6.143860591e-01  5.082480584e-01  1.087062329e+08  2.852975657e-03  5.983900734e+06  1.288024394e+02  1.000058029e+00  1.733441559e-03 -1.331144119e-03  2.852975657e-03  1.249565629e-02  1.369596998e+01 -2.529390606e+00  4.256745712e-03  1.979242010e-03  1.722850309e+00  9.999134998e-01  2.357791826e+00  9.220539343e-01
10 3  9.315338196e-01  3.333333333e+00  7.006155202e-01  5.082480584e-01  1.076104585e+08  1.054868366e-02  3.620603072e+06  1.067632737e+02  9.525719447e-01  1.658316600e-03  1.507425379e-02  1.054868366e-02  1.340455438e-02  1.164450071e+00 -3.563544984e+00  3.451052717e-03  1.680148500e-03  2.192467911e+00  9.994103827e-01  2.184269155e+00  9.470966111e-01
11 3  9.746101878e-01  3.666666667e+00  3.183864671e-01  5.082480584e-01  3.534264460e+07  1.759841235e-02  4.840651786e+05  1.195478790e+02  9.957614490e-01  1.213274627e-02  7.600768809e-02  1.759841235e-02  2.748457328e-02 -3.538262495e+01 -2.830005745e+01  4.351008040e-03  2.551068066e-03  2.593474582e+00  9.997825484e-01  2.078296383e+00  9.829442707e-01
12 3  9.891081809e-01  4.000000000e+00  2.423789820e-01  5.082480584e-01  8.533849201e+06  1.061510437e-02  2.016791213e+05  1.228842600e+02  6.569578913e-01  7.783740697e-03  3.610725869e-02  1.061510437e-02  2.338432722e-02 -2.027128624e+01 -1.286107445e+01  4.065590628e-03  2.244664688e-03  4.143125090e+00  9.999248503e-01  1.933719955e+00  9.928319416e-01
13 3  9.959315948e-01  4.333333333e+00  2.184045809e-01  5.082480584e-01  3.924898306e+06  7.347957987e-03  1.489465636e+05  1.177633903e+02  4.814495138e-01  4.423726691e-03  2.187486528e-02  7.347957987e-03  2.003824934e-02 -1.585924415e+01 -6.747570343e+00  3.551931850e-03  1.902932110e-03  8.720047369e+00  9.999733487e-01  1.797373160e+00  9.973276195e-01
