  0.599233257E+00  0.000000000E+00
  0.599233257E+00  0.568563839E+00
  0.599233257E+00  0.570923025E+00
  0.599233257E+00  0.590386310E+00
  0.599233257E+00  0.601002647E+00
  0.599233257E+00  0.635210845E+00
  0.599233257E+00  0.631082269E+00
  0.599233257E+00  0.646416979E+00
  0.599233257E+00  0.656443519E+00
  0.599233257E+00  0.671188432E+00
  0.599233257E+00  0.676496601E+00
  0.596874071E+00  0.687112938E+00
  0.590386310E+00  0.717782357E+00
  0.606900612E+00  0.717782357E+00
  0.614567967E+00  0.685579467E+00
  0.616927153E+00  0.685567671E+00
  0.622825118E+00  0.685697426E+00
  0.647006775E+00  0.686818040E+00
  0.653494537E+00  0.687667347E+00
  0.658212909E+00  0.687649653E+00
  0.668829246E+00  0.689448532E+00
  0.677086397E+00  0.691094064E+00
  0.685343548E+00  0.693341189E+00
  0.696549682E+00  0.697729275E+00
  0.697139479E+00  0.698024173E+00
  0.698908868E+00  0.698908868E+00
  0.701857851E+00  0.700678258E+00
  0.704806833E+00  0.702447647E+00
  0.708345612E+00  0.705396630E+00
  0.713063985E+00  0.708935409E+00
  0.716602764E+00  0.712474188E+00
  0.720731339E+00  0.716012967E+00
  0.724270118E+00  0.720141543E+00
  0.727808897E+00  0.726039508E+00
  0.730757880E+00  0.730168083E+00
  0.732527269E+00  0.733706862E+00
  0.736066049E+00  0.739604828E+00
  0.741964014E+00  0.753759944E+00
  0.744912996E+00  0.760837502E+00
  0.754939537E+00  0.785019159E+00
  0.754939537E+00  0.794455903E+00
  0.754939537E+00  0.795045700E+00
  0.772633432E+00  0.795045700E+00
  0.783249770E+00  0.795045700E+00
  0.802713055E+00  0.795045700E+00
  0.813919188E+00  0.795045700E+00
  0.836921252E+00  0.795045700E+00
  0.836921252E+00  0.772633432E+00
  0.809200816E+00  0.772633432E+00
  0.809200816E+00  0.762017095E+00
  0.948392793E+00  0.645827182E+00
  0.971394857E+00  0.635210845E+00
  0.105278678E+01  0.635210845E+00
  0.122087878E+01  0.613388374E+00
  0.125508698E+01  0.585667938E+00
  0.132409317E+01  0.418165728E+00
  0.137009730E+01  0.306104390E+00
  0.140194631E+01  0.229430844E+00
  0.139339426E+01  0.235918605E+00
  0.139453552E+01  0.130934826E+00
  0.139485047E+01  0.784429363E-01
  0.139505985E+01  0.259510466E-01
  0.139494012E+01 -0.259510466E-01
  0.139477557E+01 -0.784429363E-01
  0.139447595E+01 -0.130934826E+00
  0.139339426E+01 -0.235918605E+00
  0.140194631E+01 -0.229430844E+00
  0.125862576E+01 -0.573872007E+00
  0.105337657E+01 -0.692421107E+00
  0.104276024E+01 -0.714243578E+00
  0.104276024E+01 -0.737245642E+00
  0.992037735E+00 -0.737245642E+00
  0.809200816E+00 -0.737245642E+00
  0.809200816E+00 -0.783839566E+00
  0.837511049E+00 -0.783839566E+00
  0.837511049E+00 -0.803892648E+00
  0.750810961E+00 -0.803892648E+00
  0.680035380E+00 -0.803892648E+00
  0.599233257E+00 -0.721321136E+00
  0.599233257E+00 -0.721321136E+00
  0.599233257E+00 -0.489531106E+00
  0.599233257E+00 -0.471837211E+00
  0.599233257E+00 -0.244765553E+00
  0.599233257E+00 -0.235918605E+00
  0.599233257E+00 -0.589796513E-03
  0.599233257E+00  0.000000000E+00
