 1.695500020e+00 -1.798069460e+00  8.647857289e-01  3.282054369e+00  9.319595431e-01  4.405448549e+00  9.950772469e-01  9.159174700e-01  6.644670810e+00 512 3 10
 0.000000000e+00  0.000000000e+00  9.372809353e-07
 1.956947162e-03  2.927637991e-02  1.336888008e-01
 3.913894325e-03  4.140313854e-02  1.890603735e-01
 5.870841487e-03  5.070856823e-02  2.315423918e-01
 7.827788650e-03  5.855375183e-02  2.673478854e-01
 9.784735812e-03  6.546592288e-02  2.988828756e-01
 1.174168297e-02  7.171549825e-02  3.273808988e-01
 1.369863014e-02  7.746313201e-02  3.535744310e-01
 1.565557730e-02  8.281350989e-02  3.779404923e-01
 1.761252446e-02  8.783935533e-02  4.008102432e-01
 1.956947162e-02  9.259362477e-02  4.224246618e-01
 2.152641879e-02  9.711630178e-02  4.429655329e-01
 2.348336595e-02  1.014384548e-01  4.625738573e-01
 2.544031311e-02  1.055847962e-01  4.813619229e-01
 2.739726027e-02  1.095753643e-01  4.994207019e-01
 2.935420744e-02  1.134266766e-01  5.168250568e-01
 3.131115460e-02  1.171525396e-01  5.336375359e-01
 3.326810176e-02  1.207646341e-01  5.499110503e-01
 3.522504892e-02  1.242729470e-01  5.656906452e-01
 3.718199609e-02  1.276860977e-01  5.810151371e-01
 3.913894325e-02  1.310115868e-01  5.959184598e-01
 4.109589041e-02  1.342559887e-01  6.104301983e-01
 4.305283757e-02  1.374251058e-01  6.245761945e-01
 4.500978474e-02  1.405240906e-01  6.383791693e-01
 4.696673190e-02  1.435575444e-01  6.518594066e-01
 4.892367906e-02  1.465295953e-01  6.650357023e-01
 5.088062622e-02  1.494439611e-01  6.779254597e-01
 5.283757339e-02  1.523040036e-01  6.905438438e-01
 5.479452055e-02  1.551127779e-01  7.029037776e-01
 5.675146771e-02  1.578730731e-01  7.150166110e-01
 5.870841487e-02  1.605874435e-01  7.268939047e-01
 6.066536204e-02  1.632582302e-01  7.385470449e-01
 6.262230920e-02  1.658875847e-01  7.499856850e-01
 6.457925636e-02  1.684774939e-01  7.612177513e-01
 6.653620352e-02  1.710297987e-01  7.722508245e-01
 6.849315068e-02  1.735462072e-01  7.830926822e-01
 7.045009785e-02  1.760283054e-01  7.937505186e-01
 7.240704501e-02  1.784775700e-01  8.042311666e-01
 7.436399217e-02  1.808953783e-01  8.145408675e-01
 7.632093933e-02  1.832830186e-01  8.246839732e-01
 7.827788650e-02  1.856417018e-01  8.346651545e-01
 8.023483366e-02  1.879725633e-01  8.444909939e-01
 8.219178082e-02  1.902766658e-01  8.541663202e-01
 8.414872798e-02  1.925550112e-01  8.636940739e-01
 8.610567515e-02  1.948085478e-01  8.730780777e-01
 8.806262231e-02  1.970381698e-01  8.823224300e-01
 9.001956947e-02  1.992447218e-01  8.914314071e-01
 9.197651663e-02  2.014290018e-01  9.004085278e-01
 9.393346380e-02  2.035917667e-01  9.092565612e-01
 9.589041096e-02  2.057337356e-01  9.179779822e-01
 9.784735812e-02  2.078555930e-01  9.265755867e-01
 9.980430528e-02  2.099579891e-01  9.350526680e-01
 1.017612524e-01  2.120415416e-01  9.434122622e-01
 1.037181996e-01  2.141068388e-01  9.516565451e-01
 1.056751468e-01  2.161544429e-01  9.597869444e-01
 1.076320939e-01  2.181848927e-01  9.678054941e-01
 1.095890411e-01  2.201987021e-01  9.757150993e-01
 1.115459883e-01  2.221963610e-01  9.835184995e-01
 1.135029354e-01  2.241783378e-01  9.912172302e-01
 1.154598826e-01  2.261450825e-01  9.988121686e-01
 1.174168297e-01  2.280970282e-01  1.006304939e+00
 1.193737769e-01  2.300345899e-01  1.013697803e+00
 1.213307241e-01  2.319581650e-01  1.020992927e+00
 1.232876712e-01  2.338681347e-01  1.028191694e+00
 1.252446184e-01  2.357648662e-01  1.035294876e+00
 1.272015656e-01  2.376487142e-01  1.042303600e+00
 1.291585127e-01  2.395200203e-01  1.049219611e+00
 1.311154599e-01  2.413791125e-01  1.056044712e+00
 1.330724070e-01  2.432263064e-01  1.062780146e+00
 1.350293542e-01  2.450619070e-01  1.069426804e+00
 1.369863014e-01  2.468862092e-01  1.075985346e+00
 1.389432485e-01  2.486994985e-01  1.082456687e+00
 1.409001957e-01  2.505020507e-01  1.088842655e+00
 1.428571429e-01  2.522941308e-01  1.095144995e+00
 1.448140900e-01  2.540759948e-01  1.101364076e+00
 1.467710372e-01  2.558478921e-01  1.107499877e+00
 1.487279843e-01  2.576100650e-01  1.113553497e+00
 1.506849315e-01  2.593627476e-01  1.119526411e+00
 1.526418787e-01  2.611061658e-01  1.125420213e+00
 1.545988258e-01  2.628405381e-01  1.131235313e+00
 1.565557730e-01  2.645660773e-01  1.136971587e+00
 1.585127202e-01  2.662829916e-01  1.142629993e+00
 1.604696673e-01  2.679914818e-01  1.148211562e+00
 1.624266145e-01  2.696917430e-01  1.153717596e+00
 1.643835616e-01  2.713839638e-01  1.159148794e+00
 1.663405088e-01  2.730683284e-01  1.164505091e+00
 1.682974560e-01  2.747450167e-01  1.169787283e+00
 1.702544031e-01  2.764142032e-01  1.174995899e+00
 1.722113503e-01  2.780760580e-01  1.180132022e+00
 1.741682975e-01  2.797307460e-01  1.185196574e+00
 1.761252446e-01  2.813784277e-01  1.190189887e+00
 1.780821918e-01  2.830192601e-01  1.195112004e+00
 1.800391389e-01  2.846533968e-01  1.199963432e+00
 1.819960861e-01  2.862809872e-01  1.204745050e+00
 1.839530333e-01  2.879021769e-01  1.209458195e+00
 1.859099804e-01  2.895171065e-01  1.214103067e+00
 1.878669276e-01  2.911259148e-01  1.218679416e+00
 1.898238748e-01  2.927287378e-01  1.223187707e+00
 1.917808219e-01  2.943257080e-01  1.227628609e+00
 1.937377691e-01  2.959169547e-01  1.232003504e+00
 1.956947162e-01  2.975026029e-01  1.236312696e+00
 1.976516634e-01  2.990827759e-01  1.240555906e+00
 1.996086106e-01  3.006575949e-01  1.244733432e+00
 2.015655577e-01  3.022271783e-01  1.248846089e+00
 2.035225049e-01  3.037916415e-01  1.252894511e+00
 2.054794521e-01  3.053510972e-01  1.256879448e+00
 2.074363992e-01  3.069056556e-01  1.260800917e+00
 2.093933464e-01  3.084554252e-01  1.264659052e+00
 2.113502935e-01  3.100005125e-01  1.268454393e+00
 2.133072407e-01  3.115410214e-01  1.272187175e+00
 2.152641879e-01  3.130770542e-01  1.275858318e+00
 2.172211350e-01  3.146087102e-01  1.279468454e+00
 2.191780822e-01  3.161360870e-01  1.283017374e+00
 2.211350294e-01  3.176592809e-01  1.286505285e+00
 2.230919765e-01  3.191783866e-01  1.289932571e+00
 2.250489237e-01  3.206934967e-01  1.293299744e+00
 2.270058708e-01  3.222047019e-01  1.296607922e+00
 2.289628180e-01  3.237120904e-01  1.299857071e+00
 2.309197652e-01  3.252157500e-01  1.303046959e+00
 2.328767123e-01  3.267157669e-01  1.306177995e+00
 2.348336595e-01  3.282122258e-01  1.309250547e+00
 2.367906067e-01  3.297052099e-01  1.312265652e+00
 2.387475538e-01  3.311948000e-01  1.315223721e+00
 2.407045010e-01  3.326810758e-01  1.318124337e+00
 2.426614481e-01  3.341641168e-01  1.320967774e+00
 2.446183953e-01  3.356440007e-01  1.323754481e+00
 2.465753425e-01  3.371208038e-01  1.326485119e+00
 2.485322896e-01  3.385946007e-01  1.329160352e+00
 2.504892368e-01  3.400654650e-01  1.331780016e+00
 2.524461840e-01  3.415334693e-01  1.334344144e+00
 2.544031311e-01  3.429986857e-01  1.336853235e+00
 2.563600783e-01  3.444611845e-01  1.339307691e+00
 2.583170254e-01  3.459210351e-01  1.341707928e+00
 2.602739726e-01  3.473783056e-01  1.344054534e+00
 2.622309198e-01  3.488330631e-01  1.346347314e+00
 2.641878669e-01  3.502853741e-01  1.348586602e+00
 2.661448141e-01  3.517353042e-01  1.350772743e+00
 2.681017613e-01  3.531829179e-01  1.352906007e+00
 2.700587084e-01  3.546282788e-01  1.354987158e+00
 2.720156556e-01  3.560714490e-01  1.357016189e+00
 2.739726027e-01  3.575124906e-01  1.358993284e+00
 2.759295499e-01  3.589514646e-01  1.360918726e+00
 2.778864971e-01  3.603884312e-01  1.362792784e+00
 2.798434442e-01  3.618234500e-01  1.364615830e+00
 2.818003914e-01  3.632565796e-01  1.366388551e+00
 2.837573386e-01  3.646878773e-01  1.368110901e+00
 2.857142857e-01  3.661174005e-01  1.369783006e+00
 2.876712329e-01  3.675452057e-01  1.371405196e+00
 2.896281800e-01  3.689713489e-01  1.372977774e+00
 2.915851272e-01  3.703958850e-01  1.374501317e+00
 2.935420744e-01  3.718188682e-01  1.375976143e+00
 2.954990215e-01  3.732403521e-01  1.377402175e+00
 2.974559687e-01  3.746603902e-01  1.378779692e+00
 2.994129159e-01  3.760790350e-01  1.380109073e+00
 3.013698630e-01  3.774963385e-01  1.381390661e+00
 3.033268102e-01  3.789123521e-01  1.382624928e+00
 3.052837573e-01  3.803271262e-01  1.383811935e+00
 3.072407045e-01  3.817407114e-01  1.384951911e+00
 3.091976517e-01  3.831531573e-01  1.386045154e+00
 3.111545988e-01  3.845645132e-01  1.387091980e+00
 3.131115460e-01  3.859748279e-01  1.388092764e+00
 3.150684932e-01  3.873841493e-01  1.389047788e+00
 3.170254403e-01  3.887925253e-01  1.389957210e+00
 3.189823875e-01  3.902000030e-01  1.390821292e+00
 3.209393346e-01  3.916066293e-01  1.391640368e+00
 3.228962818e-01  3.930124506e-01  1.392414762e+00
 3.248532290e-01  3.944175127e-01  1.393144770e+00
 3.268101761e-01  3.958218609e-01  1.393830625e+00
 3.287671233e-01  3.972255404e-01  1.394472595e+00
 3.307240705e-01  3.986285958e-01  1.395071010e+00
 3.326810176e-01  4.000310713e-01  1.395626160e+00
 3.346379648e-01  4.014330106e-01  1.396138292e+00
 3.365949119e-01  4.028344572e-01  1.396607669e+00
 3.385518591e-01  4.042354542e-01  1.397034617e+00
 3.405088063e-01  4.056360442e-01  1.397419458e+00
 3.424657534e-01  4.070362695e-01  1.397762471e+00
 3.444227006e-01  4.084361721e-01  1.398063934e+00
 3.463796477e-01  4.098357936e-01  1.398324087e+00
 3.483365949e-01  4.112351752e-01  1.398543230e+00
 3.502935421e-01  4.126343579e-01  1.398721711e+00
 3.522504892e-01  4.140333823e-01  1.398859868e+00
 3.542074364e-01  4.154322886e-01  1.398957945e+00
 3.561643836e-01  4.168311168e-01  1.399016204e+00
 3.581213307e-01  4.182299065e-01  1.399034911e+00
 3.600782779e-01  4.196286971e-01  1.399014398e+00
 3.620352250e-01  4.210275277e-01  1.398955058e+00
 3.639921722e-01  4.224264369e-01  1.398857207e+00
 3.659491194e-01  4.238254631e-01  1.398721113e+00
 3.679060665e-01  4.252246445e-01  1.398546986e+00
 3.698630137e-01  4.266240190e-01  1.398335122e+00
 3.718199609e-01  4.280236242e-01  1.398085888e+00
 3.737769080e-01  4.294234976e-01  1.397799690e+00
 3.757338552e-01  4.308236759e-01  1.397476867e+00
 3.776908023e-01  4.322241961e-01  1.397117599e+00
 3.796477495e-01  4.336250945e-01  1.396722165e+00
 3.816046967e-01  4.350264077e-01  1.396290886e+00
 3.835616438e-01  4.364281715e-01  1.395824199e+00
 3.855185910e-01  4.378304218e-01  1.395322493e+00
 3.874755382e-01  4.392331938e-01  1.394786022e+00
 3.894324853e-01  4.406365229e-01  1.394214984e+00
 3.913894325e-01  4.420404441e-01  1.393609796e+00
 3.933463796e-01  4.434449922e-01  1.392970704e+00
 3.953033268e-01  4.448502018e-01  1.392298186e+00
 3.972602740e-01  4.462561070e-01  1.391592657e+00
 3.992172211e-01  4.476627418e-01  1.390854299e+00
 4.011741683e-01  4.490701400e-01  1.390083379e+00
 4.031311155e-01  4.504783353e-01  1.389280291e+00
 4.050880626e-01  4.518873610e-01  1.388445347e+00
 4.070450098e-01  4.532972503e-01  1.387579096e+00
 4.090019569e-01  4.547080358e-01  1.386681860e+00
 4.109589041e-01  4.561197502e-01  1.385753704e+00
 4.129158513e-01  4.575324259e-01  1.384795193e+00
 4.148727984e-01  4.589460952e-01  1.383806590e+00
 4.168297456e-01  4.603607900e-01  1.382788286e+00
 4.187866928e-01  4.617765421e-01  1.381740793e+00
 4.207436399e-01  4.631933826e-01  1.380664237e+00
 4.227005871e-01  4.646113432e-01  1.379559015e+00
 4.246575342e-01  4.660304547e-01  1.378425722e+00
 4.266144814e-01  4.674507478e-01  1.377264400e+00
 4.285714286e-01  4.688722534e-01  1.376075553e+00
 4.305283757e-01  4.702950016e-01  1.374859706e+00
 4.324853229e-01  4.717190224e-01  1.373616918e+00
 4.344422701e-01  4.731443460e-01  1.372347838e+00
 4.363992172e-01  4.745710018e-01  1.371052829e+00
 4.383561644e-01  4.759990192e-01  1.369731997e+00
 4.403131115e-01  4.774284275e-01  1.368386046e+00
 4.422700587e-01  4.788592555e-01  1.367015122e+00
 4.442270059e-01  4.802915320e-01  1.365619707e+00
 4.461839530e-01  4.817252855e-01  1.364200326e+00
 4.481409002e-01  4.831605439e-01  1.362757240e+00
 4.500978474e-01  4.845973354e-01  1.361290780e+00
 4.520547945e-01  4.860356877e-01  1.359801357e+00
 4.540117417e-01  4.874756284e-01  1.358289302e+00
 4.559686888e-01  4.889171846e-01  1.356755240e+00
 4.579256360e-01  4.903603832e-01  1.355199682e+00
 4.598825832e-01  4.918052507e-01  1.353622704e+00
 4.618395303e-01  4.932518138e-01  1.352024692e+00
 4.637964775e-01  4.947000988e-01  1.350405961e+00
 4.657534247e-01  4.961501317e-01  1.348767284e+00
 4.677103718e-01  4.976019378e-01  1.347109124e+00
 4.696673190e-01  4.990555425e-01  1.345431885e+00
 4.716242661e-01  5.005109707e-01  1.343735516e+00
 4.735812133e-01  5.019682477e-01  1.342020438e+00
 4.755381605e-01  5.034273980e-01  1.340287395e+00
 4.774951076e-01  5.048884459e-01  1.338537021e+00
 4.794520548e-01  5.063514149e-01  1.336769600e+00
 4.814090020e-01  5.078163286e-01  1.334985561e+00
 4.833659491e-01  5.092832104e-01  1.333184768e+00
 4.853228963e-01  5.107520840e-01  1.331367898e+00
 4.872798434e-01  5.122229719e-01  1.329535875e+00
 4.892367906e-01  5.136958963e-01  1.327688972e+00
 4.911937378e-01  5.151708791e-01  1.325827657e+00
 4.931506849e-01  5.166479420e-01  1.323952185e+00
 4.951076321e-01  5.181271066e-01  1.322062424e+00
 4.970645793e-01  5.196083946e-01  1.320159520e+00
 4.990215264e-01  5.210918264e-01  1.318244096e+00
 5.009784736e-01  5.225774222e-01  1.316316481e+00
 5.029354207e-01  5.240652017e-01  1.314377139e+00
 5.048923679e-01  5.255551848e-01  1.312425793e+00
 5.068493151e-01  5.270473913e-01  1.310463179e+00
 5.088062622e-01  5.285418404e-01  1.308490315e+00
 5.107632094e-01  5.300385500e-01  1.306507651e+00
 5.127201566e-01  5.315375381e-01  1.304515507e+00
 5.146771037e-01  5.330388225e-01  1.302513944e+00
 5.166340509e-01  5.345424210e-01  1.300503168e+00
 5.185909980e-01  5.360483510e-01  1.298484251e+00
 5.205479452e-01  5.375566286e-01  1.296457876e+00
 5.225048924e-01  5.390672697e-01  1.294424478e+00
 5.244618395e-01  5.405802898e-01  1.292383964e+00
 5.264187867e-01  5.420957047e-01  1.290336781e+00
 5.283757339e-01  5.436135293e-01  1.288283555e+00
 5.303326810e-01  5.451337782e-01  1.286225120e+00
 5.322896282e-01  5.466564647e-01  1.284162026e+00
 5.342465753e-01  5.481816023e-01  1.282094323e+00
 5.362035225e-01  5.497092040e-01  1.280022347e+00
 5.381604697e-01  5.512392828e-01  1.277946893e+00
 5.401174168e-01  5.527718503e-01  1.275868286e+00
 5.420743640e-01  5.543069183e-01  1.273787333e+00
 5.440313112e-01  5.558444973e-01  1.271704270e+00
 5.459882583e-01  5.573845981e-01  1.269619373e+00
 5.479452055e-01  5.589272308e-01  1.267533592e+00
 5.499021526e-01  5.604724044e-01  1.265447122e+00
 5.518590998e-01  5.620201280e-01  1.263360366e+00
 5.538160470e-01  5.635704100e-01  1.261273955e+00
 5.557729941e-01  5.651232582e-01  1.259188259e+00
 5.577299413e-01  5.666786799e-01  1.257104049e+00
 5.596868885e-01  5.682366813e-01  1.255021932e+00
 5.616438356e-01  5.697972683e-01  1.252941819e+00
 5.636007828e-01  5.713604468e-01  1.250864319e+00
 5.655577299e-01  5.729262217e-01  1.248789962e+00
 5.675146771e-01  5.744945973e-01  1.246719534e+00
 5.694716243e-01  5.760655769e-01  1.244653607e+00
 5.714285714e-01  5.776391633e-01  1.242592455e+00
 5.733855186e-01  5.792153588e-01  1.240536231e+00
 5.753424658e-01  5.807941658e-01  1.238485211e+00
 5.772994129e-01  5.823755858e-01  1.236440456e+00
 5.792563601e-01  5.839596189e-01  1.234402571e+00
 5.812133072e-01  5.855462646e-01  1.232371777e+00
 5.831702544e-01  5.871355224e-01  1.230348445e+00
 5.851272016e-01  5.887273910e-01  1.228332470e+00
 5.870841487e-01  5.903218693e-01  1.226324610e+00
 5.890410959e-01  5.919189547e-01  1.224325514e+00
 5.909980431e-01  5.935186441e-01  1.222335341e+00
 5.929549902e-01  5.951209343e-01  1.220354281e+00
 5.949119374e-01  5.967258216e-01  1.218382497e+00
 5.968688845e-01  5.983333020e-01  1.216420139e+00
 5.988258317e-01  5.999433714e-01  1.214467633e+00
 6.007827789e-01  6.015560246e-01  1.212525155e+00
 6.027397260e-01  6.031712567e-01  1.210592788e+00
 6.046966732e-01  6.047890623e-01  1.208670611e+00
 6.066536204e-01  6.064094359e-01  1.206758790e+00
 6.086105675e-01  6.080323716e-01  1.204857380e+00
 6.105675147e-01  6.096578634e-01  1.202966457e+00
 6.125244618e-01  6.112859052e-01  1.201086052e+00
 6.144814090e-01  6.129164907e-01  1.199216176e+00
 6.164383562e-01  6.145496135e-01  1.197356826e+00
 6.183953033e-01  6.161852672e-01  1.195507979e+00
 6.203522505e-01  6.178234451e-01  1.193669638e+00
 6.223091977e-01  6.194641407e-01  1.191841721e+00
 6.242661448e-01  6.211073474e-01  1.190024166e+00
 6.262230920e-01  6.227530586e-01  1.188216824e+00
 6.281800391e-01  6.244012679e-01  1.186419573e+00
 6.301369863e-01  6.260519690e-01  1.184632299e+00
 6.320939335e-01  6.277051554e-01  1.182855004e+00
 6.340508806e-01  6.293608208e-01  1.181087566e+00
 6.360078278e-01  6.310189589e-01  1.179329606e+00
 6.379647750e-01  6.326795640e-01  1.177580891e+00
 6.399217221e-01  6.343426305e-01  1.175841247e+00
 6.418786693e-01  6.360081530e-01  1.174110501e+00
 6.438356164e-01  6.376761261e-01  1.172388905e+00
 6.457925636e-01  6.393465440e-01  1.170675827e+00
 6.477495108e-01  6.410194023e-01  1.168970792e+00
 6.497064579e-01  6.426946968e-01  1.167273588e+00
 6.516634051e-01  6.443724234e-01  1.165584024e+00
 6.536203523e-01  6.460525782e-01  1.163902040e+00
 6.555772994e-01  6.477351574e-01  1.162227379e+00
 6.575342466e-01  6.494201578e-01  1.160559651e+00
 6.594911937e-01  6.511075766e-01  1.158898240e+00
 6.614481409e-01  6.527974117e-01  1.157242895e+00
 6.634050881e-01  6.544896614e-01  1.155593580e+00
 6.653620352e-01  6.561843240e-01  1.153949731e+00
 6.673189824e-01  6.578813985e-01  1.152311078e+00
 6.692759295e-01  6.595808844e-01  1.150677412e+00
 6.712328767e-01  6.612827815e-01  1.149048164e+00
 6.731898239e-01  6.629870903e-01  1.147423226e+00
 6.751467710e-01  6.646938115e-01  1.145801853e+00
 6.771037182e-01  6.664029472e-01  1.144183693e+00
 6.790606654e-01  6.681144995e-01  1.142568416e+00
 6.810176125e-01  6.698284710e-01  1.140956064e+00
 6.829745597e-01  6.715448645e-01  1.139346212e+00
 6.849315068e-01  6.732636834e-01  1.137737953e+00
 6.868884540e-01  6.749849328e-01  1.136130820e+00
 6.888454012e-01  6.767086181e-01  1.134524565e+00
 6.908023483e-01  6.784347449e-01  1.132919064e+00
 6.927592955e-01  6.801633193e-01  1.131313906e+00
 6.947162427e-01  6.818943481e-01  1.129708675e+00
 6.966731898e-01  6.836278387e-01  1.128102647e+00
 6.986301370e-01  6.853638000e-01  1.126495197e+00
 7.005870841e-01  6.871022414e-01  1.124886102e+00
 7.025440313e-01  6.888431728e-01  1.123275416e+00
 7.045009785e-01  6.905866039e-01  1.121662172e+00
 7.064579256e-01  6.923325467e-01  1.120045983e+00
 7.084148728e-01  6.940810131e-01  1.118426701e+00
 7.103718200e-01  6.958320156e-01  1.116803657e+00
 7.123287671e-01  6.975855679e-01  1.115176468e+00
 7.142857143e-01  6.993416844e-01  1.113544498e+00
 7.162426614e-01  7.011003806e-01  1.111907336e+00
 7.181996086e-01  7.028616726e-01  1.110264351e+00
 7.201565558e-01  7.046255776e-01  1.108615625e+00
 7.221135029e-01  7.063921126e-01  1.106960944e+00
 7.240704501e-01  7.081612955e-01  1.105299241e+00
 7.260273973e-01  7.099331463e-01  1.103629796e+00
 7.279843444e-01  7.117076859e-01  1.101952388e+00
 7.299412916e-01  7.134849353e-01  1.100266866e+00
 7.318982387e-01  7.152649163e-01  1.098572650e+00
 7.338551859e-01  7.170476520e-01  1.096869060e+00
 7.358121331e-01  7.188331665e-01  1.095155964e+00
 7.377690802e-01  7.206214843e-01  1.093432634e+00
 7.397260274e-01  7.224126317e-01  1.091698514e+00
 7.416829746e-01  7.242066356e-01  1.089953392e+00
 7.436399217e-01  7.260035237e-01  1.088196522e+00
 7.455968689e-01  7.278033255e-01  1.086427136e+00
 7.475538160e-01  7.296060715e-01  1.084644750e+00
 7.495107632e-01  7.314117936e-01  1.082849048e+00
 7.514677104e-01  7.332205240e-01  1.081039608e+00
 7.534246575e-01  7.350322962e-01  1.079215771e+00
 7.553816047e-01  7.368471453e-01  1.077377272e+00
 7.573385519e-01  7.386651063e-01  1.075524209e+00
 7.592954990e-01  7.404862146e-01  1.073656525e+00
 7.612524462e-01  7.423105062e-01  1.071773358e+00
 7.632093933e-01  7.441380178e-01  1.069877657e+00
 7.651663405e-01  7.459687807e-01  1.067968834e+00
 7.671232877e-01  7.478028286e-01  1.066049788e+00
 7.690802348e-01  7.496401881e-01  1.064122802e+00
 7.710371820e-01  7.514808838e-01  1.062188447e+00
 7.729941292e-01  7.533249384e-01  1.060251101e+00
 7.749510763e-01  7.551723657e-01  1.058314214e+00
 7.769080235e-01  7.570231752e-01  1.056380058e+00
 7.788649706e-01  7.588773737e-01  1.054449540e+00
 7.808219178e-01  7.607349676e-01  1.052519915e+00
 7.827788650e-01  7.625959665e-01  1.050595576e+00
 7.847358121e-01  7.644603663e-01  1.048686358e+00
 7.866927593e-01  7.663281474e-01  1.046795477e+00
 7.886497065e-01  7.681992888e-01  1.044922469e+00
 7.906066536e-01  7.700737698e-01  1.043068989e+00
 7.925636008e-01  7.719515636e-01  1.041240085e+00
 7.945205479e-01  7.738326325e-01  1.039441442e+00
 7.964774951e-01  7.757169304e-01  1.037675463e+00
 7.984344423e-01  7.776044105e-01  1.035935657e+00
 8.003913894e-01  7.794950353e-01  1.034229213e+00
 8.023483366e-01  7.813887445e-01  1.032566166e+00
 8.043052838e-01  7.832854632e-01  1.030950225e+00
 8.062622309e-01  7.851851132e-01  1.029381918e+00
 8.082191781e-01  7.870876145e-01  1.027862099e+00
 8.101761252e-01  7.889928835e-01  1.026394206e+00
 8.121330724e-01  7.909008276e-01  1.024983064e+00
 8.140900196e-01  7.928113452e-01  1.023630996e+00
 8.160469667e-01  7.947243310e-01  1.022340465e+00
 8.180039139e-01  7.966396736e-01  1.021113928e+00
 8.199608611e-01  7.985572567e-01  1.019953013e+00
 8.219178082e-01  8.004769605e-01  1.018859707e+00
 8.238747554e-01  8.023986612e-01  1.017834648e+00
 8.258317025e-01  8.043222344e-01  1.016876911e+00
 8.277886497e-01  8.062475577e-01  1.015985021e+00
 8.297455969e-01  8.081745116e-01  1.015156195e+00
 8.317025440e-01  8.101029822e-01  1.014386618e+00
 8.336594912e-01  8.120328620e-01  1.013675405e+00
 8.356164384e-01  8.139640460e-01  1.013015455e+00
 8.375733855e-01  8.158964485e-01  1.012393072e+00
 8.395303327e-01  8.178300057e-01  1.011808473e+00
 8.414872798e-01  8.197646477e-01  1.011258060e+00
 8.434442270e-01  8.217003222e-01  1.010724199e+00
 8.454011742e-01  8.236370123e-01  1.010196364e+00
 8.473581213e-01  8.255747129e-01  1.009668883e+00
 8.493150685e-01  8.275134272e-01  1.009141829e+00
 8.512720157e-01  8.294531589e-01  1.008609363e+00
 8.532289628e-01  8.313939311e-01  1.008054853e+00
 8.551859100e-01  8.333357979e-01  1.007472374e+00
 8.571428571e-01  8.352788155e-01  1.006863980e+00
 8.590998043e-01  8.372230418e-01  1.006215766e+00
 8.610567515e-01  8.391685712e-01  1.005511926e+00
 8.630136986e-01  8.411155210e-01  1.004749062e+00
 8.649706458e-01  8.430640109e-01  1.003922799e+00
 8.669275930e-01  8.450141758e-01  1.003019954e+00
 8.688845401e-01  8.469661778e-01  1.002032499e+00
 8.708414873e-01  8.489201883e-01  1.000959388e+00
 8.727984344e-01  8.508763792e-01  9.997994017e-01
 8.747553816e-01  8.528349268e-01  9.985522460e-01
 8.767123288e-01  8.547960090e-01  9.972163897e-01
 8.786692759e-01  8.567598093e-01  9.957889037e-01
 8.806262231e-01  8.587265181e-01  9.942685944e-01
 8.825831703e-01  8.606963270e-01  9.926580761e-01
 8.845401174e-01  8.626694231e-01  9.909586497e-01
 8.864970646e-01  8.646459960e-01  9.891681118e-01
 8.884540117e-01  8.666262420e-01  9.872853658e-01
 8.904109589e-01  8.686103593e-01  9.853120034e-01
 8.923679061e-01  8.705985428e-01  9.832530474e-01
 8.943248532e-01  8.725909811e-01  9.811071677e-01
 8.962818004e-01  8.745878718e-01  9.788728774e-01
 8.982387476e-01  8.765894158e-01  9.765503993e-01
 9.001956947e-01  8.785958143e-01  9.741420800e-01
 9.021526419e-01  8.806072645e-01  9.716534038e-01
 9.041095890e-01  8.826239571e-01  9.690820298e-01
 9.060665362e-01  8.846460933e-01  9.664308744e-01
 9.080234834e-01  8.866738674e-01  9.637008146e-01
 9.099804305e-01  8.887074804e-01  9.608869539e-01
 9.119373777e-01  8.907471462e-01  9.579912763e-01
 9.138943249e-01  8.927930742e-01  9.550126258e-01
 9.158512720e-01  8.948454832e-01  9.519485844e-01
 9.178082192e-01  8.969045933e-01  9.488137595e-01
 9.197651663e-01  8.989705979e-01  9.456019670e-01
 9.217221135e-01  9.010437254e-01  9.423005048e-01
 9.236790607e-01  9.031242243e-01  9.389190942e-01
 9.256360078e-01  9.052123205e-01  9.354536398e-01
 9.275929550e-01  9.073082708e-01  9.318893451e-01
 9.295499022e-01  9.094123598e-01  9.282340624e-01
 9.315068493e-01  9.115248408e-01  9.245115320e-01
 9.334637965e-01  9.136459421e-01  9.206908483e-01
 9.354207436e-01  9.157759983e-01  9.167433372e-01
 9.373776908e-01  9.179153664e-01  9.127137519e-01
 9.393346380e-01  9.200642854e-01  9.086192060e-01
 9.412915851e-01  9.222230374e-01  9.043945340e-01
 9.432485323e-01  9.243920883e-01  8.999935263e-01
 9.452054795e-01  9.265719355e-01  8.954658087e-01
 9.471624266e-01  9.287628702e-01  8.910008515e-01
 9.491193738e-01  9.309648606e-01  8.864055348e-01
 9.510763209e-01  9.331786152e-01  8.815405853e-01
 9.530332681e-01  9.354049890e-01  8.761093728e-01
 9.549902153e-01  9.376448866e-01  8.707895698e-01
 9.569471624e-01  9.398949540e-01  8.707787041e-01
 9.589041096e-01  9.421409938e-01  8.717901513e-01
 9.608610568e-01  9.443871876e-01  8.702072956e-01
 9.628180039e-01  9.466418262e-01  8.651057209e-01
 9.647749511e-01  9.489146975e-01  8.562090641e-01
 9.667318982e-01  9.512162848e-01  8.440589311e-01
 9.686888454e-01  9.535570819e-01  8.267812448e-01
 9.706457926e-01  9.559548501e-01  8.042175043e-01
 9.726027397e-01  9.584252980e-01  7.800638029e-01
 9.745596869e-01  9.609731351e-01  7.562735379e-01
 9.765166341e-01  9.636008354e-01  7.334980117e-01
 9.784735812e-01  9.663088205e-01  7.121917215e-01
 9.804305284e-01  9.690956412e-01  6.926546795e-01
 9.823874755e-01  9.719581575e-01  6.750711747e-01
 9.843444227e-01  9.748917189e-01  6.595425996e-01
 9.863013699e-01  9.778903420e-01  6.461137582e-01
 9.882583170e-01  9.809468866e-01  6.347931613e-01
 9.902152642e-01  9.840532295e-01  6.255682164e-01
 9.921722114e-01  9.872004349e-01  6.184163444e-01
 9.941291585e-01  9.903789221e-01  6.133129340e-01
 9.960861057e-01  9.935786287e-01  6.102369227e-01
 9.980430528e-01  9.967891711e-01  6.095106722e-01
 1.000000000e+00  1.000000000e+00  6.094562815e-01
4  4.575735814e-01  7.537243274e-01  1.016090399e+00  7.607237897e-01  9.543353783e-01  4.319422181e+01  4.185731523e-01  9.975076645e-01  4.129728426e-01  2.771642520e+00
5  5.855298749e-01  1.054910899e+00  1.009408648e+00  6.260121898e-01  9.273746680e-01  2.746502887e+01  3.713471475e-01  1.069772974e+00  5.811931089e-01  2.818707378e+00
6  6.863424330e-01  1.232544545e+00  1.005638136e+00  5.353974568e-01  9.052013182e-01  2.084783638e+01  3.454638469e-01  1.161415247e+00  6.997321191e-01  2.743059642e+00
7  7.732347341e-01  1.372289514e+00  1.002877136e+00  4.703254089e-01  8.936934422e-01  1.725647413e+01  3.285416668e-01  1.260879933e+00  7.938988980e-01  2.641587261e+00
8  8.439318373e-01  1.768743435e+00  1.000942659e+00  4.207759676e-01  9.048459765e-01  1.571273816e+01  3.181324041e-01  1.386224625e+00  8.658417075e-01  2.517853744e+00
9  8.941031417e-01  2.274350748e+00  9.998726862e-01  3.810693859e-01  9.579049722e-01  1.622655734e+01  3.132528371e-01  1.577711761e+00  9.151441845e-01  2.368610952e+00
10  9.391792708e-01  2.069517218e+00  9.996156122e-01  3.498369110e-01  1.068870974e+00  1.874044864e+01  3.129086194e-01  1.845098325e+00  9.563249237e-01  2.238646114e+00
11  9.694017666e-01  4.257248626e+00  9.998705395e-01  3.231969026e-01  1.272229944e+00  2.503953043e+01  3.160892024e-01  2.424015197e+00  9.806422606e-01  2.101158482e+00
12  9.848350757e-01  7.427593422e+00  9.999406554e-01  2.993011026e-01  1.539916979e+00  3.495856315e+01  3.199237973e-01  3.693113707e+00  9.907035791e-01  1.956862924e+00
13  9.928742200e-01  1.382784599e+01  9.999691710e-01  2.784285463e-01  1.756544029e+00  4.322601580e+01  3.242758738e-01  6.239725563e+00  9.956560822e-01  1.821131933e+00
0 0 -1.221063492e-01 -1.650763457e-17
0 1  1.377477490e-02 -6.127512443e-03
0 2 -1.580264698e-02  7.765989666e-03
0 3  3.150859831e-03 -8.997499088e-03
0 4  1.328463807e-03  7.247413129e-03
0 5 -6.461380378e-03 -1.324944528e-03
0 6  1.100033218e-03 -4.945973050e-03
0 7  4.205680558e-03 -5.185047429e-04
0 8  2.960233875e-03  2.471379363e-03
0 9  1.448299268e-03  3.276871427e-03
1 0 -1.128096531e-01 -5.018176765e-02
1 1 -9.398406725e-02  6.709569183e-17
1 2  8.500810291e-03 -8.684397384e-03
1 3 -1.287959536e-02  1.057465579e-02
1 4 -3.245889890e-03 -9.930493738e-03
1 5  5.912793585e-03  2.953785523e-03
1 6 -3.703441514e-03  5.744097885e-03
1 7 -6.161571768e-03 -4.232080385e-04
1 8 -3.795061780e-03 -3.793419302e-03
1 9 -1.677952306e-03 -4.435094349e-03
2 0  1.294170785e-01  6.360021176e-02
2 1 -9.044948299e-02 -9.240286826e-02
2 2 -7.466060241e-02 -6.987263899e-17
2 3  3.604827512e-03 -1.043556347e-02
2 4 -7.297717668e-03  1.111802759e-02
2 5 -9.625451627e-03 -5.839944822e-03
2 6  3.193453309e-03 -5.178285078e-03
2 7  4.373345870e-03  2.231469742e-03
2 8  1.112728823e-03  4.968715985e-03
2 9 -1.109664057e-03  4.927024292e-03
3 0 -2.580422600e-02 -7.368575956e-02
3 1  1.370401999e-01  1.125154093e-01
3 2 -4.828286131e-02 -1.397733628e-01
3 3 -6.136622037e-02  2.484772927e-17
3 4 -9.037705971e-04 -1.206687384e-02
3 5 -1.583831691e-03  9.237367515e-03
3 6 -1.091343743e-02  2.334570830e-03
3 7 -6.656336532e-03 -5.180446925e-03
3 8 -1.434269127e-03 -5.980131414e-03
3 9  1.042478763e-03 -4.745392595e-03
4 0 -1.087956373e-02  5.935328651e-02
4 1  3.453659737e-02 -1.056614597e-01
4 2  9.774522884e-02  1.489142497e-01
4 3  1.472749326e-02 -1.966370711e-01
4 4 -5.142856577e-02 -8.713698034e-17
4 5 -5.949159102e-03 -1.326247887e-02
4 6  2.749157072e-03  2.956513736e-03
4 7 -3.966449848e-03  7.063798120e-03
4 8 -7.756369990e-03  4.331202365e-03
4 9 -8.279511677e-03  1.704150337e-03
5 0  5.291600659e-02 -1.085074229e-02
5 1 -6.291272296e-02  3.142857731e-02
5 2  1.289227694e-01 -7.821989956e-02
5 3  2.580950369e-02  1.505285393e-01
5 4  1.156781064e-01 -2.578815620e-01
5 5 -4.297826504e-02  4.321145051e-17
5 6 -1.031589988e-02 -1.172565679e-02
5 7  1.070929116e-03 -4.956943048e-03
5 8  2.117337492e-03  9.327484917e-04
5 9  8.843351928e-04  3.245792151e-03
6 0 -9.008812604e-03 -4.050545351e-02
6 1  3.940499302e-02  6.111778361e-02
6 2 -4.277293788e-02 -6.935766537e-02
6 3  1.778411212e-01  3.804325598e-02
6 4 -5.345583783e-02  5.748777341e-02
6 5  2.400259729e-01 -2.728275975e-01
6 6 -3.631399193e-02 -1.078134030e-16
6 7 -1.426270347e-02 -9.062085765e-03
6 8 -5.562746645e-03 -8.801984209e-03
6 9 -1.871079876e-03 -6.737243161e-03
7 0 -3.444276719e-02 -4.246337282e-03
7 1  6.555974804e-02 -4.502976419e-03
7 2 -5.857635390e-02  2.988818293e-02
7 3  1.084690648e-01 -8.441854319e-02
7 4  7.712542219e-02  1.373516452e-01
7 5 -2.491792340e-02 -1.153360435e-01
7 6  3.927605508e-01 -2.495480470e-01
7 7 -2.938798422e-02 -7.963467303e-17
7 8 -1.552064364e-02 -5.455010302e-03
7 9 -1.100649139e-02 -6.918959860e-03
8 0 -2.424307904e-02  2.023956477e-02
8 1  4.037984193e-02 -4.036236581e-02
8 2 -1.490382862e-02  6.655070846e-02
8 3  2.337229046e-02 -9.744988981e-02
8 4  1.508183219e-01  8.421783302e-02
8 5 -4.926530864e-02  2.170279537e-02
8 6  1.531846638e-01 -2.423854757e-01
8 7  5.281288952e-01 -1.856204312e-01
8 8 -2.244191706e-02 -8.346916829e-17
8 9 -1.230207810e-02 -2.210759077e-03
9 0 -1.186096609e-02  2.683620834e-02
9 1  1.785358258e-02 -4.718985333e-02
9 2  1.486277932e-02  6.599229222e-02
9 3 -1.698782745e-02 -7.732906746e-02
9 4  1.609905225e-01  3.313626019e-02
9 5 -2.057633532e-02  7.552171191e-02
9 6  5.152503970e-02 -1.855274731e-01
9 7  3.745235233e-01 -2.354349930e-01
9 8  5.481741186e-01 -9.851025966e-02
9 9 -1.798363216e-02  1.218875357e-16
0 0 -8.632807927e+00  9.012106120e-16
0 1 -8.525465253e-01  5.711814191e-01
0 2  1.464257906e+00 -5.907300165e-01
0 3 -1.623583050e-01  4.727220175e-01
0 4 -2.262854416e-02 -3.304934823e-01
0 5  2.545459810e-01  7.262372861e-02
0 6 -2.636202023e-02  1.797883313e-01
0 7 -1.233862488e-01  3.565795766e-02
0 8 -5.596285260e-02 -8.185079375e-02
0 9  2.648211086e-02 -1.324451640e-01
1 0 -8.525465253e-01 -5.711814191e-01
1 1 -1.146266702e+01 -9.029011142e-15
1 2 -6.640495370e-01  1.324281481e+00
1 3  2.037563793e+00 -1.363222031e+00
1 4  2.747752315e-01  8.712972516e-01
1 5 -3.867170682e-01 -2.827453688e-01
1 6  2.204630210e-01 -3.532125778e-01
1 7  2.979412671e-01 -3.379894548e-03
1 8  1.036843072e-01  1.926866950e-01
1 9 -6.556580658e-02  2.578846660e-01
2 0  1.464257906e+00  5.907300165e-01
2 1 -6.640495370e-01 -1.324281481e+00
2 2 -1.463970695e+01  2.085602988e-14
2 3 -5.563930250e-02  2.428947778e+00
2 4  1.985323201e+00 -2.305795086e+00
2 5  1.274819207e+00  8.702631805e-01
2 6 -3.490777151e-01  5.143895946e-01
2 7 -3.759493578e-01 -1.579165939e-01
2 8  2.907347499e-02 -3.805214168e-01
2 9  3.752395045e-01 -3.926114223e-01
3 0 -1.623583050e-01 -4.727220175e-01
3 1  2.037563793e+00  1.363222031e+00
3 2 -5.563930250e-02 -2.428947778e+00
3 3 -1.827084844e+01  6.305502891e-15
3 4  1.254023624e+00  4.131163506e+00
3 5  1.286015124e+00 -3.242976313e+00
3 6  2.165785939e+00 -4.061646985e-01
3 7  8.347709228e-01  6.681686195e-01
3 8 -1.163597107e-01  5.333112455e-01
3 9 -5.632955673e-01  2.157915829e-01
4 0 -2.262854416e-02  3.304934823e-01
4 1  2.747752315e-01 -8.712972516e-01
4 2  1.985323201e+00  2.305795086e+00
4 3  1.254023624e+00 -4.131163506e+00
4 4 -2.259959783e+01  3.240755189e-14
4 5  3.822280114e+00  6.298031898e+00
4 6 -5.158881826e-01 -2.342302155e+00
4 7  1.072933985e+00 -1.846866724e+00
4 8  1.626523849e+00 -5.960549249e-01
4 9  1.890499751e+00  2.915663993e-01
5 0  2.545459810e-01 -7.262372861e-02
5 1 -3.867170682e-01  2.827453688e-01
5 2  1.274819207e+00 -8.702631805e-01
5 3  1.286015124e+00  3.242976313e+00
5 4  3.822280114e+00 -6.298031898e+00
5 5 -2.759631509e+01  9.265397954e-14
5 6  7.838727760e+00  7.626669547e+00
5 7 -8.253324920e-01  6.182124636e-01
5 8 -3.437156265e-01 -1.980245240e+00
5 9  9.816959781e-01 -3.110335538e+00
6 0 -2.636202023e-02 -1.797883313e-01
6 1  2.204630210e-01  3.532125778e-01
6 2 -3.490777151e-01 -5.143895946e-01
6 3  2.165785939e+00  4.061646985e-01
6 4 -5.158881826e-01  2.342302155e+00
6 5  7.838727760e+00 -7.626669547e+00
6 6 -3.504071811e+01  1.872264190e-13
6 7  1.349671239e+01  7.524962636e+00
6 8  6.349074639e-01  2.140020047e+00
6 9 -1.599524662e+00 -1.127838516e+00
7 0 -1.233862488e-01 -3.565795766e-02
7 1  2.979412671e-01  3.379894548e-03
7 2 -3.759493578e-01  1.579165939e-01
7 3  8.347709228e-01 -6.681686195e-01
7 4  1.072933985e+00  1.846866724e+00
7 5 -8.253324920e-01 -6.182124636e-01
7 6  1.349671239e+01 -7.524962636e+00
7 7 -4.895550577e+01  1.019211782e-13
7 8  1.993700093e+01  6.347974104e+00
7 9  5.744248302e+00  4.540604559e+00
8 0 -5.596285260e-02  8.185079375e-02
8 1  1.036843072e-01 -1.926866950e-01
8 2  2.907347499e-02  3.805214168e-01
8 3 -1.163597107e-01 -5.333112455e-01
8 4  1.626523849e+00  5.960549249e-01
8 5 -3.437156265e-01  1.980245240e+00
8 6  6.349074639e-01 -2.140020047e+00
8 7  1.993700093e+01 -6.347974104e+00
8 8 -6.180844334e+01  1.493006263e-13
8 9  3.048183558e+01  5.477773276e+00
9 0  2.648211086e-02  1.324451640e-01
9 1 -6.556580658e-02 -2.578846660e-01
9 2  3.752395045e-01  3.926114223e-01
9 3 -5.632955673e-01 -2.157915829e-01
9 4  1.890499751e+00 -2.915663993e-01
9 5  9.816959781e-01  3.110335538e+00
9 6 -1.599524662e+00  1.127838516e+00
9 7  5.744248302e+00 -4.540604559e+00
9 8  3.048183558e+01 -5.477773276e+00
9 9 -5.560611956e+01 -3.768812009e-13
0  6.926445549e-02  5.459810964e-03 -1.519271419e-01 -4.064160512e-02
1  1.117499712e-01  9.172027409e-03  1.665779590e-01  8.441212660e-02
2  1.529083268e-01  1.146203766e-02 -1.375230846e-01 -1.432367054e-01
3  2.043592113e-01  1.596097985e-02  4.960136151e-02  1.981049143e-01
4  2.568326487e-01  1.777631342e-02  1.010930005e-01 -1.776437007e-01
5  2.955392914e-01  2.023304440e-02 -1.992286754e-01 -4.837786504e-03
6  3.355371395e-01  2.218061641e-02  7.858789945e-03  1.916585221e-01
7  3.519763195e-01  2.204733869e-02  1.698649790e-01  6.156095794e-02
8  3.426011842e-01  2.044149817e-02  1.530486764e-01 -7.098359008e-02
9  3.232484672e-01  1.482768622e-02  1.001471326e-01 -1.212060371e-01
