13  2.408920857e-07
4 3  3.678070652e-01  1.333333333e+00  7.544089934e-01  5.101770526e-01  2.528954691e+08 -2.895850657e-02  1.373353704e+06  2.267693429e+02  1.357403203e+00  1.572061314e-03 -2.895850657e-02 -4.270655502e-02 -6.084446074e+00 -5.006761713e+00  4.376678388e-03  1.969809012e-03  9.898521314e-01  1.008224298e+00  2.653675198e+00  3.178041527e-01
5 3  4.785447905e-01  1.666666667e+00  6.753456293e-01  5.101770526e-01  2.079471249e+08 -2.192755019e-02  3.803367389e+05  1.606197542e+02  1.308550738e+00  1.724448001e-03 -2.192755019e-02 -3.270806654e-02 -4.364048268e+00 -4.597198220e+00  6.381551931e-03  2.474151156e-03  1.037076632e+00  1.005570058e+00  2.754834107e+00  4.697087453e-01
6 3  5.703476963e-01  2.000000000e+00  6.279953051e-01  5.101770526e-01  1.801051586e+08 -1.455231288e-02  1.931994271e+06  1.269340096e+02  1.340479789e+00  2.003102558e-03 -1.455231288e-02 -2.325597027e-02 -3.244646110e+00 -3.959498989e+00  9.523047230e-03  3.190279009e-03  1.107732464e+00  1.003791241e+00  2.731255771e+00  5.833924330e-01
7 3  6.510877024e-01  2.333333333e+00  5.961132926e-01  5.101770526e-01  1.648451595e+08 -1.296967470e-02  1.475089966e+06  1.086155588e+02  1.380021294e+00  2.271051097e-03 -1.296967470e-02 -2.037001704e-02 -2.566172317e+00 -3.461901923e+00  9.210927426e-03  3.074345941e-03  1.185249570e+00  1.002386937e+00  2.668746849e+00  6.746836243e-01
8 3  7.233944719e-01  2.666666667e+00  5.731270004e-01  5.101770526e-01  1.589015552e+08 -1.089930458e-02  9.514030292e+05  9.743325239e+01  1.426417935e+00  2.515426660e-03 -1.089930458e-02 -1.735500982e-02 -2.076760736e+00 -3.055327651e+00  9.427196852e-03  3.175130777e-03  1.264871926e+00  1.001179043e+00  2.591358370e+00  7.513885531e-01
9 3  7.893725706e-01  3.000000000e+00  5.570691390e-01  5.101770526e-01  1.497758951e+08 -8.702457066e-03  1.924021375e+06  8.748662769e+01  1.451821403e+00  2.641300874e-03 -8.702457066e-03 -1.417570738e-02 -1.370997886e+00 -2.691556089e+00  9.678265793e-03  3.428144012e-03  1.353759162e+00  1.000129878e+00  2.510882862e+00  8.170107485e-01
10 3  8.431154699e-01  3.333333333e+00  5.533449862e-01  5.101770526e-01  1.278525807e+08 -4.374445477e-03  4.442762619e+06  7.651509919e+01  1.339091949e+00  2.114005191e-03 -4.374445477e-03 -8.517652328e-03  9.028437760e-01 -2.620778986e+00  7.930492344e-03  3.142050280e-03  1.463473394e+00  9.993719898e-01  2.411819267e+00  8.691982605e-01
11 3  8.813497617e-01  3.666666667e+00  5.643131459e-01  5.101770526e-01  1.117376693e+08  2.271507370e-03  5.768224249e+06  6.653091251e+01  1.234707046e+00  2.114510453e-03  2.271507370e-03 -2.924094239e-03  2.042473417e+00 -3.376436378e+00  5.350986652e-03  2.432085604e-03  1.629437131e+00  9.989682671e-01  2.291067204e+00  9.058285650e-01
12 3  9.176914794e-01  4.000000000e+00  5.267783109e-01  5.101770526e-01  1.212663668e+08  4.127608621e-02  3.724146579e+06  5.939580574e+01  1.610581889e+00  1.006851766e-02  4.127608621e-02  9.259654254e-03 -2.571823994e+01 -9.348702474e+00  4.856047087e-03  2.340707440e-03  1.818252701e+00  9.989716118e-01  2.186749977e+00  9.390231785e-01
13 3  9.579344267e-01  4.333333333e+00  3.052552609e-01  5.101770526e-01  3.263371406e+07  6.765024386e-02  1.172164152e+06  6.420278169e+01  1.172663518e+00  1.239978073e-02  6.765024386e-02  2.140723842e-02 -3.713723021e+01 -1.563182093e+01  3.968860883e-03  2.568840049e-03  2.055714797e+00  9.996614677e-01  2.108511195e+00  9.729177579e-01
14 3  9.757596198e-01  4.666666667e+00  2.325610088e-01  5.101770526e-01  1.384452993e+07  4.116777402e-02  3.296364696e+05  6.805660466e+01  9.523356552e-01  9.554397519e-03  4.116777402e-02  1.742891220e-02 -2.324373059e+01 -8.116690028e+00  4.306112655e-03  2.639433172e-03  2.704725790e+00  9.998529574e-01  1.994717837e+00  9.852269698e-01
15 3  9.863540601e-01  5.000000000e+00  2.031284028e-01  5.101770526e-01  7.810469255e+06  2.759498718e-02  1.875169437e+05  6.850922511e+01  7.828754138e-01  6.788685131e-03  2.759498718e-02  1.207911923e-02 -1.778881902e+01 -5.072849208e+00  4.336315140e-03  2.430744289e-03  3.877592293e+00  9.999254995e-01  1.882087242e+00  9.918097324e-01
16 3  9.925819424e-01  5.333333333e+00  1.890878985e-01  5.101770526e-01  5.057891400e+06  2.095044814e-02  1.438795885e+05  6.622718694e+01  6.300472642e-01  4.430663599e-03  2.095044814e-02  8.629106447e-03 -1.535038426e+01 -3.797178897e+00  3.999975432e-03  2.124287676e-03  5.960593248e+00  9.999607906e-01  1.775660314e+00  9.955632217e-01
