11  2.218680957e-07
4 3  4.088515534e-01  1.333333333e+00  7.279513132e-01  5.071802860e-01  3.178691194e+08 -1.809181482e-02  8.226147620e+05  3.077387922e+02  1.409368227e+00  1.648481418e-03 -1.809181482e-02 -3.046756909e-02 -4.464841772e+00 -5.822679390e+00  4.825063502e-03  2.109765831e-03  9.956232173e-01  1.013970713e+00  2.698754123e+00  3.500860814e-01
5 3  5.379751070e-01  1.666666667e+00  6.523541212e-01  5.071802860e-01  2.206384576e+08 -1.262890195e-02  1.135707132e+06  2.136571537e+02  1.307327468e+00  1.789637608e-03 -1.262890195e-02 -2.147814184e-02 -2.714130204e+00 -5.074155002e+00  8.541333470e-03  3.010226872e-03  1.051276588e+00  1.008492116e+00  2.825510533e+00  5.248508648e-01
6 3  6.382197318e-01  2.000000000e+00  6.162657446e-01  5.071802860e-01  1.752384543e+08 -1.039122891e-02  1.920592501e+06  1.688507335e+02  1.302883811e+00  2.018148479e-03 -1.039122891e-02 -1.718068682e-02 -1.738148178e+00 -4.183899070e+00  9.447173358e-03  3.182955615e-03  1.135096598e+00  1.005360587e+00  2.784665788e+00  6.467318504e-01
7 3  7.215405734e-01  2.333333333e+00  5.962369829e-01  5.071802860e-01  1.541483203e+08 -5.219680467e-03  1.034007811e+06  1.373300627e+02  1.318047496e+00  2.238736716e-03 -5.219680467e-03 -1.091422986e-02 -1.235752085e+00 -3.574603944e+00  9.329193786e-03  3.100351284e-03  1.231172561e+00  1.003315722e+00  2.692976614e+00  7.394807361e-01
8 3  7.941836184e-01  2.666666667e+00  5.820925855e-01  5.071802860e-01  1.418980124e+08 -2.619206528e-03  2.010628361e+06  1.180024000e+02  1.354820478e+00  2.551520025e-03 -2.619206528e-03 -7.738621457e-03 -1.261975886e+00 -3.071535622e+00  9.746212202e-03  3.421191586e-03  1.338880443e+00  1.001725701e+00  2.589476661e+00  8.154071545e-01
9 3  8.553377898e-01  3.000000000e+00  5.673180379e-01  5.071802860e-01  1.203341338e+08 -2.523830542e-03  5.267048475e+06  1.037856422e+02  1.292481793e+00  2.498107119e-03 -2.523830542e-03 -7.335327618e-03 -1.306093545e+00 -2.743523292e+00  7.651973634e-03  3.140822912e-03  1.470635191e+00  1.000487410e+00  2.475933781e+00  8.770195311e-01
10 3  8.992666874e-01  3.333333333e+00  5.737268580e-01  5.071802860e-01  1.021652804e+08  1.889929030e-03  5.619469913e+06  8.913829094e+01  1.165819335e+00  1.422007878e-03  1.889929030e-03 -2.388927163e-04  3.675048001e+00 -2.569070181e+00  4.692272346e-03  2.179385117e-03  1.685240476e+00  9.996728938e-01  2.340877399e+00  9.203796374e-01
11 3  9.463282967e-01  3.666666667e+00  4.380832067e-01  5.071802860e-01  8.639405045e+07  8.091019362e-02  1.977706094e+06  8.311809452e+01  1.423627410e+00  1.447679606e-02  8.091019362e-02  1.813920420e-02 -6.506936286e+01 -1.903424857e+01  4.618318136e-03  2.497618329e-03  1.887246539e+00  9.995788748e-01  2.239228726e+00  9.632820345e-01
12 3  9.727673567e-01  4.000000000e+00  2.901343218e-01  5.071802860e-01  2.099702076e+07  3.604174640e-02  4.266460955e+05  9.117618218e+01  9.220253320e-01  8.512182743e-03  3.604174640e-02  8.127159642e-03 -1.818628170e+01 -1.301960392e+01  4.378348521e-03  2.572641617e-03  2.570766619e+00  9.998804793e-01  2.110610425e+00  9.833931460e-01
13 3  9.857181778e-01  4.333333333e+00  2.542152977e-01  5.071802860e-01  9.530449319e+06  1.816105569e-02  2.060531196e+05  9.084945965e+01  7.331787589e-01  6.329387366e-03  1.816105569e-02  2.345590899e-03 -1.528591644e+01 -6.885588725e+00  4.481298235e-03  2.395851732e-03  3.985828940e+00  9.999304106e-01  1.974292232e+00  9.914954807e-01
14 3  9.927472327e-01  4.666666667e+00  2.374638530e-01  5.071802860e-01  5.488479844e+06  1.216462368e-02  1.529810476e+05  8.700872761e+01  5.725259646e-01  4.006525307e-03  1.216462368e-02  6.662066315e-04 -1.365837315e+01 -4.619003538e+00  4.081142764e-03  2.070341043e-03  6.688760306e+00  9.999579996e-01  1.846395169e+00  9.957015490e-01
