11  2.160876384e-07
4 3  4.227849003e-01  1.333333333e+00  7.696255149e-01  5.072622661e-01  3.076607813e+08 -1.704385652e-02  5.803492059e+05  3.289120290e+02  1.379296208e+00  1.686103007e-03 -1.704385652e-02 -2.847828350e-02 -3.892884625e+00 -6.164763839e+00  4.947051341e-03  2.139251855e-03  9.947305734e-01  1.014852931e+00  2.718792748e+00  3.660899325e-01
5 3  5.509418741e-01  1.666666667e+00  6.948630571e-01  5.072622661e-01  2.154432756e+08 -1.263899212e-02  1.449097154e+06  2.334372729e+02  1.289499237e+00  1.781848828e-03 -1.263899212e-02 -2.032017169e-02 -2.805623280e+00 -4.499690667e+00  8.938249845e-03  3.110385537e-03  1.053808702e+00  1.008963791e+00  2.817895376e+00  5.379485875e-01
6 3  6.515929691e-01  2.000000000e+00  6.517562836e-01  5.072622661e-01  1.785704878e+08 -1.010997958e-02  1.828762880e+06  1.822348117e+02  1.299110388e+00  1.973761523e-03 -1.010997958e-02 -1.595715737e-02 -2.149635407e+00 -3.478223695e+00  9.369243068e-03  3.162245741e-03  1.136711127e+00  1.005487011e+00  2.767675093e+00  6.590836481e-01
7 3  7.380638196e-01  2.333333333e+00  6.230648916e-01  5.072622661e-01  1.648570086e+08 -6.824218796e-03  1.052542486e+06  1.496055951e+02  1.340192089e+00  2.163988162e-03 -6.824218796e-03 -1.153295076e-02 -1.607789439e+00 -2.832654443e+00  9.541115800e-03  3.212638054e-03  1.226802356e+00  1.003065790e+00  2.680641878e+00  7.548833971e-01
8 3  8.127209327e-01  2.666666667e+00  6.097288630e-01  5.072622661e-01  1.502348433e+08 -4.521892469e-03  2.710985793e+06  1.293798904e+02  1.313190318e+00  1.914590710e-03 -4.521892469e-03 -7.823976424e-03 -1.491015533e-02 -2.416781361e+00  9.481709266e-03  3.377126278e-03  1.332780835e+00  1.001232954e+00  2.578101996e+00  8.319842277e-01
9 3  8.680762308e-01  3.000000000e+00  6.259640889e-01  5.072622661e-01  1.303988343e+08 -1.041768198e-03  6.010133363e+06  1.099451475e+02  1.196548822e+00  1.127298419e-03 -1.041768198e-03 -2.508193573e-03  3.308097941e+00 -2.279683760e+00  6.596840925e-03  2.812759793e-03  1.478146368e+00  9.999865715e-01  2.444685635e+00  8.879017437e-01
10 3  9.116455061e-01  3.333333333e+00  6.147553039e-01  5.072622661e-01  1.304677960e+08  2.025801173e-02  5.076526438e+06  9.298093005e+01  1.313870644e+00  4.773787147e-03  2.025801173e-02  4.119967642e-03 -1.427579330e+01 -5.621731780e+00  4.684623292e-03  2.193486878e-03  1.690329079e+00  9.992935380e-01  2.309045919e+00  9.301484458e-01
11 3  9.574212886e-01  3.666666667e+00  3.559465392e-01  5.072622661e-01  3.846918628e+07  6.490383434e-02  1.518100980e+06  9.218099709e+01  1.096046333e+00  1.089635143e-02  6.490383434e-02  1.689443013e-02 -3.474149122e+01 -2.104465289e+01  3.862293232e-03  2.444984028e-03  2.002920340e+00  9.997010426e-01  2.205433865e+00  9.709310755e-01
12 3  9.780835410e-01  4.000000000e+00  2.588974676e-01  5.072622661e-01  1.297973130e+07  3.750831347e-02  3.374113566e+05  1.010685459e+02  8.536822156e-01  8.474041567e-03  3.750831347e-02  1.625506986e-02 -2.015747329e+01 -9.556183866e+00  4.187103579e-03  2.573907789e-03  2.822814077e+00  9.998912899e-01  2.065670217e+00  9.859939140e-01
13 3  9.891268290e-01  4.333333333e+00  2.250885359e-01  5.072622661e-01  6.697538037e+06  2.451855743e-02  1.872836627e+05  1.027046746e+02  6.686561802e-01  5.498851284e-03  2.451855743e-02  1.160893965e-02 -1.534702479e+01 -5.460199986e+00  4.098382474e-03  2.308015986e-03  4.460299034e+00  9.999494132e-01  1.928413469e+00  9.931494271e-01
14 3  9.957310721e-01  4.666666667e+00  2.087295912e-01  5.072622661e-01  4.021064497e+06  1.755213651e-02  1.416247458e+05  9.975120044e+01  5.131784670e-01  3.224835165e-03  1.755213651e-02  7.967129294e-03 -1.316142937e+01 -3.743821589e+00  3.667978461e-03  1.954228898e-03  9.284812831e+00  9.999797770e-01  1.802680399e+00  9.973159582e-01
