10  2.184104188e-07
4 3  4.396722487e-01  1.333333333e+00  6.996649669e-01  5.065487707e-01  3.496398225e+08 -1.794046772e-02  3.375541245e+05  3.700818629e+02  1.375190773e+00  1.512864009e-03 -1.794046772e-02 -2.911749370e-02 -4.220336139e+00 -5.510048057e+00  5.186699585e-03  2.174935913e-03  9.922737776e-01  1.015837019e+00  2.740645375e+00  3.856609272e-01
5 3  5.730518525e-01  1.666666667e+00  6.223570592e-01  5.065487707e-01  2.386560363e+08 -1.515525895e-02  1.897564289e+06  2.538311855e+02  1.287852596e+00  1.709643790e-03 -1.515525895e-02 -2.361992533e-02 -2.637490949e+00 -5.121104647e+00  9.595384411e-03  3.202734981e-03  1.056289957e+00  1.009057392e+00  2.838569486e+00  5.631106648e-01
6 3  6.763295879e-01  2.000000000e+00  5.837451647e-01  5.065487707e-01  1.898807817e+08 -9.732896187e-03  1.460003573e+06  1.979344235e+02  1.286202738e+00  1.965215871e-03 -9.732896187e-03 -1.653006534e-02 -1.799787684e+00 -4.397200717e+00  9.218410054e-03  3.046557247e-03  1.143211791e+00  1.005269087e+00  2.781308801e+00  6.866147034e-01
7 3  7.636922643e-01  2.333333333e+00  5.607615562e-01  5.065487707e-01  1.672246209e+08 -4.307650798e-03  1.266716426e+06  1.667280088e+02  1.317161702e+00  2.249255480e-03 -4.307650798e-03 -9.996719949e-03 -1.305680645e+00 -3.751788502e+00  9.605545284e-03  3.295993342e-03  1.238651406e+00  1.002687625e+00  2.685009036e+00  7.829602384e-01
8 3  8.381778054e-01  2.666666667e+00  5.457593241e-01  5.065487707e-01  1.410433189e+08 -3.631340823e-03  4.088316223e+06  1.403065785e+02  1.290201677e+00  2.315198282e-03 -3.631340823e-03 -8.507915294e-03 -1.072737839e+00 -3.153629249e+00  8.817781185e-03  3.337398436e-03  1.362200095e+00  1.000917277e+00  2.573973675e+00  8.579463868e-01
9 3  8.913758178e-01  3.000000000e+00  5.470844494e-01  5.065487707e-01  1.104247754e+08  1.050457497e-03  6.220536674e+06  1.149622667e+02  1.117684085e+00  1.218449557e-03  1.050457497e-03 -9.724794937e-04  3.766719642e+00 -2.924990231e+00  5.182754778e-03  2.364218598e-03  1.551017811e+00  9.999640057e-01  2.430874015e+00  9.091377899e-01
10 3  9.235300159e-01  3.333333333e+00  5.900753125e-01  5.065487707e-01  9.677449712e+07  6.741412056e-03  4.007582101e+06  9.497029621e+01  9.813639308e-01  7.376175506e-04  6.741412056e-03  5.549161459e-03  5.254918412e+00 -2.586615933e+00  3.678772210e-03  1.746974564e-03  1.890886254e+00  9.995009425e-01  2.265655989e+00  9.394336196e-01
11 3  9.553803533e-01  3.666666667e+00  4.430637896e-01  5.065487707e-01  1.266784647e+08  5.596787453e-02  1.812154796e+06  9.276742944e+01  1.335621977e+00  7.105002832e-03  5.596787453e-02  1.362398028e-02 -5.064786989e+01 -4.414765866e+00  4.295301188e-03  2.384482457e-03  2.311535151e+00  9.994695207e-01  2.130653956e+00  9.677860871e-01
12 3  9.837429511e-01  4.000000000e+00  2.738761368e-01  5.065487707e-01  1.774238687e+07  6.509212793e-02  2.522356656e+05  1.034441892e+02  8.408487701e-01  9.996556847e-03  6.509212793e-02  1.141609895e-02 -2.041553689e+01 -2.764948403e+01  4.396965651e-03  2.443198985e-03  3.135224624e+00  9.998486041e-01  2.011844348e+00  9.891199006e-01
13 3  9.928440503e-01  4.333333333e+00  2.464140436e-01  5.065487707e-01  5.555416991e+06  2.773030531e-02  1.598317517e+05  1.011170400e+02  5.656900171e-01  5.429471433e-03  2.773030531e-02  6.604971144e-03 -1.563589175e+01 -1.003968441e+01  3.771177136e-03  2.071175556e-03  5.287728614e+00  9.999670460e-01  1.874489960e+00  9.952412420e-01
