 1.695500020e+00 -1.832674380e+00  8.564361004e-01  3.944755688e+00  9.332923278e-01  4.988016897e+00  9.952251774e-01  9.711004910e-01  7.352682210e+00 512 3 12
 0.000000000e+00  0.000000000e+00  1.574688451e-06
 1.956947162e-03  2.839186237e-02  1.378532039e-01
 3.913894325e-03  4.015229117e-02  1.949492154e-01
 5.870841487e-03  4.917662835e-02  2.387545648e-01
 7.827788650e-03  5.678481746e-02  2.756761663e-01
 9.784735812e-03  6.348815111e-02  3.081952301e-01
 1.174168297e-02  6.954886691e-02  3.375839111e-01
 1.369863014e-02  7.512275741e-02  3.645976660e-01
 1.565557730e-02  8.031133878e-02  3.897285178e-01
 1.761252446e-02  8.518513131e-02  4.133180705e-01
 1.956947162e-02  8.979548604e-02  4.356149104e-01
 2.152641879e-02  9.418117359e-02  4.568066159e-01
 2.348336595e-02  9.837231846e-02  4.770389810e-01
 2.544031311e-02  1.023928795e-01  4.964275963e-01
 2.739726027e-02  1.062622873e-01  5.150661216e-01
 2.935420744e-02  1.099965585e-01  5.330317265e-01
 3.131115460e-02  1.136090809e-01  5.503889406e-01
 3.326810176e-02  1.171111811e-01  5.671924089e-01
 3.522504892e-02  1.205125426e-01  5.834883915e-01
 3.718199609e-02  1.238215249e-01  5.993168027e-01
 3.913894325e-02  1.270454027e-01  6.147121717e-01
 4.109589041e-02  1.301905548e-01  6.297048618e-01
 4.305283757e-02  1.332626103e-01  6.443219177e-01
 4.500978474e-02  1.362665655e-01  6.585873829e-01
 4.696673190e-02  1.392068794e-01  6.725226379e-01
 4.892367906e-02  1.420875522e-01  6.861464724e-01
 5.088062622e-02  1.449121900e-01  6.994757865e-01
 5.283757339e-02  1.476840570e-01  7.125258949e-01
 5.479452055e-02  1.504061194e-01  7.253106822e-01
 5.675146771e-02  1.530810820e-01  7.378427568e-01
 5.870841487e-02  1.557114199e-01  7.501336732e-01
 6.066536204e-02  1.582994047e-01  7.621938393e-01
 6.262230920e-02  1.608471276e-01  7.740330032e-01
 6.457925636e-02  1.633565183e-01  7.856607684e-01
 6.653620352e-02  1.658293599e-01  7.970857102e-01
 6.849315068e-02  1.682673071e-01  8.083142622e-01
 7.045009785e-02  1.706719022e-01  8.193525251e-01
 7.240704501e-02  1.730445827e-01  8.302081487e-01
 7.436399217e-02  1.753866866e-01  8.408881245e-01
 7.632093933e-02  1.776994642e-01  8.513975785e-01
 7.827788650e-02  1.799840896e-01  8.617412608e-01
 8.023483366e-02  1.822416657e-01  8.719232319e-01
 8.219178082e-02  1.844732314e-01  8.819483474e-01
 8.414872798e-02  1.866797628e-01  8.918224876e-01
 8.610567515e-02  1.888621770e-01  9.015494784e-01
 8.806262231e-02  1.910213426e-01  9.111322442e-01
 9.001956947e-02  1.931580829e-01  9.205735592e-01
 9.197651663e-02  1.952731784e-01  9.298768783e-01
 9.393346380e-02  1.973673684e-01  9.390462537e-01
 9.589041096e-02  1.994413523e-01  9.480852273e-01
 9.784735812e-02  2.014957947e-01  9.569963313e-01
 9.980430528e-02  2.035313290e-01  9.657810194e-01
 1.017612524e-01  2.055485611e-01  9.744415378e-01
 1.037181996e-01  2.075480681e-01  9.829807453e-01
 1.056751468e-01  2.095303992e-01  9.914016455e-01
 1.076320939e-01  2.114960782e-01  9.997070260e-01
 1.095890411e-01  2.134456050e-01  1.007897901e+00
 1.115459883e-01  2.153794612e-01  1.015974785e+00
 1.135029354e-01  2.172981097e-01  1.023939586e+00
 1.154598826e-01  2.192019929e-01  1.031795699e+00
 1.174168297e-01  2.210915320e-01  1.039545325e+00
 1.193737769e-01  2.229671323e-01  1.047189035e+00
 1.213307241e-01  2.248291851e-01  1.054726908e+00
 1.232876712e-01  2.266780686e-01  1.062160821e+00
 1.252446184e-01  2.285141450e-01  1.069492959e+00
 1.272015656e-01  2.303377619e-01  1.076725019e+00
 1.291585127e-01  2.321492542e-01  1.083857843e+00
 1.311154599e-01  2.339489458e-01  1.090891858e+00
 1.330724070e-01  2.357371502e-01  1.097828247e+00
 1.350293542e-01  2.375141698e-01  1.104667592e+00
 1.369863014e-01  2.392802974e-01  1.111411844e+00
 1.389432485e-01  2.410358137e-01  1.118062917e+00
 1.409001957e-01  2.427809902e-01  1.124620838e+00
 1.428571429e-01  2.445160913e-01  1.131085387e+00
 1.448140900e-01  2.462413743e-01  1.137457309e+00
 1.467710372e-01  2.479570880e-01  1.143738257e+00
 1.487279843e-01  2.496634721e-01  1.149930168e+00
 1.506849315e-01  2.513607579e-01  1.156033136e+00
 1.526418787e-01  2.530491717e-01  1.162046859e+00
 1.545988258e-01  2.547289342e-01  1.167971944e+00
 1.565557730e-01  2.564002595e-01  1.173809347e+00
 1.585127202e-01  2.580633549e-01  1.179560477e+00
 1.604696673e-01  2.597184215e-01  1.185225534e+00
 1.624266145e-01  2.613656552e-01  1.190805798e+00
 1.643835616e-01  2.630052462e-01  1.196300508e+00
 1.663405088e-01  2.646373815e-01  1.201710290e+00
 1.682974560e-01  2.662622427e-01  1.207035859e+00
 1.702544031e-01  2.678800061e-01  1.212278744e+00
 1.722113503e-01  2.694908427e-01  1.217439020e+00
 1.741682975e-01  2.710949201e-01  1.222516963e+00
 1.761252446e-01  2.726924021e-01  1.227512546e+00
 1.780821918e-01  2.742834491e-01  1.232426023e+00
 1.800391389e-01  2.758682176e-01  1.237258425e+00
 1.819960861e-01  2.774468595e-01  1.242011052e+00
 1.839530333e-01  2.790195224e-01  1.246683981e+00
 1.859099804e-01  2.805863516e-01  1.251276871e+00
 1.878669276e-01  2.821474899e-01  1.255789744e+00
 1.898238748e-01  2.837030772e-01  1.260223174e+00
 1.917808219e-01  2.852532497e-01  1.264579021e+00
 1.937377691e-01  2.867981390e-01  1.268856794e+00
 1.956947162e-01  2.883378759e-01  1.273056985e+00
 1.976516634e-01  2.898725877e-01  1.277179395e+00
 1.996086106e-01  2.914024001e-01  1.281224426e+00
 2.015655577e-01  2.929274358e-01  1.285193099e+00
 2.035225049e-01  2.944478144e-01  1.289085632e+00
 2.054794521e-01  2.959636534e-01  1.292902349e+00
 2.074363992e-01  2.974750682e-01  1.296643668e+00
 2.093933464e-01  2.989821720e-01  1.300309679e+00
 2.113502935e-01  3.004850760e-01  1.303900479e+00
 2.133072407e-01  3.019838897e-01  1.307417070e+00
 2.152641879e-01  3.034787196e-01  1.310859645e+00
 2.172211350e-01  3.049696707e-01  1.314228688e+00
 2.191780822e-01  3.064568460e-01  1.317524513e+00
 2.211350294e-01  3.079403469e-01  1.320747016e+00
 2.230919765e-01  3.094202734e-01  1.323896605e+00
 2.250489237e-01  3.108967235e-01  1.326974297e+00
 2.270058708e-01  3.123697929e-01  1.329980208e+00
 2.289628180e-01  3.138395763e-01  1.332914829e+00
 2.309197652e-01  3.153061662e-01  1.335778196e+00
 2.328767123e-01  3.167696547e-01  1.338570495e+00
 2.348336595e-01  3.182301318e-01  1.341292472e+00
 2.367906067e-01  3.196876860e-01  1.343944838e+00
 2.387475538e-01  3.211424040e-01  1.346527504e+00
 2.407045010e-01  3.225943719e-01  1.349041160e+00
 2.426614481e-01  3.240436737e-01  1.351485884e+00
 2.446183953e-01  3.254903929e-01  1.353862115e+00
 2.465753425e-01  3.269346112e-01  1.356170650e+00
 2.485322896e-01  3.283764091e-01  1.358411650e+00
 2.504892368e-01  3.298158660e-01  1.360585525e+00
 2.524461840e-01  3.312530599e-01  1.362692769e+00
 2.544031311e-01  3.326880680e-01  1.364733805e+00
 2.563600783e-01  3.341209661e-01  1.366709136e+00
 2.583170254e-01  3.355518289e-01  1.368619248e+00
 2.602739726e-01  3.369807299e-01  1.370464430e+00
 2.622309198e-01  3.384077419e-01  1.372245223e+00
 2.641878669e-01  3.398329363e-01  1.373962286e+00
 2.661448141e-01  3.412563837e-01  1.375615968e+00
 2.681017613e-01  3.426781534e-01  1.377206646e+00
 2.700587084e-01  3.440983141e-01  1.378734920e+00
 2.720156556e-01  3.455169333e-01  1.380201350e+00
 2.739726027e-01  3.469340776e-01  1.381606517e+00
 2.759295499e-01  3.483498125e-01  1.382950828e+00
 2.778864971e-01  3.497642027e-01  1.384234882e+00
 2.798434442e-01  3.511773120e-01  1.385459153e+00
 2.818003914e-01  3.525892034e-01  1.386624304e+00
 2.837573386e-01  3.539999386e-01  1.387730930e+00
 2.857142857e-01  3.554095789e-01  1.388779428e+00
 2.876712329e-01  3.568181845e-01  1.389770572e+00
 2.896281800e-01  3.582258146e-01  1.390704985e+00
 2.915851272e-01  3.596325277e-01  1.391582953e+00
 2.935420744e-01  3.610383818e-01  1.392405472e+00
 2.954990215e-01  3.624434334e-01  1.393173169e+00
 2.974559687e-01  3.638477383e-01  1.393886443e+00
 2.994129159e-01  3.652513519e-01  1.394546004e+00
 3.013698630e-01  3.666543286e-01  1.395152479e+00
 3.033268102e-01  3.680567220e-01  1.395706486e+00
 3.052837573e-01  3.694585848e-01  1.396208809e+00
 3.072407045e-01  3.708599691e-01  1.396659825e+00
 3.091976517e-01  3.722609265e-01  1.397060042e+00
 3.111545988e-01  3.736615077e-01  1.397410395e+00
 3.131115460e-01  3.750617625e-01  1.397711167e+00
 3.150684932e-01  3.764617407e-01  1.397963025e+00
 3.170254403e-01  3.778614909e-01  1.398166785e+00
 3.189823875e-01  3.792610609e-01  1.398322811e+00
 3.209393346e-01  3.806604985e-01  1.398431626e+00
 3.228962818e-01  3.820598506e-01  1.398493821e+00
 3.248532290e-01  3.834591635e-01  1.398509948e+00
 3.268101761e-01  3.848584830e-01  1.398480866e+00
 3.287671233e-01  3.862578539e-01  1.398407142e+00
 3.307240705e-01  3.876573209e-01  1.398288906e+00
 3.326810176e-01  3.890569283e-01  1.398126883e+00
 3.346379648e-01  3.904567195e-01  1.397921613e+00
 3.365949119e-01  3.918567377e-01  1.397673795e+00
 3.385518591e-01  3.932570251e-01  1.397384009e+00
 3.405088063e-01  3.946576238e-01  1.397052865e+00
 3.424657534e-01  3.960585752e-01  1.396680596e+00
 3.444227006e-01  3.974599204e-01  1.396267905e+00
 3.463796477e-01  3.988616999e-01  1.395815044e+00
 3.483365949e-01  4.002639542e-01  1.395322997e+00
 3.502935421e-01  4.016667224e-01  1.394792418e+00
 3.522504892e-01  4.030700436e-01  1.394223745e+00
 3.542074364e-01  4.044739564e-01  1.393617000e+00
 3.561643836e-01  4.058784995e-01  1.392972824e+00
 3.581213307e-01  4.072837108e-01  1.392292067e+00
 3.600782779e-01  4.086896276e-01  1.391575430e+00
 3.620352250e-01  4.100962865e-01  1.390823271e+00
 3.639921722e-01  4.115037242e-01  1.390036023e+00
 3.659491194e-01  4.129119768e-01  1.389213942e+00
 3.679060665e-01  4.143210805e-01  1.388357686e+00
 3.698630137e-01  4.157310705e-01  1.387468047e+00
 3.718199609e-01  4.171419816e-01  1.386545570e+00
 3.737769080e-01  4.185538483e-01  1.385590835e+00
 3.757338552e-01  4.199667044e-01  1.384604052e+00
 3.776908023e-01  4.213805841e-01  1.383585363e+00
 3.796477495e-01  4.227955211e-01  1.382535691e+00
 3.816046967e-01  4.242115484e-01  1.381455895e+00
 3.835616438e-01  4.256286981e-01  1.380346396e+00
 3.855185910e-01  4.270470025e-01  1.379207591e+00
 3.874755382e-01  4.284664936e-01  1.378039472e+00
 3.894324853e-01  4.298872032e-01  1.376842599e+00
 3.913894325e-01  4.313091629e-01  1.375618137e+00
 3.933463796e-01  4.327324028e-01  1.374366480e+00
 3.953033268e-01  4.341569535e-01  1.373088015e+00
 3.972602740e-01  4.355828449e-01  1.371783326e+00
 3.992172211e-01  4.370101068e-01  1.370452079e+00
 4.011741683e-01  4.384387692e-01  1.369095452e+00
 4.031311155e-01  4.398688609e-01  1.367714112e+00
 4.050880626e-01  4.413004104e-01  1.366308555e+00
 4.070450098e-01  4.427334459e-01  1.364879319e+00
 4.090019569e-01  4.441679951e-01  1.363426443e+00
 4.109589041e-01  4.456040862e-01  1.361949981e+00
 4.129158513e-01  4.470417469e-01  1.360451315e+00
 4.148727984e-01  4.484810037e-01  1.358931000e+00
 4.168297456e-01  4.499218829e-01  1.357389387e+00
 4.187866928e-01  4.513644107e-01  1.355826742e+00
 4.207436399e-01  4.528086132e-01  1.354243064e+00
 4.227005871e-01  4.542545164e-01  1.352639296e+00
 4.246575342e-01  4.557021454e-01  1.351016284e+00
 4.266144814e-01  4.571515246e-01  1.349374276e+00
 4.285714286e-01  4.586026787e-01  1.347713852e+00
 4.305283757e-01  4.600556316e-01  1.346035021e+00
 4.324853229e-01  4.615104076e-01  1.344338233e+00
 4.344422701e-01  4.629670303e-01  1.342624324e+00
 4.363992172e-01  4.644255226e-01  1.340893878e+00
 4.383561644e-01  4.658859072e-01  1.339147446e+00
 4.403131115e-01  4.673482062e-01  1.337385121e+00
 4.422700587e-01  4.688124419e-01  1.335607261e+00
 4.442270059e-01  4.702786364e-01  1.333814309e+00
 4.461839530e-01  4.717468110e-01  1.332007184e+00
 4.481409002e-01  4.732169864e-01  1.330186392e+00
 4.500978474e-01  4.746891831e-01  1.328352096e+00
 4.520547945e-01  4.761634215e-01  1.326504532e+00
 4.540117417e-01  4.776397217e-01  1.324644398e+00
 4.559686888e-01  4.791181033e-01  1.322772099e+00
 4.579256360e-01  4.805985855e-01  1.320888371e+00
 4.598825832e-01  4.820811868e-01  1.318993467e+00
 4.618395303e-01  4.835659257e-01  1.317087527e+00
 4.637964775e-01  4.850528207e-01  1.315171481e+00
 4.657534247e-01  4.865418890e-01  1.313245495e+00
 4.677103718e-01  4.880331482e-01  1.311310042e+00
 4.696673190e-01  4.895266152e-01  1.309365726e+00
 4.716242661e-01  4.910223065e-01  1.307412635e+00
 4.735812133e-01  4.925202386e-01  1.305451614e+00
 4.755381605e-01  4.940204268e-01  1.303483053e+00
 4.774951076e-01  4.955228867e-01  1.301506992e+00
 4.794520548e-01  4.970276335e-01  1.299524220e+00
 4.814090020e-01  4.985346817e-01  1.297534928e+00
 4.833659491e-01  5.000440457e-01  1.295539775e+00
 4.853228963e-01  5.015557391e-01  1.293539273e+00
 4.872798434e-01  5.030697752e-01  1.291533670e+00
 4.892367906e-01  5.045861671e-01  1.289523221e+00
 4.911937378e-01  5.061049277e-01  1.287508346e+00
 4.931506849e-01  5.076260692e-01  1.285489647e+00
 4.951076321e-01  5.091496034e-01  1.283467717e+00
 4.970645793e-01  5.106755413e-01  1.281442981e+00
 4.990215264e-01  5.122038937e-01  1.279415499e+00
 5.009784736e-01  5.137346716e-01  1.277385479e+00
 5.029354207e-01  5.152678853e-01  1.275353630e+00
 5.048923679e-01  5.168035445e-01  1.273320625e+00
 5.068493151e-01  5.183416579e-01  1.271286852e+00
 5.088062622e-01  5.198822343e-01  1.269252654e+00
 5.107632094e-01  5.214252820e-01  1.267217532e+00
 5.127201566e-01  5.229708100e-01  1.265182646e+00
 5.146771037e-01  5.245188252e-01  1.263148670e+00
 5.166340509e-01  5.260693344e-01  1.261115834e+00
 5.185909980e-01  5.276223441e-01  1.259084511e+00
 5.205479452e-01  5.291778605e-01  1.257054471e+00
 5.225048924e-01  5.307358898e-01  1.255026411e+00
 5.244618395e-01  5.322964372e-01  1.253001152e+00
 5.264187867e-01  5.338595071e-01  1.250978983e+00
 5.283757339e-01  5.354251037e-01  1.248960100e+00
 5.303326810e-01  5.369932309e-01  1.246944545e+00
 5.322896282e-01  5.385638925e-01  1.244932731e+00
 5.342465753e-01  5.401370917e-01  1.242925276e+00
 5.362035225e-01  5.417128310e-01  1.240922541e+00
 5.381604697e-01  5.432911122e-01  1.238924735e+00
 5.401174168e-01  5.448719374e-01  1.236931842e+00
 5.420743640e-01  5.464553082e-01  1.234944437e+00
 5.440313112e-01  5.480412255e-01  1.232962592e+00
 5.459882583e-01  5.496296903e-01  1.230986757e+00
 5.479452055e-01  5.512207027e-01  1.229017199e+00
 5.499021526e-01  5.528142627e-01  1.227053959e+00
 5.518590998e-01  5.544103701e-01  1.225097448e+00
 5.538160470e-01  5.560090240e-01  1.223147801e+00
 5.557729941e-01  5.576102236e-01  1.221205134e+00
 5.577299413e-01  5.592139677e-01  1.219269795e+00
 5.596868885e-01  5.608202545e-01  1.217341876e+00
 5.616438356e-01  5.624290821e-01  1.215421709e+00
 5.636007828e-01  5.640404481e-01  1.213509463e+00
 5.655577299e-01  5.656543501e-01  1.211605082e+00
 5.675146771e-01  5.672707855e-01  1.209708774e+00
 5.694716243e-01  5.688897512e-01  1.207820734e+00
 5.714285714e-01  5.705112439e-01  1.205941244e+00
 5.733855186e-01  5.721352599e-01  1.204070395e+00
 5.753424658e-01  5.737617953e-01  1.202208278e+00
 5.772994129e-01  5.753908461e-01  1.200354791e+00
 5.792563601e-01  5.770224084e-01  1.198510168e+00
 5.812133072e-01  5.786564775e-01  1.196674668e+00
 5.831702544e-01  5.802930487e-01  1.194848341e+00
 5.851272016e-01  5.819321169e-01  1.193031257e+00
 5.870841487e-01  5.835736772e-01  1.191223378e+00
 5.890410959e-01  5.852177242e-01  1.189424785e+00
 5.909980431e-01  5.868642527e-01  1.187635654e+00
 5.929549902e-01  5.885132569e-01  1.185856049e+00
 5.949119374e-01  5.901647309e-01  1.184086003e+00
 5.968688845e-01  5.918186687e-01  1.182325525e+00
 5.988258317e-01  5.934750644e-01  1.180574679e+00
 6.007827789e-01  5.951339117e-01  1.178833500e+00
 6.027397260e-01  5.967952040e-01  1.177102048e+00
 6.046966732e-01  5.984589350e-01  1.175380318e+00
 6.066536204e-01  6.001250979e-01  1.173668294e+00
 6.086105675e-01  6.017936862e-01  1.171965954e+00
 6.105675147e-01  6.034646930e-01  1.170273253e+00
 6.125244618e-01  6.051381117e-01  1.168590146e+00
 6.144814090e-01  6.068139355e-01  1.166916534e+00
 6.164383562e-01  6.084921578e-01  1.165252245e+00
 6.183953033e-01  6.101727721e-01  1.163597111e+00
 6.203522505e-01  6.118557722e-01  1.161950953e+00
 6.223091977e-01  6.135411518e-01  1.160313705e+00
 6.242661448e-01  6.152289048e-01  1.158685357e+00
 6.262230920e-01  6.169190251e-01  1.157065405e+00
 6.281800391e-01  6.186115073e-01  1.155453546e+00
 6.301369863e-01  6.203063464e-01  1.153849556e+00
 6.320939335e-01  6.220035375e-01  1.152253329e+00
 6.340508806e-01  6.237030756e-01  1.150664778e+00
 6.360078278e-01  6.254049563e-01  1.149083457e+00
 6.379647750e-01  6.271091756e-01  1.147508855e+00
 6.399217221e-01  6.288157302e-01  1.145940660e+00
 6.418786693e-01  6.305246170e-01  1.144378778e+00
 6.438356164e-01  6.322358333e-01  1.142822966e+00
 6.457925636e-01  6.339493764e-01  1.141272798e+00
 6.477495108e-01  6.356652445e-01  1.139728049e+00
 6.497064579e-01  6.373834359e-01  1.138188246e+00
 6.516634051e-01  6.391039498e-01  1.136653209e+00
 6.536203523e-01  6.408267854e-01  1.135122589e+00
 6.555772994e-01  6.425519426e-01  1.133596051e+00
 6.575342466e-01  6.442794216e-01  1.132073142e+00
 6.594911937e-01  6.460092233e-01  1.130553862e+00
 6.614481409e-01  6.477413485e-01  1.129037930e+00
 6.634050881e-01  6.494757988e-01  1.127524698e+00
 6.653620352e-01  6.512125766e-01  1.126013898e+00
 6.673189824e-01  6.529516845e-01  1.124505174e+00
 6.692759295e-01  6.546931258e-01  1.122998328e+00
 6.712328767e-01  6.564369041e-01  1.121493199e+00
 6.731898239e-01  6.581830231e-01  1.119989271e+00
 6.751467710e-01  6.599314878e-01  1.118486101e+00
 6.771037182e-01  6.616823035e-01  1.116983417e+00
 6.790606654e-01  6.634354759e-01  1.115481054e+00
 6.810176125e-01  6.651910112e-01  1.113978548e+00
 6.829745597e-01  6.669489162e-01  1.112475450e+00
 6.849315068e-01  6.687091986e-01  1.110971714e+00
 6.868884540e-01  6.704718659e-01  1.109466874e+00
 6.888454012e-01  6.722369268e-01  1.107960735e+00
 6.908023483e-01  6.740043900e-01  1.106452707e+00
 6.927592955e-01  6.757742657e-01  1.104942390e+00
 6.947162427e-01  6.775465642e-01  1.103429483e+00
 6.966731898e-01  6.793212965e-01  1.101913989e+00
 6.986301370e-01  6.810984736e-01  1.100395559e+00
 7.005870841e-01  6.828781074e-01  1.098873712e+00
 7.025440313e-01  6.846602107e-01  1.097347901e+00
 7.045009785e-01  6.864447971e-01  1.095817805e+00
 7.064579256e-01  6.882318807e-01  1.094283270e+00
 7.084148728e-01  6.900214760e-01  1.092743880e+00
 7.103718200e-01  6.918135984e-01  1.091199393e+00
 7.123287671e-01  6.936082634e-01  1.089649662e+00
 7.142857143e-01  6.954054874e-01  1.088094057e+00
 7.162426614e-01  6.972052878e-01  1.086532218e+00
 7.181996086e-01  6.990076825e-01  1.084963770e+00
 7.201565558e-01  7.008126906e-01  1.083388339e+00
 7.221135029e-01  7.026203313e-01  1.081805527e+00
 7.240704501e-01  7.044306250e-01  1.080215499e+00
 7.260273973e-01  7.062435917e-01  1.078617865e+00
 7.279843444e-01  7.080592525e-01  1.077011827e+00
 7.299412916e-01  7.098776303e-01  1.075396997e+00
 7.318982387e-01  7.116987483e-01  1.073773073e+00
 7.338551859e-01  7.135226305e-01  1.072139902e+00
 7.358121331e-01  7.153493012e-01  1.070497024e+00
 7.377690802e-01  7.171787859e-01  1.068844301e+00
 7.397260274e-01  7.190111103e-01  1.067181348e+00
 7.416829746e-01  7.208463015e-01  1.065507549e+00
 7.436399217e-01  7.226843874e-01  1.063822565e+00
 7.455968689e-01  7.245253970e-01  1.062126019e+00
 7.475538160e-01  7.263693599e-01  1.060417486e+00
 7.495107632e-01  7.282163069e-01  1.058696550e+00
 7.514677104e-01  7.300662696e-01  1.056963075e+00
 7.534246575e-01  7.319192800e-01  1.055216999e+00
 7.553816047e-01  7.337753707e-01  1.053457445e+00
 7.573385519e-01  7.356345765e-01  1.051683832e+00
 7.592954990e-01  7.374969331e-01  1.049895827e+00
 7.612524462e-01  7.393624771e-01  1.048093151e+00
 7.632093933e-01  7.412312460e-01  1.046275344e+00
 7.651663405e-01  7.431032784e-01  1.044441929e+00
 7.671232877e-01  7.449786141e-01  1.042592670e+00
 7.690802348e-01  7.468572936e-01  1.040727166e+00
 7.710371820e-01  7.487393589e-01  1.038844772e+00
 7.729941292e-01  7.506248534e-01  1.036944900e+00
 7.749510763e-01  7.525138219e-01  1.035027066e+00
 7.769080235e-01  7.544063106e-01  1.033090800e+00
 7.788649706e-01  7.563023669e-01  1.031135635e+00
 7.808219178e-01  7.582020395e-01  1.029161122e+00
 7.827788650e-01  7.601053786e-01  1.027166810e+00
 7.847358121e-01  7.620124356e-01  1.025152122e+00
 7.866927593e-01  7.639232638e-01  1.023116288e+00
 7.886497065e-01  7.658379184e-01  1.021058583e+00
 7.906066536e-01  7.677564565e-01  1.018978273e+00
 7.925636008e-01  7.696789375e-01  1.016874571e+00
 7.945205479e-01  7.716054227e-01  1.014746568e+00
 7.964774951e-01  7.735359760e-01  1.012593260e+00
 7.984344423e-01  7.754706639e-01  1.010414087e+00
 8.003913894e-01  7.774095549e-01  1.008207625e+00
 8.023483366e-01  7.793527219e-01  1.005971608e+00
 8.043052838e-01  7.813002433e-01  1.003703709e+00
 8.062622309e-01  7.832522028e-01  1.001402247e+00
 8.082191781e-01  7.852086885e-01  9.990645250e-01
 8.101761252e-01  7.871697955e-01  9.966876057e-01
 8.121330724e-01  7.891356257e-01  9.942690866e-01
 8.140900196e-01  7.911062863e-01  9.918075827e-01
 8.160469667e-01  7.930818892e-01  9.892996355e-01
 8.180039139e-01  7.950625562e-01  9.867409094e-01
 8.199608611e-01  7.970484164e-01  9.841270923e-01
 8.219178082e-01  7.990395937e-01  9.814897249e-01
 8.238747554e-01  8.010361373e-01  9.788450022e-01
 8.258317025e-01  8.030380865e-01  9.761870588e-01
 8.277886497e-01  8.050454730e-01  9.735664120e-01
 8.297455969e-01  8.070581946e-01  9.710261182e-01
 8.317025440e-01  8.090760885e-01  9.685868595e-01
 8.336594912e-01  8.110989624e-01  9.662424992e-01
 8.356164384e-01  8.131266288e-01  9.640193796e-01
 8.375733855e-01  8.151588043e-01  9.619770119e-01
 8.395303327e-01  8.171950857e-01  9.601334810e-01
 8.414872798e-01  8.192350561e-01  9.585026291e-01
 8.434442270e-01  8.212782474e-01  9.571182116e-01
 8.454011742e-01  8.233241141e-01  9.560004492e-01
 8.473581213e-01  8.253720809e-01  9.551592744e-01
 8.493150685e-01  8.274215563e-01  9.545916576e-01
 8.512720157e-01  8.294719594e-01  9.542945697e-01
 8.532289628e-01  8.315227089e-01  9.542719871e-01
 8.551859100e-01  8.335732181e-01  9.545159845e-01
 8.571428571e-01  8.356229279e-01  9.550084984e-01
 8.590998043e-01  8.376713058e-01  9.557683535e-01
 8.610567515e-01  8.397177705e-01  9.568092491e-01
 8.630136986e-01  8.417617811e-01  9.580332211e-01
 8.649706458e-01  8.438030577e-01  9.593567761e-01
 8.669275930e-01  8.458414344e-01  9.607672961e-01
 8.688845401e-01  8.478767521e-01  9.622367963e-01
 8.708414873e-01  8.499089429e-01  9.637184908e-01
 8.727984344e-01  8.519380437e-01  9.651630546e-01
 8.747553816e-01  8.539642010e-01  9.665008334e-01
 8.767123288e-01  8.559876959e-01  9.676988857e-01
 8.786692759e-01  8.580088305e-01  9.687667682e-01
 8.806262231e-01  8.600278797e-01  9.696984008e-01
 8.825831703e-01  8.620451560e-01  9.704598532e-01
 8.845401174e-01  8.640610418e-01  9.710313984e-01
 8.864970646e-01  8.660759303e-01  9.714267311e-01
 8.884540117e-01  8.680901732e-01  9.716597699e-01
 8.904109589e-01  8.701041148e-01  9.717108469e-01
 8.923679061e-01  8.721181576e-01  9.715550308e-01
 8.943248532e-01  8.741327399e-01  9.711919461e-01
 8.962818004e-01  8.761482844e-01  9.706293828e-01
 8.982387476e-01  8.781652010e-01  9.698712321e-01
 9.001956947e-01  8.801838959e-01  9.689201057e-01
 9.021526419e-01  8.822047707e-01  9.677812033e-01
 9.041095890e-01  8.842282176e-01  9.664580038e-01
 9.060665362e-01  8.862546240e-01  9.649585381e-01
 9.080234834e-01  8.882843619e-01  9.632890227e-01
 9.099804305e-01  8.903177971e-01  9.614509758e-01
 9.119373777e-01  8.923552931e-01  9.594590594e-01
 9.138943249e-01  8.943971856e-01  9.573133739e-01
 9.158512720e-01  8.964438284e-01  9.550082032e-01
 9.178082192e-01  8.984955869e-01  9.525473923e-01
 9.197651663e-01  9.005528186e-01  9.499325391e-01
 9.217221135e-01  9.026158857e-01  9.471635279e-01
 9.236790607e-01  9.046851457e-01  9.442658582e-01
 9.256360078e-01  9.067609043e-01  9.412398469e-01
 9.275929550e-01  9.088435006e-01  9.380691054e-01
 9.295499022e-01  9.109333065e-01  9.347588652e-01
 9.315068493e-01  9.130306707e-01  9.313291377e-01
 9.334637965e-01  9.151359195e-01  9.277604264e-01
 9.354207436e-01  9.172494516e-01  9.240333975e-01
 9.373776908e-01  9.193716735e-01  9.201998517e-01
 9.393346380e-01  9.215028623e-01  9.162821346e-01
 9.412915851e-01  9.236433281e-01  9.122170711e-01
 9.432485323e-01  9.257935600e-01  9.079612403e-01
 9.452054795e-01  9.279540727e-01  9.035636635e-01
 9.471624266e-01  9.301251850e-01  8.992062537e-01
 9.491193738e-01  9.323069106e-01  8.947081568e-01
 9.510763209e-01  9.344999479e-01  8.899395367e-01
 9.530332681e-01  9.367051266e-01  8.846267502e-01
 9.549902153e-01  9.389233179e-01  8.794016960e-01
 9.569471624e-01  9.411515133e-01  8.790856481e-01
 9.589041096e-01  9.433768323e-01  8.797056330e-01
 9.608610568e-01  9.456031073e-01  8.779140033e-01
 9.628180039e-01  9.478379011e-01  8.728603400e-01
 9.647749511e-01  9.500901312e-01  8.642891422e-01
 9.667318982e-01  9.523693393e-01  8.526994277e-01
 9.686888454e-01  9.546850691e-01  8.363266225e-01
 9.706457926e-01  9.570534784e-01  8.149830810e-01
 9.726027397e-01  9.594888497e-01  7.920971872e-01
 9.745596869e-01  9.619954377e-01  7.694879427e-01
 9.765166341e-01  9.645754550e-01  7.477739583e-01
 9.784735812e-01  9.672292393e-01  7.273960453e-01
 9.804305284e-01  9.699554186e-01  7.086534692e-01
 9.823874755e-01  9.727510763e-01  6.917377597e-01
 9.843444227e-01  9.756119145e-01  6.767618209e-01
 9.863013699e-01  9.785324159e-01  6.637836649e-01
 9.882583170e-01  9.815060050e-01  6.528250170e-01
 9.902152642e-01  9.845252054e-01  6.438854786e-01
 9.921722114e-01  9.875817955e-01  6.369530538e-01
 9.941291585e-01  9.906669615e-01  6.320118095e-01
 9.960861057e-01  9.937714461e-01  6.290473218e-01
 9.980430528e-01  9.968856952e-01  6.283793008e-01
 1.000000000e+00  1.000000000e+00  6.283680757e-01
4  3.844421446e-01  6.933632714e-01  1.011315364e+00  7.484231291e-01  9.577462197e-01  5.982546425e+01  4.581993609e-01  9.932283161e-01  3.262279319e-01  2.669897794e+00
5  5.029488521e-01  9.574698170e-01  1.007711682e+00  6.140928419e-01  9.307693108e-01  3.575308093e+01  4.055727602e-01  1.042795815e+00  4.871236575e-01  2.784371255e+00
6  6.002988156e-01  1.100474540e+00  1.005139265e+00  5.238680418e-01  9.086585846e-01  2.603519009e+01  3.744350965e-01  1.116349330e+00  6.068574918e-01  2.762355101e+00
7  6.862749555e-01  1.204149671e+00  1.003107672e+00  4.591034966e-01  8.929040434e-01  2.074065630e+01  3.529292337e-01  1.196674037e+00  7.043148506e-01  2.701373866e+00
8  7.631999826e-01  1.326662562e+00  1.001465803e+00  4.103062878e-01  8.882885627e-01  1.769372958e+01  3.374850192e-01  1.285523659e+00  7.859524791e-01  2.624348585e+00
9  8.289049883e-01  1.575044264e+00  1.000292049e+00  3.718173401e-01  9.044083219e-01  1.639234460e+01  3.272695755e-01  1.402110457e+00  8.507309434e-01  2.530615083e+00
10  8.779582669e-01  2.166295376e+00  9.996155600e-01  3.402344682e-01  9.553545978e-01  1.684675307e+01  3.216659065e-01  1.566360543e+00  8.980380390e-01  2.410704129e+00
11  9.119885481e-01  2.956656449e+00  9.992998753e-01  3.135862702e-01  1.057116351e+00  1.938265646e+01  3.195430388e-01  1.824867094e+00  9.305353964e-01  2.275776269e+00
12  9.384285355e-01  2.186512548e+00  9.992089619e-01  2.910641709e-01  1.213685318e+00  2.416355681e+01  3.198905506e-01  2.206203023e+00  9.545545646e-01  2.146413105e+00
13  9.775525034e-01  4.678827475e+00  9.998726259e-01  2.740667164e-01  1.408240983e+00  3.005674359e+01  3.243364150e-01  2.621614115e+00  9.856489500e-01  2.065277673e+00
14  9.887076077e-01  9.151548624e+00  9.999174100e-01  2.564039340e-01  1.626500773e+00  3.834771936e+01  3.276066413e-01  3.965406323e+00  9.928881264e-01  1.939728746e+00
15  9.953739374e-01  1.621646912e+01  9.999528058e-01  2.366859482e-01  1.803711293e+00  4.439902830e+01  3.321577342e-01  8.025751059e+00  9.970934709e-01  1.822684670e+00
0 0 -1.252670839e-01 -6.861499345e-19
0 1  1.377894557e-02 -4.655286262e-03
0 2 -1.408680729e-02  5.385780395e-03
0 3  4.822064138e-03 -6.229032358e-03
0 4 -1.594664112e-03  5.971074952e-03
0 5 -2.794181545e-03 -3.964961043e-03
0 6  3.745603214e-03 -2.711766790e-04
0 7 -4.400168728e-04  3.272543516e-03
0 8 -2.938651992e-03  1.969075338e-04
0 9 -1.692306483e-03 -1.919974923e-03
0 10 -1.378235341e-04 -2.326620363e-03
0 11  8.026866404e-04 -2.019696344e-03
1 0 -1.099965381e-01 -3.716288521e-02
1 1 -9.685009708e-02  5.919913012e-18
1 2  9.855274435e-03 -6.474317459e-03
1 3 -1.326046651e-02  7.785016173e-03
1 4  1.492474409e-03 -8.307936851e-03
1 5  2.093736335e-03  5.990410895e-03
1 6 -5.740712870e-03 -4.311141101e-04
1 7  8.913204291e-04 -4.401407960e-03
1 8  3.760506424e-03  2.794874245e-04
1 9  1.719804964e-03  2.860492532e-03
1 10 -4.040314031e-04  3.094608702e-03
1 11 -1.689219828e-03  2.316470700e-03
2 0  1.124541806e-01  4.299437830e-02
2 1 -1.017580233e-01 -6.684884842e-02
2 2 -7.784656083e-02  4.131234696e-17
2 3  5.870962337e-03 -7.945216428e-03
2 4 -9.784665735e-03  9.156122051e-03
2 5 -3.457391077e-03 -7.929394989e-03
2 6  5.038466990e-03  1.912779310e-03
2 7 -3.152300980e-03  4.690954757e-03
2 8 -4.845585091e-03 -1.394584199e-03
2 9 -1.574457383e-03 -3.690108114e-03
2 10  9.145304533e-04 -3.376260430e-03
2 11  2.052438732e-03 -2.584650455e-03
3 0 -3.849426351e-02 -4.972601071e-02
3 1  1.369174312e-01  8.038212049e-02
3 2 -7.541710609e-02 -1.020625233e-01
3 3 -6.458250623e-02  7.078092126e-17
3 4  2.415124526e-03 -9.320525150e-03
3 5 -5.571370263e-03  9.448730704e-03
3 6 -8.120708416e-03 -4.659508133e-03
3 7  3.127738652e-03 -4.095086518e-03
3 8  3.113775902e-03  3.193906776e-03
3 9 -7.491298718e-04  4.323309451e-03
3 10 -3.056931353e-03  3.034971253e-03
3 11 -3.855011508e-03  9.685545910e-04
4 0  1.273011282e-02  4.766675142e-02
4 1 -1.541014882e-02 -8.578139931e-02
4 2  1.256916893e-01  1.176175537e-01
4 3 -3.739595545e-02 -1.443196570e-01
4 4 -5.481857592e-02 -1.805335415e-17
4 5 -1.081923450e-03 -1.067542919e-02
4 6 -1.252002555e-03  7.993983441e-03
4 7 -9.842495679e-03  1.324295680e-03
4 8 -4.230716644e-03 -5.579507843e-03
4 9  1.260154811e-03 -4.127770649e-03
4 10  3.050448737e-03 -1.527285925e-03
4 11  3.176214625e-03 -4.807533604e-04
5 0  2.230579221e-02 -3.165205829e-02
5 1 -2.161831943e-02  6.185239949e-02
5 2  4.441289430e-02 -1.018592845e-01
5 3  8.626748307e-02  1.463048007e-01
5 4  1.973643847e-02 -1.947410893e-01
5 5 -4.704063417e-02 -5.353204451e-17
5 6 -5.047648033e-03 -1.163267958e-02
5 7  1.991617717e-03  3.701734857e-03
5 8 -5.807786161e-03  6.096294224e-03
5 9 -7.276525306e-03  1.362885873e-03
5 10 -6.261686470e-03 -1.867299437e-03
5 11 -4.120949939e-03 -4.778649317e-03
6 0 -2.990093723e-02 -2.164787991e-03
6 1  5.927420873e-02 -4.451354445e-03
6 2 -6.472305181e-02  2.457114726e-02
6 3  1.257416116e-01 -7.214814670e-02
6 4  2.283902005e-02  1.458261786e-01
6 5  1.073039963e-01 -2.472900245e-01
6 6 -4.026214718e-02 -3.775359702e-17
6 7 -9.123155638e-03 -1.134760256e-02
6 8  1.809048201e-03 -2.482514149e-03
6 9  8.488628216e-04  3.272231353e-03
6 10 -1.847521860e-03  4.593697309e-03
6 11 -2.687242866e-03  2.224280894e-03
7 0  3.512629647e-03  2.612452859e-02
7 1 -9.203092779e-03 -4.544557097e-02
7 2  4.049377322e-02  6.025898520e-02
7 3 -4.843012195e-02 -6.340860331e-02
7 4  1.795467232e-01  2.415779063e-02
7 5 -4.233824123e-02  7.869228216e-02
7 6  2.265938674e-01 -2.818429556e-01
7 7 -3.409551442e-02 -1.908100321e-17
7 8 -1.167065970e-02 -9.169351715e-03
7 9 -1.850613631e-03 -5.838508070e-03
7 10  8.643795908e-04 -2.736343565e-03
7 11  3.001654894e-03 -2.579271096e-03
8 0  2.345909156e-02  1.571901633e-03
8 1 -3.882811208e-02  2.885773303e-03
8 2  6.224533286e-02 -1.791452549e-02
8 3 -4.821392175e-02  4.945467376e-02
8 4  7.717669736e-02 -1.017813351e-01
8 5  1.234631774e-01  1.295963443e-01
8 6 -4.493173683e-02 -6.165876195e-02
8 7  3.422931109e-01 -2.689313204e-01
8 8 -2.905572198e-02  2.235206680e-16
8 9 -1.020863200e-02 -4.661392249e-03
8 10 -5.883859132e-03 -5.810968365e-03
8 11 -7.405246768e-04 -7.494387221e-03
9 0  1.350958632e-02 -1.532705051e-02
9 1 -1.775739019e-02  2.953525725e-02
9 2  2.022513732e-02 -4.740232676e-02
9 3  1.159957883e-02  6.694242301e-02
9 4 -2.298773344e-02 -7.529875739e-02
9 5  1.546859526e-01  2.897252338e-02
9 6 -2.108339672e-02  8.127314567e-02
9 7  5.427733421e-02 -1.712397706e-01
9 8  3.513466987e-01 -1.604294071e-01
9 9 -2.773701029e-02 -8.419755979e-17
9 10 -1.522040745e-02 -4.484089257e-03
9 11 -6.566799063e-03 -1.003118013e-02
10 0  1.100237427e-03 -1.857327791e-02
10 1  4.171719134e-03  3.195256169e-02
10 2 -1.174785942e-02 -4.337070763e-02
10 3  4.733373682e-02  4.699370512e-02
10 4 -5.564626016e-02 -2.786073698e-02
10 5  1.331122886e-01 -3.969545627e-02
10 6  4.588731574e-02  1.140946927e-01
10 7 -2.535170991e-02 -8.025523624e-02
10 8  2.025025961e-01 -1.999939416e-01
10 9  5.487400152e-01 -1.616644768e-01
10 10 -1.910475528e-02 -6.639243399e-17
10 11 -5.634495274e-03 -4.264371290e-03
11 0 -6.407801756e-03 -1.612312094e-02
11 1  1.744159148e-02  2.391810406e-02
11 2 -2.636518184e-02 -3.320185796e-02
11 3  5.969126523e-02  1.499716638e-02
11 4 -5.794048042e-02 -8.769898749e-03
11 5  8.760404725e-02 -1.015855632e-01
11 6  6.674365514e-02  5.524496456e-02
11 7 -8.803665071e-02 -7.564839949e-02
11 8  2.548636297e-02 -2.579315436e-01
11 9  2.367522308e-01 -3.616532576e-01
11 10  2.949263255e-01 -2.232099405e-01
11 11 -1.891784592e-02 -3.100961550e-17
0 0 -8.301070629e+00 -3.411262700e-16
0 1 -8.751778079e-01  4.032881905e-01
0 2  1.195091399e+00 -3.790500744e-01
0 3 -2.498659079e-01  3.060806269e-01
0 4  8.916443858e-02 -2.494938586e-01
0 5  9.124787983e-02  1.476158751e-01
0 6 -1.255654514e-01 -1.351746224e-03
0 7  1.284326109e-02 -1.014014717e-01
0 8  7.315840012e-02  1.872527849e-03
0 9  5.115251912e-02  3.970451021e-02
0 10 -5.651165185e-02  6.221001874e-02
0 11 -3.112123270e-03  6.436982264e-02
1 0 -8.751778079e-01 -4.032881905e-01
1 1 -1.093716361e+01 -8.037960301e-15
1 2 -8.669828555e-01  9.114008377e-01
1 3  1.861947765e+00 -9.096503486e-01
1 4 -1.386066500e-01  6.609453354e-01
1 5 -9.392431973e-02 -4.081149239e-01
1 6  3.266636783e-01  5.278705144e-02
1 7 -5.192955654e-02  2.306830992e-01
1 8 -1.591805565e-01 -2.425463663e-02
1 9 -1.058805822e-01 -8.402676581e-02
1 10  1.046873160e-01 -1.010084379e-01
1 11  1.098606291e-01 -7.815112155e-02
2 0  1.195091399e+00  3.790500744e-01
2 1 -8.669828555e-01 -9.114008377e-01
2 2 -1.375801851e+01 -1.112397867e-14
2 3 -5.669693809e-01  1.671698714e+00
2 4  2.155309853e+00 -1.644832891e+00
2 5  3.650897002e-01  9.498355736e-01
2 6 -4.674716910e-01 -2.682368761e-01
2 7  2.805885921e-01 -3.878886252e-01
2 8  3.052742503e-01  1.430095139e-01
2 9  1.030696164e-01  2.079909829e-01
2 10 -2.695232109e-01  1.254050380e-01
2 11 -4.849083019e-02  1.974143042e-01
3 0 -2.498659079e-01 -3.060806269e-01
3 1  1.861947765e+00  9.096503486e-01
3 2 -5.669693809e-01 -1.671698714e+00
3 3 -1.681438961e+01 -5.052574459e-15
3 4  1.072745701e-01  2.781068876e+00
3 5  1.985366114e+00 -2.502559766e+00
3 6  1.345289777e+00  8.820857287e-01
3 7 -4.945558528e-01  4.999609527e-01
3 8 -2.870939576e-01 -4.406049986e-01
3 9 -4.009718807e-02 -3.322501991e-01
3 10  4.055057195e-01 -3.769174668e-02
3 11  4.770275373e-01 -1.726090598e-02
4 0  8.916443858e-02  2.494938586e-01
4 1 -1.386066500e-01 -6.609453354e-01
4 2  2.155309853e+00  1.644832891e+00
4 3  1.072745701e-01 -2.781068876e+00
4 4 -2.029322780e+01  1.410102588e-14
4 5  1.429719000e+00  4.328633203e+00
4 6  1.219787657e+00 -3.329911741e+00
4 7  2.432953391e+00 -2.068564061e-01
4 8  4.750062634e-01  1.025606786e+00
4 9 -2.115059899e-01  5.533359355e-01
4 10 -6.436373576e-01 -3.982230576e-01
4 11 -1.990160659e-01  1.090043686e-01
5 0  9.124787983e-02 -1.476158751e-01
5 1 -9.392431973e-02  4.081149239e-01
5 2  3.650897002e-01 -9.498355736e-01
5 3  1.985366114e+00  2.502559766e+00
5 4  1.429719000e+00 -4.328633203e+00
5 5 -2.457848446e+01  4.213313917e-14
5 6  3.904087743e+00  6.489545384e+00
5 7 -2.839586332e-01 -3.063327687e+00
5 8  2.405240146e+00 -1.968553999e+00
5 9  1.249670998e+00 -2.459029125e-01
5 10  4.663178011e-01  9.272592129e-01
5 11  9.916552305e-01  1.035584672e+00
6 0 -1.255654514e-01  1.351746224e-03
6 1  3.266636783e-01 -5.278705144e-02
6 2 -4.674716910e-01  2.682368761e-01
6 3  1.345289777e+00 -8.820857287e-01
6 4  1.219787657e+00  3.329911741e+00
6 5  3.904087743e+00 -6.489545384e+00
6 6 -2.963397826e+01  7.944367098e-15
6 7  8.121907088e+00  8.721511029e+00
6 8 -1.163453631e+00 -1.715375364e+00
6 9 -2.151436264e-01 -1.383842052e+00
6 10  1.885536604e+00 -2.007669773e+00
6 11  1.275716135e+00 -6.161072031e-01
7 0  1.284326109e-02  1.014014717e-01
7 1 -5.192955654e-02 -2.306830992e-01
7 2  2.805885921e-01  3.878886252e-01
7 3 -4.945558528e-01 -4.999609527e-01
7 4  2.432953391e+00  2.068564061e-01
7 5 -2.839586332e-01  3.063327687e+00
7 6  8.121907088e+00 -8.721511029e+00
7 7 -3.607337230e+01 -2.472963525e-13
7 8  1.212393758e+01  8.804055858e+00
7 9  3.847802386e-01  1.832692795e+00
7 10 -1.065318607e+00 -2.945900508e+00
7 11 -9.590127154e-01  2.200664702e-01
8 0  7.315840012e-02 -1.872527849e-03
8 1 -1.591805565e-01  2.425463663e-02
8 2  3.052742503e-01 -1.430095139e-01
8 3 -2.870939576e-01  4.406049986e-01
8 4  4.750062634e-01 -1.025606786e+00
8 5  2.405240146e+00  1.968553999e+00
8 6 -1.163453631e+00  1.715375364e+00
8 7  1.212393758e+01 -8.804055858e+00
8 8 -4.027025940e+01 -2.373846634e-13
8 9  1.046916155e+01  4.119850158e+00
8 10  1.022274494e+00  1.841884679e+00
8 11  1.123261315e-01  3.629405899e+00
9 0  5.115251912e-02 -3.970451021e-02
9 1 -1.058805822e-01  8.402676581e-02
9 2  1.030696164e-01 -2.079909829e-01
9 3 -4.009718807e-02  3.322501991e-01
9 4 -2.115059899e-01 -5.533359355e-01
9 5  1.249670998e+00  2.459029125e-01
9 6 -2.151436264e-01  1.383842052e+00
9 7  3.847802386e-01 -1.832692795e+00
9 8  1.046916155e+01 -4.119850158e+00
9 9 -5.577178814e+01  4.342922966e-13
9 10  2.473285577e+01  6.786376040e+00
9 11  5.867447762e+00  1.012218421e+01
10 0 -5.651165185e-02 -6.221001874e-02
10 1  1.046873160e-01  1.010084379e-01
10 2 -2.695232109e-01 -1.254050380e-01
10 3  4.055057195e-01  3.769174668e-02
10 4 -6.436373576e-01  3.982230576e-01
10 5  4.663178011e-01 -9.272592129e-01
10 6  1.885536604e+00  2.007669773e+00
10 7 -1.065318607e+00  2.945900508e+00
10 8  1.022274494e+00 -1.841884679e+00
10 9  2.473285577e+01 -6.786376040e+00
10 10 -5.957447932e+01  2.698308922e-13
10 11  1.558984711e+01  1.179890890e+01
11 0 -3.112123270e-03 -6.436982264e-02
11 1  1.098606291e-01  7.815112155e-02
11 2 -4.849083019e-02 -1.974143042e-01
11 3  4.770275373e-01  1.726090598e-02
11 4 -1.990160659e-01 -1.090043686e-01
11 5  9.916552305e-01 -1.035584672e+00
11 6  1.275716135e+00  6.161072031e-01
11 7 -9.590127154e-01 -2.200664702e-01
11 8  1.123261315e-01 -3.629405899e+00
11 9  5.867447762e+00 -1.012218421e+01
11 10  1.558984711e+01 -1.179890890e+01
11 11 -5.286014086e+01  8.664689681e-14
0  2.833239032e-02 -1.249558449e-03 -1.162530558e-01 -1.258598269e-02
1  4.644713907e-02 -1.420685739e-03  1.454136615e-01  4.054633360e-02
2  6.427283100e-02 -2.940170579e-03 -1.460781487e-01 -8.422405562e-02
3  9.047523763e-02 -3.383072287e-03  1.115506881e-01  1.411383063e-01
4  1.229964570e-01 -6.685109903e-03 -2.183790415e-02 -1.858503447e-01
5  1.594322954e-01 -8.018399140e-03 -1.162622335e-01  1.500327709e-01
6  1.931368539e-01 -1.105440746e-02  1.857473500e-01  2.715640451e-02
7  2.155566038e-01 -1.386483245e-02 -6.163002272e-03 -1.818832728e-01
8  2.314706705e-01 -1.504570286e-02 -1.727238419e-01 -2.569488426e-02
9  2.657620485e-01 -1.810145450e-02 -1.188681343e-01  1.176893424e-01
10  2.598733802e-01 -1.856823800e-02 -1.931673853e-02  1.563016859e-01
11  1.572444167e-01 -1.356361897e-01  4.933109987e-02  1.400401146e-01
