10 100
  0        7.126111e-09       -2.841300e+06  0       -1.214432e-02
  1        6.155043e-08       -2.059297e+06  0       -2.563870e-03
  2        5.141862e-06       -1.493443e+06  1       -1.043639e-06
  3        1.804919e-07       -1.093753e+06  0       -1.629106e-03
  4        7.181055e-06       -8.624920e+05  1        6.190888e-06
  5        3.395643e-07       -5.391564e+05  1        3.724082e-03
  6       -7.885220e-09       -1.692915e+04  1        1.125305e-02
  7        3.388599e-09        7.635170e+05  1        8.258022e-03
  8       -1.820708e-05        9.475768e+05  1       -3.030591e-05
  9       -7.993701e-06        7.544385e+05  1       -2.119078e-05
  0    0       -3.449390e-08       -1.381995e-06
  0    1       -2.744136e-09       -4.860289e-08
  0    2       -3.035637e-08       -1.235684e-07
  0    3       -2.808888e-09       -1.344099e-08
  0    4       -2.957737e-08       -4.052212e-08
  0    5       -2.512922e-09       -6.552696e-09
  0    6       -2.897558e-08       -1.951838e-08
  0    7       -2.130670e-09       -4.029318e-09
  0    8       -2.826594e-08       -1.127611e-08
  0    9       -1.740668e-09       -2.808772e-09
  0   10       -2.740525e-08       -7.238685e-09
  0   11       -1.375386e-09       -2.115663e-09
  0   12       -2.640497e-08       -4.976286e-09
  0   13       -1.050078e-09       -1.678713e-09
  0   14       -2.529340e-08       -3.588499e-09
  0   15       -7.714022e-10       -1.382261e-09
  0   16       -2.410310e-08       -2.680032e-09
  0   17       -5.409939e-10       -1.169879e-09
  0   18       -2.286549e-08       -2.055540e-09
  0   19       -3.573905e-10       -1.011210e-09
  0   20       -2.160834e-08       -1.609632e-09
  0   21       -2.172597e-10       -8.886686e-10
  0   22       -2.035473e-08       -1.281451e-09
  0   23       -1.162456e-10       -7.914524e-10
  0   24       -1.912287e-08       -1.033900e-09
  0   25       -4.955639e-11       -7.126086e-10
  0   26       -1.792647e-08       -8.433418e-10
  0   27       -1.236102e-11       -6.474837e-10
  0   28       -1.677528e-08       -6.941466e-10
  0   29       -4.325178e-14       -5.928594e-10
  0   30       -1.567573e-08       -5.756508e-10
  0   31       -8.349736e-12       -5.464465e-10
  0   32       -1.463166e-08       -4.803805e-10
  0   33       -3.346339e-11       -5.065761e-10
  0   34       -1.364480e-08       -4.029739e-10
  0   35       -7.202604e-11       -4.720051e-10
  0   36       -1.271539e-08       -3.395057e-10
  0   37       -1.211286e-10       -4.417896e-10
  0   38       -1.184253e-08       -2.870503e-10
  0   39       -1.782821e-10       -4.152002e-10
  0   40       -1.102452e-08       -2.433926e-10
  0   41       -2.413788e-10       -3.916642e-10
  0   42       -1.025915e-08       -2.068320e-10
  0   43       -3.086492e-10       -3.707253e-10
  0   44       -9.543896e-09       -1.760461e-10
  0   45       -3.786196e-10       -3.520144e-10
  0   46       -8.876041e-09       -1.499956e-10
  0   47       -4.500714e-10       -3.352291e-10
  0   48       -8.252815e-09       -1.278553e-10
  0   49       -5.220044e-10       -3.201180e-10
  0   50       -7.671455e-09       -1.089643e-10
  0   51       -5.936038e-10       -3.064695e-10
  0   52       -7.129266e-09       -9.278935e-11
  0   53       -6.642118e-10       -2.941033e-10
  0   54       -6.623655e-09       -7.889727e-11
  0   55       -7.333019e-10       -2.828636e-10
  0   56       -6.152151e-09       -6.693410e-11
  0   57       -8.004584e-10       -2.726147e-10
  0   58       -5.712423e-09       -5.660922e-11
  0   59       -8.653575e-10       -2.632370e-10
  0   60       -5.302281e-09       -4.768306e-11
  0   61       -9.277525e-10       -2.546244e-10
  0   62       -4.919675e-09       -3.995736e-11
  0   63       -9.874604e-10       -2.466817e-10
  0   64       -4.562699e-09       -3.326762e-11
  0   65       -1.044351e-09       -2.393235e-10
  0   66       -4.229579e-09       -2.747693e-11
  0   67       -1.098338e-09       -2.324725e-10
  0   68       -3.918669e-09       -2.247108e-11
  0   69       -1.149371e-09       -2.260588e-10
  0   70       -3.628445e-09       -1.815455e-11
  0   71       -1.197428e-09       -2.200193e-10
  0   72       -3.357497e-09       -1.444725e-11
  0   73       -1.242513e-09       -2.142968e-10
  0   74       -3.104518e-09       -1.128178e-11
  0   75       -1.284649e-09       -2.088398e-10
  0   76       -2.868299e-09       -8.601211e-12
  0   77       -1.323873e-09       -2.036021e-10
  0   78       -2.647724e-09       -6.357190e-12
  0   79       -1.360236e-09       -1.985428e-10
  0   80       -2.441758e-09       -4.508405e-12
  0   81       -1.393799e-09       -1.936256e-10
  0   82       -2.249444e-09       -3.019262e-12
  0   83       -1.424630e-09       -1.888192e-10
  0   84       -2.069895e-09       -1.858808e-12
  0   85       -1.452802e-09       -1.840962e-10
  0   86       -1.902291e-09       -9.998265e-13
  0   87       -1.478392e-09       -1.794340e-10
  0   88       -1.745871e-09       -4.180979e-13
  0   89       -1.501481e-09       -1.748135e-10
  0   90       -1.599929e-09       -9.179307e-14
  0   91       -1.522150e-09       -1.702194e-10
  0   92       -1.463811e-09       -9.839397e-16
  0   93       -1.540483e-09       -1.656399e-10
  0   94       -1.336907e-09       -1.272542e-13
  0   95       -1.556560e-09       -1.610662e-10
  0   96       -1.218655e-09       -4.533935e-13
  0   97       -1.570463e-09       -1.564921e-10
  0   98       -1.108528e-09       -9.631631e-13
  0   99       -1.582272e-09       -1.519143e-10
  1    0       -3.795086e-07       -1.178712e-05
  1    1       -9.834959e-08       -3.817396e-06
  1    2       -1.345926e-07       -2.819506e-08
  1    3       -3.355967e-07       -1.109537e-06
  1    4       -5.006773e-09       -2.977217e-07
  1    5       -2.708472e-07       -1.193699e-07
  1    6       -2.145040e-07       -3.751794e-07
  1    7       -2.710225e-08       -2.318373e-08
  1    8       -3.393418e-07       -1.379349e-07
  1    9       -7.760416e-08       -1.426566e-07
  1   10       -1.323606e-07       -1.688673e-09
  1   11       -3.027174e-07       -1.186474e-07
  1   12       -3.408528e-09       -4.367036e-08
  1   13       -2.472069e-07       -2.185791e-08
  1   14       -1.882125e-07       -8.303796e-08
  1   15       -2.562017e-08       -5.958704e-09
  1   16       -2.992324e-07       -4.019993e-08
  1   17       -6.598225e-08       -4.612978e-08
  1   18       -1.169456e-07       -6.103095e-10
  1   19       -2.604356e-07       -4.554482e-08
  1   20       -2.602790e-09       -1.789888e-08
  1   21       -2.124753e-07       -9.619491e-09
  1   22       -1.587054e-07       -3.840277e-08
  1   23       -2.241228e-08       -2.864320e-09
  1   24       -2.526562e-07       -2.052529e-08
  1   25       -5.453559e-08       -2.442583e-08
  1   26       -9.905219e-08       -3.487517e-10
  1   27       -2.171284e-07       -2.600892e-08
  1   28       -1.992262e-09       -1.048284e-08
  1   29       -1.775826e-07       -5.872909e-09
  1   30       -1.310313e-07       -2.387379e-08
  1   31       -1.905724e-08       -1.797555e-09
  1   32       -2.095822e-07       -1.340478e-08
  1   33       -4.455785e-08       -1.616753e-08
  1   34       -8.270738e-08       -2.452624e-10
  1   35       -1.793243e-07       -1.785582e-08
  1   36       -1.529507e-09       -7.244811e-09
  1   37       -1.475248e-07       -4.166119e-09
  1   38       -1.079056e-07       -1.696382e-08
  1   39       -1.612629e-08       -1.269144e-09
  1   40       -1.738775e-07       -9.731157e-09
  1   41       -3.652487e-08       -1.174334e-08
  1   42       -6.923125e-08       -1.874266e-10
  1   43       -1.488408e-07       -1.316697e-08
  1   44       -1.186188e-09       -5.327005e-09
  1   45       -1.234082e-07       -3.120655e-09
  1   46       -8.964053e-08       -1.263374e-08
  1   47       -1.374989e-08       -9.327959e-10
  1   48       -1.457260e-07       -7.321625e-09
  1   49       -3.029231e-08       -8.800226e-09
  1   50       -5.860444e-08       -1.472890e-10
  1   51       -1.250859e-07       -9.953174e-09
  1   52       -9.331361e-10       -4.005150e-09
  1   53       -1.046072e-07       -2.386721e-09
  1   54       -7.551959e-08       -9.592472e-09
  1   55       -1.187855e-08       -6.979719e-10
  1   56       -1.239078e-07       -5.607673e-09
  1   57       -2.550536e-08       -6.709880e-09
  1   58       -5.033764e-08       -1.177272e-10
  1   59       -1.067192e-07       -7.654277e-09
  1   60       -7.452214e-10       -3.063453e-09
  1   61       -9.001342e-08       -1.857706e-09
  1   62       -6.460209e-08       -7.413413e-09
  1   63       -1.041066e-08       -5.315539e-10
  1   64       -1.069474e-07       -4.374374e-09
  1   65       -2.180210e-08       -5.211850e-09
  1   66       -4.387029e-08       -9.584678e-11
  1   67       -9.238825e-08       -6.000131e-09
  1   68       -6.032496e-10       -2.388810e-09
  1   69       -7.855110e-08       -1.474582e-09
  1   70       -5.603895e-08       -5.843583e-09
  1   71       -9.244226e-09       -4.128216e-10
  1   72       -9.354153e-08       -3.481269e-09
  1   73       -1.888240e-08       -4.130156e-09
  1   74       -3.871453e-08       -7.956986e-11
  1   75       -8.097293e-08       -4.798906e-09
  1   76       -4.935076e-10       -1.900351e-09
  1   77       -6.934261e-08       -1.194122e-09
  1   78       -4.916116e-08       -4.698760e-09
  1   79       -8.294569e-09       -3.269343e-10
  1   80       -8.267405e-08       -2.825555e-09
  1   81       -1.652039e-08       -3.337383e-09
  1   82       -3.449316e-08       -6.730405e-11
  1   83       -7.163178e-08       -3.912410e-09
  1   84       -4.066140e-10       -1.540622e-09
  1   85       -6.173581e-08       -9.852971e-10
  1   86       -4.348252e-08       -3.848834e-09
  1   87       -7.498336e-09       -2.636311e-10
  1   88       -7.361382e-08       -2.335136e-09
  1   89       -1.455725e-08       -2.745189e-09
  1   90       -3.093731e-08       -5.789874e-11
  1   91       -6.377621e-08       -3.245361e-09
  1   92       -3.363446e-10       -1.270409e-09
  1   93       -5.527985e-08       -8.267466e-10
  1   94       -3.867171e-08       -3.205187e-09
  1   95       -6.811931e-09       -2.160232e-10
  1   96       -6.586821e-08       -1.960994e-09
  1   97       -1.288728e-08       -2.293903e-09
  1   98       -2.786810e-08       -5.055149e-11
  1   99       -5.701849e-08       -2.733393e-09
  2    0        6.492835e-06        1.197899e-04
  2    1        7.215025e-06        1.442470e-04
  2    2        7.450425e-07        2.774931e-05
  2    3        2.443613e-06        9.836884e-07
  2    4        7.992416e-06        1.702258e-05
  2    5        4.098065e-06        1.374124e-05
  2    6        5.852015e-08        1.253739e-06
  2    7        5.352165e-06        2.271053e-06
  2    8        7.236188e-06        6.579215e-06
  2    9        1.244818e-06        3.016409e-06
  2   10        1.559211e-06        6.335853e-09
  2   11        7.200225e-06        2.353082e-06
  2   12        4.674423e-06        3.009611e-06
  2   13        7.525930e-09        5.467901e-07
  2   14        4.090060e-06        3.858589e-07
  2   15        6.981390e-06        1.924079e-06
  2   16        1.816772e-06        1.243927e-06
  2   17        8.047778e-07        1.219699e-08
  2   18        6.045136e-06        7.451017e-07
  2   19        4.942291e-06        1.307933e-06
  2   20        1.533204e-07        3.687184e-07
  2   21        2.850371e-06        9.012312e-08
  2   22        6.323568e-06        8.455144e-07
  2   23        2.300432e-06        7.182286e-07
  2   24        3.048167e-07        3.656508e-08
  2   25        4.763709e-06        2.994642e-07
  2   26        4.889752e-06        7.191264e-07
  2   27        4.232147e-07        2.850607e-07
  2   28        1.808094e-06        1.743942e-08
  2   29        5.435782e-06        4.359863e-07
  2   30        2.632965e-06        4.766572e-07
  2   31        5.563640e-08        5.453705e-08
  2   32        3.549901e-06        1.291209e-07
  2   33        4.593258e-06        4.404478e-07
  2   34        7.362411e-07        2.329684e-07
  2   35        1.028329e-06        8.045448e-10
  2   36        4.477683e-06        2.411970e-07
  2   37        2.803662e-06        3.388856e-07
  2   38        1.700690e-09        6.606023e-08
  2   39        2.509739e-06        5.437130e-08
  2   40        4.143990e-06        2.850287e-07
  2   41        1.032461e-06        1.953032e-07
  2   42        5.029140e-07        1.706600e-09
  2   43        3.556949e-06        1.368383e-07
  2   44        2.831068e-06        2.500780e-07
  2   45        7.648374e-08        7.269856e-08
  2   46        1.678817e-06        2.021231e-08
  2   47        3.618703e-06        1.895879e-07
  2   48        1.277072e-06        1.656766e-07
  2   49        1.896071e-07        8.187500e-09
  2   50        2.732208e-06        7.711971e-08
  2   51        2.744780e-06        1.882221e-07
  2   52        2.223662e-07        7.573606e-08
  2   53        1.051388e-06        5.382688e-09
  2   54        3.072613e-06        1.272607e-07
  2   55        1.454756e-06        1.410871e-07
  2   56        3.769005e-08        1.590632e-08
  2   57        2.028017e-06        4.182688e-08
  2   58        2.575222e-06        1.427926e-07
  2   59        3.963046e-07        7.606007e-08
  2   60        6.026999e-07        3.876173e-10
  2   61        2.541997e-06        8.492230e-08
  2   62        1.562701e-06        1.199279e-07
  2   63        2.452802e-10        2.314540e-08
  2   64        1.448755e-06        2.092107e-08
  2   65        2.349385e-06        1.081990e-07
  2   66        5.689210e-07        7.428810e-08
  2   67        3.020165e-07        5.300130e-10
  2   68        2.049169e-06        5.552609e-08
  2   69        1.605265e-06        1.013050e-07
  2   70        3.835400e-08        2.920379e-08
  2   71        9.880865e-07        8.953574e-09
  2   72        2.089718e-06        8.125706e-08
  2   73        7.216387e-07        7.088696e-08
  2   74        1.189687e-07        3.287712e-09
  2   75        1.606875e-06        3.499245e-08
  2   76        1.590542e-06        8.472549e-08
  2   77        1.215144e-07        3.381923e-08
  2   78        6.345528e-07        2.733221e-09
  2   79        1.814303e-06        6.004105e-08
  2   80        8.438226e-07        6.624246e-08
  2   81        2.616878e-08        7.214889e-09
  2   82        1.221465e-06        2.079047e-08
  2   83        1.528303e-06        6.992350e-08
  2   84        2.266696e-07        3.694068e-08
  2   85        3.746398e-07        2.616814e-10
  2   86        1.537396e-06        4.331196e-08
  2   87        9.304865e-07        6.069135e-08
  2   88        5.776755e-13        1.144420e-08
  2   89        8.949931e-07        1.124440e-08
  2   90        1.428796e-06        5.675626e-08
  2   91        3.369216e-07        3.862900e-08
  2   92        1.943845e-07        2.152076e-10
  2   93        1.270000e-06        3.021810e-08
  2   94        9.805867e-07        5.453415e-08
  2   95        2.062385e-08        1.544429e-08
  2   96        6.265879e-07        5.177438e-09
  2   97        1.302033e-06        4.514307e-08
  2   98        4.403284e-07        3.900831e-08
  2   99        8.020774e-08        1.677564e-09
  3    0       -4.201278e-07       -2.244657e-05
  3    1       -8.449047e-07       -1.525242e-05
  3    2       -6.882616e-07       -7.530215e-06
  3    3       -1.766746e-07       -2.027969e-06
  3    4       -2.188299e-08       -5.085810e-08
  3    5       -4.287793e-07       -3.931938e-07
  3    6       -8.197932e-07       -1.039562e-06
  3    7       -6.485078e-07       -9.366873e-07
  3    8       -1.568758e-07       -3.579216e-07
  3    9       -2.617237e-08       -9.915695e-09
  3   10       -4.251600e-07       -1.147577e-07
  3   11       -7.863718e-07       -3.378390e-07
  3   12       -6.061105e-07       -3.348266e-07
  3   13       -1.390756e-07       -1.370734e-07
  3   14       -2.908526e-08       -3.401901e-09
  3   15       -4.114382e-07       -5.469731e-08
  3   16       -7.396771e-07       -1.647660e-07
  3   17       -5.567376e-07       -1.689932e-07
  3   18       -1.213701e-07       -7.080461e-08
  3   19       -3.112422e-08       -1.475652e-09
  3   20       -3.908691e-07       -3.315949e-08
  3   21       -6.845456e-07       -1.001893e-07
  3   22       -5.037948e-07       -1.046111e-07
  3   23       -1.043515e-07       -4.422803e-08
  3   24       -3.244094e-08       -7.372592e-10
  3   25       -3.661928e-07       -2.377821e-08
  3   26       -6.257504e-07       -7.139071e-08
  3   27       -4.507199e-07       -7.512439e-08
  3   28       -8.864627e-08       -3.170672e-08
  3   29       -3.316694e-08       -3.984087e-10
  3   30       -3.397162e-07       -1.915400e-08
  3   31       -5.671279e-07       -5.656774e-08
  3   32       -4.000945e-07       -5.933567e-08
  3   33       -7.463654e-08       -2.471711e-08
  3   34       -3.343818e-08       -2.163463e-10
  3   35       -3.131966e-07       -1.643609e-08
  3   36       -5.113467e-07       -4.735143e-08
  3   37       -3.535257e-07       -4.909811e-08
  3   38       -6.246015e-08       -2.002512e-08
  3   39       -3.338498e-08       -1.093371e-10
  3   40       -2.878350e-07       -1.447676e-08
  3   41       -4.600030e-07       -4.052331e-08
  3   42       -3.117980e-07       -4.137054e-08
  3   43       -5.207733e-08       -1.645719e-08
  3   44       -3.312209e-08       -4.685660e-11
  3   45       -2.643575e-07       -1.287075e-08
  3   46       -4.138556e-07       -3.497583e-08
  3   47       -2.751030e-07       -3.511356e-08
  3   48       -4.334200e-08       -1.360295e-08
  3   49       -3.274395e-08       -1.395524e-11
  3   50       -2.431298e-07       -1.149455e-08
  3   51       -3.730804e-07       -3.033796e-08
  3   52       -2.432537e-07       -2.994644e-08
  3   53       -3.605777e-08       -1.128999e-08
  3   54       -3.232418e-08       -1.102284e-12
  3   55       -2.242655e-07       -1.030749e-08
  3   56       -3.374842e-07       -2.644365e-08
  3   57       -2.158507e-07       -2.566709e-08
  3   58       -3.001517e-08       -9.411861e-09
  3   59       -3.191720e-08       -1.625121e-12
  3   60       -2.077136e-07       -9.286072e-09
  3   61       -3.066621e-07       -2.317469e-08
  3   62       -1.923955e-07       -2.212101e-08
  3   63       -2.501356e-08       -7.884751e-09
  3   64       -3.156072e-08       -1.085005e-11
  3   65       -1.933229e-07       -8.408755e-09
  3   66       -2.801056e-07       -2.042804e-08
  3   67       -1.723639e-07       -1.917628e-08
  3   68       -2.087234e-08       -6.639295e-09
  3   69       -3.127832e-08       -2.556248e-11
  3   70       -1.808861e-07       -7.654644e-09
  3   71       -2.572713e-07       -1.811320e-08
  3   72       -1.552480e-07       -1.672110e-08
  3   73       -1.743537e-08       -5.618862e-09
  3   74       -3.108190e-08       -4.358398e-11
  3   75       -1.701699e-07       -7.004554e-09
  3   76       -2.376236e-07       -1.615318e-08
  3   77       -1.405802e-07       -1.466318e-08
  3   78       -1.457150e-08       -4.778113e-09
  3   79       -3.097394e-08       -6.345228e-11
  3   80       -1.609347e-07       -6.441711e-09
  3   81       -2.206603e-07       -1.448429e-08
  3   82       -1.279444e-07       -1.292781e-08
  3   83       -1.217303e-08       -4.081209e-09
  3   84       -3.094959e-08       -8.419233e-11
  3   85       -1.529484e-07       -5.951904e-09
  3   86       -2.059267e-07       -1.305464e-08
  3   87       -1.169807e-07       -1.145517e-08
  3   88       -1.015307e-08       -3.499984e-09
  3   89       -3.099871e-08       -1.051583e-10
  3   90       -1.459951e-07       -5.523307e-09
  3   91       -1.930233e-07       -1.182235e-08
  3   92       -1.073844e-07       -1.019756e-08
  3   93       -8.442583e-09       -3.012320e-09
  3   94       -3.110770e-08       -1.259264e-10
  3   95       -1.398810e-07       -5.146166e-09
  3   96       -1.816080e-07       -1.075366e-08
  3   97       -9.890340e-08       -9.116952e-09
  3   98       -6.987290e-09       -2.600810e-09
  3   99       -3.126122e-08       -1.462230e-10
  4    0       -2.890384e-06       -7.313578e-05
  4    1       -7.669237e-06       -1.069996e-04
  4    2       -1.089180e-05       -8.276537e-05
  4    3       -1.026795e-05       -5.160773e-05
  4    4       -6.274305e-06       -2.483952e-05
  4    5       -1.789107e-06       -7.647543e-06
  4    6       -5.525033e-09       -5.734484e-07
  4    7       -2.140152e-06       -7.383023e-07
  4    8       -6.587017e-06       -3.862608e-06
  4    9       -1.010753e-05       -6.323534e-06
  4   10       -1.017375e-05       -6.421219e-06
  4   11       -6.765377e-06       -4.470890e-06
  4   12       -2.340498e-06       -1.942766e-06
  4   13       -3.331282e-08       -2.850654e-07
  4   14       -1.403458e-06       -9.269446e-08
  4   15       -5.356697e-06       -9.688347e-07
  4   16       -8.983718e-06       -1.988736e-06
  4   17       -9.674452e-06       -2.367767e-06
  4   18       -6.968353e-06       -1.904058e-06
  4   19       -2.827412e-06       -9.807968e-07
  4   20       -1.780863e-07       -2.118047e-07
  4   21       -8.069181e-07       -1.100572e-08
  4   22       -4.125195e-06       -3.632743e-07
  4   23       -7.655983e-06       -9.045492e-07
  4   24       -8.846488e-06       -1.210703e-06
  4   25       -6.878673e-06       -1.080122e-06
  4   26       -3.193621e-06       -6.311303e-07
  4   27       -3.990363e-07       -1.786011e-07
  4   28       -3.868273e-07       -7.574977e-13
  4   29       -3.020053e-06       -1.572717e-07
  4   30       -6.299128e-06       -4.831861e-07
  4   31       -7.838636e-06       -7.203462e-07
  4   32       -6.564802e-06       -7.029369e-07
  4   33       -3.426405e-06       -4.564206e-07
  4   34       -6.525868e-07       -1.587047e-07
  4   35       -1.344045e-07       -4.011294e-09
  4   36       -2.104385e-06       -7.055348e-08
  4   37       -5.034380e-06       -2.798507e-07
  4   38       -6.778115e-06       -4.654418e-07
  4   39       -6.106160e-06       -4.939663e-07
  4   40       -3.536846e-06       -3.521669e-07
  4   41       -9.047266e-07       -1.445132e-07
  4   42       -1.891179e-08       -1.138684e-08
  4   43       -1.390969e-06       -3.033972e-08
  4   44       -3.925080e-06       -1.687590e-07
  4   45       -5.751175e-06       -3.155402e-07
  4   46       -5.570403e-06       -3.635171e-07
  4   47       -3.546486e-06       -2.823548e-07
  4   48       -1.133717e-06       -1.330585e-07
  4   49       -4.095602e-09       -1.890503e-08
  4   50       -8.631849e-07       -1.130810e-08
  4   51       -2.991612e-06       -1.032237e-07
  4   52       -4.806226e-06       -2.198713e-07
  4   53       -5.006663e-06       -2.751392e-07
  4   54       -3.478574e-06       -2.316453e-07
  4   55       -1.328098e-06       -1.229800e-07
  4   56       -5.707960e-08       -2.555073e-08
  4   57       -4.920056e-07       -2.912215e-09
  4   58       -2.228920e-06       -6.277469e-08
  4   59       -3.964572e-06       -1.554210e-07
  4   60       -4.447008e-06       -2.118500e-07
  4   61       -3.353801e-06       -1.927308e-07
  4   62       -1.483454e-06       -1.136959e-07
  4   63       -1.515602e-07       -3.103229e-08
  4   64       -2.462617e-07       -1.557825e-10
  4   65       -1.619749e-06       -3.726196e-08
  4   66       -3.230894e-06       -1.104757e-07
  4   67       -3.910648e-06       -1.648338e-07
  4   68       -3.188960e-06       -1.617841e-07
  4   69       -1.599617e-06       -1.049871e-07
  4   70       -2.679354e-07       -3.533957e-08
  4   71       -9.754821e-08       -4.388919e-10
  4   72       -1.142732e-06       -2.111666e-08
  4   73       -2.600899e-06       -7.843018e-08
  4   74       -3.408111e-06       -1.290116e-07
  4   75       -2.997081e-06       -1.365664e-07
  4   76       -1.678720e-06       -9.676399e-08
  4   77       -3.922329e-07       -3.856888e-08
  4   78       -2.192141e-08       -2.325332e-09
  4   79       -7.766104e-07       -1.104906e-08
  4   80       -2.066127e-06       -5.525564e-08
  4   81       -2.944453e-06       -1.012032e-07
  4   82       -2.788072e-06       -1.156362e-07
  4   83       -1.724002e-06       -8.897181e-08
  4   84       -5.148086e-07       -4.084428e-08
  4   85       -3.048816e-12       -4.991974e-09
  4   86       -5.020994e-07       -5.017056e-09
  4   87       -1.616678e-06       -3.836233e-08
  4   88       -2.521453e-06       -7.930645e-08
  4   89       -2.569448e-06       -9.800824e-08
  4   90       -1.739138e-06       -8.156585e-08
  4   91       -6.292028e-07       -4.228597e-08
  4   92       -1.644302e-08       -7.954736e-09
  4   93       -3.024742e-07       -1.706726e-09
  4   94       -1.242623e-06       -2.602444e-08
  4   95       -2.139008e-06       -6.188246e-08
  4   96       -2.346946e-06       -8.298769e-08
  4   97       -1.727881e-06       -7.450990e-08
  4   98       -7.312521e-07       -4.300125e-08
  4   99       -5.921568e-08       -1.092338e-08
  5    0        3.636241e-07        1.472149e-05
  5    1        1.094618e-06        1.529946e-05
  5    2        1.934237e-06        1.350150e-05
  5    3        2.589189e-06        1.103450e-05
  5    4        2.831880e-06        8.315671e-06
  5    5        2.579693e-06        5.693132e-06
  5    6        1.922912e-06        3.440967e-06
  5    7        1.091736e-06        1.733899e-06
  5    8        3.744752e-07        6.347850e-07
  5    9        1.618940e-08        1.011799e-07
  5   10        1.336260e-07        9.853082e-09
  5   11        6.761517e-07        1.934248e-07
  5   12        1.445789e-06        4.804715e-07
  5   13        2.168479e-06        7.302588e-07
  5   14        2.590797e-06        8.552951e-07
  5   15        2.567827e-06        8.283823e-07
  5   16        2.111606e-06        6.747696e-07
  5   17        1.383948e-06        4.534289e-07
  5   18        6.372439e-07        2.335646e-07
  5   19        1.249770e-07        7.286289e-08
  5   20        1.380369e-08        2.718955e-09
  5   21        3.277803e-07        2.323305e-08
  5   22        9.433941e-07        1.078713e-07
  5   23        1.635899e-06        2.151307e-07
  5   24        2.159576e-06        3.029775e-07
  5   25        2.333203e-06        3.415669e-07
  5   26        2.100953e-06        3.207549e-07
  5   27        1.548287e-06        2.507910e-07
  5   28        8.685914e-07        1.567355e-07
  5   29        2.934894e-07        6.893725e-08
  5   30        1.195281e-08        1.286305e-08
  5   31        1.064863e-07        1.459738e-09
  5   32        5.278949e-07        3.218088e-08
  5   33        1.116171e-06        8.919403e-08
  5   34        1.658890e-06        1.496344e-07
  5   35        1.965829e-06        1.915923e-07
  5   36        1.933632e-06        2.011498e-07
  5   37        1.578568e-06        1.762795e-07
  5   38        1.027158e-06        1.265811e-07
  5   39        4.692468e-07        6.923977e-08
  5   40        9.085103e-08        2.279060e-08
  5   41        1.051021e-08        8.809690e-10
  5   42        2.408565e-07        8.080289e-09
  5   43        6.877571e-07        3.898146e-08
  5   44        1.186075e-06        8.067412e-08
  5   45        1.558570e-06        1.175498e-07
  5   46        1.676993e-06        1.366918e-07
  5   47        1.504365e-06        1.320163e-07
  5   48        1.104608e-06        1.058651e-07
  5   49        6.173192e-07        6.767553e-08
  5   50        2.074888e-07        3.036026e-08
  5   51        8.217248e-09        5.749251e-09
  5   52        7.624684e-08        6.818994e-10
  5   53        3.750927e-07        1.501849e-08
  5   54        7.906131e-07        4.211932e-08
  5   55        1.172611e-06        7.147830e-08
  5   56        1.387382e-06        9.249420e-08
  5   57        1.362879e-06        9.804323e-08
  5   58        1.111317e-06        8.666490e-08
  5   59        7.222301e-07        6.271103e-08
  5   60        3.293398e-07        3.453100e-08
  5   61        6.340344e-08        1.142096e-08
  5   62        7.615599e-09        4.362670e-10
  5   63        1.707071e-07        4.146328e-09
  5   64        4.863565e-07        2.003072e-08
  5   65        8.382634e-07        4.162321e-08
  5   66        1.101494e-06        6.091732e-08
  5   67        1.185460e-06        7.115179e-08
  5   68        1.063798e-06        6.901799e-08
  5   69        7.813647e-07        5.558012e-08
  5   70        4.366794e-07        3.567167e-08
  5   71        1.465735e-07        1.605641e-08
  5   72        5.682781e-09        3.041134e-09
  5   73        5.477095e-08        3.730374e-10
  5   74        2.684322e-07        8.113485e-09
  5   75        5.657820e-07        2.281414e-08
  5   76        8.397856e-07        3.886631e-08
  5   77        9.946431e-07        5.050714e-08
  5   78        9.782201e-07        5.377271e-08
  5   79        7.985897e-07        4.774336e-08
  5   80        5.195066e-07        3.469844e-08
  5   81        2.369751e-07        1.918408e-08
  5   82        4.547137e-08        6.363205e-09
  5   83        5.660299e-09        2.396489e-10
  5   84        1.245984e-07        2.361356e-09
  5   85        3.548329e-07        1.141621e-08
  5   86        6.121702e-07        2.381341e-08
  5   87        8.055159e-07        3.500670e-08
  5   88        8.682474e-07        4.107770e-08
  5   89        7.803498e-07        4.003248e-08
  5   90        5.739994e-07        3.238723e-08
  5   91        3.211352e-07        2.087801e-08
  5   92        1.077573e-07        9.432956e-09
  5   93        4.097344e-09        1.787515e-09
  5   94        4.097773e-08        2.269577e-10
  5   95        2.002835e-07        4.875514e-09
  5   96        4.224379e-07        1.374849e-08
  5   97        6.278827e-07        2.351646e-08
  5   98        7.448499e-07        3.069209e-08
  5   99        7.337589e-07        3.282002e-08
  6    0        3.316350e-09        1.305568e-07
  6    1        1.073381e-08        1.515192e-07
  6    2        2.134960e-08        1.480211e-07
  6    3        3.390906e-08        1.395006e-07
  6    4        4.693250e-08        1.281888e-07
  6    5        5.889123e-08        1.150184e-07
  6    6        6.838910e-08        1.007023e-07
  6    7        7.432699e-08        8.588330e-08
  6    8        7.603036e-08        7.115558e-08
  6    9        7.332488e-08        5.705693e-08
  6   10        6.655151e-08        4.404881e-08
  6   11        5.652003e-08        3.249661e-08
  6   12        4.440727e-08        2.265569e-08
  6   13        3.161332e-08        1.466526e-08
  6   14        1.959336e-08        8.550306e-09
  6   15        9.685895e-09        4.231017e-09
  6   16        2.957869e-09        1.538557e-09
  6   17        8.479865e-11        2.355590e-10
  6   18        1.279595e-09        3.953023e-11
  6   19        6.277402e-09        6.471831e-10
  6   20        1.437703e-08        1.757795e-09
  6   21        2.453275e-08        3.093903e-09
  6   22        3.548434e-08        4.417972e-09
  6   23        4.590908e-08        5.544122e-09
  6   24        5.457718e-08        6.344450e-09
  6   25        6.049228e-08        6.750005e-09
  6   26        6.300087e-08        6.746862e-09
  6   27        6.185879e-08        6.368170e-09
  6   28        5.724810e-08        5.683281e-09
  6   29        4.974397e-08        4.785211e-09
  6   30        4.023695e-08        3.777726e-09
  6   31        2.982094e-08        2.763240e-09
  6   32        1.966108e-08        1.832514e-09
  6   33        1.085760e-08        1.056880e-09
  6   34        4.321369e-09        4.834156e-10
  6   35        6.753601e-10        1.331434e-10
  6   36        1.924418e-10        2.086741e-12
  6   37        2.775537e-09        6.470756e-11
  6   38        7.980944e-09        2.791171e-10
  6   39        1.508068e-08        5.933264e-10
  6   40        2.315531e-08        9.517926e-10
  6   41        3.120553e-08        1.301568e-09
  6   42        3.826900e-08        1.597476e-09
  6   43        4.352898e-08        1.805905e-09
  6   44        4.640238e-08        1.906975e-09
  6   45        4.659817e-08        1.895052e-09
  6   46        4.414027e-08        1.777726e-09
  6   47        3.935382e-08        1.573525e-09
  6   48        3.281757e-08        1.308741e-09
  6   49        2.528911e-08        1.013779e-09
  6   50        1.761244e-08        7.194640e-10
  6   51        1.061909e-08        4.536922e-10
  6   52        5.034181e-09        2.387286e-10
  6   53        1.397967e-09        8.938017e-11
  6   54        1.125173e-11        1.213582e-11
  6   55        9.099066e-10        5.272243e-12
  6   56        3.870361e-09        5.981719e-11
  6   57        8.444292e-09        1.611872e-10
  6   58        1.401751e-08        2.912631e-10
  6   59        1.988548e-08        4.306454e-10
  6   60        2.533629e-08        5.608354e-10
  6   61        2.973150e-08        6.661226e-10
  6   62        3.257564e-08        7.350064e-10
  6   63        3.356711e-08        7.610471e-10
  6   64        3.262526e-08        7.431084e-10
  6   65        2.989156e-08        6.850187e-10
  6   66        2.570560e-08        5.947399e-10
  6   67        2.055957e-08        4.831696e-10
  6   68        1.503723e-08        3.627346e-10
  6   69        9.744673e-09        2.459386e-10
  6   70        5.241043e-09        1.440178e-10
  6   71        1.977107e-09        6.583511e-11
  6   72        2.481945e-10        1.710954e-11
  6   73        1.663779e-10        3.270634e-14
  6   74        1.654309e-09        1.328391e-11
  6   75        4.460638e-09        5.241236e-11
  6   76        8.194506e-09        1.105206e-10
  6   77        1.237456e-08        1.791581e-10
  6   78        1.648641e-08        2.493178e-10
  6   79        2.004184e-08        3.124282e-10
  6   80        2.263298e-08        3.612366e-10
  6   81        2.397548e-08        3.905022e-10
  6   82        2.393634e-08        3.974366e-10
  6   83        2.254362e-08        3.818634e-10
  6   84        1.997780e-08        3.460933e-10
  6   85        1.654609e-08        2.945456e-10
  6   86        1.264347e-08        2.331662e-10
  6   87        8.705114e-09        1.687131e-10
  6   88        5.155937e-09        1.079908e-10
  6   89        2.362973e-09        5.711379e-11
  6   90        5.959248e-10        2.087631e-11
  6   91        6.565228e-15        2.289045e-12
  6   92        5.837211e-10        2.324969e-12
  6   93        2.222461e-09        1.989298e-11
  6   94        4.676992e-09        5.203381e-11
  6   95        7.624235e-09        9.430958e-11
  6   96        1.069649e-08        1.413391e-10
  6   97        1.352437e-08        1.874168e-10
  6   98        1.577855e-08        2.271476e-10
  6   99        1.720561e-08        2.560270e-10
  7    0        3.770030e-07        1.071370e-05
  7    1        1.254302e-06        1.321838e-05
  7    2        2.606403e-06        1.339088e-05
  7    3        4.398352e-06        1.330654e-05
  7    4        6.584087e-06        1.312524e-05
  7    5        9.107666e-06        1.288280e-05
  7    6        1.190483e-05        1.259250e-05
  7    7        1.490477e-05        1.226065e-05
  7    8        1.803210e-05        1.189109e-05
  7    9        2.120890e-05        1.148706e-05
  7   10        2.435680e-05        1.105191e-05
  7   11        2.739905e-05        1.058914e-05
  7   12        3.026247e-05        1.010247e-05
  7   13        3.287934e-05        9.595756e-06
  7   14        3.518899e-05        9.072949e-06
  7   15        3.713927e-05        8.538081e-06
  7   16        3.868763e-05        7.995200e-06
  7   17        3.980203e-05        7.448337e-06
  7   18        4.046150e-05        6.901461e-06
  7   19        4.065634e-05        6.358435e-06
  7   20        4.038808e-05        5.822984e-06
  7   21        3.966915e-05        5.298651e-06
  7   22        3.852223e-05        4.788764e-06
  7   23        3.697942e-05        4.296403e-06
  7   24        3.508111e-05        3.824372e-06
  7   25        3.287480e-05        3.375172e-06
  7   26        3.041369e-05        2.950978e-06
  7   27        2.775522e-05        2.553628e-06
  7   28        2.495953e-05        2.184602e-06
  7   29        2.208800e-05        1.845020e-06
  7   30        1.920167e-05        1.535635e-06
  7   31        1.635991e-05        1.256840e-06
  7   32        1.361902e-05        1.008668e-06
  7   33        1.103105e-05        7.908095e-07
  7   34        8.642795e-06        6.026261e-07
  7   35        6.494863e-06        4.431713e-07
  7   36        4.621006e-06        3.112158e-07
  7   37        3.047606e-06        2.052757e-07
  7   38        1.793365e-06        1.236441e-07
  7   39        8.691817e-07        6.442550e-08
  7   40        2.782110e-07        2.557202e-08
  7   41        1.610249e-08        4.920808e-09
  7   42        7.139731e-08        2.324382e-10
  7   43        4.260690e-07        9.229140e-09
  7   44        1.056190e-06        2.963226e-08
  7   45        1.932701e-06        5.919829e-08
  7   46        3.022263e-06        9.575288e-08
  7   47        4.288169e-06        1.372220e-07
  7   48        5.691289e-06        1.816600e-07
  7   49        7.191030e-06        2.272738e-07
  7   50        8.746291e-06        2.724433e-07
  7   51        1.031638e-05        3.157369e-07
  7   52        1.186189e-05        3.559231e-07
  7   53        1.334552e-05        3.919769e-07
  7   54        1.473278e-05        4.230826e-07
  7   55        1.599266e-05        4.486311e-07
  7   56        1.709815e-05        4.682139e-07
  7   57        1.802668e-05        4.816135e-07
  7   58        1.876040e-05        4.887899e-07
  7   59        1.928645e-05        4.898648e-07
  7   60        1.959697e-05        4.851033e-07
  7   61        1.968915e-05        4.748944e-07
  7   62        1.956502e-05        4.597296e-07
  7   63        1.923129e-05        4.401817e-07
  7   64        1.869900e-05        4.168836e-07
  7   65        1.798310e-05        3.905068e-07
  7   66        1.710201e-05        3.617423e-07
  7   67        1.607712e-05        3.312813e-07
  7   68        1.493216e-05        2.997991e-07
  7   69        1.369266e-05        2.679397e-07
  7   70        1.238531e-05        2.363037e-07
  7   71        1.103738e-05        2.054372e-07
  7   72        9.676068e-06        1.758246e-07
  7   73        8.327993e-06        1.478820e-07
  7   74        7.018591e-06        1.219540e-07
  7   75        5.771646e-06        9.831232e-08
  7   76        4.608838e-06        7.715580e-08
  7   77        3.549357e-06        5.861285e-08
  7   78        2.609586e-06        4.274497e-08
  7   79        1.802847e-06        2.955153e-08
  7   80        1.139231e-06        1.897567e-08
  7   81        6.254921e-07        1.091089e-08
  7   82        2.650182e-07        5.208166e-09
  7   83        5.787620e-08        1.683337e-09
  7   84        9.215307e-10        1.246083e-10
  7   85        8.797232e-08        2.999279e-10
  7   86        3.100414e-07        1.964098e-09
  7   87        6.556188e-07        4.865480e-09
  7   88        1.110998e-06        8.752175e-09
  7   89        1.660636e-06        1.337760e-08
  7   90        2.287541e-06        1.850536e-08
  7   91        2.973678e-06        2.391346e-08
  7   92        3.700381e-06        2.939770e-08
  7   93        4.448767e-06        3.477441e-08
  7   94        5.200139e-06        3.988240e-08
  7   95        5.936372e-06        4.458424e-08
  7   96        6.640282e-06        4.876691e-08
  7   97        7.295948e-06        5.234183e-08
  7   98        7.889017e-06        5.524435e-08
  7   99        8.406947e-06        5.743278e-08
  8    0        3.395409e-07        1.342150e-05
  8    1        1.135283e-06        1.108804e-05
  8    2        2.377587e-06        1.060490e-05
  8    3        4.055321e-06        1.045304e-05
  8    4        6.153630e-06        1.037877e-05
  8    5        8.654059e-06        1.032519e-05
  8    6        1.153478e-05        1.027321e-05
  8    7        1.477084e-05        1.021612e-05
  8    8        1.833451e-05        1.015209e-05
  8    9        2.219557e-05        1.008083e-05
  8   10        2.632171e-05        1.000244e-05
  8   11        3.067885e-05        9.917069e-06
  8   12        3.523156e-05        9.824906e-06
  8   13        3.994345e-05        9.726144e-06
  8   14        4.477752e-05        9.620986e-06
  8   15        4.969655e-05        9.509646e-06
  8   16        5.466346e-05        9.392349e-06
  8   17        5.964165e-05        9.269328e-06
  8   18        6.459534e-05        9.140821e-06
  8   19        6.948984e-05        9.007075e-06
  8   20        7.429185e-05        8.868342e-06
  8   21        7.896966e-05        8.724879e-06
  8   22        8.349342e-05        8.576945e-06
  8   23        8.783526e-05        8.424804e-06
  8   24        9.196948e-05        8.268720e-06
  8   25        9.587268e-05        8.108957e-06
  8   26        9.952380e-05        7.945779e-06
  8   27        1.029042e-04        7.779452e-06
  8   28        1.059978e-04        7.610236e-06
  8   29        1.087909e-04        7.438390e-06
  8   30        1.112722e-04        7.264170e-06
  8   31        1.134331e-04        7.087829e-06
  8   32        1.152671e-04        6.909615e-06
  8   33        1.167702e-04        6.729771e-06
  8   34        1.179404e-04        6.548538e-06
  8   35        1.187781e-04        6.366152e-06
  8   36        1.192856e-04        6.182843e-06
  8   37        1.194671e-04        5.998840e-06
  8   38        1.193285e-04        5.814366e-06
  8   39        1.188774e-04        5.629644e-06
  8   40        1.181232e-04        5.444891e-06
  8   41        1.170762e-04        5.260323e-06
  8   42        1.157484e-04        5.076154e-06
  8   43        1.141526e-04        4.892596e-06
  8   44        1.123029e-04        4.709860e-06
  8   45        1.102138e-04        4.528156e-06
  8   46        1.079010e-04        4.347691e-06
  8   47        1.053806e-04        4.168674e-06
  8   48        1.026692e-04        3.991310e-06
  8   49        9.978363e-05        3.815804e-06
  8   50        9.674123e-05        3.642361e-06
  8   51        9.355933e-05        3.471181e-06
  8   52        9.025534e-05        3.302464e-06
  8   53        8.684665e-05        3.136408e-06
  8   54        8.335050e-05        2.973207e-06
  8   55        7.978390e-05        2.813052e-06
  8   56        7.616360e-05        2.656129e-06
  8   57        7.250597e-05        2.502621e-06
  8   58        6.882694e-05        2.352705e-06
  8   59        6.514197e-05        2.206550e-06
  8   60        6.146597e-05        2.064322e-06
  8   61        5.781327e-05        1.926176e-06
  8   62        5.419755e-05        1.792261e-06
  8   63        5.063183e-05        1.662717e-06
  8   64        4.712842e-05        1.537673e-06
  8   65        4.369890e-05        1.417250e-06
  8   66        4.035410e-05        1.301555e-06
  8   67        3.710407e-05        1.190687e-06
  8   68        3.395808e-05        1.084731e-06
  8   69        3.092460e-05        9.837599e-07
  8   70        2.801130e-05        8.878329e-07
  8   71        2.522503e-05        7.969970e-07
  8   72        2.257185e-05        7.112848e-07
  8   73        2.005703e-05        6.307154e-07
  8   74        1.768502e-05        5.552936e-07
  8   75        1.545951e-05        4.850104e-07
  8   76        1.338343e-05        4.198425e-07
  8   77        1.145894e-05        3.597527e-07
  8   78        9.687484e-06        3.046901e-07
  8   79        8.069795e-06        2.545900e-07
  8   80        6.605913e-06        2.093749e-07
  8   81        5.295220e-06        1.689541e-07
  8   82        4.136465e-06        1.332248e-07
  8   83        3.127789e-06        1.020724e-07
  8   84        2.266757e-06        7.537088e-08
  8   85        1.550387e-06        5.298391e-08
  8   86        9.751878e-07        3.476509e-08
  8   87        5.371837e-07        2.055890e-08
  8   88        2.319541e-07        1.020140e-08
  8   89        5.466529e-08        3.521009e-09
  8   90        1.057460e-10        3.393158e-10
  8   91        6.272079e-08        4.718998e-10
  8   92        2.366478e-07        3.729157e-09
  8   93        5.157512e-07        9.917137e-09
  8   94        8.936576e-07        1.883837e-08
  8   95        1.363790e-06        3.029272e-08
  8   96        1.919404e-06        4.407818e-08
  8   97        2.553618e-06        5.999168e-08
  8   98        3.259451e-06        7.782991e-08
  8   99        4.029852e-06        9.739007e-08
  9    0        2.485209e-08        3.230707e-07
  9    1        8.319747e-08        6.132790e-07
  9    2        1.745758e-07        6.675627e-07
  9    3        2.985525e-07        6.827929e-07
  9    4        4.545499e-07        6.875460e-07
  9    5        6.418479e-07        6.886705e-07
  9    6        8.595903e-07        6.885398e-07
  9    7        1.106793e-06        6.880109e-07
  9    8        1.382353e-06        6.873376e-07
  9    9        1.685060e-06        6.865758e-07
  9   10        2.013605e-06        6.857347e-07
  9   11        2.366593e-06        6.848159e-07
  9   12        2.742557e-06        6.838205e-07
  9   13        3.139965e-06        6.827496e-07
  9   14        3.557238e-06        6.816046e-07
  9   15        3.992758e-06        6.803869e-07
  9   16        4.444881e-06        6.790980e-07
  9   17        4.911950e-06        6.777395e-07
  9   18        5.392303e-06        6.763130e-07
  9   19        5.884284e-06        6.748201e-07
  9   20        6.386255e-06        6.732625e-07
  9   21        6.896601e-06        6.716416e-07
  9   22        7.413740e-06        6.699588e-07
  9   23        7.936132e-06        6.682154e-07
  9   24        8.462280e-06        6.664125e-07
  9   25        8.990742e-06        6.645512e-07
  9   26        9.520131e-06        6.626322e-07
  9   27        1.004912e-05        6.606562e-07
  9   28        1.057644e-05        6.586240e-07
  9   29        1.110090e-05        6.565360e-07
  9   30        1.162136e-05        6.543927e-07
  9   31        1.213677e-05        6.521945e-07
  9   32        1.264612e-05        6.499420e-07
  9   33        1.314849e-05        6.476357e-07
  9   34        1.364302e-05        6.452761e-07
  9   35        1.412893e-05        6.428638e-07
  9   36        1.460547e-05        6.403995e-07
  9   37        1.507199e-05        6.378840e-07
  9   38        1.552789e-05        6.353182e-07
  9   39        1.597263e-05        6.327029e-07
  9   40        1.640571e-05        6.300390e-07
  9   41        1.682672e-05        6.273275e-07
  9   42        1.723528e-05        6.245693e-07
  9   43        1.763105e-05        6.217653e-07
  9   44        1.801376e-05        6.189164e-07
  9   45        1.838318e-05        6.160234e-07
  9   46        1.873911e-05        6.130870e-07
  9   47        1.908139e-05        6.101080e-07
  9   48        1.940991e-05        6.070869e-07
  9   49        1.972460e-05        6.040241e-07
  9   50        2.002539e-05        6.009200e-07
  9   51        2.031226e-05        5.977748e-07
  9   52        2.058523e-05        5.945888e-07
  9   53        2.084433e-05        5.913619e-07
  9   54        2.108961e-05        5.880940e-07
  9   55        2.132116e-05        5.847851e-07
  9   56        2.153905e-05        5.814350e-07
  9   57        2.174342e-05        5.780432e-07
  9   58        2.193439e-05        5.746096e-07
  9   59        2.211211e-05        5.711338e-07
  9   60        2.227674e-05        5.676152e-07
  9   61        2.242844e-05        5.640536e-07
  9   62        2.256740e-05        5.604486e-07
  9   63        2.269382e-05        5.567997e-07
  9   64        2.280787e-05        5.531065e-07
  9   65        2.290979e-05        5.493688e-07
  9   66        2.299977e-05        5.455863e-07
  9   67        2.307804e-05        5.417587e-07
  9   68        2.314481e-05        5.378859e-07
  9   69        2.320033e-05        5.339677e-07
  9   70        2.324480e-05        5.300043e-07
  9   71        2.327848e-05        5.259956e-07
  9   72        2.330159e-05        5.219419e-07
  9   73        2.331437e-05        5.178433e-07
  9   74        2.331706e-05        5.137002e-07
  9   75        2.330989e-05        5.095130e-07
  9   76        2.329311e-05        5.052823e-07
  9   77        2.326695e-05        5.010087e-07
  9   78        2.323165e-05        4.966928e-07
  9   79        2.318744e-05        4.923354e-07
  9   80        2.313458e-05        4.879374e-07
  9   81        2.307327e-05        4.834997e-07
  9   82        2.300377e-05        4.790234e-07
  9   83        2.292631e-05        4.745095e-07
  9   84        2.284110e-05        4.699591e-07
  9   85        2.274839e-05        4.653734e-07
  9   86        2.264839e-05        4.607537e-07
  9   87        2.254133e-05        4.561013e-07
  9   88        2.242743e-05        4.514176e-07
  9   89        2.230690e-05        4.467039e-07
  9   90        2.217998e-05        4.419617e-07
  9   91        2.204686e-05        4.371924e-07
  9   92        2.190776e-05        4.323975e-07
  9   93        2.176288e-05        4.275786e-07
  9   94        2.161244e-05        4.227370e-07
  9   95        2.145663e-05        4.178745e-07
  9   96        2.129566e-05        4.129925e-07
  9   97        2.112971e-05        4.080926e-07
  9   98        2.095900e-05        4.031764e-07
  9   99        2.078369e-05        3.982455e-07
