11  2.202017966e-07
4 3  4.180010194e-01  1.333333333e+00  7.317889917e-01  5.059811238e-01  3.181272064e+08 -1.761208550e-02  3.342284163e+06  3.172946383e+02  1.399921775e+00  1.689432927e-03 -1.761208550e-02 -3.001566110e-02 -4.324094095e+00 -6.191273811e+00  8.322162021e-03  2.140536561e-03  9.975307514e-01  1.014643534e+00  2.716499356e+00
5 3  5.476056961e-01  1.666666667e+00  6.562740210e-01  5.059811238e-01  2.147062586e+08 -1.249857295e-02  3.342284163e+06  2.231871264e+02  1.296599643e+00  1.821452787e-03 -1.249857295e-02 -2.107382592e-02 -2.718558617e+00 -5.028061631e+00  8.320766080e-03  2.155544198e-03  1.054850393e+00  1.008888568e+00  2.830869951e+00
6 3  6.482115763e-01  2.000000000e+00  6.186987331e-01  5.059811238e-01  1.716982659e+08 -9.395040769e-03  3.342284163e+06  1.755455545e+02  1.297359281e+00  2.052151318e-03 -9.395040769e-03 -1.592459164e-02 -1.829136879e+00 -4.046306462e+00  8.468601436e-03  2.220165543e-03  1.139152432e+00  1.005602761e+00  2.783368796e+00
7 3  7.331468569e-01  2.333333333e+00  5.965473968e-01  5.059811238e-01  1.533230969e+08 -4.876811000e-03  3.342284163e+06  1.421543165e+02  1.330656205e+00  2.320722684e-03 -4.876811000e-03 -1.027732864e-02 -1.332399873e+00 -3.397588703e+00  8.777868734e-03  2.299485413e-03  1.232504864e+00  1.003372881e+00  2.692365771e+00
8 3  8.082774349e-01  2.666666667e+00  5.817948548e-01  5.059811238e-01  1.378264115e+08 -2.711742392e-03  3.342284163e+06  1.214543546e+02  1.348498212e+00  2.523480167e-03 -2.711742392e-03 -7.326905541e-03 -1.021963082e+00 -2.887020058e+00  8.931994931e-03  2.350743566e-03  1.338976718e+00  1.001598615e+00  2.592644361e+00
9 3  8.673641836e-01  3.000000000e+00  5.778670386e-01  5.059811238e-01  1.136473740e+08 -1.590051385e-03  3.342284163e+06  1.053615176e+02  1.234098915e+00  1.949392419e-03 -1.590051385e-03 -4.823912971e-03  1.084681629e+00 -2.590928787e+00  8.390942930e-03  2.225464654e-03  1.482283519e+00  1.000306126e+00  2.469850513e+00
10 3  9.092577801e-01  3.333333333e+00  5.913577258e-01  5.059811238e-01  1.053914665e+08  8.220932043e-03  3.342284163e+06  8.977514355e+01  1.200363066e+00  2.497996884e-03  8.220932043e-03  2.786942854e-03 -2.109199282e+00 -2.811116311e+00  8.253958042e-03  2.173775049e-03  1.716923045e+00  9.995210797e-01  2.328400846e+00
11 3  9.559042773e-01  3.666666667e+00  3.711843262e-01  5.059811238e-01  5.431555121e+07  7.090741634e-02  3.342284163e+06  8.992462378e+01  1.171957555e+00  1.083373012e-02  7.090741634e-02  1.564504068e-02 -3.859736860e+01 -2.283308009e+01  8.712134378e-03  2.320421967e-03  2.012004883e+00  9.996969242e-01  2.225711350e+00
12 3  9.778910076e-01  4.000000000e+00  2.707479552e-01  5.059811238e-01  1.514978513e+07  3.417122723e-02  3.342284163e+06  9.551211416e+01  8.622703320e-01  8.507190794e-03  3.417122723e-02  9.493040675e-03 -1.903149735e+01 -1.145138749e+01  7.339686268e-03  2.187286097e-03  2.859297679e+00  9.998989068e-01  2.087584506e+00
13 3  9.890375299e-01  4.333333333e+00  2.405512235e-01  5.059811238e-01  7.207999572e+06  1.979157549e-02  3.342284163e+06  9.464864313e+01  6.700041414e-01  5.659806356e-03  1.979157549e-02  5.750925682e-03 -1.400648278e+01 -6.178353055e+00  6.213460246e-03  1.967735195e-03  4.567830779e+00  9.999527925e-01  1.949071099e+00
14 3  9.957787948e-01  4.666666667e+00  2.261366299e-01  5.059811238e-01  4.154363953e+06  1.371986047e-02  3.342284163e+06  9.083536103e+01  5.152035019e-01  3.356405806e-03  1.371986047e-02  3.975004764e-03 -1.178183593e+01 -3.964508047e+00  5.169336192e-03  1.689943117e-03  9.822679700e+00  9.999812318e-01  1.822239481e+00
