12  2.176643454e-07
4 3  3.797611667e-01  1.333333333e+00  8.093985064e-01  5.054296132e-01  3.229884129e+08 -2.318771263e-02  3.373880304e+06  2.954332574e+02  1.375316183e+00  1.480095781e-03 -2.318771263e-02 -3.658514198e-02 -4.050265446e+00 -6.491949729e+00  7.791780918e-03  2.023066716e-03  9.913601515e-01  1.010508837e+00  2.659135133e+00
5 3  4.955125258e-01  1.666666667e+00  7.407486034e-01  5.054296132e-01  2.424050023e+08 -1.753410428e-02  3.373880304e+06  1.975762808e+02  1.307543918e+00  1.644015986e-03 -1.753410428e-02 -2.736967364e-02 -3.081093043e+00 -5.244690763e+00  8.005411170e-03  2.058862459e-03  1.041722608e+00  1.007454170e+00  2.767321788e+00
6 3  5.908099386e-01  2.000000000e+00  6.975972354e-01  5.054296132e-01  2.051713566e+08 -1.204808776e-02  3.373880304e+06  1.560162550e+02  1.345652900e+00  1.958385450e-03 -1.204808776e-02 -1.976639702e-02 -2.420997371e+00 -4.234131979e+00  8.309520983e-03  2.157576263e-03  1.114744551e+00  1.005111496e+00  2.743219208e+00
7 3  6.764204581e-01  2.333333333e+00  6.663073217e-01  5.054296132e-01  1.848143121e+08 -9.576393243e-03  3.373880304e+06  1.309031191e+02  1.403052010e+00  2.318137914e-03 -9.576393243e-03 -1.599060561e-02 -2.002708085e+00 -3.544895462e+00  8.643219125e-03  2.263165029e-03  1.192778130e+00  1.003132346e+00  2.686746299e+00
8 3  7.537951981e-01  2.666666667e+00  6.426262708e-01  5.054296132e-01  1.720640802e+08 -7.124621655e-03  3.373880304e+06  1.152861189e+02  1.430960181e+00  2.523273458e-03 -7.124621655e-03 -1.257996825e-02 -1.689646371e+00 -3.001280099e+00  8.845227688e-03  2.327509473e-03  1.277670276e+00  1.001526839e+00  2.615626340e+00
9 3  8.201548545e-01  3.000000000e+00  6.253583698e-01  5.054296132e-01  1.539045935e+08 -4.710877223e-03  3.373880304e+06  1.014294868e+02  1.395508130e+00  2.480002628e-03 -4.710877223e-03 -9.511757229e-03 -1.465609540e+00 -2.593729154e+00  8.739935991e-03  2.308048375e-03  1.385267914e+00  1.000374485e+00  2.526769857e+00
10 3  8.705923596e-01  3.333333333e+00  6.134215354e-01  5.054296132e-01  1.311177619e+08 -1.559650924e-03  3.373880304e+06  8.852415130e+01  1.274916159e+00  2.157774024e-03 -1.559650924e-03 -6.241427471e-03 -1.379811621e+00 -2.445630570e+00  8.234794756e-03  2.172366764e-03  1.531765417e+00  9.996470047e-01  2.412188547e+00
11 3  9.067961479e-01  3.666666667e+00  6.054318053e-01  5.054296132e-01  1.146207995e+08  7.581913459e-03  3.373880304e+06  7.766013145e+01  1.176100418e+00  2.335133872e-03  7.581913459e-03  3.731450597e-04 -1.387808107e+00 -3.820164472e+00  7.814090507e-03  2.047543051e-03  1.757180416e+00  9.992272405e-01  2.283131769e+00
12 3  9.444680680e-01  4.000000000e+00  5.251110038e-01  5.054296132e-01  1.258752645e+08  7.442478476e-02  3.373880304e+06  7.231709332e+01  1.882143731e+00  2.284090213e-02  7.442478476e-02  1.351829387e-02 -5.343081136e+01 -2.012492853e+01  1.100378526e-02  2.930897482e-03  1.996084774e+00  9.992441270e-01  2.179853806e+00
13 3  9.754787644e-01  4.333333333e+00  2.437457889e-01  5.054296132e-01  1.560720646e+07  4.628652870e-02  3.373880304e+06  8.654526723e+01  9.575191565e-01  1.009373833e-02  4.628652870e-02  1.759019861e-02 -2.283020550e+01 -1.169705023e+01  7.341037146e-03  2.260903463e-03  2.522523863e+00  9.998707966e-01  2.079543847e+00
14 3  9.870966685e-01  4.666666667e+00  2.126264431e-01  5.054296132e-01  7.591596995e+06  2.829880467e-02  3.373880304e+06  8.772731944e+01  7.435385292e-01  6.373805340e-03  2.829880467e-02  1.319567688e-02 -1.263712429e+01 -6.230764575e+00  6.220994735e-03  2.038743102e-03  3.742350583e+00  9.999224716e-01  1.954104162e+00
15 3  9.933612530e-01  5.000000000e+00  2.010407673e-01  5.054296132e-01  4.720740339e+06  2.057802045e-02  3.373880304e+06  8.435691366e+01  5.823576640e-01  3.883461754e-03  2.057802045e-02  9.524705911e-03 -1.029783678e+01 -4.299751422e+00  5.242947668e-03  1.766557137e-03  6.048363838e+00  9.999466880e-01  1.835449897e+00
