10  2.096888339e-07
4 3  4.791313891e-01  1.333333333e+00  7.194490302e-01  5.102730548e-01  2.929029304e+08 -9.920355717e-03  3.569649420e+06  4.199909782e+02  1.332018204e+00  1.646091138e-03 -9.920355717e-03 -1.854242766e-02 -3.326156129e+00 -5.248479378e+00  8.442606985e-03  2.208308575e-03  9.972340747e-01  1.015680507e+00  2.846834070e+00
5 3  6.120196789e-01  1.666666667e+00  6.491671778e-01  5.102730548e-01  1.997546627e+08 -4.616582833e-03  3.569649420e+06  2.845634794e+02  1.230939431e+00  1.695413477e-03 -4.616582833e-03 -1.070484617e-02 -2.224572858e+00 -4.107299369e+00  8.364278103e-03  2.194067305e-03  1.073985219e+00  1.008128378e+00  2.887497569e+00
6 3  7.110769380e-01  2.000000000e+00  6.126769865e-01  5.102730548e-01  1.657348422e+08 -1.624313686e-04  3.569649420e+06  2.112385412e+02  1.215497349e+00  1.779938051e-03 -1.624313686e-04 -5.012534064e-03 -1.648407171e+00 -3.321777445e+00  8.479327049e-03  2.215536982e-03  1.175836824e+00  1.004523302e+00  2.785709104e+00
7 3  7.910530644e-01  2.333333333e+00  5.901106939e-01  5.102730548e-01  1.536403415e+08  2.331193529e-03  3.569649420e+06  1.768850155e+02  1.227492713e+00  1.842306861e-03  2.331193529e-03 -1.773866174e-03 -1.292760267e+00 -2.768969486e+00  8.590197701e-03  2.245652434e-03  1.295724684e+00  1.002298121e+00  2.650421211e+00
8 3  8.562038269e-01  2.666666667e+00  5.763924978e-01  5.102730548e-01  1.348147236e+08  2.645849942e-03  3.569649420e+06  1.535843051e+02  1.170617380e+00  1.663972947e-03  2.645849942e-03 -8.795212223e-04 -6.446677663e-01 -2.488702322e+00  8.256473326e-03  2.175553068e-03  1.450609785e+00  1.000754041e+00  2.506253144e+00
9 3  9.012087544e-01  3.000000000e+00  5.911302537e-01  5.102730548e-01  1.143621063e+08  2.574599183e-03  3.569649420e+06  1.297064027e+02  1.034101377e+00  6.295773144e-04  2.574599183e-03  3.355691970e-03  6.488425623e+00 -2.224337128e+00  7.530275576e-03  1.983740755e-03  1.685523459e+00  9.998065938e-01  2.342660171e+00
10 3  9.328980640e-01  3.333333333e+00  6.181950941e-01  5.102730548e-01  1.252043457e+08  3.038772210e-02  3.569649420e+06  1.073408881e+02  1.137353757e+00  3.623867391e-03  3.038772210e-02  1.293183866e-02 -1.626207644e+01 -5.801986396e+00  8.080671807e-03  2.088871536e-03  2.076453391e+00  9.993604209e-01  2.181557891e+00
11 3  9.735795446e-01  3.666666667e+00  2.890174381e-01  5.102730548e-01  2.641817831e+07  6.313693063e-02  3.569649420e+06  1.203126868e+02  9.421447458e-01  9.382277654e-03  6.313693063e-02  1.770364779e-02 -2.769430962e+01 -2.259692434e+01  7.646658668e-03  2.194518715e-03  2.574920959e+00  9.998205340e-01  2.070671529e+00
12 3  9.878756171e-01  4.000000000e+00  2.307396432e-01  5.102730548e-01  8.310480580e+06  3.009409430e-02  3.569649420e+06  1.226878077e+02  6.758769334e-01  6.189267040e-03  3.009409430e-02  1.037852144e-02 -1.651219052e+01 -9.756990612e+00  6.172929429e-03  1.982064435e-03  4.036303262e+00  9.999328152e-01  1.926203848e+00
13 3  9.953809685e-01  4.333333333e+00  2.096858592e-01  5.102730548e-01  4.200638387e+06  1.781769597e-02  3.569649420e+06  1.181119974e+02  5.066540134e-01  3.520408078e-03  1.781769597e-02  6.254126162e-03 -1.302363233e+01 -5.236295931e+00  5.049308939e-03  1.705717719e-03  8.462115951e+00  9.999745450e-01  1.791617642e+00
