12  2.190972203e-07
4 3  3.811389663e-01  1.333333333e+00  8.059428306e-01  5.047424578e-01  3.352127701e+08 -3.869835605e-02  1.444722514e+06  3.000359629e+02  1.395365746e+00  1.477707178e-03 -2.571783049e-02 -3.869835605e-02 -4.287837931e+00 -5.994212871e+00  4.485510834e-03  2.001215746e-03  9.926486680e-01  1.010133058e+00  2.669314768e+00  3.193131984e-01
5 3  4.989178103e-01  1.666666667e+00  7.328445575e-01  5.047424578e-01  2.502155377e+08 -2.873023365e-02  5.011821684e+05  2.005192363e+02  1.309565297e+00  1.643899752e-03 -1.856255857e-02 -2.873023365e-02 -3.289428056e+00 -5.321798907e+00  6.737307237e-03  2.552169134e-03  1.041982219e+00  1.007106742e+00  2.786970371e+00  4.800366596e-01
6 3  5.950242588e-01  2.000000000e+00  6.869714926e-01  5.047424578e-01  2.092304143e+08 -2.058651491e-02  2.133866082e+06  1.593759987e+02  1.346893093e+00  2.001641980e-03 -1.234209481e-02 -2.058651491e-02 -2.604234244e+00 -4.489043168e+00  9.591852180e-03  3.223601965e-03  1.114365624e+00  1.004813069e+00  2.763545006e+00  5.988478946e-01
7 3  6.814751133e-01  2.333333333e+00  6.534505387e-01  5.047424578e-01  1.851873866e+08 -1.659427662e-02  1.330688091e+06  1.334050292e+02  1.404048756e+00  2.416600811e-03 -9.647806755e-03 -1.659427662e-02 -2.163703675e+00 -3.833072061e+00  9.286959462e-03  3.082579968e-03  1.191991713e+00  1.002855773e+00  2.707623557e+00  6.973829009e-01
8 3  7.587185669e-01  2.666666667e+00  6.282510616e-01  5.047424578e-01  1.678910008e+08 -1.282702351e-02  1.209148563e+06  1.161348674e+02  1.416239964e+00  2.613678596e-03 -6.869296162e-03 -1.282702351e-02 -1.838003654e+00 -3.278372411e+00  9.638508127e-03  3.312524987e-03  1.278870030e+00  1.001345366e+00  2.633737348e+00  7.797149647e-01
9 3  8.238316331e-01  3.000000000e+00  6.100508669e-01  5.047424578e-01  1.477002889e+08 -9.180630487e-03  3.260855943e+06  1.011648167e+02  1.383129163e+00  2.606894387e-03 -3.926163165e-03 -9.180630487e-03 -1.597886469e+00 -2.837956038e+00  9.285955199e-03  3.390291972e-03  1.390626994e+00  1.000330688e+00  2.539436699e+00  8.446147517e-01
10 3  8.740031225e-01  3.333333333e+00  5.973186201e-01  5.047424578e-01  1.243756227e+08 -6.305037970e-03  6.065264855e+06  8.824296487e+01  1.270869222e+00  2.333795078e-03 -1.136797577e-03 -6.305037970e-03 -1.507553479e+00 -2.705304625e+00  6.327264054e-03  2.768907146e-03  1.542528419e+00  9.996758329e-01  2.423092662e+00  8.932849201e-01
11 3  9.102156362e-01  3.666666667e+00  5.891431475e-01  5.047424578e-01  1.072186324e+08  8.877893770e-04  5.141876364e+06  7.742915096e+01  1.165404976e+00  2.220744915e-03  7.116603346e-03  8.877893770e-04 -1.260285418e+00 -3.276089799e+00  4.254946095e-03  1.997807185e-03  1.771900892e+00  9.992521228e-01  2.293108114e+00  9.280521375e-01
12 3  9.397431262e-01  4.000000000e+00  5.665197654e-01  5.047424578e-01  1.111127841e+08  1.359667432e-02  2.484008173e+06  7.044800025e+01  1.361662943e+00  7.209869991e-03  4.345012282e-02  1.359667432e-02 -1.599093312e+01 -1.209981560e+01  4.169151338e-03  2.105039448e-03  2.091846739e+00  9.990410751e-01  2.169747022e+00  9.549245481e-01
13 3  9.764071377e-01  4.333333333e+00  2.486409287e-01  5.047424578e-01  1.800701092e+07  1.536718552e-02  3.848608158e+05  8.608212655e+01  9.794524961e-01  1.085546744e-02  5.105262029e-02  1.536718552e-02 -2.868966559e+01 -1.421357265e+01  4.319772361e-03  2.645798175e-03  2.522819236e+00  9.998466881e-01  2.082662276e+00  9.844107502e-01
14 3  9.879513668e-01  4.666666667e+00  2.163022387e-01  5.047424578e-01  7.870761569e+06  9.109013305e-03  1.965278468e+05  8.677772440e+01  7.287121579e-01  6.253737348e-03  2.549524386e-02  9.109013305e-03 -1.182184863e+01 -6.959016399e+00  4.183321077e-03  2.352039291e-03  3.736248057e+00  9.999040757e-01  1.956877836e+00  9.921638542e-01
15 3  9.938838198e-01  5.000000000e+00  2.068683309e-01  5.047424578e-01  4.778312368e+06  5.698417599e-03  1.501323375e+05  8.280986239e+01  5.626102274e-01  3.653791632e-03  1.706023842e-02  5.698417599e-03 -8.801231496e+00 -4.590236895e+00  3.756716263e-03  2.008046909e-03  6.049823719e+00  9.999294193e-01  1.837433171e+00  9.960326088e-01
