11  2.157737256e-07
4 3  3.956721971e-01  1.333333333e+00  7.919784464e-01  5.049912776e-01  3.274277135e+08 -3.436088912e-02  1.122250681e+06  3.153748033e+02  1.394191585e+00  1.543059167e-03 -2.220281914e-02 -3.436088912e-02 -4.016948938e+00 -5.983540741e+00  4.619325945e-03  2.051265264e-03  9.944757979e-01  1.012243402e+00  2.696948945e+00  3.355104225e-01
5 3  5.172459637e-01  1.666666667e+00  7.195269615e-01  5.049912776e-01  2.368609699e+08 -2.367133811e-02  7.439942295e+05  2.152459712e+02  1.298872118e+00  1.674562689e-03 -1.460949137e-02 -2.367133811e-02 -2.943384141e+00 -5.033726302e+00  7.486713493e-03  2.756743502e-03  1.047046472e+00  1.008031887e+00  2.808753345e+00  5.007824519e-01
6 3  6.141359982e-01  2.000000000e+00  6.768587014e-01  5.049912776e-01  1.963052524e+08 -1.826830549e-02  2.147906510e+06  1.723815831e+02  1.321913498e+00  1.962976666e-03 -1.107713078e-02 -1.826830549e-02 -2.255006646e+00 -4.137618221e+00  9.524982181e-03  3.217774127e-03  1.125529368e+00  1.005322779e+00  2.771603199e+00  6.193286464e-01
7 3  6.990558027e-01  2.333333333e+00  6.473207625e-01  5.049912776e-01  1.750189688e+08 -1.392218001e-02  1.194031088e+06  1.412743187e+02  1.368293629e+00  2.294381125e-03 -7.869778992e-03 -1.392218001e-02 -1.833533125e+00 -3.510670862e+00  9.257668022e-03  3.067597757e-03  1.211624548e+00  1.003315882e+00  2.698756611e+00  7.149292357e-01
8 3  7.751029958e-01  2.666666667e+00  6.255519654e-01  5.049912776e-01  1.614147284e+08 -8.901361403e-03  1.495709394e+06  1.206276136e+02  1.400154114e+00  2.525837128e-03 -3.727497162e-03 -8.901361403e-03 -1.516304057e+00 -2.985235708e+00  9.746598859e-03  3.378397066e-03  1.307226058e+00  1.001723372e+00  2.614143733e+00  7.951032071e-01
9 3  8.391035337e-01  3.000000000e+00  6.100913485e-01  5.049912776e-01  1.389548896e+08 -6.171611292e-03  4.178179671e+06  1.052811228e+02  1.330377211e+00  2.402256830e-03 -1.455529738e-03 -6.171611292e-03 -1.326323707e+00 -2.668765321e+00  8.695758256e-03  3.294556215e-03  1.429205203e+00  1.000523743e+00  2.512538168e+00  8.589567921e-01
10 3  8.854839018e-01  3.333333333e+00  6.009070178e-01  5.049912776e-01  1.173078220e+08 -2.627576550e-03  6.315266024e+06  9.244579011e+01  1.204155455e+00  1.968029153e-03  1.668703550e-03 -2.627576550e-03 -8.572615270e-01 -2.442164273e+00  5.474537972e-03  2.480954267e-03  1.606673651e+00  9.997420839e-01  2.384409657e+00  9.048875277e-01
11 3  9.218244766e-01  3.666666667e+00  5.864211804e-01  5.049912776e-01  1.204374872e+08  5.517607829e-03  4.044822292e+06  8.122763653e+01  1.347192976e+00  5.091507984e-03  2.216084598e-02  5.517607829e-03 -1.007947481e+01 -6.758659183e+00  4.389801081e-03  2.106682239e-03  1.863496588e+00  9.992907714e-01  2.255587373e+00  9.392941268e-01
12 3  9.648148567e-01  4.000000000e+00  3.041151398e-01  5.049912776e-01  2.929995575e+07  1.815416528e-02  9.258404386e+05  8.914760705e+01  1.095519307e+00  1.168435327e-02  6.069182442e-02  1.815416528e-02 -3.065885160e+01 -1.781536460e+01  4.003913671e-03  2.622120929e-03  2.171410914e+00  9.997896994e-01  2.165128228e+00  9.763817976e-01
13 3  9.817579211e-01  4.333333333e+00  2.410863524e-01  5.049912776e-01  1.098406005e+07  1.277154618e-02  2.731382453e+05  9.341713970e+01  8.276403349e-01  7.776632887e-03  3.149028660e-02  1.277154618e-02 -1.595093761e+01 -8.114039090e+00  4.229730631e-03  2.525243770e-03  3.081586970e+00  9.999123087e-01  2.033926263e+00  9.882503720e-01
14 3  9.906743816e-01  4.666666667e+00  2.198490438e-01  5.049912776e-01  6.160536804e+06  8.492584897e-03  1.744771225e+05  9.151638483e+01  6.506645175e-01  4.970523154e-03  2.079718725e-02  8.492584897e-03 -1.244769615e+01 -5.040390004e+00  4.024039597e-03  2.228681277e-03  4.838002148e+00  9.999503353e-01  1.905871234e+00  9.940448559e-01
