10  2.075990933e-07
4 3  4.600401559e-01  1.333333333e+00  7.388185204e-01  5.050776051e-01  3.872368702e+08 -2.523638967e-02  2.083082139e+05  4.333788756e+02  1.390221683e+00  1.449517761e-03 -1.615714242e-02 -2.523638967e-02 -3.595294491e+00 -4.852601817e+00  5.510374327e-03  2.284376050e-03  9.914681921e-01  1.015856939e+00  2.804220953e+00  4.052855242e-01
5 3  6.005561140e-01  1.666666667e+00  6.580457143e-01  5.050776051e-01  2.581046229e+08 -1.653875967e-02  2.244778001e+06  2.891472919e+02  1.276413670e+00  1.697317284e-03 -8.626855395e-03 -1.653875967e-02 -2.521624293e+00 -5.267696740e+00  9.773628559e-03  3.251117506e-03  1.059980050e+00  1.008084292e+00  2.906192408e+00  5.935809129e-01
6 3  7.037010011e-01  2.000000000e+00  6.153397724e-01  5.050776051e-01  1.969315927e+08 -1.034304439e-02  1.230531793e+06  2.266134763e+02  1.237065280e+00  1.881880911e-03 -3.643283720e-03 -1.034304439e-02 -1.916217189e+00 -4.661481175e+00  8.997058676e-03  2.959702603e-03  1.157733831e+00  1.004326209e+00  2.827194211e+00  7.163160436e-01
7 3  7.848577881e-01  2.333333333e+00  5.885466541e-01  5.050776051e-01  1.686205060e+08 -5.383203908e-03  1.787654345e+06  1.849100963e+02  1.243450860e+00  2.093976460e-03  5.166234214e-04 -5.383203908e-03 -1.611773359e+00 -4.052140887e+00  9.347094414e-03  3.249268666e-03  1.274002853e+00  1.002264557e+00  2.697237772e+00  8.043620443e-01
8 3  8.551768814e-01  2.666666667e+00  5.686295838e-01  5.050776051e-01  1.427177661e+08 -5.035684436e-03  5.281742086e+06  1.542778837e+02  1.240406919e+00  2.230291881e-03  5.778306244e-05 -5.035684436e-03 -1.144301395e+00 -3.505953498e+00  7.888008737e-03  3.157144716e-03  1.427140158e+00  1.000878960e+00  2.567978910e+00  8.725144854e-01
9 3  9.031572335e-01  3.000000000e+00  5.982319834e-01  5.050776051e-01  1.069785418e+08  8.684052268e-04  6.084104297e+06  1.258064770e+02  1.018991658e+00  1.350531828e-03 -2.520518832e-03  8.684052268e-04  1.451631271e+01 -3.321483454e+00  4.457212957e-03  2.065419328e-03  1.668000618e+00  1.000001316e+00  2.408603732e+00  9.183610853e-01
10 3  9.286001184e-01  3.333333333e+00  7.144725095e-01  5.050776051e-01  9.326622298e+07  7.664024771e-03  3.975494614e+06  1.035600643e+02  8.413818970e-01  1.399075667e-03  2.589889312e-04  7.664024771e-03  2.300574121e+01 -2.197522004e+00  3.241508687e-03  1.560608655e-03  2.160854679e+00  9.994924789e-01  2.227676858e+00  9.422293839e-01
11 3  9.629480445e-01  3.666666667e+00  4.857041950e-01  5.050776051e-01  1.999238031e+08  1.862982248e-02  1.383010357e+06  1.038415597e+02  1.829339131e+00  1.562971066e-02  8.104294365e-02  1.862982248e-02 -6.394213657e+01 -1.196286673e+01  5.409307350e-03  3.075261566e-03  2.406113809e+00  9.994654575e-01  2.100012537e+00  9.724908433e-01
12 3  9.884211123e-01  4.000000000e+00  2.886829342e-01  5.050776051e-01  1.258098467e+07  9.005101904e-03  2.139246304e+05  1.132838005e+02  6.945684629e-01  7.774320904e-03  5.526501845e-02  9.005101904e-03 -2.351523996e+01 -2.474255202e+01  4.091090240e-03  2.223063091e-03  3.593688208e+00  9.998863142e-01  1.976766258e+00  9.917684774e-01
13 3  9.952753487e-01  4.333333333e+00  2.620292219e-01  5.050776051e-01  4.603425342e+06  6.054677166e-03  1.524802544e+05  1.080093289e+02  4.914881757e-01  4.488553112e-03  2.738537439e-02  6.054677166e-03 -1.840994325e+01 -1.050352789e+01  3.522251503e-03  1.899551687e-03  6.947894830e+00  9.999748512e-01  1.837523496e+00  9.966468663e-01
