13  2.344339830e-07
4 3  3.707373180e-01  1.333333333e+00  7.625534685e-01  5.092599765e-01  2.792983812e+08 -2.882866890e-02  3.180197734e+06  2.494875639e+02  1.387281651e+00  1.613016041e-03 -2.882866890e-02 -4.295770768e-02 -5.570392922e+00 -5.627479077e+00  7.791675223e-03  2.036892417e-03  9.915117008e-01  1.008659663e+00  2.663485280e+00  3.177846809e-01
5 3  4.855589170e-01  1.666666667e+00  6.837976194e-01  5.092599765e-01  2.167672538e+08 -2.123093913e-02  3.180197734e+06  1.724667342e+02  1.314339437e+00  1.740864490e-03 -2.123093913e-02 -3.179331145e-02 -3.950908350e+00 -4.869793404e+00  7.999940705e-03  2.065349799e-03  1.038323837e+00  1.005753478e+00  2.782677069e+00  4.758685802e-01
6 3  5.789315619e-01  2.000000000e+00  6.381277085e-01  5.092599765e-01  1.835783566e+08 -1.504302948e-02  3.180197734e+06  1.359400107e+02  1.338646487e+00  2.004310308e-03 -1.504302948e-02 -2.334398942e-02 -2.903039401e+00 -4.050076977e+00  8.260625743e-03  2.146593590e-03  1.108850514e+00  1.003742985e+00  2.759293106e+00  5.920940343e-01
7 3  6.605202225e-01  2.333333333e+00  6.079413194e-01  5.092599765e-01  1.666215695e+08 -1.347088540e-02  3.180197734e+06  1.159734253e+02  1.376279520e+00  2.261724644e-03 -1.347088540e-02 -2.039691942e-02 -2.265961814e+00 -3.457115684e+00  8.490327412e-03  2.224802048e-03  1.186583115e+00  1.002199677e+00  2.694273462e+00  6.848123524e-01
8 3  7.330688619e-01  2.666666667e+00  5.866281268e-01  5.092599765e-01  1.594174242e+08 -1.158089891e-02  3.180197734e+06  1.038373205e+02  1.412590249e+00  2.454716084e-03 -1.158089891e-02 -1.753101684e-02 -1.813745580e+00 -2.988571688e+00  8.693550349e-03  2.291364879e-03  1.268778633e+00  1.000967509e+00  2.613208745e+00  7.618371692e-01
9 3  7.978083024e-01  3.000000000e+00  5.718658395e-01  5.092599765e-01  1.482746798e+08 -8.257131874e-03  3.180197734e+06  9.188659130e+01  1.424276977e+00  2.521782152e-03 -8.257131874e-03 -1.329225920e-02 -1.296453983e+00 -2.564319565e+00  8.770581914e-03  2.322523883e-03  1.364982470e+00  1.000006996e+00  2.525564220e+00  8.258401099e-01
10 3  8.498126943e-01  3.333333333e+00  5.659504053e-01  5.092599765e-01  1.271522595e+08 -4.324000515e-03  3.180197734e+06  7.959216813e+01  1.310986901e+00  2.027600800e-03 -4.324000515e-03 -8.307803123e-03  6.326461289e-02 -2.325131022e+00  8.316440609e-03  2.199857974e-03  1.486624176e+00  9.993590914e-01  2.419603019e+00  8.756875124e-01
11 3  8.866560808e-01  3.666666667e+00  5.718069985e-01  5.092599765e-01  1.110746358e+08  1.496263289e-03  3.180197734e+06  6.880845488e+01  1.190796545e+00  1.696650705e-03  1.496263289e-03 -2.390697999e-03  1.845776465e+00 -2.707941508e+00  7.811850971e-03  2.049921953e-03  1.666980911e+00  9.990033934e-01  2.294186979e+00  9.107463320e-01
12 3  9.160860817e-01  4.000000000e+00  5.659333813e-01  5.092599765e-01  1.109412938e+08  2.867755724e-02  3.180197734e+06  6.103909984e+01  1.301027230e+00  5.000339043e-03  2.867755724e-02  7.576532714e-03 -1.081151748e+01 -7.907462503e+00  8.356088065e-03  2.175936436e-03  1.918480168e+00  9.988813477e-01  2.172542482e+00  9.376012482e-01
13 3  9.589652683e-01  4.333333333e+00  3.026031382e-01  5.092599765e-01  3.455226084e+07  6.949392321e-02  3.180197734e+06  6.710597841e+01  1.235549724e+00  1.422040665e-02  6.949392321e-02  1.905224326e-02 -4.283370297e+01 -1.665911237e+01  8.592815002e-03  2.438794317e-03  2.104018940e+00  9.996516218e-01  2.100910425e+00  9.737460928e-01
14 3  9.771984940e-01  4.666666667e+00  2.220582543e-01  5.092599765e-01  1.285755457e+07  3.864697319e-02  3.180197734e+06  7.218425783e+01  9.362851292e-01  9.296344281e-03  3.864697319e-02  1.573318852e-02 -2.159332327e+01 -8.042056494e+00  7.278143758e-03  2.250699194e-03  2.785122978e+00  9.998605246e-01  1.988353102e+00  9.861783900e-01
15 3  9.873058324e-01  5.000000000e+00  1.954404009e-01  5.092599765e-01  7.275387030e+06  2.589752471e-02  3.180197734e+06  7.258811697e+01  7.602653891e-01  6.345081514e-03  2.589752471e-02  1.107338865e-02 -1.578246660e+01 -5.023618204e+00  6.335687337e-03  2.045978563e-03  4.039555179e+00  9.999218094e-01  1.875105984e+00  9.924075554e-01
16 3  9.931336267e-01  5.333333333e+00  1.832943709e-01  5.092599765e-01  4.758370628e+06  2.000335160e-02  3.180197734e+06  6.990979035e+01  6.080667451e-01  4.048598080e-03  2.000335160e-02  8.221647999e-03 -1.343101390e+01 -3.774684179e+00  5.412747477e-03  1.787055372e-03  6.264050746e+00  9.999540519e-01  1.768345348e+00  9.959049063e-01
