13  2.352141903e-07
4 3  3.689109634e-01  1.333333333e+00  7.346775365e-01  5.082411884e-01  2.852459778e+08 -2.709542083e-02  3.156979743e+06  2.539632074e+02  1.381426920e+00  1.601076551e-03 -2.709542083e-02 -4.260442964e-02 -5.940207842e+00 -6.035245507e+00  7.773149702e-03  2.022930198e-03  9.948763447e-01  1.008824053e+00  2.660340254e+00  3.155334218e-01
5 3  4.817302524e-01  1.666666667e+00  6.553291744e-01  5.082411884e-01  2.184580466e+08 -2.160848995e-02  3.156979743e+06  1.781721309e+02  1.306240070e+00  1.685778959e-03 -2.160848995e-02 -3.270151766e-02 -3.963868427e+00 -5.030737767e+00  7.935411703e-03  2.048334064e-03  1.040788508e+00  1.006169813e+00  2.771822323e+00  4.705566259e-01
6 3  5.735115034e-01  2.000000000e+00  6.119029792e-01  5.082411884e-01  1.851623707e+08 -1.624516139e-02  3.156979743e+06  1.415637126e+02  1.336375892e+00  1.932102747e-03 -1.624516139e-02 -2.473720262e-02 -2.761951826e+00 -4.108246237e+00  8.188161330e-03  2.134043563e-03  1.110791327e+00  1.004174556e+00  2.744481356e+00  5.843775262e-01
7 3  6.548993832e-01  2.333333333e+00  5.842820582e-01  5.082411884e-01  1.694720328e+08 -1.376545461e-02  3.156979743e+06  1.199099106e+02  1.388693646e+00  2.216228536e-03 -1.376545461e-02 -2.073176866e-02 -2.042702839e+00 -3.484908639e+00  8.481342773e-03  2.228172139e-03  1.186554804e+00  1.002571736e+00  2.681959332e+00  6.768666050e-01
8 3  7.291166527e-01  2.666666667e+00  5.654190187e-01  5.082411884e-01  1.635049402e+08 -1.169567155e-02  3.156979743e+06  1.067873222e+02  1.440146705e+00  2.454646638e-03 -1.169567155e-02 -1.757600502e-02 -1.538351480e+00 -2.995303267e+00  8.763912381e-03  2.314110595e-03  1.264033683e+00  1.001231283e+00  2.609165524e+00  7.561135363e-01
9 3  7.959968398e-01  3.000000000e+00  5.525537985e-01  5.082411884e-01  1.515223940e+08 -9.552110072e-03  3.156979743e+06  9.428100571e+01  1.447086321e+00  2.525459512e-03 -9.552110072e-03 -1.453623173e-02 -1.190249480e+00 -2.536916719e+00  8.839586896e-03  2.343833553e-03  1.353632221e+00  1.000160932e+00  2.529291662e+00  8.229954930e-01
10 3  8.496018887e-01  3.333333333e+00  5.436614095e-01  5.082411884e-01  1.295874790e+08 -6.217585886e-03  3.156979743e+06  8.154464780e+01  1.335130939e+00  2.199014385e-03 -6.217585886e-03 -1.077553349e-02 -1.175849088e+00 -2.209888128e+00  8.398608681e-03  2.224977687e-03  1.469181689e+00  9.994460864e-01  2.427923696e+00  8.748316943e-01
11 3  8.882544194e-01  3.666666667e+00  5.387577256e-01  5.082411884e-01  1.115243093e+08  1.200539390e-03  3.156979743e+06  7.051082753e+01  1.212728958e+00  2.019805989e-03  1.200539390e-03 -4.141577952e-03 -2.917813591e-02 -2.907497364e+00  7.889527005e-03  2.075194413e-03  1.638921808e+00  9.990542224e-01  2.306715024e+00  9.118255571e-01
12 3  9.187967868e-01  4.000000000e+00  5.382716279e-01  5.082411884e-01  1.077306094e+08  3.103458144e-02  3.156979743e+06  6.192824365e+01  1.339654495e+00  5.762716182e-03  3.103458144e-02  7.314231709e-03 -7.134287460e+00 -1.025726835e+01  8.503237943e-03  2.232741502e-03  1.881989961e+00  9.988977958e-01  2.186852391e+00  9.397038329e-01
13 3  9.606495366e-01  4.333333333e+00  2.760777034e-01  5.082411884e-01  2.680415516e+07  6.377887440e-02  3.156979743e+06  6.791740263e+01  1.173869461e+00  1.355513936e-02  6.377887440e-02  2.026635670e-02 -3.838904821e+01 -1.445089034e+01  8.274019593e-03  2.413933409e-03  2.093646796e+00  9.997169387e-01  2.112315904e+00  9.748043641e-01
14 3  9.777077776e-01  4.666666667e+00  2.128584901e-01  5.082411884e-01  1.137204337e+07  3.675549089e-02  3.156979743e+06  7.226320600e+01  9.163988482e-01  8.785450524e-03  3.675549089e-02  1.702304629e-02 -1.775909970e+01 -7.058695791e+00  7.135733073e-03  2.241792999e-03  2.790810059e+00  9.998814092e-01  1.996593811e+00  9.863955263e-01
15 3  9.874767074e-01  5.000000000e+00  1.922399706e-01  5.082411884e-01  6.835331069e+06  2.549881776e-02  3.156979743e+06  7.234618780e+01  7.505446585e-01  5.991154360e-03  2.549881776e-02  1.236452537e-02 -1.280526899e+01 -4.564236307e+00  6.248351053e-03  2.036572105e-03  4.060545923e+00  9.999260035e-01  1.882190844e+00  9.924526458e-01
16 3  9.931880364e-01  5.333333333e+00  1.827091911e-01  5.082411884e-01  4.610845689e+06  1.992953083e-02  3.156979743e+06  6.952388764e+01  6.038383426e-01  3.852599999e-03  1.992953083e-02  9.275685492e-03 -1.092033028e+01 -3.513377196e+00  5.361004311e-03  1.780902884e-03  6.301931881e+00  9.999529719e-01  1.774807540e+00  9.959058437e-01
