12  2.155354987e-07
4 3  3.848332689e-01  1.333333333e+00  7.943718161e-01  5.054112009e-01  3.210611803e+08 -2.242267784e-02  3.406955922e+06  3.022063850e+02  1.375708782e+00  1.474818407e-03 -2.242267784e-02 -3.512991439e-02 -3.882728514e+00 -6.270094086e+00  7.875462464e-03  2.039207477e-03  9.929633756e-01  1.011891312e+00  2.664557674e+00  3.282003083e-01
5 3  5.041759506e-01  1.666666667e+00  7.278328904e-01  5.054112009e-01  2.416733944e+08 -1.610861021e-02  3.406955922e+06  2.049770980e+02  1.320006962e+00  1.661558871e-03 -1.610861021e-02 -2.516959494e-02 -2.702636475e+00 -5.054542410e+00  8.127131030e-03  2.091279547e-03  1.042246520e+00  1.007950369e+00  2.781825661e+00  4.898115955e-01
6 3  6.023568430e-01  2.000000000e+00  6.895012207e-01  5.054112009e-01  2.022186320e+08 -1.194848592e-02  3.406955922e+06  1.598487747e+02  1.344264581e+00  1.929903223e-03 -1.194848592e-02 -1.889701176e-02 -1.948255710e+00 -4.063086506e+00  8.401788970e-03  2.178297840e-03  1.116320848e+00  1.005230854e+00  2.762148653e+00  6.103422187e-01
7 3  6.879307790e-01  2.333333333e+00  6.647340426e-01  5.054112009e-01  1.821370964e+08 -9.150198700e-03  3.406955922e+06  1.327448135e+02  1.381382682e+00  2.191152688e-03 -9.150198700e-03 -1.487153550e-02 -1.483585204e+00 -3.404024860e+00  8.674400267e-03  2.259710797e-03  1.198390876e+00  1.003175459e+00  2.698374596e+00  7.070722484e-01
8 3  7.644123951e-01  2.666666667e+00  6.477154708e-01  5.054112009e-01  1.724477036e+08 -7.025524221e-03  3.406955922e+06  1.175900713e+02  1.415531855e+00  2.379257150e-03 -7.025524221e-03 -1.185210686e-02 -1.143371041e+00 -2.878969744e+00  8.882878424e-03  2.327060862e-03  1.288599984e+00  1.001479234e+00  2.619137638e+00  7.880516166e-01
9 3  8.302999932e-01  3.000000000e+00  6.364152055e-01  5.054112009e-01  1.541943960e+08 -4.592308457e-03  3.406955922e+06  1.034618845e+02  1.377480410e+00  2.309605812e-03 -4.592308457e-03 -8.781535873e-03 -8.972204671e-01 -2.470050430e+00  8.739164721e-03  2.301024116e-03  1.407037536e+00  1.000231888e+00  2.525642402e+00  8.527182130e-01
10 3  8.788305549e-01  3.333333333e+00  6.294302857e-01  5.054112009e-01  1.288324249e+08 -6.224954674e-04  3.406955922e+06  9.026169801e+01  1.228610974e+00  1.924311190e-03 -6.224954674e-04 -4.790258957e-03 -7.915969544e-01 -2.383502062e+00  8.082319649e-03  2.127308789e-03  1.575464568e+00  9.995499137e-01  2.404297879e+00  8.995474446e-01
11 3  9.119096191e-01  3.666666667e+00  6.253057498e-01  5.054112009e-01  1.102070100e+08  6.381269172e-03  3.406955922e+06  7.937651735e+01  1.093125054e+00  1.748589324e-03  6.381269172e-03  9.811684360e-04 -7.116929739e-01 -3.018258416e+00  7.463233440e-03  1.950627901e-03  1.846472292e+00  9.992885601e-01  2.267402737e+00  9.310877481e-01
12 3  9.384656951e-01  4.000000000e+00  6.033672498e-01  5.054112009e-01  1.364526027e+08  4.181389940e-02  3.406955922e+06  7.265811881e+01  1.477741059e+00  8.206374494e-03  4.181389940e-02  9.228940744e-03 -2.542759856e+01 -1.068763593e+01  9.196556547e-03  2.388037168e-03  2.231102243e+00  9.992942703e-01  2.138992159e+00  9.551694442e-01
13 3  9.777857816e-01  4.333333333e+00  2.744655048e-01  5.054112009e-01  2.011829124e+07  5.130503372e-02  3.406955922e+06  8.952538242e+01  9.510640100e-01  9.500559004e-03  5.130503372e-02  1.566049019e-02 -1.845789086e+01 -1.616143740e+01  7.269828286e-03  2.188376935e-03  2.669205963e+00  9.998806172e-01  2.058387588e+00  9.861059879e-01
14 3  9.888246637e-01  4.666666667e+00  2.466791644e-01  5.054112009e-01  8.649681649e+06  2.941039814e-02  3.406955922e+06  8.958667035e+01  7.117614755e-01  6.375829824e-03  2.941039814e-02  9.477272966e-03 -1.285758730e+01 -8.837305690e+00  5.998620100e-03  1.955456969e-03  4.067373142e+00  9.999241488e-01  1.933022686e+00  9.931145157e-01
15 3  9.955773272e-01  5.000000000e+00  2.330356292e-01  5.054112009e-01  4.730336545e+06  1.888755163e-02  3.406955922e+06  8.667679849e+01  5.536710548e-01  4.074926416e-03  1.888755163e-02  5.758933095e-03 -1.115849033e+01 -5.428609542e+00  5.036810133e-03  1.717078606e-03  8.529088039e+00  9.999607135e-01  1.816541465e+00  9.972815593e-01
