 1.695500020e+00 -1.807947340e+00  8.592195817e-01  3.477043823e+00  9.348295269e-01  4.478952849e+00  9.954343346e-01  9.400676620e-01  6.321370040e+00 512 3 10
 0.000000000e+00  0.000000000e+00  9.057886500e-06
 1.956947162e-03  2.932484726e-02  1.334634323e-01
 3.913894325e-03  4.147242113e-02  1.887314579e-01
 5.870841487e-03  5.079428151e-02  2.311288225e-01
 7.827788650e-03  5.865366516e-02  2.668592141e-01
 9.784735812e-03  6.557862187e-02  2.983254507e-01
 1.174168297e-02  7.183997710e-02  3.267596120e-01
 1.369863014e-02  7.759862105e-02  3.528934290e-01
 1.565557730e-02  8.295938864e-02  3.772035233e-01
 1.761252446e-02  8.799510346e-02  4.000208434e-01
 1.956947162e-02  9.275879212e-02  4.215861765e-01
 2.152641879e-02  9.729048898e-02  4.420814283e-01
 2.348336595e-02  1.016212956e-01  4.616494862e-01
 2.544031311e-02  1.057759364e-01  4.804009047e-01
 2.739726027e-02  1.097744813e-01  4.984252831e-01
 2.935420744e-02  1.136334780e-01  5.157970181e-01
 3.131115460e-02  1.173667603e-01  5.325780359e-01
 3.326810176e-02  1.209860362e-01  5.488203527e-01
 3.522504892e-02  1.245013193e-01  5.645692280e-01
 3.718199609e-02  1.279212489e-01  5.798635718e-01
 3.913894325e-02  1.312533426e-01  5.947371077e-01
 4.109589041e-02  1.345041910e-01  6.092192799e-01
 4.305283757e-02  1.376796102e-01  6.233359406e-01
 4.500978474e-02  1.407847652e-01  6.371097504e-01
 4.696673190e-02  1.438242681e-01  6.505609198e-01
 4.892367906e-02  1.468022568e-01  6.637082986e-01
 5.088062622e-02  1.497224575e-01  6.765694593e-01
 5.283757339e-02  1.525882384e-01  6.891595941e-01
 5.479452055e-02  1.554026611e-01  7.014914452e-01
 5.675146771e-02  1.581685209e-01  7.135760936e-01
 5.870841487e-02  1.608883787e-01  7.254251551e-01
 6.066536204e-02  1.635645809e-01  7.370503698e-01
 6.262230920e-02  1.661992825e-01  7.484613952e-01
 6.457925636e-02  1.687944746e-01  7.596656114e-01
 6.653620352e-02  1.713520036e-01  7.706702815e-01
 6.849315068e-02  1.738735829e-01  7.814837925e-01
 7.045009785e-02  1.763608006e-01  7.921138274e-01
 7.240704501e-02  1.788151357e-01  8.025664610e-01
 7.436399217e-02  1.812379698e-01  8.128473176e-01
 7.632093933e-02  1.836305962e-01  8.229613936e-01
 7.827788650e-02  1.859942279e-01  8.329137389e-01
 8.023483366e-02  1.883300023e-01  8.427104198e-01
 8.219178082e-02  1.906389854e-01  8.523561497e-01
 8.414872798e-02  1.929221819e-01  8.618542857e-01
 8.610567515e-02  1.951805418e-01  8.712084581e-01
 8.806262231e-02  1.974149618e-01  8.804223920e-01
 9.001956947e-02  1.996262895e-01  8.895006319e-01
 9.197651663e-02  2.018153248e-01  8.984468212e-01
 9.393346380e-02  2.039828261e-01  9.072635788e-01
 9.589041096e-02  2.061295150e-01  9.159532146e-01
 9.784735812e-02  2.082560781e-01  9.245184758e-01
 9.980430528e-02  2.103631679e-01  9.329627247e-01
 1.017612524e-01  2.124514037e-01  9.412892344e-01
 1.037181996e-01  2.145213752e-01  9.495001259e-01
 1.056751468e-01  2.165736463e-01  9.575964551e-01
 1.076320939e-01  2.186087577e-01  9.655804728e-01
 1.095890411e-01  2.206272250e-01  9.734550047e-01
 1.115459883e-01  2.226295398e-01  9.812225820e-01
 1.135029354e-01  2.246161725e-01  9.888850035e-01
 1.154598826e-01  2.265875742e-01  9.964432301e-01
 1.174168297e-01  2.285441794e-01  1.003898696e+00
 1.193737769e-01  2.304864048e-01  1.011253436e+00
 1.213307241e-01  2.324146495e-01  1.018509572e+00
 1.232876712e-01  2.343292966e-01  1.025668852e+00
 1.252446184e-01  2.362307141e-01  1.032732130e+00
 1.272015656e-01  2.381192580e-01  1.039700206e+00
 1.291585127e-01  2.399952715e-01  1.046574544e+00
 1.311154599e-01  2.418590844e-01  1.053357220e+00
 1.330724070e-01  2.437110136e-01  1.060050025e+00
 1.350293542e-01  2.455513643e-01  1.066653043e+00
 1.369863014e-01  2.473804339e-01  1.073166928e+00
 1.389432485e-01  2.491985092e-01  1.079592868e+00
 1.409001957e-01  2.510058672e-01  1.085932863e+00
 1.428571429e-01  2.528027737e-01  1.092188400e+00
 1.448140900e-01  2.545894864e-01  1.098359630e+00
 1.467710372e-01  2.563662560e-01  1.104446844e+00
 1.487279843e-01  2.581333260e-01  1.110451182e+00
 1.506849315e-01  2.598909315e-01  1.116373884e+00
 1.526418787e-01  2.616392998e-01  1.122216382e+00
 1.545988258e-01  2.633786508e-01  1.127979334e+00
 1.565557730e-01  2.651091986e-01  1.133662771e+00
 1.585127202e-01  2.668311520e-01  1.139267525e+00
 1.604696673e-01  2.685447132e-01  1.144794348e+00
 1.624266145e-01  2.702500787e-01  1.150244638e+00
 1.643835616e-01  2.719474385e-01  1.155619123e+00
 1.663405088e-01  2.736369775e-01  1.160918148e+00
 1.682974560e-01  2.753188765e-01  1.166141883e+00
 1.702544031e-01  2.769933118e-01  1.171291015e+00
 1.722113503e-01  2.786604544e-01  1.176366716e+00
 1.741682975e-01  2.803204704e-01  1.181369869e+00
 1.761252446e-01  2.819735213e-01  1.186301115e+00
 1.780821918e-01  2.836197647e-01  1.191160122e+00
 1.800391389e-01  2.852593558e-01  1.195947374e+00
 1.819960861e-01  2.868924450e-01  1.200664116e+00
 1.839530333e-01  2.885191785e-01  1.205311235e+00
 1.859099804e-01  2.901396986e-01  1.209888910e+00
 1.878669276e-01  2.917541451e-01  1.214397307e+00
 1.898238748e-01  2.933626546e-01  1.218836774e+00
 1.917808219e-01  2.949653608e-01  1.223208227e+00
 1.937377691e-01  2.965623934e-01  1.227512426e+00
 1.956947162e-01  2.981538792e-01  1.231749515e+00
 1.976516634e-01  2.997399427e-01  1.235920145e+00
 1.996086106e-01  3.013207052e-01  1.240024455e+00
 2.015655577e-01  3.028962861e-01  1.244062871e+00
 2.035225049e-01  3.044668019e-01  1.248036149e+00
 2.054794521e-01  3.060323662e-01  1.251944685e+00
 2.074363992e-01  3.075930905e-01  1.255789093e+00
 2.093933464e-01  3.091490836e-01  1.259569560e+00
 2.113502935e-01  3.107004528e-01  1.263286187e+00
 2.133072407e-01  3.122473032e-01  1.266939561e+00
 2.152641879e-01  3.137897376e-01  1.270530484e+00
 2.172211350e-01  3.153278563e-01  1.274059294e+00
 2.191780822e-01  3.168617578e-01  1.277526524e+00
 2.211350294e-01  3.183915386e-01  1.280931967e+00
 2.230919765e-01  3.199172944e-01  1.284276021e+00
 2.250489237e-01  3.214391185e-01  1.287559571e+00
 2.270058708e-01  3.229571019e-01  1.290783075e+00
 2.289628180e-01  3.244713341e-01  1.293946782e+00
 2.309197652e-01  3.259819034e-01  1.297050829e+00
 2.328767123e-01  3.274888963e-01  1.300095444e+00
 2.348336595e-01  3.289923983e-01  1.303081339e+00
 2.367906067e-01  3.304924925e-01  1.306009147e+00
 2.387475538e-01  3.319892608e-01  1.308878902e+00
 2.407045010e-01  3.334827838e-01  1.311691061e+00
 2.426614481e-01  3.349731409e-01  1.314445790e+00
 2.446183953e-01  3.364604100e-01  1.317143612e+00
 2.465753425e-01  3.379446677e-01  1.319785071e+00
 2.485322896e-01  3.394259893e-01  1.322370273e+00
 2.504892368e-01  3.409044489e-01  1.324899728e+00
 2.524461840e-01  3.423801195e-01  1.327373749e+00
 2.544031311e-01  3.438530727e-01  1.329792681e+00
 2.563600783e-01  3.453233793e-01  1.332156906e+00
 2.583170254e-01  3.467911087e-01  1.334466830e+00
 2.602739726e-01  3.482563294e-01  1.336722728e+00
 2.622309198e-01  3.497191086e-01  1.338925134e+00
 2.641878669e-01  3.511795128e-01  1.341074286e+00
 2.661448141e-01  3.526376072e-01  1.343170395e+00
 2.681017613e-01  3.540934564e-01  1.345214031e+00
 2.700587084e-01  3.555471238e-01  1.347205499e+00
 2.720156556e-01  3.569986718e-01  1.349145217e+00
 2.739726027e-01  3.584481620e-01  1.351033576e+00
 2.759295499e-01  3.598956550e-01  1.352870756e+00
 2.778864971e-01  3.613412108e-01  1.354657189e+00
 2.798434442e-01  3.627848883e-01  1.356393306e+00
 2.818003914e-01  3.642267458e-01  1.358079466e+00
 2.837573386e-01  3.656668405e-01  1.359716056e+00
 2.857142857e-01  3.671052290e-01  1.361303370e+00
 2.876712329e-01  3.685419670e-01  1.362841733e+00
 2.896281800e-01  3.699771098e-01  1.364331613e+00
 2.915851272e-01  3.714107115e-01  1.365773418e+00
 2.935420744e-01  3.728428257e-01  1.367167417e+00
 2.954990215e-01  3.742735052e-01  1.368514017e+00
 2.974559687e-01  3.757028022e-01  1.369813560e+00
 2.994129159e-01  3.771307682e-01  1.371066432e+00
 3.013698630e-01  3.785574540e-01  1.372273075e+00
 3.033268102e-01  3.799829098e-01  1.373433787e+00
 3.052837573e-01  3.814071850e-01  1.374548906e+00
 3.072407045e-01  3.828303287e-01  1.375618809e+00
 3.091976517e-01  3.842523891e-01  1.376643867e+00
 3.111545988e-01  3.856734141e-01  1.377624450e+00
 3.131115460e-01  3.870934506e-01  1.378560891e+00
 3.150684932e-01  3.885125455e-01  1.379453557e+00
 3.170254403e-01  3.899307447e-01  1.380302771e+00
 3.189823875e-01  3.913480937e-01  1.381108918e+00
 3.209393346e-01  3.927646376e-01  1.381872345e+00
 3.228962818e-01  3.941804209e-01  1.382593349e+00
 3.248532290e-01  3.955954877e-01  1.383272328e+00
 3.268101761e-01  3.970098813e-01  1.383909528e+00
 3.287671233e-01  3.984236451e-01  1.384505359e+00
 3.307240705e-01  3.998368215e-01  1.385060210e+00
 3.326810176e-01  4.012494527e-01  1.385574320e+00
 3.346379648e-01  4.026615804e-01  1.386048052e+00
 3.365949119e-01  4.040732460e-01  1.386481799e+00
 3.385518591e-01  4.054844902e-01  1.386875861e+00
 3.405088063e-01  4.068953536e-01  1.387230539e+00
 3.424657534e-01  4.083058761e-01  1.387546195e+00
 3.444227006e-01  4.097160975e-01  1.387823095e+00
 3.463796477e-01  4.111260571e-01  1.388061649e+00
 3.483365949e-01  4.125357937e-01  1.388262201e+00
 3.502935421e-01  4.139453459e-01  1.388424979e+00
 3.522504892e-01  4.153547518e-01  1.388550367e+00
 3.542074364e-01  4.167640493e-01  1.388638658e+00
 3.561643836e-01  4.181732759e-01  1.388690250e+00
 3.581213307e-01  4.195824686e-01  1.388705489e+00
 3.600782779e-01  4.209916641e-01  1.388684678e+00
 3.620352250e-01  4.224008989e-01  1.388628018e+00
 3.639921722e-01  4.238102093e-01  1.388535878e+00
 3.659491194e-01  4.252196311e-01  1.388408600e+00
 3.679060665e-01  4.266291998e-01  1.388246576e+00
 3.698630137e-01  4.280389505e-01  1.388050159e+00
 3.718199609e-01  4.294489180e-01  1.387819587e+00
 3.737769080e-01  4.308591371e-01  1.387555128e+00
 3.757338552e-01  4.322696421e-01  1.387257042e+00
 3.776908023e-01  4.336804670e-01  1.386925836e+00
 3.796477495e-01  4.350916457e-01  1.386561871e+00
 3.816046967e-01  4.365032114e-01  1.386165450e+00
 3.835616438e-01  4.379151972e-01  1.385736727e+00
 3.855185910e-01  4.393276363e-01  1.385275970e+00
 3.874755382e-01  4.407405615e-01  1.384783612e+00
 3.894324853e-01  4.421540051e-01  1.384260106e+00
 3.913894325e-01  4.435679990e-01  1.383705731e+00
 3.933463796e-01  4.449825753e-01  1.383120828e+00
 3.953033268e-01  4.463977655e-01  1.382505491e+00
 3.972602740e-01  4.478136011e-01  1.381860039e+00
 3.992172211e-01  4.492301134e-01  1.381185013e+00
 4.011741683e-01  4.506473332e-01  1.380480753e+00
 4.031311155e-01  4.520652911e-01  1.379747590e+00
 4.050880626e-01  4.534840174e-01  1.378985834e+00
 4.070450098e-01  4.549035423e-01  1.378195412e+00
 4.090019569e-01  4.563238962e-01  1.377376858e+00
 4.109589041e-01  4.577451087e-01  1.376530759e+00
 4.129158513e-01  4.591672091e-01  1.375657396e+00
 4.148727984e-01  4.605902267e-01  1.374757080e+00
 4.168297456e-01  4.620141903e-01  1.373829936e+00
 4.187866928e-01  4.634391292e-01  1.372876021e+00
 4.207436399e-01  4.648650721e-01  1.371896134e+00
 4.227005871e-01  4.662920471e-01  1.370890650e+00
 4.246575342e-01  4.677200824e-01  1.369859801e+00
 4.266144814e-01  4.691492059e-01  1.368803931e+00
 4.285714286e-01  4.705794452e-01  1.367722993e+00
 4.305283757e-01  4.720108283e-01  1.366617475e+00
 4.324853229e-01  4.734433823e-01  1.365487951e+00
 4.344422701e-01  4.748771344e-01  1.364334737e+00
 4.363992172e-01  4.763121111e-01  1.363158177e+00
 4.383561644e-01  4.777483392e-01  1.361958482e+00
 4.403131115e-01  4.791858451e-01  1.360735539e+00
 4.422700587e-01  4.806246556e-01  1.359490136e+00
 4.442270059e-01  4.820647964e-01  1.358222761e+00
 4.461839530e-01  4.835062932e-01  1.356933693e+00
 4.481409002e-01  4.849491715e-01  1.355623249e+00
 4.500978474e-01  4.863934567e-01  1.354291314e+00
 4.520547945e-01  4.878391742e-01  1.352938366e+00
 4.540117417e-01  4.892863492e-01  1.351565070e+00
 4.559686888e-01  4.907350062e-01  1.350171758e+00
 4.579256360e-01  4.921851694e-01  1.348758725e+00
 4.598825832e-01  4.936368634e-01  1.347326036e+00
 4.618395303e-01  4.950901122e-01  1.345874018e+00
 4.637964775e-01  4.965449401e-01  1.344403130e+00
 4.657534247e-01  4.980013705e-01  1.342913890e+00
 4.677103718e-01  4.994594267e-01  1.341406577e+00
 4.696673190e-01  5.009191321e-01  1.339881408e+00
 4.716242661e-01  5.023805095e-01  1.338338688e+00
 4.735812133e-01  5.038435819e-01  1.336778724e+00
 4.755381605e-01  5.053083719e-01  1.335201896e+00
 4.774951076e-01  5.067749019e-01  1.333608710e+00
 4.794520548e-01  5.082431938e-01  1.331999495e+00
 4.814090020e-01  5.097132694e-01  1.330374346e+00
 4.833659491e-01  5.111851505e-01  1.328733795e+00
 4.853228963e-01  5.126588585e-01  1.327077968e+00
 4.872798434e-01  5.141344146e-01  1.325407397e+00
 4.892367906e-01  5.156118398e-01  1.323722557e+00
 4.911937378e-01  5.170911546e-01  1.322023510e+00
 4.931506849e-01  5.185723796e-01  1.320310670e+00
 4.951076321e-01  5.200555350e-01  1.318584485e+00
 4.970645793e-01  5.215406407e-01  1.316845133e+00
 4.990215264e-01  5.230277165e-01  1.315093177e+00
 5.009784736e-01  5.245167817e-01  1.313328772e+00
 5.029354207e-01  5.260078557e-01  1.311552174e+00
 5.048923679e-01  5.275009576e-01  1.309764056e+00
 5.068493151e-01  5.289961056e-01  1.307964668e+00
 5.088062622e-01  5.304933184e-01  1.306154171e+00
 5.107632094e-01  5.319926141e-01  1.304333032e+00
 5.127201566e-01  5.334940107e-01  1.302501387e+00
 5.146771037e-01  5.349975258e-01  1.300660003e+00
 5.166340509e-01  5.365031764e-01  1.298809359e+00
 5.185909980e-01  5.380109792e-01  1.296949575e+00
 5.205479452e-01  5.395209510e-01  1.295080832e+00
 5.225048924e-01  5.410331081e-01  1.293203461e+00
 5.244618395e-01  5.425474669e-01  1.291318291e+00
 5.264187867e-01  5.440640423e-01  1.289425844e+00
 5.283757339e-01  5.455828493e-01  1.287526506e+00
 5.303326810e-01  5.471039026e-01  1.285620157e+00
 5.322896282e-01  5.486272169e-01  1.283707162e+00
 5.342465753e-01  5.501528066e-01  1.281788438e+00
 5.362035225e-01  5.516806848e-01  1.279864536e+00
 5.381604697e-01  5.532108643e-01  1.277935808e+00
 5.401174168e-01  5.547433578e-01  1.276002687e+00
 5.420743640e-01  5.562781774e-01  1.274064887e+00
 5.440313112e-01  5.578153356e-01  1.272123256e+00
 5.459882583e-01  5.593548436e-01  1.270178799e+00
 5.479452055e-01  5.608967117e-01  1.268231779e+00
 5.499021526e-01  5.624409502e-01  1.266282569e+00
 5.518590998e-01  5.639875687e-01  1.264331411e+00
 5.538160470e-01  5.655365770e-01  1.262378437e+00
 5.557729941e-01  5.670879842e-01  1.260424769e+00
 5.577299413e-01  5.686417980e-01  1.258470952e+00
 5.596868885e-01  5.701980259e-01  1.256517371e+00
 5.616438356e-01  5.717566750e-01  1.254564373e+00
 5.636007828e-01  5.733177519e-01  1.252611995e+00
 5.655577299e-01  5.748812632e-01  1.250660998e+00
 5.675146771e-01  5.764472141e-01  1.248712101e+00
 5.694716243e-01  5.780156093e-01  1.246765836e+00
 5.714285714e-01  5.795864530e-01  1.244822553e+00
 5.733855186e-01  5.811597489e-01  1.242882288e+00
 5.753424658e-01  5.827355005e-01  1.240945909e+00
 5.772994129e-01  5.843137102e-01  1.239013462e+00
 5.792563601e-01  5.858943804e-01  1.237085822e+00
 5.812133072e-01  5.874775122e-01  1.235163511e+00
 5.831702544e-01  5.890631063e-01  1.233246528e+00
 5.851272016e-01  5.906511632e-01  1.231335691e+00
 5.870841487e-01  5.922416823e-01  1.229431266e+00
 5.890410959e-01  5.938346627e-01  1.227533400e+00
 5.909980431e-01  5.954301034e-01  1.225642796e+00
 5.929549902e-01  5.970280022e-01  1.223759534e+00
 5.949119374e-01  5.986283568e-01  1.221884117e+00
 5.968688845e-01  6.002311644e-01  1.220016827e+00
 5.988258317e-01  6.018364216e-01  1.218157750e+00
 6.007827789e-01  6.034441250e-01  1.216307029e+00
 6.027397260e-01  6.050542709e-01  1.214464804e+00
 6.046966732e-01  6.066668553e-01  1.212631438e+00
 6.066536204e-01  6.082818735e-01  1.210807089e+00
 6.086105675e-01  6.098993210e-01  1.208991807e+00
 6.105675147e-01  6.115191927e-01  1.207185653e+00
 6.125244618e-01  6.131414837e-01  1.205388626e+00
 6.144814090e-01  6.147661888e-01  1.203600855e+00
 6.164383562e-01  6.163933027e-01  1.201822403e+00
 6.183953033e-01  6.180228198e-01  1.200053271e+00
 6.203522505e-01  6.196547347e-01  1.198293437e+00
 6.223091977e-01  6.212890416e-01  1.196542883e+00
 6.242661448e-01  6.229257349e-01  1.194801593e+00
 6.262230920e-01  6.245648090e-01  1.193069448e+00
 6.281800391e-01  6.262062582e-01  1.191346377e+00
 6.301369863e-01  6.278500770e-01  1.189632298e+00
 6.320939335e-01  6.294962599e-01  1.187927133e+00
 6.340508806e-01  6.311448012e-01  1.186230690e+00
 6.360078278e-01  6.327956959e-01  1.184542924e+00
 6.379647750e-01  6.344489385e-01  1.182863609e+00
 6.399217221e-01  6.361045240e-01  1.181192525e+00
 6.418786693e-01  6.377624478e-01  1.179529654e+00
 6.438356164e-01  6.394227049e-01  1.177874660e+00
 6.457925636e-01  6.410852910e-01  1.176227203e+00
 6.477495108e-01  6.427502021e-01  1.174587269e+00
 6.497064579e-01  6.444174341e-01  1.172954655e+00
 6.516634051e-01  6.460869832e-01  1.171329188e+00
 6.536203523e-01  6.477588460e-01  1.169710359e+00
 6.555772994e-01  6.494330196e-01  1.168097808e+00
 6.575342466e-01  6.511095016e-01  1.166491329e+00
 6.594911937e-01  6.527882897e-01  1.164890656e+00
 6.614481409e-01  6.544693821e-01  1.163296117e+00
 6.634050881e-01  6.561527762e-01  1.161706897e+00
 6.653620352e-01  6.578384713e-01  1.160122364e+00
 6.673189824e-01  6.595264672e-01  1.158542279e+00
 6.692759295e-01  6.612167636e-01  1.156966356e+00
 6.712328767e-01  6.629093611e-01  1.155394565e+00
 6.731898239e-01  6.646042598e-01  1.153826668e+00
 6.751467710e-01  6.663014607e-01  1.152262184e+00
 6.771037182e-01  6.680009654e-01  1.150700337e+00
 6.790606654e-01  6.697027767e-01  1.149140726e+00
 6.810176125e-01  6.714068977e-01  1.147583438e+00
 6.829745597e-01  6.731133312e-01  1.146027880e+00
 6.849315068e-01  6.748220816e-01  1.144473581e+00
 6.868884540e-01  6.765331534e-01  1.142920545e+00
 6.888454012e-01  6.782465512e-01  1.141368025e+00
 6.908023483e-01  6.799622811e-01  1.139815719e+00
 6.927592955e-01  6.816803493e-01  1.138263150e+00
 6.947162427e-01  6.834007632e-01  1.136709604e+00
 6.966731898e-01  6.851235309e-01  1.135154726e+00
 6.986301370e-01  6.868486612e-01  1.133598252e+00
 7.005870841e-01  6.885761629e-01  1.132040561e+00
 7.025440313e-01  6.903060449e-01  1.130480409e+00
 7.045009785e-01  6.920383184e-01  1.128916866e+00
 7.064579256e-01  6.937729955e-01  1.127349619e+00
 7.084148728e-01  6.955100890e-01  1.125778214e+00
 7.103718200e-01  6.972496123e-01  1.124202539e+00
 7.123287671e-01  6.989915788e-01  1.122622526e+00
 7.142857143e-01  7.007360026e-01  1.121037139e+00
 7.162426614e-01  7.024829000e-01  1.119445521e+00
 7.181996086e-01  7.042322881e-01  1.117846993e+00
 7.201565558e-01  7.059841851e-01  1.116241556e+00
 7.221135029e-01  7.077386094e-01  1.114628671e+00
 7.240704501e-01  7.094955805e-01  1.113007680e+00
 7.260273973e-01  7.112551192e-01  1.111377803e+00
 7.279843444e-01  7.130172474e-01  1.109738981e+00
 7.299412916e-01  7.147819872e-01  1.108090838e+00
 7.318982387e-01  7.165493619e-01  1.106432280e+00
 7.338551859e-01  7.183193967e-01  1.104762469e+00
 7.358121331e-01  7.200921183e-01  1.103080841e+00
 7.377690802e-01  7.218675542e-01  1.101387154e+00
 7.397260274e-01  7.236457324e-01  1.099681059e+00
 7.416829746e-01  7.254266818e-01  1.097962299e+00
 7.436399217e-01  7.272104320e-01  1.096230150e+00
 7.455968689e-01  7.289970146e-01  1.094483435e+00
 7.475538160e-01  7.307864633e-01  1.092721313e+00
 7.495107632e-01  7.325788127e-01  1.090943568e+00
 7.514677104e-01  7.343740983e-01  1.089150114e+00
 7.534246575e-01  7.361723562e-01  1.087339851e+00
 7.553816047e-01  7.379736252e-01  1.085511465e+00
 7.573385519e-01  7.397779461e-01  1.083664749e+00
 7.592954990e-01  7.415853603e-01  1.081798773e+00
 7.612524462e-01  7.433959115e-01  1.079912941e+00
 7.632093933e-01  7.452096451e-01  1.078005310e+00
 7.651663405e-01  7.470266107e-01  1.076074097e+00
 7.671232877e-01  7.488468608e-01  1.074118405e+00
 7.690802348e-01  7.506704495e-01  1.072137443e+00
 7.710371820e-01  7.524974331e-01  1.070130089e+00
 7.729941292e-01  7.543278705e-01  1.068095137e+00
 7.749510763e-01  7.561618234e-01  1.066031256e+00
 7.769080235e-01  7.579993574e-01  1.063935072e+00
 7.788649706e-01  7.598405449e-01  1.061804337e+00
 7.808219178e-01  7.616854612e-01  1.059639210e+00
 7.827788650e-01  7.635341822e-01  1.057437947e+00
 7.847358121e-01  7.653867899e-01  1.055196888e+00
 7.866927593e-01  7.672433733e-01  1.052913749e+00
 7.886497065e-01  7.691040255e-01  1.050586160e+00
 7.906066536e-01  7.709688451e-01  1.048213663e+00
 7.925636008e-01  7.728379323e-01  1.045793134e+00
 7.945205479e-01  7.747113963e-01  1.043320572e+00
 7.964774951e-01  7.765893533e-01  1.040795090e+00
 7.984344423e-01  7.784719203e-01  1.038217783e+00
 8.003913894e-01  7.803592159e-01  1.035583377e+00
 8.023483366e-01  7.822513689e-01  1.032894956e+00
 8.043052838e-01  7.841484955e-01  1.030164001e+00
 8.062622309e-01  7.860506940e-01  1.027393908e+00
 8.082191781e-01  7.879580637e-01  1.024585882e+00
 8.101761252e-01  7.898707011e-01  1.021741581e+00
 8.121330724e-01  7.917886981e-01  1.018866991e+00
 8.140900196e-01  7.937121264e-01  1.015987753e+00
 8.160469667e-01  7.956410069e-01  1.013116919e+00
 8.180039139e-01  7.975753518e-01  1.010255192e+00
 8.199608611e-01  7.995151748e-01  1.007399313e+00
 8.219178082e-01  8.014604875e-01  1.004567966e+00
 8.238747554e-01  8.034112554e-01  1.001775084e+00
 8.258317025e-01  8.053674279e-01  9.990233398e-01
 8.277886497e-01  8.073289475e-01  9.963226261e-01
 8.297455969e-01  8.092957276e-01  9.936892802e-01
 8.317025440e-01  8.112676444e-01  9.911412691e-01
 8.336594912e-01  8.132445343e-01  9.887022552e-01
 8.356164384e-01  8.152261854e-01  9.863866970e-01
 8.375733855e-01  8.172123644e-01  9.841995685e-01
 8.395303327e-01  8.192028267e-01  9.821473489e-01
 8.414872798e-01  8.211973082e-01  9.802382873e-01
 8.434442270e-01  8.231955240e-01  9.784829271e-01
 8.454011742e-01  8.251971665e-01  9.768855039e-01
 8.473581213e-01  8.272019227e-01  9.754462034e-01
 8.493150685e-01  8.292094785e-01  9.741629710e-01
 8.512720157e-01  8.312195249e-01  9.730296764e-01
 8.532289628e-01  8.332317672e-01  9.720345752e-01
 8.551859100e-01  8.352459326e-01  9.711722880e-01
 8.571428571e-01  8.372617517e-01  9.704424499e-01
 8.590998043e-01  8.392789610e-01  9.698306131e-01
 8.610567515e-01  8.412973358e-01  9.693198234e-01
 8.630136986e-01  8.433166861e-01  9.688883859e-01
 8.649706458e-01  8.453368652e-01  9.685203626e-01
 8.669275930e-01  8.473577450e-01  9.682222120e-01
 8.688845401e-01  8.493791813e-01  9.679858566e-01
 8.708414873e-01  8.514010684e-01  9.677838807e-01
 8.727984344e-01  8.534233613e-01  9.675945542e-01
 8.747553816e-01  8.554460537e-01  9.673954681e-01
 8.767123288e-01  8.574691807e-01  9.671768081e-01
 8.786692759e-01  8.594927830e-01  9.669447139e-01
 8.806262231e-01  8.615168869e-01  9.666975054e-01
 8.825831703e-01  8.635415350e-01  9.664201397e-01
 8.845401174e-01  8.655668025e-01  9.661041295e-01
 8.864970646e-01  8.675927689e-01  9.657561840e-01
 8.884540117e-01  8.696194947e-01  9.653827820e-01
 8.904109589e-01  8.716470367e-01  9.649759085e-01
 8.923679061e-01  8.736754761e-01  9.645274819e-01
 8.943248532e-01  8.757049062e-01  9.640325695e-01
 8.962818004e-01  8.777354278e-01  9.634926493e-01
 8.982387476e-01  8.797671390e-01  9.629022141e-01
 9.001956947e-01  8.818001555e-01  9.622540554e-01
 9.021526419e-01  8.838346056e-01  9.615506791e-01
 9.041095890e-01  8.858706206e-01  9.607685382e-01
 9.060665362e-01  8.879084013e-01  9.598784952e-01
 9.080234834e-01  8.899481996e-01  9.588656174e-01
 9.099804305e-01  8.919902862e-01  9.577269320e-01
 9.119373777e-01  8.940349276e-01  9.564799257e-01
 9.138943249e-01  8.960823607e-01  9.551117989e-01
 9.158512720e-01  8.981328784e-01  9.535982745e-01
 9.178082192e-01  9.001868189e-01  9.519324169e-01
 9.197651663e-01  9.022445313e-01  9.501017166e-01
 9.217221135e-01  9.043064015e-01  9.480926894e-01
 9.236790607e-01  9.063728384e-01  9.459116686e-01
 9.256360078e-01  9.084442371e-01  9.435535163e-01
 9.275929550e-01  9.105210233e-01  9.410040189e-01
 9.295499022e-01  9.126036482e-01  9.382739885e-01
 9.315068493e-01  9.146925263e-01  9.353921612e-01
 9.334637965e-01  9.167880417e-01  9.323239405e-01
 9.354207436e-01  9.188906974e-01  9.290398170e-01
 9.373776908e-01  9.210010205e-01  9.255787086e-01
 9.393346380e-01  9.231194402e-01  9.219578943e-01
 9.412915851e-01  9.252464182e-01  9.181255046e-01
 9.432485323e-01  9.273825633e-01  9.140451057e-01
 9.452054795e-01  9.295285014e-01  9.097737214e-01
 9.471624266e-01  9.316846436e-01  9.055093031e-01
 9.491193738e-01  9.338510733e-01  9.010631399e-01
 9.510763209e-01  9.360285861e-01  8.963002704e-01
 9.530332681e-01  9.382181097e-01  8.909964360e-01
 9.549902153e-01  9.404206110e-01  8.856695176e-01
 9.569471624e-01  9.426339551e-01  8.842134425e-01
 9.589041096e-01  9.448481140e-01  8.834237183e-01
 9.608610568e-01  9.470663720e-01  8.806169257e-01
 9.628180039e-01  9.492949603e-01  8.751377885e-01
 9.647749511e-01  9.515411543e-01  8.668051621e-01
 9.667318982e-01  9.538126866e-01  8.560411055e-01
 9.686888454e-01  9.561172468e-01  8.413946733e-01
 9.706457926e-01  9.584678317e-01  8.226644769e-01
 9.726027397e-01  9.608758839e-01  8.026352953e-01
 9.745596869e-01  9.633447029e-01  7.827933677e-01
 9.765166341e-01  9.658759054e-01  7.636617924e-01
 9.784735812e-01  9.684695633e-01  7.456269106e-01
 9.804305284e-01  9.711243402e-01  7.289636229e-01
 9.823874755e-01  9.738376267e-01  7.138596094e-01
 9.843444227e-01  9.766056753e-01  7.004367655e-01
 9.863013699e-01  9.794237332e-01  6.887692070e-01
 9.882583170e-01  9.822861743e-01  6.788978116e-01
 9.902152642e-01  9.851866290e-01  6.708416321e-01
 9.921722114e-01  9.881181115e-01  6.646066335e-01
 9.941291585e-01  9.910731457e-01  6.601922407e-01
 9.960861057e-01  9.940438877e-01  6.575961265e-01
 9.980430528e-01  9.970222461e-01  6.571223269e-01
 1.000000000e+00  1.000000000e+00  6.572557182e-01
4  4.377896082e-01  6.936420406e-01  1.015794380e+00  7.572472664e-01  9.548144486e-01  4.739687787e+01  4.299591242e-01  9.927446702e-01  3.833876081e-01  2.736988840e+00
5  5.704838621e-01  9.954643730e-01  1.009120312e+00  6.229915726e-01  9.277391124e-01  2.894285980e+01  3.779886508e-01  1.056179940e+00  5.600459953e-01  2.834510506e+00
6  6.737115748e-01  1.194362548e+00  1.005333815e+00  5.326151745e-01  9.048275002e-01  2.159813032e+01  3.499266007e-01  1.142087733e+00  6.836600006e-01  2.779040095e+00
7  7.615464410e-01  1.329240195e+00  1.002720003e+00  4.676955530e-01  8.907292889e-01  1.765950322e+01  3.318875073e-01  1.236057688e+00  7.806745953e-01  2.685590520e+00
8  8.361287812e-01  1.600984250e+00  1.000918992e+00  4.184422820e-01  8.955130516e-01  1.576617494e+01  3.205896634e-01  1.357566972e+00  8.560431576e-01  2.575395185e+00
9  8.894511862e-01  2.360194800e+00  9.999434671e-01  3.789436667e-01  9.382766820e-01  1.591323055e+01  3.151379432e-01  1.542189966e+00  9.075468495e-01  2.432858332e+00
10  9.226655864e-01  3.302243957e+00  9.994812984e-01  3.460011493e-01  1.044478479e+00  1.861584501e+01  3.137783420e-01  1.866907790e+00  9.389160283e-01  2.270286981e+00
11  9.552680343e-01  2.132251006e+00  9.994759180e-01  3.198731177e-01  1.220978853e+00  2.383168434e+01  3.158002718e-01  2.280617352e+00  9.679716410e-01  2.136813694e+00
12  9.831939102e-01  5.550024925e+00  9.998501433e-01  2.979718639e-01  1.478602370e+00  3.278025934e+01  3.208026451e-01  3.106740061e+00  9.888733230e-01  2.016761819e+00
13  9.925620914e-01  1.302373050e+01  9.999640664e-01  2.774442190e-01  1.733647968e+00  4.281282890e+01  3.256064385e-01  5.197573865e+00  9.951109518e-01  1.879578591e+00
0 0 -1.230326208e-01 -2.879383787e-18
0 1  1.338387753e-02 -5.641416241e-03
0 2 -1.475014326e-02  6.866945228e-03
0 3  3.505459498e-03 -8.015615047e-03
0 4  5.743610172e-04  6.780354320e-03
0 5 -5.566118960e-03 -2.045048192e-03
0 6  2.154731571e-03 -4.090042872e-03
0 7  3.783784139e-03  9.294216905e-04
0 8  1.777090942e-03  3.029772189e-03
0 9  1.636940392e-04  3.254704207e-03
1 0 -1.087831621e-01 -4.585301203e-02
1 1 -9.479454663e-02 -3.246015503e-17
1 2  8.924568554e-03 -8.138450933e-03
1 3 -1.295088555e-02  9.850935292e-03
1 4 -2.014598216e-03 -9.691131675e-03
1 5  5.316349118e-03  3.865712426e-03
1 6 -4.927339417e-03  4.778990963e-03
1 7 -5.524742124e-03 -2.206544093e-03
1 8 -2.190945019e-03 -4.444043462e-03
1 9  3.363363208e-05 -4.354712214e-03
2 0  1.198880685e-01  5.581402058e-02
2 1 -9.414643428e-02 -8.585357726e-02
2 2 -7.562284101e-02 -1.325323108e-17
2 3  4.276891905e-03 -1.001750638e-02
2 4 -7.910786997e-03  1.085948460e-02
2 5 -8.536700504e-03 -6.653495482e-03
2 6  4.408929587e-03 -4.027724298e-03
2 7  3.509328746e-03  3.916414838e-03
2 8 -3.927377450e-04  5.267111622e-03
2 9 -2.573268658e-03  4.452509728e-03
3 0 -2.849211433e-02 -6.515032351e-02
3 1  1.366205758e-01  1.039187975e-01
3 2 -5.655555713e-02 -1.324666760e-01
3 3 -6.218787132e-02  4.831528969e-17
3 4 -7.027370213e-05 -1.167277443e-02
3 5 -2.297839899e-03  9.599282073e-03
3 6 -1.166556153e-02  8.023808377e-04
3 7 -5.078131505e-03 -6.387933287e-03
3 8  3.815003087e-04 -5.547768725e-03
3 9  2.478844392e-03 -3.631532352e-03
4 0 -4.668363671e-03  5.511021611e-02
4 1  2.125225858e-02 -1.022330083e-01
4 2  1.046084343e-01  1.436005902e-01
4 3  1.130022634e-03 -1.877017847e-01
4 4 -5.219948119e-02 -2.243604805e-17
4 5 -5.069317879e-03 -1.311678985e-02
4 6  2.142052214e-03  4.486642942e-03
4 7 -5.967713570e-03  7.127228019e-03
4 8 -8.460868230e-03  3.073927434e-03
4 9 -8.287472745e-03  1.442351902e-04
5 0  4.524100133e-02 -1.662199975e-02
5 1 -5.608285821e-02  4.077990310e-02
5 2  1.128852128e-01 -8.798261733e-02
5 3  3.694996870e-02  1.543593931e-01
5 4  9.711433453e-02 -2.512819965e-01
5 5 -4.373853195e-02  5.477014627e-18
5 6 -1.054217768e-02 -1.298206658e-02
5 7  1.761897619e-03 -3.886711586e-03
5 8  1.853963342e-03  2.158914643e-03
5 9  1.120517654e-04  4.155472891e-03
6 0 -1.751349811e-02 -3.324356455e-02
6 1  5.197914429e-02  5.041419715e-02
6 2 -5.830155980e-02 -5.326068479e-02
6 3  1.875857990e-01  1.290252939e-02
6 4 -4.103589088e-02  8.595186847e-02
6 5  2.410272410e-01 -2.968107526e-01
6 6 -3.590248962e-02 -4.118463522e-17
6 7 -1.279868564e-02 -9.059101106e-03
6 8 -4.104904712e-03 -7.607763113e-03
6 9 -9.311014259e-04 -5.594984338e-03
7 0 -3.075431633e-02  7.554270441e-03
7 1  5.828122314e-02 -2.327712059e-02
7 2 -4.640567187e-02  5.178878214e-02
7 3  8.165790848e-02 -1.027199219e-01
7 4  1.143251510e-01  1.365382923e-01
7 5 -4.028250469e-02 -8.886241519e-02
7 6  3.564846275e-01 -2.523251508e-01
7 7 -3.080352753e-02  1.511759552e-17
7 8 -1.386900225e-02 -5.027778234e-03
7 9 -9.582461460e-03 -6.525654894e-03
8 0 -1.444406313e-02  2.462576322e-02
8 1  2.311256393e-02 -4.688079241e-02
8 2  5.193374644e-03  6.964974538e-02
8 3 -6.134641701e-03 -8.920981868e-02
8 4  1.620872092e-01  5.888808401e-02
8 5 -4.238741583e-02  4.935955887e-02
8 6  1.143348207e-01 -2.119007120e-01
8 7  4.502407146e-01 -1.632208593e-01
8 8 -2.581977688e-02 -3.752049618e-17
8 9 -1.454378550e-02 -2.870961648e-03
9 0 -1.330492987e-03  2.645399396e-02
9 1 -3.548055587e-04 -4.593842546e-02
9 2  3.402766445e-02  5.887784258e-02
9 3 -3.986057634e-02 -5.839615144e-02
9 4  1.587654236e-01  2.763153712e-03
9 5 -2.561854739e-03  9.500714143e-02
9 6  2.593417437e-02 -1.558383387e-01
9 7  3.110832501e-01 -2.118476492e-01
9 8  5.632808359e-01 -1.111923493e-01
9 9 -1.853411910e-02 -1.802532677e-17
0 0 -8.504553192e+00  4.260695665e-15
0 1 -8.386592127e-01  5.138951915e-01
0 2  1.330438978e+00 -5.074126928e-01
0 3 -1.787726174e-01  4.107821382e-01
0 4  8.695531595e-03 -2.956643268e-01
0 5  2.165155675e-01  9.124524732e-02
0 6 -7.623722259e-02  1.385503308e-01
0 7 -1.039645240e-01 -2.118966066e-02
0 8 -4.581146420e-02 -7.812840700e-02
0 9  5.963735577e-02 -1.051151324e-01
1 0 -8.386592127e-01 -5.138951915e-01
1 1 -1.130478735e+01 -1.558530621e-15
1 2 -7.243561050e-01  1.214270414e+00
1 3  1.978335972e+00 -1.227425419e+00
1 4  1.547585341e-01  8.085202876e-01
1 5 -3.452184057e-01 -3.157100238e-01
1 6  3.134671898e-01 -2.714589997e-01
1 7  2.543957465e-01  1.086987265e-01
1 8  7.759209800e-02  1.909861078e-01
1 9 -1.400453298e-01  1.973073791e-01
2 0  1.330438978e+00  5.074126928e-01
2 1 -7.243561050e-01 -1.214270414e+00
2 2 -1.439312633e+01  2.453517281e-16
2 3 -1.899386739e-01  2.270056317e+00
2 4  2.034969896e+00 -2.135465944e+00
2 5  1.110554126e+00  9.227550814e-01
2 6 -5.064622172e-01  3.426047424e-01
2 7 -2.566566982e-01 -3.423058595e-01
2 8  4.768239314e-02 -3.524533582e-01
2 9  4.343040755e-01 -2.563202565e-01
3 0 -1.787726174e-01 -4.107821382e-01
3 1  1.978335972e+00  1.227425419e+00
3 2 -1.899386739e-01 -2.270056317e+00
3 3 -1.795341697e+01 -1.290187599e-14
3 4  9.667925462e-01  3.793688345e+00
3 5  1.333378855e+00 -3.091948878e+00
3 6  2.305462195e+00 -2.552460986e-02
3 7  5.504712489e-01  8.469158253e-01
3 8 -1.659586143e-01  5.042855180e-01
3 9 -6.049190909e-01 -2.513440114e-02
4 0  8.695531595e-03  2.956643268e-01
4 1  1.547585341e-01 -8.085202876e-01
4 2  2.034969896e+00  2.135465944e+00
4 3  9.667925462e-01 -3.793688345e+00
4 4 -2.233295672e+01  3.066056436e-14
4 5  3.529386654e+00  6.336263061e+00
4 6 -1.051287624e-01 -3.176879191e+00
4 7  1.828254326e+00 -1.870454313e+00
4 8  1.483562986e+00 -4.304422035e-01
4 9  1.478646172e+00  5.840806725e-01
5 0  2.165155675e-01 -9.124524732e-02
5 1 -3.452184057e-01  3.157100238e-01
5 2  1.110554126e+00 -9.227550814e-01
5 3  1.333378855e+00  3.091948878e+00
5 4  3.529386654e+00 -6.336263061e+00
5 5 -2.773060955e+01  5.685755865e-15
5 6  8.059524301e+00  8.636175560e+00
5 7 -1.046165465e+00 -6.011471852e-01
5 8 -3.013458770e-01 -1.723039688e+00
5 9  1.344623218e+00 -2.931349985e+00
6 0 -7.623722259e-02 -1.385503308e-01
6 1  3.134671898e-01  2.714589997e-01
6 2 -5.064622172e-01 -3.426047424e-01
6 3  2.305462195e+00  2.552460986e-02
6 4 -1.051287624e-01  3.176879191e+00
6 5  8.059524301e+00 -8.636175560e+00
6 6 -3.416268547e+01  1.170689754e-14
6 7  1.158130100e+01  7.451658176e+00
6 8  6.649321784e-01  2.022289435e+00
6 9 -1.307882575e+00 -1.090638619e+00
7 0 -1.039645240e-01  2.118966066e-02
7 1  2.543957465e-01 -1.086987265e-01
7 2 -2.566566982e-01  3.423058595e-01
7 3  5.504712489e-01 -8.469158253e-01
7 4  1.828254326e+00  1.870454313e+00
7 5 -1.046165465e+00  6.011471852e-01
7 6  1.158130100e+01 -7.451658176e+00
7 7 -4.191858368e+01  1.576444487e-14
7 8  1.472058347e+01  4.652511804e+00
7 9  4.080053356e+00  3.768463121e+00
8 0 -4.581146420e-02  7.812840700e-02
8 1  7.759209800e-02 -1.909861078e-01
8 2  4.768239314e-02  3.524533582e-01
8 3 -1.659586143e-01 -5.042855180e-01
8 4  1.483562986e+00  4.304422035e-01
8 5 -3.013458770e-01  1.723039688e+00
8 6  6.649321784e-01 -2.022289435e+00
8 7  1.472058347e+01 -4.652511804e+00
8 8 -5.651606615e+01  9.491699422e-14
8 9  3.039156233e+01  5.999332833e+00
9 0  5.963735577e-02  1.051151324e-01
9 1 -1.400453298e-01 -1.973073791e-01
9 2  4.343040755e-01  2.563202565e-01
9 3 -6.049190909e-01  2.513440114e-02
9 4  1.478646172e+00 -5.840806725e-01
9 5  1.344623218e+00  2.931349985e+00
9 6 -1.307882575e+00  1.090638619e+00
9 7  4.080053356e+00 -3.768463121e+00
9 8  3.039156233e+01 -5.999332833e+00
9 9 -5.395454699e+01  5.247340512e-14
0  5.486069556e-02 -1.615937709e-03 -1.423983585e-01 -2.113906086e-02
1  9.410448642e-02 -2.328337557e-03  1.681943541e-01  6.063977632e-02
2  1.319826172e-01 -4.631656975e-03 -1.526555294e-01 -1.188144118e-01
3  1.788633431e-01 -6.315920943e-03  8.221807923e-02  1.830519689e-01
4  2.287366285e-01 -1.072339259e-02  5.910488808e-02 -1.934846121e-01
5  2.668521915e-01 -1.327866542e-02 -1.919133649e-01  4.880039358e-02
6  2.868367964e-01 -1.514471260e-02  7.615971140e-02  1.735244369e-01
7  3.093788213e-01 -1.817620166e-02  1.793833126e-01 -2.064769438e-02
8  3.216284994e-01 -2.041991445e-02  1.068040395e-01 -1.319586296e-01
9  3.053367963e-01 -2.456854249e-02  3.247012941e-02 -1.548725310e-01
