 1.695500020e+00 -1.806186640e+00  8.567887147e-01  3.483634708e+00  9.367175626e-01  4.412475403e+00  9.957274388e-01  9.571612570e-01  5.792479930e+00 512 3 10
 0.000000000e+00  0.000000000e+00  1.189386947e-05
 1.956947162e-03  2.980079942e-02  1.313299262e-01
 3.913894325e-03  4.214581270e-02  1.857113438e-01
 5.870841487e-03  5.161931707e-02  2.274278314e-01
 7.827788650e-03  5.960661827e-02  2.625847621e-01
 9.784735812e-03  6.664430071e-02  2.935471525e-01
 1.174168297e-02  7.300755866e-02  3.215278596e-01
 1.369863014e-02  7.885987194e-02  3.472473094e-01
 1.565557730e-02  8.430775860e-02  3.711748413e-01
 1.761252446e-02  8.942520811e-02  3.936364106e-01
 1.956947162e-02  9.426609338e-02  4.148691786e-01
 2.152641879e-02  9.887108555e-02  4.350524625e-01
 2.348336595e-02  1.032717767e-01  4.543280155e-01
 2.544031311e-02  1.074932735e-01  4.728039580e-01
 2.739726027e-02  1.115559660e-01  4.905679452e-01
 2.935420744e-02  1.154766677e-01  5.076931102e-01
 3.131115460e-02  1.192694354e-01  5.242401684e-01
 3.326810176e-02  1.229461675e-01  5.402598749e-01
 3.522504892e-02  1.265170425e-01  5.557971420e-01
 3.718199609e-02  1.299908380e-01  5.708905291e-01
 3.913894325e-02  1.333751915e-01  5.855733468e-01
 4.109589041e-02  1.366767978e-01  5.998746747e-01
 4.305283757e-02  1.399015648e-01  6.138200023e-01
 4.500978474e-02  1.430547381e-01  6.274318679e-01
 4.696673190e-02  1.461410011e-01  6.407303713e-01
 4.892367906e-02  1.491645552e-01  6.537337244e-01
 5.088062622e-02  1.521291861e-01  6.664584062e-01
 5.283757339e-02  1.550383191e-01  6.789191775e-01
 5.479452055e-02  1.578950665e-01  6.911292541e-01
 5.675146771e-02  1.607022666e-01  7.031005819e-01
 5.870841487e-02  1.634625164e-01  7.148442925e-01
 6.066536204e-02  1.661781986e-01  7.263708579e-01
 6.262230920e-02  1.688515052e-01  7.376895877e-01
 6.457925636e-02  1.714844597e-01  7.488085122e-01
 6.653620352e-02  1.740789364e-01  7.597352340e-01
 6.849315068e-02  1.766366735e-01  7.704776171e-01
 7.045009785e-02  1.791592843e-01  7.810428913e-01
 7.240704501e-02  1.816482714e-01  7.914369793e-01
 7.436399217e-02  1.841050387e-01  8.016653951e-01
 7.632093933e-02  1.865308998e-01  8.117336402e-01
 7.827788650e-02  1.889270849e-01  8.216468397e-01
 8.023483366e-02  1.912947485e-01  8.314097285e-01
 8.219178082e-02  1.936349761e-01  8.410267082e-01
 8.414872798e-02  1.959487896e-01  8.505018515e-01
 8.610567515e-02  1.982371531e-01  8.598391284e-01
 8.806262231e-02  2.005009762e-01  8.690423025e-01
 9.001956947e-02  2.027411193e-01  8.781147359e-01
 9.197651663e-02  2.049583969e-01  8.870596716e-01
 9.393346380e-02  2.071535812e-01  8.958803095e-01
 9.589041096e-02  2.093274047e-01  9.045793796e-01
 9.784735812e-02  2.114805640e-01  9.131595292e-01
 9.980430528e-02  2.136137218e-01  9.216234966e-01
 1.017612524e-01  2.157275083e-01  9.299740200e-01
 1.037181996e-01  2.178225241e-01  9.382131533e-01
 1.056751468e-01  2.198993432e-01  9.463423265e-01
 1.076320939e-01  2.219585149e-01  9.543645857e-01
 1.095890411e-01  2.240005616e-01  9.622818530e-01
 1.115459883e-01  2.260259844e-01  9.700954303e-01
 1.135029354e-01  2.280352638e-01  9.778077622e-01
 1.154598826e-01  2.300288588e-01  9.854201147e-01
 1.174168297e-01  2.320072108e-01  9.929342415e-01
 1.193737769e-01  2.339707430e-01  1.000351855e+00
 1.213307241e-01  2.359198620e-01  1.007673736e+00
 1.232876712e-01  2.378549594e-01  1.014902469e+00
 1.252446184e-01  2.397764097e-01  1.022038584e+00
 1.272015656e-01  2.416845758e-01  1.029083116e+00
 1.291585127e-01  2.435798069e-01  1.036037803e+00
 1.311154599e-01  2.454624385e-01  1.042903737e+00
 1.330724070e-01  2.473327948e-01  1.049682305e+00
 1.350293542e-01  2.491911881e-01  1.056374016e+00
 1.369863014e-01  2.510379212e-01  1.062979690e+00
 1.389432485e-01  2.528732865e-01  1.069501334e+00
 1.409001957e-01  2.546975648e-01  1.075939351e+00
 1.428571429e-01  2.565110295e-01  1.082294381e+00
 1.448140900e-01  2.583139451e-01  1.088567764e+00
 1.467710372e-01  2.601065668e-01  1.094760042e+00
 1.487279843e-01  2.618891427e-01  1.100872284e+00
 1.506849315e-01  2.636619125e-01  1.106904911e+00
 1.526418787e-01  2.654251097e-01  1.112858584e+00
 1.545988258e-01  2.671789602e-01  1.118734919e+00
 1.565557730e-01  2.689236824e-01  1.124533744e+00
 1.585127202e-01  2.706594900e-01  1.130255817e+00
 1.604696673e-01  2.723865899e-01  1.135902050e+00
 1.624266145e-01  2.741051829e-01  1.141472815e+00
 1.643835616e-01  2.758154649e-01  1.146969324e+00
 1.663405088e-01  2.775176251e-01  1.152391557e+00
 1.682974560e-01  2.792118492e-01  1.157739973e+00
 1.702544031e-01  2.808983175e-01  1.163015872e+00
 1.722113503e-01  2.825772047e-01  1.168219255e+00
 1.741682975e-01  2.842486820e-01  1.173350537e+00
 1.761252446e-01  2.859129160e-01  1.178410604e+00
 1.780821918e-01  2.875700689e-01  1.183399525e+00
 1.800391389e-01  2.892202994e-01  1.188318292e+00
 1.819960861e-01  2.908637614e-01  1.193167104e+00
 1.839530333e-01  2.925006059e-01  1.197946308e+00
 1.859099804e-01  2.941309800e-01  1.202656551e+00
 1.878669276e-01  2.957550275e-01  1.207298143e+00
 1.898238748e-01  2.973728886e-01  1.211871821e+00
 1.917808219e-01  2.989847002e-01  1.216377728e+00
 1.937377691e-01  3.005905966e-01  1.220815953e+00
 1.956947162e-01  3.021907092e-01  1.225187413e+00
 1.976516634e-01  3.037851659e-01  1.229492700e+00
 1.996086106e-01  3.053740916e-01  1.233731727e+00
 2.015655577e-01  3.069576094e-01  1.237905133e+00
 2.035225049e-01  3.085358393e-01  1.242012919e+00
 2.054794521e-01  3.101088991e-01  1.246055832e+00
 2.074363992e-01  3.116769037e-01  1.250034563e+00
 2.093933464e-01  3.132399655e-01  1.253948746e+00
 2.113502935e-01  3.147981955e-01  1.257799156e+00
 2.133072407e-01  3.163517017e-01  1.261586370e+00
 2.152641879e-01  3.179005901e-01  1.265310265e+00
 2.172211350e-01  3.194449650e-01  1.268971479e+00
 2.191780822e-01  3.209849283e-01  1.272570288e+00
 2.211350294e-01  3.225205801e-01  1.276107218e+00
 2.230919765e-01  3.240520183e-01  1.279582714e+00
 2.250489237e-01  3.255793392e-01  1.282996704e+00
 2.270058708e-01  3.271026376e-01  1.286349625e+00
 2.289628180e-01  3.286220063e-01  1.289642141e+00
 2.309197652e-01  3.301375362e-01  1.292874452e+00
 2.328767123e-01  3.316493168e-01  1.296047115e+00
 2.348336595e-01  3.331574358e-01  1.299160209e+00
 2.367906067e-01  3.346619795e-01  1.302213946e+00
 2.387475538e-01  3.361630331e-01  1.305208983e+00
 2.407045010e-01  3.376606796e-01  1.308145786e+00
 2.426614481e-01  3.391550007e-01  1.311024574e+00
 2.446183953e-01  3.406460769e-01  1.313845717e+00
 2.465753425e-01  3.421339873e-01  1.316609379e+00
 2.485322896e-01  3.436188098e-01  1.319316098e+00
 2.504892368e-01  3.451006209e-01  1.321966507e+00
 2.524461840e-01  3.465794955e-01  1.324560745e+00
 2.544031311e-01  3.480555074e-01  1.327099224e+00
 2.563600783e-01  3.495287296e-01  1.329582212e+00
 2.583170254e-01  3.509992334e-01  1.332010215e+00
 2.602739726e-01  3.524670894e-01  1.334383602e+00
 2.622309198e-01  3.539323666e-01  1.336702793e+00
 2.641878669e-01  3.553951333e-01  1.338968162e+00
 2.661448141e-01  3.568554563e-01  1.341180167e+00
 2.681017613e-01  3.583134016e-01  1.343339175e+00
 2.700587084e-01  3.597690340e-01  1.345445532e+00
 2.720156556e-01  3.612224177e-01  1.347499704e+00
 2.739726027e-01  3.626736152e-01  1.349502109e+00
 2.759295499e-01  3.641226887e-01  1.351453235e+00
 2.778864971e-01  3.655696988e-01  1.353353496e+00
 2.798434442e-01  3.670147055e-01  1.355203281e+00
 2.818003914e-01  3.684577679e-01  1.357003022e+00
 2.837573386e-01  3.698989440e-01  1.358753192e+00
 2.857142857e-01  3.713382910e-01  1.360454303e+00
 2.876712329e-01  3.727758650e-01  1.362106765e+00
 2.896281800e-01  3.742117216e-01  1.363711035e+00
 2.915851272e-01  3.756459150e-01  1.365267623e+00
 2.935420744e-01  3.770784990e-01  1.366776950e+00
 2.954990215e-01  3.785095265e-01  1.368239513e+00
 2.974559687e-01  3.799390492e-01  1.369655740e+00
 2.994129159e-01  3.813671185e-01  1.371026202e+00
 3.013698630e-01  3.827937846e-01  1.372351412e+00
 3.033268102e-01  3.842190971e-01  1.373631810e+00
 3.052837573e-01  3.856431045e-01  1.374867778e+00
 3.072407045e-01  3.870658553e-01  1.376059756e+00
 3.091976517e-01  3.884873966e-01  1.377208284e+00
 3.111545988e-01  3.899077750e-01  1.378313889e+00
 3.131115460e-01  3.913270365e-01  1.379376974e+00
 3.150684932e-01  3.927452263e-01  1.380398003e+00
 3.170254403e-01  3.941623889e-01  1.381377217e+00
 3.189823875e-01  3.955785685e-01  1.382315105e+00
 3.209393346e-01  3.969938085e-01  1.383212184e+00
 3.228962818e-01  3.984081516e-01  1.384068909e+00
 3.248532290e-01  3.998216399e-01  1.384885684e+00
 3.268101761e-01  4.012343151e-01  1.385662829e+00
 3.287671233e-01  4.026462182e-01  1.386400565e+00
 3.307240705e-01  4.040573901e-01  1.387099469e+00
 3.326810176e-01  4.054678707e-01  1.387760046e+00
 3.346379648e-01  4.068776993e-01  1.388382666e+00
 3.365949119e-01  4.082869149e-01  1.388967659e+00
 3.385518591e-01  4.096955561e-01  1.389515267e+00
 3.405088063e-01  4.111036611e-01  1.390025801e+00
 3.424657534e-01  4.125112676e-01  1.390499815e+00
 3.444227006e-01  4.139184125e-01  1.390937701e+00
 3.463796477e-01  4.153251327e-01  1.391339816e+00
 3.483365949e-01  4.167314643e-01  1.391706525e+00
 3.502935421e-01  4.181374432e-01  1.392037968e+00
 3.522504892e-01  4.195431051e-01  1.392334506e+00
 3.542074364e-01  4.209484850e-01  1.392596660e+00
 3.561643836e-01  4.223536175e-01  1.392824781e+00
 3.581213307e-01  4.237585370e-01  1.393019172e+00
 3.600782779e-01  4.251632773e-01  1.393180162e+00
 3.620352250e-01  4.265678721e-01  1.393307781e+00
 3.639921722e-01  4.279723548e-01  1.393402621e+00
 3.659491194e-01  4.293767583e-01  1.393465080e+00
 3.679060665e-01  4.307811150e-01  1.393495437e+00
 3.698630137e-01  4.321854572e-01  1.393493946e+00
 3.718199609e-01  4.335898169e-01  1.393460821e+00
 3.737769080e-01  4.349942258e-01  1.393396315e+00
 3.757338552e-01  4.363987153e-01  1.393300932e+00
 3.776908023e-01  4.378033164e-01  1.393174963e+00
 3.796477495e-01  4.392080598e-01  1.393018684e+00
 3.816046967e-01  4.406129760e-01  1.392832405e+00
 3.835616438e-01  4.420180952e-01  1.392616159e+00
 3.855185910e-01  4.434234476e-01  1.392370349e+00
 3.874755382e-01  4.448290628e-01  1.392095408e+00
 3.894324853e-01  4.462349703e-01  1.391791611e+00
 3.913894325e-01  4.476411991e-01  1.391459213e+00
 3.933463796e-01  4.490477783e-01  1.391098395e+00
 3.953033268e-01  4.504547367e-01  1.390709268e+00
 3.972602740e-01  4.518621030e-01  1.390292308e+00
 3.992172211e-01  4.532699054e-01  1.389847854e+00
 4.011741683e-01  4.546781718e-01  1.389376124e+00
 4.031311155e-01  4.560869302e-01  1.388877343e+00
 4.050880626e-01  4.574962083e-01  1.388351657e+00
 4.070450098e-01  4.589060337e-01  1.387799283e+00
 4.090019569e-01  4.603164337e-01  1.387220664e+00
 4.109589041e-01  4.617274354e-01  1.386616031e+00
 4.129158513e-01  4.631390656e-01  1.385985620e+00
 4.148727984e-01  4.645513512e-01  1.385329611e+00
 4.168297456e-01  4.659643186e-01  1.384648182e+00
 4.187866928e-01  4.673779944e-01  1.383941560e+00
 4.207436399e-01  4.687924050e-01  1.383210115e+00
 4.227005871e-01  4.702075762e-01  1.382454102e+00
 4.246575342e-01  4.716235342e-01  1.381673732e+00
 4.266144814e-01  4.730403045e-01  1.380869105e+00
 4.285714286e-01  4.744579129e-01  1.380040425e+00
 4.305283757e-01  4.758763851e-01  1.379187981e+00
 4.324853229e-01  4.772957464e-01  1.378312090e+00
 4.344422701e-01  4.787160220e-01  1.377412970e+00
 4.363992172e-01  4.801372369e-01  1.376490720e+00
 4.383561644e-01  4.815594162e-01  1.375545552e+00
 4.403131115e-01  4.829825848e-01  1.374577688e+00
 4.422700587e-01  4.844067675e-01  1.373587365e+00
 4.442270059e-01  4.858319889e-01  1.372574854e+00
 4.461839530e-01  4.872582735e-01  1.371540321e+00
 4.481409002e-01  4.886856457e-01  1.370483892e+00
 4.500978474e-01  4.901141300e-01  1.369405853e+00
 4.520547945e-01  4.915437504e-01  1.368306330e+00
 4.540117417e-01  4.929745313e-01  1.367185549e+00
 4.559686888e-01  4.944064966e-01  1.366043792e+00
 4.579256360e-01  4.958396702e-01  1.364881173e+00
 4.598825832e-01  4.972740760e-01  1.363697849e+00
 4.618395303e-01  4.987097378e-01  1.362494103e+00
 4.637964775e-01  5.001466793e-01  1.361269992e+00
 4.657534247e-01  5.015849242e-01  1.360025813e+00
 4.677103718e-01  5.030244959e-01  1.358761776e+00
 4.696673190e-01  5.044654180e-01  1.357477940e+00
 4.716242661e-01  5.059077139e-01  1.356174562e+00
 4.735812133e-01  5.073514069e-01  1.354851873e+00
 4.755381605e-01  5.087965203e-01  1.353509923e+00
 4.774951076e-01  5.102430774e-01  1.352148991e+00
 4.794520548e-01  5.116911013e-01  1.350769192e+00
 4.814090020e-01  5.131406151e-01  1.349370683e+00
 4.833659491e-01  5.145916420e-01  1.347953742e+00
 4.853228963e-01  5.160442048e-01  1.346518535e+00
 4.872798434e-01  5.174983266e-01  1.345065076e+00
 4.892367906e-01  5.189540302e-01  1.343593653e+00
 4.911937378e-01  5.204113386e-01  1.342104304e+00
 4.931506849e-01  5.218702748e-01  1.340597343e+00
 4.951076321e-01  5.233308614e-01  1.339072962e+00
 4.970645793e-01  5.247931211e-01  1.337531253e+00
 4.990215264e-01  5.262570767e-01  1.335972282e+00
 5.009784736e-01  5.277227510e-01  1.334396208e+00
 5.029354207e-01  5.291901668e-01  1.332803280e+00
 5.048923679e-01  5.306593467e-01  1.331193729e+00
 5.068493151e-01  5.321303131e-01  1.329567690e+00
 5.088062622e-01  5.336030887e-01  1.327925249e+00
 5.107632094e-01  5.350776961e-01  1.326266518e+00
 5.127201566e-01  5.365541578e-01  1.324591703e+00
 5.146771037e-01  5.380324964e-01  1.322901219e+00
 5.166340509e-01  5.395127340e-01  1.321195237e+00
 5.185909980e-01  5.409948928e-01  1.319473989e+00
 5.205479452e-01  5.424789949e-01  1.317737617e+00
 5.225048924e-01  5.439650623e-01  1.315986086e+00
 5.244618395e-01  5.454531173e-01  1.314220044e+00
 5.264187867e-01  5.469431813e-01  1.312439771e+00
 5.283757339e-01  5.484352759e-01  1.310645546e+00
 5.303326810e-01  5.499294223e-01  1.308837716e+00
 5.322896282e-01  5.514256418e-01  1.307016166e+00
 5.342465753e-01  5.529239556e-01  1.305181198e+00
 5.362035225e-01  5.544243849e-01  1.303333475e+00
 5.381604697e-01  5.559269500e-01  1.301473335e+00
 5.401174168e-01  5.574316712e-01  1.299601106e+00
 5.420743640e-01  5.589385687e-01  1.297716930e+00
 5.440313112e-01  5.604476625e-01  1.295820925e+00
 5.459882583e-01  5.619589727e-01  1.293913413e+00
 5.479452055e-01  5.634725190e-01  1.291995198e+00
 5.499021526e-01  5.649883202e-01  1.290066593e+00
 5.518590998e-01  5.665063952e-01  1.288127825e+00
 5.538160470e-01  5.680267628e-01  1.286178930e+00
 5.557729941e-01  5.695494416e-01  1.284220371e+00
 5.577299413e-01  5.710744499e-01  1.282252564e+00
 5.596868885e-01  5.726018056e-01  1.280276206e+00
 5.616438356e-01  5.741315259e-01  1.278291593e+00
 5.636007828e-01  5.756636279e-01  1.276298622e+00
 5.655577299e-01  5.771981290e-01  1.274297877e+00
 5.675146771e-01  5.787350457e-01  1.272289898e+00
 5.694716243e-01  5.802743941e-01  1.270274872e+00
 5.714285714e-01  5.818161904e-01  1.268253545e+00
 5.733855186e-01  5.833604497e-01  1.266225968e+00
 5.753424658e-01  5.849071874e-01  1.264192316e+00
 5.772994129e-01  5.864564186e-01  1.262153582e+00
 5.792563601e-01  5.880081572e-01  1.260110070e+00
 5.812133072e-01  5.895624171e-01  1.258062061e+00
 5.831702544e-01  5.911192118e-01  1.256010059e+00
 5.851272016e-01  5.926785543e-01  1.253954291e+00
 5.870841487e-01  5.942404572e-01  1.251895683e+00
 5.890410959e-01  5.958049321e-01  1.249834770e+00
 5.909980431e-01  5.973719902e-01  1.247771938e+00
 5.929549902e-01  5.989416423e-01  1.245707038e+00
 5.949119374e-01  6.005138995e-01  1.243640563e+00
 5.968688845e-01  6.020887720e-01  1.241573412e+00
 5.988258317e-01  6.036662689e-01  1.239506094e+00
 6.007827789e-01  6.052463989e-01  1.237438880e+00
 6.027397260e-01  6.068291708e-01  1.235371988e+00
 6.046966732e-01  6.084145927e-01  1.233305111e+00
 6.066536204e-01  6.100026736e-01  1.231239160e+00
 6.086105675e-01  6.115934204e-01  1.229174853e+00
 6.105675147e-01  6.131868397e-01  1.227112432e+00
 6.125244618e-01  6.147829381e-01  1.225052190e+00
 6.144814090e-01  6.163817215e-01  1.222994032e+00
 6.164383562e-01  6.179831963e-01  1.220938116e+00
 6.183953033e-01  6.195873682e-01  1.218885245e+00
 6.203522505e-01  6.211942418e-01  1.216835893e+00
 6.223091977e-01  6.228038216e-01  1.214790317e+00
 6.242661448e-01  6.244161114e-01  1.212748507e+00
 6.262230920e-01  6.260311154e-01  1.210710654e+00
 6.281800391e-01  6.276488372e-01  1.208677214e+00
 6.301369863e-01  6.292692797e-01  1.206648439e+00
 6.320939335e-01  6.308924457e-01  1.204624816e+00
 6.340508806e-01  6.325183371e-01  1.202606400e+00
 6.360078278e-01  6.341469561e-01  1.200593379e+00
 6.379647750e-01  6.357783041e-01  1.198586194e+00
 6.399217221e-01  6.374123822e-01  1.196585074e+00
 6.418786693e-01  6.390491911e-01  1.194590102e+00
 6.438356164e-01  6.406887314e-01  1.192601569e+00
 6.457925636e-01  6.423310033e-01  1.190619534e+00
 6.477495108e-01  6.439760065e-01  1.188644521e+00
 6.497064579e-01  6.456237404e-01  1.186676759e+00
 6.516634051e-01  6.472742036e-01  1.184716430e+00
 6.536203523e-01  6.489273949e-01  1.182763497e+00
 6.555772994e-01  6.505833129e-01  1.180818031e+00
 6.575342466e-01  6.522419558e-01  1.178880597e+00
 6.594911937e-01  6.539033211e-01  1.176951373e+00
 6.614481409e-01  6.555674060e-01  1.175030504e+00
 6.634050881e-01  6.572342075e-01  1.173118118e+00
 6.653620352e-01  6.589037223e-01  1.171214190e+00
 6.673189824e-01  6.605759471e-01  1.169318969e+00
 6.692759295e-01  6.622508780e-01  1.167432783e+00
 6.712328767e-01  6.639285106e-01  1.165555780e+00
 6.731898239e-01  6.656088404e-01  1.163688014e+00
 6.751467710e-01  6.672918627e-01  1.161829506e+00
 6.771037182e-01  6.689775725e-01  1.159980487e+00
 6.790606654e-01  6.706659645e-01  1.158141015e+00
 6.810176125e-01  6.723570333e-01  1.156311148e+00
 6.829745597e-01  6.740507732e-01  1.154491001e+00
 6.849315068e-01  6.757471784e-01  1.152680586e+00
 6.868884540e-01  6.774462429e-01  1.150879952e+00
 6.888454012e-01  6.791479606e-01  1.149089114e+00
 6.908023483e-01  6.808523251e-01  1.147308028e+00
 6.927592955e-01  6.825593304e-01  1.145536632e+00
 6.947162427e-01  6.842689700e-01  1.143775157e+00
 6.966731898e-01  6.859812372e-01  1.142023350e+00
 6.986301370e-01  6.876961260e-01  1.140280807e+00
 7.005870841e-01  6.894136306e-01  1.138547273e+00
 7.025440313e-01  6.911337455e-01  1.136822531e+00
 7.045009785e-01  6.928564654e-01  1.135106730e+00
 7.064579256e-01  6.945817848e-01  1.133399378e+00
 7.084148728e-01  6.963096993e-01  1.131699720e+00
 7.103718200e-01  6.980402054e-01  1.130006934e+00
 7.123287671e-01  6.997733009e-01  1.128320130e+00
 7.142857143e-01  7.015089849e-01  1.126639499e+00
 7.162426614e-01  7.032472555e-01  1.124964436e+00
 7.181996086e-01  7.049881130e-01  1.123292973e+00
 7.201565558e-01  7.067315603e-01  1.121625097e+00
 7.221135029e-01  7.084775997e-01  1.119960122e+00
 7.240704501e-01  7.102262349e-01  1.118297414e+00
 7.260273973e-01  7.119774711e-01  1.116635681e+00
 7.279843444e-01  7.137313156e-01  1.114973013e+00
 7.299412916e-01  7.154877790e-01  1.113308327e+00
 7.318982387e-01  7.172468729e-01  1.111640514e+00
 7.338551859e-01  7.190086104e-01  1.109970121e+00
 7.358121331e-01  7.207730035e-01  1.108296794e+00
 7.377690802e-01  7.225400665e-01  1.106617579e+00
 7.397260274e-01  7.243098192e-01  1.104930280e+00
 7.416829746e-01  7.260822836e-01  1.103233768e+00
 7.436399217e-01  7.278574833e-01  1.101528286e+00
 7.455968689e-01  7.296354415e-01  1.099813013e+00
 7.475538160e-01  7.314161842e-01  1.098084984e+00
 7.495107632e-01  7.331997424e-01  1.096343873e+00
 7.514677104e-01  7.349861463e-01  1.094589454e+00
 7.534246575e-01  7.367754283e-01  1.092818644e+00
 7.553816047e-01  7.385676264e-01  1.091031035e+00
 7.573385519e-01  7.403627789e-01  1.089223374e+00
 7.592954990e-01  7.421609313e-01  1.087393373e+00
 7.612524462e-01  7.439621321e-01  1.085539346e+00
 7.632093933e-01  7.457664329e-01  1.083659132e+00
 7.651663405e-01  7.475738877e-01  1.081756544e+00
 7.671232877e-01  7.493845455e-01  1.079826891e+00
 7.690802348e-01  7.511984697e-01  1.077862187e+00
 7.710371820e-01  7.530157353e-01  1.075859293e+00
 7.729941292e-01  7.548364204e-01  1.073816949e+00
 7.749510763e-01  7.566606059e-01  1.071735309e+00
 7.769080235e-01  7.584883748e-01  1.069608629e+00
 7.788649706e-01  7.603198239e-01  1.067431245e+00
 7.808219178e-01  7.621550574e-01  1.065202288e+00
 7.827788650e-01  7.639941808e-01  1.062920655e+00
 7.847358121e-01  7.658373054e-01  1.060581647e+00
 7.866927593e-01  7.676845543e-01  1.058178317e+00
 7.886497065e-01  7.695360644e-01  1.055704006e+00
 7.906066536e-01  7.713919857e-01  1.053153006e+00
 7.925636008e-01  7.732524784e-01  1.050521960e+00
 7.945205479e-01  7.751177105e-01  1.047807742e+00
 7.964774951e-01  7.769878592e-01  1.045004560e+00
 7.984344423e-01  7.788631176e-01  1.042103072e+00
 8.003913894e-01  7.807436986e-01  1.039096936e+00
 8.023483366e-01  7.826298279e-01  1.035979570e+00
 8.043052838e-01  7.845217478e-01  1.032743949e+00
 8.062622309e-01  7.864197149e-01  1.029387739e+00
 8.082191781e-01  7.883239904e-01  1.025913639e+00
 8.101761252e-01  7.902348331e-01  1.022325129e+00
 8.121330724e-01  7.921525027e-01  1.018622838e+00
 8.140900196e-01  7.940772675e-01  1.014795666e+00
 8.160469667e-01  7.960094180e-01  1.010852708e+00
 8.180039139e-01  7.979492148e-01  1.006815574e+00
 8.199608611e-01  7.998968811e-01  1.002706626e+00
 8.219178082e-01  8.018526109e-01  9.985256145e-01
 8.238747554e-01  8.038166071e-01  9.942856651e-01
 8.258317025e-01  8.057890295e-01  9.900185944e-01
 8.277886497e-01  8.077699702e-01  9.857626372e-01
 8.297455969e-01  8.097594552e-01  9.815339434e-01
 8.317025440e-01  8.117574925e-01  9.773349441e-01
 8.336594912e-01  8.137640628e-01  9.732205332e-01
 8.356164384e-01  8.157790038e-01  9.692392230e-01
 8.375733855e-01  8.178020722e-01  9.654171604e-01
 8.395303327e-01  8.198329602e-01  9.617990417e-01
 8.414872798e-01  8.218712386e-01  9.584379746e-01
 8.434442270e-01  8.239163541e-01  9.553940516e-01
 8.454011742e-01  8.259676238e-01  9.527003325e-01
 8.473581213e-01  8.280243077e-01  9.503740547e-01
 8.493150685e-01  8.300856224e-01  9.484277340e-01
 8.512720157e-01  8.321507533e-01  9.468660958e-01
 8.532289628e-01  8.342188743e-01  9.456852624e-01
 8.551859100e-01  8.362891619e-01  9.448867230e-01
 8.571428571e-01  8.383607807e-01  9.444818533e-01
 8.590998043e-01  8.404328967e-01  9.444179908e-01
 8.610567515e-01  8.425048360e-01  9.446315345e-01
 8.630136986e-01  8.445760467e-01  9.450751256e-01
 8.649706458e-01  8.466460718e-01  9.457047865e-01
 8.669275930e-01  8.487145463e-01  9.464930504e-01
 8.688845401e-01  8.507811689e-01  9.473949132e-01
 8.708414873e-01  8.528457705e-01  9.483213228e-01
 8.727984344e-01  8.549083714e-01  9.492266537e-01
 8.747553816e-01  8.569690338e-01  9.501105229e-01
 8.767123288e-01  8.590278117e-01  9.509642599e-01
 8.786692759e-01  8.610847969e-01  9.517567427e-01
 8.806262231e-01  8.631401442e-01  9.524779509e-01
 8.825831703e-01  8.651939977e-01  9.531502783e-01
 8.845401174e-01  8.672464478e-01  9.537834816e-01
 8.864970646e-01  8.692975889e-01  9.543623249e-01
 8.884540117e-01  8.713475564e-01  9.548734930e-01
 8.904109589e-01  8.733965048e-01  9.553114541e-01
 8.923679061e-01  8.754445965e-01  9.556706894e-01
 8.943248532e-01  8.774920040e-01  9.559482706e-01
 8.962818004e-01  8.795388969e-01  9.561588285e-01
 8.982387476e-01  8.815854165e-01  9.562954305e-01
 9.001956947e-01  8.836317453e-01  9.563304764e-01
 9.021526419e-01  8.856781276e-01  9.562392444e-01
 9.041095890e-01  8.877248460e-01  9.560153888e-01
 9.060665362e-01  8.897721806e-01  9.556685883e-01
 9.080234834e-01  8.918203936e-01  9.551952762e-01
 9.099804305e-01  8.938697738e-01  9.545738144e-01
 9.119373777e-01  8.959206595e-01  9.537932962e-01
 9.138943249e-01  8.979734047e-01  9.528421598e-01
 9.158512720e-01  9.000283928e-01  9.517087529e-01
 9.178082192e-01  9.020860260e-01  9.503987829e-01
 9.197651663e-01  9.041466961e-01  9.489013196e-01
 9.217221135e-01  9.062108362e-01  9.472008136e-01
 9.236790607e-01  9.082789039e-01  9.453068243e-01
 9.256360078e-01  9.103513350e-01  9.432134351e-01
 9.275929550e-01  9.124286024e-01  9.409039303e-01
 9.295499022e-01  9.145112116e-01  9.383830787e-01
 9.315068493e-01  9.165996465e-01  9.356710023e-01
 9.334637965e-01  9.186943702e-01  9.327466377e-01
 9.354207436e-01  9.207959224e-01  9.295894679e-01
 9.373776908e-01  9.229048520e-01  9.262556499e-01
 9.393346380e-01  9.250215695e-01  9.227702447e-01
 9.412915851e-01  9.271465204e-01  9.190667994e-01
 9.432485323e-01  9.292803373e-01  9.151012467e-01
 9.452054795e-01  9.314236784e-01  9.109246171e-01
 9.471624266e-01  9.335770062e-01  9.067224337e-01
 9.491193738e-01  9.357404779e-01  9.023168236e-01
 9.510763209e-01  9.379149209e-01  8.975817108e-01
 9.530332681e-01  9.401012853e-01  8.923699663e-01
 9.549902153e-01  9.423005536e-01  8.870191979e-01
 9.569471624e-01  9.445117288e-01  8.840089629e-01
 9.589041096e-01  9.467287740e-01  8.813146312e-01
 9.608610568e-01  9.489540742e-01  8.772578904e-01
 9.628180039e-01  9.511918394e-01  8.714587258e-01
 9.647749511e-01  9.534468866e-01  8.638319107e-01
 9.667318982e-01  9.557242604e-01  8.546732767e-01
 9.686888454e-01  9.580289092e-01  8.430252615e-01
 9.706457926e-01  9.603691959e-01  8.287081595e-01
 9.726027397e-01  9.627524077e-01  8.135332193e-01
 9.745596869e-01  9.651804440e-01  7.984766545e-01
 9.765166341e-01  9.676540543e-01  7.839015840e-01
 9.784735812e-01  9.701729320e-01  7.700911830e-01
 9.804305284e-01  9.727358088e-01  7.572611345e-01
 9.823874755e-01  9.753405467e-01  7.455719467e-01
 9.843444227e-01  9.779842302e-01  7.351403209e-01
 9.863013699e-01  9.806632569e-01  7.260491312e-01
 9.882583170e-01  9.833734274e-01  7.183558792e-01
 9.902152642e-01  9.861100331e-01  7.120996371e-01
 9.921722114e-01  9.888679437e-01  7.073066297e-01
 9.941291585e-01  9.916416924e-01  7.039945889e-01
 9.960861057e-01  9.944255596e-01  7.021761097e-01
 9.980430528e-01  9.972136554e-01  7.021144425e-01
 1.000000000e+00  1.000000000e+00  7.025554441e-01
4  4.523586878e-01  6.837879703e-01  1.015906956e+00  7.587883251e-01  9.579348679e-01  4.487435968e+01  4.210093050e-01  9.910250453e-01  3.979506340e-01  2.777662277e+00
5  5.908546247e-01  1.003188847e+00  1.008445872e+00  6.249212669e-01  9.286953074e-01  2.730105353e+01  3.693852525e-01  1.057857828e+00  5.828378843e-01  2.881149473e+00
6  6.944426526e-01  1.261862279e+00  1.004645715e+00  5.345052672e-01  9.059058010e-01  2.062894242e+01  3.429782360e-01  1.151605226e+00  7.063002237e-01  2.811257557e+00
7  7.778844610e-01  1.447436080e+00  1.002392818e+00  4.691476991e-01  8.955269125e-01  1.731193078e+01  3.272921668e-01  1.260139417e+00  7.974138328e-01  2.693131534e+00
8  8.500056893e-01  1.662457065e+00  1.000892571e+00  4.196352848e-01  9.072911527e-01  1.586556942e+01  3.177718790e-01  1.402346366e+00  8.681499993e-01  2.571117202e+00
9  9.002240770e-01  2.725875865e+00  1.000015869e+00  3.798805660e-01  9.679968951e-01  1.669548569e+01  3.134503870e-01  1.624350028e+00  9.160374950e-01  2.418341168e+00
10  9.273064065e-01  4.383381887e+00  9.995209168e-01  3.462549571e-01  1.112540412e+00  2.094299605e+01  3.128526132e-01  2.066735249e+00  9.414385081e-01  2.240875404e+00
11  9.573090886e-01  1.232701429e+00  9.994182083e-01  3.198130301e-01  1.289415985e+00  2.644520858e+01  3.149525094e-01  2.442484138e+00  9.680805151e-01  2.102854950e+00
12  9.870917504e-01  7.224527357e+00  9.998695579e-01  2.984152271e-01  1.565526343e+00  3.626539523e+01  3.207844722e-01  3.389152836e+00  9.909134063e-01  1.988484385e+00
13  9.943345424e-01  1.718311556e+01  9.999735510e-01  2.778967265e-01  1.801908534e+00  4.555930309e+01  3.259100478e-01  6.023310486e+00  9.960221940e-01  1.849184524e+00
0 0 -1.226066009e-01  5.999413530e-18
0 1  1.330109116e-02 -5.960008265e-03
0 2 -1.457341272e-02  7.435968043e-03
0 3  2.750583942e-03 -8.647831944e-03
0 4  1.646117856e-03  6.735261055e-03
0 5 -6.218404734e-03 -5.581691716e-04
0 6  6.392074929e-05 -5.006246276e-03
0 7  4.044303064e-03 -7.076829458e-04
0 8  3.268686333e-03  1.597478162e-03
0 9  2.397190602e-03  2.344806056e-03
1 0 -1.084859303e-01 -4.861082701e-02
1 1 -9.431294476e-02 -6.329624979e-17
1 2  8.764974646e-03 -8.959503022e-03
1 3 -1.272102936e-02  1.095049008e-02
1 4 -3.705486454e-03 -1.009734130e-02
1 5  6.407959742e-03  2.129740514e-03
1 6 -2.707481618e-03  6.552898714e-03
1 7 -6.540033204e-03 -2.102364589e-04
1 8 -4.641155657e-03 -3.047843266e-03
1 9 -3.204607939e-03 -3.804102588e-03
2 0  1.188631983e-01  6.064900251e-02
2 1 -9.293501193e-02 -9.499759598e-02
2 2 -7.507289164e-02  1.015985723e-17
2 3  3.591851281e-03 -1.112276941e-02
2 4 -7.041074751e-03  1.160670590e-02
2 5 -1.059844873e-02 -5.306908997e-03
2 6  2.204991014e-03 -6.608330327e-03
2 7  4.765825778e-03  2.164154218e-03
2 8  2.249621439e-03  4.558827061e-03
2 9  6.715054630e-04  4.873698761e-03
3 0 -2.243422395e-02 -7.053316774e-02
3 1  1.348810536e-01  1.161080285e-01
3 2 -4.784485055e-02 -1.481595975e-01
3 3 -6.141974987e-02 -2.146230494e-17
3 4 -1.184124618e-03 -1.255292309e-02
3 5 -6.447458318e-04  8.907941401e-03
3 6 -1.137229241e-02  3.872889154e-03
3 7 -7.421062739e-03 -5.453747283e-03
3 8 -2.710323506e-03 -6.084609168e-03
3 9 -6.934818440e-04 -5.475997533e-03
4 0 -1.342601332e-02  5.493391879e-02
4 1  3.928926685e-02 -1.070620934e-01
4 2  9.378984340e-02  1.546058191e-01
4 3  1.927921590e-02 -2.043792611e-01
4 4 -5.131363572e-02  1.094648442e-16
4 5 -6.952816505e-03 -1.369081229e-02
4 6  2.930566749e-03  1.590884075e-03
4 7 -4.457403829e-03  7.431944871e-03
4 8 -6.922704246e-03  5.063206652e-03
4 9 -7.444343444e-03  3.336210627e-03
5 0  5.071835195e-02 -4.552521379e-03
5 1 -6.794358673e-02  2.258163520e-02
5 2  1.411754429e-01 -7.069008374e-02
5 3  1.049736987e-02  1.450338274e-01
5 4  1.354964700e-01 -2.668065144e-01
5 5 -4.265150012e-02 -1.297647850e-16
5 6 -1.320249020e-02 -1.285755995e-02
5 7  8.613137312e-04 -5.203010999e-03
5 8  2.103676869e-03 -4.938693794e-05
5 9  1.571293235e-03  1.786145818e-03
6 0 -5.213483519e-04 -4.083178427e-02
6 1  2.870742319e-02  6.948037441e-02
6 2 -2.937133452e-02 -8.802552004e-02
6 3  1.851569314e-01  6.305608802e-02
6 4 -5.711087721e-02  3.100314474e-02
6 5  3.095433963e-01 -3.014562188e-01
6 6 -3.412473188e-02 -6.969019854e-17
6 7 -1.208008667e-02 -8.877079762e-03
6 8 -4.816890507e-03 -7.271865399e-03
6 9 -2.510007376e-03 -6.103602423e-03
7 0 -3.298601409e-02 -5.771980797e-03
7 1  6.934396144e-02 -2.229136832e-03
7 2 -6.348264566e-02  2.882737258e-02
7 3  1.208253494e-01 -8.879468403e-02
7 4  8.686587427e-02  1.448337224e-01
7 5 -2.019421893e-02 -1.219889332e-01
7 6  3.539979951e-01 -2.601362494e-01
7 7 -3.060003969e-02 -1.671465151e-16
7 8 -1.359063661e-02 -3.671585120e-03
7 9 -1.074550720e-02 -4.798003603e-03
8 0 -2.665995395e-02  1.302929981e-02
8 1  4.921016589e-02 -3.231627720e-02
8 2 -2.996582908e-02  6.072534255e-02
8 3  4.412788250e-02 -9.906600371e-02
8 4  1.349096424e-01  9.867175811e-02
8 5 -4.932245908e-02 -1.157917959e-03
8 6  1.411554096e-01 -2.130966311e-01
8 7  4.441378750e-01 -1.199862862e-01
8 8 -2.609573668e-02  8.806264321e-17
8 9 -1.521720146e-02 -1.726032620e-03
9 0 -1.955188860e-02  1.912463146e-02
9 1  3.397845277e-02 -4.033489356e-02
9 2 -8.944712910e-03  6.491955557e-02
9 3  1.129086077e-02 -8.915694942e-02
9 4  1.450753458e-01  6.501606405e-02
9 5 -3.684028067e-02  4.187767870e-02
9 6  7.355390763e-02 -1.788615496e-01
9 7  3.511599105e-01 -1.567973000e-01
9 8  5.831297905e-01 -6.614232207e-02
9 9 -1.747813203e-02  3.664585252e-17
0 0 -8.542394495e+00  4.338186450e-15
0 1 -8.250220069e-01  5.477490723e-01
0 2  1.326128026e+00 -5.515725968e-01
0 3 -1.368599760e-01  4.417265480e-01
0 4 -3.330757047e-02 -2.928009175e-01
0 5  2.411255185e-01  2.996445083e-02
0 6 -4.879085794e-03  1.715222998e-01
0 7 -1.094155280e-01  3.923438964e-03
0 8 -8.069486986e-02 -4.175780478e-02
0 9 -2.826019687e-02 -1.049134916e-01
1 0 -8.250220069e-01 -5.477490723e-01
1 1 -1.144077158e+01  1.466691669e-14
1 2 -6.664009798e-01  1.359129128e+00
1 3  2.005189555e+00 -1.390326341e+00
1 4  2.945449652e-01  8.521555572e-01
1 5 -4.333614269e-01 -1.887595283e-01
1 6  1.860862019e-01 -3.912511836e-01
1 7  3.045682332e-01  5.706011433e-02
1 8  1.794587307e-01  1.388571262e-01
1 9  3.976425468e-02  2.449810550e-01
2 0  1.326128026e+00  5.515725968e-01
2 1 -6.664009798e-01 -1.359129128e+00
2 2 -1.465307808e+01 -3.291723347e-14
2 3  8.031621847e-03  2.574885825e+00
2 4  1.959019493e+00 -2.371152112e+00
2 5  1.414788860e+00  7.583993647e-01
2 6 -3.238070069e-01  6.484764153e-01
2 7 -3.491270244e-01 -3.051615319e-01
2 8 -1.218729127e-01 -3.323455277e-01
2 9  1.793841527e-01 -4.332005780e-01
3 0 -1.368599760e-01 -4.417265480e-01
3 1  2.005189555e+00  1.390326341e+00
3 2  8.031621847e-03 -2.574885825e+00
3 3 -1.837958309e+01  9.204735977e-15
3 4  1.368580831e+00  4.181590622e+00
3 5  8.357974036e-01 -3.054116104e+00
3 6  2.425257581e+00 -6.642708133e-01
3 7  8.298694017e-01  8.484881165e-01
3 8  1.400227520e-01  6.061887151e-01
3 9 -3.770480783e-01  4.140040618e-01
4 0 -3.330757047e-02  2.928009175e-01
4 1  2.945449652e-01 -8.521555572e-01
4 2  1.959019493e+00  2.371152112e+00
4 3  1.368580831e+00 -4.181590622e+00
4 4 -2.307671857e+01  5.439212053e-14
4 5  4.592452897e+00  6.883496936e+00
4 6 -7.019461009e-01 -2.516847440e+00
4 7  1.830143536e+00 -2.290498033e+00
4 8  1.363093001e+00 -8.601993170e-01
4 9  1.669605225e+00 -1.548930465e-01
5 0  2.411255185e-01 -2.996445083e-02
5 1 -4.333614269e-01  1.887595283e-01
5 2  1.414788860e+00 -7.583993647e-01
5 3  8.357974036e-01  3.054116104e+00
5 4  4.592452897e+00 -6.883496936e+00
5 5 -2.946891524e+01  1.604818032e-13
5 6  1.038191769e+01  9.125286342e+00
5 7 -9.927897368e-01 -6.888179958e-01
5 8 -5.364187090e-01 -1.231341262e+00
5 9  3.079397066e-01 -2.599120077e+00
6 0 -4.879085794e-03 -1.715222998e-01
6 1  1.860862019e-01  3.912511836e-01
6 2 -3.238070069e-01 -6.484764153e-01
6 3  2.425257581e+00  6.642708133e-01
6 4 -7.019461009e-01  2.516847440e+00
6 5  1.038191769e+01 -9.125286342e+00
6 6 -3.574924555e+01  2.597193814e-13
6 7  1.114799263e+01  7.589860543e+00
6 8  1.090183949e+00  2.090824680e+00
6 9 -8.670800118e-01 -6.393116227e-02
7 0 -1.094155280e-01 -3.923438964e-03
7 1  3.045682332e-01 -5.706011433e-02
7 2 -3.491270244e-01  3.051615319e-01
7 3  8.298694017e-01 -8.484881165e-01
7 4  1.830143536e+00  2.290498033e+00
7 5 -9.927897368e-01  6.888179958e-01
7 6  1.114799263e+01 -7.589860543e+00
7 7 -4.155263045e+01 -1.428401113e-14
7 8  1.346225881e+01  3.059916363e+00
7 9  5.727503139e+00  3.287159725e+00
8 0 -8.069486986e-02  4.175780478e-02
8 1  1.794587307e-01 -1.388571262e-01
8 2 -1.218729127e-01  3.323455277e-01
8 3  1.400227520e-01 -6.061887151e-01
8 4  1.363093001e+00  8.601993170e-01
8 5 -5.364187090e-01  1.231341262e+00
8 6  1.090183949e+00 -2.090824680e+00
8 7  1.346225881e+01 -3.059916363e+00
8 8 -5.802592592e+01 -7.336085822e-14
8 9  3.336339316e+01  3.784290104e+00
9 0 -2.826019687e-02  1.049134916e-01
9 1  3.976425468e-02 -2.449810550e-01
9 2  1.793841527e-01  4.332005780e-01
9 3 -3.770480783e-01 -4.140040618e-01
9 4  1.669605225e+00  1.548930465e-01
9 5  3.079397066e-01  2.599120077e+00
9 6 -8.670800118e-01  6.393116227e-02
9 7  5.727503139e+00 -3.287159725e+00
9 8  3.336339316e+01 -3.784290104e+00
9 9 -5.721435211e+01 -1.199595418e-13
0  6.470708773e-02 -4.867120959e-04 -1.468500606e-01 -2.584009174e-02
1  1.119613774e-01 -5.128350420e-04  1.734659220e-01  7.036153324e-02
2  1.545477637e-01 -2.293750043e-03 -1.496518697e-01 -1.344773313e-01
3  2.007097739e-01 -2.974795127e-03  6.145105155e-02  1.964354421e-01
4  2.487484494e-01 -6.412234122e-03  9.484707404e-02 -1.822415482e-01
5  2.831894111e-01 -8.230625794e-03 -1.993091864e-01 -1.139736939e-02
6  2.933372179e-01 -8.938262489e-03 -1.395232445e-02  1.888942226e-01
7  3.110949247e-01 -1.110391154e-02  1.723302584e-01  5.419571123e-02
8  3.263668224e-01 -1.308858341e-02  1.622449887e-01 -4.938221821e-02
9  3.101279776e-01 -1.381490719e-02  1.299619061e-01 -8.963538372e-02
