10 100
  0       -1.900628e-08       -1.824735e+06  0       -3.442091e-03
  1       -3.735097e-08       -1.299144e+06  1        3.314974e-03
  2        3.979764e-08       -8.904503e+05  1        4.835705e-03
  3        1.171118e-07       -5.902280e+05  1        1.969712e-03
  4       -3.124184e-07       -4.288348e+05  1        1.550762e-03
  5       -1.534059e-07       -2.926211e+05  1        3.274231e-03
  6       -1.517572e-09        4.810329e+05  1        6.145550e-02
  7        2.904712e-08        3.718593e+06  0        3.849986e-02
  8        1.640417e-06        4.138598e+06  0        1.310469e-02
  9        1.107854e-08        2.859504e+06  1        8.738259e-03
  0    0       -8.451854e-08       -2.945499e-06
  0    1       -6.725330e-09       -1.136461e-07
  0    2       -7.442386e-08       -2.883630e-07
  0    3       -6.889816e-09       -3.145000e-08
  0    4       -7.259384e-08       -9.460365e-08
  0    5       -6.172242e-09       -1.534028e-08
  0    6       -7.123223e-08       -4.582267e-08
  0    7       -5.243218e-09       -9.495829e-09
  0    8       -6.963693e-08       -2.669259e-08
  0    9       -4.293822e-09       -6.682839e-09
  0   10       -6.769728e-08       -1.732192e-08
  0   11       -3.402747e-09       -5.095162e-09
  0   12       -6.543595e-08       -1.206922e-08
  0   13       -2.606973e-09       -4.103039e-09
  0   14       -6.291659e-08       -8.844928e-09
  0   15       -1.922831e-09       -3.438154e-09
  0   16       -6.021363e-08       -6.731824e-09
  0   17       -1.354677e-09       -2.969591e-09
  0   18       -5.739919e-08       -5.276541e-09
  0   19       -8.995193e-10       -2.626844e-09
  0   20       -5.453708e-08       -4.234337e-09
  0   21       -5.499379e-10       -2.368937e-09
  0   22       -5.168032e-08       -3.463763e-09
  0   23       -2.960898e-10       -2.170540e-09
  0   24       -4.887070e-08       -2.878495e-09
  0   25       -1.270883e-10       -2.015157e-09
  0   26       -4.613957e-08       -2.423464e-09
  0   27       -3.193505e-11       -1.891537e-09
  0   28       -4.350909e-08       -2.062243e-09
  0   29       -1.126350e-13       -1.791685e-09
  0   30       -4.099382e-08       -1.770012e-09
  0   31       -2.193038e-11       -1.709713e-09
  0   32       -3.860215e-08       -1.529451e-09
  0   33       -8.869394e-11       -1.641155e-09
  0   34       -3.633777e-08       -1.328253e-09
  0   35       -1.927560e-10       -1.582553e-09
  0   36       -3.420076e-08       -1.157551e-09
  0   37       -3.274910e-10       -1.531198e-09
  0   38       -3.218862e-08       -1.010896e-09
  0   39       -4.872240e-10       -1.484976e-09
  0   40       -3.029703e-08       -8.835615e-10
  0   41       -6.671369e-10       -1.442251e-09
  0   42       -2.852049e-08       -7.720605e-10
  0   43       -8.631650e-10       -1.401791e-09
  0   44       -2.685277e-08       -6.737989e-10
  0   45       -1.071893e-09       -1.362699e-09
  0   46       -2.528724e-08       -5.868229e-10
  0   47       -1.290458e-09       -1.324358e-09
  0   48       -2.381718e-08       -5.096350e-10
  0   49       -1.516460e-09       -1.286374e-09
  0   50       -2.243593e-08       -4.410595e-10
  0   51       -1.747878e-09       -1.248527e-09
  0   52       -2.113703e-08       -3.801467e-10
  0   53       -1.983007e-09       -1.210726e-09
  0   54       -1.991432e-08       -3.261054e-10
  0   55       -2.220392e-09       -1.172972e-09
  0   56       -1.876200e-08       -2.782573e-10
  0   57       -2.458779e-09       -1.135324e-09
  0   58       -1.767463e-08       -2.360060e-10
  0   59       -2.697071e-09       -1.097874e-09
  0   60       -1.664720e-08       -1.988177e-10
  0   61       -2.934295e-09       -1.060728e-09
  0   62       -1.567508e-08       -1.662088e-10
  0   63       -3.169569e-09       -1.023997e-09
  0   64       -1.475407e-08       -1.377376e-10
  0   65       -3.402085e-09       -9.877820e-10
  0   66       -1.388035e-08       -1.129999e-10
  0   67       -3.631087e-09       -9.521740e-10
  0   68       -1.305047e-08       -9.162560e-11
  0   69       -3.855860e-09       -9.172498e-10
  0   70       -1.226136e-08       -7.327601e-11
  0   71       -4.075721e-09       -8.830711e-10
  0   72       -1.151025e-08       -5.764193e-11
  0   73       -4.290014e-09       -8.496857e-10
  0   74       -1.079472e-08       -4.444178e-11
  0   75       -4.498107e-09       -8.171281e-10
  0   76       -1.011261e-08       -3.341967e-11
  0   77       -4.699390e-09       -7.854215e-10
  0   78       -9.462030e-09       -2.434363e-11
  0   79       -4.893280e-09       -7.545793e-10
  0   80       -8.841325e-09       -1.700372e-11
  0   81       -5.079219e-09       -7.246066e-10
  0   82       -8.249054e-09       -1.121024e-11
  0   83       -5.256682e-09       -6.955020e-10
  0   84       -7.683956e-09       -6.791979e-12
  0   85       -5.425178e-09       -6.672587e-10
  0   86       -7.144937e-09       -3.594562e-12
  0   87       -5.584256e-09       -6.398658e-10
  0   88       -6.631039e-09       -1.478841e-12
  0   89       -5.733507e-09       -6.133095e-10
  0   90       -6.141421e-09       -3.194353e-13
  0   91       -5.872570e-09       -5.875736e-10
  0   92       -5.675340e-09       -3.369131e-15
  0   93       -6.001132e-09       -5.626404e-10
  0   94       -5.232134e-09       -4.288233e-13
  0   95       -6.118933e-09       -5.384910e-10
  0   96       -4.811200e-09       -1.504000e-12
  0   97       -6.225768e-09       -5.151063e-10
  0   98       -4.411985e-09       -3.146097e-12
  0   99       -6.321485e-09       -4.924668e-10
  1    0        1.445330e-07        1.822508e-05
  1    1        3.744069e-08        1.899847e-06
  1    2        5.120575e-08        1.261885e-08
  1    3        1.275681e-07        4.934231e-07
  1    4        1.901121e-09        1.309078e-07
  1    5        1.027080e-07        5.195030e-08
  1    6        8.121656e-08        1.616965e-07
  1    7        1.024341e-08        9.881626e-09
  1    8        1.279994e-07        5.805526e-08
  1    9        2.920711e-08        5.919877e-08
  1   10        4.969322e-08        6.898494e-10
  1   11        1.133476e-07        4.764347e-08
  1   12        1.272568e-09        1.721210e-08
  1   13        9.200605e-08        8.443843e-09
  1   14        6.981507e-08        3.139754e-08
  1   15        9.469587e-09        2.202343e-09
  1   16        1.101819e-07        1.450528e-08
  1   17        2.419834e-08        1.623060e-08
  1   18        4.270750e-08        2.091589e-10
  1   19        9.468658e-08        1.518797e-08
  1   20        9.418921e-10        5.802689e-09
  1   21        7.651586e-08        3.029420e-09
  1   22        5.686218e-08        1.174072e-08
  1   23        7.987581e-09        8.497027e-10
  1   24        8.955008e-08        5.906222e-09
  1   25        1.921911e-08        6.816912e-09
  1   26        3.470130e-08        9.440658e-11
  1   27        7.560303e-08        6.830890e-09
  1   28        6.893241e-10        2.672511e-09
  1   29        6.104452e-08        1.454434e-09
  1   30        4.474108e-08        5.748741e-09
  1   31        6.462404e-09        4.213560e-10
  1   32        7.056831e-08        3.062932e-09
  1   33        1.489433e-08        3.606696e-09
  1   34        2.744129e-08        5.351020e-11
  1   35        5.904542e-08        3.817160e-09
  1   36        4.997017e-10        1.520581e-09
  1   37        4.781498e-08        8.602835e-10
  1   38        3.469058e-08        3.453759e-09
  1   39        5.141642e-09        2.553177e-10
  1   40        5.497231e-08        1.938552e-09
  1   41        1.144876e-08        2.321539e-09
  1   42        2.151192e-08        3.684598e-11
  1   43        4.584024e-08        2.579215e-09
  1   44        3.620510e-10        1.041725e-09
  1   45        3.732481e-08        6.103226e-10
  1   46        2.686239e-08        2.475195e-09
  1   47        4.082049e-09        1.833537e-10
  1   48        4.285581e-08        1.445897e-09
  1   49        8.823839e-09        1.748198e-09
  1   50        1.690713e-08        2.946551e-11
  1   51        3.573779e-08        2.007119e-09
  1   52        2.640057e-10        8.148215e-10
  1   53        2.930569e-08        4.902172e-10
  1   54        2.094830e-08        1.990314e-09
  1   55        3.262364e-09        1.463685e-10
  1   56        3.369244e-08        1.189003e-09
  1   57        6.866244e-09        1.438928e-09
  1   58        1.341617e-08        2.554015e-11
  1   59        2.815945e-08        1.680122e-09
  1   60        1.946774e-10        6.804208e-10
  1   61        2.328056e-08        4.175306e-10
  1   62        1.654248e-08        1.686044e-09
  1   63        2.639471e-09        1.223245e-10
  1   64        2.684820e-08        1.018491e-09
  1   65        5.419705e-09        1.227594e-09
  1   66        1.079969e-08        2.283482e-11
  1   67        2.252461e-08        1.445651e-09
  1   68        1.456727e-10        5.819493e-10
  1   69        1.878969e-08        3.631491e-10
  1   70        1.327988e-08        1.454503e-09
  1   71        2.170534e-09        1.038293e-10
  1   72        2.176469e-08        8.845398e-10
  1   73        4.354333e-09        1.059904e-09
  1   74        8.849610e-09        2.061893e-11
  1   75        1.835055e-08        1.255375e-09
  1   76        1.109022e-10        5.017358e-10
  1   77        1.545487e-08        3.181242e-10
  1   78        1.086907e-08        1.262803e-09
  1   79        1.819529e-09        8.861679e-11
  1   80        1.799794e-08        7.722586e-10
  1   81        3.569926e-09        9.195392e-10
  1   82        7.400444e-09        1.869022e-11
  1   83        1.526230e-08        1.094793e-09
  1   84        8.605821e-11        4.343165e-10
  1   85        1.298231e-08        2.797755e-10
  1   86        9.087530e-09        1.100566e-09
  1   87        1.557852e-09        7.590015e-11
  1   88        1.520780e-08        6.767589e-10
  1   89        2.991227e-09        8.007347e-10
  1   90        6.324624e-09        1.699424e-11
  1   91        1.297517e-08        9.583743e-10
  1   92        6.811803e-11        3.773822e-10
  1   93        1.114781e-08        2.470039e-10
  1   94        7.767543e-09        9.629607e-10
  1   95        1.363172e-09        6.525473e-11
  1   96        1.313617e-08        5.954956e-10
  1   97        2.562059e-09        7.001719e-10
  1   98        5.524487e-09        1.550706e-11
  1   99        1.127401e-08        8.425660e-10
  2    0        1.155843e-07        6.304545e-06
  2    1        1.284495e-07        2.835965e-06
  2    2        1.326550e-08        4.956281e-07
  2    3        4.351512e-08        1.702470e-08
  2    4        1.423536e-07        2.933601e-07
  2    5        7.300783e-08        2.366967e-07
  2    6        1.042830e-09        2.164884e-08
  2    7        9.540535e-08        3.934410e-08
  2    8        1.290345e-07        1.143803e-07
  2    9        2.220608e-08        5.263011e-08
  2   10        2.782652e-08        1.109675e-10
  2   11        1.285599e-07        4.137990e-08
  2   12        8.350461e-08        5.315736e-08
  2   13        1.345190e-10        9.703568e-09
  2   14        7.314959e-08        6.882842e-09
  2   15        1.249398e-07        3.451218e-08
  2   16        3.253524e-08        2.244635e-08
  2   17        1.442256e-08        2.215151e-10
  2   18        1.084185e-07        1.362609e-08
  2   19        8.871042e-08        2.409659e-08
  2   20        2.754317e-09        6.846886e-09
  2   21        5.125087e-08        1.687634e-09
  2   22        1.138064e-07        1.597437e-08
  2   23        4.144165e-08        1.369754e-08
  2   24        5.496781e-09        7.042688e-10
  2   25        8.599553e-08        5.828022e-09
  2   26        8.836850e-08        1.414796e-08
  2   27        7.657212e-09        5.672057e-09
  2   28        3.275288e-08        3.511116e-10
  2   29        9.858903e-08        8.885515e-09
  2   30        4.781558e-08        9.837600e-09
  2   31        1.011721e-09        1.140284e-09
  2   32        6.464207e-08        2.735952e-09
  2   33        8.376009e-08        9.460946e-09
  2   34        1.344540e-08        5.074433e-09
  2   35        1.880805e-08        1.777446e-11
  2   36        8.202443e-08        5.405817e-09
  2   37        5.144160e-08        7.706457e-09
  2   38        3.125600e-11        1.524416e-09
  2   39        4.620377e-08        1.273284e-09
  2   40        7.642388e-08        6.774022e-09
  2   41        1.907509e-08        4.710432e-09
  2   42        9.308735e-09        4.176843e-11
  2   43        6.596292e-08        3.398149e-09
  2   44        5.260405e-08        6.300331e-09
  2   45        1.423988e-09        1.857741e-09
  2   46        3.132065e-08        5.237801e-10
  2   47        6.765378e-08        4.980870e-09
  2   48        2.392700e-08        4.411556e-09
  2   49        3.560271e-09        2.208922e-10
  2   50        5.141857e-08        2.107392e-09
  2   51        5.177424e-08        5.207681e-09
  2   52        4.204332e-09        2.120830e-09
  2   53        1.992670e-08        1.524970e-10
  2   54        5.837767e-08        3.646198e-09
  2   55        2.770881e-08        4.086376e-09
  2   56        7.197234e-10        4.655270e-10
  2   57        3.882789e-08        1.236440e-09
  2   58        4.943593e-08        4.261708e-09
  2   59        7.628433e-09        2.290942e-09
  2   60        1.163343e-08        1.177770e-11
  2   61        4.920444e-08        2.601973e-09
  2   62        3.033542e-08        3.703835e-09
  2   63        4.775334e-12        7.202387e-10
  2   64        2.828951e-08        6.557086e-10
  2   65        4.601460e-08        3.414324e-09
  2   66        1.117704e-08        2.359388e-09
  2   67        5.951963e-09        1.693615e-11
  2   68        4.051203e-08        1.784548e-09
  2   69        3.183841e-08        3.273599e-09
  2   70        7.631937e-10        9.485560e-10
  2   71        1.972695e-08        2.922275e-10
  2   72        4.186150e-08        2.664180e-09
  2   73        1.450540e-08        2.334154e-09
  2   74        2.399642e-09        1.086940e-10
  2   75        3.252519e-08        1.161257e-09
  2   76        3.230927e-08        2.821687e-09
  2   77        2.477274e-09        1.130064e-09
  2   78        1.298369e-08        9.161511e-11
  2   79        3.726007e-08        2.018400e-09
  2   80        1.739433e-08        2.232955e-09
  2   81        5.414789e-10        2.438261e-10
  2   82        2.537109e-08        7.042849e-10
  2   83        3.186732e-08        2.373950e-09
  2   84        4.744882e-09        1.256760e-09
  2   85        7.873348e-09        8.919846e-12
  2   86        3.243857e-08        1.479010e-09
  2   87        1.971211e-08        2.075937e-09
  2   88        1.228769e-14        3.920533e-10
  2   89        1.911548e-08        3.857624e-10
  2   90        3.064291e-08        1.949732e-09
  2   91        7.256012e-09        1.328647e-09
  2   92        4.203922e-09        7.410507e-12
  2   93        2.758253e-08        1.041630e-09
  2   94        2.138787e-08        1.881634e-09
  2   95        4.517676e-10        5.333610e-10
  2   96        1.378490e-08        1.789465e-10
  2   97        2.876945e-08        1.561438e-09
  2   98        9.772047e-09        1.350170e-09
  2   99        1.787867e-09        5.810079e-11
  3    0        2.811924e-07        1.455083e-05
  3    1        5.654194e-07        1.080530e-05
  3    2        4.604935e-07        5.358428e-06
  3    3        1.181727e-07        1.441043e-06
  3    4        1.463149e-08        3.606975e-08
  3    5        2.865630e-07        2.776899e-07
  3    6        5.475961e-07        7.316769e-07
  3    7        4.329185e-07        6.564852e-07
  3    8        1.046517e-07        2.495579e-07
  3    9        1.744607e-08        6.870473e-09
  3   10        2.831619e-07        7.892039e-08
  3   11        5.232410e-07        2.302820e-07
  3   12        4.028839e-07        2.258625e-07
  3   13        9.234130e-08        9.135143e-08
  3   14        1.928841e-08        2.235744e-09
  3   15        2.725009e-07        3.537927e-08
  3   16        4.892221e-07        1.046726e-07
  3   17        3.676840e-07        1.052179e-07
  3   18        8.003051e-08        4.311240e-08
  3   19        2.048897e-08        8.768586e-10
  3   20        2.568555e-07        1.919082e-08
  3   21        4.490063e-07        5.637233e-08
  3   22        3.298013e-07        5.713725e-08
  3   23        6.817126e-08        2.342220e-08
  3   24        2.114728e-08        3.782794e-10
  3   25        2.381676e-07        1.181717e-08
  3   26        4.060117e-07        3.437286e-08
  3   27        2.917161e-07        3.506817e-08
  3   28        5.722441e-08        1.436719e-08
  3   29        2.135223e-08        1.755335e-10
  3   30        2.180822e-07        8.222177e-09
  3   31        3.629940e-07        2.371409e-08
  3   32        2.552952e-07        2.435390e-08
  3   33        4.747222e-08        9.959141e-09
  3   34        2.119749e-08        8.580582e-11
  3   35        1.978596e-07        6.433737e-09
  3   36        3.218829e-07        1.834023e-08
  3   37        2.217119e-07        1.886198e-08
  3   38        3.902106e-08        7.647366e-09
  3   39        2.077385e-08        4.159025e-11
  3   40        1.783695e-07        5.494920e-09
  3   41        2.838502e-07        1.537249e-08
  3   42        1.915550e-07        1.570622e-08
  3   43        3.184933e-08        6.260104e-09
  3   44        2.016229e-08        1.787582e-11
  3   45        1.601487e-07        4.928544e-09
  3   46        2.494762e-07        1.345201e-08
  3   47        1.649919e-07        1.357141e-08
  3   48        2.585844e-08        5.285550e-09
  3   49        1.943073e-08        5.452980e-12
  3   50        1.434828e-07        4.517756e-09
  3   51        2.189311e-07        1.199540e-08
  3   52        1.419213e-07        1.191262e-08
  3   53        2.091271e-08        4.518600e-09
  3   54        1.863390e-08        4.438617e-13
  3   55        1.284829e-07        4.175726e-09
  3   56        1.921261e-07        1.077691e-08
  3   57        1.220901e-07        1.052211e-08
  3   58        1.686584e-08        3.880666e-09
  3   59        1.781472e-08        6.738559e-13
  3   60        1.151476e-07        3.871736e-09
  3   61        1.688250e-07        9.714454e-09
  3   62        1.051746e-07        9.321304e-09
  3   63        1.357642e-08        3.339351e-09
  3   64        1.700621e-08        4.617885e-12
  3   65        1.034080e-07        3.595960e-09
  3   66        1.487187e-07        8.776413e-09
  3   67        9.082961e-08        8.275568e-09
  3   68        1.091585e-08        2.877634e-09
  3   69        1.623326e-08        1.112590e-11
  3   70        9.315749e-08        3.345152e-09
  3   71        1.314714e-07        7.946687e-09
  3   72        7.871804e-08        7.363753e-09
  3   73        8.771457e-09        2.483539e-09
  3   74        1.551418e-08        1.933235e-11
  3   75        8.427059e-08        3.117610e-09
  3   76        1.167483e-07        7.213286e-09
  3   77        6.852543e-08        6.568846e-09
  3   78        7.046961e-09        2.147124e-09
  3   79        1.486180e-08        2.859848e-11
  3   80        7.661484e-08        2.911718e-09
  3   81        1.042295e-07        6.565322e-09
  3   82        5.996668e-08        5.875638e-09
  3   83        5.661511e-09        1.859739e-09
  3   84        1.428436e-08        3.846201e-11
  3   85        7.005727e-08        2.725688e-09
  3   86        9.361768e-08        5.992556e-09
  3   87        5.278791e-08        5.270391e-09
  3   88        4.548148e-09        1.613875e-09
  3   89        1.378614e-08        4.859370e-11
  3   90        6.446849e-08        2.557637e-09
  3   91        8.464109e-08        5.485534e-09
  3   92        4.676596e-08        4.740888e-09
  3   93        3.652067e-09        1.403095e-09
  3   94        1.336801e-08        5.876248e-11
  3   95        5.972501e-08        2.405694e-09
  3   96        7.705434e-08        5.035739e-09
  3   97        4.170669e-08        4.276462e-09
  3   98        2.928908e-09        1.221940e-09
  3   99        1.302799e-08        6.880862e-11
  4    0        4.543943e-07        1.895202e-05
  4    1        1.205460e-06        1.994564e-05
  4    2        1.711510e-06        1.497656e-05
  4    3        1.612869e-06        9.189100e-06
  4    4        9.850822e-07        4.375474e-06
  4    5        2.807315e-07        1.333955e-06
  4    6        8.663516e-10        9.896610e-08
  4    7        3.353242e-07        1.258805e-07
  4    8        1.031162e-06        6.496424e-07
  4    9        1.580731e-06        1.047521e-06
  4   10        1.589372e-06        1.046186e-06
  4   11        1.055664e-06        7.154905e-07
  4   12        3.647446e-07        3.050320e-07
  4   13        5.184377e-09        4.386978e-08
  4   14        2.180958e-07        1.397190e-08
  4   15        8.311251e-07        1.429686e-07
  4   16        1.391572e-06        2.872835e-07
  4   17        1.495943e-06        3.349118e-07
  4   18        1.075519e-06        2.638898e-07
  4   19        4.355480e-07        1.333376e-07
  4   20        2.737770e-08        2.828852e-08
  4   21        1.237875e-07        1.446932e-09
  4   22        6.314428e-07        4.712406e-08
  4   23        1.169217e-06        1.160873e-07
  4   24        1.347821e-06        1.541741e-07
  4   25        1.045434e-06        1.369034e-07
  4   26        4.841394e-07        7.987314e-08
  4   27        6.033360e-08        2.263914e-08
  4   28        5.832967e-08        9.645953e-14
  4   29        4.541287e-07        2.017445e-08
  4   30        9.445050e-07        6.259357e-08
  4   31        1.171904e-06        9.444012e-08
  4   32        9.785206e-07        9.343656e-08
  4   33        5.091599e-07        6.160048e-08
  4   34        9.667013e-08        2.177273e-08
  4   35        1.984626e-08        5.598367e-10
  4   36        3.097239e-07        1.002247e-08
  4   37        7.385075e-07        4.047430e-08
  4   38        9.909536e-07        6.853946e-08
  4   39        8.896628e-07        7.405325e-08
  4   40        5.135293e-07        5.373461e-08
  4   41        1.308996e-07        2.243422e-08
  4   42        2.726513e-09        1.797658e-09
  4   43        1.998157e-07        4.868463e-09
  4   44        5.618013e-07        2.750943e-08
  4   45        8.201617e-07        5.222167e-08
  4   46        7.914557e-07        6.104415e-08
  4   47        5.020251e-07        4.808153e-08
  4   48        1.598862e-07        2.296324e-08
  4   49        5.754361e-10        3.304637e-09
  4   50        1.208236e-07        2.001003e-09
  4   51        4.171766e-07        1.848047e-08
  4   52        6.677060e-07        3.980626e-08
  4   53        6.929434e-07        5.034630e-08
  4   54        4.796485e-07        4.282171e-08
  4   55        1.824443e-07        2.295640e-08
  4   56        7.812107e-09        4.814088e-09
  4   57        6.708957e-08        5.536031e-10
  4   58        3.028238e-07        1.203526e-08
  4   59        5.366828e-07        3.004120e-08
  4   60        5.998361e-07        4.126879e-08
  4   61        4.507807e-07        3.782569e-08
  4   62        1.986953e-07        2.247436e-08
  4   63        2.023061e-08        6.176389e-09
  4   64        3.276104e-08        3.121015e-11
  4   65        2.147707e-07        7.512479e-09
  4   66        4.270200e-07        2.240860e-08
  4   67        5.152361e-07        3.362949e-08
  4   68        4.188661e-07        3.319222e-08
  4   69        2.094832e-07        2.165549e-08
  4   70        3.498736e-08        7.327149e-09
  4   71        1.270256e-08        9.145070e-11
  4   72        1.484064e-07        4.421079e-09
  4   73        3.369112e-07        1.649611e-08
  4   74        4.403910e-07        2.725509e-08
  4   75        3.863736e-07        2.897422e-08
  4   76        2.159358e-07        2.061400e-08
  4   77        5.034807e-08        8.248991e-09
  4   78        2.808384e-09        4.992307e-10
  4   79        9.931136e-08        2.380864e-09
  4   80        2.637669e-07        1.194871e-08
  4   81        3.753158e-07        2.195931e-08
  4   82        3.548851e-07        2.517360e-08
  4   83        2.191680e-07        1.943036e-08
  4   84        6.537408e-08        8.947211e-09
  4   85        3.867920e-13        1.096757e-09
  4   86        6.364864e-08        1.105410e-09
  4   87        2.048065e-07        8.475657e-09
  4   88        3.192713e-07        1.756829e-08
  4   89        3.252417e-07        2.176689e-08
  4   90        2.201033e-07        1.816005e-08
  4   91        7.963035e-08        9.437202e-09
  4   92        2.081297e-09        1.779409e-09
  4   93        3.829785e-08        3.826340e-10
  4   94        1.574084e-07        5.847065e-09
  4   95        2.711264e-07        1.393253e-08
  4   96        2.977157e-07        1.872199e-08
  4   97        2.193912e-07        1.684223e-08
  4   98        9.294922e-08        9.738366e-09
  4   99        7.536244e-09        2.478305e-09
  5    0        2.296739e-08        1.362065e-06
  5    1        6.913687e-08        1.037517e-06
  5    2        1.221624e-07        8.960881e-07
  5    3        1.635183e-07        7.275054e-07
  5    4        1.788320e-07        5.456370e-07
  5    5        1.628919e-07        3.718409e-07
  5    6        1.214075e-07        2.236426e-07
  5    7        6.892116e-08        1.121015e-07
  5    8        2.363745e-08        4.081730e-08
  5    9        1.021750e-09        6.470915e-09
  5   10        8.432111e-09        6.269473e-10
  5   11        4.265944e-08        1.225136e-08
  5   12        9.120038e-08        3.031448e-08
  5   13        1.367612e-07        4.593239e-08
  5   14        1.633626e-07        5.367944e-08
  5   15        1.618796e-07        5.192724e-08
  5   16        1.330892e-07        4.229055e-08
  5   17        8.720675e-08        2.844421e-08
  5   18        4.014515e-08        1.468176e-08
  5   19        7.871396e-09        4.594741e-09
  5   20        8.691795e-10        1.722002e-10
  5   21        2.063419e-08        1.479428e-09
  5   22        5.937271e-08        6.913567e-09
  5   23        1.029291e-07        1.389067e-08
  5   24        1.358432e-07        1.972538e-08
  5   25        1.467270e-07        2.243891e-08
  5   26        1.320876e-07        2.127500e-08
  5   27        9.731642e-08        1.680270e-08
  5   28        5.458091e-08        1.061078e-08
  5   29        1.843784e-08        4.716660e-09
  5   30        7.507279e-10        8.895339e-10
  5   31        6.686581e-09        1.020293e-10
  5   32        3.314049e-08        2.273187e-09
  5   33        7.005633e-08        6.366286e-09
  5   34        1.040983e-07        1.078940e-08
  5   35        1.233350e-07        1.395225e-08
  5   36        1.212925e-07        1.478970e-08
  5   37        9.900318e-08        1.308223e-08
  5   38        6.441029e-08        9.478781e-09
  5   39        2.942105e-08        5.230065e-09
  5   40        5.695515e-09        1.735968e-09
  5   41        6.588227e-10        6.764754e-11
  5   42        1.509657e-08        6.253176e-10
  5   43        4.310488e-08        3.039466e-09
  5   44        7.433343e-08        6.336198e-09
  5   45        9.767626e-08        9.297548e-09
  5   46        1.050981e-07        1.088538e-08
  5   47        9.428187e-08        1.058261e-08
  5   48        6.923187e-08        8.540768e-09
  5   49        3.869384e-08        5.493828e-09
  5   50        1.300688e-08        2.479550e-09
  5   51        5.151856e-10        4.723147e-10
  5   52        4.781134e-09        5.634120e-11
  5   53        2.352517e-08        1.247824e-09
  5   54        4.959718e-08        3.518587e-09
  5   55        7.358002e-08        6.002909e-09
  5   56        8.708217e-08        7.808104e-09
  5   57        8.557219e-08        8.318342e-09
  5   58        6.980242e-08        7.389183e-09
  5   59        4.538171e-08        5.372524e-09
  5   60        2.070323e-08        2.972166e-09
  5   61        3.987597e-09        9.875181e-10
  5   62        4.792075e-10        3.788991e-11
  5   63        1.074753e-08        3.616714e-10
  5   64        3.063843e-08        1.754598e-09
  5   65        5.284013e-08        3.660998e-09
  5   66        6.947914e-08        5.379478e-09
  5   67        7.482824e-08        6.307740e-09
  5   68        6.719884e-08        6.141759e-09
  5   69        4.939677e-08        4.964175e-09
  5   70        2.762913e-08        3.197447e-09
  5   71        9.281917e-09        1.444231e-09
  5   72        3.601963e-10        2.744660e-10
  5   73        3.474903e-09        3.377752e-11
  5   74        1.704744e-08        7.369927e-10
  5   75        3.596866e-08        2.078736e-09
  5   76        5.344563e-08        3.551959e-09
  5   77        6.337206e-08        4.629216e-09
  5   78        6.239819e-08        4.942403e-09
  5   79        5.100139e-08        4.400210e-09
  5   80        3.321927e-08        3.206402e-09
  5   81        1.517261e-08        1.777302e-09
  5   82        2.915221e-09        5.909811e-10
  5   83        3.633844e-10        2.231089e-11
  5   84        8.010326e-09        2.203504e-10
  5   85        2.284490e-08        1.067711e-09
  5   86        3.947134e-08        2.232039e-09
  5   87        5.201693e-08        3.288138e-09
  5   88        5.615536e-08        3.866293e-09
  5   89        5.055103e-08        3.775401e-09
  5   90        3.724437e-08        3.060266e-09
  5   91        2.087185e-08        1.976438e-09
  5   92        7.015497e-09        8.945929e-10
  5   93        2.672189e-10        1.698191e-10
  5   94        2.677194e-09        2.159820e-11
  5   95        1.310865e-08        4.647358e-10
  5   96        2.769937e-08        1.312599e-09
  5   97        4.124703e-08        2.248636e-09
  5   98        4.902328e-08        2.939164e-09
  5   99        4.838586e-08        3.147507e-09
  6    0        5.328780e-10        2.112012e-08
  6    1        1.724767e-09        2.430679e-08
  6    2        3.430679e-09        2.354649e-08
  6    3        5.449106e-09        2.209312e-08
  6    4        7.542361e-09        2.028486e-08
  6    5        9.464845e-09        1.821494e-08
  6    6        1.099219e-08        1.597190e-08
  6    7        1.194767e-08        1.364764e-08
  6    8        1.222273e-08        1.133238e-08
  6    9        1.178914e-08        9.109724e-09
  6   10        1.070147e-08        7.052394e-09
  6   11        9.089664e-09        5.218761e-09
  6   12        7.142735e-09        3.650529e-09
  6   13        5.085698e-09        2.371594e-09
  6   14        3.152568e-09        1.388123e-09
  6   15        1.558747e-09        6.897811e-10
  6   16        4.761021e-10        2.519565e-10
  6   17        1.365214e-11        3.875994e-11
  6   18        2.060535e-10        6.537486e-12
  6   19        1.011086e-09        1.076054e-10
  6   20        2.316237e-09        2.939195e-10
  6   21        3.953402e-09        5.204130e-10
  6   22        5.719757e-09        7.477806e-10
  6   23        7.402197e-09        9.445434e-10
  6   24        8.802368e-09        1.088301e-09
  6   25        9.759326e-09        1.166143e-09
  6   26        1.016724e-08        1.174271e-09
  6   27        9.986188e-09        1.116924e-09
  6   28        9.244986e-09        1.004783e-09
  6   29        8.035960e-09        8.530156e-10
  6   30        6.502489e-09        6.791793e-10
  6   31        4.821011e-09        5.011665e-10
  6   32        3.179741e-09        3.353720e-10
  6   33        1.756673e-09        1.952196e-10
  6   34        6.994496e-10        9.014308e-11
  6   35        1.093587e-10        2.506896e-11
  6   36        3.117495e-11        3.968020e-13
  6   37        4.498283e-10        1.242874e-11
  6   38        1.294055e-09        5.416225e-11
  6   39        2.446377e-09        1.163340e-10
  6   40        3.758046e-09        1.885886e-10
  6   41        5.067073e-09        2.606459e-10
  6   42        6.217162e-09        3.233504e-10
  6   43        7.075354e-09        3.695096e-10
  6   44        7.546401e-09        3.944550e-10
  6   45        7.582346e-09        3.962947e-10
  6   46        7.186379e-09        3.758569e-10
  6   47        6.410733e-09        3.363574e-10
  6   48        5.349068e-09        2.828476e-10
  6   49        4.124404e-09        2.215175e-10
  6   50        2.874145e-09        1.589380e-10
  6   51        1.733976e-09        1.013242e-10
  6   52        8.225389e-10        5.389671e-11
  6   53        2.285607e-10        2.039712e-11
  6   54        1.840800e-12        2.799131e-12
  6   55        1.489607e-10        1.228920e-12
  6   56        6.340439e-10        1.408858e-11
  6   57        1.384298e-09        3.835439e-11
  6   58        2.299539e-09        7.000589e-11
  6   59        3.264486e-09        1.045309e-10
  6   60        4.162325e-09        1.374480e-10
  6   61        4.887979e-09        1.647886e-10
  6   62        5.359574e-09        1.834915e-10
  6   63        5.526898e-09        1.916727e-10
  6   64        5.375973e-09        1.887498e-10
  6   65        4.929384e-09        1.754181e-10
  6   66        4.242461e-09        1.534893e-10
  6   67        3.395907e-09        1.256208e-10
  6   68        2.485803e-09        9.496954e-11
  6   69        1.612235e-09        6.481397e-11
  6   70        8.678535e-10        3.818640e-11
  6   71        3.276664e-10        1.755484e-11
  6   72        4.116919e-11        4.585776e-12
  6   73        2.762228e-11        8.806888e-15
  6   74        2.748968e-10        3.591762e-12
  6   75        7.418987e-10        1.422248e-11
  6   76        1.364176e-09        3.008218e-11
  6   77        2.061971e-09        4.888629e-11
  6   78        2.749728e-09        6.816262e-11
  6   79        3.345937e-09        8.553436e-11
  6   80        3.782191e-09        9.897686e-11
  6   81        4.010478e-09        1.070214e-10
  6   82        4.007918e-09        1.088867e-10
  6   83        3.778529e-09        1.045276e-10
  6   84        3.351892e-09        9.459995e-11
  6   85        2.778987e-09        8.035016e-11
  6   86        2.125747e-09        6.344569e-11
  6   87        1.465141e-09        4.576767e-11
  6   88        8.687158e-10        2.919083e-11
  6   89        3.985651e-10        1.537563e-11
  6   90        1.006255e-10        5.594580e-12
  6   91        1.109808e-15        6.103607e-13
  6   92        9.878482e-11        6.165552e-13
  6   93        3.765402e-10        5.244325e-12
  6   94        7.933075e-10        1.363111e-11
  6   95        1.294716e-09        2.454067e-11
  6   96        1.818561e-09        3.651874e-11
  6   97        2.302067e-09        4.806536e-11
  6   98        2.688980e-09        5.780396e-11
  6   99        2.935725e-09        6.462874e-11
  7    0        8.072219e-09        2.676133e-07
  7    1        2.685681e-08        2.871023e-07
  7    2        5.580847e-08        2.868929e-07
  7    3        9.417966e-08        2.837675e-07
  7    4        1.409852e-07        2.795851e-07
  7    5        1.950287e-07        2.744810e-07
  7    6        2.549353e-07        2.684986e-07
  7    7        3.191904e-07        2.616865e-07
  7    8        3.861812e-07        2.540991e-07
  7    9        4.542402e-07        2.457965e-07
  7   10        5.216899e-07        2.368438e-07
  7   11        5.868873e-07        2.273108e-07
  7   12        6.482658e-07        2.172708e-07
  7   13        7.043745e-07        2.068001e-07
  7   14        7.539135e-07        1.959773e-07
  7   15        7.957643e-07        1.848822e-07
  7   16        8.290143e-07        1.735954e-07
  7   17        8.529752e-07        1.621973e-07
  7   18        8.671948e-07        1.507672e-07
  7   19        8.714628e-07        1.393827e-07
  7   20        8.658090e-07        1.281191e-07
  7   21        8.504963e-07        1.170484e-07
  7   22        8.260077e-07        1.062389e-07
  7   23        7.930274e-07        9.575431e-08
  7   24        7.524183e-07        8.565373e-08
  7   25        7.051954e-07        7.599070e-08
  7   26        6.524966e-07        6.681296e-08
  7   27        5.955510e-07        5.816212e-08
  7   28        5.356467e-07        5.007340e-08
  7   29        4.740983e-07        4.257536e-08
  7   30        4.122150e-07        3.568986e-08
  7   31        3.512697e-07        2.943199e-08
  7   32        2.924712e-07        2.381007e-08
  7   33        2.369378e-07        1.882580e-08
  7   34        1.856754e-07        1.447443e-08
  7   35        1.395582e-07        1.074500e-08
  7   36        9.931377e-08        7.620669e-09
  7   37        6.551217e-08        5.079106e-09
  7   38        3.855892e-08        3.092923e-09
  7   39        1.869228e-08        1.630171e-09
  7   40        5.984446e-09        6.548760e-10
  7   41        3.464523e-10        1.276125e-10
  7   42        1.536511e-09        6.107674e-12
  7   43        9.171490e-09        2.458640e-10
  7   44        2.274106e-08        8.007947e-10
  7   45        4.162408e-08        1.623864e-09
  7   46        6.510682e-08        2.667722e-09
  7   47        9.240234e-08        3.885327e-09
  7   48        1.226708e-07        5.230546e-09
  7   49        1.550402e-07        6.658730e-09
  7   50        1.886263e-07        8.127248e-09
  7   51        2.225531e-07        9.595983e-09
  7   52        2.559712e-07        1.102778e-08
  7   53        2.880756e-07        1.238882e-08
  7   54        3.181209e-07        1.364899e-08
  7   55        3.454361e-07        1.478212e-08
  7   56        3.694355e-07        1.576619e-08
  7   57        3.896282e-07        1.658349e-08
  7   58        4.056254e-07        1.722065e-08
  7   59        4.171446e-07        1.766869e-08
  7   60        4.240115e-07        1.792292e-08
  7   61        4.261602e-07        1.798280e-08
  7   62        4.236300e-07        1.785180e-08
  7   63        4.165607e-07        1.753708e-08
  7   64        4.051863e-07        1.704924e-08
  7   65        3.898257e-07        1.640195e-08
  7   66        3.708738e-07        1.561157e-08
  7   67        3.487894e-07        1.469670e-08
  7   68        3.240834e-07        1.367777e-08
  7   69        2.973065e-07        1.257656e-08
  7   70        2.690353e-07        1.141574e-08
  7   71        2.398596e-07        1.021835e-08
  7   72        2.103694e-07        9.007395e-09
  7   73        1.811422e-07        7.805370e-09
  7   74        1.527314e-07        6.633825e-09
  7   75        1.256552e-07        5.512988e-09
  7   76        1.003871e-07        4.461396e-09
  7   77        7.734737e-08        3.495593e-09
  7   78        5.689580e-08        2.629856e-09
  7   79        3.932636e-08        1.875986e-09
  7   80        2.486318e-08        1.243153e-09
  7   81        1.365809e-08        7.377871e-10
  7   82        5.789895e-09        3.635433e-10
  7   83        1.265102e-09        1.213085e-10
  7   84        2.015439e-11        9.271636e-12
  7   85        1.925059e-09        2.304343e-11
  7   86        6.788272e-09        1.558255e-10
  7   87        1.436271e-08        3.986234e-10
  7   88        2.435271e-08        7.404979e-10
  7   89        3.642181e-08        1.168850e-09
  7   90        5.020107e-08        1.669729e-09
  7   91        6.529784e-08        2.228165e-09
  7   92        8.130477e-08        2.828507e-09
  7   93        9.780878e-08        3.454768e-09
  7   94        1.143999e-07        4.090970e-09
  7   95        1.306798e-07        4.721474e-09
  7   96        1.462698e-07        5.331295e-09
  7   97        1.608180e-07        5.906398e-09
  7   98        1.740061e-07        6.433962e-09
  7   99        1.855551e-07        6.902611e-09
  8    0        4.253138e-07        1.030572e-05
  8    1        1.422072e-06        1.288042e-05
  8    2        2.978200e-06        1.304336e-05
  8    3        5.079756e-06        1.302074e-05
  8    4        7.708133e-06        1.297922e-05
  8    5        1.084022e-05        1.292779e-05
  8    6        1.444866e-05        1.286675e-05
  8    7        1.850222e-05        1.279625e-05
  8    8        2.296615e-05        1.271646e-05
  8    9        2.780262e-05        1.262755e-05
  8   10        3.297112e-05        1.252969e-05
  8   11        3.842901e-05        1.242310e-05
  8   12        4.413189e-05        1.230799e-05
  8   13        5.003417e-05        1.218459e-05
  8   14        5.608952e-05        1.205317e-05
  8   15        6.225131e-05        1.191396e-05
  8   16        6.847309e-05        1.176726e-05
  8   17        7.470904e-05        1.161334e-05
  8   18        8.091432e-05        1.145249e-05
  8   19        8.704548e-05        1.128503e-05
  8   20        9.306081e-05        1.111126e-05
  8   21        9.892059e-05        1.093150e-05
  8   22        1.045874e-04        1.074607e-05
  8   23        1.100264e-04        1.055532e-05
  8   24        1.152054e-04        1.035957e-05
  8   25        1.200949e-04        1.015916e-05
  8   26        1.246688e-04        9.954439e-06
  8   27        1.289036e-04        9.745744e-06
  8   28        1.327791e-04        9.533421e-06
  8   29        1.362782e-04        9.317815e-06
  8   30        1.393868e-04        9.099269e-06
  8   31        1.420940e-04        8.878125e-06
  8   32        1.443918e-04        8.654722e-06
  8   33        1.462750e-04        8.429394e-06
  8   34        1.477413e-04        8.202472e-06
  8   35        1.487911e-04        7.974281e-06
  8   36        1.494272e-04        7.745139e-06
  8   37        1.496549e-04        7.515360e-06
  8   38        1.494817e-04        7.285249e-06
  8   39        1.489172e-04        7.055102e-06
  8   40        1.479728e-04        6.825210e-06
  8   41        1.466617e-04        6.595855e-06
  8   42        1.449988e-04        6.367311e-06
  8   43        1.430002e-04        6.139842e-06
  8   44        1.406834e-04        5.913706e-06
  8   45        1.380668e-04        5.689152e-06
  8   46        1.351700e-04        5.466421e-06
  8   47        1.320130e-04        5.245748e-06
  8   48        1.286167e-04        5.027358e-06
  8   49        1.250024e-04        4.811470e-06
  8   50        1.211914e-04        4.598298e-06
  8   51        1.172057e-04        4.388047e-06
  8   52        1.130671e-04        4.180918e-06
  8   53        1.087972e-04        3.977104e-06
  8   54        1.044177e-04        3.776796e-06
  8   55        9.995001e-05        3.580175e-06
  8   56        9.541497e-05        3.387422e-06
  8   57        9.083313e-05        3.198711e-06
  8   58        8.622445e-05        3.014210e-06
  8   59        8.160831e-05        2.834084e-06
  8   60        7.700337e-05        2.658494e-06
  8   61        7.242758e-05        2.487596e-06
  8   62        6.789809e-05        2.321539e-06
  8   63        6.343121e-05        2.160469e-06
  8   64        5.904236e-05        2.004527e-06
  8   65        5.474605e-05        1.853846e-06
  8   66        5.055585e-05        1.708555e-06
  8   67        4.648435e-05        1.568775e-06
  8   68        4.254316e-05        1.434621e-06
  8   69        3.874290e-05        1.306197e-06
  8   70        3.509318e-05        1.183602e-06
  8   71        3.160258e-05        1.066923e-06
  8   72        2.827870e-05        9.562388e-07
  8   73        2.512812e-05        8.516160e-07
  8   74        2.215646e-05        7.531103e-07
  8   75        1.936832e-05        6.607653e-07
  8   76        1.676736e-05        5.746112e-07
  8   77        1.435632e-05        4.946652e-07
  8   78        1.213699e-05        4.209298e-07
  8   79        1.011029e-05        3.533930e-07
  8   80        8.276283e-06        2.920277e-07
  8   81        6.634187e-06        2.367912e-07
  8   82        5.182439e-06        1.876249e-07
  8   83        3.918713e-06        1.444541e-07
  8   84        2.839958e-06        1.071880e-07
  8   85        1.942443e-06        7.571979e-08
  8   86        1.221792e-06        4.992639e-08
  8   87        6.730277e-07        2.966906e-08
  8   88        2.906117e-07        1.479361e-08
  8   89        6.848945e-08        5.130765e-09
  8   90        1.324880e-10        4.968301e-10
  8   91        7.858239e-08        6.942695e-10
  8   92        2.964947e-07        5.512480e-09
  8   93        6.461830e-07        1.472863e-08
  8   94        1.119663e-06        2.810855e-08
  8   95        1.708694e-06        4.540779e-08
  8   96        2.404826e-06        6.637260e-08
  8   97        3.199439e-06        9.074111e-08
  8   98        4.083785e-06        1.182445e-07
  8   99        5.049030e-06        1.486081e-07
  9    0        6.694938e-11        1.246966e-09
  9    1        2.241257e-10        1.821367e-09
  9    2        4.702861e-10        1.874196e-09
  9    3        8.042559e-10        1.870788e-09
  9    4        1.224474e-09        1.865812e-09
  9    5        1.728992e-09        1.861977e-09
  9    6        2.315497e-09        1.858611e-09
  9    7        2.981328e-09        1.855260e-09
  9    8        3.723505e-09        1.851707e-09
  9    9        4.538753e-09        1.847853e-09
  9   10        5.423535e-09        1.843655e-09
  9   11        6.374083e-09        1.839096e-09
  9   12        7.386427e-09        1.834172e-09
  9   13        8.456432e-09        1.828891e-09
  9   14        9.579827e-09        1.823271e-09
  9   15        1.075224e-08        1.817337e-09
  9   16        1.196923e-08        1.811122e-09
  9   17        1.322632e-08        1.804666e-09
  9   18        1.451902e-08        1.798015e-09
  9   19        1.584285e-08        1.791221e-09
  9   20        1.719339e-08        1.784342e-09
  9   21        1.856627e-08        1.777438e-09
  9   22        1.995723e-08        1.770572e-09
  9   23        2.136210e-08        1.763810e-09
  9   24        2.277685e-08        1.757219e-09
  9   25        2.419757e-08        1.750866e-09
  9   26        2.562053e-08        1.744821e-09
  9   27        2.704213e-08        1.739151e-09
  9   28        2.845896e-08        1.733928e-09
  9   29        2.986780e-08        1.729221e-09
  9   30        3.126559e-08        1.725105e-09
  9   31        3.264946e-08        1.721653e-09
  9   32        3.401673e-08        1.718942e-09
  9   33        3.536490e-08        1.717048e-09
  9   34        3.669165e-08        1.716050e-09
  9   35        3.799485e-08        1.716023e-09
  9   36        3.927254e-08        1.717043e-09
  9   37        4.052294e-08        1.719179e-09
  9   38        4.174443e-08        1.722495e-09
  9   39        4.293554e-08        1.727045e-09
  9   40        4.409500e-08        1.732876e-09
  9   41        4.522163e-08        1.740018e-09
  9   42        4.631443e-08        1.748489e-09
  9   43        4.737252e-08        1.758290e-09
  9   44        4.839516e-08        1.769405e-09
  9   45        4.938172e-08        1.781801e-09
  9   46        5.033168e-08        1.795424e-09
  9   47        5.124464e-08        1.810206e-09
  9   48        5.212030e-08        1.826057e-09
  9   49        5.295844e-08        1.842873e-09
  9   50        5.375893e-08        1.860534e-09
  9   51        5.452173e-08        1.878907e-09
  9   52        5.524686e-08        1.897846e-09
  9   53        5.593443e-08        1.917198e-09
  9   54        5.658460e-08        1.936800e-09
  9   55        5.719757e-08        1.956485e-09
  9   56        5.777363e-08        1.976084e-09
  9   57        5.831309e-08        1.995427e-09
  9   58        5.881633e-08        2.014345e-09
  9   59        5.928373e-08        2.032675e-09
  9   60        5.971575e-08        2.050258e-09
  9   61        6.011285e-08        2.066943e-09
  9   62        6.047553e-08        2.082585e-09
  9   63        6.080432e-08        2.097053e-09
  9   64        6.109977e-08        2.110225e-09
  9   65        6.136244e-08        2.121990e-09
  9   66        6.159293e-08        2.132249e-09
  9   67        6.179183e-08        2.140917e-09
  9   68        6.195976e-08        2.147922e-09
  9   69        6.209733e-08        2.153202e-09
  9   70        6.220519e-08        2.156710e-09
  9   71        6.228397e-08        2.158409e-09
  9   72        6.233432e-08        2.158277e-09
  9   73        6.235689e-08        2.156301e-09
  9   74        6.235233e-08        2.152479e-09
  9   75        6.232129e-08        2.146819e-09
  9   76        6.226444e-08        2.139338e-09
  9   77        6.218242e-08        2.130064e-09
  9   78        6.207588e-08        2.119031e-09
  9   79        6.194548e-08        2.106279e-09
  9   80        6.179187e-08        2.091858e-09
  9   81        6.161569e-08        2.075820e-09
  9   82        6.141758e-08        2.058225e-09
  9   83        6.119818e-08        2.039135e-09
  9   84        6.095811e-08        2.018618e-09
  9   85        6.069801e-08        1.996742e-09
  9   86        6.041848e-08        1.973581e-09
  9   87        6.012015e-08        1.949207e-09
  9   88        5.980362e-08        1.923697e-09
  9   89        5.946949e-08        1.897126e-09
  9   90        5.911835e-08        1.869572e-09
  9   91        5.875078e-08        1.841110e-09
  9   92        5.836737e-08        1.811817e-09
  9   93        5.796868e-08        1.781768e-09
  9   94        5.755527e-08        1.751037e-09
  9   95        5.712771e-08        1.719699e-09
  9   96        5.668653e-08        1.687824e-09
  9   97        5.623228e-08        1.655481e-09
  9   98        5.576548e-08        1.622740e-09
  9   99        5.528666e-08        1.589666e-09
