12  2.175679983e-07
4 3  3.914917571e-01  1.333333333e+00  7.808209856e-01  5.048066061e-01  3.264682844e+08 -3.706997647e-02  1.101249234e+06  3.142175190e+02  1.375127664e+00  1.467106168e-03 -2.316610219e-02 -3.559223472e-02 -4.145659974e+00 -5.918075281e+00  7.149148811e-03  1.891541033e-03  9.924813574e-01  1.011813962e+00  2.680916982e+00  3.331736689e-01
5 3  5.097757595e-01  1.666666667e+00  7.113188563e-01  5.048066061e-01  2.450761402e+08 -2.638976777e-02  7.069999177e+05  2.126835277e+02  1.298070051e+00  1.608616480e-03 -1.508712237e-02 -2.444648449e-02 -2.899020992e+00 -5.117667023e+00  1.038819836e-02  2.650157674e-03  1.045579021e+00  1.008072747e+00  2.782409779e+00  4.931133923e-01
6 3  6.062179432e-01  2.000000000e+00  6.712500421e-01  5.048066061e-01  2.058093565e+08 -2.001036988e-02  2.120529513e+06  1.717860515e+02  1.336118146e+00  1.938141673e-03 -1.131908324e-02 -1.878021088e-02 -2.131487401e+00 -4.287936779e+00  1.144222490e-02  2.631453830e-03  1.122012818e+00  1.005435552e+00  2.750121056e+00  6.107682072e-01
7 3  6.928767954e-01  2.333333333e+00  6.440413050e-01  5.048066061e-01  1.829717807e+08 -1.500788304e-02  1.199234867e+06  1.411602519e+02  1.394369327e+00  2.333280591e-03 -8.554644217e-03 -1.479587126e-02 -1.649290749e+00 -3.666826830e+00  1.070028906e-02  2.558624187e-03  1.203444538e+00  1.003316155e+00  2.688535821e+00  7.085290068e-01
8 3  7.710731046e-01  2.666666667e+00  6.248820729e-01  5.048066061e-01  1.666756298e+08 -9.026843616e-03  1.329052957e+06  1.193685205e+02  1.421099026e+00  2.573562394e-03 -3.805047007e-03 -9.079096605e-03 -1.288116832e+00 -3.116551714e+00  1.122298768e-02  3.017356826e-03  1.294043544e+00  1.001625452e+00  2.613550976e+00  7.912445998e-01
9 3  8.366088605e-01  3.000000000e+00  6.121115643e-01  5.048066061e-01  1.421308081e+08 -6.730485005e-03  3.809364248e+06  1.030746481e+02  1.346259466e+00  2.450914669e-03 -1.677254871e-03 -6.438167621e-03 -1.072341872e+00 -2.776648601e+00  9.312792688e-03  2.854369015e-03  1.412668852e+00  1.000414754e+00  2.517561563e+00  8.564660294e-01
10 3  8.835959258e-01  3.333333333e+00  6.042211201e-01  5.048066061e-01  1.180046612e+08 -3.557891483e-03  6.065286802e+06  8.998807565e+01  1.209736959e+00  2.081414612e-03  1.619153889e-03 -3.080552768e-03 -9.361026296e-01 -2.657699323e+00  5.494369211e-03  1.859222229e-03  1.585187735e+00  9.996780809e-01  2.391299297e+00  9.028825203e-01
11 3  9.185507203e-01  3.666666667e+00  5.938739549e-01  5.048066061e-01  1.145448458e+08  2.814703829e-03  4.264219155e+06  7.851192629e+01  1.278404555e+00  4.016490882e-03  1.830233162e-02  5.533045990e-03 -6.015954251e+00 -5.737685472e+00  3.868672363e-03  1.806766545e-03  1.846174625e+00  9.992712950e-01  2.258988032e+00  9.360571122e-01
12 3  9.628093888e-01  4.000000000e+00  2.967359749e-01  5.048066061e-01  3.627049183e+07  2.186781587e-02  7.991698609e+05  8.770187749e+01  1.155533560e+00  1.201705521e-02  7.048066674e-02  2.018276106e-02 -3.729494612e+01 -1.933368150e+01  7.277529953e-03  4.078547662e-03  2.110556243e+00  9.997647787e-01  2.171585692e+00  9.745859094e-01
13 3  9.808477765e-01  4.333333333e+00  2.291177544e-01  5.048066061e-01  1.257818729e+07  2.196276539e-02  4.444334875e+05  9.354528776e+01  8.444224067e-01  7.546999242e-03  3.362148966e-02  1.283653582e-02 -1.372698559e+01 -9.249673782e+00  7.811427555e-03  4.726067688e-03  2.943185181e+00  9.999087978e-01  2.042390180e+00  9.874934588e-01
14 3  9.901264127e-01  4.666666667e+00  2.115770974e-01  5.048066061e-01  6.887206373e+06  1.688814370e-02  3.517321545e+05  9.149756323e+01  6.651637321e-01  4.941867666e-03  2.105389882e-02  7.907134883e-03 -9.865913111e+00 -5.629387462e+00  7.319454624e-03  4.615105607e-03  4.565260221e+00  9.999436110e-01  1.914512405e+00  9.936125179e-01
15 3  9.958348019e-01  5.000000000e+00  2.029429705e-01  5.048066061e-01  4.302802447e+06  1.409123405e-02  3.087802378e+05  8.694172754e+01  5.194413203e-01  3.010086292e-03  1.513676368e-02  5.272023456e-03 -8.392308734e+00 -3.960590681e+00  6.476209786e-03  4.178128433e-03  8.998724724e+00  9.999712545e-01  1.797229842e+00  9.973088777e-01
