11  2.176202304e-07
4 3  4.224290075e-01  1.333333333e+00  7.598764076e-01  5.075741259e-01  3.077277645e+08 -3.048911180e-02  5.838536243e+05  3.267681358e+02  1.378278257e+00  1.678914011e-03 -1.698155326e-02 -2.860095984e-02 -4.001450047e+00 -6.151496756e+00  7.702496486e-03  2.076802399e-03  9.944339668e-01  1.014845661e+00  2.714194999e+00  3.662024541e-01
5 3  5.506905971e-01  1.666666667e+00  6.846792129e-01  5.075741259e-01  2.163376270e+08 -2.258742916e-02  1.463268930e+06  2.320460348e+02  1.291314273e+00  1.777422323e-03 -1.279516698e-02 -2.058928509e-02 -2.822704175e+00 -4.522385718e+00  1.174909670e-02  2.812182704e-03  1.053533940e+00  1.008967089e+00  2.814245381e+00  5.380385390e-01
6 3  6.515489838e-01  2.000000000e+00  6.421119987e-01  5.075741259e-01  1.789517908e+08 -1.717110247e-02  1.769795711e+06  1.810640763e+02  1.299990752e+00  1.966168881e-03 -1.016393610e-02 -1.608175267e-02 -2.124322993e+00 -3.507353741e+00  1.085171569e-02  2.489983388e-03  1.136274263e+00  1.005470826e+00  2.765111192e+00  6.593653978e-01
7 3  7.380260065e-01  2.333333333e+00  6.142893175e-01  5.075741259e-01  1.648232908e+08 -1.125461393e-02  1.010221710e+06  1.486932394e+02  1.339757415e+00  2.153556560e-03 -6.679543858e-03 -1.144210600e-02 -1.569082081e+00 -2.863095616e+00  1.097203935e-02  2.774191491e-03  1.226228584e+00  1.003038943e+00  2.678173605e+00  7.551242948e-01
8 3  8.126447712e-01  2.666666667e+00  6.013558775e-01  5.075741259e-01  1.500872189e+08 -7.170215364e-03  2.564536795e+06  1.287148605e+02  1.313177505e+00  1.920182228e-03 -4.503580286e-03 -7.884281913e-03 -4.233569307e-02 -2.446396341e+00  1.039763607e-02  3.015936496e-03  1.331777057e+00  1.001206018e+00  2.575618374e+00  8.321639916e-01
9 3  8.680261014e-01  3.000000000e+00  6.162270173e-01  5.075741259e-01  1.301338889e+08 -2.241889716e-04  5.774404758e+06  1.094762320e+02  1.197501493e+00  1.185636712e-03 -1.051902696e-03 -2.696295399e-03  3.044483539e+00 -2.304041961e+00  6.612511586e-03  2.146030619e-03  1.476352577e+00  9.999675325e-01  2.442437612e+00  8.880719094e-01
10 3  9.116946147e-01  3.333333333e+00  6.016788038e-01  5.075741259e-01  1.296236272e+08 -5.452957206e-03  4.897532116e+06  9.256807616e+01  1.316163848e+00  4.860748316e-03  2.101435698e-02  4.143082216e-03 -1.492324621e+01 -5.747087335e+00  4.216312895e-03  1.810372419e-03  1.687485012e+00  9.992876041e-01  2.307210366e+00  9.303483865e-01
11 3  9.571799935e-01  3.666666667e+00  3.472528086e-01  5.075741259e-01  3.810899343e+07  1.470637771e-02  9.867593499e+05  9.185568881e+01  1.093140055e+00  1.074570785e-02  6.581264874e-02  1.749851355e-02 -3.435571508e+01 -2.097789425e+01  6.392719594e-03  3.605974285e-03  1.999615856e+00  9.997029145e-01  2.203023807e+00  9.708188233e-01
12 3  9.778595680e-01  4.000000000e+00  2.525391630e-01  5.075741259e-01  1.308403846e+07  2.508123214e-02  4.797264593e+05  1.010723464e+02  8.563987335e-01  8.412346977e-03  3.826368841e-02  1.669966412e-02 -1.987435988e+01 -9.625336436e+00  7.683825061e-03  4.708227292e-03  2.813081564e+00  9.998909832e-01  2.063455941e+00  9.858849633e-01
13 3  9.889921764e-01  4.333333333e+00  2.193843371e-01  5.075741259e-01  6.760975678e+06  2.153555047e-02  3.624362884e+05  1.028173607e+02  6.722084665e-01  5.498792841e-03  2.473823534e-02  1.161510181e-02 -1.510015017e+01 -5.522677504e+00  7.317242449e-03  4.714295262e-03  4.434490946e+00  9.999488159e-01  1.926524688e+00  9.930835524e-01
14 3  9.956846369e-01  4.666666667e+00  2.032857781e-01  5.075741259e-01  4.048093650e+06  1.809259995e-02  3.122547729e+05  9.994889840e+01  5.164032625e-01  3.242397455e-03  1.745409318e-02  7.721455879e-03 -1.293116501e+01 -3.788464916e+00  6.443644199e-03  4.265850102e-03  9.237885448e+00  9.999794529e-01  1.801076466e+00  9.972944148e-01
