10  2.282306289e-07
4 3  4.321461819e-01  1.333333333e+00  6.836911506e-01  5.072306555e-01  3.035392198e+08 -3.478765231e-02  4.693417952e+05  3.251077900e+02  1.391084607e+00  1.760700855e-03 -1.894395595e-02 -3.162035284e-02 -4.867031828e+00 -5.999446971e+00  7.904048568e-03  2.137183647e-03  9.950398307e-01  1.015672497e+00  2.730073444e+00  3.741287690e-01
5 3  5.645223633e-01  1.666666667e+00  6.031363503e-01  5.072306555e-01  2.058118857e+08 -2.619192913e-02  1.642315305e+06  2.344447659e+02  1.291956033e+00  1.838355653e-03 -1.561898454e-02 -2.401269005e-02 -2.940353505e+00 -4.681436052e+00  1.191739914e-02  2.818200807e-03  1.055670134e+00  1.009221980e+00  2.834965618e+00  5.515299620e-01
6 3  6.683709888e-01  2.000000000e+00  5.639039264e-01  5.072306555e-01  1.685046254e+08 -1.895925374e-02  1.465899492e+06  1.810997732e+02  1.305315827e+00  2.062735997e-03 -1.186155184e-02 -1.813680510e-02 -1.922641360e+00 -3.738298036e+00  1.074745310e-02  2.488784141e-03  1.138383828e+00  1.005362659e+00  2.786371632e+00  6.769945930e-01
7 3  7.572628415e-01  2.333333333e+00  5.415983673e-01  5.072306555e-01  1.508568865e+08 -1.138856331e-02  1.073862422e+06  1.474971734e+02  1.330082192e+00  2.234253485e-03 -6.588981169e-03 -1.155054348e-02 -1.273604929e+00 -3.053829611e+00  1.110839445e-02  2.904407264e-03  1.230656236e+00  1.002700217e+00  2.698793557e+00  7.757017561e-01
8 3  8.308543529e-01  2.666666667e+00  5.304282088e-01  5.072306555e-01  1.308822006e+08 -8.522700418e-03  3.337957012e+06  1.265391208e+02  1.276362837e+00  2.052052899e-03 -4.815150590e-03 -8.767994628e-03 -5.287047041e-01 -2.569584644e+00  9.565106850e-03  2.903169850e-03  1.350678652e+00  1.000890995e+00  2.586256787e+00  8.507389061e-01
9 3  8.831821845e-01  3.000000000e+00  5.325308596e-01  5.072306555e-01  1.096383416e+08 -2.351528060e-03  5.831393681e+06  1.085746505e+02  1.139068887e+00  1.444783417e-03 -1.081639255e-03 -3.855404089e-03  1.364609770e+00 -2.375450744e+00  5.472824510e-03  1.853275285e-03  1.528629154e+00  9.998509463e-01  2.441141767e+00  9.020183634e-01
10 3  9.195824223e-01  3.333333333e+00  5.341996573e-01  5.072306555e-01  1.019664983e+08  1.387946602e-03  4.018661595e+06  9.258740953e+01  1.086481865e+00  2.029349102e-03  1.067405472e-02  4.084417394e-03 -5.768742447e+00 -2.046179828e+00  3.528030787e-03  1.667025611e-03  1.814847877e+00  9.993688864e-01  2.286474880e+00  9.368612163e-01
11 3  9.546762050e-01  3.666666667e+00  3.821257714e-01  5.072306555e-01  1.082833094e+08  7.482946164e-03  1.078578199e+06  8.731527448e+01  1.353946725e+00  9.403872326e-03  8.236980517e-02  1.559050400e-02 -4.415898139e+01 -1.979821463e+01  6.722087473e-03  3.472363570e-03  2.200837228e+00  9.994612717e-01  2.158138598e+00  9.683690561e-01
12 3  9.820933066e-01  4.000000000e+00  2.346865013e-01  5.072306555e-01  1.184636791e+07  2.784533245e-02  4.099575192e+05  9.881884107e+01  8.361837922e-01  1.043310165e-02  5.126961324e-02  1.630715550e-02 -2.298224683e+01 -1.619390090e+01  7.875697369e-03  4.869867125e-03  3.043340852e+00  9.998718608e-01  2.035943869e+00  9.885580369e-01
13 3  9.917748905e-01  4.333333333e+00  2.040791634e-01  5.072306555e-01  5.002599316e+06  2.397435177e-02  3.244674327e+05  9.947545516e+01  6.027580389e-01  5.231126184e-03  2.579407977e-02  1.143915646e-02 -1.753127832e+01 -5.803421400e+00  6.932932336e-03  4.587512922e-03  5.040233196e+00  9.999491880e-01  1.898006247e+00  9.947925099e-01
