10  2.057895443e-07
4 3  4.736114878e-01  1.333333333e+00  7.485339331e-01  5.061695627e-01  3.539169900e+08 -2.403922220e-02  2.808656412e+05  4.339138943e+02  1.376964027e+00  1.559868264e-03 -1.344421349e-02 -2.206929571e-02 -3.448072206e+00 -4.993277723e+00  8.872769153e-03  2.438188602e-03  9.942963405e-01  1.015746562e+00  2.848486670e+00  4.213672190e-01
5 3  6.134715124e-01  1.666666667e+00  6.673642171e-01  5.061695627e-01  2.342726630e+08 -1.368852582e-02  2.256446058e+06  2.960712056e+02  1.254724036e+00  1.734263203e-03 -4.859206711e-03 -1.197475072e-02 -2.534212331e+00 -4.822252089e+00  1.160401003e-02  2.655864564e-03  1.066703674e+00  1.007764250e+00  2.928531758e+00  6.092882703e-01
6 3  7.146881532e-01  2.000000000e+00  6.231540322e-01  5.061695627e-01  1.807519935e+08 -6.993257966e-03  1.125992809e+06  2.243367376e+02  1.210625831e+00  1.851364929e-03 -2.079559471e-04 -6.175806322e-03 -2.003064409e+00 -4.132559894e+00  1.036057742e-02  2.527733695e-03  1.169713257e+00  1.004124219e+00  2.832822538e+00  7.290043449e-01
7 3  7.932765774e-01  2.333333333e+00  5.949753470e-01  5.061695627e-01  1.588526494e+08 -3.031498996e-03  1.967524573e+06  1.822693387e+02  1.217671686e+00  1.992479975e-03  2.591069117e-03 -2.628223467e-03 -1.688462128e+00 -3.534860136e+00  1.051598367e-02  2.925657068e-03  1.295115230e+00  1.002205729e+00  2.689986288e+00  8.132208678e-01
8 3  8.604170894e-01  2.666666667e+00  5.767668078e-01  5.061695627e-01  1.365340675e+08 -2.763200508e-03  5.496687085e+06  1.553613910e+02  1.193594157e+00  1.921969961e-03  1.589905308e-03 -2.645946097e-03 -5.467387140e-01 -3.155671733e+00  7.527825496e-03  2.405325532e-03  1.460544104e+00  1.000862163e+00  2.549528705e+00  8.778692062e-01
9 3  9.052228099e-01  3.000000000e+00  6.182027834e-01  5.061695627e-01  1.071467247e+08  1.309236089e-02  5.839990187e+06  1.291471388e+02  9.919071170e-01  1.536739838e-03 -3.226780809e-03  1.692290111e-03  1.641654695e+01 -2.965326839e+00  3.968962654e-03  1.540377052e-03  1.721024411e+00  9.999458369e-01  2.382078394e+00  9.209681993e-01
10 3  9.300945051e-01  3.333333333e+00  7.342261089e-01  5.061695627e-01  9.781382883e+07  2.011658751e-02  3.766199358e+06  1.067817871e+02  8.532731140e-01  1.158687085e-03  4.333923875e-03  9.263681149e-03  1.773767811e+01 -2.321856634e+00  2.784640330e-03  1.450731425e-03  2.238516777e+00  9.994309422e-01  2.201640794e+00  9.442355147e-01
11 3  9.730713552e-01  3.666666667e+00  3.662311035e-01  5.061695627e-01  6.634210742e+07  2.774089483e-02  6.247327231e+05  1.151714309e+02  1.172488747e+00  1.141988009e-02  9.849887832e-02  1.801823200e-02 -4.476387476e+01 -3.667194228e+01  8.561615529e-03  4.506945466e-03  2.471531068e+00  9.996837509e-01  2.094504174e+00  9.809560489e-01
12 3  9.894935520e-01  4.000000000e+00  2.635192623e-01  5.061695627e-01  9.672926063e+06  2.403252891e-02  3.860917048e+05  1.192142367e+02  6.570536679e-01  6.859125930e-03  4.359814095e-02  1.003302964e-02 -2.311085468e+01 -1.741434474e+01  7.207446260e-03  4.472330082e-03  3.976623831e+00  9.999104637e-01  1.952807479e+00  9.927330366e-01
13 3  9.960002687e-01  4.333333333e+00  2.377608642e-01  5.061695627e-01  4.015597363e+06  2.127202163e-02  3.290229172e+05  1.134837682e+02  4.723757036e-01  3.889801775e-03  2.499459161e-02  7.381115744e-03 -1.811823138e+01 -8.401999610e+00  6.100796220e-03  4.060307256e-03  8.191569113e+00  9.999726512e-01  1.814557855e+00  9.972373695e-01
