13  2.359682348e-07
4 3  3.694040431e-01  1.333333333e+00  7.620169116e-01  5.093160536e-01  2.741038152e+08 -4.561283862e-02  1.444396973e+06  2.458484304e+02  1.390323834e+00  1.610840947e-03 -2.967546546e-02 -4.342631208e-02 -5.710307850e+00 -5.278303912e+00  4.444733662e-03  2.000042136e-03  9.903288563e-01  1.008629565e+00  2.656176574e+00  3.155609700e-01
5 3  4.846339949e-01  1.666666667e+00  6.818829661e-01  5.093160536e-01  2.155163019e+08 -3.508423086e-02  4.237298158e+05  1.693383305e+02  1.319509343e+00  1.757926229e-03 -2.145192919e-02 -3.204782110e-02 -4.068581881e+00 -4.790964258e+00  6.571734853e-03  2.526877397e-03  1.036787163e+00  1.005723003e+00  2.779750704e+00  4.741734178e-01
6 3  5.786114495e-01  2.000000000e+00  6.350948753e-01  5.093160536e-01  1.823084843e+08 -2.486482472e-02  2.001800993e+06  1.330889268e+02  1.343111359e+00  2.039457645e-03 -1.466358132e-02 -2.311386799e-02 -2.996950619e+00 -4.075746161e+00  9.591384352e-03  3.216758655e-03  1.106973439e+00  1.003728735e+00  2.760169328e+00  5.913469722e-01
7 3  6.605344325e-01  2.333333333e+00  6.041808177e-01  5.093160536e-01  1.643180565e+08 -2.103737000e-02  1.388092492e+06  1.137052903e+02  1.377304609e+00  2.306636129e-03 -1.351597519e-02 -2.062029664e-02 -2.343611212e+00 -3.518157248e+00  9.191995204e-03  3.059908740e-03  1.184706552e+00  1.002193231e+00  2.696699048e+00  6.845796617e-01
8 3  7.330152868e-01  2.666666667e+00  5.824218833e-01  5.093160536e-01  1.561107005e+08 -1.741311039e-02  9.913464931e+05  1.018902722e+02  1.411139629e+00  2.509984170e-03 -1.169528415e-02 -1.782930145e-02 -1.876035998e+00 -3.062514810e+00  9.458979922e-03  3.217309006e-03  1.267233606e+00  1.000966526e+00  2.615328185e+00  7.616181722e-01
9 3  7.977597377e-01  3.000000000e+00  5.675977792e-01  5.093160536e-01  1.448835832e+08 -1.355633963e-02  2.255316692e+06  9.038248925e+01  1.425273354e+00  2.592256610e-03 -8.026592694e-03 -1.319648431e-02 -1.252114351e+00 -2.648964628e+00  9.591616611e-03  3.426750823e-03  1.363832580e+00  1.000005362e+00  2.527641797e+00  8.256396641e-01
10 3  8.497439911e-01  3.333333333e+00  5.637566089e-01  5.093160536e-01  1.235125027e+08 -6.816153795e-03  4.908120159e+06  7.839018358e+01  1.307721701e+00  2.016756019e-03 -3.776442458e-03 -7.612757910e-03  7.110543003e-01 -2.438961741e+00  7.485300039e-03  3.052201250e-03  1.485615634e+00  9.993531765e-01  2.421534688e+00  8.755519030e-01
11 3  8.861279288e-01  3.666666667e+00  5.740262705e-01  5.093160536e-01  1.078543016e+08  3.193929350e-04  5.795708195e+06  6.778912323e+01  1.184419301e+00  1.640346879e-03  1.794716206e-03 -1.759423052e-03  2.521259372e+00 -2.696811813e+00  5.025212605e-03  2.293079880e-03  1.668830035e+00  9.989989832e-01  2.294839840e+00  9.101940571e-01
12 3  9.160993129e-01  4.000000000e+00  5.621587807e-01  5.093160536e-01  1.118253048e+08  5.179251924e-05  3.948165958e+06  6.038428745e+01  1.337196348e+00  5.486007009e-03  3.035626942e-02  8.198573233e-03 -1.505191957e+01 -7.272546388e+00  4.336456057e-03  2.057750251e-03  1.915797359e+00  9.989000560e-01  2.174537713e+00  9.375685636e-01
13 3  9.587136465e-01  4.333333333e+00  3.055203974e-01  5.093160536e-01  3.587971874e+07  1.333365128e-02  1.127529160e+06  6.639082654e+01  1.234700714e+00  1.389593470e-02  6.981914006e-02  1.869647793e-02 -4.159846231e+01 -1.704166016e+01  4.131404283e-03  2.658075426e-03  2.106481550e+00  9.996419908e-01  2.102198117e+00  9.735492320e-01
14 3  9.770634824e-01  4.666666667e+00  2.254630078e-01  5.093160536e-01  1.325947465e+07  2.378017871e-02  3.086314471e+05  7.123055889e+01  9.410735154e-01  9.427052398e-03  3.893616355e-02  1.524395121e-02 -2.214476659e+01 -8.304624439e+00  4.336279782e-03  2.631504286e-03  2.786772601e+00  9.998540818e-01  1.989825377e+00  9.860914708e-01
15 3  9.872610590e-01  5.000000000e+00  1.980417789e-01  5.093160536e-01  7.393604242e+06  2.092517103e-02  1.828490088e+05  7.163240101e+01  7.631783130e-01  6.465518390e-03  2.571267794e-02  1.049085434e-02 -1.637777616e+01 -5.132571702e+00  4.280396152e-03  2.396334328e-03  4.039112304e+00  9.999208541e-01  1.876678892e+00  9.923800770e-01
16 3  9.931250976e-01  5.333333333e+00  1.854870650e-01  5.093160536e-01  4.796059902e+06  1.851668129e-02  1.431761128e+05  6.900291325e+01  6.092857077e-01  4.116906160e-03  1.970217736e-02  7.677843060e-03 -1.398448158e+01 -3.825051900e+00  3.899011454e-03  2.079741522e-03  6.261037669e+00  9.999549990e-01  1.769897132e+00  9.958996481e-01
