12  2.139571660e-07
4 3  3.709281907e-01  1.333333333e+00  8.693559854e-01  5.060141220e-01  3.469695304e+08 -4.173266361e-02  1.778989071e+06  3.167603799e+02  1.426581022e+00  1.466638462e-03 -2.964934654e-02 -4.149219038e-02 -3.317272015e+00 -5.954238052e+00  4.481304603e-03  2.015834325e-03  9.911941804e-01  1.009568012e+00  2.638431410e+00  3.064864533e-01
5 3  4.914868905e-01  1.666666667e+00  8.039125752e-01  5.060141220e-01  2.670098895e+08 -3.402056018e-02  4.406170897e+05  2.082686327e+02  1.336747681e+00  1.633668732e-03 -2.300923983e-02 -3.220576796e-02 -2.946981619e+00 -4.992937331e+00  6.530118224e-03  2.521829681e-03  1.035947298e+00  1.006252349e+00  2.787592058e+00  4.718847965e-01
6 3  5.893033640e-01  2.000000000e+00  7.578607777e-01  5.060141220e-01  2.252810053e+08 -2.486637602e-02  2.188010328e+06  1.658910097e+02  1.357265400e+00  1.920960694e-03 -1.595829076e-02 -2.337577781e-02 -2.557222168e+00 -4.070489652e+00  9.563312001e-03  3.226228009e-03  1.106318716e+00  1.003959922e+00  2.778973615e+00  5.942897615e-01
7 3  6.743843078e-01  2.333333333e+00  7.226436969e-01  5.060141220e-01  2.018499995e+08 -1.907673167e-02  1.430471904e+06  1.390924401e+02  1.386157028e+00  2.171925772e-03 -1.218663691e-02 -1.848174244e-02 -2.281504304e+00 -3.415912964e+00  9.128721823e-03  3.040582413e-03  1.186338222e+00  1.002205447e+00  2.721112846e+00  6.916399475e-01
8 3  7.482809913e-01  2.666666667e+00  6.950011942e-01  5.060141220e-01  1.900540775e+08 -1.445754797e-02  1.142339250e+06  1.211320138e+02  1.395598160e+00  2.282277265e-03 -8.946636817e-03 -1.450193706e-02 -2.081923240e+00 -2.944010662e+00  9.400095652e-03  3.203092112e-03  1.275663700e+00  1.000902554e+00  2.638438046e+00  7.704936029e-01
9 3  8.117942927e-01  3.000000000e+00  6.732780731e-01  5.060141220e-01  1.762759506e+08 -1.164347215e-02  2.823819425e+06  1.059214425e+02  1.391983591e+00  2.334652215e-03 -5.794188333e-03 -1.083003044e-02 -1.925126606e+00 -2.584416929e+00  9.375128376e-03  3.347178522e-03  1.382995897e+00  9.999757083e-01  2.541986922e+00  8.341591352e-01
10 3  8.627618603e-01  3.333333333e+00  6.564797623e-01  5.060141220e-01  1.532866689e+08 -8.030570544e-03  5.872369997e+06  9.275735885e+01  1.303044052e+00  2.188127488e-03 -1.634317366e-03 -6.814965392e-03 -1.895154566e+00 -2.585812655e+00  6.884672584e-03  2.897581839e-03  1.516728793e+00  9.993436635e-01  2.429887566e+00  8.844675727e-01
11 3  9.003772607e-01  3.666666667e+00  6.453227663e-01  5.060141220e-01  1.289989873e+08 -1.761923107e-03  5.769862353e+06  8.175732013e+01  1.184935489e+00  2.432443518e-03  7.630662658e-03 -9.785200368e-04 -1.489450873e+00 -4.672711633e+00  4.488690939e-03  2.080530251e-03  1.716735632e+00  9.989737964e-01  2.304444787e+00  9.209807542e-01
12 3  9.398164660e-01  4.000000000e+00  5.287180944e-01  5.060141220e-01  1.395376229e+08 -1.159577264e-02  2.335032498e+06  7.606880514e+01  2.032340546e+00  2.667190948e-02  7.945183121e-02  1.504406674e-02 -5.984616352e+01 -2.013691093e+01  5.395040597e-03  2.836930234e-03  1.914625965e+00  9.991376107e-01  2.205299041e+00  9.567969288e-01
13 3  9.716827471e-01  4.333333333e+00  2.812523598e-01  5.060141220e-01  1.865327245e+07  2.982755150e-02  5.063040793e+05  8.740093983e+01  9.937466758e-01  1.005691022e-02  4.650103770e-02  2.066814427e-02 -1.761690256e+01 -1.144962231e+01  4.081357163e-03  2.662356755e-03  2.376957752e+00  9.998171172e-01  2.106115015e+00  9.821318971e-01
14 3  9.844054257e-01  4.666666667e+00  2.543155090e-01  5.060141220e-01  9.388132074e+06  2.466118656e-02  2.316500852e+05  8.664528030e+01  7.915485071e-01  6.742370585e-03  2.804709076e-02  1.470560659e-02 -9.959699371e+00 -5.883375498e+00  4.207144212e-03  2.470304195e-03  3.418109515e+00  9.998888368e-01  1.981426925e+00  9.903958573e-01
15 3  9.916556929e-01  5.000000000e+00  2.429968637e-01  5.060141220e-01  5.920298796e+06  1.907824893e-02  1.667122643e+05  8.296843059e+01  6.366725330e-01  4.408040588e-03  1.889644553e-02  9.158722670e-03 -8.736701872e+00 -4.010720883e+00  3.949251333e-03  2.172748520e-03  5.359798862e+00  9.999232507e-01  1.863016472e+00  9.948898781e-01
