 5.040536126e-01  1.777486958e+01 -1.332580243e+01  1.320616609e+01  8.896831583e-01  2.175873260e+00  1.696600253e-05  4.786838719e-01
 6.248975319e-01  2.678589743e+00 -8.907024187e+00  1.461111680e+01  2.153065153e+00  2.365157901e+00  2.963163328e-05  6.344300208e-01
 7.198869502e-01 -1.733467570e+00 -6.928387658e+00  6.124276810e+00  1.905466346e+00  2.348750400e+00  5.304692716e-05  7.422207701e-01
 7.991233434e-01  1.444084320e+00 -5.650241163e+00  1.964299258e+00  1.035692634e+00  2.231173017e+00  1.027818683e-04  8.239233798e-01
 8.608642032e-01 -5.138169689e-01 -3.115119193e+00  8.902067624e-01  9.971249142e-01  2.189433054e+00  2.125464615e-04  8.840359965e-01
 9.047485744e-01 -7.148558359e+00  9.140247652e-01  4.326654868e+00  2.906962712e+00  2.087528491e+00  4.458381964e-04  9.257088553e-01
 9.457970092e-01 -1.903504329e+01 -7.862879291e+01  6.721225027e+01  1.074848916e+01  2.072025643e+00  1.290962794e-03  9.620800596e-01
 9.765082522e-01 -1.761758926e+01 -4.559391708e+01  4.000153809e+01  1.132806021e+01  1.875572743e+00  4.913665860e-03  9.852724192e-01
 9.890358946e-01 -1.196866708e+01 -1.987220964e+01  3.224696237e+01  9.977683225e+00  1.736641835e+00  9.979978121e-03  9.932363186e-01
 9.958222363e-01 -8.186442637e+00 -1.259918851e+01  3.007012065e+01  9.326883201e+00  1.672223490e+00  1.322645829e-02  9.974275501e-01
