13  2.406407994e-07
4 3  3.677766289e-01  1.333333333e+00  7.547924351e-01  5.101129032e-01  2.128963302e+07 -4.279830495e-02  1.383457540e+06  2.279950590e+02  1.360172893e+00  1.574307264e-03 -2.909340441e-02 -4.279830495e-02 -4.502585748e-02 -6.071344154e+00 -4.989070638e+00  4.381235811e-03  1.972349682e-03  9.897583678e-01  1.008258958e+00  2.653007698e+00  3.173682185e-01
5 3  4.788915602e-01  1.666666667e+00  6.754846146e-01  5.101129032e-01  2.362234792e+07 -3.268443859e-02  3.815636114e+05  1.610781918e+02  1.310000246e+00  1.728478588e-03 -2.191656964e-02 -3.268443859e-02 -3.597163953e-02 -4.353303420e+00 -4.602615235e+00  6.391394310e-03  2.477386515e-03  1.036874041e+00  1.005585602e+00  2.756312843e+00  4.698247102e-01
6 3  5.709314838e-01  2.000000000e+00  6.280524323e-01  5.101129032e-01  2.377705702e+07 -2.320223106e-02  1.936339924e+06  1.271844722e+02  1.341271134e+00  2.009425406e-03 -1.450338751e-02 -2.320223106e-02 -2.519480060e-02 -3.234470195e+00 -3.970797838e+00  9.532796787e-03  3.193379046e-03  1.107444488e+00  1.003791574e+00  2.733496807e+00  5.838825506e-01
7 3  6.518129168e-01  2.333333333e+00  5.961671204e-01  5.101129032e-01  2.410034782e+07 -2.040085267e-02  1.467963107e+06  1.088304186e+02  1.380082850e+00  2.278550402e-03 -1.300549416e-02 -2.040085267e-02 -2.102403853e-02 -2.555764347e+00 -3.472761077e+00  9.211662006e-03  3.073801502e-03  1.184955774e+00  1.002376749e+00  2.671149462e+00  6.753979410e-01
8 3  7.241485110e-01  2.666666667e+00  5.732316286e-01  5.101129032e-01  2.494422740e+07 -1.742879553e-02  9.526575334e+05  9.763630091e+01  1.425255067e+00  2.521079037e-03 -1.097987118e-02 -1.742879553e-02 -1.687591647e-02 -2.065961003e+00 -3.063904883e+00  9.430855628e-03  3.178841744e-03  1.264811591e+00  1.001165999e+00  2.593498669e+00  7.521586467e-01
9 3  7.900364346e-01  3.000000000e+00  5.572770457e-01  5.101129032e-01  2.517336387e+07 -1.411554032e-02  1.946723251e+06  8.760940136e+01  1.449788406e+00  2.644781181e-03 -8.652382992e-03 -1.411554032e-02 -1.446071925e-02 -1.354941143e+00 -2.697858920e+00  9.673062089e-03  3.429044207e-03  1.354320504e+00  1.000122281e+00  2.512464862e+00  8.176706652e-01
10 3  8.436371544e-01  3.333333333e+00  5.537707048e-01  5.101129032e-01  2.487531219e+07 -8.369651936e-03  4.476404000e+06  7.658640941e+01  1.336271335e+00  2.107188567e-03 -4.260612418e-03 -8.369651936e-03 -7.323758702e-03  9.570945243e-01 -2.622093905e+00  7.896074517e-03  3.135919842e-03  1.464963898e+00  9.993717717e-01  2.412820753e+00  8.696905618e-01
11 3  8.816790760e-01  3.666666667e+00  5.651379619e-01  5.101129032e-01  2.467275443e+07 -2.763935827e-03  5.770416800e+06  6.656622075e+01  1.230156049e+00  2.078736863e-03  2.289341619e-03 -2.763935827e-03 -9.569612723e-04  2.150790071e+00 -3.334460436e+00  5.325831850e-03  2.422177840e-03  1.632508288e+00  9.989720836e-01  2.291466354e+00  9.061222781e-01
12 3  9.175733943e-01  4.000000000e+00  5.289626411e-01  5.101129032e-01  2.155407746e+07  9.226063617e-03  3.738273264e+06  5.944499889e+01  1.594899970e+00  9.748739506e-03  4.061007548e-02  9.226063617e-03 -6.406760283e-03 -2.542610520e+01 -9.113799059e+00  4.829295583e-03  2.325158537e-03  1.825025779e+00  9.989691704e-01  2.186019024e+00  9.389116447e-01
13 3  9.579943138e-01  4.333333333e+00  3.053290008e-01  5.101129032e-01  8.319254529e+06  2.114471270e-02  1.168130671e+06  6.434915790e+01  1.175801262e+00  1.244655101e-02  6.776326896e-02  2.114471270e-02  1.746119137e-02 -3.725840319e+01 -1.576635581e+01  3.978515901e-03  2.572454674e-03  2.060312813e+00  9.996600007e-01  2.108211501e+00  9.729662616e-01
14 3  9.758526986e-01  4.666666667e+00  2.323162162e-01  5.101129032e-01  4.399240630e+06  1.720136604e-02  3.278862238e+05  6.823951618e+01  9.518011312e-01  9.554197474e-03  4.102142503e-02  1.720136604e-02  2.574075143e-02 -2.319644735e+01 -8.161825478e+00  4.309774831e-03  2.638737508e-03  2.711774381e+00  9.998525606e-01  1.994502014e+00  9.852894682e-01
15 3  9.864236619e-01  5.000000000e+00  2.029757247e-01  5.101129032e-01  3.047593091e+06  1.188717536e-02  1.870441412e+05  6.867638303e+01  7.815170802e-01  6.773999343e-03  2.742207360e-02  1.188717536e-02  2.273582423e-02 -1.773065010e+01 -5.090025101e+00  4.333175620e-03  2.428255167e-03  3.890502474e+00  9.999251354e-01  1.881836951e+00  9.918538446e-01
16 3  9.926258287e-01  5.333333333e+00  1.890164308e-01  5.101129032e-01  2.467841417e+06  8.492035124e-03  1.437332755e+05  6.636163663e+01  6.284580785e-01  4.411808797e-03  2.081430035e-02  8.492035124e-03  1.984519872e-02 -1.529403137e+01 -3.804893969e+00  3.992699663e-03  2.120880817e-03  5.984837616e+00  9.999605015e-01  1.775377530e+00  9.955905419e-01
