12  2.165361172e-07
4 3  3.767081851e-01  1.333333333e+00  8.400600073e-01  5.050712550e-01  2.813848920e+07 -4.025251537e-02  1.617311659e+06  3.083505757e+02  1.415223309e+00  1.479113376e-03 -2.786323443e-02 -4.025251537e-02 -4.127477622e-02 -3.819913851e+00 -5.961259262e+00  4.489591190e-03  2.011291207e-03  9.919623022e-01  1.009693678e+00  2.657875262e+00  3.124745047e-01
5 3  4.958767363e-01  1.666666667e+00  7.698615658e-01  5.050712550e-01  2.989407548e+07 -3.051824957e-02  4.679083339e+05  2.036485234e+02  1.319587264e+00  1.637550837e-03 -2.073692631e-02 -3.051824957e-02 -3.263335656e-02 -3.175891813e+00 -5.203504548e+00  6.617342852e-03  2.529719088e-03  1.039352428e+00  1.006642008e+00  2.790478446e+00  4.757095294e-01
6 3  5.925563840e-01  2.000000000e+00  7.229936042e-01  5.050712550e-01  2.930171890e+07 -2.186379134e-02  2.157681920e+06  1.625544636e+02  1.351401035e+00  1.975163661e-03 -1.389541722e-02 -2.186379134e-02 -2.343049560e-02 -2.657309850e+00 -4.340568147e+00  9.574886871e-03  3.223590644e-03  1.110698910e+00  1.004389349e+00  2.772556611e+00  5.960177310e-01
7 3  6.786571335e-01  2.333333333e+00  6.873561852e-01  5.050712550e-01  2.883010864e+07 -1.740917054e-02  1.378100496e+06  1.364603610e+02  1.399343442e+00  2.334545594e-03 -1.065622317e-02 -1.740917054e-02 -1.803954154e-02 -2.310463460e+00 -3.680254741e+00  9.221513502e-03  3.068330310e-03  1.188927211e+00  1.002513754e+00  2.716705805e+00  6.944678915e-01
8 3  7.545672299e-01  2.666666667e+00  6.596882472e-01  5.050712550e-01  2.926259384e+07 -1.343059111e-02  1.174175333e+06  1.184370334e+02  1.405263196e+00  2.479319552e-03 -7.553164431e-03 -1.343059111e-02 -1.350500863e-02 -2.054451035e+00 -3.158946296e+00  9.522289173e-03  3.260422300e-03  1.277046116e+00  1.001114036e+00  2.639316036e+00  7.754921300e-01
9 3  8.187516873e-01  3.000000000e+00  6.387605817e-01  5.050712550e-01  2.897328862e+07 -9.585821286e-03  3.047499644e+06  1.030644466e+02  1.384245723e+00  2.501501038e-03 -4.313398378e-03 -9.585821286e-03 -1.037271688e-02 -1.862896665e+00 -2.760034087e+00  9.343720730e-03  3.368643041e-03  1.387110203e+00  1.000181291e+00  2.543245691e+00  8.397399355e-01
10 3  8.693011319e-01  3.333333333e+00  6.232535221e-01  5.050712550e-01  2.830250111e+07 -6.442421619e-03  6.003585705e+06  9.003039352e+01  1.287437067e+00  2.314599857e-03 -1.109223565e-03 -6.442421619e-03 -7.517386070e-03 -1.793819914e+00 -2.716811457e+00  6.596218260e-03  2.834852886e-03  1.530117550e+00  9.995543413e-01  2.428714957e+00  8.892582461e-01
11 3  9.062895203e-01  3.666666667e+00  6.135928266e-01  5.050712550e-01  2.737343739e+07  1.737529981e-04  5.444327109e+06  7.919126381e+01  1.175090415e+00  2.422318844e-03  7.922637761e-03  1.737529981e-04 -9.392722891e-05 -1.214112958e+00 -4.224401296e+00  4.356117997e-03  2.034360571e-03  1.744462863e+00  9.991340523e-01  2.300900965e+00  9.249939531e-01
12 3  9.402647493e-01  4.000000000e+00  5.539208583e-01  5.050712550e-01  2.185753356e+07  1.521604026e-02  2.400137910e+06  7.285865764e+01  1.618722919e+00  1.346748584e-02  6.135378261e-02  1.521604026e-02  3.730770395e-03 -3.543256344e+01 -1.617379149e+01  4.665171204e-03  2.399306047e-03  2.002161801e+00  9.990301514e-01  2.188000399e+00  9.559186798e-01
13 3  9.747464504e-01  4.333333333e+00  2.588387935e-01  5.050712550e-01  5.357355063e+06  1.744707373e-02  4.269152418e+05  8.738059117e+01  9.779272045e-01  1.060366042e-02  4.802427002e-02  1.744707373e-02  2.795596849e-02 -2.526818837e+01 -1.254012594e+01  4.216813408e-03  2.659075444e-03  2.463914054e+00  9.998314050e-01  2.095438777e+00  9.835375971e-01
14 3  9.866645166e-01  4.666666667e+00  2.291254919e-01  5.050712550e-01  3.316947890e+06  1.090733420e-02  2.098345281e+05  8.719055618e+01  7.512421206e-01  6.325606213e-03  2.496374421e-02  1.090733420e-02  2.105955276e-02 -1.034208896e+01 -6.087415154e+00  4.200085578e-03  2.405773575e-03  3.599135698e+00  9.998943120e-01  1.969679046e+00  9.914666619e-01
15 3  9.930828512e-01  5.000000000e+00  2.198527044e-01  5.050712550e-01  2.659128356e+06  6.606567686e-03  1.566009135e+05  8.318505623e+01  5.915335830e-01  3.834354837e-03  1.649860649e-02  6.606567686e-03  1.633434068e-02 -8.003227790e+00 -4.052861494e+00  3.848796683e-03  2.078238960e-03  5.759433861e+00  9.999216699e-01  1.850376467e+00  9.955896573e-01
