11  2.130678921e-07
4 3  3.967853614e-01  1.333333333e+00  8.114351286e-01  5.046023149e-01  2.787793286e+07 -3.261405971e-02  1.121040545e+06  3.114577950e+02  1.397477851e+00  1.560519519e-03 -2.113936034e-02 -3.261405971e-02 -3.401266795e-02 -3.751103014e+00 -5.816894862e+00  4.644288336e-03  2.063056937e-03  9.937135505e-01  1.012973647e+00  2.686700496e+00  3.361582003e-01
5 3  5.207731057e-01  1.666666667e+00  7.382648915e-01  5.046023149e-01  2.835839669e+07 -2.311247731e-02  7.999154491e+05  2.145547872e+02  1.309710371e+00  1.732891460e-03 -1.449731342e-02 -2.311247731e-02 -2.510629684e-02 -2.933627429e+00 -4.837016145e+00  7.667068996e-03  2.813409147e-03  1.045775589e+00  1.008306959e+00  2.807997821e+00  5.040813372e-01
6 3  6.194568739e-01  2.000000000e+00  6.926433934e-01  5.046023149e-01  2.767630495e+07 -1.732856183e-02  2.150471670e+06  1.710729275e+02  1.322267315e+00  1.996552030e-03 -1.046374346e-02 -1.732856183e-02 -1.852512508e-02 -2.359199788e+00 -3.945767817e+00  9.553074966e-03  3.224912571e-03  1.125150752e+00  1.005448468e+00  2.775524727e+00  6.246177142e-01
7 3  7.043090833e-01  2.333333333e+00  6.601447566e-01  5.046023149e-01  2.745401722e+07 -1.228948553e-02  1.170418908e+06  1.409754825e+02  1.358102837e+00  2.282038097e-03 -6.443813535e-03 -1.228948553e-02 -1.254492861e-02 -2.013150109e+00 -3.349407762e+00  9.274454821e-03  3.067705109e-03  1.213654532e+00  1.003422923e+00  2.699446505e+00  7.199298758e-01
8 3  7.800394925e-01  2.666666667e+00  6.351045595e-01  5.046023149e-01  2.749552443e+07 -9.027698588e-03  1.623312359e+06  1.221429789e+02  1.394969058e+00  2.527483302e-03 -3.958186622e-03 -9.027698588e-03 -9.419280064e-03 -1.747624635e+00 -2.863590872e+00  9.745702923e-03  3.391298392e-03  1.311010615e+00  1.001755291e+00  2.611642374e+00  7.998129370e-01
9 3  8.443570309e-01  3.000000000e+00  6.164005674e-01  5.046023149e-01  2.701060652e+07 -6.319586264e-03  4.557753985e+06  1.074381082e+02  1.333256466e+00  2.416835904e-03 -1.703728106e-03 -6.319586264e-03 -6.986242440e-03 -1.576169954e+00 -2.542537661e+00  8.467214314e-03  3.273264138e-03  1.435602990e+00  1.000455446e+00  2.509613399e+00  8.639471628e-01
10 3  8.911475003e-01  3.333333333e+00  6.047997397e-01  5.046023149e-01  2.673802967e+07 -1.138707744e-03  6.302720984e+06  9.419693364e+01  1.207016150e+00  1.936038625e-03  2.933576995e-03 -1.138707744e-03 -1.551287101e-03 -1.129574013e+00 -2.231675987e+00  5.208924284e-03  2.386590856e-03  1.619625477e+00  9.996408894e-01  2.381875529e+00  9.101100918e-01
11 3  9.263667620e-01  3.666666667e+00  5.868139014e-01  5.046023149e-01  2.587677442e+07  5.752272861e-03  3.789250867e+06  8.301342360e+01  1.244548658e+00  4.416508963e-03  2.333936632e-02  5.752272861e-03  1.277418692e-03 -1.039956477e+01 -7.231096836e+00  4.075515622e-03  1.972336236e-03  1.901742844e+00  9.992454064e-01  2.250027868e+00  9.433196655e-01
12 3  9.673018437e-01  4.000000000e+00  3.057676023e-01  5.046023149e-01  6.861566145e+06  1.695768025e-02  7.775018707e+05  9.075805804e+01  1.097330839e+00  1.357454486e-02  6.049429362e-02  1.695768025e-02  2.106553078e-02 -3.826736073e+01 -1.775924722e+01  4.081358778e-03  2.716013802e-03  2.242755316e+00  9.997877198e-01  2.154835020e+00  9.782503905e-01
13 3  9.835867545e-01  4.333333333e+00  2.342684774e-01  5.046023149e-01  3.363167779e+06  1.320011005e-02  2.492496207e+05  9.597744256e+01  7.965549034e-01  7.702743667e-03  2.964181517e-02  1.320011005e-02  2.369821261e-02 -1.627386632e+01 -7.056053549e+00  4.179382952e-03  2.512515183e-03  3.236686984e+00  9.999141784e-01  2.022821232e+00  9.894704136e-01
14 3  9.917578769e-01  4.666666667e+00  2.147785819e-01  5.046023149e-01  2.543166412e+06  9.561929875e-03  1.680878342e+05  9.400557999e+01  6.182756285e-01  4.540381513e-03  2.022446251e-02  9.561929875e-03  2.007544108e-02 -1.190487540e+01 -4.330977038e+00  3.887416565e-03  2.176259587e-03  5.205675258e+00  9.999471695e-01  1.894000702e+00  9.947478482e-01
