13  2.236690450e-07
4 3  3.636516883e-01  1.333333333e+00  7.973370857e-01  5.071197757e-01  3.242777051e+08 -4.439419991e-02  3.305299427e+06  2.944547221e+02  1.404174073e+00  1.449403003e-03 -2.944284185e-02 -4.291858622e-02 -4.738732381e+00 -5.589407845e+00  7.698151538e-03  2.018925677e-03  9.927173203e-01  1.009237369e+00  2.619517355e+00
5 3  4.801578912e-01  1.666666667e+00  7.216128610e-01  5.071197757e-01  2.560370776e+08 -3.709501929e-02  3.305299427e+06  2.007777293e+02  1.337589279e+00  1.622030391e-03 -2.404345444e-02 -3.448945680e-02 -3.509413100e+00 -5.037448739e+00  7.952298596e-03  2.057617186e-03  1.035232291e+00  1.006250324e+00  2.758814124e+00
6 3  5.762371093e-01  2.000000000e+00  6.754769263e-01  5.071197757e-01  2.161406522e+08 -2.703354437e-02  3.305299427e+06  1.600277477e+02  1.361769459e+00  1.904292098e-03 -1.694906382e-02 -2.527869765e-02 -2.646651521e+00 -4.262861083e+00  8.196373946e-03  2.142882556e-03  1.103697866e+00  1.004111803e+00  2.753178611e+00
7 3  6.600379287e-01  2.333333333e+00  6.443524421e-01  5.071197757e-01  1.926725981e+08 -2.197298429e-02  3.305299427e+06  1.334457116e+02  1.392076346e+00  2.162146612e-03 -1.437255112e-02 -2.137400725e-02 -2.109351026e+00 -3.666185799e+00  8.421805529e-03  2.216302575e-03  1.181364493e+00  1.002480018e+00  2.698664647e+00
8 3  7.338677705e-01  2.666666667e+00  6.219866161e-01  5.071197757e-01  1.813889118e+08 -1.777957038e-02  3.305299427e+06  1.159576996e+02  1.420764601e+00  2.363750020e-03 -1.222469249e-02 -1.835008053e-02 -1.753901858e+00 -3.217334577e+00  8.638081133e-03  2.276396197e-03  1.263560628e+00  1.001175240e+00  2.622045785e+00
9 3  7.996027724e-01  3.000000000e+00  6.052919452e-01  5.071197757e-01  1.692711882e+08 -1.551905007e-02  3.305299427e+06  1.026367273e+02  1.438474545e+00  2.518247417e-03 -9.677902744e-03 -1.512125181e-02 -1.497741477e+00 -2.829498915e+00  8.752863583e-03  2.316416729e-03  1.356154919e+00  1.000111085e+00  2.536777429e+00
10 3  8.543683657e-01  3.333333333e+00  5.927530158e-01  5.071197757e-01  1.467367283e+08 -1.091766546e-02  3.305299427e+06  9.051155067e+01  1.365267791e+00  2.482898157e-03 -4.479337102e-03 -1.003301525e-02 -1.419538813e+00 -2.838810221e+00  8.443042171e-03  2.246352145e-03  1.468438562e+00  9.993153741e-01  2.437530571e+00
11 3  8.939356660e-01  3.666666667e+00  5.822592927e-01  5.071197757e-01  1.193939625e+08 -6.487269425e-03  3.305299427e+06  7.943706077e+01  1.228374842e+00  2.931980023e-03  6.252780596e-03 -4.103673200e-03 -2.938443328e+00 -4.968701382e+00  7.849119482e-03  2.094970581e-03  1.644015510e+00  9.989531946e-01  2.317720503e+00
12 3  9.349116182e-01  4.000000000e+00  4.856233933e-01  5.071197757e-01  9.838479007e+07 -6.242223496e-03  3.305299427e+06  7.010263838e+01  1.643384892e+00  1.571906011e-02  6.038078401e-02  1.251271548e-02 -3.572319024e+01 -1.673233537e+01  9.847236347e-03  2.680869079e-03  1.826268297e+00  9.992127257e-01  2.222540132e+00
13 3  9.650975745e-01  4.333333333e+00  2.951228314e-01  5.071197757e-01  2.250892079e+07  2.424511542e-02  3.305299427e+06  7.415343460e+01  1.064620812e+00  1.134276431e-02  5.321035665e-02  2.008874503e-02 -3.012649739e+01 -1.234718665e+01  7.812840199e-03  2.323307276e-03  2.214572692e+00  9.997653619e-01  2.118987041e+00
14 3  9.801740242e-01  4.666666667e+00  2.399097268e-01  5.071197757e-01  1.094371665e+07  2.746835251e-02  3.305299427e+06  7.686957217e+01  8.771124932e-01  8.296713178e-03  3.501916281e-02  1.768380773e-02 -1.771426770e+01 -6.541453717e+00  6.983104323e-03  2.204927412e-03  3.040491256e+00  9.999039279e-01  1.998645502e+00
15 3  9.891364834e-01  5.000000000e+00  2.184525899e-01  5.071197757e-01  6.633736984e+06  2.312324338e-02  3.305299427e+06  7.613604434e+01  7.148265983e-01  5.623169936e-03  2.526651648e-02  1.321843344e-02 -1.336953219e+01 -4.381616526e+00  6.088452500e-03  1.986641074e-03  4.533068925e+00  9.999522275e-01  1.882550160e+00
16 3  9.953497335e-01  5.333333333e+00  2.065531109e-01  5.071197757e-01  4.342507558e+06  1.850604467e-02  3.305299427e+06  7.385057086e+01  5.730196856e-01  3.592048826e-03  1.837141120e-02  8.965143697e-03 -1.115069670e+01 -3.244604076e+00  5.215719508e-03  1.738173405e-03  8.907967510e+00  9.999796774e-01  1.776025669e+00
