12  2.147878482e-07
4 3  3.738932266e-01  1.333333333e+00  8.590456254e-01  5.054566082e-01  3.474522466e+08 -4.146359345e-02  3.419429459e+06  3.135682043e+02  1.423842682e+00  1.475988518e-03 -2.885209726e-02 -4.089223189e-02 -3.503318826e+00 -5.969055829e+00  7.840248784e-03  2.054564474e-03  9.915544721e-01  1.009611605e+00  2.648529536e+00
5 3  4.939893085e-01  1.666666667e+00  7.915587302e-01  5.054566082e-01  2.638313785e+08 -3.329225758e-02  3.419429459e+06  2.061755680e+02  1.328098901e+00  1.635737165e-03 -2.191471909e-02 -3.135668036e-02 -3.044740183e+00 -5.096014367e+00  8.030727134e-03  2.070439214e-03  1.037593229e+00  1.006432695e+00  2.790584400e+00
6 3  5.912918644e-01  2.000000000e+00  7.449335390e-01  5.054566082e-01  2.222105872e+08 -2.410136459e-02  3.419429459e+06  1.645828185e+02  1.354487132e+00  1.949552392e-03 -1.491430226e-02 -2.257738169e-02 -2.614950205e+00 -4.197642790e+00  8.275581572e-03  2.158284101e-03  1.108409326e+00  1.004158142e+00  2.777254299e+00
7 3  6.769859802e-01  2.333333333e+00  7.091021836e-01  5.054566082e-01  1.985014344e+08 -1.848577104e-02  3.419429459e+06  1.381736931e+02  1.393173092e+00  2.254321490e-03 -1.135881999e-02 -1.786093314e-02 -2.317269371e+00 -3.536641710e+00  8.527253741e-03  2.241783488e-03  1.187526209e+00  1.002334977e+00  2.720554313e+00
8 3  7.518878086e-01  2.666666667e+00  6.810040556e-01  5.054566082e-01  1.843027241e+08 -1.389153975e-02  3.419429459e+06  1.200117063e+02  1.398913058e+00  2.373578750e-03 -8.139106319e-03 -1.384338200e-02 -2.098585091e+00 -3.040678176e+00  8.658251961e-03  2.276110293e-03  1.276551071e+00  1.000988250e+00  2.640309973e+00
9 3  8.156080204e-01  3.000000000e+00  6.592824588e-01  5.054566082e-01  1.683598437e+08 -1.085479227e-02  3.419429459e+06  1.045811581e+02  1.386371662e+00  2.409938763e-03 -4.872511038e-03 -1.002728605e-02 -1.931390449e+00 -2.665464087e+00  8.653280574e-03  2.276602172e-03  1.385741329e+00  1.000072635e+00  2.543509724e+00
10 3  8.663106745e-01  3.333333333e+00  6.427467026e-01  5.054566082e-01  1.454346756e+08 -7.673122381e-03  3.419429459e+06  9.146123497e+01  1.295047027e+00  2.253003327e-03 -1.223706876e-03 -6.507521770e-03 -1.883088630e+00 -2.660751777e+00  8.262922043e-03  2.175504335e-03  1.524225941e+00  9.994510432e-01  2.429954108e+00
11 3  9.035784758e-01  3.666666667e+00  6.323070406e-01  5.054566082e-01  1.223422803e+08 -7.384714671e-04  3.419429459e+06  8.056459241e+01  1.177594719e+00  2.444271603e-03  8.033575982e-03 -3.140481306e-04 -1.260183972e+00 -4.591281145e+00  7.739038113e-03  2.035899184e-03  1.731790250e+00  9.990530292e-01  2.303162671e+00
12 3  9.406959063e-01  4.000000000e+00  5.393565969e-01  5.054566082e-01  1.312336512e+08 -3.400229766e-03  3.419429459e+06  7.490164935e+01  1.837749396e+00  2.010829993e-02  7.274624261e-02  1.570073995e-02 -4.965669181e+01 -1.871461332e+01  1.068656633e-02  2.858772654e-03  1.954992767e+00  9.990808094e-01  2.198019320e+00
13 3  9.734917039e-01  4.333333333e+00  2.690740456e-01  5.054566082e-01  1.773047149e+07  2.889240744e-02  3.419429459e+06  8.808235503e+01  9.809772859e-01  1.029726867e-02  4.660774873e-02  1.899481576e-02 -2.128261108e+01 -1.178776957e+01  7.478872260e-03  2.292013970e-03  2.428053634e+00  9.998252961e-01  2.101241179e+00
14 3  9.857041868e-01  4.666666667e+00  2.416358963e-01  5.054566082e-01  8.681397924e+06  2.252913862e-02  3.419429459e+06  8.737231172e+01  7.683492758e-01  6.460042640e-03  2.581956383e-02  1.252796524e-02 -9.730455970e+00 -5.844933687e+00  6.414508814e-03  2.082197257e-03  3.524269199e+00  9.998906041e-01  1.975758838e+00
15 3  9.924768773e-01  5.000000000e+00  2.318793840e-01  5.054566082e-01  5.488141135e+06  1.736475958e-02  3.419429459e+06  8.338001684e+01  6.113689918e-01  4.048690548e-03  1.714776293e-02  7.614562842e-03 -8.032070571e+00 -3.937440886e+00  5.481676180e-03  1.822947194e-03  5.593005705e+00  9.999206026e-01  1.856767541e+00
