12  2.191853888e-07
4 3  3.814159075e-01  1.333333333e+00  8.039158435e-01  5.047401697e-01  3.344563247e+08 -4.026640150e-02  3.341332825e+06  2.996186988e+02  1.393944158e+00  1.477459355e-03 -2.554899512e-02 -3.855870335e-02 -4.306431105e+00 -6.000623634e+00  7.856970344e-03  2.039765206e-03  9.926894046e-01  1.010185454e+00  2.669761972e+00
5 3  4.991430123e-01  1.666666667e+00  7.307753773e-01  5.047401697e-01  2.496022534e+08 -3.093094791e-02  3.341332825e+06  2.004256641e+02  1.309255127e+00  1.644642564e-03 -1.840893264e-02 -2.858000282e-02 -3.286020088e+00 -5.323777065e+00  8.017770593e-03  2.059226427e-03  1.042121389e+00  1.007145279e+00  2.786632734e+00
6 3  5.952567469e-01  2.000000000e+00  6.850689364e-01  5.047401697e-01  2.086619215e+08 -2.202277613e-02  3.341332825e+06  1.592171812e+02  1.346665106e+00  2.002153876e-03 -1.225499038e-02 -2.049309598e-02 -2.590734030e+00 -4.490029048e+00  8.308314763e-03  2.159521708e-03  1.114580914e+00  1.004842171e+00  2.763016962e+00
7 3  6.817125675e-01  2.333333333e+00  6.518010197e-01  5.047401697e-01  1.846710040e+08 -1.700804334e-02  3.341332825e+06  1.332267475e+02  1.403899354e+00  2.417337588e-03 -9.590464799e-03 -1.652703778e-02 -2.144596887e+00 -3.834181984e+00  8.650295746e-03  2.269959761e-03  1.192245965e+00  1.002879157e+00  2.706976512e+00
8 3  7.590106479e-01  2.666666667e+00  6.268686288e-01  5.047401697e-01  1.674471359e+08 -1.278516215e-02  3.341332825e+06  1.160335603e+02  1.416822285e+00  2.617412512e-03 -6.839426530e-03 -1.278277483e-02 -1.814803033e+00 -3.278207686e+00  8.818341681e-03  2.322811679e-03  1.279104787e+00  1.001360075e+00  2.633181376e+00
9 3  8.241854616e-01  3.000000000e+00  6.089257082e-01  5.047401697e-01  1.471893065e+08 -9.765058120e-03  3.341332825e+06  1.011023761e+02  1.383075367e+00  2.608127695e-03 -3.926919852e-03 -9.162024442e-03 -1.571748387e+00 -2.835595617e+00  8.729799187e-03  2.307992530e-03  1.391046123e+00  1.000336945e+00  2.538992220e+00
10 3  8.743138729e-01  3.333333333e+00  5.964310665e-01  5.047401697e-01  1.238286848e+08 -7.113823577e-03  3.341332825e+06  8.818263291e+01  1.269384392e+00  2.327531186e-03 -1.137674826e-03 -6.277904166e-03 -1.480913379e+00 -2.697393307e+00  8.248950404e-03  2.182765011e-03  1.543660061e+00  9.996796848e-01  2.422483667e+00
11 3  9.104394051e-01  3.666666667e+00  5.883789857e-01  5.047401697e-01  1.068573789e+08  7.363783629e-04  3.341332825e+06  7.736777029e+01  1.163724248e+00  2.196888654e-03  7.044704135e-03  9.283843060e-04 -1.260016527e+00 -3.208949696e+00  7.792035264e-03  2.049907070e-03  1.774395091e+00  9.992585536e-01  2.292286291e+00
12 3  9.397092354e-01  4.000000000e+00  5.674179767e-01  5.047401697e-01  1.108422373e+08  1.180617820e-02  3.341332825e+06  7.036352299e+01  1.351442404e+00  6.974867418e-03  4.247114418e-02  1.344099742e-02 -1.512720688e+01 -1.187081519e+01  8.742433918e-03  2.282501771e-03  2.098852890e+00  9.990466383e-01  2.168356236e+00
13 3  9.765076203e-01  4.333333333e+00  2.484856567e-01  5.047401697e-01  1.806727427e+07  2.637417287e-02  3.341332825e+06  8.605541741e+01  9.789160801e-01  1.083460383e-02  5.122522193e-02  1.526888906e-02 -2.864315761e+01 -1.433610225e+01  7.546294955e-03  2.268344253e-03  2.527738635e+00  9.998481156e-01  2.081607952e+00
14 3  9.880245248e-01  4.666666667e+00  2.161284249e-01  5.047401697e-01  7.878221586e+06  1.949605777e-02  3.341332825e+06  8.678267852e+01  7.282768556e-01  6.269148771e-03  2.562304917e-02  9.039596256e-03 -1.192162387e+01 -7.040798443e+00  6.238636945e-03  2.009576423e-03  3.747906791e+00  9.999049059e-01  1.955829579e+00
15 3  9.939191740e-01  5.000000000e+00  2.066579703e-01  5.047401697e-01  4.760933833e+06  1.565479490e-02  3.341332825e+06  8.280486967e+01  5.604401990e-01  3.644695673e-03  1.719248308e-02  5.682012569e-03 -8.898620440e+00 -4.648206079e+00  5.201047604e-03  1.723205217e-03  6.065388523e+00  9.999301637e-01  1.836378100e+00
