11  2.198858878e-07
4 3  4.185072245e-01  1.333333333e+00  7.342311014e-01  5.060118415e-01  3.175002765e+08 -3.214412430e-02  3.347492413e+06  3.182212839e+02  1.398416560e+00  1.690221960e-03 -1.757549132e-02 -2.991883181e-02 -4.291472471e+00 -6.201539042e+00  8.319864032e-03  2.140756944e-03  9.974173097e-01  1.014673738e+00  2.717169059e+00
5 3  5.480297930e-01  1.666666667e+00  6.587904226e-01  5.060118415e-01  2.145810615e+08 -2.301690244e-02  3.347492413e+06  2.240453657e+02  1.295904428e+00  1.820332244e-03 -1.250187313e-02 -2.101558892e-02 -2.723494679e+00 -4.996013548e+00  8.318629803e-03  2.156111031e-03  1.054876264e+00  1.008904679e+00  2.830294146e+00
6 3  6.486483498e-01  2.000000000e+00  6.208475580e-01  5.060118415e-01  1.719994644e+08 -1.660997195e-02  3.347492413e+06  1.761212667e+02  1.297370852e+00  2.049112022e-03 -9.404884574e-03 -1.588686523e-02 -1.851378317e+00 -4.009364760e+00  8.470004115e-03  2.220981733e-03  1.139090993e+00  1.005604036e+00  2.782481893e+00
7 3  7.337313664e-01  2.333333333e+00  5.982420535e-01  5.060118415e-01  1.539551879e+08 -9.930029598e-03  3.347492413e+06  1.427056612e+02  1.331781643e+00  2.315214520e-03 -4.981363786e-03 -1.033265491e-02 -1.353781904e+00 -3.359222276e+00  8.782970208e-03  2.301131620e-03  1.232136841e+00  1.003357452e+00  2.691795099e+00
8 3  8.089126631e-01  2.666666667e+00  5.834956193e-01  5.060118415e-01  1.383744272e+08 -7.402780922e-03  3.347492413e+06  1.219959095e+02  1.346088427e+00  2.486307603e-03 -2.824514584e-03 -7.352185274e-03 -9.617329321e-01 -2.854585973e+00  8.919462808e-03  2.347519706e-03  1.338582127e+00  1.001573774e+00  2.592040980e+00
9 3  8.677112503e-01  3.000000000e+00  5.810963105e-01  5.060118415e-01  1.144564877e+08 -3.406000490e-03  3.347492413e+06  1.056630529e+02  1.230752892e+00  1.885942631e-03 -1.524022908e-03 -4.609495594e-03  1.289889309e+00 -2.568487291e+00  8.373843166e-03  2.219864705e-03  1.482557872e+00  1.000282676e+00  2.468327254e+00
10 3  9.097324890e-01  3.333333333e+00  5.932774682e-01  5.060118415e-01  1.069930278e+08  1.699239177e-03  3.347492413e+06  8.997951129e+01  1.209458288e+00  2.694656102e-03  9.143510770e-03  2.964346424e-03 -3.136157807e+00 -2.963153817e+00  8.296129463e-03  2.183607577e-03  1.715766824e+00  9.995031137e-01  2.327261197e+00
11 3  9.561442301e-01  3.666666667e+00  3.701525285e-01  5.060118415e-01  5.295872172e+07  1.212155685e-02  3.347492413e+06  9.015110039e+01  1.164978280e+00  1.082282494e-02  7.049582991e-02  1.564455351e-02 -3.823432880e+01 -2.280852179e+01  8.665838746e-03  2.316138941e-03  2.016022724e+00  9.996976648e-01  2.224060891e+00
12 3  9.780138813e-01  4.000000000e+00  2.696538407e-01  5.060118415e-01  1.491163988e+07  1.753914693e-02  3.347492413e+06  9.593079218e+01  8.607313140e-01  8.512152293e-03  3.439584252e-02  9.969658862e-03 -1.910739883e+01 -1.131983271e+01  7.312178630e-03  2.187851386e-03  2.864000414e+00  9.998989514e-01  2.085773561e+00
13 3  9.891177113e-01  4.333333333e+00  2.393944191e-01  5.060118415e-01  7.126885280e+06  1.460401593e-02  3.347492413e+06  9.515875070e+01  6.681942211e-01  5.630748868e-03  2.013901528e-02  6.204733932e-03 -1.403669752e+01 -6.124162121e+00  6.184028302e-03  1.965667527e-03  4.575472916e+00  9.999531912e-01  1.947294195e+00
14 3  9.957932233e-01  4.666666667e+00  2.250416904e-01  5.060118415e-01  4.125153389e+06  1.270045425e-02  3.347492413e+06  9.129523360e+01  5.133985905e-01  3.328121708e-03  1.404685968e-02  4.322535919e-03 -1.181003939e+01 -3.951925613e+00  5.140832041e-03  1.686209931e-03  9.778341438e+00  9.999814323e-01  1.820456639e+00
