10  2.122617550e-07
4 3  4.480456769e-01  1.333333333e+00  7.173253681e-01  5.056618601e-01  3.792632839e+08 -2.978826768e-02  3.462934232e+06  4.068077271e+02  1.381094599e+00  1.433687601e-03 -1.734075477e-02 -2.740995520e-02 -3.864189850e+00 -5.120834759e+00  8.389197036e-03  2.149671761e-03  9.911399199e-01  1.015913182e+00  2.763515212e+00
5 3  5.849110686e-01  1.666666667e+00  6.390856051e-01  5.056618601e-01  2.565356576e+08 -2.301810952e-02  3.462934232e+06  2.713719425e+02  1.285898324e+00  1.679438096e-03 -1.276503221e-02 -2.109087899e-02 -2.530832714e+00 -5.312952490e+00  8.428026120e-03  2.162578895e-03  1.057095557e+00  1.008668403e+00  2.865571281e+00
6 3  6.885025230e-01  2.000000000e+00  5.990542786e-01  5.056618601e-01  1.994502251e+08 -1.460330653e-02  3.462934232e+06  2.143106414e+02  1.266591858e+00  1.918516150e-03 -7.199296273e-03 -1.412302559e-02 -1.811962040e+00 -4.691371107e+00  8.477900787e-03  2.204666069e-03  1.148507753e+00  1.004863189e+00  2.800297590e+00
7 3  7.733366707e-01  2.333333333e+00  5.745675724e-01  5.056618601e-01  1.720416824e+08 -8.244627175e-03  3.462934232e+06  1.791688819e+02  1.284598949e+00  2.188388332e-03 -2.129921226e-03 -8.114148089e-03 -1.429147404e+00 -4.070472603e+00  8.653011274e-03  2.269026212e-03  1.252368929e+00  1.002489539e+00  2.689635188e+00
8 3  8.464249791e-01  2.666666667e+00  5.563508538e-01  5.056618601e-01  1.445001466e+08 -7.984793907e-03  3.462934232e+06  1.488187819e+02  1.277937738e+00  2.368743752e-03 -1.953520935e-03 -7.204390307e-03 -1.327057264e+00 -3.439490282e+00  8.677179959e-03  2.292508963e-03  1.387902717e+00  1.000901236e+00  2.571773245e+00
9 3  8.978835176e-01  3.000000000e+00  5.672827980e-01  5.056618601e-01  1.085112486e+08  6.440756746e-03  3.462934232e+06  1.202260736e+02  1.070429109e+00  4.248659341e-04  9.705685017e-06  2.917912902e-04  8.554087519e+00 -3.243931382e+00  7.748137308e-03  2.039905329e-03  1.598359689e+00  1.000012210e+00  2.422845698e+00
10 3  9.263145889e-01  3.333333333e+00  6.509579016e-01  5.056618601e-01  9.379649765e+07  1.656111239e-02  3.462934232e+06  9.863992102e+01  8.998636551e-01  1.131035675e-03  2.688977335e-03  6.454471930e-03  1.543070277e+01 -2.513180713e+00  6.902673618e-03  1.792991253e-03  2.007039762e+00  9.995283972e-01  2.248519225e+00
11 3  9.561599061e-01  3.666666667e+00  5.073532220e-01  5.056618601e-01  1.662911566e+08  6.132019962e-03  3.462934232e+06  9.641976206e+01  1.547524331e+00  8.944727893e-03  5.341524785e-02  1.510320365e-02 -6.004146280e+01  3.890626979e-01  1.011165205e-02  2.529132603e-03  2.419276172e+00  9.994305248e-01  2.109761764e+00
12 3  9.860984522e-01  4.000000000e+00  2.910804693e-01  5.056618601e-01  1.639738015e+07  2.060570779e-02  3.462934232e+06  1.079008079e+02  7.792214890e-01  9.150574126e-03  6.388358350e-02  9.343687577e-03 -2.138041380e+01 -2.909339982e+01  6.623624944e-03  1.998329444e-03  3.289343563e+00  9.998597088e-01  1.995359086e+00
13 3  9.939018880e-01  4.333333333e+00  2.648954323e-01  5.056618601e-01  5.279957503e+06  1.718384801e-02  3.462934232e+06  1.036418224e+02  5.206496350e-01  4.917997773e-03  2.870742477e-02  5.389106699e-03 -1.665309784e+01 -1.150791134e+01  5.015522731e-03  1.681503239e-03  5.768633440e+00  9.999732019e-01  1.856656186e+00
