10  2.061372724e-07
4 3  4.683465241e-01  1.333333333e+00  7.472046827e-01  5.054459709e-01  3.723185535e+08 -2.546321706e-02  3.562776271e+06  4.368930650e+02  1.386617225e+00  1.507738317e-03 -1.472342656e-02 -2.345464040e-02 -3.494026295e+00 -4.882145455e+00  8.532955712e-03  2.201596424e-03  9.928540622e-01  1.015782641e+00  2.832414945e+00
5 3  6.092451811e-01  1.666666667e+00  6.656050654e-01  5.054459709e-01  2.465948716e+08 -1.536983735e-02  3.562776271e+06  2.955913696e+02  1.264661015e+00  1.720355907e-03 -6.156215941e-03 -1.363529486e-02 -2.536210624e+00 -5.050077662e+00  8.438718385e-03  2.183808595e-03  1.063558348e+00  1.007817947e+00  2.924509031e+00
6 3  7.113524546e-01  2.000000000e+00  6.216266264e-01  5.054459709e-01  1.883622368e+08 -8.569305005e-03  3.562776271e+06  2.271543580e+02  1.219141790e+00  1.862228260e-03 -1.458825165e-03 -7.781410327e-03 -1.981957029e+00 -4.403642589e+00  8.376738803e-03  2.186413719e-03  1.164952724e+00  1.004133850e+00  2.835136494e+00
7 3  7.906403459e-01  2.333333333e+00  5.937976645e-01  5.054459709e-01  1.631954048e+08 -4.058669262e-03  3.562776271e+06  1.840732912e+02  1.224760256e+00  2.032863282e-03  1.924353383e-03 -3.638559436e-03 -1.680686866e+00 -3.799101241e+00  8.496032097e-03  2.221477250e-03  1.287768138e+00  1.002200430e+00  2.695779074e+00
8 3  8.590106343e-01  2.666666667e+00  5.745864297e-01  5.054459709e-01  1.393004762e+08 -3.954579721e-03  3.562776271e+06  1.554658789e+02  1.211487268e+00  2.056301661e-03  1.050217998e-03 -3.595060598e-03 -7.922800734e-01 -3.354402722e+00  8.431240198e-03  2.223599559e-03  1.449889428e+00  1.000867138e+00  2.559374062e+00
9 3  9.048760047e-01  3.000000000e+00  6.134274047e-01  5.054459709e-01  1.067839161e+08  1.266952231e-02  3.562776271e+06  1.283069333e+02  9.976101827e-01  1.516983553e-03 -3.396526712e-03  1.256880517e-03  1.648742760e+01 -3.160470676e+00  7.361005579e-03  1.946316776e-03  1.705724542e+00  9.999694771e-01  2.394319414e+00
10 3  9.295560829e-01  3.333333333e+00  7.348356826e-01  5.054459709e-01  9.504180597e+07  2.155377222e-02  3.562776271e+06  1.059356023e+02  8.352786703e-01  1.342226566e-03  1.477527876e-03  8.575805690e-03  2.216035056e+01 -2.139543456e+00  6.491376620e-03  1.699556649e-03  2.227015534e+00  9.994542245e-01  2.212520411e+00
11 3  9.704002581e-01  3.666666667e+00  4.040274821e-01  5.054459709e-01  1.076901816e+08  2.599946683e-02  3.562776271e+06  1.114354970e+02  1.384181408e+00  1.306500300e-02  1.055392264e-01  1.853869682e-02 -5.151387990e+01 -3.535038657e+01  9.584736411e-03  2.460571717e-03  2.410167957e+00  9.996042516e-01  2.100076395e+00
12 3  9.892844435e-01  4.000000000e+00  2.754637551e-01  5.054459709e-01  1.068643136e+07  2.360798685e-02  3.562776271e+06  1.168574213e+02  6.682117522e-01  7.227417667e-03  4.829549625e-02  9.572284012e-03 -2.382153658e+01 -2.039672104e+01  6.016055933e-03  1.886850990e-03  3.829861680e+00  9.999016459e-01  1.963116158e+00
13 3  9.958406541e-01  4.333333333e+00  2.490232153e-01  5.054459709e-01  4.184688305e+06  2.092583053e-02  3.562776271e+06  1.111935014e+02  4.759452492e-01  4.104960187e-03  2.613634547e-02  6.949334259e-03 -1.866240588e+01 -9.289306474e+00  4.751284176e-03  1.615092714e-03  7.768459229e+00  9.999734896e-01  1.824247529e+00
