11  2.206069912e-07
4 3  4.172685318e-01  1.333333333e+00  7.288143990e-01  5.059673059e-01  2.918585109e+07 -3.013534453e-02  7.035628405e+05  3.160585838e+02  1.401864214e+00  1.687947485e-03 -1.766008190e-02 -3.013534453e-02 -3.243359118e-02 -4.365607247e+00 -6.173095008e+00  4.906932542e-03  2.127629517e-03  9.976381963e-01  1.014597718e+00  2.715440633e+00  3.570239141e-01
5 3  5.469668769e-01  1.666666667e+00  6.532039221e-01  5.059673059e-01  2.786088712e+07 -2.114866060e-02  1.283905165e+06  2.220273333e+02  1.297568568e+00  1.822227588e-03 -1.249609663e-02 -2.114866060e-02 -2.316122406e-02 -2.712586949e+00 -5.066750186e+00  8.782062571e-03  3.067961773e-03  1.054769656e+00  1.008863136e+00  2.831483692e+00  5.319667403e-01
6 3  6.475512064e-01  2.000000000e+00  6.160891215e-01  5.059673059e-01  2.630451650e+07 -1.598983969e-02  1.845685244e+06  1.747624765e+02  1.297419645e+00  2.055145049e-03 -9.400032113e-03 -1.598983969e-02 -1.666119957e-02 -1.801051856e+00 -4.092169551e+00  9.405775459e-03  3.174747148e-03  1.139175380e+00  1.005597165e+00  2.784438920e+00  6.537120856e-01
7 3  7.322820618e-01  2.333333333e+00  5.945120786e-01  5.059673059e-01  2.585211109e+07 -1.022211395e-02  1.021467357e+06  1.414324124e+02  1.329059524e+00  2.325559616e-03 -4.758802142e-03 -1.022211395e-02 -9.745407648e-03 -1.304835823e+00 -3.445852230e+00  9.488302826e-03  3.176568660e-03  1.232948661e+00  1.003390112e+00  2.693028573e+00  7.481576054e-01
8 3  8.073076707e-01  2.666666667e+00  5.797822596e-01  5.059673059e-01  2.521151256e+07 -7.298788388e-03  2.412529153e+06  1.207633771e+02  1.351492891e+00  2.567823929e-03 -2.573506965e-03 -7.298788388e-03 -7.439673067e-03 -1.094483120e+00 -2.928277305e+00  9.772002823e-03  3.467357275e-03  1.339474099e+00  1.001630226e+00  2.593267412e+00  8.264504471e-01
9 3  8.667724412e-01  3.000000000e+00  5.738663692e-01  5.059673059e-01  2.426435874e+07 -5.119472703e-03  5.801989115e+06  1.049812610e+02  1.239035385e+00  2.034609099e-03 -1.682268244e-03 -5.119472703e-03 -4.264070210e-03  7.978017977e-01 -2.620182022e+00  6.878385028e-03  2.944695324e-03  1.481734574e+00  1.000336860e+00  2.471722129e+00  8.866778561e-01
10 3  9.085321663e-01  3.333333333e+00  5.887482396e-01  5.059673059e-01  2.430415965e+07  2.524007200e-03  5.159912380e+06  8.952316204e+01  1.189902153e+00  2.244422842e-03  7.032588775e-03  2.524007200e-03  2.792010196e-03 -7.737746406e-01 -2.639679730e+00  4.490622620e-03  2.110641301e-03  1.717904517e+00  9.995451422e-01  2.329879765e+00  9.277069615e-01
11 3  9.554978180e-01  3.666666667e+00  3.728641727e-01  5.059673059e-01  1.398323125e+07  1.569204762e-02  1.558909928e+06  8.958198042e+01  1.182380584e+00  1.086040719e-02  7.148661973e-02  1.569204762e-02  1.175953652e-02 -3.922059863e+01 -2.281156605e+01  4.124276539e-03  2.467456245e-03  2.004890047e+00  9.996951611e-01  2.227898460e+00  9.701987197e-01
12 3  9.776697061e-01  4.000000000e+00  2.723617012e-01  5.059673059e-01  5.393103226e+06  8.889749279e-03  3.221461090e+05  9.495767373e+01  8.643847666e-01  8.490174505e-03  3.392263340e-02  8.889749279e-03  1.618704110e-02 -1.894471405e+01 -1.163252115e+01  4.384113619e-03  2.554118653e-03  2.849431281e+00  9.998985332e-01  2.090054604e+00  9.862111847e-01
13 3  9.888942842e-01  4.333333333e+00  2.421323306e-01  5.059673059e-01  3.314647195e+06  5.150547825e-03  1.811915543e+05  9.400177074e+01  6.733750053e-01  5.709671324e-03  1.934658615e-02  5.150547825e-03  1.326045290e-02 -1.399826679e+01 -6.253710574e+00  4.282097819e-03  2.303419549e-03  4.549862624e+00  9.999519816e-01  1.951535467e+00  9.932507178e-01
14 3  9.957523463e-01  4.666666667e+00  2.275353111e-01  5.059673059e-01  2.482188564e+06  3.501079113e-03  1.370765451e+05  9.030554856e+01  5.182986652e-01  3.401951444e-03  1.327463980e-02  3.501079113e-03  1.154350600e-02 -1.177550908e+01 -3.979467358e+00  3.847630484e-03  1.964031497e-03  9.886438827e+00  9.999808480e-01  1.824760090e+00  9.974250041e-01
