11  2.267617275e-07
4 3  4.227741365e-01  1.333333333e+00  7.058392628e-01  5.090578034e-01  2.933411181e+07 -3.029550959e-02  5.278635599e+05  3.160560312e+02  1.371513368e+00  1.626859476e-03 -1.785534628e-02 -3.029550959e-02 -3.299486036e-02 -4.624132573e+00 -5.875668580e+00  4.935890452e-03  2.121268110e-03  9.933523444e-01  1.014689122e+00  2.703759413e+00  3.682287796e-01
5 3  5.509706018e-01  1.666666667e+00  6.295885280e-01  5.090578034e-01  2.904737433e+07 -2.248791337e-02  1.424898466e+06  2.229579412e+02  1.295859520e+00  1.745439835e-03 -1.392688926e-02 -2.248791337e-02 -2.463315921e-02 -2.875198295e+00 -4.747735910e+00  9.020025685e-03  3.104952298e-03  1.053203542e+00  1.008890439e+00  2.802780255e+00  5.395641559e-01
6 3  6.529665185e-01  2.000000000e+00  5.909982744e-01  5.090578034e-01  2.793965861e+07 -1.694677268e-02  1.716440456e+06  1.742502764e+02  1.305939249e+00  1.962200594e-03 -1.043604075e-02 -1.694677268e-02 -1.795223255e-02 -1.914396512e+00 -3.850847755e+00  9.382732777e-03  3.142174792e-03  1.135231125e+00  1.005312120e+00  2.758209196e+00  6.622139082e-01
7 3  7.396135845e-01  2.333333333e+00  5.686327909e-01  5.090578034e-01  2.773086476e+07 -1.076014579e-02  1.016999257e+06  1.425932909e+02  1.334243771e+00  2.164347432e-03 -5.461910402e-03 -1.076014579e-02 -1.044434550e-02 -1.321922885e+00 -3.223792222e+00  9.527916601e-03  3.203644329e-03  1.225222862e+00  1.002853970e+00  2.671352248e+00  7.580835780e-01
8 3  8.138329256e-01  2.666666667e+00  5.565131293e-01  5.090578034e-01  2.776790077e+07 -7.973572759e-03  2.715612514e+06  1.233642193e+02  1.311868299e+00  2.115501823e-03 -3.650052127e-03 -7.973572759e-03 -7.575285674e-03 -5.786807576e-01 -2.783317128e+00  9.441799616e-03  3.370382489e-03  1.331068504e+00  1.001069073e+00  2.567414177e+00  8.345876680e-01
9 3  8.693600831e-01  3.000000000e+00  5.583845909e-01  5.090578034e-01  2.760886629e+07 -3.967495966e-03  5.864415430e+06  1.061778960e+02  1.196462034e+00  1.643049618e-03 -6.839297651e-04 -3.967495966e-03 -2.776539845e-03  9.711599916e-01 -2.567967794e+00  6.434352544e-03  2.775839685e-03  1.475474709e+00  9.999105208e-01  2.435033527e+00  8.903257940e-01
10 3  9.118624204e-01  3.333333333e+00  5.375016147e-01  5.090578034e-01  2.627655623e+07  4.279932928e-03  4.772192990e+06  9.027384719e+01  1.267991762e+00  4.323525451e-03  2.070395165e-02  4.279932928e-03 -5.544870801e-03 -1.420858652e+01 -5.090488216e+00  4.526261063e-03  2.129148416e-03  1.691511346e+00  9.992982807e-01  2.297264912e+00  9.312168349e-01
11 3  9.559377627e-01  3.666666667e+00  3.121685534e-01  5.090578034e-01  1.104011800e+07  2.013295998e-02  1.522481884e+06  8.971989055e+01  1.110032770e+00  1.031990622e-02  7.548960333e-02  2.013295998e-02  1.717441464e-02 -3.425345330e+01 -2.274639824e+01  3.880409300e-03  2.408775404e-03  2.000714141e+00  9.996885020e-01  2.190222574e+00  9.703192719e-01
12 3  9.771949390e-01  4.000000000e+00  2.247806175e-01  5.090578034e-01  4.785347620e+06  1.746387576e-02  3.325640171e+05  9.970674845e+01  8.676257685e-01  8.227863146e-03  4.168485456e-02  1.746387576e-02  2.645367252e-02 -1.846582791e+01 -1.054429072e+01  4.229581040e-03  2.571841773e-03  2.792196261e+00  9.998871790e-01  2.052757198e+00  9.857140141e-01
13 3  9.886502012e-01  4.333333333e+00  1.957173787e-01  5.090578034e-01  3.128265488e+06  1.037221097e-02  1.816557499e+05  1.013097147e+02  6.829631804e-01  5.471428604e-03  2.465656814e-02  1.037221097e-02  2.059724368e-02 -1.368635650e+01 -5.907001661e+00  4.179614654e-03  2.329588426e-03  4.379902877e+00  9.999457769e-01  1.917177742e+00  9.930016059e-01
14 3  9.956447809e-01  4.666666667e+00  1.816290956e-01  5.090578034e-01  2.416264722e+06  5.760320447e-03  1.358715633e+05  9.851518835e+01  5.251632565e-01  3.248004421e-03  1.603272321e-02  5.760320447e-03  1.620016320e-02 -1.157375470e+01 -3.940431903e+00  3.763934782e-03  1.983748170e-03  9.283962718e+00  9.999781796e-01  1.792889527e+00  9.973210890e-01
