10  2.111208671e-07
4 3  4.502294338e-01  1.333333333e+00  7.218228659e-01  5.054798861e-01  3.834618156e+07 -2.701890157e-02  2.626148756e+05  4.138153891e+02  1.383335320e+00  1.428315751e-03 -1.717909123e-02 -2.701890157e-02 -2.933651339e-02 -3.799422431e+00 -5.045012517e+00  5.343876616e-03  2.221160124e-03  9.910470172e-01  1.015912707e+00  2.770559035e+00  3.960096327e-01
5 3  5.879538110e-01  1.666666667e+00  6.431261009e-01  5.054798861e-01  3.636641191e+07 -2.028254751e-02  2.137415454e+06  2.752415326e+02  1.284828257e+00  1.679545516e-03 -1.201532549e-02 -2.028254751e-02 -2.217929164e-02 -2.521455032e+00 -5.329443828e+00  9.768945918e-03  3.236082794e-03  1.057445941e+00  1.008555412e+00  2.873492667e+00  5.796745833e-01
6 3  6.915646062e-01  2.000000000e+00  6.025924746e-01  5.054798861e-01  3.371785737e+07 -1.344482895e-02  1.326323131e+06  2.176132170e+02  1.261296541e+00  1.910650503e-03 -6.532130024e-03 -1.344482895e-02 -1.394701053e-02 -1.827429634e+00 -4.719646411e+00  9.073204541e-03  2.980781471e-03  1.150042090e+00  1.004751031e+00  2.805931676e+00  7.032050325e-01
7 3  7.756911993e-01  2.333333333e+00  5.776564184e-01  5.054798861e-01  3.212609913e+07 -7.610474060e-03  1.534334817e+06  1.810824545e+02  1.276093758e+00  2.170622559e-03 -1.603129445e-03 -7.610474060e-03 -7.796723872e-03 -1.466053105e+00 -4.102374777e+00  9.446970965e-03  3.267660503e-03  1.256277711e+00  1.002438771e+00  2.691446819e+00  7.952237550e-01
8 3  8.482982513e-01  2.666666667e+00  5.588518722e-01  5.054798861e-01  2.962349132e+07 -6.807974258e-03  4.806492548e+06  1.502649917e+02  1.272217729e+00  2.357992386e-03 -1.534109900e-03 -6.807974258e-03 -7.613425625e-03 -1.336209819e+00 -3.477190141e+00  8.336785006e-03  3.256424269e-03  1.395206648e+00  1.000896760e+00  2.571490899e+00  8.667254441e-01
9 3  8.991397795e-01  3.000000000e+00  5.731910301e-01  5.054798861e-01  2.819069563e+07  4.499766351e-04  6.178417470e+06  1.214022517e+02  1.059180484e+00  7.534363265e-04 -4.693284597e-04  4.499766351e-04  7.436968850e-03  9.819730025e+00 -3.288327427e+00  4.725582532e-03  2.175917015e-03  1.611538508e+00  1.000015446e+00  2.420630687e+00  9.152108544e-01
10 3  9.268454957e-01  3.333333333e+00  6.650759484e-01  5.054798861e-01  3.006991689e+07  6.674917546e-03  3.987344364e+06  9.961670529e+01  8.845110925e-01  1.229923829e-03  1.939484498e-03  6.674917546e-03  1.772407631e-02  1.746546007e+01 -2.456644434e+00  3.393501763e-03  1.621574614e-03  2.037729071e+00  9.995257453e-01  2.244597384e+00  9.411983441e-01
11 3  9.566225363e-01  3.666666667e+00  5.180194448e-01  5.054798861e-01  3.220987630e+07  1.572587474e-02  1.878014517e+06  9.730023196e+01  1.633130254e+00  1.007113582e-02  5.509177862e-02  1.572587474e-02  7.001525569e-03 -6.218522878e+01  3.869309280e-01  4.886181709e-03  2.701136795e-03  2.434649776e+00  9.994225135e-01  2.105882691e+00  9.676524341e-01
12 3  9.866244999e-01  4.000000000e+00  2.925757704e-01  5.054798861e-01  6.240481992e+06  9.110367196e-03  2.298523485e+05  1.089343436e+02  7.610364068e-01  8.878488747e-03  6.258652543e-02  9.110367196e-03  2.075465556e-02 -2.181114946e+01 -2.862663546e+01  4.242091093e-03  2.313069433e-03  3.338456937e+00  9.998646432e-01  1.991814936e+00  9.906369810e-01
13 3  9.941296114e-01  4.333333333e+00  2.665548205e-01  5.054798861e-01  3.087299020e+06  5.403191901e-03  1.575915122e+05  1.043177014e+02  5.108376388e-01  4.776645429e-03  2.881189494e-02  5.403191901e-03  1.750926169e-02 -1.705682019e+01 -1.158703822e+01  3.557743972e-03  1.931446125e-03  5.897445557e+00  9.999735334e-01  1.852786113e+00  9.959029156e-01
