10  2.090878270e-07
4 3  4.919764593e-01  1.333333333e+00  7.010761528e-01  5.125286564e-01  2.843477545e+07 -1.494307539e-02  3.375257466e+05  3.990809291e+02  1.271352823e+00  1.773053191e-03 -6.395438832e-03 -1.494307539e-02 -1.713488236e-02 -3.387581215e+00 -5.582827133e+00  6.458734578e-03  2.595064925e-03  1.004530060e+00  1.015715611e+00  2.872294885e+00  4.581530048e-01
5 3  6.171068340e-01  1.666666667e+00  6.310648787e-01  5.125286564e-01  2.609245524e+07 -6.236731366e-03  2.272756523e+06  2.638805033e+02  1.196151136e+00  1.751870856e-03 -8.421363923e-04 -6.236731366e-03 -7.855017557e-03 -2.379738849e+00 -3.566124664e+00  9.594988697e-03  3.254908211e-03  1.087649091e+00  1.008765228e+00  2.862549620e+00  6.219838715e-01
6 3  7.138526587e-01  2.000000000e+00  5.912076699e-01  5.125286564e-01  2.604557284e+07 -8.520639484e-05  1.143134298e+06  1.954851417e+02  1.216058215e+00  1.840881626e-03  3.997583893e-03 -8.520639484e-05 -4.206336851e-04 -1.853968293e+00 -2.623482476e+00  9.358314422e-03  3.084145972e-03  1.190027091e+00  1.005191150e+00  2.749657220e+00  7.337570943e-01
7 3  7.949016121e-01  2.333333333e+00  5.647010378e-01  5.125286564e-01  2.730638562e+07 -8.089786245e-04  2.309127558e+06  1.703763464e+02  1.226251848e+00  1.813059340e-03  2.505293868e-03 -8.089786245e-04 -9.248753060e-04 -1.468144513e+00 -2.066600408e+00  9.578849038e-03  3.353274814e-03  1.308310353e+00  1.002688240e+00  2.617904676e+00  8.189131068e-01
8 3  8.582486394e-01  2.666666667e+00  5.517576928e-01  5.125286564e-01  2.801620467e+07  9.596800815e-04  5.985386360e+06  1.487490909e+02  1.146980002e+00  1.388070390e-03  3.313183017e-03  9.596800815e-04  1.526562497e-03  1.294704884e-03 -1.885873372e+00  7.097526672e-03  2.943730400e-03  1.463413531e+00  1.000998369e+00  2.469045404e+00  8.813853876e-01
9 3  9.027360397e-01  3.000000000e+00  5.751326522e-01  5.125286564e-01  2.930370311e+07  5.270837074e-03  5.867220499e+06  1.242843642e+02  1.052158713e+00  6.751848955e-04  4.501876866e-03  5.270837074e-03  9.346022579e-03  5.273549331e+00 -1.697778681e+00  4.391298392e-03  2.026945380e-03  1.702619271e+00  9.999912402e-01  2.306147271e+00  9.241347647e-01
10 3  9.429853992e-01  3.333333333e+00  4.739695433e-01  5.125286564e-01  2.516787358e+07  1.228001797e-02  2.123601217e+06  1.087648958e+02  1.395048081e+00  1.011624824e-02  6.305078481e-02  1.228001797e-02 -4.096594906e-03 -4.289908692e+01 -1.683914112e+01  4.566184451e-03  2.331250493e-03  2.014982472e+00  9.996092742e-01  2.167244041e+00  9.601907672e-01
11 3  9.746095267e-01  3.666666667e+00  2.541889158e-01  5.125286564e-01  5.818900156e+06  1.533747565e-02  4.170585987e+05  1.246011680e+02  8.783961085e-01  8.958655374e-03  4.629514121e-02  1.533747565e-02  2.220516548e-02 -2.048066714e+01 -1.596747219e+01  4.201792696e-03  2.575177263e-03  2.695977621e+00  9.998999466e-01  2.036887686e+00  9.843815941e-01
12 3  9.878966209e-01  4.000000000e+00  2.116264532e-01  5.125286564e-01  3.181012046e+06  9.707668700e-03  2.040581524e+05  1.280148801e+02  6.667427991e-01  5.634296612e-03  2.359696303e-02  9.707668700e-03  1.837358833e-02 -1.322634017e+01 -6.756924950e+00  4.131279852e-03  2.348098640e-03  4.295839772e+00  9.999569308e-01  1.892710186e+00  9.927043741e-01
13 3  9.955001666e-01  4.333333333e+00  1.940713718e-01  5.125286564e-01  2.391159029e+06  5.241608171e-03  1.496141786e+05  1.243882907e+02  5.057771053e-01  3.091350887e-03  1.387923253e-02  5.241608171e-03  1.404779142e-02 -1.053993594e+01 -3.804792262e+00  3.693177364e-03  1.989400722e-03  9.421221285e+00  9.999825802e-01  1.760609294e+00  9.972953676e-01
