 0.000000000e+00  1.169804281e+00  1.235029124e+00  1.276140770e+00  1.304364022e+00  1.324372890e+00  1.338801856e+00  1.353648603e+00  1.362582040e+00  1.365162467e+00  1.366326031e+00 
 3.906250000e-03  1.169688546e+00  1.234861336e+00  1.275925911e+00  1.304104180e+00  1.324069037e+00  1.338454493e+00  1.353258791e+00  1.362157867e+00  1.364712741e+00  1.365818509e+00 
 7.812500000e-03  1.169550085e+00  1.234662689e+00  1.275673840e+00  1.303801078e+00  1.323715534e+00  1.338050380e+00  1.352805792e+00  1.361663820e+00  1.364168706e+00  1.365220018e+00 
 1.171875000e-02  1.169388918e+00  1.234433180e+00  1.275384561e+00  1.303454739e+00  1.323312414e+00  1.337589536e+00  1.352281228e+00  1.361098130e+00  1.363542030e+00  1.364536125e+00 
 1.562500000e-02  1.169205023e+00  1.234172915e+00  1.275058131e+00  1.303065228e+00  1.322859949e+00  1.337072149e+00  1.351704742e+00  1.360458939e+00  1.362829978e+00  1.363740327e+00 
 1.953125000e-02  1.168998467e+00  1.233881814e+00  1.274694610e+00  1.302632676e+00  1.322358027e+00  1.336498577e+00  1.351067573e+00  1.359747912e+00  1.362034189e+00  1.362847028e+00 
 2.343750000e-02  1.168769289e+00  1.233559992e+00  1.274294188e+00  1.302157229e+00  1.321807054e+00  1.335869268e+00  1.350371251e+00  1.358970922e+00  1.361159772e+00  1.361862230e+00 
 2.734375000e-02  1.168517537e+00  1.233207542e+00  1.273856836e+00  1.301639078e+00  1.321207331e+00  1.335184725e+00  1.349616208e+00  1.358140252e+00  1.360211411e+00  1.360794370e+00 
 3.125000000e-02  1.168243198e+00  1.232824540e+00  1.273382772e+00  1.301078480e+00  1.320559190e+00  1.334445251e+00  1.348801579e+00  1.357238262e+00  1.359195249e+00  1.359649093e+00 
 3.515625000e-02  1.167946379e+00  1.232411105e+00  1.272872184e+00  1.300475796e+00  1.319863026e+00  1.333651216e+00  1.347926235e+00  1.356275965e+00  1.358125426e+00  1.358435659e+00 
 3.906250000e-02  1.167627099e+00  1.231967326e+00  1.272325234e+00  1.299831146e+00  1.319119311e+00  1.332803552e+00  1.346989915e+00  1.355249493e+00  1.356965331e+00  1.357116856e+00 
 4.296875000e-02  1.167285458e+00  1.231493367e+00  1.271742193e+00  1.299144992e+00  1.318328613e+00  1.331903144e+00  1.345985165e+00  1.354153648e+00  1.355725867e+00  1.355711602e+00 
 4.687500000e-02  1.166921529e+00  1.230989331e+00  1.271123281e+00  1.298417716e+00  1.317491563e+00  1.330951036e+00  1.344937334e+00  1.352992512e+00  1.354417019e+00  1.354235959e+00 
 5.078125000e-02  1.166535348e+00  1.230455413e+00  1.270468779e+00  1.297649769e+00  1.316609032e+00  1.329948386e+00  1.343839203e+00  1.351787145e+00  1.353050465e+00  1.352698818e+00 
 5.468750000e-02  1.166127037e+00  1.229891729e+00  1.269778960e+00  1.296841629e+00  1.315681504e+00  1.328896330e+00  1.342690943e+00  1.350523220e+00  1.351643504e+00  1.351099883e+00 
 5.859375000e-02  1.165696693e+00  1.229298503e+00  1.269054153e+00  1.295993783e+00  1.314709862e+00  1.327795739e+00  1.341489386e+00  1.349208043e+00  1.350155692e+00  1.349411329e+00 
 6.250000000e-02  1.165244367e+00  1.228675964e+00  1.268294755e+00  1.295106786e+00  1.313694875e+00  1.326647519e+00  1.340232938e+00  1.347831421e+00  1.348602560e+00  1.347663753e+00 
 6.640625000e-02  1.164770195e+00  1.228024207e+00  1.267500957e+00  1.294181282e+00  1.312637358e+00  1.325452750e+00  1.338918099e+00  1.346398324e+00  1.346998020e+00  1.345868803e+00 
 7.031250000e-02  1.164274286e+00  1.227343503e+00  1.266673216e+00  1.293217625e+00  1.311538133e+00  1.324212906e+00  1.337570615e+00  1.344932917e+00  1.345364102e+00  1.344019793e+00 
 7.421875000e-02  1.163756751e+00  1.226634061e+00  1.265811888e+00  1.292216555e+00  1.310398231e+00  1.322929506e+00  1.336183110e+00  1.343419452e+00  1.343662809e+00  1.342101072e+00 
 7.812500000e-02  1.163217659e+00  1.225896142e+00  1.264917408e+00  1.291178681e+00  1.309218382e+00  1.321603991e+00  1.334749099e+00  1.341859090e+00  1.341907232e+00  1.340143155e+00 
 8.203125000e-02  1.162657176e+00  1.225129959e+00  1.263990158e+00  1.290104659e+00  1.307999686e+00  1.320237378e+00  1.333258488e+00  1.340244300e+00  1.340113124e+00  1.338151489e+00 
 8.593750000e-02  1.162075383e+00  1.224335799e+00  1.263030674e+00  1.288995258e+00  1.306743106e+00  1.318830668e+00  1.331740534e+00  1.338605542e+00  1.338297160e+00  1.336096026e+00 
 8.984375000e-02  1.161472452e+00  1.223513920e+00  1.262039227e+00  1.287850937e+00  1.305449627e+00  1.317385496e+00  1.330189084e+00  1.336928317e+00  1.336421831e+00  1.334009274e+00 
 9.375000000e-02  1.160848534e+00  1.222664557e+00  1.261016361e+00  1.286672513e+00  1.304120298e+00  1.315903424e+00  1.328601751e+00  1.335210933e+00  1.334507307e+00  1.331899429e+00 
 9.765625000e-02  1.160203717e+00  1.221787984e+00  1.259962520e+00  1.285460684e+00  1.302755933e+00  1.314385998e+00  1.326963716e+00  1.333452225e+00  1.332580906e+00  1.329736549e+00 
 1.015625000e-01  1.159538188e+00  1.220884524e+00  1.258878195e+00  1.284216180e+00  1.301357661e+00  1.312834031e+00  1.325304733e+00  1.331674615e+00  1.330608179e+00  1.327550266e+00 
 1.054687500e-01  1.158852149e+00  1.219954472e+00  1.257763915e+00  1.282939798e+00  1.299926537e+00  1.311248981e+00  1.323618625e+00  1.329866853e+00  1.328599740e+00  1.325345260e+00 
 1.093750000e-01  1.158145610e+00  1.218998107e+00  1.256620067e+00  1.281632080e+00  1.298463626e+00  1.309632362e+00  1.321901711e+00  1.328022455e+00  1.326584083e+00  1.323098651e+00 
 1.132812500e-01  1.157418817e+00  1.218015801e+00  1.255447190e+00  1.280293865e+00  1.296969762e+00  1.307985782e+00  1.320142478e+00  1.326156687e+00  1.324530120e+00  1.320835155e+00 
 1.171875000e-01  1.156671951e+00  1.217007745e+00  1.254245793e+00  1.278925883e+00  1.295446037e+00  1.306309855e+00  1.318370243e+00  1.324269825e+00  1.322448255e+00  1.318554195e+00 
 1.210937500e-01  1.155905116e+00  1.215974340e+00  1.253016381e+00  1.277528953e+00  1.293893450e+00  1.304606102e+00  1.316574623e+00  1.322355388e+00  1.320360983e+00  1.316243088e+00 
 1.250000000e-01  1.155118527e+00  1.214915865e+00  1.251759530e+00  1.276103649e+00  1.292313064e+00  1.302876161e+00  1.314751422e+00  1.320418399e+00  1.318242582e+00  1.313927123e+00 
 1.289062500e-01  1.154312409e+00  1.213832681e+00  1.250475628e+00  1.274650760e+00  1.290705670e+00  1.301120728e+00  1.312896989e+00  1.318467376e+00  1.316100577e+00  1.311580641e+00 
 1.328125000e-01  1.153486806e+00  1.212725146e+00  1.249165252e+00  1.273171030e+00  1.289072300e+00  1.299340952e+00  1.311034255e+00  1.316493722e+00  1.313957551e+00  1.309220731e+00 
 1.367187500e-01  1.152641978e+00  1.211593513e+00  1.247828913e+00  1.271665238e+00  1.287413895e+00  1.297538114e+00  1.309149301e+00  1.314497277e+00  1.311786353e+00  1.306853931e+00 
 1.406250000e-01  1.151778133e+00  1.210438182e+00  1.246467180e+00  1.270133964e+00  1.285731416e+00  1.295713673e+00  1.307234460e+00  1.312495235e+00  1.309598257e+00  1.304462813e+00 
 1.445312500e-01  1.150895382e+00  1.209259463e+00  1.245080456e+00  1.268577972e+00  1.284025600e+00  1.293867907e+00  1.305314736e+00  1.310472931e+00  1.307410192e+00  1.302068483e+00 
 1.484375000e-01  1.149993995e+00  1.208057763e+00  1.243669314e+00  1.266997951e+00  1.282297384e+00  1.292002111e+00  1.303376388e+00  1.308433892e+00  1.305195240e+00  1.299651027e+00 
 1.523437500e-01  1.149074139e+00  1.206833309e+00  1.242234263e+00  1.265394643e+00  1.280547661e+00  1.290117626e+00  1.301411515e+00  1.306385041e+00  1.302969449e+00  1.297224467e+00 
 1.562500000e-01  1.148135947e+00  1.205586516e+00  1.240775860e+00  1.263768587e+00  1.278777095e+00  1.288214633e+00  1.299443682e+00  1.304321552e+00  1.300741446e+00  1.294789567e+00 
 1.601562500e-01  1.147179672e+00  1.204317737e+00  1.239294492e+00  1.262120496e+00  1.276986538e+00  1.286294258e+00  1.297460208e+00  1.302244175e+00  1.298490154e+00  1.292335970e+00 
 1.640625000e-01  1.146205521e+00  1.203027324e+00  1.237790714e+00  1.260451078e+00  1.275176789e+00  1.284357692e+00  1.295453353e+00  1.300158486e+00  1.296238556e+00  1.289879023e+00 
 1.679687500e-01  1.145213735e+00  1.201715580e+00  1.236265021e+00  1.258760818e+00  1.273348435e+00  1.282405051e+00  1.293444709e+00  1.298058712e+00  1.293967384e+00  1.287401103e+00 
 1.718750000e-01  1.144204405e+00  1.200382860e+00  1.234717942e+00  1.257050396e+00  1.271502244e+00  1.280437304e+00  1.291422519e+00  1.295948218e+00  1.291683669e+00  1.284916973e+00 
 1.757812500e-01  1.143177805e+00  1.199029529e+00  1.233149856e+00  1.255320390e+00  1.269638891e+00  1.278455508e+00  1.289379437e+00  1.293829519e+00  1.289398858e+00  1.282413800e+00 
 1.796875000e-01  1.142134167e+00  1.197655967e+00  1.231561282e+00  1.253571443e+00  1.267758939e+00  1.276459616e+00  1.287335006e+00  1.291696774e+00  1.287094413e+00  1.279900589e+00 
 1.835937500e-01  1.141073658e+00  1.196262436e+00  1.229952735e+00  1.251803971e+00  1.265863006e+00  1.274450479e+00  1.285278638e+00  1.289556519e+00  1.284786361e+00  1.277375331e+00 
 1.875000000e-01  1.139996480e+00  1.194849332e+00  1.228324572e+00  1.250018598e+00  1.263951729e+00  1.272429045e+00  1.283204094e+00  1.287406038e+00  1.282459889e+00  1.274832893e+00 
 1.914062500e-01  1.138902902e+00  1.193416998e+00  1.226677287e+00  1.248215858e+00  1.262025536e+00  1.270395034e+00  1.281127509e+00  1.285241657e+00  1.280121258e+00  1.272278138e+00 
 1.953125000e-01  1.137793058e+00  1.191965727e+00  1.225011359e+00  1.246396191e+00  1.260085008e+00  1.268349607e+00  1.279033320e+00  1.283073499e+00  1.277778176e+00  1.269704079e+00 
 1.992187500e-01  1.136667227e+00  1.190495885e+00  1.223327135e+00  1.244560092e+00  1.258130641e+00  1.266292572e+00  1.276935786e+00  1.280891057e+00  1.275415876e+00  1.267118178e+00 
 2.031250000e-01  1.135525592e+00  1.189007800e+00  1.221625078e+00  1.242708101e+00  1.256162830e+00  1.264224535e+00  1.274829548e+00  1.278698549e+00  1.273047573e+00  1.264511186e+00 
 2.070312500e-01  1.134368407e+00  1.187501834e+00  1.219905627e+00  1.240840556e+00  1.254182018e+00  1.262146145e+00  1.272706332e+00  1.276495913e+00  1.270659596e+00  1.261891201e+00 
 2.109375000e-01  1.133195830e+00  1.185978262e+00  1.218169123e+00  1.238957975e+00  1.252188654e+00  1.260057182e+00  1.270580450e+00  1.274280151e+00  1.268262401e+00  1.259247882e+00 
 2.148437500e-01  1.132008143e+00  1.184437428e+00  1.216415972e+00  1.237060690e+00  1.250183017e+00  1.257958110e+00  1.268444161e+00  1.272056538e+00  1.265847024e+00  1.256590109e+00 
 2.187500000e-01  1.130805545e+00  1.182879678e+00  1.214646613e+00  1.235149114e+00  1.248165550e+00  1.255849522e+00  1.266293445e+00  1.269819227e+00  1.263416762e+00  1.253907084e+00 
 2.226562500e-01  1.129588203e+00  1.181305277e+00  1.212861330e+00  1.233223696e+00  1.246136471e+00  1.253730980e+00  1.264138702e+00  1.267570890e+00  1.260974988e+00  1.251207201e+00 
 2.265625000e-01  1.128356381e+00  1.179714569e+00  1.211060520e+00  1.231284673e+00  1.244096156e+00  1.251603288e+00  1.261968772e+00  1.265309656e+00  1.258513228e+00  1.248480394e+00 
 2.304687500e-01  1.127110323e+00  1.178107887e+00  1.209244587e+00  1.229332474e+00  1.242044845e+00  1.249465996e+00  1.259794070e+00  1.263035690e+00  1.256038378e+00  1.245734694e+00 
 2.343750000e-01  1.125850231e+00  1.176485479e+00  1.207413760e+00  1.227367396e+00  1.239982802e+00  1.247319571e+00  1.257609185e+00  1.260748667e+00  1.253542444e+00  1.242960962e+00 
 2.382812500e-01  1.124576283e+00  1.174847675e+00  1.205568457e+00  1.225389743e+00  1.237910227e+00  1.245164225e+00  1.255409706e+00  1.258447491e+00  1.251031149e+00  1.240164712e+00 
 2.421875000e-01  1.123288746e+00  1.173194784e+00  1.203708994e+00  1.223399832e+00  1.235827374e+00  1.242999706e+00  1.253204445e+00  1.256133021e+00  1.248498139e+00  1.237340238e+00 
 2.460937500e-01  1.121987819e+00  1.171527073e+00  1.201835610e+00  1.221397862e+00  1.233734385e+00  1.240826325e+00  1.250984257e+00  1.253803153e+00  1.245946931e+00  1.234488671e+00 
 2.500000000e-01  1.120673752e+00  1.169844843e+00  1.199948702e+00  1.219384166e+00  1.231631454e+00  1.238643932e+00  1.248757144e+00  1.251458538e+00  1.243373937e+00  1.231609998e+00 
 2.539062500e-01  1.119346727e+00  1.168148386e+00  1.198048475e+00  1.217358951e+00  1.229518730e+00  1.236452741e+00  1.246516051e+00  1.249097373e+00  1.240780435e+00  1.228699193e+00 
 2.578125000e-01  1.118006972e+00  1.166437962e+00  1.196135233e+00  1.215322485e+00  1.227396320e+00  1.234252414e+00  1.244265724e+00  1.246720486e+00  1.238163409e+00  1.225762824e+00 
 2.617187500e-01  1.116654717e+00  1.164713873e+00  1.194209304e+00  1.213274980e+00  1.225264394e+00  1.232043196e+00  1.242004566e+00  1.244325462e+00  1.235524668e+00  1.222792575e+00 
 2.656250000e-01  1.115290201e+00  1.162976337e+00  1.192270847e+00  1.211216564e+00  1.223123003e+00  1.229825053e+00  1.239728136e+00  1.241913306e+00  1.232859790e+00  1.219790039e+00 
 2.695312500e-01  1.113913590e+00  1.161225666e+00  1.190320235e+00  1.209147524e+00  1.220972249e+00  1.227597882e+00  1.237442484e+00  1.239482457e+00  1.230173592e+00  1.216757031e+00 
 2.734375000e-01  1.112525133e+00  1.159462118e+00  1.188357622e+00  1.207068010e+00  1.218812224e+00  1.225361707e+00  1.235142100e+00  1.237032200e+00  1.227458899e+00  1.213687717e+00 
 2.773437500e-01  1.111125054e+00  1.157685922e+00  1.186383237e+00  1.204978131e+00  1.216642968e+00  1.223116143e+00  1.232829959e+00  1.234562931e+00  1.224719755e+00  1.210584721e+00 
 2.812500000e-01  1.109713568e+00  1.155897346e+00  1.184397406e+00  1.202878139e+00  1.214464509e+00  1.220861598e+00  1.230502817e+00  1.232072371e+00  1.221954060e+00  1.207448470e+00 
 2.851562500e-01  1.108290870e+00  1.154096646e+00  1.182400252e+00  1.200768090e+00  1.212276938e+00  1.218597277e+00  1.228164658e+00  1.229561312e+00  1.219158710e+00  1.204273498e+00 
 2.890625000e-01  1.106857192e+00  1.152284051e+00  1.180391989e+00  1.198648162e+00  1.210080184e+00  1.216323990e+00  1.225809283e+00  1.227029021e+00  1.216336819e+00  1.201061534e+00 
 2.929687500e-01  1.105412746e+00  1.150459795e+00  1.178372883e+00  1.196518482e+00  1.207874388e+00  1.214040896e+00  1.223441860e+00  1.224473488e+00  1.213485476e+00  1.197816195e+00 
 2.968750000e-01  1.103957749e+00  1.148624138e+00  1.176343104e+00  1.194379095e+00  1.205659479e+00  1.211747888e+00  1.221058026e+00  1.221895641e+00  1.210603085e+00  1.194529950e+00 
 3.007812500e-01  1.102492420e+00  1.146777305e+00  1.174302798e+00  1.192230248e+00  1.203435401e+00  1.209445364e+00  1.218659266e+00  1.219294543e+00  1.207690496e+00  1.191199825e+00 
 3.046875000e-01  1.101016957e+00  1.144919495e+00  1.172252154e+00  1.190071922e+00  1.201202281e+00  1.207132714e+00  1.216244248e+00  1.216668667e+00  1.204749485e+00  1.187838435e+00 
 3.085937500e-01  1.099531580e+00  1.143050924e+00  1.170191412e+00  1.187904235e+00  1.198959989e+00  1.204809627e+00  1.213814879e+00  1.214018363e+00  1.201774213e+00  1.184435395e+00 
 3.125000000e-01  1.098036502e+00  1.141171871e+00  1.168120674e+00  1.185727224e+00  1.196708474e+00  1.202476714e+00  1.211366390e+00  1.211343560e+00  1.198764569e+00  1.180988833e+00 
 3.164062500e-01  1.096531928e+00  1.139282503e+00  1.166040097e+00  1.183541061e+00  1.194447814e+00  1.200133304e+00  1.208903393e+00  1.208642103e+00  1.195728754e+00  1.177494294e+00 
 3.203125000e-01  1.095018074e+00  1.137383008e+00  1.163949900e+00  1.181345726e+00  1.192177894e+00  1.197779022e+00  1.206423248e+00  1.205914013e+00  1.192656896e+00  1.173969869e+00 
 3.242187500e-01  1.093495147e+00  1.135473663e+00  1.161850197e+00  1.179141276e+00  1.189898645e+00  1.195413957e+00  1.203922950e+00  1.203159789e+00  1.189548828e+00  1.170402181e+00 
 3.281250000e-01  1.091963352e+00  1.133554638e+00  1.159741056e+00  1.176927848e+00  1.187610030e+00  1.193038215e+00  1.201405771e+00  1.200378533e+00  1.186405604e+00  1.166788955e+00 
 3.320312500e-01  1.090422891e+00  1.131626120e+00  1.157622763e+00  1.174705433e+00  1.185312044e+00  1.190651250e+00  1.198875714e+00  1.197568479e+00  1.183233573e+00  1.163128861e+00 
 3.359375000e-01  1.088873973e+00  1.129688312e+00  1.155495363e+00  1.172473993e+00  1.183004571e+00  1.188252440e+00  1.196318153e+00  1.194730056e+00  1.180023743e+00  1.159417876e+00 
 3.398437500e-01  1.087316822e+00  1.127741377e+00  1.153358997e+00  1.170233749e+00  1.180687490e+00  1.185843094e+00  1.193744330e+00  1.191863452e+00  1.176775108e+00  1.155680708e+00 
 3.437500000e-01  1.085751630e+00  1.125785582e+00  1.151213718e+00  1.167984615e+00  1.178360893e+00  1.183421901e+00  1.191152874e+00  1.188969330e+00  1.173484289e+00  1.151899378e+00 
 3.476562500e-01  1.084178599e+00  1.123821071e+00  1.149059796e+00  1.165726627e+00  1.176024600e+00  1.180988768e+00  1.188546879e+00  1.186043894e+00  1.170170507e+00  1.148071936e+00 
 3.515625000e-01  1.082597923e+00  1.121848019e+00  1.146897258e+00  1.163459744e+00  1.173678540e+00  1.178543150e+00  1.185910927e+00  1.183087993e+00  1.166818618e+00  1.144196751e+00 
 3.554687500e-01  1.081009824e+00  1.119866579e+00  1.144726221e+00  1.161184171e+00  1.171322587e+00  1.176086406e+00  1.183257459e+00  1.180102530e+00  1.163426870e+00  1.140273512e+00 
 3.593750000e-01  1.079414476e+00  1.117877024e+00  1.142546728e+00  1.158899800e+00  1.168956825e+00  1.173617236e+00  1.180586806e+00  1.177088027e+00  1.159994423e+00  1.136301593e+00 
 3.632812500e-01  1.077812123e+00  1.115879480e+00  1.140359053e+00  1.156606656e+00  1.166581065e+00  1.171135355e+00  1.177896944e+00  1.174042392e+00  1.156522545e+00  1.132284734e+00 
 3.671875000e-01  1.076202948e+00  1.113874110e+00  1.138163191e+00  1.154304672e+00  1.164195231e+00  1.168640716e+00  1.175184747e+00  1.170963830e+00  1.153010490e+00  1.128228037e+00 
 3.710937500e-01  1.074587141e+00  1.111861089e+00  1.135959246e+00  1.151994066e+00  1.161799237e+00  1.166133307e+00  1.172446086e+00  1.167853418e+00  1.149475989e+00  1.124143533e+00 
 3.750000000e-01  1.072964911e+00  1.109840553e+00  1.133747310e+00  1.149674720e+00  1.159393017e+00  1.163613723e+00  1.169689509e+00  1.164712282e+00  1.145902416e+00  1.120016279e+00 
 3.789062500e-01  1.071336440e+00  1.107812780e+00  1.131527446e+00  1.147346646e+00  1.156976554e+00  1.161080812e+00  1.166915070e+00  1.161541087e+00  1.142288307e+00  1.115846269e+00 
 3.828125000e-01  1.069701915e+00  1.105777868e+00  1.129299871e+00  1.145009837e+00  1.154549709e+00  1.158534479e+00  1.164120711e+00  1.158340476e+00  1.138632990e+00  1.111633632e+00 
 3.867187500e-01  1.068061602e+00  1.103735983e+00  1.127064596e+00  1.142664257e+00  1.152112403e+00  1.155974608e+00  1.161302132e+00  1.155105483e+00  1.134937323e+00  1.107378721e+00 
 3.906250000e-01  1.066415653e+00  1.101687284e+00  1.124821705e+00  1.140310074e+00  1.149664494e+00  1.153401242e+00  1.158453516e+00  1.151836732e+00  1.131203186e+00  1.103082148e+00 
 3.945312500e-01  1.064764273e+00  1.099631880e+00  1.122571291e+00  1.137947190e+00  1.147206108e+00  1.150815309e+00  1.155586680e+00  1.148535477e+00  1.127429750e+00  1.098744777e+00 
 3.984375000e-01  1.063107642e+00  1.097570077e+00  1.120313388e+00  1.135575604e+00  1.144737047e+00  1.148215377e+00  1.152702059e+00  1.145202912e+00  1.123618002e+00  1.094367692e+00 
 4.023437500e-01  1.061445978e+00  1.095501955e+00  1.118048241e+00  1.133195314e+00  1.142257242e+00  1.145601333e+00  1.149798764e+00  1.141839741e+00  1.119756263e+00  1.089952153e+00 
 4.062500000e-01  1.059779460e+00  1.093427678e+00  1.115775838e+00  1.130806255e+00  1.139766625e+00  1.142973075e+00  1.146875237e+00  1.138446417e+00  1.115892650e+00  1.085499532e+00 
 4.101562500e-01  1.058108298e+00  1.091347397e+00  1.113496261e+00  1.128408655e+00  1.137265130e+00  1.140330549e+00  1.143930122e+00  1.135025977e+00  1.111993850e+00  1.081011218e+00 
 4.140625000e-01  1.056432625e+00  1.089261276e+00  1.111209597e+00  1.126002388e+00  1.134752649e+00  1.137673732e+00  1.140945554e+00  1.131573607e+00  1.108060042e+00  1.076488492e+00 
 4.179687500e-01  1.054752762e+00  1.087169405e+00  1.108915933e+00  1.123587457e+00  1.132229290e+00  1.135004244e+00  1.137941505e+00  1.128087951e+00  1.104091583e+00  1.071932394e+00 
 4.218750000e-01  1.053068830e+00  1.085072098e+00  1.106615310e+00  1.121163871e+00  1.129694888e+00  1.132320160e+00  1.134919452e+00  1.124569305e+00  1.100089018e+00  1.067369276e+00 
 4.257812500e-01  1.051381040e+00  1.082969437e+00  1.104307965e+00  1.118731642e+00  1.127149394e+00  1.129621361e+00  1.131880008e+00  1.121018499e+00  1.096053067e+00  1.062716370e+00 
 4.296875000e-01  1.049689579e+00  1.080861571e+00  1.101993888e+00  1.116290787e+00  1.124592762e+00  1.126907752e+00  1.128822900e+00  1.117436510e+00  1.091984589e+00  1.058028161e+00 
 4.335937500e-01  1.047994633e+00  1.078748664e+00  1.099673166e+00  1.113841286e+00  1.122024947e+00  1.124179306e+00  1.125747168e+00  1.113824262e+00  1.087884534e+00  1.053305161e+00 
 4.375000000e-01  1.046296415e+00  1.076630864e+00  1.097345891e+00  1.111383311e+00  1.119445908e+00  1.121436009e+00  1.122651631e+00  1.110182553e+00  1.083753878e+00  1.048558611e+00 
 4.414062500e-01  1.044595103e+00  1.074508340e+00  1.095012152e+00  1.108916776e+00  1.116855541e+00  1.118677861e+00  1.119535196e+00  1.106512042e+00  1.079593534e+00  1.043795445e+00 
 4.453125000e-01  1.042890912e+00  1.072381246e+00  1.092672047e+00  1.106441704e+00  1.114254039e+00  1.115904042e+00  1.116415831e+00  1.102813274e+00  1.075416048e+00  1.039018991e+00 
 4.492187500e-01  1.041184023e+00  1.070249679e+00  1.090325599e+00  1.103958122e+00  1.111641231e+00  1.113118543e+00  1.113229925e+00  1.099086712e+00  1.071170190e+00  1.034243748e+00 
 4.531250000e-01  1.039474580e+00  1.068113974e+00  1.087973101e+00  1.101466063e+00  1.109017108e+00  1.110318083e+00  1.110022930e+00  1.095332777e+00  1.066894762e+00  1.029385186e+00 
 4.570312500e-01  1.037762915e+00  1.065974186e+00  1.085614533e+00  1.098965564e+00  1.106381660e+00  1.107502579e+00  1.106795645e+00  1.091551864e+00  1.062593216e+00  1.024509696e+00 
 4.609375000e-01  1.036049160e+00  1.063830488e+00  1.083249990e+00  1.096456664e+00  1.103734883e+00  1.104671986e+00  1.103548685e+00  1.087744368e+00  1.058263862e+00  1.019634654e+00 
 4.648437500e-01  1.034333496e+00  1.061683041e+00  1.080879582e+00  1.093939333e+00  1.101076775e+00  1.101826281e+00  1.100282489e+00  1.083910698e+00  1.053905441e+00  1.014781094e+00 
 4.687500000e-01  1.032616135e+00  1.059532017e+00  1.078503414e+00  1.091413852e+00  1.098407342e+00  1.098965466e+00  1.096997316e+00  1.080051314e+00  1.049528052e+00  1.009834616e+00 
 4.726562500e-01  1.030897261e+00  1.057377577e+00  1.076121596e+00  1.088880125e+00  1.095726597e+00  1.096089570e+00  1.093693288e+00  1.076166789e+00  1.045136964e+00  1.004893587e+00 
 4.765625000e-01  1.029177089e+00  1.055219895e+00  1.073734240e+00  1.086338207e+00  1.093034562e+00  1.093198639e+00  1.090370412e+00  1.072257929e+00  1.040766489e+00  1.000004974e+00 
 4.804687500e-01  1.027455805e+00  1.053059147e+00  1.071341459e+00  1.083788163e+00  1.090331268e+00  1.090292739e+00  1.087028605e+00  1.068325987e+00  1.036318519e+00  9.950160493e-01 
 4.843750000e-01  1.025733622e+00  1.050895501e+00  1.068943380e+00  1.081230059e+00  1.087616756e+00  1.087371954e+00  1.083667716e+00  1.064372960e+00  1.031850581e+00  9.900484151e-01 
 4.882812500e-01  1.024010731e+00  1.048729139e+00  1.066540013e+00  1.078663968e+00  1.084890950e+00  1.084436382e+00  1.080287544e+00  1.060402408e+00  1.027358143e+00  9.851141938e-01 
 4.921875000e-01  1.022287343e+00  1.046560234e+00  1.064131767e+00  1.076089970e+00  1.082154252e+00  1.081486133e+00  1.076887849e+00  1.056407259e+00  1.022863098e+00  9.801141182e-01 
 4.960937500e-01  1.020563649e+00  1.044388885e+00  1.061718607e+00  1.073508153e+00  1.079406498e+00  1.078521333e+00  1.073468359e+00  1.052393530e+00  1.018401720e+00  9.751917947e-01 
 5.000000000e-01  1.018839865e+00  1.042215484e+00  1.059300671e+00  1.070918609e+00  1.076647766e+00  1.075542116e+00  1.070028793e+00  1.048376727e+00  1.013857071e+00  9.701843847e-01 
 5.039062500e-01  1.017116186e+00  1.040040093e+00  1.056878095e+00  1.068321434e+00  1.073878137e+00  1.072548629e+00  1.066568870e+00  1.044325804e+00  1.009294521e+00  9.652615629e-01 
 5.078125000e-01  1.015392826e+00  1.037862904e+00  1.054451023e+00  1.065716736e+00  1.071097704e+00  1.069541027e+00  1.063088320e+00  1.040250467e+00  1.004744258e+00  9.602622787e-01 
 5.117187500e-01  1.013669983e+00  1.035684112e+00  1.052019609e+00  1.063104626e+00  1.068306567e+00  1.066519474e+00  1.059536126e+00  1.036154927e+00  1.000223704e+00  9.553547407e-01 
 5.156250000e-01  1.011947872e+00  1.033503905e+00  1.049584007e+00  1.060485222e+00  1.065504832e+00  1.063484136e+00  1.056051529e+00  1.032048630e+00  9.956243619e-01  9.503979069e-01 
 5.195312500e-01  1.010226698e+00  1.031322484e+00  1.047144375e+00  1.057858652e+00  1.062692614e+00  1.060435187e+00  1.052553970e+00  1.027927411e+00  9.910448349e-01  9.454967790e-01 
 5.234375000e-01  1.008506670e+00  1.029140050e+00  1.044700879e+00  1.055225050e+00  1.059870039e+00  1.057372799e+00  1.049044355e+00  1.023818939e+00  9.864987468e-01  9.406267347e-01 
 5.273437500e-01  1.006787995e+00  1.026956807e+00  1.042253689e+00  1.052584554e+00  1.057037238e+00  1.054297147e+00  1.045522374e+00  1.019677424e+00  9.818841309e-01  9.357178544e-01 
 5.312500000e-01  1.005070890e+00  1.024772963e+00  1.039802982e+00  1.049937313e+00  1.054194353e+00  1.051208426e+00  1.041985529e+00  1.015511522e+00  9.773449755e-01  9.308902736e-01 
 5.351562500e-01  1.003355568e+00  1.022588728e+00  1.037348942e+00  1.047283488e+00  1.051341536e+00  1.048106844e+00  1.038430160e+00  1.011324223e+00  9.727318570e-01  9.260899847e-01 
 5.390625000e-01  1.001642242e+00  1.020404321e+00  1.034891757e+00  1.044623243e+00  1.048478953e+00  1.044992654e+00  1.034852124e+00  1.007162646e+00  9.681924427e-01  9.213257571e-01 
 5.429687500e-01  9.999311231e-01  1.018219958e+00  1.032431621e+00  1.041956754e+00  1.045606782e+00  1.041866170e+00  1.031246999e+00  1.002985350e+00  9.635853710e-01  9.165562121e-01 
 5.468750000e-01  9.982224344e-01  1.016035860e+00  1.029968736e+00  1.039284203e+00  1.042725488e+00  1.038727798e+00  1.027559519e+00  9.987776404e-01  9.590344120e-01  9.118748156e-01 
 5.507812500e-01  9.965163861e-01  1.013852253e+00  1.027503308e+00  1.036605784e+00  1.039834632e+00  1.035578010e+00  1.023951084e+00  9.945686900e-01  9.544656570e-01  9.072401013e-01 
 5.546875000e-01  9.948132023e-01  1.011669369e+00  1.025035560e+00  1.033921698e+00  1.036934807e+00  1.032417268e+00  1.020341394e+00  9.903908031e-01  9.499606640e-01  9.026573673e-01 
 5.585937500e-01  9.931130949e-01  1.009487449e+00  1.022565707e+00  1.031232166e+00  1.034026258e+00  1.029249622e+00  1.016721119e+00  9.861703636e-01  9.453906685e-01  8.981299869e-01 
 5.625000000e-01  9.914162985e-01  1.007306727e+00  1.020093977e+00  1.028537409e+00  1.031109245e+00  1.026062336e+00  1.013077912e+00  9.819475441e-01  9.409045366e-01  8.936669496e-01 
 5.664062500e-01  9.897230229e-01  1.005127440e+00  1.017620609e+00  1.025837660e+00  1.028184038e+00  1.022864294e+00  1.009327209e+00  9.777638400e-01  9.363794650e-01  8.892741959e-01 
 5.703125000e-01  9.880335035e-01  1.002949846e+00  1.015145851e+00  1.023133163e+00  1.025250916e+00  1.019655951e+00  1.005666428e+00  9.735363263e-01  9.319310376e-01  8.849713926e-01 
 5.742187500e-01  9.863479598e-01  1.000774197e+00  1.012669951e+00  1.020424176e+00  1.022310163e+00  1.016438022e+00  1.002014818e+00  9.693474330e-01  9.275051211e-01  8.807224559e-01 
 5.781250000e-01  9.846666100e-01  9.986008578e-01  1.010193170e+00  1.017710971e+00  1.019362062e+00  1.013211498e+00  9.983526110e-01  9.651427903e-01  9.230622732e-01  8.765916371e-01 
 5.820312500e-01  9.829897026e-01  9.964298280e-01  1.007715953e+00  1.014993828e+00  1.016406907e+00  1.009977370e+00  9.946573342e-01  9.609297163e-01  9.186963948e-01  8.725608579e-01 
 5.859375000e-01  9.813174451e-01  9.942615302e-01  1.005238161e+00  1.012273039e+00  1.013445025e+00  1.006743215e+00  9.908881763e-01  9.567615376e-01  9.143654876e-01  8.686070889e-01 
 5.898437500e-01  9.796500906e-01  9.920962280e-01  1.002760307e+00  1.009548913e+00  1.010477274e+00  1.003488768e+00  9.872175732e-01  9.525779634e-01  9.100759994e-01  8.647852597e-01 
 5.937500000e-01  9.779878465e-01  9.899341884e-01  1.000282693e+00  1.006821976e+00  1.007503156e+00  1.000226655e+00  9.835314925e-01  9.484314439e-01  9.058254787e-01  8.610839077e-01 
 5.976562500e-01  9.763309757e-01  9.877757144e-01  9.978056209e-01  1.004092018e+00  1.004523574e+00  9.969582786e-01  9.797380560e-01  9.442600249e-01  9.015914081e-01  8.574967719e-01 
 6.015625000e-01  9.746797969e-01  9.856210839e-01  9.953293937e-01  1.001359705e+00  1.001538944e+00  9.936851330e-01  9.760603519e-01  9.401364321e-01  8.974312391e-01  8.540392306e-01 
 6.054687500e-01  9.730343294e-01  9.834705747e-01  9.928543465e-01  9.986253925e-01  9.985496331e-01  9.904179170e-01  9.723767766e-01  9.360064897e-01  8.933365746e-01  8.507641351e-01 
 6.093750000e-01  9.713949247e-01  9.813245012e-01  9.903808045e-01  9.958894573e-01  9.955559966e-01  9.871307395e-01  9.685805130e-01  9.319169650e-01  8.892941743e-01  8.475761432e-01 
 6.132812500e-01  9.697618072e-01  9.791831641e-01  9.879091069e-01  9.931522880e-01  9.925585175e-01  9.838392328e-01  9.649111071e-01  9.278535898e-01  8.853322708e-01  8.446067672e-01 
 6.171875000e-01  9.681352501e-01  9.770468696e-01  9.854396098e-01  9.904142907e-01  9.895586107e-01  9.805454023e-01  9.612240483e-01  9.237719517e-01  8.814233240e-01  8.417114630e-01 
 6.210937500e-01  9.665154589e-01  9.749160436e-01  9.829728305e-01  9.876761640e-01  9.865554576e-01  9.772632803e-01  9.574592036e-01  9.197711560e-01  8.775898252e-01  8.390645476e-01 
 6.250000000e-01  9.649027211e-01  9.727907333e-01  9.805087300e-01  9.849376531e-01  9.835501299e-01  9.739618678e-01  9.538055914e-01  9.157825103e-01  8.738394774e-01  8.366216240e-01 
 6.289062500e-01  9.632972362e-01  9.706714051e-01  9.780479133e-01  9.821995815e-01  9.805429882e-01  9.706591637e-01  9.500409464e-01  9.118212869e-01  8.701903332e-01  8.343312541e-01 
 6.328125000e-01  9.616992951e-01  9.685583801e-01  9.755907782e-01  9.794624085e-01  9.775355800e-01  9.673740922e-01  9.464023232e-01  9.079115851e-01  8.666207899e-01  8.322355657e-01 
 6.367187500e-01  9.601091023e-01  9.664520235e-01  9.731377318e-01  9.767266351e-01  9.745272728e-01  9.640709083e-01  9.426490951e-01  9.040277627e-01  8.631542626e-01  8.303494881e-01 
 6.406250000e-01  9.585270359e-01  9.643526643e-01  9.706891829e-01  9.739927651e-01  9.715192232e-01  9.607681762e-01  9.390397687e-01  9.001753672e-01  8.597901746e-01  8.286334292e-01 
 6.445312500e-01  9.569531239e-01  9.622606466e-01  9.682457468e-01  9.712615151e-01  9.685117787e-01  9.574871011e-01  9.353190372e-01  8.963746161e-01  8.565226703e-01  8.270724372e-01 
 6.484375000e-01  9.553876996e-01  9.601764235e-01  9.658073875e-01  9.685328204e-01  9.655068414e-01  9.541899352e-01  9.317408167e-01  8.926272394e-01  8.534118563e-01  8.257306715e-01 
 6.523437500e-01  9.538310696e-01  9.581000940e-01  9.633747948e-01  9.658075736e-01  9.625036166e-01  9.508950897e-01  9.280620891e-01  8.889305968e-01  8.503911669e-01  8.247988401e-01 
 6.562500000e-01  9.522834296e-01  9.560321680e-01  9.609484407e-01  9.630863592e-01  9.595032106e-01  9.476264015e-01  9.245064852e-01  8.853294260e-01  8.475018118e-01  8.238390002e-01 
 6.601562500e-01  9.507450942e-01  9.539730142e-01  9.585288015e-01  9.603700344e-01  9.565061580e-01  9.443422509e-01  9.208830268e-01  8.817437890e-01  8.447585193e-01  8.232721238e-01 
 6.640625000e-01  9.492163391e-01  9.519229847e-01  9.561165574e-01  9.576584929e-01  9.535152386e-01  9.410656752e-01  9.173524520e-01  8.782143268e-01  8.421413950e-01  8.229679687e-01 
 6.679687500e-01  9.476973088e-01  9.498826388e-01  9.537116662e-01  9.549527418e-01  9.505284937e-01  9.378197725e-01  9.137952945e-01  8.747799972e-01  8.396184691e-01  8.228567665e-01 
 6.718750000e-01  9.461882786e-01  9.478520224e-01  9.513149315e-01  9.522534560e-01  9.475475288e-01  9.345606096e-01  9.102476163e-01  8.713977403e-01  8.373154324e-01  8.229313329e-01 
 6.757812500e-01  9.446895733e-01  9.458316680e-01  9.489268752e-01  9.495615523e-01  9.445754955e-01  9.313363649e-01  9.068042973e-01  8.681191988e-01  8.351618977e-01  8.231902398e-01 
 6.796875000e-01  9.432014253e-01  9.438220208e-01  9.465482468e-01  9.468770251e-01  9.416100152e-01  9.280988114e-01  9.033321300e-01  8.649109288e-01  8.331636032e-01  8.236606008e-01 
 6.835937500e-01  9.417240642e-01  9.418234685e-01  9.441790293e-01  9.442009732e-01  9.386533164e-01  9.249018339e-01  8.998748961e-01  8.617496361e-01  8.313183125e-01  8.245555897e-01 
 6.875000000e-01  9.402578731e-01  9.398365273e-01  9.418200594e-01  9.415344558e-01  9.357085204e-01  9.216953941e-01  8.965203020e-01  8.587099613e-01  8.296227026e-01  8.254893474e-01 
 6.914062500e-01  9.388029136e-01  9.378612930e-01  9.394719168e-01  9.388774240e-01  9.327727644e-01  9.185314379e-01  8.931557750e-01  8.557810129e-01  8.282443242e-01  8.268136012e-01 
 6.953125000e-01  9.373595888e-01  9.358983951e-01  9.371353607e-01  9.362310652e-01  9.298510093e-01  9.153582555e-01  8.898442217e-01  8.529398109e-01  8.269159482e-01  8.281288709e-01 
 6.992187500e-01  9.359280797e-01  9.339482534e-01  9.348104507e-01  9.335965066e-01  9.269408814e-01  9.122328755e-01  8.865869831e-01  8.501923344e-01  8.256882639e-01  8.298405687e-01 
 7.031250000e-01  9.345087325e-01  9.320113814e-01  9.324980987e-01  9.309737412e-01  9.240463289e-01  9.091024542e-01  8.833163971e-01  8.475832060e-01  8.248971779e-01  8.317595175e-01 
 7.070312500e-01  9.331017742e-01  9.300879162e-01  9.301991293e-01  9.283640200e-01  9.211661016e-01  9.060197797e-01  8.801805529e-01  8.450602557e-01  8.240045989e-01  8.338721419e-01 
 7.109375000e-01  9.317074584e-01  9.281785058e-01  9.279135991e-01  9.257684781e-01  9.183018520e-01  9.029601246e-01  8.770589060e-01  8.426637283e-01  8.234794054e-01  8.361502378e-01 
 7.148437500e-01  9.303260027e-01  9.262836952e-01  9.256424487e-01  9.231872062e-01  9.154570525e-01  8.999008980e-01  8.740046997e-01  8.403926142e-01  8.231933338e-01  8.386574882e-01 
 7.187500000e-01  9.289577608e-01  9.244036373e-01  9.233865449e-01  9.206218624e-01  9.126291823e-01  8.969000585e-01  8.709923040e-01  8.381928649e-01  8.230761753e-01  8.414344713e-01 
 7.226562500e-01  9.276029431e-01  9.225389048e-01  9.211459942e-01  9.180725264e-01  9.098231674e-01  8.939080858e-01  8.680667659e-01  8.362004357e-01  8.231103288e-01  8.442864293e-01 
 7.265625000e-01  9.262618474e-01  9.206900279e-01  9.189217566e-01  9.155405465e-01  9.070367116e-01  8.909689856e-01  8.652061525e-01  8.343215097e-01  8.232957049e-01  8.474346183e-01 
 7.304687500e-01  9.249346680e-01  9.188575179e-01  9.167147373e-01  9.130271783e-01  9.042748515e-01  8.880617882e-01  8.623640606e-01  8.326017969e-01  8.236482818e-01  8.505862400e-01 
 7.343750000e-01  9.236217657e-01  9.170415819e-01  9.145251067e-01  9.105327154e-01  9.015372167e-01  8.851932066e-01  8.596539346e-01  8.310273911e-01  8.242377470e-01  8.540421053e-01 
 7.382812500e-01  9.223233058e-01  9.152428864e-01  9.123540817e-01  9.080589045e-01  8.988241940e-01  8.823426912e-01  8.570004156e-01  8.295018604e-01  8.251925302e-01  8.575444503e-01 
 7.421875000e-01  9.210396497e-01  9.134619575e-01  9.102018472e-01  9.056059795e-01  8.961402024e-01  8.795569602e-01  8.544216930e-01  8.281995096e-01  8.260792106e-01  8.612701089e-01 
 7.460937500e-01  9.197709586e-01  9.116990565e-01  9.080693948e-01  9.031757758e-01  8.934831975e-01  8.768057746e-01  8.519167059e-01  8.270772228e-01  8.274001312e-01  8.651133380e-01 
 7.500000000e-01  9.185175908e-01  9.099547609e-01  9.059576559e-01  9.007685242e-01  8.908575585e-01  8.741119906e-01  8.494926808e-01  8.259809314e-01  8.288326931e-01  8.690890309e-01 
 7.539062500e-01  9.172797101e-01  9.082296745e-01  9.038669071e-01  8.983860404e-01  8.882636233e-01  8.714493666e-01  8.471547373e-01  8.252655393e-01  8.302726460e-01  8.731531979e-01 
 7.578125000e-01  9.160576968e-01  9.065240675e-01  9.017983806e-01  8.960286627e-01  8.857012995e-01  8.688516786e-01  8.448846463e-01  8.245476970e-01  8.320637272e-01  8.774010553e-01 
 7.617187500e-01  9.148516884e-01  9.048386094e-01  8.997523489e-01  8.936982624e-01  8.831764116e-01  8.663107275e-01  8.428691604e-01  8.239250745e-01  8.340316051e-01  8.817120359e-01 
 7.656250000e-01  9.136620430e-01  9.031736380e-01  8.977300584e-01  8.913952652e-01  8.806881023e-01  8.638226974e-01  8.408297047e-01  8.236236517e-01  8.361323643e-01  8.861414451e-01 
 7.695312500e-01  9.124889044e-01  9.015297207e-01  8.957318348e-01  8.891215373e-01  8.782373809e-01  8.613902690e-01  8.387956927e-01  8.234882322e-01  8.384189885e-01  8.906438913e-01 
 7.734375000e-01  9.113326825e-01  8.999073976e-01  8.937587067e-01  8.868776834e-01  8.758286941e-01  8.590077893e-01  8.369750599e-01  8.234782720e-01  8.409183807e-01  8.952561308e-01 
 7.773437500e-01  9.101934952e-01  8.983070459e-01  8.918115970e-01  8.846654264e-01  8.734616199e-01  8.567066993e-01  8.352210100e-01  8.235880172e-01  8.435374004e-01  8.999153516e-01 
 7.812500000e-01  9.090716648e-01  8.967293050e-01  8.898909836e-01  8.824857098e-01  8.711371527e-01  8.544712316e-01  8.336920832e-01  8.238289555e-01  8.462906569e-01  9.046529283e-01 
 7.851562500e-01  9.079674239e-01  8.951744992e-01  8.879979480e-01  8.803393993e-01  8.688589202e-01  8.523009696e-01  8.322771362e-01  8.242609957e-01  8.491545267e-01  9.094486453e-01 
 7.890625000e-01  9.068810779e-01  8.936432411e-01  8.861331631e-01  8.782282254e-01  8.666274218e-01  8.501970542e-01  8.307876138e-01  8.250144373e-01  8.522469462e-01  9.142952077e-01 
 7.929687500e-01  9.058127261e-01  8.921360638e-01  8.842972868e-01  8.761530744e-01  8.644450593e-01  8.481625839e-01  8.295478059e-01  8.257754461e-01  8.554142671e-01  9.191844876e-01 
 7.968750000e-01  9.047627709e-01  8.906533312e-01  8.824914652e-01  8.741149968e-01  8.623146262e-01  8.462032295e-01  8.285621161e-01  8.267389067e-01  8.587585062e-01  9.241084976e-01 
 8.007812500e-01  9.037314506e-01  8.891956768e-01  8.807161713e-01  8.721156879e-01  8.602372603e-01  8.443510921e-01  8.273587986e-01  8.278707695e-01  8.621646249e-01  9.290603289e-01 
 8.046875000e-01  9.027188499e-01  8.877634708e-01  8.789725430e-01  8.701563292e-01  8.582152005e-01  8.425661061e-01  8.267004930e-01  8.292293777e-01  8.657340163e-01  9.340762601e-01 
 8.085937500e-01  9.017254426e-01  8.863573111e-01  8.772611223e-01  8.682380594e-01  8.562483458e-01  8.408602538e-01  8.257917095e-01  8.305796792e-01  8.694114773e-01  9.390733303e-01 
 8.125000000e-01  9.007512966e-01  8.849776274e-01  8.755830227e-01  8.663626385e-01  8.543377777e-01  8.392251883e-01  8.251033119e-01  8.321900293e-01  8.731828780e-01  9.440752441e-01 
 8.164062500e-01  8.997966194e-01  8.836249331e-01  8.739387436e-01  8.645306318e-01  8.524854760e-01  8.376847561e-01  8.248604362e-01  8.339717645e-01  8.770758288e-01  9.490762794e-01 
 8.203125000e-01  8.988618416e-01  8.822997236e-01  8.723292885e-01  8.627430452e-01  8.506948816e-01  8.362696357e-01  8.244245202e-01  8.358556666e-01  8.810323928e-01  9.540789637e-01 
 8.242187500e-01  8.979470245e-01  8.810024685e-01  8.707553768e-01  8.610012209e-01  8.489690399e-01  8.349107591e-01  8.241363916e-01  8.379283794e-01  8.850802230e-01  9.591386260e-01 
 8.281250000e-01  8.970524029e-01  8.797336830e-01  8.692178221e-01  8.593062482e-01  8.473108357e-01  8.336383969e-01  8.240194207e-01  8.400700153e-01  8.892043515e-01  9.641156664e-01 
 8.320312500e-01  8.961782793e-01  8.784938151e-01  8.677174387e-01  8.576597607e-01  8.457208726e-01  8.325047202e-01  8.240655878e-01  8.423730633e-01  8.934093530e-01  9.690933392e-01 
 8.359375000e-01  8.953248289e-01  8.772833794e-01  8.662550352e-01  8.560629257e-01  8.441976607e-01  8.314101557e-01  8.242771452e-01  8.448186073e-01  8.976812684e-01  9.740965357e-01 
 8.398437500e-01  8.944922362e-01  8.761028020e-01  8.648316135e-01  8.545175742e-01  8.427445360e-01  8.304718751e-01  8.246617240e-01  8.474053351e-01  9.020092635e-01  9.790169592e-01 
 8.437500000e-01  8.936807957e-01  8.749526031e-01  8.634478209e-01  8.530250568e-01  8.413641509e-01  8.295727302e-01  8.251807890e-01  8.500937613e-01  9.063953791e-01  9.839817260e-01 
 8.476562500e-01  8.928906592e-01  8.738331947e-01  8.621045242e-01  8.515865979e-01  8.400566689e-01  8.288456245e-01  8.254845874e-01  8.529136282e-01  9.108286850e-01  9.888500057e-01 
 8.515625000e-01  8.921220037e-01  8.727450777e-01  8.608026603e-01  8.502022753e-01  8.388254500e-01  8.282024643e-01  8.263080546e-01  8.558304725e-01  9.153035619e-01  9.937000627e-01 
 8.554687500e-01  8.913751190e-01  8.716886206e-01  8.595427119e-01  8.488735705e-01  8.376687858e-01  8.276033655e-01  8.273187291e-01  8.588805001e-01  9.198125536e-01  9.985565248e-01 
 8.593750000e-01  8.906500626e-01  8.706643601e-01  8.583256681e-01  8.476020786e-01  8.365892461e-01  8.271805303e-01  8.281024558e-01  8.620231696e-01  9.243490715e-01  1.003332104e+00 
 8.632812500e-01  8.899472510e-01  8.696726217e-01  8.571519919e-01  8.463882749e-01  8.355861771e-01  8.268678777e-01  8.294202259e-01  8.652938420e-01  9.289375299e-01  1.008115564e+00 
 8.671875000e-01  8.892666904e-01  8.687138998e-01  8.560226333e-01  8.452337129e-01  8.346640271e-01  8.266494143e-01  8.305323034e-01  8.686026891e-01  9.335215827e-01  1.012814227e+00 
 8.710937500e-01  8.886085263e-01  8.677885447e-01  8.549380337e-01  8.441386942e-01  8.338220405e-01  8.265294594e-01  8.318278013e-01  8.720409156e-01  9.381211234e-01  1.017512311e+00 
 8.750000000e-01  8.879731155e-01  8.668970096e-01  8.538991357e-01  8.431044846e-01  8.330649860e-01  8.265141606e-01  8.335025744e-01  8.755429532e-01  9.427300409e-01  1.022133563e+00 
 8.789062500e-01  8.873604863e-01  8.660396327e-01  8.529062602e-01  8.421314062e-01  8.323965572e-01  8.266051348e-01  8.350406751e-01  8.791440254e-01  9.473772125e-01  1.026736565e+00 
 8.828125000e-01  8.867709112e-01  8.652168043e-01  8.519603251e-01  8.412208843e-01  8.318075272e-01  8.267997475e-01  8.367347086e-01  8.828201316e-01  9.519893838e-01  1.031312801e+00 
 8.867187500e-01  8.862044965e-01  8.644289402e-01  8.510616544e-01  8.403733933e-01  8.312992602e-01  8.270908938e-01  8.385463787e-01  8.865583914e-01  9.565950405e-01  1.035783121e+00 
 8.906250000e-01  8.856613272e-01  8.636763302e-01  8.502111267e-01  8.395908235e-01  8.308838804e-01  8.274764329e-01  8.404771336e-01  8.903603014e-01  9.612448877e-01  1.040261403e+00 
 8.945312500e-01  8.851417344e-01  8.629593877e-01  8.494089799e-01  8.388737922e-01  8.305608530e-01  8.279798666e-01  8.425908837e-01  8.942434600e-01  9.658388391e-01  1.044650627e+00 
 8.984375000e-01  8.846456609e-01  8.622783947e-01  8.486562367e-01  8.382231631e-01  8.303218823e-01  8.286650684e-01  8.448023181e-01  8.981614650e-01  9.704159002e-01  1.049022125e+00 
 9.023437500e-01  8.841734333e-01  8.616337013e-01  8.479533352e-01  8.376400224e-01  8.301690146e-01  8.293906075e-01  8.470985116e-01  9.021297226e-01  9.750233601e-01  1.053361437e+00 
 9.062500000e-01  8.837250930e-01  8.610256903e-01  8.473005429e-01  8.371233561e-01  8.301007824e-01  8.302142374e-01  8.494878656e-01  9.061504449e-01  9.795590374e-01  1.057601204e+00 
 9.101562500e-01  8.833007174e-01  8.604544910e-01  8.466988449e-01  8.366737526e-01  8.301184129e-01  8.312098357e-01  8.519710818e-01  9.102246175e-01  9.841326935e-01  1.061825002e+00 
 9.140625000e-01  8.829005709e-01  8.599205908e-01  8.461484855e-01  8.362943075e-01  8.302219732e-01  8.322467534e-01  8.545301374e-01  9.143136089e-01  9.886231173e-01  1.066009307e+00 
 9.179687500e-01  8.825246048e-01  8.594241130e-01  8.456498010e-01  8.359851293e-01  8.304102921e-01  8.334338126e-01  8.572252853e-01  9.184390600e-01  9.931477392e-01  1.070106831e+00 
 9.218750000e-01  8.821730783e-01  8.589653463e-01  8.452030076e-01  8.357452436e-01  8.306847542e-01  8.347086459e-01  8.600021910e-01  9.226004671e-01  9.975825926e-01  1.074180410e+00 
 9.257812500e-01  8.818460107e-01  8.585445340e-01  8.448088822e-01  8.355738358e-01  8.310433813e-01  8.360395316e-01  8.628461182e-01  9.267852994e-01  1.002050780e+00  1.078215492e+00 
 9.296875000e-01  8.815434854e-01  8.581618810e-01  8.444676355e-01  8.354706837e-01  8.314956854e-01  8.375080127e-01  8.656790366e-01  9.309806067e-01  1.006421909e+00  1.082173017e+00 
 9.335937500e-01  8.812656576e-01  8.578176226e-01  8.441795188e-01  8.354359817e-01  8.320443389e-01  8.390643210e-01  8.687245549e-01  9.351900895e-01  1.010826056e+00  1.086089568e+00 
 9.375000000e-01  8.810125506e-01  8.575118650e-01  8.439446361e-01  8.354698841e-01  8.326802785e-01  8.406899658e-01  8.718373836e-01  9.394438562e-01  1.015130853e+00  1.089966134e+00 
 9.414062500e-01  8.807842883e-01  8.572447817e-01  8.437629269e-01  8.355723904e-01  8.333986472e-01  8.424278350e-01  8.749177973e-01  9.436773094e-01  1.019460310e+00  1.093799935e+00 
 9.453125000e-01  8.805808759e-01  8.570165379e-01  8.436344148e-01  8.357433992e-01  8.342078180e-01  8.442626075e-01  8.781925499e-01  9.479184407e-01  1.023703349e+00  1.097554643e+00 
 9.492187500e-01  8.804024581e-01  8.568271742e-01  8.435591219e-01  8.359830629e-01  8.351024298e-01  8.461987644e-01  8.814105094e-01  9.521659870e-01  1.027944562e+00  1.101270743e+00 
 9.531250000e-01  8.802490094e-01  8.566767477e-01  8.435368538e-01  8.362922762e-01  8.360807309e-01  8.482194759e-01  8.847945960e-01  9.564005326e-01  1.032157032e+00  1.104944472e+00 
 9.570312500e-01  8.801206544e-01  8.565654823e-01  8.435681239e-01  8.366726323e-01  8.371398500e-01  8.503131842e-01  8.881580670e-01  9.606618304e-01  1.036284370e+00  1.108574769e+00 
 9.609375000e-01  8.800173815e-01  8.564933309e-01  8.436529896e-01  8.371254428e-01  8.382791222e-01  8.524752277e-01  8.916047634e-01  9.648869798e-01  1.040414477e+00  1.112137670e+00 
 9.648437500e-01  8.799392294e-01  8.564603551e-01  8.437910500e-01  8.376486783e-01  8.394963132e-01  8.547125360e-01  8.951014372e-01  9.691333297e-01  1.044503057e+00  1.115650804e+00 
 9.687500000e-01  8.798862436e-01  8.564665896e-01  8.439826557e-01  8.382409072e-01  8.407928535e-01  8.570343437e-01  8.985290435e-01  9.733317881e-01  1.048516959e+00  1.119119313e+00 
 9.726562500e-01  8.798584315e-01  8.565120724e-01  8.442279686e-01  8.389019663e-01  8.421679468e-01  8.594250668e-01  9.021534778e-01  9.775292765e-01  1.052530626e+00  1.122543178e+00 
 9.765625000e-01  8.798558233e-01  8.565968217e-01  8.445271370e-01  8.396323225e-01  8.436228926e-01  8.618740713e-01  9.057636696e-01  9.817166929e-01  1.056499024e+00  1.125920755e+00 
 9.804687500e-01  8.798784049e-01  8.567208515e-01  8.448803533e-01  8.404297539e-01  8.451505431e-01  8.643890019e-01  9.094113733e-01  9.858847482e-01  1.060387837e+00  1.129237221e+00 
 9.843750000e-01  8.799261874e-01  8.568841992e-01  8.452875120e-01  8.412939817e-01  8.467516125e-01  8.669915593e-01  9.130872318e-01  9.900288227e-01  1.064269544e+00  1.132502173e+00 
 9.882812500e-01  8.799991453e-01  8.570867369e-01  8.457483596e-01  8.422233061e-01  8.484293971e-01  8.696463332e-01  9.167416327e-01  9.941647275e-01  1.068110226e+00  1.135720244e+00 
 9.921875000e-01  8.800973108e-01  8.573285331e-01  8.462627498e-01  8.432167461e-01  8.501821519e-01  8.723572098e-01  9.204819396e-01  9.982550481e-01  1.071884688e+00  1.138891984e+00 
 9.960937500e-01  8.802206071e-01  8.576094955e-01  8.468298211e-01  8.442743678e-01  8.520037700e-01  8.751238792e-01  9.242292506e-01  1.002353411e+00  1.075636014e+00  1.142016903e+00 
 1.000000000e+00  8.803690535e-01  8.579295078e-01  8.474494836e-01  8.453944059e-01  8.538891026e-01  8.779504309e-01  9.279126887e-01  1.006385333e+00  1.079353998e+00  1.145092777e+00 
 1.003906250e+00  8.805425608e-01  8.582885339e-01  8.481214742e-01  8.465775179e-01  8.558348098e-01  8.808388238e-01  9.317383002e-01  1.010430458e+00  1.083027108e+00  1.148122523e+00 
 1.007812500e+00  8.807411409e-01  8.586863605e-01  8.488448220e-01  8.478224473e-01  8.578436900e-01  8.837816883e-01  9.355357936e-01  1.014427907e+00  1.086632737e+00  1.151089051e+00 
 1.011718750e+00  8.809646905e-01  8.591229705e-01  8.496191225e-01  8.491282600e-01  8.599159186e-01  8.867491967e-01  9.392749253e-01  1.018389128e+00  1.090216016e+00  1.154012602e+00 
 1.015625000e+00  8.812131990e-01  8.595980202e-01  8.504441350e-01  8.504943090e-01  8.620480317e-01  8.897560517e-01  9.431122737e-01  1.022341835e+00  1.093764622e+00  1.156888948e+00 
 1.019531250e+00  8.814865383e-01  8.601112877e-01  8.513188570e-01  8.519188938e-01  8.642356341e-01  8.928151828e-01  9.468390608e-01  1.026246558e+00  1.097268916e+00  1.159718423e+00 
 1.023437500e+00  8.817846790e-01  8.606626481e-01  8.522429747e-01  8.534023095e-01  8.664761152e-01  8.959068670e-01  9.506946437e-01  1.030122683e+00  1.100711716e+00  1.162501039e+00 
 1.027343750e+00  8.821075942e-01  8.612517923e-01  8.532161126e-01  8.549433770e-01  8.687706543e-01  8.990518245e-01  9.544315913e-01  1.033977427e+00  1.104122580e+00  1.165235713e+00 
 1.031250000e+00  8.824550795e-01  8.618784517e-01  8.542374734e-01  8.565402457e-01  8.711198357e-01  9.022085579e-01  9.582736350e-01  1.037779630e+00  1.107498041e+00  1.167923521e+00 
 1.035156250e+00  8.828271499e-01  8.625423449e-01  8.553068560e-01  8.581904192e-01  8.735218999e-01  9.053902170e-01  9.620876864e-01  1.041565860e+00  1.110834464e+00  1.170565950e+00 
 1.039062500e+00  8.832235890e-01  8.632431167e-01  8.564233412e-01  8.598925695e-01  8.759742385e-01  9.086270950e-01  9.658430230e-01  1.045323462e+00  1.114127905e+00  1.173152746e+00 
 1.042968750e+00  8.836443777e-01  8.639806167e-01  8.575866370e-01  8.616453809e-01  8.784721246e-01  9.118666953e-01  9.695615367e-01  1.049043417e+00  1.117363023e+00  1.175694552e+00 
 1.046875000e+00  8.840893492e-01  8.647543730e-01  8.587958247e-01  8.634476534e-01  8.810152868e-01  9.151265080e-01  9.733792472e-01  1.052723020e+00  1.120563633e+00  1.178190313e+00 
 1.050781250e+00  8.845583841e-01  8.655640449e-01  8.600505038e-01  8.652986475e-01  8.836008304e-01  9.184314611e-01  9.770766244e-01  1.056380090e+00  1.123726898e+00  1.180640454e+00 
 1.054687500e+00  8.850514433e-01  8.664094337e-01  8.613497996e-01  8.671968900e-01  8.862277619e-01  9.217262676e-01  9.808614615e-01  1.060001142e+00  1.126850844e+00  1.183045378e+00 
 1.058593750e+00  8.855682343e-01  8.672900096e-01  8.626928260e-01  8.691412567e-01  8.888917861e-01  9.250677211e-01  9.845329394e-01  1.063571771e+00  1.129934093e+00  1.185405459e+00 
 1.062500000e+00  8.861087515e-01  8.682055857e-01  8.640790268e-01  8.711300064e-01  8.915911255e-01  9.283920603e-01  9.882832753e-01  1.067119279e+00  1.132978290e+00  1.187721030e+00 
 1.066406250e+00  8.866727371e-01  8.691556651e-01  8.655073094e-01  8.731622725e-01  8.943270627e-01  9.317294550e-01  9.919358729e-01  1.070638413e+00  1.135965407e+00  1.189992227e+00 
 1.070312500e+00  8.872600808e-01  8.701398491e-01  8.669766813e-01  8.752373361e-01  8.970942076e-01  9.351009719e-01  9.955638216e-01  1.074121984e+00  1.138916379e+00  1.192219223e+00 
 1.074218750e+00  8.878707195e-01  8.711578316e-01  8.684864216e-01  8.773543624e-01  8.998918251e-01  9.384543782e-01  9.992598656e-01  1.077559199e+00  1.141827824e+00  1.194402957e+00 
 1.078125000e+00  8.885042712e-01  8.722090735e-01  8.700355481e-01  8.795115297e-01  9.027193421e-01  9.418375817e-01  1.002845658e+00  1.080970354e+00  1.144698571e+00  1.196544550e+00 
 1.082031250e+00  8.891608067e-01  8.732932546e-01  8.716232512e-01  8.817075910e-01  9.055721356e-01  9.451999522e-01  1.006484868e+00  1.084349120e+00  1.147531532e+00  1.198644369e+00 
 1.085937500e+00  8.898399430e-01  8.744098091e-01  8.732487696e-01  8.839412859e-01  9.084488352e-01  9.485877837e-01  1.010047312e+00  1.087694486e+00  1.150326559e+00  1.200700668e+00 
 1.089843750e+00  8.905415732e-01  8.755584006e-01  8.749113151e-01  8.862105740e-01  9.113517656e-01  9.519517306e-01  1.013568491e+00  1.091003235e+00  1.153082532e+00  1.202713728e+00 
 1.093750000e+00  8.912655676e-01  8.767384379e-01  8.766098431e-01  8.885142931e-01  9.142738800e-01  9.553341026e-01  1.017134920e+00  1.094268146e+00  1.155791243e+00  1.204686159e+00 
 1.097656250e+00  8.920116242e-01  8.779495334e-01  8.783437241e-01  8.908511381e-01  9.172181966e-01  9.587140429e-01  1.020626593e+00  1.097506044e+00  1.158456280e+00  1.206618533e+00 
 1.101562500e+00  8.927796868e-01  8.791911182e-01  8.801121964e-01  8.932191037e-01  9.201789112e-01  9.620672191e-01  1.024077130e+00  1.100711999e+00  1.161081761e+00  1.208511441e+00 
 1.105468750e+00  8.935693403e-01  8.804627471e-01  8.819142038e-01  8.956174339e-01  9.231570914e-01  9.654374196e-01  1.027556499e+00  1.103883369e+00  1.163667337e+00  1.210365478e+00 
 1.109375000e+00  8.943805348e-01  8.817638849e-01  8.837491951e-01  8.980440937e-01  9.261487138e-01  9.687775773e-01  1.030979606e+00  1.107019151e+00  1.166212884e+00  1.212181244e+00 
 1.113281250e+00  8.952131015e-01  8.830940425e-01  8.856160063e-01  9.004981192e-01  9.291543236e-01  9.721292696e-01  1.034357472e+00  1.110111789e+00  1.168720422e+00  1.213959354e+00 
 1.117187500e+00  8.960666021e-01  8.844526976e-01  8.875140168e-01  9.029784621e-01  9.321702074e-01  9.754537966e-01  1.037704690e+00  1.113175925e+00  1.171190318e+00  1.215700392e+00 
 1.121093750e+00  8.969410880e-01  8.858393612e-01  8.894423901e-01  9.054831347e-01  9.351971909e-01  9.787800894e-01  1.041086268e+00  1.116208558e+00  1.173622421e+00  1.217404871e+00 
 1.125000000e+00  8.978361117e-01  8.872534936e-01  8.913999194e-01  9.080114916e-01  9.382314647e-01  9.820968268e-01  1.044396605e+00  1.119207791e+00  1.176016653e+00  1.219073299e+00 
 1.128906250e+00  8.987514779e-01  8.886945914e-01  8.933860010e-01  9.105614930e-01  9.412739482e-01  9.853832684e-01  1.047667178e+00  1.122172576e+00  1.178372795e+00  1.220706464e+00 
 1.132812500e+00  8.996871231e-01  8.901621579e-01  8.953993276e-01  9.131326644e-01  9.443206914e-01  9.886696511e-01  1.050908634e+00  1.125102233e+00  1.180690734e+00  1.222305307e+00 
 1.136718750e+00  9.006425598e-01  8.916555972e-01  8.974393471e-01  9.157229688e-01  9.473731608e-01  9.919431312e-01  1.054174112e+00  1.127989579e+00  1.182963879e+00  1.223870803e+00 
 1.140625000e+00  9.016177155e-01  8.931744902e-01  8.995047477e-01  9.183320495e-01  9.504266478e-01  9.951853868e-01  1.057377841e+00  1.130848150e+00  1.185197006e+00  1.225403676e+00 
 1.144531250e+00  9.026123774e-01  8.947181926e-01  9.015950167e-01  9.209578469e-01  9.534835402e-01  9.984228215e-01  1.060541750e+00  1.133675382e+00  1.187392463e+00  1.226904619e+00 
 1.148437500e+00  9.036260956e-01  8.962862759e-01  9.037087630e-01  9.235999827e-01  9.565401355e-01  1.001644996e+00  1.063672100e+00  1.136470390e+00  1.189550339e+00  1.228374287e+00 
 1.152343750e+00  9.046587956e-01  8.978781129e-01  9.058455850e-01  9.262564316e-01  9.595949283e-01  1.004848301e+00  1.066777458e+00  1.139232200e+00  1.191670736e+00  1.229813341e+00 
 1.156250000e+00  9.057101924e-01  8.994932578e-01  9.080040804e-01  9.289267900e-01  9.626490413e-01  1.008018715e+00  1.069904151e+00  1.141960021e+00  1.193754353e+00  1.231222420e+00 
 1.160156250e+00  9.067799860e-01  9.011310468e-01  9.101838639e-01  9.316091900e-01  9.656987330e-01  1.011183026e+00  1.072965044e+00  1.144653346e+00  1.195802232e+00  1.232602139e+00 
 1.164062500e+00  9.078678901e-01  9.027910947e-01  9.123835528e-01  9.343031319e-01  9.687460658e-01  1.014328002e+00  1.075989041e+00  1.147312687e+00  1.197814858e+00  1.233953115e+00 
 1.167968750e+00  9.089738004e-01  9.044726626e-01  9.146027763e-01  9.370073216e-01  9.717881237e-01  1.017441737e+00  1.078981082e+00  1.149932699e+00  1.199792614e+00  1.235275959e+00 
 1.171875000e+00  9.100972802e-01  9.061753676e-01  9.168402021e-01  9.397201674e-01  9.748230588e-01  1.020542429e+00  1.081946208e+00  1.152523583e+00  1.201735905e+00  1.236571271e+00 
 1.175781250e+00  9.112380797e-01  9.078985978e-01  9.190954094e-01  9.424415010e-01  9.778525227e-01  1.023623699e+00  1.084921174e+00  1.155083199e+00  1.203645086e+00  1.237839642e+00 
 1.179687500e+00  9.123960712e-01  9.096417083e-01  9.213673967e-01  9.451695314e-01  9.808739875e-01  1.026683691e+00  1.087847565e+00  1.157611253e+00  1.205520513e+00  1.239081661e+00 
 1.183593750e+00  9.135707952e-01  9.114043117e-01  9.236550046e-01  9.479039105e-01  9.838858580e-01  1.029713865e+00  1.090738636e+00  1.160107354e+00  1.207362557e+00  1.240297913e+00 
 1.187500000e+00  9.147621233e-01  9.131857659e-01  9.259579877e-01  9.506434740e-01  9.868896693e-01  1.032726679e+00  1.093596226e+00  1.162571135e+00  1.209171591e+00  1.241488969e+00 
 1.191406250e+00  9.159697189e-01  9.149854450e-01  9.282750067e-01  9.533868090e-01  9.898833466e-01  1.035718666e+00  1.096423095e+00  1.165002291e+00  1.210948007e+00  1.242655398e+00 
 1.195312500e+00  9.171933382e-01  9.168029900e-01  9.306057444e-01  9.561337328e-01  9.928662377e-01  1.038688740e+00  1.099222690e+00  1.167400739e+00  1.212692210e+00  1.243797762e+00 
 1.199218750e+00  9.184326373e-01  9.186376086e-01  9.329492217e-01  9.588830946e-01  9.958370901e-01  1.041636051e+00  1.102016892e+00  1.169766625e+00  1.214404620e+00  1.244916614e+00 
 1.203125000e+00  9.196874502e-01  9.204890304e-01  9.353043563e-01  9.616336241e-01  9.987969686e-01  1.044553906e+00  1.104781273e+00  1.172100070e+00  1.216085673e+00  1.246012500e+00 
 1.207031250e+00  9.209573732e-01  9.223566330e-01  9.376709304e-01  9.643851981e-01  1.001744236e+00  1.047452515e+00  1.107513846e+00  1.174401276e+00  1.217735790e+00  1.247085959e+00 
 1.210937500e+00  9.222422388e-01  9.242396704e-01  9.400479511e-01  9.671367741e-01  1.004678469e+00  1.050328923e+00  1.110214398e+00  1.176670420e+00  1.219355439e+00  1.248137521e+00 
 1.214843750e+00  9.235416665e-01  9.261379061e-01  9.424343589e-01  9.698875421e-01  1.007598579e+00  1.053182635e+00  1.112883907e+00  1.178904267e+00  1.220945129e+00  1.249167707e+00 
 1.218750000e+00  9.248554664e-01  9.280507163e-01  9.448300283e-01  9.726364021e-01  1.010505434e+00  1.056013195e+00  1.115523843e+00  1.181107919e+00  1.222505448e+00  1.250177032e+00 
 1.222656250e+00  9.261832675e-01  9.299774287e-01  9.472339951e-01  9.753834120e-01  1.013397789e+00  1.058820315e+00  1.118136168e+00  1.183280862e+00  1.224036953e+00  1.251166001e+00 
 1.226562500e+00  9.275248887e-01  9.319177636e-01  9.496452651e-01  9.781275490e-01  1.016275279e+00  1.061598943e+00  1.120722169e+00  1.185423168e+00  1.225540193e+00  1.252135110e+00 
 1.230468750e+00  9.288799465e-01  9.338711220e-01  9.520637094e-01  9.808678099e-01  1.019137079e+00  1.064356744e+00  1.123282834e+00  1.187534937e+00  1.227015705e+00  1.253084847e+00 
 1.234375000e+00  9.302482219e-01  9.358368573e-01  9.544884493e-01  9.836041865e-01  1.021983887e+00  1.067091644e+00  1.125841555e+00  1.189616281e+00  1.228464030e+00  1.254015692e+00 
 1.238281250e+00  9.316293896e-01  9.378146968e-01  9.569188153e-01  9.863358592e-01  1.024814807e+00  1.069803470e+00  1.128365398e+00  1.191667341e+00  1.229885698e+00  1.254928116e+00 
 1.242187500e+00  9.330232376e-01  9.398040623e-01  9.593538767e-01  9.890622339e-01  1.027629518e+00  1.072492094e+00  1.130860852e+00  1.193688272e+00  1.231281238e+00  1.255822581e+00 
 1.246093750e+00  9.344293925e-01  9.418044447e-01  9.617936192e-01  9.917824779e-01  1.030427810e+00  1.075157415e+00  1.133327956e+00  1.195679285e+00  1.232651170e+00  1.256699537e+00 
 1.250000000e+00  9.358475716e-01  9.438152200e-01  9.642371820e-01  9.944965769e-01  1.033209455e+00  1.077799382e+00  1.135767019e+00  1.197640603e+00  1.233996015e+00  1.257559431e+00 
 1.253906250e+00  9.372776166e-01  9.458361908e-01  9.666837092e-01  9.972038680e-01  1.035973848e+00  1.080417959e+00  1.138178699e+00  1.199572493e+00  1.235316285e+00  1.258402700e+00 
 1.257812500e+00  9.387191251e-01  9.478667677e-01  9.691331233e-01  9.999038719e-01  1.038721504e+00  1.083009159e+00  1.140563682e+00  1.201475217e+00  1.236612491e+00  1.259229780e+00 
 1.261718750e+00  9.401718934e-01  9.499064814e-01  9.715846961e-01  1.002596132e+00  1.041451872e+00  1.085579399e+00  1.142922715e+00  1.203349053e+00  1.237885135e+00  1.260041093e+00 
 1.265625000e+00  9.416354951e-01  9.519547172e-01  9.740379041e-01  1.005279960e+00  1.044164809e+00  1.088126840e+00  1.145256411e+00  1.205194296e+00  1.239134717e+00  1.260837057e+00 
 1.269531250e+00  9.431098588e-01  9.540113190e-01  9.764921935e-01  1.007955438e+00  1.046860199e+00  1.090651540e+00  1.147565301e+00  1.207011243e+00  1.240361733e+00  1.261618087e+00 
 1.273437500e+00  9.445945690e-01  9.560757249e-01  9.789468074e-01  1.010622012e+00  1.049537917e+00  1.093153568e+00  1.149849810e+00  1.208800210e+00  1.241566673e+00  1.262384584e+00 
 1.277343750e+00  9.460894223e-01  9.581474839e-01  9.814018016e-01  1.013279307e+00  1.052197854e+00  1.095632993e+00  1.152110271e+00  1.210561515e+00  1.242750018e+00  1.263136940e+00 
 1.281250000e+00  9.475940607e-01  9.602260278e-01  9.838564758e-01  1.015926995e+00  1.054839653e+00  1.098089891e+00  1.154346937e+00  1.212295490e+00  1.243912250e+00  1.263875535e+00 
 1.285156250e+00  9.491082043e-01  9.623112088e-01  9.863103827e-01  1.018564751e+00  1.057463696e+00  1.100524352e+00  1.156560020e+00  1.214002477e+00  1.245053841e+00  1.264600743e+00 
 1.289062500e+00  9.506316641e-01  9.644025012e-01  9.887630846e-01  1.021192030e+00  1.060069717e+00  1.102936478e+00  1.158763167e+00  1.215682826e+00  1.246175259e+00  1.265312931e+00 
 1.292968750e+00  9.521641380e-01  9.664994974e-01  9.912138927e-01  1.023808991e+00  1.062657672e+00  1.105326383e+00  1.160941278e+00  1.217336894e+00  1.247276964e+00  1.266012454e+00 
 1.296875000e+00  9.537053750e-01  9.686018170e-01  9.936629017e-01  1.026415209e+00  1.065227535e+00  1.107694199e+00  1.163095203e+00  1.218965049e+00  1.248359412e+00  1.266699667e+00 
 1.300781250e+00  9.552550368e-01  9.707088640e-01  9.961095189e-01  1.029010431e+00  1.067779287e+00  1.110040065e+00  1.165225075e+00  1.220567662e+00  1.249423054e+00  1.267374910e+00 
 1.304687500e+00  9.568129238e-01  9.728205835e-01  9.985533621e-01  1.031594431e+00  1.070312915e+00  1.112361848e+00  1.167331056e+00  1.222145112e+00  1.250468332e+00  1.268038522e+00 
 1.308593750e+00  9.583786026e-01  9.749364805e-01  1.000994080e+00  1.034166996e+00  1.072828417e+00  1.114662901e+00  1.169413335e+00  1.223697777e+00  1.251495684e+00  1.268690829e+00 
 1.312500000e+00  9.599520699e-01  9.770561960e-01  1.003431306e+00  1.036727937e+00  1.075325800e+00  1.116942627e+00  1.171472123e+00  1.225226043e+00  1.252505540e+00  1.269332157e+00 
 1.316406250e+00  9.615329045e-01  9.791793383e-01  1.005864497e+00  1.039277067e+00  1.077805082e+00  1.119201198e+00  1.173507636e+00  1.226730300e+00  1.253498325e+00  1.269962819e+00 
 1.320312500e+00  9.631209118e-01  9.813055740e-01  1.008293749e+00  1.041813998e+00  1.080266291e+00  1.121438782e+00  1.175520100e+00  1.228210934e+00  1.254474458e+00  1.270583128e+00 
 1.324218750e+00  9.647157727e-01  9.834344179e-01  1.010718591e+00  1.044338965e+00  1.082709291e+00  1.123655553e+00  1.177509734e+00  1.229668336e+00  1.255434351e+00  1.271193382e+00 
 1.328125000e+00  9.663172479e-01  9.855657932e-01  1.013138718e+00  1.046851681e+00  1.085134427e+00  1.125851688e+00  1.179476757e+00  1.231102900e+00  1.256378410e+00  1.271793887e+00 
 1.332031250e+00  9.679249953e-01  9.876992741e-01  1.015553857e+00  1.049352014e+00  1.087541641e+00  1.128027364e+00  1.181421381e+00  1.232515011e+00  1.257307034e+00  1.272384933e+00 
 1.335937500e+00  9.695389246e-01  9.898345372e-01  1.017963741e+00  1.051839856e+00  1.089931000e+00  1.130182765e+00  1.183343809e+00  1.233905061e+00  1.258220616e+00  1.272966807e+00 
 1.339843750e+00  9.711587396e-01  9.919712759e-01  1.020368118e+00  1.054315105e+00  1.092302573e+00  1.132318077e+00  1.185244241e+00  1.235273441e+00  1.259119544e+00  1.273539790e+00 
 1.343750000e+00  9.727841428e-01  9.941091660e-01  1.022766735e+00  1.056777664e+00  1.094656442e+00  1.134433487e+00  1.187122867e+00  1.236620543e+00  1.260004198e+00  1.274104159e+00 
 1.347656250e+00  9.744149302e-01  9.962479284e-01  1.025159199e+00  1.059227455e+00  1.096992691e+00  1.136529187e+00  1.188979876e+00  1.237946748e+00  1.260874949e+00  1.274660186e+00 
 1.351562500e+00  9.760508105e-01  9.983872774e-01  1.027545579e+00  1.061664410e+00  1.099311411e+00  1.138605370e+00  1.190815447e+00  1.239252445e+00  1.261732170e+00  1.275208136e+00 
 1.355468750e+00  9.776915814e-01  1.000526764e+00  1.029925553e+00  1.064088474e+00  1.101612701e+00  1.140662231e+00  1.192629755e+00  1.240538026e+00  1.262576219e+00  1.275748271e+00 
 1.359375000e+00  9.793369630e-01  1.002666391e+00  1.032298920e+00  1.066499591e+00  1.103896663e+00  1.142699970e+00  1.194422974e+00  1.241803864e+00  1.263407452e+00  1.276280850e+00 
 1.363281250e+00  9.809867366e-01  1.004805791e+00  1.034665493e+00  1.068897722e+00  1.106163405e+00  1.144718785e+00  1.196195267e+00  1.243050344e+00  1.264226218e+00  1.276806117e+00 
 1.367187500e+00  9.826405499e-01  1.006944686e+00  1.037025092e+00  1.071282835e+00  1.108413040e+00  1.146718877e+00  1.197946798e+00  1.244277848e+00  1.265032860e+00  1.277324671e+00 
 1.371093750e+00  9.842983763e-01  1.009082827e+00  1.039377545e+00  1.073654905e+00  1.110645686e+00  1.148700450e+00  1.199677722e+00  1.245487064e+00  1.265827716e+00  1.277836892e+00 
 1.375000000e+00  9.859599074e-01  1.011219976e+00  1.041722697e+00  1.076013918e+00  1.112861467e+00  1.150663709e+00  1.201388188e+00  1.246678089e+00  1.266611114e+00  1.278342489e+00 
 1.378906250e+00  9.876248808e-01  1.013355883e+00  1.044060398e+00  1.078359727e+00  1.115060509e+00  1.152608857e+00  1.203078341e+00  1.247851296e+00  1.267383644e+00  1.278841693e+00 
 1.382812500e+00  9.892930979e-01  1.015490315e+00  1.046390499e+00  1.080692552e+00  1.117242943e+00  1.154536104e+00  1.204748315e+00  1.249007036e+00  1.268146276e+00  1.279334727e+00 
 1.386718750e+00  9.909643053e-01  1.017623052e+00  1.048712869e+00  1.083012320e+00  1.119408904e+00  1.156445655e+00  1.206390387e+00  1.250145658e+00  1.268898333e+00  1.279821814e+00 
 1.390625000e+00  9.926383033e-01  1.019753869e+00  1.051027387e+00  1.085319044e+00  1.121558531e+00  1.158337722e+00  1.208014518e+00  1.251267507e+00  1.269640109e+00  1.280303174e+00 
 1.394531250e+00  9.943148481e-01  1.021882552e+00  1.053333931e+00  1.087612743e+00  1.123691966e+00  1.160212512e+00  1.209619155e+00  1.252372904e+00  1.270371889e+00  1.280779020e+00 
 1.398437500e+00  9.959937413e-01  1.024008894e+00  1.055632393e+00  1.089893444e+00  1.125809354e+00  1.162070239e+00  1.211204511e+00  1.253462187e+00  1.271093956e+00  1.281249565e+00 
 1.402343750e+00  9.976747470e-01  1.026132690e+00  1.057922668e+00  1.092161177e+00  1.127910843e+00  1.163911114e+00  1.212770794e+00  1.254535685e+00  1.271806574e+00  1.281715019e+00 
 1.406250000e+00  9.993576572e-01  1.028253748e+00  1.060204662e+00  1.094415980e+00  1.129996586e+00  1.165735351e+00  1.214318216e+00  1.255593729e+00  1.272510040e+00  1.282175571e+00 
 1.410156250e+00  1.001042267e+00  1.030371875e+00  1.062478286e+00  1.096657897e+00  1.132066735e+00  1.167543166e+00  1.215846995e+00  1.256636622e+00  1.273204611e+00  1.282631458e+00 
 1.414062500e+00  1.002728353e+00  1.032486884e+00  1.064743459e+00  1.098886974e+00  1.134121448e+00  1.169334774e+00  1.217357325e+00  1.257664683e+00  1.273890550e+00  1.283082865e+00 
 1.417968750e+00  1.004415722e+00  1.034598596e+00  1.067000104e+00  1.101103262e+00  1.136160885e+00  1.171110394e+00  1.218849417e+00  1.258678225e+00  1.274568117e+00  1.283529989e+00 
 1.421875000e+00  1.006104151e+00  1.036706837e+00  1.069248152e+00  1.103306901e+00  1.138185205e+00  1.172870642e+00  1.220323485e+00  1.259677557e+00  1.275237568e+00  1.283973026e+00 
 1.425781250e+00  1.007793445e+00  1.038811435e+00  1.071487538e+00  1.105497843e+00  1.140194574e+00  1.174615503e+00  1.221779697e+00  1.260662876e+00  1.275899154e+00  1.284412169e+00 
 1.429687500e+00  1.009483394e+00  1.040912228e+00  1.073718203e+00  1.107676181e+00  1.142189156e+00  1.176345013e+00  1.223218253e+00  1.261634528e+00  1.276553100e+00  1.284847608e+00 
 1.433593750e+00  1.011173807e+00  1.043009056e+00  1.075940093e+00  1.109841983e+00  1.144169119e+00  1.178059380e+00  1.224639326e+00  1.262592919e+00  1.277199696e+00  1.285279531e+00 
 1.437500000e+00  1.012864481e+00  1.045101761e+00  1.078153166e+00  1.111995325e+00  1.146134634e+00  1.179758820e+00  1.226043107e+00  1.263538342e+00  1.277839521e+00  1.285708524e+00 
 1.441406250e+00  1.014555223e+00  1.047190191e+00  1.080357376e+00  1.114136283e+00  1.148085871e+00  1.181443547e+00  1.227429701e+00  1.264471078e+00  1.278472636e+00  1.286134521e+00 
 1.445312500e+00  1.016245832e+00  1.049274202e+00  1.082552685e+00  1.116264938e+00  1.150023051e+00  1.183113772e+00  1.228795766e+00  1.265391401e+00  1.279099026e+00  1.286557500e+00 
 1.449218750e+00  1.017936118e+00  1.051353652e+00  1.084739060e+00  1.118381372e+00  1.151946290e+00  1.184769717e+00  1.230145624e+00  1.266299582e+00  1.279718896e+00  1.286977626e+00 
 1.453125000e+00  1.019625892e+00  1.053428400e+00  1.086916470e+00  1.120485672e+00  1.153855773e+00  1.186411596e+00  1.231479023e+00  1.267195864e+00  1.280332450e+00  1.287395024e+00 
 1.457031250e+00  1.021314963e+00  1.055498311e+00  1.089084892e+00  1.122577927e+00  1.155751676e+00  1.188039627e+00  1.232796272e+00  1.268080507e+00  1.280939886e+00  1.287809924e+00 
 1.460937500e+00  1.023003144e+00  1.057563254e+00  1.091244302e+00  1.124658229e+00  1.157634178e+00  1.189654038e+00  1.234097642e+00  1.268953759e+00  1.281541401e+00  1.288222450e+00 
 1.464843750e+00  1.024690247e+00  1.059623105e+00  1.093394688e+00  1.126726674e+00  1.159503456e+00  1.191255050e+00  1.235383441e+00  1.269815686e+00  1.282137142e+00  1.288632758e+00 
 1.468750000e+00  1.026376091e+00  1.061677736e+00  1.095536036e+00  1.128783358e+00  1.161359692e+00  1.192842886e+00  1.236653796e+00  1.270666548e+00  1.282727388e+00  1.289041003e+00 
 1.472656250e+00  1.028060488e+00  1.063727027e+00  1.097668331e+00  1.130828380e+00  1.163203068e+00  1.194417786e+00  1.237908986e+00  1.271506826e+00  1.283312285e+00  1.289447336e+00 
 1.476562500e+00  1.029743264e+00  1.065770858e+00  1.099791570e+00  1.132861843e+00  1.165033764e+00  1.195980420e+00  1.239149220e+00  1.272336751e+00  1.283892042e+00  1.289851909e+00 
 1.480468750e+00  1.031424232e+00  1.067809119e+00  1.101905746e+00  1.134883854e+00  1.166851965e+00  1.197530468e+00  1.240373515e+00  1.273156561e+00  1.284466995e+00  1.290254870e+00 
 1.484375000e+00  1.033103221e+00  1.069841697e+00  1.104010863e+00  1.136894515e+00  1.168657855e+00  1.199068235e+00  1.241582733e+00  1.273966486e+00  1.285037115e+00  1.290656612e+00 
 1.488281250e+00  1.034780047e+00  1.071868477e+00  1.106107003e+00  1.138894011e+00  1.170451619e+00  1.200593939e+00  1.242777759e+00  1.274766748e+00  1.285602559e+00  1.291057143e+00 
 1.492187500e+00  1.036454539e+00  1.073889361e+00  1.108194044e+00  1.140882341e+00  1.172233489e+00  1.202107797e+00  1.243958913e+00  1.275557564e+00  1.286163484e+00  1.291456450e+00 
 1.496093750e+00  1.038126515e+00  1.075904242e+00  1.110272029e+00  1.142859645e+00  1.174003593e+00  1.203610046e+00  1.245126611e+00  1.276338953e+00  1.286720041e+00  1.291854653e+00 
 1.500000000e+00  1.039795814e+00  1.077913020e+00  1.112340970e+00  1.144826034e+00  1.175762128e+00  1.205100909e+00  1.246280891e+00  1.277111128e+00  1.287272293e+00  1.292251871e+00 
 1.503906250e+00  1.041462250e+00  1.079915588e+00  1.114400873e+00  1.146781620e+00  1.177509281e+00  1.206580611e+00  1.247422129e+00  1.277874555e+00  1.287820559e+00  1.292648142e+00 
 1.507812500e+00  1.043125663e+00  1.081911858e+00  1.116451752e+00  1.148726516e+00  1.179245237e+00  1.208049406e+00  1.248550311e+00  1.278629458e+00  1.288364905e+00  1.293043735e+00 
 1.511718750e+00  1.044785874e+00  1.083901729e+00  1.118493620e+00  1.150660837e+00  1.180970185e+00  1.209507870e+00  1.249665195e+00  1.279376054e+00  1.288905476e+00  1.293438690e+00 
 1.515625000e+00  1.046442729e+00  1.085885201e+00  1.120526494e+00  1.152584700e+00  1.182684313e+00  1.210955776e+00  1.250768025e+00  1.280114552e+00  1.289442409e+00  1.293833118e+00 
 1.519531250e+00  1.048096041e+00  1.087862019e+00  1.122550389e+00  1.154498219e+00  1.184387811e+00  1.212393454e+00  1.251858800e+00  1.280845155e+00  1.289975836e+00  1.294227172e+00 
 1.523437500e+00  1.049745657e+00  1.089832164e+00  1.124565324e+00  1.156401578e+00  1.186080902e+00  1.213821120e+00  1.252938007e+00  1.281567791e+00  1.290505887e+00  1.294620974e+00 
 1.527343750e+00  1.051391400e+00  1.091795535e+00  1.126571399e+00  1.158294799e+00  1.187763738e+00  1.215238994e+00  1.254005963e+00  1.282282838e+00  1.291032689e+00  1.295014544e+00 
 1.531250000e+00  1.053033118e+00  1.093752048e+00  1.128568500e+00  1.160178023e+00  1.189436508e+00  1.216647335e+00  1.255062963e+00  1.282990672e+00  1.291556366e+00  1.295407975e+00 
 1.535156250e+00  1.054670632e+00  1.095701614e+00  1.130556692e+00  1.162051366e+00  1.191099398e+00  1.218046374e+00  1.256108942e+00  1.283691498e+00  1.292077040e+00  1.295801356e+00 
 1.539062500e+00  1.056303858e+00  1.097644151e+00  1.132535999e+00  1.163914946e+00  1.192752595e+00  1.219436600e+00  1.257144255e+00  1.284385528e+00  1.292594754e+00  1.296194779e+00 
 1.542968750e+00  1.057932495e+00  1.099579566e+00  1.134506434e+00  1.165768878e+00  1.194396290e+00  1.220817930e+00  1.258169540e+00  1.285072964e+00  1.293109497e+00  1.296588329e+00 
 1.546875000e+00  1.059556439e+00  1.101507780e+00  1.136468020e+00  1.167613282e+00  1.196030672e+00  1.222190665e+00  1.259185149e+00  1.285753738e+00  1.293621798e+00  1.296982093e+00 
 1.550781250e+00  1.061175536e+00  1.103428780e+00  1.138420779e+00  1.169448338e+00  1.197655969e+00  1.223555021e+00  1.260191418e+00  1.286428275e+00  1.294131598e+00  1.297376182e+00 
 1.554687500e+00  1.062789610e+00  1.105342345e+00  1.140364800e+00  1.171274069e+00  1.199272316e+00  1.224911218e+00  1.261188845e+00  1.287096918e+00  1.294639013e+00  1.297770655e+00 
 1.558593750e+00  1.064398514e+00  1.107248443e+00  1.142299996e+00  1.173090612e+00  1.200879906e+00  1.226259535e+00  1.262176959e+00  1.287759888e+00  1.295144152e+00  1.298165583e+00 
 1.562500000e+00  1.066002065e+00  1.109146993e+00  1.144226419e+00  1.174898079e+00  1.202478921e+00  1.227600390e+00  1.263156680e+00  1.288417445e+00  1.295647012e+00  1.298560824e+00 
 1.566406250e+00  1.067600120e+00  1.111037905e+00  1.146144085e+00  1.176696587e+00  1.204069553e+00  1.228933791e+00  1.264128378e+00  1.289069648e+00  1.296147773e+00  1.298956882e+00 
 1.570312500e+00  1.069192504e+00  1.112921098e+00  1.148053012e+00  1.178486246e+00  1.205651984e+00  1.230259974e+00  1.265092412e+00  1.289716711e+00  1.296646625e+00  1.299353622e+00 
 1.574218750e+00  1.070779063e+00  1.114796482e+00  1.149953216e+00  1.180267237e+00  1.207226446e+00  1.231579213e+00  1.266049491e+00  1.290359068e+00  1.297143689e+00  1.299751095e+00 
 1.578125000e+00  1.072359694e+00  1.116664041e+00  1.151844781e+00  1.182039568e+00  1.208793052e+00  1.232891731e+00  1.266998952e+00  1.290996981e+00  1.297639081e+00  1.300149367e+00 
 1.582031250e+00  1.073934123e+00  1.118523563e+00  1.153727619e+00  1.183803370e+00  1.210351998e+00  1.234197884e+00  1.267941728e+00  1.291630704e+00  1.298132829e+00  1.300548536e+00 
 1.585937500e+00  1.075502247e+00  1.120375009e+00  1.155601770e+00  1.185558754e+00  1.211903459e+00  1.235497791e+00  1.268878195e+00  1.292260355e+00  1.298624550e+00  1.300948669e+00 
 1.589843750e+00  1.077063884e+00  1.122218287e+00  1.157467239e+00  1.187305823e+00  1.213447623e+00  1.236791704e+00  1.269808721e+00  1.292886275e+00  1.299115383e+00  1.301349829e+00 
 1.593750000e+00  1.078618886e+00  1.124053308e+00  1.159324045e+00  1.189044731e+00  1.214984711e+00  1.238079831e+00  1.270733570e+00  1.293508821e+00  1.299605121e+00  1.301752076e+00 
 1.597656250e+00  1.080167085e+00  1.125880024e+00  1.161172242e+00  1.190775504e+00  1.216514823e+00  1.239362407e+00  1.271653720e+00  1.294128318e+00  1.300093924e+00  1.302155378e+00 
 1.601562500e+00  1.081708321e+00  1.127698269e+00  1.163011759e+00  1.192498250e+00  1.218038157e+00  1.240639769e+00  1.272568334e+00  1.294744960e+00  1.300581874e+00  1.302559879e+00 
 1.605468750e+00  1.083242471e+00  1.129507970e+00  1.164842613e+00  1.194213071e+00  1.219554877e+00  1.241912076e+00  1.273478379e+00  1.295358944e+00  1.301069136e+00  1.302965666e+00 
 1.609375000e+00  1.084769297e+00  1.131309027e+00  1.166664795e+00  1.195920086e+00  1.221065176e+00  1.243179527e+00  1.274384184e+00  1.295970699e+00  1.301556008e+00  1.303372795e+00 
 1.613281250e+00  1.086288665e+00  1.133101335e+00  1.168478315e+00  1.197619346e+00  1.222569206e+00  1.244442348e+00  1.275286112e+00  1.296580529e+00  1.302042689e+00  1.303781318e+00 
 1.617187500e+00  1.087800416e+00  1.134884806e+00  1.170283213e+00  1.199310944e+00  1.224067115e+00  1.245700809e+00  1.276184593e+00  1.297188717e+00  1.302529376e+00  1.304190391e+00 
 1.621093750e+00  1.089304374e+00  1.136659381e+00  1.172079390e+00  1.200994954e+00  1.225559055e+00  1.246955177e+00  1.277080795e+00  1.297795476e+00  1.303016144e+00  1.304601535e+00 
 1.625000000e+00  1.090800382e+00  1.138424863e+00  1.173866863e+00  1.202671448e+00  1.227045219e+00  1.248205597e+00  1.277973347e+00  1.298401247e+00  1.303503359e+00  1.305014404e+00 
 1.628906250e+00  1.092288282e+00  1.140181175e+00  1.175645602e+00  1.204340564e+00  1.228525744e+00  1.249452286e+00  1.278863440e+00  1.299006341e+00  1.303991245e+00  1.305429140e+00 
 1.632812500e+00  1.093767884e+00  1.141928202e+00  1.177415640e+00  1.206002285e+00  1.230000762e+00  1.250695487e+00  1.279751446e+00  1.299611099e+00  1.304479228e+00  1.305845849e+00 
 1.636718750e+00  1.095239035e+00  1.143665878e+00  1.179176890e+00  1.207656684e+00  1.231470411e+00  1.251935482e+00  1.280637736e+00  1.300215720e+00  1.304969057e+00  1.306264690e+00 
 1.640625000e+00  1.096701555e+00  1.145394021e+00  1.180929320e+00  1.209303846e+00  1.232934874e+00  1.253172401e+00  1.281522651e+00  1.300820666e+00  1.305460295e+00  1.306685907e+00 
 1.644531250e+00  1.098155279e+00  1.147112522e+00  1.182672908e+00  1.210943867e+00  1.234394265e+00  1.254406451e+00  1.282407651e+00  1.301426306e+00  1.305953191e+00  1.307109685e+00 
 1.648437500e+00  1.099600043e+00  1.148821268e+00  1.184407645e+00  1.212576707e+00  1.235848692e+00  1.255637866e+00  1.283290762e+00  1.302033015e+00  1.306447976e+00  1.307536175e+00 
 1.652343750e+00  1.101035667e+00  1.150520125e+00  1.186133429e+00  1.214202449e+00  1.237298300e+00  1.256866892e+00  1.284173444e+00  1.302641169e+00  1.306944864e+00  1.307965554e+00 
 1.656250000e+00  1.102461971e+00  1.152209005e+00  1.187850232e+00  1.215821152e+00  1.238743240e+00  1.258093662e+00  1.285056052e+00  1.303251151e+00  1.307444175e+00  1.308398099e+00 
 1.660156250e+00  1.103878791e+00  1.153887702e+00  1.189557983e+00  1.217432811e+00  1.240183586e+00  1.259318394e+00  1.285938952e+00  1.303863353e+00  1.307946170e+00  1.308834025e+00 
 1.664062500e+00  1.105285950e+00  1.155556090e+00  1.191256674e+00  1.219037462e+00  1.241619439e+00  1.260541302e+00  1.286822503e+00  1.304478107e+00  1.308450877e+00  1.309273497e+00 
 1.667968750e+00  1.106683275e+00  1.157214055e+00  1.192946171e+00  1.220635116e+00  1.243050945e+00  1.261762470e+00  1.287708551e+00  1.305096011e+00  1.308958826e+00  1.309715902e+00 
 1.671875000e+00  1.108070583e+00  1.158861472e+00  1.194626398e+00  1.222225813e+00  1.244478180e+00  1.262982186e+00  1.288594249e+00  1.305717226e+00  1.309470512e+00  1.310163119e+00 
 1.675781250e+00  1.109447701e+00  1.160498125e+00  1.196297305e+00  1.223809526e+00  1.245901208e+00  1.264200635e+00  1.289481376e+00  1.306342113e+00  1.309984878e+00  1.310614711e+00 
 1.679687500e+00  1.110814447e+00  1.162123893e+00  1.197958831e+00  1.225386248e+00  1.247320132e+00  1.265417906e+00  1.290370248e+00  1.306970977e+00  1.310505491e+00  1.311070907e+00 
 1.683593750e+00  1.112170646e+00  1.163738603e+00  1.199610803e+00  1.226955984e+00  1.248735062e+00  1.266634100e+00  1.291261240e+00  1.307604151e+00  1.311031158e+00  1.311531971e+00 
 1.687500000e+00  1.113516112e+00  1.165342137e+00  1.201253165e+00  1.228518706e+00  1.250146002e+00  1.267849557e+00  1.292154716e+00  1.308241965e+00  1.311562308e+00  1.311998102e+00 
 1.691406250e+00  1.114850644e+00  1.166934268e+00  1.202885829e+00  1.230074371e+00  1.251553008e+00  1.269064304e+00  1.293051097e+00  1.308884716e+00  1.312099343e+00  1.312468939e+00 
 1.695312500e+00  1.116174094e+00  1.168514836e+00  1.204508609e+00  1.231622969e+00  1.252956194e+00  1.270278463e+00  1.293952445e+00  1.309532671e+00  1.312642590e+00  1.312945488e+00 
 1.699218750e+00  1.117486265e+00  1.170083698e+00  1.206121433e+00  1.233164405e+00  1.254355532e+00  1.271492211e+00  1.294854828e+00  1.310186170e+00  1.313192442e+00  1.313428337e+00 
 1.703125000e+00  1.118786964e+00  1.171640633e+00  1.207724175e+00  1.234698654e+00  1.255751058e+00  1.272705558e+00  1.295760479e+00  1.310845846e+00  1.313749245e+00  1.313918436e+00 
 1.707031250e+00  1.120075997e+00  1.173185448e+00  1.209316638e+00  1.236225656e+00  1.257142813e+00  1.273918748e+00  1.296669788e+00  1.311512226e+00  1.314313286e+00  1.314415967e+00 
 1.710937500e+00  1.121353199e+00  1.174717981e+00  1.210898722e+00  1.237745283e+00  1.258530778e+00  1.275131859e+00  1.297583090e+00  1.312185474e+00  1.314884920e+00  1.314921365e+00 
 1.714843750e+00  1.122618372e+00  1.176238035e+00  1.212470271e+00  1.239257482e+00  1.259914960e+00  1.276344901e+00  1.298500646e+00  1.312865845e+00  1.315464395e+00  1.315435105e+00 
 1.718750000e+00  1.123871324e+00  1.177745357e+00  1.214031070e+00  1.240762163e+00  1.261295332e+00  1.277557897e+00  1.299425222e+00  1.313553744e+00  1.316048794e+00  1.315956025e+00 
 1.722656250e+00  1.125111869e+00  1.179239790e+00  1.215580979e+00  1.242259151e+00  1.262671827e+00  1.278771087e+00  1.300351470e+00  1.314249338e+00  1.316644626e+00  1.316487395e+00 
 1.726562500e+00  1.126339788e+00  1.180721119e+00  1.217119818e+00  1.243748371e+00  1.264044463e+00  1.279984398e+00  1.301282157e+00  1.314952894e+00  1.317249616e+00  1.317028453e+00 
 1.730468750e+00  1.127554921e+00  1.182189104e+00  1.218647365e+00  1.245229697e+00  1.265413136e+00  1.281197892e+00  1.302217502e+00  1.315664686e+00  1.317864445e+00  1.317579543e+00 
 1.734375000e+00  1.128757081e+00  1.183643507e+00  1.220163397e+00  1.246702929e+00  1.266777765e+00  1.282411548e+00  1.303157773e+00  1.316384845e+00  1.318489521e+00  1.318141128e+00 
 1.738281250e+00  1.129946061e+00  1.185084143e+00  1.221667765e+00  1.248167896e+00  1.268138271e+00  1.283625297e+00  1.304103322e+00  1.317114435e+00  1.319125178e+00  1.318713380e+00 
 1.742187500e+00  1.131121634e+00  1.186510751e+00  1.223160190e+00  1.249624464e+00  1.269494543e+00  1.284839317e+00  1.305057870e+00  1.317852745e+00  1.319771861e+00  1.319296121e+00 
 1.746093750e+00  1.132283638e+00  1.187923073e+00  1.224640414e+00  1.251072406e+00  1.270846468e+00  1.286053443e+00  1.306014236e+00  1.318599705e+00  1.320429705e+00  1.319889638e+00 
 1.750000000e+00  1.133431894e+00  1.189320905e+00  1.226108276e+00  1.252511534e+00  1.272193879e+00  1.287267655e+00  1.306975522e+00  1.319355700e+00  1.321099014e+00  1.320495192e+00 
 1.753906250e+00  1.134566185e+00  1.190703974e+00  1.227563456e+00  1.253941564e+00  1.273536597e+00  1.288481733e+00  1.307941961e+00  1.320121082e+00  1.321779888e+00  1.321114110e+00 
 1.757812500e+00  1.135686280e+00  1.192072024e+00  1.229005700e+00  1.255362335e+00  1.274874495e+00  1.289695834e+00  1.308913764e+00  1.320896059e+00  1.322468065e+00  1.321746422e+00 
 1.761718750e+00  1.136792027e+00  1.193424777e+00  1.230434690e+00  1.256773554e+00  1.276207334e+00  1.290909717e+00  1.309891149e+00  1.321681016e+00  1.323172477e+00  1.322390156e+00 
 1.765625000e+00  1.137883234e+00  1.194762007e+00  1.231850200e+00  1.258174936e+00  1.277534920e+00  1.292123237e+00  1.310874303e+00  1.322476181e+00  1.323889069e+00  1.323050265e+00 
 1.769531250e+00  1.138959656e+00  1.196083422e+00  1.233251913e+00  1.259566177e+00  1.278856947e+00  1.293336217e+00  1.311867094e+00  1.323281824e+00  1.324618109e+00  1.323725243e+00 
 1.773437500e+00  1.140021136e+00  1.197388718e+00  1.234639459e+00  1.260947014e+00  1.280173233e+00  1.294548353e+00  1.312860390e+00  1.324097830e+00  1.325360118e+00  1.324415271e+00 
 1.777343750e+00  1.141067439e+00  1.198677666e+00  1.236012596e+00  1.262317114e+00  1.281483445e+00  1.295759679e+00  1.313858376e+00  1.324923478e+00  1.326115350e+00  1.325120602e+00 
 1.781250000e+00  1.142098416e+00  1.199949956e+00  1.237370955e+00  1.263676113e+00  1.282787286e+00  1.296969817e+00  1.314861333e+00  1.325758654e+00  1.326884039e+00  1.325841050e+00 
 1.785156250e+00  1.143113808e+00  1.201205290e+00  1.238714186e+00  1.265023611e+00  1.284084403e+00  1.298178501e+00  1.315869442e+00  1.326603414e+00  1.327666150e+00  1.326575532e+00 
 1.789062500e+00  1.144113470e+00  1.202443360e+00  1.240041901e+00  1.266359318e+00  1.285374409e+00  1.299385412e+00  1.316882676e+00  1.327457794e+00  1.328461454e+00  1.327324926e+00 
 1.792968750e+00  1.145097161e+00  1.203663913e+00  1.241353794e+00  1.267682787e+00  1.286656984e+00  1.300590122e+00  1.317905733e+00  1.328321911e+00  1.329263927e+00  1.328091082e+00 
 1.796875000e+00  1.146064723e+00  1.204866607e+00  1.242649463e+00  1.268993610e+00  1.287931685e+00  1.301792521e+00  1.318927105e+00  1.329195417e+00  1.330085722e+00  1.328870093e+00 
 1.800781250e+00  1.147015899e+00  1.206051153e+00  1.243928511e+00  1.270291284e+00  1.289198070e+00  1.302992078e+00  1.319951431e+00  1.330080283e+00  1.330921147e+00  1.329669295e+00 
 1.804687500e+00  1.147950564e+00  1.207217196e+00  1.245190484e+00  1.271575465e+00  1.290455632e+00  1.304188324e+00  1.320978979e+00  1.330974207e+00  1.331769859e+00  1.330485831e+00 
 1.808593750e+00  1.148868489e+00  1.208364489e+00  1.246435069e+00  1.272845617e+00  1.291703951e+00  1.305380772e+00  1.322009934e+00  1.331876631e+00  1.332631587e+00  1.331319495e+00 
 1.812500000e+00  1.149769406e+00  1.209492685e+00  1.247661804e+00  1.274101257e+00  1.292942471e+00  1.306568814e+00  1.323044243e+00  1.332786740e+00  1.333506045e+00  1.332169699e+00 
 1.816406250e+00  1.150653245e+00  1.210601444e+00  1.248870249e+00  1.275341856e+00  1.294170629e+00  1.307752151e+00  1.324087359e+00  1.333704152e+00  1.334392922e+00  1.333036067e+00 
 1.820312500e+00  1.151519764e+00  1.211690465e+00  1.250059960e+00  1.276566834e+00  1.295387840e+00  1.308930085e+00  1.325125624e+00  1.334628668e+00  1.335284482e+00  1.333918187e+00 
 1.824218750e+00  1.152368733e+00  1.212759369e+00  1.251230434e+00  1.277775743e+00  1.296593426e+00  1.310101978e+00  1.326163708e+00  1.335560550e+00  1.336194900e+00  1.334811963e+00 
 1.828125000e+00  1.153200005e+00  1.213807914e+00  1.252381319e+00  1.278967962e+00  1.297786848e+00  1.311267157e+00  1.327201498e+00  1.336500098e+00  1.337117526e+00  1.335724234e+00 
 1.832031250e+00  1.154013381e+00  1.214835734e+00  1.253512088e+00  1.280142891e+00  1.298967372e+00  1.312424901e+00  1.328239270e+00  1.337447528e+00  1.338051676e+00  1.336653288e+00 
 1.835937500e+00  1.154808641e+00  1.215842472e+00  1.254622267e+00  1.281299921e+00  1.300134297e+00  1.313574392e+00  1.329276672e+00  1.338399946e+00  1.338995946e+00  1.337598628e+00 
 1.839843750e+00  1.155585609e+00  1.216827819e+00  1.255711365e+00  1.282438363e+00  1.301286874e+00  1.314714996e+00  1.330319859e+00  1.339355657e+00  1.339949573e+00  1.338559396e+00 
 1.843750000e+00  1.156344147e+00  1.217791378e+00  1.256778847e+00  1.283557690e+00  1.302424332e+00  1.315845725e+00  1.331354056e+00  1.340313483e+00  1.340911673e+00  1.339534032e+00 
 1.847656250e+00  1.157084043e+00  1.218732914e+00  1.257824308e+00  1.284657181e+00  1.303545811e+00  1.316965663e+00  1.332383066e+00  1.341272927e+00  1.341872881e+00  1.340521022e+00 
 1.851562500e+00  1.157805071e+00  1.219652055e+00  1.258847197e+00  1.285736154e+00  1.304650592e+00  1.318073849e+00  1.333406110e+00  1.342234784e+00  1.342849350e+00  1.341519287e+00 
 1.855468750e+00  1.158507119e+00  1.220548439e+00  1.259847002e+00  1.286793913e+00  1.305737753e+00  1.319169264e+00  1.334423600e+00  1.343198211e+00  1.343832764e+00  1.342521490e+00 
 1.859375000e+00  1.159189961e+00  1.221421763e+00  1.260823207e+00  1.287829681e+00  1.306806395e+00  1.320251034e+00  1.335435077e+00  1.344164995e+00  1.344821460e+00  1.343541372e+00 
 1.863281250e+00  1.159853446e+00  1.222271663e+00  1.261775291e+00  1.288842876e+00  1.307855589e+00  1.321317996e+00  1.336439420e+00  1.345129639e+00  1.345814968e+00  1.344572299e+00 
 1.867187500e+00  1.160497424e+00  1.223097787e+00  1.262702675e+00  1.289832699e+00  1.308884383e+00  1.322368952e+00  1.337442965e+00  1.346089283e+00  1.346810757e+00  1.345612215e+00 
 1.871093750e+00  1.161121714e+00  1.223899890e+00  1.263604961e+00  1.290798384e+00  1.309891739e+00  1.323402701e+00  1.338427927e+00  1.347042523e+00  1.347806305e+00  1.346658456e+00 
 1.875000000e+00  1.161726115e+00  1.224677580e+00  1.264481564e+00  1.291739188e+00  1.310876786e+00  1.324417990e+00  1.339399196e+00  1.347988725e+00  1.348800034e+00  1.347708369e+00 
 1.878906250e+00  1.162310512e+00  1.225430573e+00  1.265331959e+00  1.292654348e+00  1.311838435e+00  1.325413573e+00  1.340355716e+00  1.348927478e+00  1.349779951e+00  1.348752671e+00 
 1.882812500e+00  1.162874736e+00  1.226158505e+00  1.266155615e+00  1.293543097e+00  1.312775635e+00  1.326388170e+00  1.341297305e+00  1.349855113e+00  1.350767008e+00  1.349803098e+00 
 1.886718750e+00  1.163418597e+00  1.226861094e+00  1.266952010e+00  1.294404576e+00  1.313687311e+00  1.327340417e+00  1.342223153e+00  1.350781340e+00  1.351748968e+00  1.350854593e+00 
 1.890625000e+00  1.163941938e+00  1.227538001e+00  1.267720618e+00  1.295238175e+00  1.314572385e+00  1.328268886e+00  1.343131709e+00  1.351693564e+00  1.352724173e+00  1.351904660e+00 
 1.894531250e+00  1.164444695e+00  1.228188939e+00  1.268460873e+00  1.296043048e+00  1.315429767e+00  1.329172119e+00  1.344029101e+00  1.352588287e+00  1.353690215e+00  1.352950525e+00 
 1.898437500e+00  1.164926653e+00  1.228813542e+00  1.269172388e+00  1.296818392e+00  1.316258283e+00  1.330048612e+00  1.344897769e+00  1.353463125e+00  1.354641190e+00  1.353988611e+00 
 1.902343750e+00  1.165387704e+00  1.229411607e+00  1.269854588e+00  1.297563450e+00  1.317057006e+00  1.330896854e+00  1.345741109e+00  1.354316943e+00  1.355573769e+00  1.355015177e+00 
 1.906250000e+00  1.165827712e+00  1.229982816e+00  1.270506977e+00  1.298277448e+00  1.317824746e+00  1.331715377e+00  1.346557082e+00  1.355148852e+00  1.356473990e+00  1.356016015e+00 
 1.910156250e+00  1.166246513e+00  1.230526859e+00  1.271129054e+00  1.298959624e+00  1.318560400e+00  1.332502691e+00  1.347344317e+00  1.355957861e+00  1.357365281e+00  1.357004266e+00 
 1.914062500e+00  1.166644006e+00  1.231043495e+00  1.271720346e+00  1.299609223e+00  1.319262875e+00  1.333257394e+00  1.348102190e+00  1.356742496e+00  1.358234691e+00  1.357972861e+00 
 1.917968750e+00  1.167020072e+00  1.231532414e+00  1.272280366e+00  1.300225389e+00  1.319931070e+00  1.333977792e+00  1.348829201e+00  1.357493297e+00  1.359079409e+00  1.358919177e+00 
 1.921875000e+00  1.167374570e+00  1.231993384e+00  1.272808671e+00  1.300807595e+00  1.320563902e+00  1.334662451e+00  1.349523343e+00  1.358224998e+00  1.359895668e+00  1.359839853e+00 
 1.925781250e+00  1.167707409e+00  1.232426136e+00  1.273304801e+00  1.301355024e+00  1.321160308e+00  1.335309871e+00  1.350182547e+00  1.358920807e+00  1.360680191e+00  1.360730681e+00 
 1.929687500e+00  1.168018486e+00  1.232830441e+00  1.273768334e+00  1.301866971e+00  1.321719235e+00  1.335918570e+00  1.350804745e+00  1.359577587e+00  1.361427813e+00  1.361586289e+00 
 1.933593750e+00  1.168307671e+00  1.233206054e+00  1.274198738e+00  1.302342760e+00  1.322239650e+00  1.336487076e+00  1.351396574e+00  1.360193184e+00  1.362131994e+00  1.362401073e+00 
 1.937500000e+00  1.168574846e+00  1.233552747e+00  1.274595784e+00  1.302781701e+00  1.322720447e+00  1.337013945e+00  1.351939454e+00  1.360765814e+00  1.362790355e+00  1.363167829e+00 
 1.941406250e+00  1.168820008e+00  1.233870321e+00  1.274958983e+00  1.303183182e+00  1.323160882e+00  1.337497761e+00  1.352438577e+00  1.361293779e+00  1.363400802e+00  1.363871508e+00 
 1.945312500e+00  1.169043004e+00  1.234158508e+00  1.275287980e+00  1.303546586e+00  1.323559873e+00  1.337937167e+00  1.352892091e+00  1.361775321e+00  1.363961275e+00  1.364531204e+00 
 1.949218750e+00  1.169243771e+00  1.234417242e+00  1.275582415e+00  1.303871307e+00  1.323916525e+00  1.338330840e+00  1.353298282e+00  1.362208560e+00  1.364456309e+00  1.365135208e+00 
 1.953125000e+00  1.169422240e+00  1.234646258e+00  1.275841952e+00  1.304156794e+00  1.324229973e+00  1.338677504e+00  1.353655560e+00  1.362591499e+00  1.364910290e+00  1.365679977e+00 
 1.957031250e+00  1.169578318e+00  1.234845420e+00  1.276066278e+00  1.304402511e+00  1.324499387e+00  1.338975940e+00  1.353962443e+00  1.362922062e+00  1.365306969e+00  1.366161706e+00 
 1.960937500e+00  1.169711958e+00  1.235014545e+00  1.276255085e+00  1.304607960e+00  1.324723987e+00  1.339224991e+00  1.354217515e+00  1.363198143e+00  1.365643347e+00  1.366576477e+00 
 1.964843750e+00  1.169823110e+00  1.235153508e+00  1.276408109e+00  1.304772694e+00  1.324903054e+00  1.339423585e+00  1.354419354e+00  1.363417649e+00  1.365916494e+00  1.366920415e+00 
 1.968750000e+00  1.169911696e+00  1.235262160e+00  1.276525075e+00  1.304896272e+00  1.325035913e+00  1.339570719e+00  1.354566612e+00  1.363578556e+00  1.366123603e+00  1.367189774e+00 
 1.972656250e+00  1.169977689e+00  1.235340392e+00  1.276605779e+00  1.304978284e+00  1.325121933e+00  1.339665465e+00  1.354658021e+00  1.363678992e+00  1.366262065e+00  1.367381028e+00 
 1.976562500e+00  1.170021053e+00  1.235388100e+00  1.276649991e+00  1.305018387e+00  1.325160554e+00  1.339706980e+00  1.354692422e+00  1.363717314e+00  1.366329561e+00  1.367490967e+00 
 1.980468750e+00  1.170041731e+00  1.235405187e+00  1.276657550e+00  1.305016263e+00  1.325151274e+00  1.339694497e+00  1.354668760e+00  1.363692143e+00  1.366324137e+00  1.367516825e+00 
 1.984375000e+00  1.170039711e+00  1.235391587e+00  1.276628284e+00  1.304971638e+00  1.325093646e+00  1.339627351e+00  1.354586084e+00  1.363602378e+00  1.366244243e+00  1.367456372e+00 
 1.988281250e+00  1.170014977e+00  1.235347218e+00  1.276562064e+00  1.304884279e+00  1.324987275e+00  1.339504959e+00  1.354443533e+00  1.363447163e+00  1.366088746e+00  1.367307947e+00 
 1.992187500e+00  1.169967486e+00  1.235272050e+00  1.276458786e+00  1.304753975e+00  1.324831849e+00  1.339326827e+00  1.354240296e+00  1.363225817e+00  1.365856905e+00  1.367070452e+00 
 1.996093750e+00  1.169897250e+00  1.235166014e+00  1.276318370e+00  1.304580592e+00  1.324627116e+00  1.339092560e+00  1.353975574e+00  1.362937696e+00  1.365548255e+00  1.366743256e+00 
 2.000000000e+00  1.169804281e+00  1.235029125e+00  1.276140770e+00  1.304364019e+00  1.324372888e+00  1.338801855e+00  1.353648602e+00  1.362582039e+00  1.365162467e+00  1.366326030e+00 
