 1.695500020e+00 -1.820078020e+00  8.586126862e-01  3.709361944e+00  9.324246949e-01  4.842229508e+00  9.951253823e-01  9.520903420e-01  7.257536310e+00 512 3 11
 0.000000000e+00  0.000000000e+00  1.323063727e-06
 1.956947162e-03  2.855474034e-02  1.370672666e-01
 3.913894325e-03  4.038261523e-02  1.938375704e-01
 5.870841487e-03  4.945872376e-02  2.373922732e-01
 7.827788650e-03  5.711059817e-02  2.741013850e-01
 9.784735812e-03  6.385247612e-02  3.064317138e-01
 1.174168297e-02  6.994810927e-02  3.356479520e-01
 1.369863014e-02  7.555419217e-02  3.625010691e-01
 1.565557730e-02  8.077283066e-02  3.874801239e-01
 1.761252446e-02  8.567495616e-02  4.109246300e-01
 1.956947162e-02  9.031222031e-02  4.330816377e-01
 2.152641879e-02  9.472362167e-02  4.541375170e-01
 2.348336595e-02  9.893946328e-02  4.742368867e-01
 2.544031311e-02  1.029838482e-01  4.934947967e-01
 2.739726027e-02  1.068763219e-01  5.120044554e-01
 2.935420744e-02  1.106329954e-01  5.298425720e-01
 3.131115460e-02  1.142673362e-01  5.470733042e-01
 3.326810176e-02  1.177907373e-01  5.637510078e-01
 3.522504892e-02  1.212129397e-01  5.799216222e-01
 3.718199609e-02  1.245423524e-01  5.956247784e-01
 3.913894325e-02  1.277862937e-01  6.108948795e-01
 4.109589041e-02  1.309511801e-01  6.257621037e-01
 4.305283757e-02  1.340426742e-01  6.402531921e-01
 4.500978474e-02  1.370658033e-01  6.543917922e-01
 4.696673190e-02  1.400250549e-01  6.681989584e-01
 4.892367906e-02  1.429244551e-01  6.816936101e-01
 5.088062622e-02  1.457676320e-01  6.948929626e-01
 5.283757339e-02  1.485578681e-01  7.078123746e-01
 5.479452055e-02  1.512981466e-01  7.204654575e-01
 5.675146771e-02  1.539911886e-01  7.328644857e-01
 5.870841487e-02  1.566394849e-01  7.450210180e-01
 6.066536204e-02  1.592453208e-01  7.569457132e-01
 6.262230920e-02  1.618107993e-01  7.686482959e-01
 6.457925636e-02  1.643378614e-01  7.801379429e-01
 6.653620352e-02  1.668283021e-01  7.914229876e-01
 6.849315068e-02  1.692837868e-01  8.025101780e-01
 7.045009785e-02  1.717058667e-01  8.134058832e-01
 7.240704501e-02  1.740959870e-01  8.241179420e-01
 7.436399217e-02  1.764554923e-01  8.346534342e-01
 7.632093933e-02  1.787856394e-01  8.450168123e-01
 7.827788650e-02  1.810876103e-01  8.552125099e-01
 8.023483366e-02  1.833625155e-01  8.652451039e-01
 8.219178082e-02  1.856113991e-01  8.751198474e-01
 8.414872798e-02  1.878352414e-01  8.848430781e-01
 8.610567515e-02  1.900349630e-01  8.944180701e-01
 8.806262231e-02  1.922114375e-01  9.038469887e-01
 9.001956947e-02  1.943654942e-01  9.131330517e-01
 9.197651663e-02  1.964979173e-01  9.222804336e-01
 9.393346380e-02  1.986094482e-01  9.312940391e-01
 9.589041096e-02  2.007007874e-01  9.401761269e-01
 9.784735812e-02  2.027726040e-01  9.489284690e-01
 9.980430528e-02  2.048255363e-01  9.575534524e-01
 1.017612524e-01  2.068601918e-01  9.660537777e-01
 1.037181996e-01  2.088771491e-01  9.744327766e-01
 1.056751468e-01  2.108769581e-01  9.826941564e-01
 1.076320939e-01  2.128601423e-01  9.908382153e-01
 1.095890411e-01  2.148272073e-01  9.988662556e-01
 1.115459883e-01  2.167786367e-01  1.006780711e+00
 1.135029354e-01  2.187148925e-01  1.014583309e+00
 1.154598826e-01  2.206364175e-01  1.022277791e+00
 1.174168297e-01  2.225436328e-01  1.029865520e+00
 1.193737769e-01  2.244369452e-01  1.037346440e+00
 1.213307241e-01  2.263167481e-01  1.044721883e+00
 1.232876712e-01  2.281834192e-01  1.051993397e+00
 1.252446184e-01  2.300373211e-01  1.059164335e+00
 1.272015656e-01  2.318787996e-01  1.066236044e+00
 1.291585127e-01  2.337081897e-01  1.073208270e+00
 1.311154599e-01  2.355258166e-01  1.080081822e+00
 1.330724070e-01  2.373319940e-01  1.086858284e+00
 1.350293542e-01  2.391270237e-01  1.093539117e+00
 1.369863014e-01  2.409111964e-01  1.100127312e+00
 1.389432485e-01  2.426847905e-01  1.106622406e+00
 1.409001957e-01  2.444480793e-01  1.113024328e+00
 1.428571429e-01  2.462013271e-01  1.119334575e+00
 1.448140900e-01  2.479447892e-01  1.125553943e+00
 1.467710372e-01  2.496787129e-01  1.131684089e+00
 1.487279843e-01  2.514033362e-01  1.137727282e+00
 1.506849315e-01  2.531188886e-01  1.143682385e+00
 1.526418787e-01  2.548255969e-01  1.149549747e+00
 1.545988258e-01  2.565236801e-01  1.155330348e+00
 1.565557730e-01  2.582133507e-01  1.161025362e+00
 1.585127202e-01  2.598948140e-01  1.166637509e+00
 1.604696673e-01  2.615682674e-01  1.172165845e+00
 1.624266145e-01  2.632339063e-01  1.177610114e+00
 1.643835616e-01  2.648919208e-01  1.182971262e+00
 1.663405088e-01  2.665424956e-01  1.188250200e+00
 1.682974560e-01  2.681858095e-01  1.193448751e+00
 1.702544031e-01  2.698220355e-01  1.198567482e+00
 1.722113503e-01  2.714513428e-01  1.203605651e+00
 1.741682975e-01  2.730738981e-01  1.208563791e+00
 1.761252446e-01  2.746898633e-01  1.213442825e+00
 1.780821918e-01  2.762993959e-01  1.218243637e+00
 1.800391389e-01  2.779026489e-01  1.222967569e+00
 1.819960861e-01  2.794997711e-01  1.227614307e+00
 1.839530333e-01  2.810909091e-01  1.232183928e+00
 1.859099804e-01  2.826762064e-01  1.236677157e+00
 1.878669276e-01  2.842558026e-01  1.241094341e+00
 1.898238748e-01  2.858298344e-01  1.245436717e+00
 1.917808219e-01  2.873984343e-01  1.249705095e+00
 1.937377691e-01  2.889617319e-01  1.253899274e+00
 1.956947162e-01  2.905198551e-01  1.258019294e+00
 1.976516634e-01  2.920729293e-01  1.262065655e+00
 1.996086106e-01  2.936210767e-01  1.266038919e+00
 2.015655577e-01  2.951644170e-01  1.269940758e+00
 2.035225049e-01  2.967030657e-01  1.273771229e+00
 2.054794521e-01  2.982371375e-01  1.277529730e+00
 2.074363992e-01  2.997667454e-01  1.281216802e+00
 2.093933464e-01  3.012919998e-01  1.284833112e+00
 2.113502935e-01  3.028130086e-01  1.288379616e+00
 2.133072407e-01  3.043298770e-01  1.291857166e+00
 2.152641879e-01  3.058427080e-01  1.295265349e+00
 2.172211350e-01  3.073516038e-01  1.298604285e+00
 2.191780822e-01  3.088566648e-01  1.301874702e+00
 2.211350294e-01  3.103579888e-01  1.305077117e+00
 2.230919765e-01  3.118556719e-01  1.308212401e+00
 2.250489237e-01  3.133498081e-01  1.311280897e+00
 2.270058708e-01  3.148404898e-01  1.314282446e+00
 2.289628180e-01  3.163278087e-01  1.317217626e+00
 2.309197652e-01  3.178118540e-01  1.320086918e+00
 2.328767123e-01  3.192927140e-01  1.322890691e+00
 2.348336595e-01  3.207704748e-01  1.325629888e+00
 2.367906067e-01  3.222452210e-01  1.328304751e+00
 2.387475538e-01  3.237170359e-01  1.330915403e+00
 2.407045010e-01  3.251860018e-01  1.333462207e+00
 2.426614481e-01  3.266521996e-01  1.335945614e+00
 2.446183953e-01  3.281157089e-01  1.338366338e+00
 2.465753425e-01  3.295766073e-01  1.340725033e+00
 2.485322896e-01  3.310349714e-01  1.343021856e+00
 2.504892368e-01  3.324908770e-01  1.345257039e+00
 2.524461840e-01  3.339443987e-01  1.347431076e+00
 2.544031311e-01  3.353956096e-01  1.349544480e+00
 2.563600783e-01  3.368445819e-01  1.351597969e+00
 2.583170254e-01  3.382913864e-01  1.353591954e+00
 2.602739726e-01  3.397360927e-01  1.355526656e+00
 2.622309198e-01  3.411787698e-01  1.357402504e+00
 2.641878669e-01  3.426194855e-01  1.359220034e+00
 2.661448141e-01  3.440583066e-01  1.360979890e+00
 2.681017613e-01  3.454952987e-01  1.362682502e+00
 2.700587084e-01  3.469305263e-01  1.364328214e+00
 2.720156556e-01  3.483640534e-01  1.365917525e+00
 2.739726027e-01  3.497959428e-01  1.367450986e+00
 2.759295499e-01  3.512262564e-01  1.368929155e+00
 2.778864971e-01  3.526550549e-01  1.370352405e+00
 2.798434442e-01  3.540823987e-01  1.371721203e+00
 2.818003914e-01  3.555083469e-01  1.373036145e+00
 2.837573386e-01  3.569329578e-01  1.374297799e+00
 2.857142857e-01  3.583562889e-01  1.375506651e+00
 2.876712329e-01  3.597783967e-01  1.376663141e+00
 2.896281800e-01  3.611993371e-01  1.377767806e+00
 2.915851272e-01  3.626191651e-01  1.378821145e+00
 2.935420744e-01  3.640379351e-01  1.379823786e+00
 2.954990215e-01  3.654557002e-01  1.380776360e+00
 2.974559687e-01  3.668725130e-01  1.381679393e+00
 2.994129159e-01  3.682884254e-01  1.382533192e+00
 3.013698630e-01  3.697034886e-01  1.383338337e+00
 3.033268102e-01  3.711177530e-01  1.384095393e+00
 3.052837573e-01  3.725312683e-01  1.384805025e+00
 3.072407045e-01  3.739440834e-01  1.385467766e+00
 3.091976517e-01  3.753562467e-01  1.386083927e+00
 3.111545988e-01  3.767678058e-01  1.386653955e+00
 3.131115460e-01  3.781788080e-01  1.387178544e+00
 3.150684932e-01  3.795892996e-01  1.387658022e+00
 3.170254403e-01  3.809993266e-01  1.388093001e+00
 3.189823875e-01  3.824089341e-01  1.388484084e+00
 3.209393346e-01  3.838181668e-01  1.388831493e+00
 3.228962818e-01  3.852270690e-01  1.389135834e+00
 3.248532290e-01  3.866356842e-01  1.389397456e+00
 3.268101761e-01  3.880440556e-01  1.389616938e+00
 3.287671233e-01  3.894522257e-01  1.389794897e+00
 3.307240705e-01  3.908602364e-01  1.389931651e+00
 3.326810176e-01  3.922681292e-01  1.390027469e+00
 3.346379648e-01  3.936759455e-01  1.390083066e+00
 3.365949119e-01  3.950837257e-01  1.390098727e+00
 3.385518591e-01  3.964915100e-01  1.390074997e+00
 3.405088063e-01  3.978993382e-01  1.390012405e+00
 3.424657534e-01  3.993072492e-01  1.389911177e+00
 3.444227006e-01  4.007152822e-01  1.389771900e+00
 3.463796477e-01  4.021234753e-01  1.389595055e+00
 3.483365949e-01  4.035318666e-01  1.389380843e+00
 3.502935421e-01  4.049404937e-01  1.389129961e+00
 3.522504892e-01  4.063493937e-01  1.388842787e+00
 3.542074364e-01  4.077586033e-01  1.388519548e+00
 3.561643836e-01  4.091681592e-01  1.388160869e+00
 3.581213307e-01  4.105780970e-01  1.387767135e+00
 3.600782779e-01  4.119884527e-01  1.387338623e+00
 3.620352250e-01  4.133992615e-01  1.386876039e+00
 3.639921722e-01  4.148105581e-01  1.386379427e+00
 3.659491194e-01  4.162223775e-01  1.385849382e+00
 3.679060665e-01  4.176347538e-01  1.385286528e+00
 3.698630137e-01  4.190477207e-01  1.384691005e+00
 3.718199609e-01  4.204613120e-01  1.384063191e+00
 3.737769080e-01  4.218755609e-01  1.383403558e+00
 3.757338552e-01  4.232905004e-01  1.382712447e+00
 3.776908023e-01  4.247061633e-01  1.381990488e+00
 3.796477495e-01  4.261225815e-01  1.381237998e+00
 3.816046967e-01  4.275397871e-01  1.380455135e+00
 3.835616438e-01  4.289578121e-01  1.379642468e+00
 3.855185910e-01  4.303766878e-01  1.378800269e+00
 3.874755382e-01  4.317964455e-01  1.377929075e+00
 3.894324853e-01  4.332171158e-01  1.377029391e+00
 3.913894325e-01  4.346387292e-01  1.376101512e+00
 3.933463796e-01  4.360613159e-01  1.375145602e+00
 3.953033268e-01  4.374849063e-01  1.374162047e+00
 3.972602740e-01  4.389095301e-01  1.373151304e+00
 3.992172211e-01  4.403352167e-01  1.372114002e+00
 4.011741683e-01  4.417619953e-01  1.371050550e+00
 4.031311155e-01  4.431898945e-01  1.369961052e+00
 4.050880626e-01  4.446189432e-01  1.368845683e+00
 4.070450098e-01  4.460491701e-01  1.367704891e+00
 4.090019569e-01  4.474806035e-01  1.366539440e+00
 4.109589041e-01  4.489132710e-01  1.365349669e+00
 4.129158513e-01  4.503472002e-01  1.364135876e+00
 4.148727984e-01  4.517824183e-01  1.362898168e+00
 4.168297456e-01  4.532189530e-01  1.361636694e+00
 4.187866928e-01  4.546568314e-01  1.360352312e+00
 4.207436399e-01  4.560960799e-01  1.359045431e+00
 4.227005871e-01  4.575367248e-01  1.357716405e+00
 4.246575342e-01  4.589787924e-01  1.356365535e+00
 4.266144814e-01  4.604223084e-01  1.354992663e+00
 4.285714286e-01  4.618672993e-01  1.353598393e+00
 4.305283757e-01  4.633137906e-01  1.352183450e+00
 4.324853229e-01  4.647618071e-01  1.350748193e+00
 4.344422701e-01  4.662113739e-01  1.349292963e+00
 4.363992172e-01  4.676625156e-01  1.347817702e+00
 4.383561644e-01  4.691152572e-01  1.346322550e+00
 4.403131115e-01  4.705696235e-01  1.344808465e+00
 4.422700587e-01  4.720256381e-01  1.343275887e+00
 4.442270059e-01  4.734833249e-01  1.341725031e+00
 4.461839530e-01  4.749427074e-01  1.340156166e+00
 4.481409002e-01  4.764038091e-01  1.338569139e+00
 4.500978474e-01  4.778666538e-01  1.336964660e+00
 4.520547945e-01  4.793312644e-01  1.335343414e+00
 4.540117417e-01  4.807976633e-01  1.333705617e+00
 4.559686888e-01  4.822658731e-01  1.332051612e+00
 4.579256360e-01  4.837359160e-01  1.330381497e+00
 4.598825832e-01  4.852078143e-01  1.328695371e+00
 4.618395303e-01  4.866815903e-01  1.326993993e+00
 4.637964775e-01  4.881572652e-01  1.325277845e+00
 4.657534247e-01  4.896348605e-01  1.323547259e+00
 4.677103718e-01  4.911143970e-01  1.321802315e+00
 4.696673190e-01  4.925958959e-01  1.320043173e+00
 4.716242661e-01  4.940793783e-01  1.318270251e+00
 4.735812133e-01  4.955648646e-01  1.316484216e+00
 4.755381605e-01  4.970523748e-01  1.314685462e+00
 4.774951076e-01  4.985419288e-01  1.312874042e+00
 4.794520548e-01  5.000335464e-01  1.311050176e+00
 4.814090020e-01  5.015272476e-01  1.309214235e+00
 4.833659491e-01  5.030230515e-01  1.307366663e+00
 4.853228963e-01  5.045209773e-01  1.305507997e+00
 4.872798434e-01  5.060210434e-01  1.303638374e+00
 4.892367906e-01  5.075232687e-01  1.301757900e+00
 4.911937378e-01  5.090276716e-01  1.299867278e+00
 4.931506849e-01  5.105342701e-01  1.297966523e+00
 4.951076321e-01  5.120430821e-01  1.296056091e+00
 4.970645793e-01  5.135541253e-01  1.294136438e+00
 4.990215264e-01  5.150674168e-01  1.292207551e+00
 5.009784736e-01  5.165829742e-01  1.290270114e+00
 5.029354207e-01  5.181008138e-01  1.288324419e+00
 5.048923679e-01  5.196209523e-01  1.286370444e+00
 5.068493151e-01  5.211434063e-01  1.284408718e+00
 5.088062622e-01  5.226681919e-01  1.282439503e+00
 5.107632094e-01  5.241953248e-01  1.280463302e+00
 5.127201566e-01  5.257248205e-01  1.278480507e+00
 5.146771037e-01  5.272566940e-01  1.276491151e+00
 5.166340509e-01  5.287909605e-01  1.274495459e+00
 5.185909980e-01  5.303276351e-01  1.272493752e+00
 5.205479452e-01  5.318667322e-01  1.270486684e+00
 5.225048924e-01  5.334082657e-01  1.268474540e+00
 5.244618395e-01  5.349522494e-01  1.266457613e+00
 5.264187867e-01  5.364986968e-01  1.264435926e+00
 5.283757339e-01  5.380476217e-01  1.262409646e+00
 5.303326810e-01  5.395990371e-01  1.260379514e+00
 5.322896282e-01  5.411529557e-01  1.258345854e+00
 5.342465753e-01  5.427093898e-01  1.256308988e+00
 5.362035225e-01  5.442683512e-01  1.254269111e+00
 5.381604697e-01  5.458298520e-01  1.252226092e+00
 5.401174168e-01  5.473939041e-01  1.250180584e+00
 5.420743640e-01  5.489605187e-01  1.248133084e+00
 5.440313112e-01  5.505297065e-01  1.246083940e+00
 5.459882583e-01  5.521014777e-01  1.244033342e+00
 5.479452055e-01  5.536758429e-01  1.241981305e+00
 5.499021526e-01  5.552528121e-01  1.239928083e+00
 5.518590998e-01  5.568323953e-01  1.237874341e+00
 5.538160470e-01  5.584146015e-01  1.235820468e+00
 5.557729941e-01  5.599994394e-01  1.233766630e+00
 5.577299413e-01  5.615869176e-01  1.231712913e+00
 5.596868885e-01  5.631770448e-01  1.229659611e+00
 5.616438356e-01  5.647698289e-01  1.227607148e+00
 5.636007828e-01  5.663652774e-01  1.225556012e+00
 5.655577299e-01  5.679633975e-01  1.223506320e+00
 5.675146771e-01  5.695641960e-01  1.221458229e+00
 5.694716243e-01  5.711676796e-01  1.219412227e+00
 5.714285714e-01  5.727738544e-01  1.217368473e+00
 5.733855186e-01  5.743827263e-01  1.215327372e+00
 5.753424658e-01  5.759943006e-01  1.213289135e+00
 5.772994129e-01  5.776085825e-01  1.211254005e+00
 5.792563601e-01  5.792255766e-01  1.209222376e+00
 5.812133072e-01  5.808452873e-01  1.207194627e+00
 5.831702544e-01  5.824677182e-01  1.205170850e+00
 5.851272016e-01  5.840928730e-01  1.203151196e+00
 5.870841487e-01  5.857207552e-01  1.201136140e+00
 5.890410959e-01  5.873513673e-01  1.199126049e+00
 5.909980431e-01  5.889847115e-01  1.197121253e+00
 5.929549902e-01  5.906207896e-01  1.195121928e+00
 5.949119374e-01  5.922596033e-01  1.193127992e+00
 5.968688845e-01  5.939011540e-01  1.191139997e+00
 5.988258317e-01  5.955454424e-01  1.189158390e+00
 6.007827789e-01  5.971924685e-01  1.187183478e+00
 6.027397260e-01  5.988422320e-01  1.185215473e+00
 6.046966732e-01  6.004947323e-01  1.183254278e+00
 6.066536204e-01  6.021499688e-01  1.181300269e+00
 6.086105675e-01  6.038079403e-01  1.179353962e+00
 6.105675147e-01  6.054686446e-01  1.177415737e+00
 6.125244618e-01  6.071320791e-01  1.175485661e+00
 6.144814090e-01  6.087982412e-01  1.173563969e+00
 6.164383562e-01  6.104671277e-01  1.171650991e+00
 6.183953033e-01  6.121387350e-01  1.169746817e+00
 6.203522505e-01  6.138130591e-01  1.167851894e+00
 6.223091977e-01  6.154900953e-01  1.165966357e+00
 6.242661448e-01  6.171698389e-01  1.164090385e+00
 6.262230920e-01  6.188522846e-01  1.162224191e+00
 6.281800391e-01  6.205374268e-01  1.160367826e+00
 6.301369863e-01  6.222252599e-01  1.158521340e+00
 6.320939335e-01  6.239157781e-01  1.156684752e+00
 6.340508806e-01  6.256089752e-01  1.154858310e+00
 6.360078278e-01  6.273048448e-01  1.153042037e+00
 6.379647750e-01  6.290033803e-01  1.151235923e+00
 6.399217221e-01  6.307045752e-01  1.149439965e+00
 6.418786693e-01  6.324084227e-01  1.147654152e+00
 6.438356164e-01  6.341149159e-01  1.145878503e+00
 6.457925636e-01  6.358240481e-01  1.144112987e+00
 6.477495108e-01  6.375358121e-01  1.142357549e+00
 6.497064579e-01  6.392502010e-01  1.140612171e+00
 6.516634051e-01  6.409672078e-01  1.138876765e+00
 6.536203523e-01  6.426868254e-01  1.137151262e+00
 6.555772994e-01  6.444090470e-01  1.135435530e+00
 6.575342466e-01  6.461338655e-01  1.133729439e+00
 6.594911937e-01  6.478612743e-01  1.132032966e+00
 6.614481409e-01  6.495912665e-01  1.130345941e+00
 6.634050881e-01  6.513238355e-01  1.128668131e+00
 6.653620352e-01  6.530589749e-01  1.126999470e+00
 6.673189824e-01  6.547966783e-01  1.125339866e+00
 6.692759295e-01  6.565369394e-01  1.123689047e+00
 6.712328767e-01  6.582797524e-01  1.122046822e+00
 6.731898239e-01  6.600251114e-01  1.120412969e+00
 6.751467710e-01  6.617730111e-01  1.118787224e+00
 6.771037182e-01  6.635234463e-01  1.117169585e+00
 6.790606654e-01  6.652764117e-01  1.115559866e+00
 6.810176125e-01  6.670319024e-01  1.113957586e+00
 6.829745597e-01  6.687899142e-01  1.112362569e+00
 6.849315068e-01  6.705504431e-01  1.110774580e+00
 6.868884540e-01  6.723134852e-01  1.109193460e+00
 6.888454012e-01  6.740790370e-01  1.107618817e+00
 6.908023483e-01  6.758470955e-01  1.106050485e+00
 6.927592955e-01  6.776176580e-01  1.104488134e+00
 6.947162427e-01  6.793907221e-01  1.102931597e+00
 6.966731898e-01  6.811662859e-01  1.101380545e+00
 6.986301370e-01  6.829443477e-01  1.099834496e+00
 7.005870841e-01  6.847249069e-01  1.098293135e+00
 7.025440313e-01  6.865079630e-01  1.096756260e+00
 7.045009785e-01  6.882935159e-01  1.095223924e+00
 7.064579256e-01  6.900815653e-01  1.093695532e+00
 7.084148728e-01  6.918721123e-01  1.092170697e+00
 7.103718200e-01  6.936651582e-01  1.090648951e+00
 7.123287671e-01  6.954607053e-01  1.089130102e+00
 7.142857143e-01  6.972587558e-01  1.087613909e+00
 7.162426614e-01  6.990593128e-01  1.086100045e+00
 7.181996086e-01  7.008623794e-01  1.084588205e+00
 7.201565558e-01  7.026679598e-01  1.083077945e+00
 7.221135029e-01  7.044760586e-01  1.081569005e+00
 7.240704501e-01  7.062866808e-01  1.080060960e+00
 7.260273973e-01  7.080998325e-01  1.078553322e+00
 7.279843444e-01  7.099155203e-01  1.077045746e+00
 7.299412916e-01  7.117337515e-01  1.075538019e+00
 7.318982387e-01  7.135545335e-01  1.074030203e+00
 7.338551859e-01  7.153778739e-01  1.072521690e+00
 7.358121331e-01  7.172037818e-01  1.071011744e+00
 7.377690802e-01  7.190322672e-01  1.069499991e+00
 7.397260274e-01  7.208633407e-01  1.067986296e+00
 7.416829746e-01  7.226970131e-01  1.066470338e+00
 7.436399217e-01  7.245332962e-01  1.064951664e+00
 7.455968689e-01  7.263722023e-01  1.063430107e+00
 7.475538160e-01  7.282137442e-01  1.061905259e+00
 7.495107632e-01  7.300579355e-01  1.060376598e+00
 7.514677104e-01  7.319047910e-01  1.058843821e+00
 7.534246575e-01  7.337543259e-01  1.057306330e+00
 7.553816047e-01  7.356065567e-01  1.055763754e+00
 7.573385519e-01  7.374615004e-01  1.054215799e+00
 7.592954990e-01  7.393191747e-01  1.052662390e+00
 7.612524462e-01  7.411795974e-01  1.051103350e+00
 7.632093933e-01  7.430427871e-01  1.049537825e+00
 7.651663405e-01  7.449087643e-01  1.047965206e+00
 7.671232877e-01  7.467775502e-01  1.046385342e+00
 7.690802348e-01  7.486491666e-01  1.044797942e+00
 7.710371820e-01  7.505236358e-01  1.043202500e+00
 7.729941292e-01  7.524009816e-01  1.041598586e+00
 7.749510763e-01  7.542812282e-01  1.039985948e+00
 7.769080235e-01  7.561644007e-01  1.038364698e+00
 7.788649706e-01  7.580505241e-01  1.036733961e+00
 7.808219178e-01  7.599396259e-01  1.035092950e+00
 7.827788650e-01  7.618317347e-01  1.033441239e+00
 7.847358121e-01  7.637268802e-01  1.031778421e+00
 7.866927593e-01  7.656250930e-01  1.030104090e+00
 7.886497065e-01  7.675264048e-01  1.028417474e+00
 7.906066536e-01  7.694308493e-01  1.026717830e+00
 7.925636008e-01  7.713384618e-01  1.025004450e+00
 7.945205479e-01  7.732492792e-01  1.023276489e+00
 7.964774951e-01  7.751633405e-01  1.021532759e+00
 7.984344423e-01  7.770806877e-01  1.019772040e+00
 8.003913894e-01  7.790013649e-01  1.017993392e+00
 8.023483366e-01  7.809254187e-01  1.016195732e+00
 8.043052838e-01  7.828528980e-01  1.014378047e+00
 8.062622309e-01  7.847838538e-01  1.012540605e+00
 8.082191781e-01  7.867183383e-01  1.010677984e+00
 8.101761252e-01  7.886564139e-01  1.008792414e+00
 8.121330724e-01  7.905981312e-01  1.006893508e+00
 8.140900196e-01  7.925435240e-01  1.004980256e+00
 8.160469667e-01  7.944926269e-01  1.003067449e+00
 8.180039139e-01  7.964454310e-01  1.001179313e+00
 8.199608611e-01  7.984018805e-01  9.993393197e-01
 8.219178082e-01  8.003618832e-01  9.975477086e-01
 8.238747554e-01  8.023253489e-01  9.958205465e-01
 8.258317025e-01  8.042921336e-01  9.941940258e-01
 8.277886497e-01  8.062620240e-01  9.926803140e-01
 8.297455969e-01  8.082347909e-01  9.913017871e-01
 8.317025440e-01  8.102101418e-01  9.900935490e-01
 8.336594912e-01  8.121877172e-01  9.890754295e-01
 8.356164384e-01  8.141671289e-01  9.882599643e-01
 8.375733855e-01  8.161479637e-01  9.876582505e-01
 8.395303327e-01  8.181297912e-01  9.872699721e-01
 8.414872798e-01  8.201121906e-01  9.870873219e-01
 8.434442270e-01  8.220947600e-01  9.871012973e-01
 8.454011742e-01  8.240771228e-01  9.872866275e-01
 8.473581213e-01  8.260589615e-01  9.876131488e-01
 8.493150685e-01  8.280399993e-01  9.880987383e-01
 8.512720157e-01  8.300199167e-01  9.887298408e-01
 8.532289628e-01  8.319984731e-01  9.894423486e-01
 8.551859100e-01  8.339755684e-01  9.901836059e-01
 8.571428571e-01  8.359511878e-01  9.909102819e-01
 8.590998043e-01  8.379253885e-01  9.916071668e-01
 8.610567515e-01  8.398982399e-01  9.922646900e-01
 8.630136986e-01  8.418698349e-01  9.928702778e-01
 8.649706458e-01  8.438402959e-01  9.934062086e-01
 8.669275930e-01  8.458097912e-01  9.938313770e-01
 8.688845401e-01  8.477785698e-01  9.941254222e-01
 8.708414873e-01  8.497468908e-01  9.942995575e-01
 8.727984344e-01  8.517149845e-01  9.943538101e-01
 8.747553816e-01  8.536830958e-01  9.942817016e-01
 8.767123288e-01  8.556514843e-01  9.940723119e-01
 8.786692759e-01  8.576204381e-01  9.937039631e-01
 8.806262231e-01  8.595902859e-01  9.931685954e-01
 8.825831703e-01  8.615613559e-01  9.924753609e-01
 8.845401174e-01  8.635339555e-01  9.916299056e-01
 8.864970646e-01  8.655083901e-01  9.906303235e-01
 8.884540117e-01  8.674849721e-01  9.894760298e-01
 8.904109589e-01  8.694640139e-01  9.881695697e-01
 8.923679061e-01  8.714458226e-01  9.867171759e-01
 8.943248532e-01  8.734306967e-01  9.851187317e-01
 8.962818004e-01  8.754189415e-01  9.833742515e-01
 8.982387476e-01  8.774108630e-01  9.814855600e-01
 9.001956947e-01  8.794067652e-01  9.794559506e-01
 9.021526419e-01  8.814069473e-01  9.772908593e-01
 9.041095890e-01  8.834117013e-01  9.749928592e-01
 9.060665362e-01  8.854213160e-01  9.725725879e-01
 9.080234834e-01  8.874360607e-01  9.700349949e-01
 9.099804305e-01  8.894562079e-01  9.673753200e-01
 9.119373777e-01  8.914820461e-01  9.645924524e-01
 9.138943249e-01  8.935138645e-01  9.616890888e-01
 9.158512720e-01  8.955519486e-01  9.586692174e-01
 9.178082192e-01  8.975965722e-01  9.555581065e-01
 9.197651663e-01  8.996479633e-01  9.523495006e-01
 9.217221135e-01  9.017063952e-01  9.490280466e-01
 9.236790607e-01  9.037721670e-01  9.455966646e-01
 9.256360078e-01  9.058455698e-01  9.420538280e-01
 9.275929550e-01  9.079269114e-01  9.383921714e-01
 9.295499022e-01  9.100165108e-01  9.346273768e-01
 9.315068493e-01  9.121146410e-01  9.307915558e-01
 9.334637965e-01  9.142215380e-01  9.268493289e-01
 9.354207436e-01  9.163375612e-01  9.227694162e-01
 9.373776908e-01  9.184630943e-01  9.185926570e-01
 9.393346380e-01  9.205984156e-01  9.143352858e-01
 9.412915851e-01  9.227438419e-01  9.099382128e-01
 9.432485323e-01  9.248998564e-01  9.053594984e-01
 9.452054795e-01  9.270669679e-01  9.006512976e-01
 9.471624266e-01  9.292454764e-01  8.960049346e-01
 9.491193738e-01  9.314353585e-01  8.912296282e-01
 9.510763209e-01  9.336373175e-01  8.861881936e-01
 9.530332681e-01  9.358521973e-01  8.805920342e-01
 9.549902153e-01  9.380808876e-01  8.751057140e-01
 9.569471624e-01  9.403201543e-01  8.748039019e-01
 9.589041096e-01  9.425562667e-01  8.754993976e-01
 9.608610568e-01  9.447932743e-01  8.736636843e-01
 9.628180039e-01  9.470391985e-01  8.684010058e-01
 9.647749511e-01  9.493035052e-01  8.594466407e-01
 9.667318982e-01  9.515963286e-01  8.473314965e-01
 9.686888454e-01  9.539278087e-01  8.302234218e-01
 9.706457926e-01  9.563151188e-01  8.079572494e-01
 9.726027397e-01  9.587734410e-01  7.841365209e-01
 9.745596869e-01  9.613073027e-01  7.606667556e-01
 9.765166341e-01  9.639190632e-01  7.381859015e-01
 9.784735812e-01  9.666090915e-01  7.171415633e-01
 9.804305284e-01  9.693759418e-01  6.978314289e-01
 9.823874755e-01  9.722165288e-01  6.804404201e-01
 9.843444227e-01  9.751263019e-01  6.650722811e-01
 9.863013699e-01  9.780994173e-01  6.517750039e-01
 9.882583170e-01  9.811289089e-01  6.405605257e-01
 9.902152642e-01  9.842068565e-01  6.314195441e-01
 9.921722114e-01  9.873245511e-01  6.243324039e-01
 9.941291585e-01  9.904726573e-01  6.192769298e-01
 9.960861057e-01  9.936413717e-01  6.162339386e-01
 9.980430528e-01  9.968205785e-01  6.155249494e-01
 1.000000000e+00  1.000000000e+00  6.154833595e-01
4  3.985737493e-01  6.800817020e-01  1.013285053e+00  7.510051774e-01  9.590810329e-01  5.602536770e+01  4.498476926e-01  9.911328044e-01  3.414462318e-01  2.674713596e+00
5  5.236257144e-01  9.543154353e-01  1.008354447e+00  6.167110098e-01  9.326780438e-01  3.343020331e+01  3.958599845e-01  1.044809545e+00  5.100336341e-01  2.797442238e+00
6  6.236317372e-01  1.135222232e+00  1.005327557e+00  5.264466541e-01  9.110197673e-01  2.456922660e+01  3.655288238e-01  1.124815746e+00  6.317653441e-01  2.768098205e+00
7  7.084119554e-01  1.285033013e+00  1.003247401e+00  4.614195565e-01  8.977711703e-01  1.996195939e+01  3.458723385e-01  1.215571365e+00  7.263639980e-01  2.689631817e+00
8  7.822516952e-01  1.417959223e+00  1.001610390e+00  4.122690183e-01  8.990968792e-01  1.747119635e+01  3.321716809e-01  1.316744745e+00  8.036952658e-01  2.594491758e+00
9  8.448766595e-01  1.715805534e+00  1.000354793e+00  3.735764612e-01  9.251690697e-01  1.662438748e+01  3.230039190e-01  1.442686931e+00  8.660003026e-01  2.487721782e+00
10  8.919262894e-01  2.226671664e+00  9.995624571e-01  3.419212888e-01  9.914199503e-01  1.759682652e+01  3.180197427e-01  1.621583964e+00  9.123657527e-01  2.361760469e+00
11  9.270500176e-01  2.236785286e+00  9.991816191e-01  3.153715547e-01  1.111471568e+00  2.072577484e+01  3.164295383e-01  1.905054484e+00  9.451902124e-01  2.230754952e+00
12  9.681069718e-01  3.748505995e+00  9.998333777e-01  2.949997934e-01  1.284617646e+00  2.564259856e+01  3.198831183e-01  2.265026347e+00  9.795396328e-01  2.136813805e+00
13  9.833771876e-01  7.004579621e+00  9.999103976e-01  2.747205993e-01  1.515440481e+00  3.410128853e+01  3.228649826e-01  3.297731595e+00  9.896904891e-01  2.003709742e+00
14  9.914887117e-01  1.212564345e+01  9.999368251e-01  2.567424945e-01  1.713723661e+00  4.160791696e+01  3.263025164e-01  5.308568581e+00  9.947577514e-01  1.875984515e+00
0 0 -1.246333331e-01 -4.811202668e-19
0 1  1.352711595e-02 -4.705916517e-03
0 2 -1.419008844e-02  5.679082456e-03
0 3  4.498073194e-03 -6.680359937e-03
0 4 -1.034280089e-03  6.316923521e-03
0 5 -3.689518639e-03 -3.577659462e-03
0 6  3.671114790e-03 -1.430380217e-03
0 7  9.189826246e-04  3.323810736e-03
0 8 -2.381925021e-03  1.897284203e-03
0 9 -2.734810070e-03 -4.557400908e-04
0 10 -1.993311685e-03 -1.582791510e-03
1 0 -1.085352980e-01 -3.775808926e-02
1 1 -9.629375269e-02 -3.745947862e-17
1 2  9.600147191e-03 -6.868959316e-03
1 3 -1.342114378e-02  8.575251113e-03
1 4  4.632036483e-04 -8.938271941e-03
1 5  3.210640613e-03  5.692151242e-03
1 6 -6.050337595e-03  1.180590895e-03
1 7 -1.044116753e-03 -4.753724339e-03
1 8  3.296044278e-03 -2.098043423e-03
1 9  3.345248511e-03  1.135515845e-03
1 10  2.149704252e-03  2.495425649e-03
2 0  1.138546814e-01  4.556632094e-02
2 1 -9.969646963e-02 -7.133338482e-02
2 2 -7.724542459e-02  5.314122527e-18
2 3  5.349749565e-03 -8.638270922e-03
2 4 -9.546973918e-03  1.005094413e-02
2 5 -5.196561720e-03 -7.855329017e-03
2 6  5.433419532e-03  2.501258757e-04
2 7 -1.357718989e-03  5.561503189e-03
2 8 -4.966042748e-03  1.333567679e-03
2 9 -3.958989841e-03 -2.235476188e-03
2 10 -2.189244246e-03 -3.396792653e-03
3 0 -3.609045094e-02 -5.360010658e-02
3 1  1.393770977e-01  8.905303691e-02
3 2 -6.925652351e-02 -1.118289008e-01
3 3 -6.384261244e-02 -5.879608566e-17
3 4  1.477629570e-03 -1.014096897e-02
3 5 -4.637502826e-03  9.734490167e-03
3 6 -9.501313938e-03 -3.173183512e-03
3 7  1.230543799e-03 -5.527562994e-03
3 8  4.000157878e-03  5.153917931e-04
3 9  1.797120121e-03  3.725622207e-03
3 10 -3.028000982e-04  4.161821417e-03
4 0  8.298583235e-03  5.068406151e-02
4 1 -4.810318794e-03 -9.282296817e-02
4 2  1.235927431e-01  1.301170158e-01
4 3 -2.314487947e-02 -1.588432645e-01
4 4 -5.395547669e-02  5.326034942e-17
4 5 -2.314170897e-03 -1.131747724e-02
4 6 -4.750704453e-05  7.086308907e-03
4 7 -9.222476152e-03  3.317139845e-03
4 8 -6.253142061e-03 -3.503036091e-03
4 9 -1.766369894e-03 -4.961440548e-03
4 10  6.995100021e-04 -4.065660309e-03
5 0  2.960298459e-02 -2.870547848e-02
5 1 -3.334214861e-02  5.911236277e-02
5 2  6.727339189e-02 -1.016931302e-01
5 3  7.263961560e-02  1.524763758e-01
5 4  4.289037997e-02 -2.097558567e-01
5 5 -4.616800177e-02 -2.846536974e-18
5 6 -6.402241203e-03 -1.189036100e-02
5 7  2.449625257e-03  1.773225272e-03
5 8 -2.695615313e-03  5.854959617e-03
5 9 -6.322734110e-03  3.733027166e-03
5 10 -6.945470073e-03  1.258854444e-03
6 0 -2.945532065e-02 -1.147670676e-02
6 1  6.283208854e-02  1.226030622e-02
6 2 -7.033969404e-02  3.238067200e-03
6 3  1.488240154e-01 -4.970322157e-02
6 4  8.804860497e-04  1.313362302e-01
6 5  1.386726944e-01 -2.575454977e-01
6 6 -3.942643723e-02 -3.295004460e-17
6 7 -1.022184624e-02 -1.103359705e-02
6 8  8.833894157e-04 -4.194765671e-03
6 9  1.742805874e-03  1.208431816e-03
6 10  3.506988143e-04  3.346872872e-03
7 0 -7.373489915e-03  2.666871416e-02
7 1  1.084303731e-02 -4.936690290e-02
7 2  1.757669138e-02  7.199783312e-02
7 3 -1.927464670e-02 -8.658109032e-02
7 4  1.709275261e-01  6.147920561e-02
7 5 -5.305894046e-02  3.840810093e-02
7 6  2.592637569e-01 -2.798527543e-01
7 7 -3.338666058e-02  7.207759308e-17
7 8 -1.100812573e-02 -7.029111239e-03
7 9 -3.932381111e-03 -6.969426136e-03
7 10 -7.966063827e-04 -5.059354016e-03
8 0  1.911146048e-02  1.522292758e-02
8 1 -3.422905626e-02 -2.178794953e-02
8 2  6.428915077e-02  1.726403455e-02
8 3 -6.265655062e-02  8.072849361e-03
8 4  1.158944827e-01 -6.492456940e-02
8 5  5.838709083e-02  1.268185625e-01
8 6 -2.240601682e-02 -1.063947434e-01
8 7  3.297162861e-01 -2.105365172e-01
8 8 -3.018158776e-02 -3.130547147e-17
8 9 -1.545759811e-02 -6.142266854e-03
8 10 -1.008463690e-02 -7.503447206e-03
9 0  2.194284628e-02 -3.656646897e-03
9 1 -3.474003678e-02  1.179220680e-02
9 2  5.125209502e-02 -2.893991715e-02
9 3 -2.814922592e-02  5.835635581e-02
9 4  3.273754590e-02 -9.195434555e-02
9 5  1.369505690e-01  8.085745587e-02
9 6 -4.420399095e-02  3.065029207e-02
9 7  1.177830020e-01 -2.087488241e-01
9 8  5.121532451e-01 -2.035103953e-01
9 9 -2.186768674e-02 -1.131864166e-16
9 10 -1.205217336e-02 -2.586085415e-03
10 0  1.599340750e-02 -1.269958421e-02
10 1 -2.232444153e-02  2.591472010e-02
10 2  2.834140996e-02 -4.397403045e-02
10 3  4.742915220e-03  6.518877060e-02
10 4 -1.296457830e-02 -7.535213400e-02
10 5  1.504390445e-01  2.726681675e-02
10 6 -8.895016616e-03  8.488905179e-02
10 7  2.386001981e-02 -1.515381871e-01
10 8  3.341320867e-01 -2.486100886e-01
10 9  5.511407541e-01 -1.182605845e-01
10 10 -1.765541037e-02 -5.354487837e-17
0 0 -8.349842476e+00  3.385203282e-15
0 1 -8.539498748e-01  4.141885417e-01
0 2  1.219952145e+00 -4.061797926e-01
0 3 -2.325470396e-01  3.313198708e-01
0 4  6.854540167e-02 -2.670482482e-01
0 5  1.269946592e-01  1.403268721e-01
0 6 -1.280362564e-01  4.284600030e-02
0 7 -2.294251985e-02 -1.024294693e-01
0 8  5.446332768e-02 -8.001764885e-02
0 9  6.432802349e-02  2.659660460e-02
0 10  2.818193608e-02  9.081390913e-02
1 0 -8.539498748e-01 -4.141885417e-01
1 1 -1.104939334e+01  5.428119130e-15
1 2 -8.153095862e-01  9.838317431e-01
1 3  1.932512114e+00 -1.029536925e+00
1 4 -5.838966130e-02  7.230576454e-01
1 5 -1.685028702e-01 -4.131717136e-01
1 6  3.628977048e-01 -4.710970629e-02
1 7  3.055458629e-02  2.486338584e-01
1 8 -1.378818952e-01  1.510091777e-01
1 9 -1.212748360e-01 -7.535620889e-02
1 10 -1.879832363e-02 -1.950183688e-01
2 0  1.219952145e+00  4.061797926e-01
2 1 -8.153095862e-01 -9.838317431e-01
2 2 -1.397292541e+01 -2.941415923e-15
2 3 -4.385903015e-01  1.872159241e+00
2 4  2.208391017e+00 -1.880896259e+00
2 5  5.929189798e-01  9.920971428e-01
2 6 -5.447384194e-01 -1.060280285e-01
2 7  1.732020386e-01 -4.775389244e-01
2 8  3.320515859e-01 -1.679303084e-01
2 9  1.833367441e-01  1.840001575e-01
2 10 -2.366374440e-02  3.320128486e-01
3 0 -2.325470396e-01 -3.313198708e-01
3 1  1.932512114e+00  1.029536925e+00
3 2 -4.385903015e-01 -1.872159241e+00
3 3 -1.714700140e+01  6.188799583e-15
3 4  3.888070804e-01  3.127764924e+00
3 5  1.865024258e+00 -2.767697955e+00
3 6  1.687823368e+00  6.598775629e-01
3 7 -3.208621700e-01  6.692184315e-01
3 8 -4.892039923e-01  3.484174494e-02
3 9 -7.656850451e-02 -4.062706204e-01
3 10  3.548081553e-01 -4.930789836e-01
4 0  6.854540167e-02  2.670482482e-01
4 1 -5.838966130e-02 -7.230576454e-01
4 2  2.208391017e+00  1.880896259e+00
4 3  3.888070804e-01 -3.127764924e+00
4 4 -2.076386063e+01 -1.445000774e-14
4 5  1.930031176e+00  4.795012169e+00
4 6  7.758436199e-01 -3.260833389e+00
4 7  2.514181882e+00 -6.664264519e-01
4 8  1.094720956e+00  5.371096531e-01
4 9 -5.495043883e-02  5.884127012e-01
4 10 -6.287665731e-01  2.605461005e-01
5 0  1.269946592e-01 -1.403268721e-01
5 1 -1.685028702e-01  4.131717136e-01
5 2  5.929189798e-01 -9.920971428e-01
5 3  1.865024258e+00  2.767697955e+00
5 4  1.930031176e+00 -4.795012169e+00
5 5 -2.505532456e+01  4.404609835e-14
5 6  4.765416814e+00  6.943821960e+00
5 7 -5.194801599e-01 -2.881511378e+00
5 8  7.563321045e-01 -1.827610465e+00
5 9  1.541945641e+00 -6.360963728e-01
5 10  1.855545094e+00  3.595377028e-01
6 0 -1.280362564e-01 -4.284600030e-02
6 1  3.628977048e-01  4.710970629e-02
6 2 -5.447384194e-01  1.060280285e-01
6 3  1.687823368e+00 -6.598775629e-01
6 4  7.758436199e-01  3.260833389e+00
6 5  4.765416814e+00 -6.943821960e+00
6 6 -3.041868950e+01 -5.593022129e-14
6 7  8.690914785e+00  8.344088073e+00
6 8 -6.777955004e-01  1.048164602e+00
6 9 -3.120481213e-01 -2.039024050e+00
6 10  1.305431678e+00 -3.242561826e+00
7 0 -2.294251985e-02  1.024294693e-01
7 1  3.055458629e-02 -2.486338584e-01
7 2  1.732020386e-01  4.775389244e-01
7 3 -3.208621700e-01 -6.692184315e-01
7 4  2.514181882e+00  6.664264519e-01
7 5 -5.194801599e-01  2.881511378e+00
7 6  8.690914785e+00 -8.344088073e+00
7 7 -3.513397794e+01 -5.262205537e-14
7 8  1.099118968e+01  6.076947112e+00
7 9  5.407184868e-01  1.952117336e+00
7 10 -1.440262208e+00 -1.044770866e+00
8 0  5.446332768e-02  8.001764885e-02
8 1 -1.378818952e-01 -1.510091777e-01
8 2  3.320515859e-01  1.679303084e-01
8 3 -4.892039923e-01 -3.484174494e-02
8 4  1.094720956e+00 -5.371096531e-01
8 5  7.563321045e-01  1.827610465e+00
8 6 -6.777955004e-01 -1.048164602e+00
8 7  1.099118968e+01 -6.076947112e+00
8 8 -4.767432492e+01  2.898843907e-13
8 9  2.054199056e+01  7.446347725e+00
8 10  4.300711096e+00  4.297814222e+00
9 0  6.432802349e-02 -2.659660460e-02
9 1 -1.212748360e-01  7.535620889e-02
9 2  1.833367441e-01 -1.840001575e-01
9 3 -7.656850451e-02  4.062706204e-01
9 4 -5.495043883e-02 -5.884127012e-01
9 5  1.541945641e+00  6.360963728e-01
9 6 -3.120481213e-01  2.039024050e+00
9 7  5.407184868e-01 -1.952117336e+00
9 8  2.054199056e+01 -7.446347725e+00
9 9 -6.372641977e+01  2.811036697e-13
9 10  3.121653604e+01  6.698263138e+00
10 0  2.818193608e-02 -9.081390913e-02
10 1 -1.879832363e-02  1.950183688e-01
10 2 -2.366374440e-02 -3.320128486e-01
10 3  3.548081553e-01  4.930789836e-01
10 4 -6.287665731e-01 -2.605461005e-01
10 5  1.855545094e+00 -3.595377028e-01
10 6  1.305431678e+00  3.242561826e+00
10 7 -1.440262208e+00  1.044770866e+00
10 8  4.300711096e+00 -4.297814222e+00
10 9  3.121653604e+01 -6.698263138e+00
10 10 -5.663986161e+01  1.717759280e-13
0  3.443032190e-02  3.025601440e-03 -1.212676146e-01 -3.021709790e-02
1  5.908974490e-02  5.738993754e-03  1.477149025e-01  6.427289030e-02
2  8.270106750e-02  7.015984316e-03 -1.389989199e-01 -1.121639054e-01
3  1.129258802e-01  1.077525156e-02  8.667496819e-02  1.667595339e-01
4  1.487445958e-01  1.242970524e-02  2.429570913e-02 -1.913347574e-01
5  1.880369380e-01  1.683469559e-02 -1.612469491e-01  1.080840294e-01
6  2.249801461e-01  1.973637497e-02  1.610851206e-01  1.031113863e-01
7  2.509758646e-01  2.086675545e-02  9.009309112e-02 -1.618940016e-01
8  2.872384565e-01  2.395241537e-02 -1.106214851e-01 -1.386538110e-01
9  2.836050350e-01  2.377498768e-02 -1.665033224e-01 -7.371481670e-03
10  2.712565681e-01  1.920763872e-02 -1.394910859e-01  7.072853101e-02
