13  2.326990514e-07
4 3  3.697912137e-01  1.333333333e+00  7.382817067e-01  5.067303386e-01  3.003630144e+08 -2.830963869e-02  1.429263571e+06  2.783553799e+02  1.395911339e+00  1.570183967e-03 -2.830963869e-02 -4.325740671e-02 -5.911983804e+00 -5.686834890e+00  7.067002322e-03  1.831604267e-03  9.961505374e-01  1.008770870e+00  2.669619537e+00  3.114064739e-01
5 3  4.822516371e-01  1.666666667e+00  6.576851306e-01  5.067303386e-01  2.296979446e+08 -2.285199353e-02  4.444330704e+05  1.912666976e+02  1.294845050e+00  1.586152473e-03 -2.285199353e-02 -3.385087560e-02 -3.981587456e+00 -4.923730513e+00  9.298135870e-03  2.480203928e-03  1.041935294e+00  1.006315996e+00  2.778422748e+00  4.664478344e-01
6 3  5.730502562e-01  2.000000000e+00  6.135103750e-01  5.067303386e-01  1.987101604e+08 -1.635542430e-02  1.930210749e+06  1.509195661e+02  1.337844567e+00  1.852832754e-03 -1.635542430e-02 -2.497508108e-02 -2.815489568e+00 -4.124661318e+00  1.157041585e-02  2.668262421e-03  1.111633649e+00  1.004392626e+00  2.746029641e+00  5.793164222e-01
7 3  6.559885741e-01  2.333333333e+00  5.841624545e-01  5.067303386e-01  1.833882142e+08 -1.367709650e-02  1.466310528e+06  1.272070037e+02  1.412353165e+00  2.218791875e-03 -1.367709650e-02 -2.082332500e-02 -2.101515083e+00 -3.557770392e+00  1.072572523e-02  2.476099429e-03  1.184135828e+00  1.002688396e+00  2.689827743e+00  6.743340402e-01
8 3  7.333518340e-01  2.666666667e+00  5.636567556e-01  5.067303386e-01  1.742860316e+08 -1.168560458e-02  9.453127853e+05  1.123745789e+02  1.464440297e+00  2.481222143e-03 -1.168560458e-02 -1.766150226e-02 -1.557207958e+00 -3.057895646e+00  1.105175198e-02  2.823253860e-03  1.258544643e+00  1.001202706e+00  2.627269691e+00  7.575958937e-01
9 3  8.015729515e-01  3.000000000e+00  5.510775597e-01  5.067303386e-01  1.565193842e+08 -9.441736241e-03  2.156220054e+06  9.879948908e+01  1.432993123e+00  2.409739193e-03 -9.441736241e-03 -1.440160877e-02 -8.844941060e-01 -2.659430016e+00  1.063044217e-02  3.071022792e-03  1.350554752e+00  1.000073848e+00  2.549722177e+00  8.259993944e-01
10 3  8.533303358e-01  3.333333333e+00  5.504182808e-01  5.067303386e-01  1.317063465e+08 -6.690090084e-03  4.798402785e+06  8.497161396e+01  1.299614161e+00  1.867456068e-03 -6.690090084e-03 -1.049956812e-02  1.228333688e+00 -2.647856798e+00  7.504996492e-03  2.404271664e-03  1.473938060e+00  9.993659471e-01  2.441192233e+00  8.765814858e-01
11 3  8.902690915e-01  3.666666667e+00  5.635047201e-01  5.067303386e-01  1.158967634e+08  2.096015479e-03  5.596359140e+06  7.273441954e+01  1.214264182e+00  2.110554213e-03  2.096015479e-03 -3.645824233e-03  2.602272497e+00 -3.988484144e+00  4.781424755e-03  1.704903257e-03  1.657072954e+00  9.989731439e-01  2.314422653e+00  9.120517782e-01
12 3  9.258693411e-01  4.000000000e+00  5.297968226e-01  5.067303386e-01  1.176425657e+08  4.799252214e-02  3.314241419e+06  6.391815424e+01  1.573929616e+00  1.070836625e-02  4.799252214e-02  1.138398268e-02 -2.568029716e+01 -1.228560248e+01  4.031055415e-03  2.128811714e-03  1.865583485e+00  9.989713969e-01  2.206387351e+00  9.445493827e-01
13 3  9.629821857e-01  4.333333333e+00  3.045799899e-01  5.067303386e-01  2.882626324e+07  5.998484110e-02  7.147499987e+05  6.930653680e+01  1.128704987e+00  1.194744016e-02  5.998484110e-02  1.950835707e-02 -3.490502427e+01 -1.419215154e+01  7.182320058e-03  4.141845916e-03  2.154239987e+00  9.996868665e-01  2.119820732e+00  9.756108205e-01
14 3  9.792997755e-01  4.666666667e+00  2.391623974e-01  5.067303386e-01  1.268793804e+07  3.652791413e-02  4.287040581e+05  7.306713507e+01  8.998058449e-01  8.690424391e-03  3.652791413e-02  1.488326112e-02 -2.175562937e+01 -7.707496976e+00  7.840221564e-03  4.786222954e-03  2.900192263e+00  9.998589236e-01  2.002103818e+00  9.869107067e-01
15 3  9.886621423e-01  5.000000000e+00  2.130265701e-01  5.067303386e-01  7.306193742e+06  2.507235106e-02  3.400361299e+05  7.306507406e+01  7.294260878e-01  6.028756631e-03  2.507235106e-02  1.003397285e-02 -1.720122405e+01 -5.130702664e+00  7.483757926e-03  4.733119773e-03  4.261811775e+00  9.999230143e-01  1.886615758e+00  9.929055965e-01
16 3  9.946219759e-01  5.333333333e+00  1.991824386e-01  5.067303386e-01  4.690535116e+06  1.875375841e-02  2.976592803e+05  7.084537025e+01  5.844528625e-01  3.931292736e-03  1.875375841e-02  6.755189252e-03 -1.498128006e+01 -3.861336148e+00  6.752225303e-03  4.363526682e-03  7.483316856e+00  9.999615589e-01  1.779432920e+00  9.966415901e-01
