12  2.139561786e-07
4 3  3.715794701e-01  1.333333333e+00  8.686820231e-01  5.058737914e-01  3.475746561e+08 -2.949617012e-02  1.638944848e+06  3.164698016e+02  1.426818255e+00  1.469419284e-03 -2.949617012e-02 -4.135501783e-02 -3.331376533e+00 -5.963525975e+00  7.141866519e-03  1.842014050e-03  9.912637807e-01  1.009580007e+00  2.640590653e+00  3.069037583e-01
5 3  4.921274498e-01  1.666666667e+00  8.029929407e-01  5.058737914e-01  2.665778820e+08 -2.278269502e-02  5.269579085e+05  2.079387137e+02  1.335045042e+00  1.634300198e-03 -2.278269502e-02 -3.200976314e-02 -2.958476195e+00 -5.012383825e+00  9.697758589e-03  2.566798892e-03  1.036268533e+00  1.006289378e+00  2.788682649e+00  4.722921746e-01
6 3  5.898692247e-01  2.000000000e+00  7.568067209e-01  5.058737914e-01  2.248618997e+08 -1.573326257e-02  2.162405597e+06  1.657525226e+02  1.356743958e+00  1.927013675e-03 -1.573326257e-02 -2.318580836e-02 -2.568578949e+00 -4.092015040e+00  1.157027078e-02  2.663223912e-03  1.106724724e+00  1.003997522e+00  2.779110081e+00  5.945644168e-01
7 3  6.751083862e-01  2.333333333e+00  7.213683375e-01  5.058737914e-01  2.014002451e+08 -1.199106495e-02  1.380072534e+06  1.390368734e+02  1.387652929e+00  2.188506213e-03 -1.199106495e-02 -1.831602366e-02 -2.292715593e+00 -3.434943943e+00  1.050400974e-02  2.463643211e-03  1.186574009e+00  1.002225612e+00  2.721507782e+00  6.921109884e-01
8 3  7.492106579e-01  2.666666667e+00  6.935223008e-01  5.058737914e-01  1.890689063e+08 -8.741838049e-03  1.098056015e+06  1.209876946e+02  1.395777211e+00  2.298268201e-03 -8.741838049e-03 -1.431830393e-02 -2.092059900e+00 -2.958345304e+00  1.081202899e-02  2.805535856e-03  1.275949684e+00  1.000914274e+00  2.639243516e+00  7.711914426e-01
9 3  8.127243973e-01  3.000000000e+00  6.716985886e-01  5.058737914e-01  1.748429807e+08 -5.548297534e-03  2.710961820e+06  1.056888735e+02  1.390206528e+00  2.346648157e-03 -5.548297534e-03 -1.060309512e-02 -1.935255285e+00 -2.596738979e+00  1.023064171e-02  2.984897603e-03  1.383865577e+00  9.999933657e-01  2.542532582e+00  8.348540742e-01
10 3  8.636118652e-01  3.333333333e+00  6.548505958e-01  5.058737914e-01  1.518966985e+08 -1.501848582e-03  5.690189885e+06  9.252517497e+01  1.301109421e+00  2.200194425e-03 -1.501848582e-03 -6.706003462e-03 -1.902370548e+00 -2.601519787e+00  6.903971456e-03  2.229472871e-03  1.518699001e+00  9.993657196e-01  2.430030190e+00  8.850707486e-01
11 3  9.011348649e-01  3.666666667e+00  6.438338341e-01  5.058737914e-01  1.276800701e+08  7.789135419e-03  5.585497327e+06  8.155230349e+01  1.182180698e+00  2.434728167e-03  7.789135419e-03 -8.023544972e-04 -1.413965840e+00 -4.691850611e+00  4.150899901e-03  1.611503401e-03  1.720524597e+00  9.989896543e-01  2.304234735e+00  9.214899702e-01
12 3  9.403239771e-01  4.000000000e+00  5.283654602e-01  5.058737914e-01  1.355994987e+08  7.903162165e-02  2.227684802e+06  7.605865881e+01  1.974789033e+00  2.506664562e-02  7.903162165e-02  1.540251721e-02 -5.870411226e+01 -2.005036286e+01  5.431679589e-03  3.143881250e-03  1.921840586e+00  9.991308184e-01  2.204383949e+00  9.570822353e-01
13 3  9.721584661e-01  4.333333333e+00  2.784807782e-01  5.058737914e-01  1.834936117e+07  4.631223517e-02  5.633174507e+05  8.779554336e+01  9.893686421e-01  1.008414985e-02  4.631223517e-02  2.030415056e-02 -1.823106481e+01 -1.145901710e+01  7.604755623e-03  4.619964733e-03  2.390624534e+00  9.998195142e-01  2.105154331e+00  9.823716975e-01
14 3  9.847342301e-01  4.666666667e+00  2.518481871e-01  5.058737914e-01  9.202697502e+06  2.738262347e-02  4.024547154e+05  8.696421721e+01  7.855405957e-01  6.657315235e-03  2.738262347e-02  1.416839437e-02 -9.763602041e+00 -5.838658029e+00  7.572865138e-03  4.830003338e-03  3.446626110e+00  9.998889842e-01  1.980210702e+00  9.905575096e-01
15 3  9.918625325e-01  5.000000000e+00  2.410411704e-01  5.058737914e-01  5.814934951e+06  1.837446045e-02  3.418161767e+05  8.317186933e+01  6.303883310e-01  4.310405807e-03  1.837446045e-02  8.756467606e-03 -8.484409960e+00 -3.971728526e+00  6.951656473e-03  4.532915685e-03  5.421976303e+00  9.999221848e-01  1.861637209e+00  9.949933696e-01
