12  2.139981635e-07
4 3  3.718550839e-01  1.333333333e+00  8.680376157e-01  5.058180724e-01  3.477264239e+08 -2.942736332e-02  1.634152723e+06  3.162522581e+02  1.426749213e+00  1.470463747e-03 -2.942736332e-02 -4.129911471e-02 -3.343524781e+00 -5.965965031e+00  7.143180129e-03  1.842612114e-03  9.912953102e-01  1.009584032e+00  2.641523029e+00  3.071109082e-01
5 3  4.923777281e-01  1.666666667e+00  8.021948996e-01  5.058180724e-01  2.663367966e+08 -2.268421963e-02  5.281195759e+05  2.077677540e+02  1.334276386e+00  1.634531582e-03 -2.268421963e-02 -3.192975399e-02 -2.965775310e+00 -5.021414337e+00  9.702479116e-03  2.567006729e-03  1.036413944e+00  1.006305420e+00  2.789050667e+00  4.724631191e-01
6 3  5.900784360e-01  2.000000000e+00  7.559512037e-01  5.058180724e-01  2.246278107e+08 -1.563710512e-02  2.161702534e+06  1.656596137e+02  1.356502436e+00  1.929654693e-03 -1.563710512e-02 -2.310908902e-02 -2.573869317e+00 -4.102707449e+00  1.157037683e-02  2.662970906e-03  1.106908682e+00  1.004014695e+00  2.779052552e+00  5.946627223e-01
7 3  6.753795680e-01  2.333333333e+00  7.204360243e-01  5.058180724e-01  2.011453100e+08 -1.191138178e-02  1.377671060e+06  1.389802691e+02  1.388301883e+00  2.195920174e-03 -1.191138178e-02 -1.825282839e-02 -2.296899050e+00 -3.444819875e+00  1.050878335e-02  2.465258034e-03  1.186678452e+00  1.002235948e+00  2.721560860e+00  6.922842368e-01
8 3  7.495725047e-01  2.666666667e+00  6.925247008e-01  5.058180724e-01  1.885858527e+08 -8.661193198e-03  1.099857250e+06  1.209028823e+02  1.395973860e+00  2.305978328e-03 -8.661193198e-03 -1.424955341e-02 -2.095094288e+00 -2.966095122e+00  1.081735022e-02  2.808264587e-03  1.276048809e+00  1.000920809e+00  2.639499447e+00  7.714643277e-01
9 3  8.130966250e-01  3.000000000e+00  6.706793742e-01  5.058180724e-01  1.741624989e+08 -5.453489843e-03  2.722716616e+06  1.055753875e+02  1.389578198e+00  2.352807627e-03 -5.453489843e-03 -1.051827223e-02 -1.937785240e+00 -2.603323842e+00  1.022320353e-02  2.984542002e-03  1.384170661e+00  1.000001698e+00  2.542720255e+00  8.351356451e-01
10 3  8.639554232e-01  3.333333333e+00  6.538328773e-01  5.058180724e-01  1.512276486e+08 -1.455011217e-03  5.700236338e+06  9.241411228e+01  1.300339860e+00  2.205900761e-03 -1.455011217e-03 -6.669336423e-03 -1.903385579e+00 -2.608525451e+00  6.887038563e-03  2.224940778e-03  1.519453925e+00  9.993754703e-01  2.430066827e+00  8.853149301e-01
11 3  9.014431426e-01  3.666666667e+00  6.428797300e-01  5.058180724e-01  1.270945624e+08  7.840995755e-03  5.573163618e+06  8.145307790e+01  1.181376572e+00  2.436397913e-03  7.840995755e-03 -7.351047921e-04 -1.387185639e+00 -4.692374359e+00  4.140102768e-03  1.610565259e-03  1.722009092e+00  9.989967538e-01  2.304135036e+00  9.216961337e-01
12 3  9.404603383e-01  4.000000000e+00  5.289608591e-01  5.058180724e-01  1.345480344e+08  7.859935755e-02  2.220857689e+06  7.599524922e+01  1.954902430e+00  2.443920385e-02  7.859935755e-02  1.550346353e-02 -5.794778264e+01 -1.996151770e+01  5.406756272e-03  3.126960040e-03  1.925277796e+00  9.991262506e-01  2.203828550e+00  9.571353177e-01
13 3  9.723420845e-01  4.333333333e+00  2.773254222e-01  5.058180724e-01  1.824648842e+07  4.627969383e-02  5.608625708e+05  8.790963634e+01  9.880333509e-01  1.010540372e-02  4.627969383e-02  2.014860885e-02 -1.854012413e+01 -1.147721711e+01  7.616238154e-03  4.626746125e-03  2.395819219e+00  9.998203701e-01  2.104727657e+00  9.824611769e-01
14 3  9.848637254e-01  4.666666667e+00  2.507197967e-01  5.058180724e-01  9.130740338e+06  2.713901558e-02  4.013280063e+05  8.706389495e+01  7.832100722e-01  6.626569965e-03  2.713901558e-02  1.395330893e-02 -9.714241968e+00 -5.827351795e+00  7.569951862e-03  4.828373481e-03  3.457439862e+00  9.998890945e-01  1.979694307e+00  9.906200359e-01
15 3  9.919443062e-01  5.000000000e+00  2.400908238e-01  5.058180724e-01  5.772533188e+06  1.818288528e-02  3.411842352e+05  8.323420020e+01  6.278943790e-01  4.273140966e-03  1.818288528e-02  8.599593132e-03 -8.399288507e+00 -3.959938719e+00  6.941029186e-03  4.525443208e-03  5.445711620e+00  9.999218360e-01  1.861059587e+00  9.950337863e-01
