11  2.214629933e-07
4 3  4.071890232e-01  1.333333333e+00  7.334512414e-01  5.074536500e-01  3.164027404e+08 -1.820860667e-02  8.190681955e+05  3.070022231e+02  1.408211070e+00  1.636001317e-03 -1.820860667e-02 -3.042566681e-02 -4.417504378e+00 -5.743583299e+00  7.525079250e-03  2.005220681e-03  9.947806287e-01  1.013835708e+00  2.694874735e+00  3.490452258e-01
5 3  5.358979103e-01  1.666666667e+00  6.581099380e-01  5.074536500e-01  2.222670148e+08 -1.269505261e-02  1.143149118e+06  2.128152240e+02  1.309036333e+00  1.777994548e-03 -1.269505261e-02 -2.148213235e-02 -2.726231951e+00 -5.014558577e+00  1.152700696e-02  2.792246093e-03  1.050216045e+00  1.008420313e+00  2.822205106e+00  5.232584051e-01
6 3  6.360816487e-01  2.000000000e+00  6.214918117e-01  5.074536500e-01  1.772369846e+08 -1.066331308e-02  1.902845573e+06  1.682413857e+02  1.305096243e+00  2.003754612e-03 -1.066331308e-02 -1.742505641e-02 -1.771255150e+00 -4.140504177e+00  1.103520189e-02  2.522129185e-03  1.133600631e+00  1.005303402e+00  2.782874983e+00  6.451317210e-01
7 3  7.193577244e-01  2.333333333e+00  6.009029568e-01  5.074536500e-01  1.560516566e+08 -5.531562181e-03  1.012813789e+06  1.371639406e+02  1.318472882e+00  2.211479048e-03 -5.531562181e-03 -1.120623305e-02 -1.271780604e+00 -3.538944494e+00  1.070764798e-02  2.644241482e-03  1.229453536e+00  1.003270956e+00  2.692154873e+00  7.377816262e-01
8 3  7.916073524e-01  2.666666667e+00  5.865346745e-01  5.074536500e-01  1.443592696e+08 -2.900751671e-03  1.838824413e+06  1.182362244e+02  1.352438270e+00  2.492558496e-03 -2.900751671e-03 -7.991125117e-03 -1.247261359e+00 -3.050619659e+00  1.095262176e-02  3.059334848e-03  1.337076066e+00  1.001704247e+00  2.588178803e+00  8.132626843e-01
9 3  8.527009870e-01  3.000000000e+00  5.719406994e-01  5.074536500e-01  1.239036629e+08 -2.671105449e-03  4.939770703e+06  1.040538657e+02  1.298409129e+00  2.481092346e-03 -2.671105449e-03 -7.530653413e-03 -1.412475428e+00 -2.729156344e+00  7.982928169e-03  2.545729155e-03  1.467793993e+00  1.000482707e+00  2.475134316e+00  8.746871156e-01
10 3  8.974324555e-01  3.333333333e+00  5.747096126e-01  5.074536500e-01  1.053107346e+08  1.899932227e-03  5.568096981e+06  8.948681731e+01  1.177206758e+00  1.555784361e-03  1.899932227e-03 -6.526549859e-04  3.028136990e+00 -2.643600323e+00  4.484141785e-03  1.699292176e-03  1.673362610e+00  9.996700786e-01  2.342574403e+00  9.188379776e-01
11 3  9.434254479e-01  3.666666667e+00  4.747864275e-01  5.074536500e-01  1.000408368e+08  7.955386187e-02  1.761851992e+06  8.104706066e+01  1.554484681e+00  1.682818545e-02  7.955386187e-02  1.802696823e-02 -6.751735611e+01 -1.818034663e+01  5.750189617e-03  3.137997260e-03  1.875164906e+00  9.995151734e-01  2.238407857e+00  9.608273512e-01
12 3  9.716342390e-01  4.000000000e+00  2.923122190e-01  5.074536500e-01  2.196753502e+07  3.702251049e-02  5.407316558e+05  9.084724415e+01  9.372443302e-01  8.583863438e-03  3.702251049e-02  9.050480563e-03 -1.792317191e+01 -1.305385760e+01  8.062067805e-03  4.503090990e-03  2.500990691e+00  9.998760465e-01  2.113988679e+00  9.826592297e-01
13 3  9.849891356e-01  4.333333333e+00  2.550342539e-01  5.074536500e-01  9.966699267e+06  1.859018537e-02  3.838850197e+05  9.070660430e+01  7.469627274e-01  6.450713309e-03  1.859018537e-02  2.668969600e-03 -1.554196157e+01 -6.902280675e+00  8.072354041e-03  4.778876136e-03  3.842471562e+00  9.999253719e-01  1.978292957e+00  9.910568260e-01
14 3  9.923133928e-01  4.666666667e+00  2.371168000e-01  5.074536500e-01  5.727527779e+06  1.225135281e-02  3.270326903e+05  8.715879414e+01  5.859037172e-01  4.139470298e-03  1.225135281e-02  6.883416173e-04 -1.399373675e+01 -4.618137606e+00  7.267072912e-03  4.435451543e-03  6.416580536e+00  9.999531943e-01  1.850697414e+00  9.954448334e-01
