11  2.209920920e-07
4 3  4.164509939e-01  1.333333333e+00  7.262028302e-01  5.059898723e-01  3.194850512e+08 -1.770809725e-02  7.086913603e+05  3.148100838e+02  1.403734085e+00  1.685866545e-03 -1.770809725e-02 -3.024353259e-02 -4.404450546e+00 -6.148877579e+00  7.657672803e-03  2.041289743e-03  9.976860357e-01  1.014544079e+00  2.714149688e+00  3.561132829e-01
5 3  5.462210538e-01  1.666666667e+00  6.505033248e-01  5.059898723e-01  2.152643089e+08 -1.249630019e-02  1.293621547e+06  2.208380646e+02  1.298630066e+00  1.822128336e-03 -1.249630019e-02 -2.122012618e-02 -2.707410944e+00 -5.100187931e+00  1.168346387e-02  2.806641018e-03  1.054623611e+00  1.008832260e+00  2.831889845e+00  5.312476019e-01
6 3  6.467777879e-01  2.000000000e+00  6.138119417e-01  5.059898723e-01  1.711981556e+08 -9.429326110e-03  1.808311245e+06  1.739522761e+02  1.297522198e+00  2.056550123e-03 -9.429326110e-03 -1.607543722e-02 -1.775012366e+00 -4.133705287e+00  1.092840197e-02  2.505128888e-03  1.139111753e+00  1.005586349e+00  2.785365414e+00  6.530279976e-01
7 3  7.312943400e-01  2.333333333e+00  5.927698430e-01  5.059898723e-01  1.519809511e+08 -4.669118816e-03  9.881429962e+05  1.407211520e+02  1.327337676e+00  2.327120161e-03 -4.669118816e-03 -1.019168251e-02 -1.278626356e+00 -3.490425657e+00  1.090106669e-02  2.728284162e-03  1.233322482e+00  1.003402931e+00  2.693571453e+00  7.472492354e-01
8 3  8.061641797e-01  2.666666667e+00  5.780984186e-01  5.059898723e-01  1.368745624e+08 -2.451648571e-03  2.242224863e+06  1.201085406e+02  1.354088611e+00  2.604801283e-03 -2.451648571e-03 -7.279197518e-03 -1.157447130e+00 -2.967089633e+00  1.086432194e-02  3.113615350e-03  1.339931818e+00  1.001659879e+00  2.593658255e+00  8.254230233e-01
9 3  8.659999869e-01  3.000000000e+00  5.702579283e-01  5.059898723e-01  1.122336705e+08 -1.779903223e-03  5.557872889e+06  1.046269154e+02  1.244487330e+00  2.120351954e-03 -1.779903223e-03 -5.428873284e-03  4.924159991e-01 -2.648688777e+00  6.987506485e-03  2.280595970e-03  1.480957325e+00  1.000366987e+00  2.473396207e+00  8.860243946e-01
10 3  9.076876218e-01  3.333333333e+00  5.860543030e-01  5.059898723e-01  1.017202510e+08  5.902191511e-03  5.069062583e+06  8.929748114e+01  1.178778495e+00  1.993542068e-03  5.902191511e-03  2.227545894e-03  5.007227313e-01 -2.506812208e+00  4.082407798e-03  1.692514008e-03  1.718055830e+00  9.995692888e-01  2.331354308e+00  9.270316921e-01
11 3  9.549623500e-01  3.666666667e+00  3.750675996e-01  5.059898723e-01  5.849269223e+07  7.214222644e-02  1.018226195e+06  8.917780261e+01  1.195211199e+00  1.091992801e-02  7.214222644e-02  1.580741762e-02 -4.011364446e+01 -2.270927812e+01  6.742191520e-03  3.602341448e-03  1.995463375e+00  9.996921243e-01  2.230071556e+00  9.698641566e-01
12 3  9.773657603e-01  4.000000000e+00  2.741980830e-01  5.059898723e-01  1.595042015e+07  3.375198534e-02  4.659173242e+05  9.439675183e+01  8.681980169e-01  8.489656146e-03  3.375198534e-02  8.332641765e-03 -1.887438489e+01 -1.182492340e+01  8.069638274e-03  4.684835883e-03  2.834292181e+00  9.998977140e-01  2.092620200e+00  9.860681452e-01
13 3  9.886992823e-01  4.333333333e+00  2.437777973e-01  5.059898723e-01  7.504775862e+06  1.892645856e-02  3.537218110e+05  9.339689059e+01  6.778828919e-01  5.771522182e-03  1.892645856e-02  4.554627972e-03 -1.403166154e+01 -6.334502661e+00  7.675796674e-03  4.713304133e-03  4.521360364e+00  9.999507632e-01  1.954152470e+00  9.931576232e-01
14 3  9.957046166e-01  4.666666667e+00  2.288809060e-01  5.059898723e-01  4.262552361e+06  1.282493153e-02  3.044094852e+05  8.986542815e+01  5.223508251e-01  3.458440442e-03  1.282493153e-02  3.013174719e-03 -1.181307456e+01 -3.995479245e+00  6.791015929e-03  4.299298919e-03  9.934916115e+00  9.999802309e-01  1.827480967e+00  9.974060969e-01
