10  2.058237304e-07
4 3  4.725567712e-01  1.333333333e+00  7.485682450e-01  5.059847217e-01  3.582401847e+08 -1.372872230e-02  2.796667980e+05  4.348323023e+02  1.379480449e+00  1.548408343e-03 -1.372872230e-02 -2.236870158e-02 -3.456639560e+00 -4.965016813e+00  8.838490936e-03  2.427626963e-03  9.939654853e-01  1.015751984e+00  2.845457306e+00  4.198934707e-01
5 3  6.127216235e-01  1.666666667e+00  6.672357356e-01  5.059847217e-01  2.370933749e+08 -5.103212880e-03  2.255759258e+06  2.962650379e+02  1.256912952e+00  1.731636393e-03 -5.103212880e-03 -1.229888164e-02 -2.535990893e+00 -4.874545805e+00  1.162061102e-02  2.657607544e-03  1.066005388e+00  1.007765267e+00  2.928350010e+00  6.082511977e-01
6 3  7.141295597e-01  2.000000000e+00  6.230272635e-01  5.059847217e-01  1.824173060e+08 -4.513451474e-04  1.129206591e+06  2.251036110e+02  1.212081798e+00  1.853442916e-03 -4.513451474e-04 -6.499414151e-03 -2.000757660e+00 -4.194842110e+00  1.035339639e-02  2.523472557e-03  1.168749020e+00  1.004117416e+00  2.833874767e+00  7.282732134e-01
7 3  7.928197744e-01  2.333333333e+00  5.948947935e-01  5.059847217e-01  1.597905512e+08  2.473767472e-03  1.948505911e+06  1.827019170e+02  1.218787868e+00  2.000977816e-03  2.473767472e-03 -2.824131595e-03 -1.689495688e+00 -3.595410166e+00  1.051814259e-02  2.923871345e-03  1.293763049e+00  1.002201322e+00  2.691545959e+00  8.126811288e-01
8 3  8.602070349e-01  2.666666667e+00  5.764576823e-01  5.059847217e-01  1.371262028e+08  1.483056090e-03  5.471113580e+06  1.554393578e+02  1.197108672e+00  1.950396905e-03  1.483056090e-03 -2.843091871e-03 -5.947366019e-01 -3.203457631e+00  7.563559626e-03  2.415577530e-03  1.458720928e+00  1.000862919e+00  2.551866775e+00  8.775454822e-01
9 3  9.052028586e-01  3.000000000e+00  6.176356123e-01  5.059847217e-01  1.070356678e+08 -3.320949792e-03  5.842893840e+06  1.290356670e+02  9.924527110e-01  1.537964969e-03 -3.320949792e-03  1.586263674e-03  1.653228248e+01 -3.011130447e+00  3.978673456e-03  1.541877763e-03  1.718683464e+00  9.999506582e-01  2.384802251e+00  9.208048158e-01
10 3  9.299791687e-01  3.333333333e+00  7.354370803e-01  5.059847217e-01  9.709876494e+07  3.565793284e-03  3.782769220e+06  1.066652010e+02  8.476548055e-01  1.215211807e-03  3.565793284e-03  9.114610492e-03  1.896018721e+01 -2.261533955e+00  2.780667548e-03  1.444107377e-03  2.238737899e+00  9.994353677e-01  2.203932705e+00  9.439969140e-01
11 3  9.726502506e-01  3.666666667e+00  3.732860350e-01  5.059847217e-01  7.298732953e+07  1.009338943e-01  6.356535308e+05  1.144750595e+02  1.207359186e+00  1.168523069e-02  1.009338943e-01  1.811226338e-02 -4.604029786e+01 -3.716442754e+01  8.647840647e-03  4.521640390e-03  2.456469543e+00  9.996686440e-01  2.095996162e+00  9.805558744e-01
12 3  9.894771997e-01  4.000000000e+00  2.661239533e-01  5.059847217e-01  9.861613158e+06  4.456627598e-02  3.863895639e+05  1.187262212e+02  6.586944815e-01  6.930611442e-03  4.456627598e-02  9.939568365e-03 -2.332433594e+01 -1.802572102e+01  7.210570975e-03  4.466371396e-03  3.948025911e+00  9.999086917e-01  1.955038363e+00  9.926877665e-01
13 3  9.959805523e-01  4.333333333e+00  2.401966598e-01  5.059847217e-01  4.043305125e+06  2.527063408e-02  3.290282450e+05  1.129893550e+02  4.725774750e-01  3.930669726e-03  2.527063408e-02  7.313710327e-03 -1.828461931e+01 -8.593574453e+00  6.097055868e-03  4.056940730e-03  8.112064021e+00  9.999727761e-01  1.816628310e+00  9.972107220e-01
