 1.695500020e+00 -1.843094020e+00  8.596325386e-01  4.014404861e+00  9.315894683e-01  5.263117638e+00  9.950822463e-01  9.738841540e-01  7.838820530e+00 512 3 13
 0.000000000e+00  0.000000000e+00  8.463011593e-07
 1.956947162e-03  2.798691931e-02  1.398483472e-01
 3.913894325e-03  3.957955101e-02  1.977713868e-01
 5.870841487e-03  4.847510616e-02  2.422112452e-01
 7.827788650e-03  5.597471781e-02  2.796672756e-01
 9.784735812e-03  6.258239621e-02  3.126563963e-01
 1.174168297e-02  6.855664646e-02  3.424690144e-01
 1.369863014e-02  7.405104542e-02  3.698713865e-01
 1.565557730e-02  7.916566678e-02  3.953625403e-01
 1.761252446e-02  8.397002982e-02  4.192889209e-01
 1.956947162e-02  8.851475749e-02  4.419026306e-01
 2.152641879e-02  9.283807135e-02  4.633938587e-01
 2.348336595e-02  9.696967036e-02  4.839102007e-01
 2.544031311e-02  1.009331769e-01  5.035690658e-01
 2.739726027e-02  1.047477463e-01  5.224655778e-01
 2.935420744e-02  1.084291683e-01  5.406780211e-01
 3.131115460e-02  1.119906411e-01  5.582719078e-01
 3.326810176e-02  1.154433300e-01  5.753027863e-01
 3.522504892e-02  1.187967808e-01  5.918174429e-01
 3.718199609e-02  1.220592347e-01  6.078562760e-01
 3.913894325e-02  1.252378643e-01  6.234541579e-01
 4.109589041e-02  1.283389592e-01  6.386418327e-01
 4.305283757e-02  1.313680700e-01  6.534468367e-01
 4.500978474e-02  1.343301224e-01  6.678937246e-01
 4.696673190e-02  1.372295120e-01  6.820043165e-01
 4.892367906e-02  1.400701819e-01  6.957974993e-01
 5.088062622e-02  1.428556877e-01  7.092900653e-01
 5.283757339e-02  1.455892494e-01  7.224974595e-01
 5.479452055e-02  1.482737922e-01  7.354340441e-01
 5.675146771e-02  1.509119827e-01  7.481131853e-01
 5.870841487e-02  1.535062593e-01  7.605462980e-01
 6.066536204e-02  1.560588627e-01  7.727427336e-01
 6.262230920e-02  1.585718587e-01  7.847122742e-01
 6.457925636e-02  1.610471520e-01  7.964661307e-01
 6.653620352e-02  1.634864977e-01  8.080138414e-01
 6.849315068e-02  1.658915243e-01  8.193607607e-01
 7.045009785e-02  1.682637543e-01  8.305120859e-01
 7.240704501e-02  1.706046081e-01  8.414757959e-01
 7.436399217e-02  1.729154062e-01  8.522592464e-01
 7.632093933e-02  1.751973822e-01  8.628681749e-01
 7.827788650e-02  1.774516929e-01  8.733076215e-01
 8.023483366e-02  1.796794254e-01  8.835813030e-01
 8.219178082e-02  1.818816048e-01  8.936937485e-01
 8.414872798e-02  1.840591952e-01  9.036502567e-01
 8.610567515e-02  1.862131035e-01  9.134556025e-01
 8.806262231e-02  1.883441852e-01  9.231139921e-01
 9.001956947e-02  1.904532498e-01  9.326274687e-01
 9.197651663e-02  1.925410680e-01  9.419985745e-01
 9.393346380e-02  1.946083708e-01  9.512305084e-01
 9.589041096e-02  1.966558510e-01  9.603286587e-01
 9.784735812e-02  1.986841620e-01  9.692965896e-01
 9.980430528e-02  2.006939268e-01  9.781344171e-01
 1.017612524e-01  2.026857442e-01  9.868438433e-01
 1.037181996e-01  2.046601850e-01  9.954278977e-01
 1.056751468e-01  2.066177920e-01  1.003889958e+00
 1.076320939e-01  2.085590818e-01  1.012233336e+00
 1.095890411e-01  2.104845473e-01  1.020458833e+00
 1.115459883e-01  2.123946639e-01  1.028566714e+00
 1.135029354e-01  2.142898886e-01  1.036559556e+00
 1.154598826e-01  2.161706574e-01  1.044439378e+00
 1.174168297e-01  2.180373887e-01  1.052208799e+00
 1.193737769e-01  2.198904821e-01  1.059869885e+00
 1.213307241e-01  2.217303222e-01  1.067422521e+00
 1.232876712e-01  2.235572820e-01  1.074867617e+00
 1.252446184e-01  2.253717202e-01  1.082206380e+00
 1.272015656e-01  2.271739822e-01  1.089441380e+00
 1.291585127e-01  2.289643982e-01  1.096575043e+00
 1.311154599e-01  2.307432862e-01  1.103607600e+00
 1.330724070e-01  2.325109551e-01  1.110538556e+00
 1.350293542e-01  2.342677055e-01  1.117369078e+00
 1.369863014e-01  2.360138265e-01  1.124100751e+00
 1.389432485e-01  2.377495965e-01  1.130736448e+00
 1.409001957e-01  2.394752825e-01  1.137276528e+00
 1.428571429e-01  2.411911453e-01  1.143720213e+00
 1.448140900e-01  2.428974392e-01  1.150068410e+00
 1.467710372e-01  2.445944100e-01  1.156322178e+00
 1.487279843e-01  2.462822956e-01  1.162482707e+00
 1.506849315e-01  2.479613261e-01  1.168552148e+00
 1.526418787e-01  2.496317230e-01  1.174530400e+00
 1.545988258e-01  2.512937038e-01  1.180417024e+00
 1.565557730e-01  2.529474806e-01  1.186212661e+00
 1.585127202e-01  2.545932593e-01  1.191918295e+00
 1.604696673e-01  2.562312395e-01  1.197535525e+00
 1.624266145e-01  2.578616138e-01  1.203065317e+00
 1.643835616e-01  2.594845703e-01  1.208507323e+00
 1.663405088e-01  2.611002934e-01  1.213861541e+00
 1.682974560e-01  2.627089631e-01  1.219128436e+00
 1.702544031e-01  2.643107546e-01  1.224308895e+00
 1.722113503e-01  2.659058379e-01  1.229405005e+00
 1.741682975e-01  2.674943772e-01  1.234416945e+00
 1.761252446e-01  2.690765340e-01  1.239343623e+00
 1.780821918e-01  2.706524677e-01  1.244185433e+00
 1.800391389e-01  2.722223334e-01  1.248943311e+00
 1.819960861e-01  2.737862818e-01  1.253618588e+00
 1.839530333e-01  2.753444592e-01  1.258212127e+00
 1.859099804e-01  2.768970088e-01  1.262723424e+00
 1.878669276e-01  2.784440718e-01  1.267152300e+00
 1.898238748e-01  2.799857866e-01  1.271499764e+00
 1.917808219e-01  2.815222879e-01  1.275766099e+00
 1.937377691e-01  2.830537076e-01  1.279952397e+00
 1.956947162e-01  2.845801741e-01  1.284059045e+00
 1.976516634e-01  2.861018136e-01  1.288086105e+00
 1.996086106e-01  2.876187499e-01  1.292033681e+00
 2.015655577e-01  2.891311049e-01  1.295901955e+00
 2.035225049e-01  2.906389979e-01  1.299691831e+00
 2.054794521e-01  2.921425451e-01  1.303404058e+00
 2.074363992e-01  2.936418605e-01  1.307039356e+00
 2.093933464e-01  2.951370556e-01  1.310597206e+00
 2.113502935e-01  2.966282412e-01  1.314077837e+00
 2.133072407e-01  2.981155256e-01  1.317481847e+00
 2.152641879e-01  2.995990149e-01  1.320810065e+00
 2.172211350e-01  3.010788128e-01  1.324063168e+00
 2.191780822e-01  3.025550212e-01  1.327241374e+00
 2.211350294e-01  3.040277404e-01  1.330344510e+00
 2.230919765e-01  3.054970695e-01  1.333372951e+00
 2.250489237e-01  3.069631059e-01  1.336327496e+00
 2.270058708e-01  3.084259446e-01  1.339208851e+00
 2.289628180e-01  3.098856791e-01  1.342017282e+00
 2.309197652e-01  3.113424013e-01  1.344753081e+00
 2.328767123e-01  3.127962020e-01  1.347416485e+00
 2.348336595e-01  3.142471706e-01  1.350008082e+00
 2.367906067e-01  3.156953947e-01  1.352528409e+00
 2.387475538e-01  3.171409604e-01  1.354977887e+00
 2.407045010e-01  3.185839528e-01  1.357356973e+00
 2.426614481e-01  3.200244553e-01  1.359666125e+00
 2.446183953e-01  3.214625501e-01  1.361905765e+00
 2.465753425e-01  3.228983184e-01  1.364076287e+00
 2.485322896e-01  3.243318400e-01  1.366178278e+00
 2.504892368e-01  3.257631933e-01  1.368212181e+00
 2.524461840e-01  3.271924557e-01  1.370178652e+00
 2.544031311e-01  3.286197031e-01  1.372078141e+00
 2.563600783e-01  3.300450107e-01  1.373911029e+00
 2.583170254e-01  3.314684523e-01  1.375677791e+00
 2.602739726e-01  3.328901009e-01  1.377379014e+00
 2.622309198e-01  3.343100281e-01  1.379015394e+00
 2.641878669e-01  3.357283045e-01  1.380587374e+00
 2.661448141e-01  3.371449998e-01  1.382095422e+00
 2.681017613e-01  3.385601825e-01  1.383540214e+00
 2.700587084e-01  3.399739202e-01  1.384922317e+00
 2.720156556e-01  3.413862795e-01  1.386242285e+00
 2.739726027e-01  3.427973259e-01  1.387500670e+00
 2.759295499e-01  3.442071242e-01  1.388698027e+00
 2.778864971e-01  3.456157381e-01  1.389835183e+00
 2.798434442e-01  3.470232301e-01  1.390912772e+00
 2.818003914e-01  3.484296620e-01  1.391931122e+00
 2.837573386e-01  3.498350949e-01  1.392891095e+00
 2.857142857e-01  3.512395887e-01  1.393793363e+00
 2.876712329e-01  3.526432023e-01  1.394638475e+00
 2.896281800e-01  3.540459941e-01  1.395427267e+00
 2.915851272e-01  3.554480211e-01  1.396160459e+00
 2.935420744e-01  3.568493397e-01  1.396838548e+00
 2.954990215e-01  3.582500054e-01  1.397462539e+00
 2.974559687e-01  3.596500727e-01  1.398032756e+00
 2.994129159e-01  3.610495957e-01  1.398550075e+00
 3.013698630e-01  3.624486272e-01  1.399015583e+00
 3.033268102e-01  3.638472189e-01  1.399429569e+00
 3.052837573e-01  3.652454224e-01  1.399792587e+00
 3.072407045e-01  3.666432885e-01  1.400105733e+00
 3.091976517e-01  3.680408666e-01  1.400369323e+00
 3.111545988e-01  3.694382061e-01  1.400584279e+00
 3.131115460e-01  3.708353551e-01  1.400751180e+00
 3.150684932e-01  3.722323614e-01  1.400870448e+00
 3.170254403e-01  3.736292721e-01  1.400943060e+00
 3.189823875e-01  3.750261335e-01  1.400969687e+00
 3.209393346e-01  3.764229911e-01  1.400950449e+00
 3.228962818e-01  3.778198904e-01  1.400886462e+00
 3.248532290e-01  3.792168755e-01  1.400778288e+00
 3.268101761e-01  3.806139903e-01  1.400626339e+00
 3.287671233e-01  3.820112783e-01  1.400431436e+00
 3.307240705e-01  3.834087819e-01  1.400194115e+00
 3.326810176e-01  3.848065434e-01  1.399914811e+00
 3.346379648e-01  3.862046044e-01  1.399594516e+00
 3.365949119e-01  3.876030058e-01  1.399233273e+00
 3.385518591e-01  3.890017884e-01  1.398831987e+00
 3.405088063e-01  3.904009920e-01  1.398391545e+00
 3.424657534e-01  3.918006558e-01  1.397912142e+00
 3.444227006e-01  3.932008191e-01  1.397394202e+00
 3.463796477e-01  3.946015204e-01  1.396838530e+00
 3.483365949e-01  3.960027978e-01  1.396245542e+00
 3.502935421e-01  3.974046888e-01  1.395616117e+00
 3.522504892e-01  3.988072304e-01  1.394950725e+00
 3.542074364e-01  4.002104591e-01  1.394249553e+00
 3.561643836e-01  4.016144113e-01  1.393513479e+00
 3.581213307e-01  4.030191228e-01  1.392742838e+00
 3.600782779e-01  4.044246290e-01  1.391938253e+00
 3.620352250e-01  4.058309646e-01  1.391100507e+00
 3.639921722e-01  4.072381640e-01  1.390230142e+00
 3.659491194e-01  4.086462611e-01  1.389327239e+00
 3.679060665e-01  4.100552899e-01  1.388392323e+00
 3.698630137e-01  4.114652838e-01  1.387426062e+00
 3.718199609e-01  4.128762756e-01  1.386429257e+00
 3.737769080e-01  4.142882977e-01  1.385402490e+00
 3.757338552e-01  4.157013818e-01  1.384345884e+00
 3.776908023e-01  4.171155599e-01  1.383259834e+00
 3.796477495e-01  4.185308636e-01  1.382144828e+00
 3.816046967e-01  4.199473241e-01  1.381001743e+00
 3.835616438e-01  4.213649717e-01  1.379831088e+00
 3.855185910e-01  4.227838365e-01  1.378633351e+00
 3.874755382e-01  4.242039484e-01  1.377408769e+00
 3.894324853e-01  4.256253371e-01  1.376157611e+00
 3.913894325e-01  4.270480321e-01  1.374880554e+00
 3.933463796e-01  4.284720624e-01  1.373578358e+00
 3.953033268e-01  4.298974561e-01  1.372251570e+00
 3.972602740e-01  4.313242413e-01  1.370900613e+00
 3.992172211e-01  4.327524458e-01  1.369525304e+00
 4.011741683e-01  4.341820978e-01  1.368126185e+00
 4.031311155e-01  4.356132246e-01  1.366704297e+00
 4.050880626e-01  4.370458528e-01  1.365260184e+00
 4.070450098e-01  4.384800087e-01  1.363794146e+00
 4.090019569e-01  4.399157185e-01  1.362306452e+00
 4.109589041e-01  4.413530085e-01  1.360796999e+00
 4.129158513e-01  4.427919048e-01  1.359266880e+00
 4.148727984e-01  4.442324324e-01  1.357716733e+00
 4.168297456e-01  4.456746161e-01  1.356146838e+00
 4.187866928e-01  4.471184807e-01  1.354557705e+00
 4.207436399e-01  4.485640503e-01  1.352949238e+00
 4.227005871e-01  4.500113498e-01  1.351321935e+00
 4.246575342e-01  4.514604029e-01  1.349676607e+00
 4.266144814e-01  4.529112330e-01  1.348013812e+00
 4.285714286e-01  4.543638632e-01  1.346333942e+00
 4.305283757e-01  4.558183161e-01  1.344637164e+00
 4.324853229e-01  4.572746146e-01  1.342923312e+00
 4.344422701e-01  4.587327818e-01  1.341193450e+00
 4.363992172e-01  4.601928393e-01  1.339448225e+00
 4.383561644e-01  4.616548087e-01  1.337687971e+00
 4.403131115e-01  4.631187113e-01  1.335912900e+00
 4.422700587e-01  4.645845685e-01  1.334122993e+00
 4.442270059e-01  4.660524015e-01  1.332318845e+00
 4.461839530e-01  4.675222310e-01  1.330501254e+00
 4.481409002e-01  4.689940771e-01  1.328670548e+00
 4.500978474e-01  4.704679597e-01  1.326827052e+00
 4.520547945e-01  4.719438986e-01  1.324970885e+00
 4.540117417e-01  4.734219136e-01  1.323102411e+00
 4.559686888e-01  4.749020239e-01  1.321222161e+00
 4.579256360e-01  4.763842484e-01  1.319330621e+00
 4.598825832e-01  4.778686057e-01  1.317428266e+00
 4.618395303e-01  4.793551140e-01  1.315515181e+00
 4.637964775e-01  4.808437915e-01  1.313591769e+00
 4.657534247e-01  4.823346562e-01  1.311658237e+00
 4.677103718e-01  4.838277256e-01  1.309715237e+00
 4.696673190e-01  4.853230169e-01  1.307763243e+00
 4.716242661e-01  4.868205469e-01  1.305802293e+00
 4.735812133e-01  4.883203324e-01  1.303832766e+00
 4.755381605e-01  4.898223899e-01  1.301855126e+00
 4.774951076e-01  4.913267355e-01  1.299869546e+00
 4.794520548e-01  4.928333851e-01  1.297876660e+00
 4.814090020e-01  4.943423541e-01  1.295876539e+00
 4.833659491e-01  4.958536580e-01  1.293869532e+00
 4.853228963e-01  4.973673117e-01  1.291856243e+00
 4.872798434e-01  4.988833299e-01  1.289836728e+00
 4.892367906e-01  5.004017271e-01  1.287811444e+00
 4.911937378e-01  5.019225173e-01  1.285780561e+00
 4.931506849e-01  5.034457147e-01  1.283744382e+00
 4.951076321e-01  5.049713329e-01  1.281703537e+00
 4.970645793e-01  5.064993849e-01  1.279658317e+00
 4.990215264e-01  5.080298836e-01  1.277608611e+00
 5.009784736e-01  5.095628423e-01  1.275554885e+00
 5.029354207e-01  5.110982733e-01  1.273497533e+00
 5.048923679e-01  5.126361889e-01  1.271437019e+00
 5.068493151e-01  5.141766006e-01  1.269373631e+00
 5.088062622e-01  5.157195200e-01  1.267307391e+00
 5.107632094e-01  5.172649586e-01  1.265238587e+00
 5.127201566e-01  5.188129277e-01  1.263167556e+00
 5.146771037e-01  5.203634380e-01  1.261094809e+00
 5.166340509e-01  5.219164998e-01  1.259020591e+00
 5.185909980e-01  5.234721230e-01  1.256945193e+00
 5.205479452e-01  5.250303177e-01  1.254868514e+00
 5.225048924e-01  5.265910938e-01  1.252791001e+00
 5.244618395e-01  5.281544605e-01  1.250713167e+00
 5.264187867e-01  5.297204267e-01  1.248635243e+00
 5.283757339e-01  5.312890011e-01  1.246557504e+00
 5.303326810e-01  5.328601919e-01  1.244480001e+00
 5.322896282e-01  5.344340076e-01  1.242402824e+00
 5.342465753e-01  5.360104562e-01  1.240326595e+00
 5.362035225e-01  5.375895452e-01  1.238251672e+00
 5.381604697e-01  5.391712815e-01  1.236178218e+00
 5.401174168e-01  5.407556721e-01  1.234106301e+00
 5.420743640e-01  5.423427239e-01  1.232036030e+00
 5.440313112e-01  5.439324435e-01  1.229967867e+00
 5.459882583e-01  5.455248368e-01  1.227902235e+00
 5.479452055e-01  5.471199094e-01  1.225839317e+00
 5.499021526e-01  5.487176668e-01  1.223779145e+00
 5.518590998e-01  5.503181143e-01  1.221721936e+00
 5.538160470e-01  5.519212568e-01  1.219667948e+00
 5.557729941e-01  5.535270991e-01  1.217617590e+00
 5.577299413e-01  5.551356453e-01  1.215571079e+00
 5.596868885e-01  5.567468993e-01  1.213528430e+00
 5.616438356e-01  5.583608649e-01  1.211490011e+00
 5.636007828e-01  5.599775455e-01  1.209456018e+00
 5.655577299e-01  5.615969441e-01  1.207426591e+00
 5.675146771e-01  5.632190637e-01  1.205402043e+00
 5.694716243e-01  5.648439066e-01  1.203382442e+00
 5.714285714e-01  5.664714753e-01  1.201368152e+00
 5.733855186e-01  5.681017714e-01  1.199359462e+00
 5.753424658e-01  5.697347963e-01  1.197356391e+00
 5.772994129e-01  5.713705515e-01  1.195359050e+00
 5.792563601e-01  5.730090382e-01  1.193367635e+00
 5.812133072e-01  5.746502570e-01  1.191382588e+00
 5.831702544e-01  5.762942082e-01  1.189404113e+00
 5.851272016e-01  5.779408915e-01  1.187432353e+00
 5.870841487e-01  5.795903069e-01  1.185467145e+00
 5.890410959e-01  5.812424541e-01  1.183508835e+00
 5.909980431e-01  5.828973324e-01  1.181557802e+00
 5.929549902e-01  5.845549402e-01  1.179614230e+00
 5.949119374e-01  5.862152761e-01  1.177678286e+00
 5.968688845e-01  5.878783382e-01  1.175749889e+00
 5.988258317e-01  5.895441248e-01  1.173829171e+00
 6.007827789e-01  5.912126336e-01  1.171916587e+00
 6.027397260e-01  5.928838617e-01  1.170012346e+00
 6.046966732e-01  5.945578061e-01  1.168116460e+00
 6.066536204e-01  5.962344634e-01  1.166229003e+00
 6.086105675e-01  5.979138303e-01  1.164350239e+00
 6.105675147e-01  5.995959028e-01  1.162480233e+00
 6.125244618e-01  6.012806769e-01  1.160619315e+00
 6.144814090e-01  6.029681477e-01  1.158767520e+00
 6.164383562e-01  6.046583107e-01  1.156924988e+00
 6.183953033e-01  6.063511607e-01  1.155091921e+00
 6.203522505e-01  6.080466923e-01  1.153268442e+00
 6.223091977e-01  6.097448997e-01  1.151454640e+00
 6.242661448e-01  6.114457771e-01  1.149650620e+00
 6.262230920e-01  6.131493181e-01  1.147856735e+00
 6.281800391e-01  6.148555160e-01  1.146072994e+00
 6.301369863e-01  6.165643637e-01  1.144299584e+00
 6.320939335e-01  6.182758542e-01  1.142536475e+00
 6.340508806e-01  6.199899800e-01  1.140783733e+00
 6.360078278e-01  6.217067336e-01  1.139041478e+00
 6.379647750e-01  6.234261071e-01  1.137309725e+00
 6.399217221e-01  6.251480928e-01  1.135588416e+00
 6.418786693e-01  6.268726828e-01  1.133877499e+00
 6.438356164e-01  6.285998691e-01  1.132176895e+00
 6.457925636e-01  6.303296438e-01  1.130486519e+00
 6.477495108e-01  6.320619992e-01  1.128806181e+00
 6.497064579e-01  6.337969278e-01  1.127135704e+00
 6.516634051e-01  6.355344219e-01  1.125475008e+00
 6.536203523e-01  6.372744744e-01  1.123823743e+00
 6.555772994e-01  6.390170782e-01  1.122181729e+00
 6.575342466e-01  6.407622267e-01  1.120548784e+00
 6.594911937e-01  6.425099132e-01  1.118924691e+00
 6.614481409e-01  6.442601317e-01  1.117309086e+00
 6.634050881e-01  6.460128763e-01  1.115701488e+00
 6.653620352e-01  6.477681423e-01  1.114101532e+00
 6.673189824e-01  6.495259249e-01  1.112508869e+00
 6.692759295e-01  6.512862199e-01  1.110923824e+00
 6.712328767e-01  6.530490227e-01  1.109345577e+00
 6.731898239e-01  6.548143303e-01  1.107773306e+00
 6.751467710e-01  6.565821406e-01  1.106206611e+00
 6.771037182e-01  6.583524522e-01  1.104645261e+00
 6.790606654e-01  6.601252637e-01  1.103088911e+00
 6.810176125e-01  6.619005743e-01  1.101537435e+00
 6.829745597e-01  6.636783838e-01  1.099989885e+00
 6.849315068e-01  6.654586936e-01  1.098445389e+00
 6.868884540e-01  6.672415062e-01  1.096903681e+00
 6.888454012e-01  6.690268243e-01  1.095364482e+00
 6.908023483e-01  6.708146513e-01  1.093826772e+00
 6.927592955e-01  6.726049925e-01  1.092290388e+00
 6.947162427e-01  6.743978529e-01  1.090754812e+00
 6.966731898e-01  6.761932388e-01  1.089219494e+00
 6.986301370e-01  6.779911577e-01  1.087683376e+00
 7.005870841e-01  6.797916188e-01  1.086145612e+00
 7.025440313e-01  6.815946325e-01  1.084605682e+00
 7.045009785e-01  6.834002100e-01  1.083063352e+00
 7.064579256e-01  6.852083627e-01  1.081518485e+00
 7.084148728e-01  6.870191029e-01  1.079969913e+00
 7.103718200e-01  6.888324452e-01  1.078416617e+00
 7.123287671e-01  6.906484055e-01  1.076858140e+00
 7.142857143e-01  6.924670004e-01  1.075294268e+00
 7.162426614e-01  6.942882470e-01  1.073724747e+00
 7.181996086e-01  6.961121629e-01  1.072148786e+00
 7.201565558e-01  6.979387677e-01  1.070566065e+00
 7.221135029e-01  6.997680809e-01  1.068976199e+00
 7.240704501e-01  7.016001233e-01  1.067378686e+00
 7.260273973e-01  7.034349165e-01  1.065773164e+00
 7.279843444e-01  7.052724830e-01  1.064159376e+00
 7.299412916e-01  7.071128454e-01  1.062537196e+00
 7.318982387e-01  7.089560273e-01  1.060906241e+00
 7.338551859e-01  7.108020527e-01  1.059266251e+00
 7.358121331e-01  7.126509464e-01  1.057617134e+00
 7.377690802e-01  7.145027333e-01  1.055958771e+00
 7.397260274e-01  7.163574390e-01  1.054291066e+00
 7.416829746e-01  7.182150891e-01  1.052613809e+00
 7.436399217e-01  7.200757101e-01  1.050926969e+00
 7.455968689e-01  7.219393285e-01  1.049230658e+00
 7.475538160e-01  7.238059707e-01  1.047524681e+00
 7.495107632e-01  7.256756643e-01  1.045808798e+00
 7.514677104e-01  7.275484368e-01  1.044083086e+00
 7.534246575e-01  7.294243159e-01  1.042347788e+00
 7.553816047e-01  7.313033292e-01  1.040603100e+00
 7.573385519e-01  7.331855039e-01  1.038849078e+00
 7.592954990e-01  7.350708679e-01  1.037085386e+00
 7.612524462e-01  7.369594498e-01  1.035312116e+00
 7.632093933e-01  7.388512777e-01  1.033529388e+00
 7.651663405e-01  7.407463803e-01  1.031737429e+00
 7.671232877e-01  7.426447857e-01  1.029936200e+00
 7.690802348e-01  7.445465228e-01  1.028125566e+00
 7.710371820e-01  7.464516209e-01  1.026305363e+00
 7.729941292e-01  7.483601101e-01  1.024475102e+00
 7.749510763e-01  7.502720218e-01  1.022634085e+00
 7.769080235e-01  7.521873893e-01  1.020781472e+00
 7.788649706e-01  7.541062480e-01  1.018915874e+00
 7.808219178e-01  7.560286353e-01  1.017037648e+00
 7.827788650e-01  7.579545873e-01  1.015147977e+00
 7.847358121e-01  7.598841386e-01  1.013246778e+00
 7.866927593e-01  7.618173250e-01  1.011333161e+00
 7.886497065e-01  7.637541830e-01  1.009409616e+00
 7.906066536e-01  7.656947422e-01  1.007480285e+00
 7.925636008e-01  7.676390259e-01  1.005545979e+00
 7.945205479e-01  7.695870591e-01  1.003604646e+00
 7.964774951e-01  7.715388696e-01  1.001656452e+00
 7.984344423e-01  7.734944783e-01  9.997141828e-01
 8.003913894e-01  7.754538769e-01  9.977868438e-01
 8.023483366e-01  7.774170471e-01  9.958765276e-01
 8.043052838e-01  7.793839680e-01  9.939844510e-01
 8.062622309e-01  7.813546131e-01  9.921169319e-01
 8.082191781e-01  7.833289365e-01  9.902887430e-01
 8.101761252e-01  7.853068642e-01  9.885046825e-01
 8.121330724e-01  7.872883209e-01  9.867614205e-01
 8.140900196e-01  7.892732322e-01  9.850686682e-01
 8.160469667e-01  7.912614894e-01  9.834482999e-01
 8.180039139e-01  7.932529371e-01  9.819187508e-01
 8.199608611e-01  7.952473902e-01  9.804887309e-01
 8.219178082e-01  7.972446526e-01  9.791546715e-01
 8.238747554e-01  7.992445326e-01  9.779257778e-01
 8.258317025e-01  8.012468030e-01  9.768244182e-01
 8.277886497e-01  8.032511914e-01  9.758613420e-01
 8.297455969e-01  8.052574131e-01  9.750407030e-01
 8.317025440e-01  8.072651749e-01  9.743649975e-01
 8.336594912e-01  8.092741775e-01  9.738389009e-01
 8.356164384e-01  8.112841132e-01  9.734600264e-01
 8.375733855e-01  8.132946861e-01  9.732188415e-01
 8.395303327e-01  8.153056185e-01  9.731140155e-01
 8.414872798e-01  8.173166338e-01  9.731378715e-01
 8.434442270e-01  8.193274835e-01  9.732701541e-01
 8.454011742e-01  8.213379671e-01  9.734874658e-01
 8.473581213e-01  8.233479284e-01  9.737684385e-01
 8.493150685e-01  8.253572395e-01  9.741274642e-01
 8.512720157e-01  8.273657353e-01  9.745587060e-01
 8.532289628e-01  8.293732980e-01  9.750236863e-01
 8.551859100e-01  8.313798985e-01  9.754881030e-01
 8.571428571e-01  8.333855669e-01  9.759214031e-01
 8.590998043e-01  8.353903837e-01  9.763192442e-01
 8.610567515e-01  8.373944226e-01  9.766809697e-01
 8.630136986e-01  8.393977713e-01  9.769867971e-01
 8.649706458e-01  8.414005677e-01  9.772170176e-01
 8.669275930e-01  8.434029854e-01  9.773511138e-01
 8.688845401e-01  8.454052359e-01  9.773780301e-01
 8.708414873e-01  8.474075420e-01  9.772978298e-01
 8.727984344e-01  8.494101225e-01  9.771088887e-01
 8.747553816e-01  8.514132009e-01  9.768153728e-01
 8.767123288e-01  8.534169944e-01  9.764107085e-01
 8.786692759e-01  8.554217481e-01  9.758727511e-01
 8.806262231e-01  8.574277522e-01  9.751923137e-01
 8.825831703e-01  8.594352992e-01  9.743755814e-01
 8.845401174e-01  8.614446668e-01  9.734265632e-01
 8.864970646e-01  8.634561311e-01  9.723447726e-01
 8.884540117e-01  8.654699717e-01  9.711308083e-01
 8.904109589e-01  8.674864674e-01  9.697856720e-01
 8.923679061e-01  8.695058961e-01  9.683135653e-01
 8.943248532e-01  8.715285298e-01  9.667137624e-01
 8.962818004e-01  8.735546483e-01  9.649850714e-01
 8.982387476e-01  8.755845339e-01  9.631287975e-01
 9.001956947e-01  8.776184662e-01  9.611498519e-01
 9.021526419e-01  8.796567149e-01  9.590573069e-01
 9.041095890e-01  8.816995378e-01  9.568480009e-01
 9.060665362e-01  8.837472105e-01  9.545191657e-01
 9.080234834e-01  8.858000127e-01  9.520719424e-01
 9.099804305e-01  8.878582231e-01  9.495089549e-01
 9.119373777e-01  8.899221141e-01  9.468431446e-01
 9.138943249e-01  8.919919348e-01  9.440747481e-01
 9.158512720e-01  8.940679497e-01  9.411989854e-01
 9.178082192e-01  8.961504303e-01  9.382269858e-01
 9.197651663e-01  8.982396267e-01  9.351546898e-01
 9.217221135e-01  9.003358168e-01  9.319731243e-01
 9.236790607e-01  9.024392919e-01  9.286946887e-01
 9.256360078e-01  9.045503162e-01  9.253173821e-01
 9.275929550e-01  9.066691816e-01  9.218283504e-01
 9.295499022e-01  9.087962044e-01  9.182365532e-01
 9.315068493e-01  9.109316686e-01  9.145661900e-01
 9.334637965e-01  9.130758301e-01  9.107896472e-01
 9.354207436e-01  9.152290449e-01  9.068810705e-01
 9.373776908e-01  9.173916871e-01  9.028867496e-01
 9.393346380e-01  9.195640077e-01  8.988252252e-01
 9.412915851e-01  9.217462978e-01  8.946330179e-01
 9.432485323e-01  9.239390327e-01  8.902659672e-01
 9.452054795e-01  9.261427176e-01  8.857717475e-01
 9.471624266e-01  9.283576564e-01  8.813305606e-01
 9.491193738e-01  9.305838391e-01  8.767609597e-01
 9.510763209e-01  9.328219681e-01  8.719326268e-01
 9.530332681e-01  9.350728844e-01  8.665674470e-01
 9.549902153e-01  9.373374731e-01  8.613066690e-01
 9.569471624e-01  9.396125119e-01  8.610472879e-01
 9.589041096e-01  9.418843259e-01  8.617503871e-01
 9.608610568e-01  9.441569459e-01  8.600123502e-01
 9.628180039e-01  9.464383560e-01  8.549680309e-01
 9.647749511e-01  9.487379771e-01  8.463592240e-01
 9.667318982e-01  9.510658933e-01  8.346949963e-01
 9.686888454e-01  9.534321927e-01  8.181968390e-01
 9.706457926e-01  9.558539629e-01  7.966925211e-01
 9.726027397e-01  9.583463067e-01  7.736609400e-01
 9.745596869e-01  9.609137191e-01  7.509440144e-01
 9.765166341e-01  9.635585366e-01  7.291621334e-01
 9.784735812e-01  9.662811140e-01  7.087532595e-01
 9.804305284e-01  9.690800003e-01  6.900110692e-01
 9.823874755e-01  9.719521129e-01  6.731202146e-01
 9.843444227e-01  9.748929112e-01  6.581864480e-01
 9.863013699e-01  9.778965686e-01  6.452609859e-01
 9.882583170e-01  9.809561424e-01  6.343594817e-01
 9.902152642e-01  9.840637413e-01  6.254763461e-01
 9.921722114e-01  9.872106905e-01  6.185953342e-01
 9.941291585e-01  9.903876925e-01  6.136971783e-01
 9.960861057e-01  9.935849857e-01  6.107649987e-01
 9.980430528e-01  9.967924985e-01  6.101146678e-01
 1.000000000e+00  1.000000000e+00  6.101168321e-01
4  3.690965253e-01  6.778200731e-01  1.009109878e+00  7.455855212e-01  9.604789450e-01  6.451344750e+01  4.659862702e-01  9.913027326e-01  3.106760543e-01  2.637860199e+00
5  4.858471467e-01  9.372112550e-01  1.006083437e+00  6.114183641e-01  9.333538808e-01  3.798874594e+01  4.122715666e-01  1.037098950e+00  4.703525770e-01  2.769472161e+00
6  5.817126071e-01  1.087669063e+00  1.004024677e+00  5.214696024e-01  9.102755894e-01  2.742808859e+01  3.807125277e-01  1.107855676e+00  5.895973955e-01  2.757623459e+00
7  6.652639876e-01  1.213438346e+00  1.002448376e+00  4.567602618e-01  8.930631401e-01  2.178383768e+01  3.592994741e-01  1.186910942e+00  6.847176165e-01  2.698928277e+00
8  7.391773641e-01  1.320951964e+00  1.001155848e+00  4.078834811e-01  8.850949974e-01  1.847506960e+01  3.438439474e-01  1.270956835e+00  7.635463630e-01  2.620557617e+00
9  8.048012342e-01  1.486156051e+00  1.000097340e+00  3.695334227e-01  8.920358855e-01  1.669535743e+01  3.326737696e-01  1.368357938e+00  8.293007644e-01  2.533504900e+00
10  8.569595128e-01  1.927672933e+00  9.993892989e-01  3.382381407e-01  9.241636829e-01  1.639286200e+01  3.256408048e-01  1.494830276e+00  8.801695587e-01  2.426209792e+00
11  8.955426568e-01  2.433015331e+00  9.990269314e-01  3.119718263e-01  9.940455974e-01  1.772274386e+01  3.221439430e-01  1.679908470e+00  9.172377239e-01  2.304114941e+00
12  9.296053621e-01  1.741186732e+00  9.990586882e-01  2.902548675e-01  1.105965225e+00  2.057571454e+01  3.216433842e-01  1.918385724e+00  9.482604902e-01  2.192510729e+00
13  9.664840177e-01  3.572128867e+00  9.997431574e-01  2.729344919e-01  1.262672034e+00  2.497063261e+01  3.249659432e-01  2.241367999e+00  9.786172440e-01  2.105586643e+00
14  9.816528170e-01  6.349599462e+00  9.998914446e-01  2.555954651e-01  1.473686633e+00  3.257134246e+01  3.278210139e-01  3.105663618e+00  9.886994929e-01  1.986168484e+00
15  9.900791928e-01  1.057576887e+01  9.999436722e-01  2.400491813e-01  1.667219611e+00  3.989694021e+01  3.309219904e-01  4.700723453e+00  9.939397770e-01  1.869767313e+00
16  9.957242318e-01  1.776431091e+01  9.999753030e-01  2.224159189e-01  1.807193687e+00  4.419188027e+01  3.351718756e-01  9.262398861e+00  9.973915979e-01  1.762957001e+00
0 0 -1.259105684e-01  9.749894482e-18
0 1  1.359591285e-02 -4.192869962e-03
0 2 -1.373417985e-02  4.758850627e-03
0 3  5.189110969e-03 -5.529361527e-03
0 4 -2.378260611e-03  5.527993864e-03
0 5 -1.609050865e-03 -4.317794412e-03
0 6  3.374985965e-03  1.219818954e-03
0 7 -2.100094273e-03  2.334343924e-03
0 8 -1.966808145e-03 -1.879217158e-03
0 9  9.837866692e-04 -2.133144809e-03
0 10  2.079431835e-03 -4.663358306e-04
0 11  1.837983454e-03  7.089457852e-04
0 12  1.265533992e-03  1.272885660e-03
1 0 -1.079807122e-01 -3.330038150e-02
1 1 -9.748087247e-02 -4.060014283e-18
1 2  1.018775505e-02 -5.829370033e-03
1 3 -1.353533368e-02  7.021847907e-03
1 4  2.711289345e-03 -7.758641096e-03
1 5  6.022549396e-04  6.408210702e-03
1 6 -4.989644366e-03 -2.402290263e-03
1 7  3.086505415e-03 -2.900236656e-03
1 8  2.194536506e-03  2.936964851e-03
1 9 -1.846607312e-03  2.708328067e-03
1 10 -3.005395430e-03  2.307598848e-04
1 11 -2.445417753e-03 -1.323295863e-03
1 12 -1.646152328e-03 -2.115684793e-03
2 0  1.090788488e-01  3.779548205e-02
2 1 -1.045102982e-01 -5.980014217e-02
2 2 -7.846290750e-02  2.916009289e-17
2 3  6.424583389e-03 -7.153786427e-03
2 4 -1.078105352e-02  8.481029809e-03
2 5 -1.537917766e-03 -8.088589310e-03
2 6  3.978607280e-03  3.946483796e-03
2 7 -5.073110988e-03  2.530292766e-03
2 8 -2.294103677e-03 -3.959811167e-03
2 9  2.437231070e-03 -2.654622715e-03
2 10  3.199660110e-03  4.260697961e-04
2 11  2.227286711e-03  2.041323450e-03
2 12  1.042114967e-03  2.445142471e-03
3 0 -4.121267210e-02 -4.391499140e-02
3 1  1.388511750e-01  7.203308434e-02
3 2 -8.188051646e-02 -9.117411852e-02
3 3 -6.517124870e-02  2.949800144e-17
3 4  3.166199057e-03 -8.382571691e-03
3 5 -7.116312149e-03  9.052725961e-03
3 6 -6.026479581e-03 -6.202233401e-03
3 7  4.590984612e-03 -1.180896722e-03
3 8 -6.987092825e-05  4.891662491e-03
3 9 -4.171005069e-03  1.852060158e-03
3 10 -3.750425678e-03 -1.619227883e-03
3 11 -2.098210216e-03 -2.959590850e-03
3 12 -7.526040168e-04 -3.547893210e-03
4 0  1.888849079e-02  4.390412922e-02
4 1 -2.781355231e-02 -7.959142034e-02
4 2  1.374031866e-01  1.080896704e-01
4 3 -4.858275880e-02 -1.286237698e-01
4 4 -5.539957037e-02  7.144236020e-18
4 5  1.549781960e-04 -9.496242715e-03
4 6 -3.212401309e-03  8.422085816e-03
4 7 -9.074845855e-03 -1.827478152e-03
4 8  1.544156287e-04 -5.316365913e-03
4 9  3.565934819e-03 -3.454615123e-05
4 10  1.746199268e-03  3.207628315e-03
4 11 -3.547363047e-04  3.737039348e-03
4 12 -1.733981525e-03  2.640914590e-03
5 0  1.277931539e-02 -3.429254960e-02
5 1 -6.178185775e-03  6.573813447e-02
5 2  1.960057071e-02 -1.030880650e-01
5 3  1.091940432e-01  1.389067440e-01
5 4 -2.797462056e-03 -1.714136527e-01
5 5 -4.781835166e-02  4.324330607e-17
5 6 -3.063102434e-03 -1.050320094e-02
5 7  3.312248927e-04  5.932490959e-03
5 8 -8.033342752e-03  3.527208066e-03
5 9 -5.781200386e-03 -3.009306646e-03
5 10 -1.490608255e-03 -4.479777697e-03
5 11  9.890880131e-04 -3.475489003e-03
5 12  2.273407756e-03 -3.199660198e-03
6 0 -2.680462815e-02  9.687979093e-03
6 1  5.118588129e-02 -2.464370909e-02
6 2 -5.070685508e-02  5.029744528e-02
6 3  9.247144562e-02 -9.516824558e-02
6 4  5.798603288e-02  1.520243886e-01
6 5  6.405704772e-02 -2.196479087e-01
6 6 -4.144327149e-02 -4.886691206e-18
6 7 -6.574874022e-03 -1.087363009e-02
6 8  2.191321948e-03  1.186041603e-03
6 9 -2.463792841e-03  5.180980678e-03
6 10 -5.796719396e-03  3.051091513e-03
6 11 -6.216200164e-03  5.418176527e-04
6 12 -5.021420231e-03 -2.710350464e-03
7 0  1.667925338e-02  1.853969809e-02
7 1 -3.166267737e-02 -2.975185369e-02
7 2  6.465616875e-02  3.224826669e-02
7 3 -7.044493857e-02 -1.811990327e-02
7 4  1.638071522e-01 -3.298722606e-02
7 5 -6.926731708e-03  1.240630585e-01
7 6  1.586475629e-01 -2.623738354e-01
7 7 -3.571666346e-02  7.356657561e-17
7 8 -9.041159902e-03 -9.507133128e-03
7 9  8.595950233e-04 -3.360139519e-03
7 10  1.330017585e-03  1.553725898e-03
7 11 -2.562903489e-04  3.424863433e-03
7 12 -6.014391746e-04  1.840453807e-03
8 0  1.562067561e-02 -1.492501528e-02
8 1 -2.251248323e-02  3.012862705e-02
8 2  2.923806612e-02 -5.046730096e-02
8 3  1.072112774e-03  7.505859699e-02
8 4 -2.787307333e-03 -9.596402784e-02
8 5  1.679970654e-01  7.376264433e-02
8 6 -5.287521638e-02  2.861843576e-02
8 7  2.531356243e-01 -2.661820060e-01
8 8 -3.123989180e-02 -5.095141678e-17
8 9 -9.870587657e-03 -6.676508664e-03
8 10 -2.874098375e-03 -6.060750009e-03
8 11  2.529636963e-05 -3.693932976e-03
8 12  2.903722656e-03 -4.058249475e-03
9 0 -7.813376445e-03 -1.694174553e-02
9 1  1.894327846e-02  2.778317426e-02
9 2 -3.106220695e-02 -3.383283643e-02
9 3  6.400069281e-02  2.841836231e-02
9 4 -6.436755367e-02 -6.235815730e-04
9 5  1.208991984e-01 -6.293204473e-02
9 6  5.944976718e-02  1.250137958e-01
9 7 -2.406705834e-02 -9.407764315e-02
9 8  3.159610065e-01 -2.137174068e-01
9 9 -2.839583762e-02 -2.205933047e-17
9 10 -1.399958050e-02 -5.926427193e-03
9 11 -8.478299976e-03 -7.037721762e-03
9 12 -1.505477509e-03 -9.915064268e-03
10 0 -1.651514929e-02 -3.703706818e-03
10 1  3.083061686e-02  2.367232452e-03
10 2 -4.077927026e-02  5.430206574e-03
10 3  5.754724288e-02 -2.484573973e-02
10 4 -3.152008682e-02  5.789987709e-02
10 5  3.117230525e-02 -9.368323125e-02
10 6  1.398711827e-01  7.362091367e-02
10 7 -3.723801320e-02  4.350142897e-02
10 8  9.200090683e-02 -1.940067542e-01
10 9  4.930152330e-01 -2.087076025e-01
10 10 -2.130898461e-02  7.871731636e-17
10 11 -1.161132419e-02 -2.704412535e-03
10 12 -4.871103771e-03 -6.361924347e-03
11 0 -1.459753123e-02  5.630550273e-03
11 1  2.508612912e-02 -1.357492839e-02
11 2 -2.838649219e-02  2.601641355e-02
11 3  3.219533548e-02 -4.541252329e-02
11 4  6.403232054e-03  6.745610702e-02
11 5 -2.068427662e-02 -7.268107080e-02
11 6  1.499929890e-01  1.307371820e-02
11 7  7.175652036e-03  9.588979209e-02
11 8 -8.097457503e-04 -1.182441027e-01
11 9  2.985754493e-01 -2.478434289e-01
11 10  5.449027441e-01 -1.269141906e-01
11 11 -1.746407787e-02  1.430927260e-17
11 12 -4.523655427e-03 -3.364345020e-03
12 0 -1.005105455e-02  1.010944257e-02
12 1  1.688692650e-02 -2.170358902e-02
12 2 -1.328162568e-02  3.116303677e-02
12 3  1.154809877e-02 -5.443954627e-02
12 4  3.129954823e-02  4.767030814e-02
12 5 -4.754257887e-02 -6.691280829e-02
12 6  1.211637028e-01 -6.539904709e-02
12 7  1.683917579e-02  5.152927593e-02
12 8 -9.294919057e-02 -1.299060029e-01
12 9  5.301754181e-02 -3.491731570e-01
12 10  2.285938941e-01 -2.985559595e-01
12 11  2.590262974e-01 -1.926437253e-01
12 12 -1.825052834e-02  3.754255222e-17
0 0 -8.235645689e+00 -2.054411131e-15
0 1 -8.604810436e-01  3.572319879e-01
0 2  1.140022715e+00 -3.287450950e-01
0 3 -2.659048523e-01  2.691015655e-01
0 4  1.193349630e-01 -2.272098849e-01
0 5  5.015659772e-02  1.588495190e-01
0 6 -1.059947721e-01 -4.628325895e-02
0 7  6.995670854e-02 -6.563798596e-02
0 8  5.630467709e-02  5.575377037e-02
0 9 -8.094635873e-03  7.374547481e-02
0 10 -4.888924854e-02  4.028960297e-03
0 11 -3.390889565e-02 -5.759064045e-02
0 12 -1.993758698e-02 -2.752459367e-02
1 0 -8.604810436e-01 -3.572319879e-01
1 1 -1.084449965e+01 -8.940195993e-15
1 2 -9.002969035e-01  8.044143328e-01
1 3  1.844103655e+00 -8.037212741e-01
1 4 -2.390619287e-01  6.067372934e-01
1 5  4.240353413e-04 -4.267912887e-01
1 6  2.660115334e-01  1.552631804e-01
1 7 -1.728578000e-01  1.316075231e-01
1 8 -9.867622063e-02 -1.382420169e-01
1 9  3.679418501e-02 -1.375795842e-01
1 10  8.945959363e-02  1.508790709e-02
1 11  3.063619535e-02  1.333136463e-01
1 12  9.719479866e-02  1.040879404e-01
2 0  1.140022715e+00  3.287450950e-01
2 1 -9.002969035e-01 -8.044143328e-01
2 2 -1.363153920e+01  7.158752093e-15
2 3 -6.639939281e-01  1.483154205e+00
2 4  2.278172716e+00 -1.491501254e+00
2 5  1.367647929e-01  9.575876371e-01
2 6 -3.374203725e-01 -4.327604603e-01
2 7  4.423603608e-01 -1.690773141e-01
2 8  1.420208696e-01  3.060991194e-01
2 9 -1.223106893e-01  2.324683777e-01
2 10 -1.640779052e-01 -4.558279397e-02
2 11 -4.195701519e-02 -2.224370901e-01
2 12  8.468173631e-03 -1.100880615e-01
3 0 -2.659048523e-01 -2.691015655e-01
3 1  1.844103655e+00  8.037212741e-01
3 2 -6.639939281e-01 -1.483154205e+00
3 3 -1.659532745e+01 -1.220344483e-14
3 4 -1.250030209e-01  2.449626204e+00
3 5  2.295851832e+00 -2.326883445e+00
3 6  9.374751106e-01  1.086985083e+00
3 7 -6.541561296e-01  2.435995108e-02
3 8  6.786994284e-02 -5.771880495e-01
3 9  3.265762075e-01 -2.325633481e-01
3 10  1.877110389e-01  1.770513182e-01
3 11 -1.156100637e-01  3.512478383e-01
3 12  1.539325256e-01  3.544907358e-01
4 0  1.193349630e-01  2.272098849e-01
4 1 -2.390619287e-01 -6.067372934e-01
4 2  2.278172716e+00  1.491501254e+00
4 3 -1.250030209e-01 -2.449626204e+00
4 4 -1.984346266e+01 -2.678440518e-14
4 5  8.814131211e-01  3.776613996e+00
4 6  1.790653186e+00 -3.174579332e+00
4 7  2.082422286e+00  5.817611851e-01
4 8 -2.120916394e-01  8.763581320e-01
4 9 -5.502159793e-01  1.351807844e-01
4 10 -1.439063765e-01 -3.737648782e-01
4 11  3.530425782e-01 -4.337838901e-01
4 12  4.123033527e-01 -2.168398414e-01
5 0  5.015659772e-02 -1.588495190e-01
5 1  4.240353413e-04  4.267912887e-01
5 2  1.367647929e-01 -9.575876371e-01
5 3  2.295851832e+00  2.326883445e+00
5 4  8.814131211e-01 -3.776613996e+00
5 5 -2.360836539e+01 -1.888867644e-14
5 6  2.700666300e+00  5.613132626e+00
5 7  7.264769550e-01 -3.717237323e+00
5 8  2.752535494e+00 -9.353420833e-01
5 9  1.183646159e+00  5.936362951e-01
5 10 -1.280820308e-01  6.097606115e-01
5 11 -8.407368806e-01  6.293056319e-02
5 12 -1.695481855e-01  5.800783372e-01
6 0 -1.059947721e-01  4.628325895e-02
6 1  2.660115334e-01 -1.552631804e-01
6 2 -3.374203725e-01  4.327604603e-01
6 3  9.374751106e-01 -1.086985083e+00
6 4  1.790653186e+00  3.174579332e+00
6 5  2.700666300e+00 -5.613132626e+00
6 6 -2.809063920e+01 -6.155471340e-14
6 7  5.682204720e+00  7.622430048e+00
6 8 -6.791957765e-01 -2.884205043e+00
6 9  7.908311779e-01 -1.862861523e+00
6 10  1.376423398e+00 -4.920343977e-01
6 11  1.295502173e+00  6.761736068e-01
6 12  1.547702872e+00  9.140210428e-01
7 0  6.995670854e-02  6.563798596e-02
7 1 -1.728578000e-01 -1.316075231e-01
7 2  4.423603608e-01  1.690773141e-01
7 3 -6.541561296e-01 -2.435995108e-02
7 4  2.082422286e+00 -5.817611851e-01
7 5  7.264769550e-01  3.717237323e+00
7 6  5.682204720e+00 -7.622430048e+00
7 7 -3.305409866e+01 -6.533597562e-16
7 8  9.036049786e+00  8.444081494e+00
7 9 -7.147689538e-01  8.886570766e-01
7 10 -2.265065360e-01 -1.856465777e+00
7 11  1.524307752e+00 -2.753768269e+00
7 12  9.553071990e-01 -7.737846993e-01
8 0  5.630467709e-02 -5.575377037e-02
8 1 -9.867622063e-02  1.382420169e-01
8 2  1.420208696e-01 -3.060991194e-01
8 3  6.786994284e-02  5.771880495e-01
8 4 -2.120916394e-01 -8.763581320e-01
8 5  2.752535494e+00  9.353420833e-01
8 6 -6.791957765e-01  2.884205043e+00
8 7  9.036049786e+00 -8.444081494e+00
8 8 -3.734724089e+01  1.256180480e-13
8 9  1.142413405e+01  6.645151215e+00
8 10  1.837935137e-01  1.566608834e+00
8 11 -1.570203241e+00 -2.506206384e+00
8 12 -1.257912422e+00  1.265763055e+00
9 0 -8.094635873e-03 -7.374547481e-02
9 1  3.679418501e-02  1.375795842e-01
9 2 -1.223106893e-01 -2.324683777e-01
9 3  3.265762075e-01  2.325633481e-01
9 4 -5.502159793e-01 -1.351807844e-01
9 5  1.183646159e+00 -5.936362951e-01
9 6  7.908311779e-01  1.862861523e+00
9 7 -7.147689538e-01 -8.886570766e-01
9 8  1.142413405e+01 -6.645151215e+00
9 9 -4.999714304e+01 -1.476323180e-13
9 10  1.974563365e+01  7.222186585e+00
9 11  1.886940340e+00  2.343553827e+00
9 12  9.849453561e-02  6.841992691e+00
10 0 -4.888924854e-02 -4.028960297e-03
10 1  8.945959363e-02 -1.508790709e-02
10 2 -1.640779052e-01  4.558279397e-02
10 3  1.877110389e-01 -1.770513182e-01
10 4 -1.439063765e-01  3.737648782e-01
10 5 -1.280820308e-01 -6.097606115e-01
10 6  1.376423398e+00  4.920343977e-01
10 7 -2.265065360e-01  1.856465777e+00
10 8  1.837935137e-01 -1.566608834e+00
10 9  1.974563365e+01 -7.222186585e+00
10 10 -6.695382088e+01 -2.049997075e-13
10 11  2.791681125e+01  6.167384908e+00
10 12  6.131273256e+00  8.805758883e+00
11 0 -3.390889565e-02  5.759064045e-02
11 1  3.063619535e-02 -1.333136463e-01
11 2 -4.195701519e-02  2.224370901e-01
11 3 -1.156100637e-01 -3.512478383e-01
11 4  3.530425782e-01  4.337838901e-01
11 5 -8.407368806e-01 -6.293056319e-02
11 6  1.295502173e+00 -6.761736068e-01
11 7  1.524307752e+00  2.753768269e+00
11 8 -1.570203241e+00  2.506206384e+00
11 9  1.886940340e+00 -2.343553827e+00
11 10  2.791681125e+01 -6.167384908e+00
11 11 -6.297016015e+01 -8.777277570e-14
11 12  1.419281089e+01  1.055551498e+01
12 0 -1.993758698e-02  2.752459367e-02
12 1  9.719479866e-02 -1.040879404e-01
12 2  8.468173631e-03  1.100880615e-01
12 3  1.539325256e-01 -3.544907358e-01
12 4  4.123033527e-01  2.168398414e-01
12 5 -1.695481855e-01 -5.800783372e-01
12 6  1.547702872e+00 -9.140210428e-01
12 7  9.553071990e-01  7.737846993e-01
12 8 -1.257912422e+00 -1.265763055e+00
12 9  9.849453561e-02 -6.841992691e+00
12 10  6.131273256e+00 -8.805758883e+00
12 11  1.419281089e+01 -1.055551498e+01
12 12 -5.479293428e+01 -1.127127149e-13
0  2.377189071e-02 -1.308741808e-03 -1.089423283e-01 -9.232047999e-03
1  3.864702577e-02 -1.560358573e-03  1.402363363e-01  3.357510937e-02
2  5.287803191e-02 -2.924796777e-03 -1.453831957e-01 -7.226679792e-02
3  7.329004589e-02 -3.427055882e-03  1.209017800e-01  1.237705336e-01
4  9.800793540e-02 -6.248817466e-03 -5.156136557e-02 -1.718839736e-01
5  1.290808939e-01 -7.556046329e-03 -6.767759042e-02  1.697587785e-01
6  1.612328240e-01 -1.092165090e-02  1.748905640e-01 -5.114032497e-02
7  1.865555935e-01 -1.362753314e-02 -1.095336986e-01 -1.406295954e-01
8  2.121177993e-01 -1.552204205e-02 -1.305284197e-01  1.133071015e-01
9  2.447124969e-01 -1.893950080e-02  6.278241897e-02  1.535783863e-01
10  2.451794173e-01 -1.994722408e-02  1.510176080e-01  4.176635735e-02
11  2.380423210e-01 -2.013523986e-02  1.405228149e-01 -4.567783186e-02
12  1.440418111e-01 -1.340321313e-01  1.036289540e-01 -9.294632894e-02
