10  2.232240967e-07
4 3  4.352593312e-01  1.333333333e+00  6.919337130e-01  5.070464144e-01  3.246753978e+08 -3.327617329e-02  3.916290855e+05  3.447898994e+02  1.378156148e+00  1.966272683e-03 -1.845935799e-02 -3.037386573e-02 -3.327617329e-02 -4.513875288e+00 -5.763950485e+00  5.123437521e-03  2.167789458e-03  9.935512305e-01  1.015712745e+00  2.733464931e+00  3.798962680e-01
5 3  5.671979600e-01  1.666666667e+00  6.139020615e-01  5.070464144e-01  2.220351836e+08 -2.629642060e-02  1.748814518e+06  2.426014356e+02  1.288485892e+00  2.140657444e-03 -1.572011076e-02 -2.417061963e-02 -2.629642060e-02 -2.770885119e+00 -4.908427664e+00  9.446115684e-03  3.190434797e-03  1.056037598e+00  1.009177713e+00  2.831305854e+00  5.558841307e-01
6 3  6.704425013e-01  2.000000000e+00  5.752891083e-01  5.070464144e-01  1.795595883e+08 -1.821804385e-02  1.509306653e+06  1.878654946e+02  1.296843803e+00  2.445122835e-03 -1.099209071e-02 -1.756297385e-02 -1.821804385e-02 -1.849866108e+00 -4.082178932e+00  9.288247830e-03  3.091251196e-03  1.140542660e+00  1.005386345e+00  2.778419006e+00  6.798592625e-01
7 3  7.588207441e-01  2.333333333e+00  5.527315901e-01  5.070464144e-01  1.598738414e+08 -1.077993982e-02  1.172747675e+06  1.563427684e+02  1.329206422e+00  2.748460914e-03 -5.601428076e-03 -1.095555159e-02 -1.077993982e-02 -1.278787921e+00 -3.417138248e+00  9.655326515e-03  3.303234416e-03  1.233018237e+00  1.002743335e+00  2.688347514e+00  7.776888553e-01
8 3  8.332891529e-01  2.666666667e+00  5.397690562e-01  5.070464144e-01  1.365326030e+08 -8.887003911e-03  3.722916292e+06  1.330875131e+02  1.287462344e+00  2.678864079e-03 -4.359713510e-03 -8.802990770e-03 -8.887003911e-03 -7.990336923e-01 -2.875387146e+00  8.971704419e-03  3.348782134e-03  1.352530104e+00  1.000918123e+00  2.578450338e+00  8.533023669e-01
9 3  8.865241925e-01  3.000000000e+00  5.401204466e-01  5.070464144e-01  1.109781860e+08 -5.453360946e-04  6.153576134e+06  1.114823121e+02  1.137722209e+00  1.763783092e-03  3.868735669e-04 -2.357343666e-03 -5.453360946e-04  1.958424733e+00 -2.647469255e+00  5.433263935e-03  2.463445519e-03  1.532254417e+00  9.999099825e-01  2.435922520e+00  9.050469893e-01
10 3  9.212751573e-01  3.333333333e+00  5.578139538e-01  5.070464144e-01  9.980567817e+07  5.623919983e-03  4.082624813e+06  9.336196911e+01  1.041994686e+00  1.927975061e-03  9.455428754e-03  4.911442960e-03  5.623919983e-03 -1.365390496e+00 -2.430054513e+00  3.837222034e-03  1.822594537e-03  1.837099878e+00  9.994424750e-01  2.277202450e+00  9.380208312e-01
11 3  9.551281215e-01  3.666666667e+00  4.045735640e-01  5.070464144e-01  1.105126398e+08  6.055574309e-03  1.736831965e+06  9.003583466e+01  1.300217476e+00  9.388265561e-03  6.700024328e-02  1.409090136e-02  6.055574309e-03 -4.592008256e+01 -1.193414366e+01  4.218162229e-03  2.368451877e-03  2.237081316e+00  9.994810968e-01  2.146337505e+00  9.682594745e-01
12 3  9.825021309e-01  4.000000000e+00  2.552404768e-01  5.070464144e-01  1.558503445e+07  2.406476219e-02  2.584324813e+05  1.006980945e+02  8.518010796e-01  1.251934216e-02  5.952951341e-02  1.366778798e-02  2.406476219e-02 -2.106988945e+01 -2.262211893e+01  4.392417635e-03  2.504041728e-03  3.070151222e+00  9.998561993e-01  2.024623502e+00  9.885954169e-01
13 3  9.921542311e-01  4.333333333e+00  2.262857737e-01  5.070464144e-01  5.431628259e+06  2.001276438e-02  1.600221820e+05  9.995167402e+01  5.915827192e-01  6.699472882e-03  2.669460987e-02  8.696787698e-03  2.001276438e-02 -1.605255519e+01 -8.069394700e+00  3.874899320e-03  2.146710798e-03  5.089374071e+00  9.999587414e-01  1.887436697e+00  9.949287748e-01
