10  2.057807722e-07
4 3  4.759135544e-01  1.333333333e+00  7.478248844e-01  5.066603971e-01  3.431935955e+08 -2.332783264e-02  1.679047036e+05  4.313317265e+02  1.370224248e+00  1.928843448e-03 -1.276440708e-02 -2.136740030e-02 -2.332783264e-02 -3.429802199e+00 -5.066188627e+00  5.859211444e-03  2.418168066e-03  9.951058521e-01  1.015739786e+00  2.854632389e+00  4.247800990e-01
5 3  6.149085421e-01  1.666666667e+00  6.671827267e-01  5.066603971e-01  2.274116842e+08 -1.298175274e-02  2.289296802e+06  2.950295221e+02  1.249584974e+00  2.114758665e-03 -4.352213345e-03 -1.127685078e-02 -1.298175274e-02 -2.526897165e+00 -4.694331463e+00  9.680727521e-03  3.256072843e-03  1.068375244e+00  1.007783545e+00  2.927570938e+00  6.114175395e-01
6 3  7.156845737e-01  2.000000000e+00  6.230598482e-01  5.066603971e-01  1.768635839e+08 -6.268369242e-03  1.152031884e+06  2.222755075e+02  1.208206015e+00  2.245790224e-03  3.135071090e-04 -5.459330194e-03 -6.268369242e-03 -2.003726675e+00 -3.979888921e+00  9.021571445e-03  2.982612366e-03  1.171835707e+00  1.004157743e+00  2.829254334e+00  7.304208146e-01
7 3  7.941326334e-01  2.333333333e+00  5.948325075e-01  5.066603971e-01  1.566562846e+08 -2.595407255e-03  2.124738247e+06  1.811966316e+02  1.215823526e+00  2.397880834e-03  2.814054021e-03 -2.212917874e-03 -2.595407255e-03 -1.681066726e+00 -3.386685721e+00  9.333706610e-03  3.258439271e-03  1.297805020e+00  1.002222319e+00  2.685707521e+00  8.143079774e-01
8 3  8.607316688e-01  2.666666667e+00  5.771634538e-01  5.066603971e-01  1.351610720e+08 -2.206050958e-03  5.764746870e+06  1.550787813e+02  1.186055950e+00  2.256916150e-03  1.827371815e-03 -2.195079372e-03 -2.206050958e-03 -4.475742284e-01 -3.034288539e+00  7.329557939e-03  3.013567792e-03  1.463841499e+00  1.000861121e+00  2.543614294e+00  8.785232103e-01
9 3  9.051702770e-01  3.000000000e+00  6.186126349e-01  5.066603971e-01  1.074819651e+08  1.307829780e-02  5.996844233e+06  1.292703442e+02  9.920637408e-01  1.852289000e-03 -2.889257155e-03  1.968311356e-03  1.307829780e-02  1.595198318e+01 -2.851483876e+00  4.250771083e-03  1.979510538e-03  1.724639265e+00  9.999352849e-01  2.375523392e+00  9.213151924e-01
10 3  9.303878809e-01  3.333333333e+00  7.291213534e-01  5.066603971e-01  9.982976948e+07  1.880577041e-02  3.823496255e+06  1.069365054e+02  8.710219097e-01  1.161316141e-03  6.505149154e-03  9.617186173e-03  1.880577041e-02  1.427368403e+01 -2.519642631e+00  3.262542959e-03  1.584119138e-03  2.233112829e+00  9.994219841e-01  2.196405818e+00  9.448644802e-01
11 3  9.738172415e-01  3.666666667e+00  3.511534961e-01  5.066603971e-01  5.393790795e+07  2.795770621e-02  5.534827298e+05  1.166300827e+02  1.103058044e+00  1.319122217e-02  9.219440092e-02  1.784134442e-02  2.795770621e-02 -4.196971546e+01 -3.477808592e+01  4.504224472e-03  2.604989441e-03  2.507841278e+00  9.997158063e-01  2.090552004e+00  9.817256357e-01
12 3  9.894761334e-01  4.000000000e+00  2.574317213e-01  5.066603971e-01  9.281433354e+06  2.402810330e-02  2.010806736e+05  1.203174266e+02  6.546050230e-01  8.150538840e-03  4.140180260e-02  1.023365951e-02  2.402810330e-02 -2.249355484e+01 -1.604225091e+01  4.041698274e-03  2.212469631e-03  4.036595189e+00  9.999144829e-01  1.947540862e+00  9.928089520e-01
13 3  9.960198655e-01  4.333333333e+00  2.321094227e-01  5.066603971e-01  3.966732194e+06  2.116165287e-02  1.486598338e+05  1.146446994e+02  4.730619417e-01  4.624750449e-03  2.427056373e-02  7.479984931e-03  2.116165287e-02 -1.763228970e+01 -7.948948794e+00  3.497412314e-03  1.873724479e-03  8.357171287e+00  9.999725187e-01  1.809724040e+00  9.972843813e-01
