12  2.171234009e-07
4 3  3.787305268e-01  1.333333333e+00  8.138260903e-01  5.055046320e-01  3.216172108e+08 -3.734143076e-02  3.383290150e+06  2.949545332e+02  1.372802505e+00  1.479590086e-03 -2.275613771e-02 -3.622453937e-02 -3.961112251e+00 -6.608700598e+00  7.774600406e-03  2.019200316e-03  9.909972106e-01  1.010512040e+00  2.654897301e+00
5 3  4.941182642e-01  1.666666667e+00  7.463557055e-01  5.055046320e-01  2.419312089e+08 -2.917127063e-02  3.383290150e+06  1.971454958e+02  1.308466523e+00  1.643478345e-03 -1.747808098e-02 -2.723488074e-02 -3.033930950e+00 -5.225685859e+00  8.002548066e-03  2.058743515e-03  1.041355359e+00  1.007473309e+00  2.762678608e+00
6 3  5.893002202e-01  2.000000000e+00  7.036095334e-01  5.055046320e-01  2.053840056e+08 -2.097670678e-02  3.383290150e+06  1.556216958e+02  1.346296798e+00  1.946540198e-03 -1.211499977e-02 -1.971453591e-02 -2.395270790e+00 -4.170106750e+00  8.307514148e-03  2.156699253e-03  1.114342843e+00  1.005132342e+00  2.739331006e+00
7 3  6.747031643e-01  2.333333333e+00  6.725033902e-01  5.055046320e-01  1.857648144e+08 -1.629696984e-02  3.383290150e+06  1.307423462e+02  1.402727480e+00  2.288723931e-03 -9.637639653e-03 -1.593428424e-02 -1.991041705e+00 -3.471032072e+00  8.634514522e-03  2.259870171e-03  1.192469741e+00  1.003159957e+00  2.683000837e+00
8 3  7.519742995e-01  2.666666667e+00  6.488202101e-01  5.055046320e-01  1.741465089e+08 -1.230106465e-02  3.383290150e+06  1.154581471e+02  1.433674383e+00  2.491176849e-03 -7.211554104e-03 -1.256443179e-02 -1.688073446e+00 -2.932227600e+00  8.842669278e-03  2.325947144e-03  1.276943759e+00  1.001547684e+00  2.612284989e+00
9 3  8.186054449e-01  3.000000000e+00  6.313848654e-01  5.055046320e-01  1.568198085e+08 -9.801679181e-03  3.383290150e+06  1.019160729e+02  1.400336637e+00  2.447818169e-03 -4.933637143e-03 -9.645459547e-03 -1.470920362e+00 -2.532873238e+00  8.743593670e-03  2.307995225e-03  1.383183054e+00  1.000372399e+00  2.524815996e+00
10 3  8.692718965e-01  3.333333333e+00  6.192658819e-01  5.055046320e-01  1.340962988e+08 -6.271351272e-03  3.383290150e+06  8.907466700e+01  1.278802367e+00  2.121733752e-03 -1.696802440e-03 -6.291708949e-03 -1.388032205e+00 -2.387655546e+00  8.235703358e-03  2.170972578e-03  1.527224965e+00  9.996280364e-01  2.411181930e+00
11 3  9.055937029e-01  3.666666667e+00  6.111649107e-01  5.055046320e-01  1.173036913e+08  1.384292062e-03  3.383290150e+06  7.820650465e+01  1.178455977e+00  2.342913106e-03  7.598065048e-03  1.842152427e-04 -1.396855752e+00 -3.941329702e+00  7.809036891e-03  2.044572789e-03  1.749687106e+00  9.992054486e-01  2.282608422e+00
12 3  9.463442177e-01  4.000000000e+00  4.942982027e-01  5.055046320e-01  1.144139252e+08  4.231238203e-04  3.383290150e+06  7.397197968e+01  1.914177415e+00  2.716326436e-02  8.367261198e-02  1.376330983e-02 -6.644725568e+01 -2.222000125e+01  1.116304630e-02  3.007377706e-03  1.959592265e+00  9.993219787e-01  2.186800875e+00
13 3  9.750933963e-01  4.333333333e+00  2.427197344e-01  5.055046320e-01  1.493588854e+07  2.697761581e-02  3.383290150e+06  8.711218100e+01  9.531273089e-01  9.944749844e-03  4.505547392e-02  1.838212765e-02 -2.154049840e+01 -1.091989521e+01  7.293297126e-03  2.264018163e-03  2.510371586e+00  9.998728250e-01  2.081054917e+00
14 3  9.867775052e-01  4.666666667e+00  2.119105206e-01  5.055046320e-01  7.500325917e+06  2.421058031e-02  3.383290150e+06  8.825495054e+01  7.494808592e-01  6.404595962e-03  2.890018364e-02  1.446730052e-02 -1.265838212e+01 -5.903896089e+00  6.228726474e-03  2.051806635e-03  3.721175911e+00  9.999253682e-01  1.955666086e+00
15 3  9.931662501e-01  5.000000000e+00  1.998860011e-01  5.055046320e-01  4.711968936e+06  2.062716236e-02  3.383290150e+06  8.486788875e+01  5.896653040e-01  3.938828180e-03  2.134277348e-02  1.063222154e-02 -1.046156238e+01 -4.124584029e+00  5.264933796e-03  1.781664187e-03  6.005365364e+00  9.999499629e-01  1.837151093e+00
