 4.893729457e-01  1.500352840e+00 -1.722778085e+00 -2.113820091e+00 -1.825282912e-01 -3.161143375e+00 -3.552185381e+00 -1.620893581e+00
 6.265323906e-01  1.831157919e+00 -1.545459724e+00 -2.023852956e+00  3.474407685e-02 -2.865612877e+00 -3.344006109e+00 -1.285409076e+00
 7.183610965e-01  2.000489094e+00 -1.403850572e+00 -1.974405989e+00  1.436619529e-01 -2.655198293e+00 -3.225753710e+00 -1.107685769e+00
 7.862097247e-01  2.095273739e+00 -1.295749195e+00 -1.901044453e+00  2.370053244e-01 -2.501608088e+00 -3.106903346e+00 -9.688535680e-01
 8.390738651e-01  2.151109101e+00 -1.208353758e+00 -1.852226930e+00  2.864634582e-01 -2.388320817e+00 -3.032193989e+00 -8.935036013e-01
 8.808988321e-01  2.183232521e+00 -1.131289782e+00 -1.757077522e+00  3.708708137e-01 -2.308598949e+00 -2.934386690e+00 -8.064383540e-01
 9.129752229e-01  2.195280878e+00 -1.054541567e+00 -1.594841362e+00  5.093712985e-01 -2.262534460e+00 -2.802834255e+00 -6.986215952e-01
 9.385615112e-01  2.188861833e+00 -9.498506215e-01 -1.364243644e+00  6.600546130e-01 -2.230322848e+00 -2.644715870e+00 -6.204176133e-01
 9.631399823e-01  2.166865786e+00 -6.338594294e-01 -1.051120246e+00  7.035381609e-01 -2.013104700e+00 -2.430365516e+00 -6.757071093e-01
 9.823052865e-01  2.136568649e+00  1.411324078e-02 -7.735698733e-01  7.011875425e-01 -1.475253852e+00 -2.262936966e+00 -7.881795500e-01
 9.914371673e-01  2.105105108e+00  4.473530560e-01 -5.810780053e-01  7.883102479e-01 -1.143239047e+00 -2.171670108e+00 -8.022818550e-01
