10  2.148213750e-07
4 3  4.440185183e-01  1.333333333e+00  7.087338849e-01  5.060604784e-01  3.677658723e+08 -3.067789852e-02  3.012786102e+05  3.911039985e+02  1.377285110e+00  1.772016379e-03 -1.761503839e-02 -2.817064006e-02 -3.067789852e-02 -4.010475978e+00 -5.289944426e+00  5.249422971e-03  2.190345404e-03  9.915157050e-01  1.015895179e+00  2.751475169e+00  3.902289822e-01
5 3  5.791925662e-01  1.666666667e+00  6.311656024e-01  5.060604784e-01  2.499829192e+08 -2.445128985e-02  2.016608853e+06  2.634982251e+02  1.287196397e+00  2.049769180e-03 -1.405022707e-02 -2.246234304e-02 -2.445128985e-02 -2.564919987e+00 -5.248824342e+00  9.692991849e-03  3.217440391e-03  1.056619212e+00  1.008870043e+00  2.851437181e+00  5.700793483e-01
6 3  6.826568247e-01  2.000000000e+00  5.919742280e-01  5.060604784e-01  1.963144752e+08 -1.580462616e-02  1.403971472e+06  2.070748366e+02  1.276143302e+00  2.354030633e-03 -8.434369667e-03 -1.533534752e-02 -1.580462616e-02 -1.794068027e+00 -4.590791246e+00  9.152119750e-03  3.012990162e-03  1.145860914e+00  1.005071018e+00  2.790124242e+00  6.935818324e-01
7 3  7.687683129e-01  2.333333333e+00  5.682666000e-01  5.060604784e-01  1.708838012e+08 -9.050121464e-03  1.371711201e+06  1.742926014e+02  1.300741945e+00  2.698807239e-03 -3.143739400e-03 -9.031405958e-03 -9.050121464e-03 -1.363381384e+00 -3.960397015e+00  9.539795945e-03  3.284760007e-03  1.245433884e+00  1.002588445e+00  2.686555000e+00  7.882276062e-01
8 3  8.426575369e-01  2.666666667e+00  5.514278695e-01  5.060604784e-01  1.435293095e+08 -8.566206641e-03  4.411601958e+06  1.454097592e+02  1.286110627e+00  2.873879508e-03 -2.763624450e-03 -7.897276830e-03 -8.566206641e-03 -1.249790219e+00 -3.333769616e+00  8.631706301e-03  3.310840747e-03  1.374842784e+00  1.000909624e+00  2.572359092e+00  8.619346210e-01
9 3  8.951267487e-01  3.000000000e+00  5.568196984e-01  5.060604784e-01  1.094218454e+08  4.413916762e-03  6.221927400e+06  1.178573801e+02  1.093011112e+00  9.512412111e-04  7.432408022e-04 -1.504654529e-04  4.413916762e-03  6.169515633e+00 -3.121514791e+00  4.970339919e-03  2.277087028e-03  1.574510086e+00  9.999970612e-01  2.426701486e+00  9.121288448e-01
10 3  9.251493568e-01  3.333333333e+00  6.226359420e-01  5.060604784e-01  9.487720256e+07  1.397989156e-02  3.991792542e+06  9.683730667e+01  9.341000577e-01  9.637267827e-04  4.412619806e-03  6.037921441e-03  1.397989156e-02  1.098315049e+01 -2.588299665e+00  3.545506895e-03  1.686785446e-03  1.950161134e+00  9.995246101e-01  2.256217428e+00  9.403283687e-01
11 3  9.556754409e-01  3.666666667e+00  4.794341309e-01  5.060604784e-01  1.450306951e+08  5.195033485e-03  1.864872173e+06  9.480825812e+01  1.417787841e+00  9.182574454e-03  5.261877095e-02  1.415608578e-02  5.195033485e-03 -5.566643251e+01 -8.236225044e-01  4.460678213e-03  2.462317065e-03  2.375101306e+00  9.994496179e-01  2.118625784e+00  9.674649947e-01
12 3  9.850175245e-01  4.000000000e+00  2.853307603e-01  5.060604784e-01  1.746672022e+07  2.070147443e-02  2.430053958e+05  1.058629079e+02  8.087832204e-01  1.157379633e-02  6.560628314e-02  1.006829719e-02  2.070147443e-02 -2.070895717e+01 -2.928094663e+01  4.338163348e-03  2.382449163e-03  3.208659770e+00  9.998519481e-01  2.002506871e+00  9.897514013e-01
13 3  9.934315815e-01  4.333333333e+00  2.587084598e-01  5.060604784e-01  5.462552335e+06  1.695927388e-02  1.591198042e+05  1.024140148e+02  5.411195358e-01  6.301329363e-03  2.836453010e-02  5.659408548e-03  1.695927388e-02 -1.599741780e+01 -1.107766492e+01  3.674393988e-03  2.006322017e-03  5.531573316e+00  9.999714195e-01  1.864480322e+00  9.955278952e-01
