10  2.058237304e-07
4 3  4.725567712e-01  1.333333333e+00  7.485682450e-01  5.059847217e-01  3.582401847e+08 -2.434488909e-02  1.643902765e+05  4.348323023e+02  1.379480449e+00  1.882105680e-03 -1.372872230e-02 -2.236870158e-02 -2.434488909e-02 -3.456639560e+00 -4.965016813e+00  5.772349807e-03  2.385958608e-03  9.939654853e-01  1.015751984e+00  2.845457306e+00  4.198934707e-01
5 3  6.127216235e-01  1.666666667e+00  6.672357356e-01  5.059847217e-01  2.370933749e+08 -1.401653425e-02  2.286726905e+06  2.962650379e+02  1.256912952e+00  2.104821190e-03 -5.103212880e-03 -1.229888164e-02 -1.401653425e-02 -2.535990893e+00 -4.874545805e+00  9.701636776e-03  3.255376036e-03  1.066005388e+00  1.007765267e+00  2.928350010e+00  6.082511977e-01
6 3  7.141295597e-01  2.000000000e+00  6.230272635e-01  5.059847217e-01  1.824173060e+08 -7.315800745e-03  1.161021186e+06  2.251036110e+02  1.212081798e+00  2.252878225e-03 -4.513451474e-04 -6.499414151e-03 -7.315800745e-03 -2.000757660e+00 -4.194842110e+00  8.996685550e-03  2.971859910e-03  1.168749020e+00  1.004117416e+00  2.833874767e+00  7.282732134e-01
7 3  7.928197744e-01  2.333333333e+00  5.948947935e-01  5.059847217e-01  1.597905512e+08 -3.234062242e-03  2.063264075e+06  1.827019170e+02  1.218787868e+00  2.432208358e-03  2.473767472e-03 -2.824131595e-03 -3.234062242e-03 -1.689495688e+00 -3.595410166e+00  9.319033483e-03  3.251068897e-03  1.293763049e+00  1.002201322e+00  2.691545959e+00  8.126811288e-01
8 3  8.602070349e-01  2.666666667e+00  5.764576823e-01  5.059847217e-01  1.371262028e+08 -3.009578572e-03  5.685204698e+06  1.554393578e+02  1.197108672e+00  2.370726760e-03  1.483056090e-03 -2.843091871e-03 -3.009578572e-03 -5.947366019e-01 -3.203457631e+00  7.425378380e-03  3.040106348e-03  1.458720928e+00  1.000862919e+00  2.551866775e+00  8.775454822e-01
9 3  9.052028586e-01  3.000000000e+00  6.176356123e-01  5.059847217e-01  1.070356678e+08  1.305511560e-02  6.006423070e+06  1.290356670e+02  9.924527110e-01  1.869411656e-03 -3.320949792e-03  1.586263674e-03  1.305511560e-02  1.653228248e+01 -3.011130447e+00  4.269870636e-03  1.988020905e-03  1.718683464e+00  9.999506582e-01  2.384802251e+00  9.208048158e-01
10 3  9.299791687e-01  3.333333333e+00  7.354370803e-01  5.059847217e-01  9.709876494e+07  2.055393972e-02  3.888517356e+06  1.066652010e+02  8.476548055e-01  1.477101990e-03  3.565793284e-03  9.114610492e-03  2.055393972e-02  1.896018721e+01 -2.261533955e+00  3.213559225e-03  1.558136525e-03  2.238737899e+00  9.994353677e-01  2.203932705e+00  9.439969140e-01
11 3  9.726502506e-01  3.666666667e+00  3.732860350e-01  5.059847217e-01  7.298732953e+07  2.754507374e-02  6.339502866e+05  1.144750595e+02  1.207359186e+00  1.420351366e-02  1.009338943e-01  1.811226338e-02  2.754507374e-02 -4.604029786e+01 -3.716442754e+01  4.645268835e-03  2.678182618e-03  2.456469543e+00  9.996686440e-01  2.095996162e+00  9.805558744e-01
12 3  9.894771997e-01  4.000000000e+00  2.661239533e-01  5.059847217e-01  9.861613158e+06  2.398968841e-02  2.022792154e+05  1.187262212e+02  6.586944815e-01  8.424226865e-03  4.456627598e-02  9.939568365e-03  2.398968841e-02 -2.332433594e+01 -1.802572102e+01  4.041657155e-03  2.205176385e-03  3.948025911e+00  9.999086917e-01  1.955038363e+00  9.926877665e-01
13 3  9.959805523e-01  4.333333333e+00  2.401966598e-01  5.059847217e-01  4.043305125e+06  2.126081373e-02  1.489207192e+05  1.129893550e+02  4.725774750e-01  4.777767990e-03  2.527063408e-02  7.313710327e-03  2.126081373e-02 -1.828461931e+01 -8.593574453e+00  3.484291452e-03  1.868261098e-03  8.112064021e+00  9.999727761e-01  1.816628310e+00  9.972107220e-01
