 1.695500020e+00 -1.850590340e+00  8.646225590e-01  4.084054376e+00  9.302677829e-01  9.591630210e-01  8.126550110e+00 512 3 13
 0.000000000e+00  0.000000000e+00 -2.830714050e-07
 1.956947162e-03  2.755757806e-02  1.420263463e-01
 3.913894325e-03  3.897227789e-02  2.008530051e-01
 5.870841487e-03  4.773124749e-02  2.459865599e-01
 7.827788650e-03  5.511567489e-02  2.840274845e-01
 9.784735812e-03  6.162184775e-02  3.175317222e-01
 1.174168297e-02  6.750431225e-02  3.478096445e-01
 1.369863014e-02  7.291429461e-02  3.756393336e-01
 1.565557730e-02  7.795033779e-02  4.015274976e-01
 1.761252446e-02  8.268089843e-02  4.258258968e-01
 1.956947162e-02  8.715582628e-02  4.487904854e-01
 2.152641879e-02  9.141275959e-02  4.706143562e-01
 2.348336595e-02  9.548094437e-02  4.914474141e-01
 2.544031311e-02  9.938364258e-02  5.114089267e-01
 2.739726027e-02  1.031397164e-01  5.305959087e-01
 2.935420744e-02  1.067647094e-01  5.490866081e-01
 3.131115460e-02  1.102716337e-01  5.669466221e-01
 3.326810176e-02  1.136714899e-01  5.842326673e-01
 3.522504892e-02  1.169736842e-01  6.009918322e-01
 3.718199609e-02  1.201863424e-01  6.172665852e-01
 3.913894325e-02  1.233165163e-01  6.330941216e-01
 4.109589041e-02  1.263703929e-01  6.485052935e-01
 4.305283757e-02  1.293534327e-01  6.635277221e-01
 4.500978474e-02  1.322704834e-01  6.781859693e-01
 4.696673190e-02  1.351258724e-01  6.925027002e-01
 4.892367906e-02  1.379234756e-01  7.064968157e-01
 5.088062622e-02  1.406667971e-01  7.201826939e-01
 5.283757339e-02  1.433590216e-01  7.335733972e-01
 5.479452055e-02  1.460030497e-01  7.466882909e-01
 5.675146771e-02  1.486014855e-01  7.595475085e-01
 5.870841487e-02  1.511567034e-01  7.721616295e-01
 6.066536204e-02  1.536708994e-01  7.845321749e-01
 6.262230920e-02  1.561461375e-01  7.966636437e-01
 6.457925636e-02  1.585843152e-01  8.085730230e-01
 6.653620352e-02  1.609871493e-01  8.202737455e-01
 6.849315068e-02  1.633562413e-01  8.317723033e-01
 7.045009785e-02  1.656930791e-01  8.430776586e-01
 7.240704501e-02  1.679990408e-01  8.541912882e-01
 7.436399217e-02  1.702754485e-01  8.651123659e-01
 7.632093933e-02  1.725235408e-01  8.758522536e-01
 7.827788650e-02  1.747444487e-01  8.864214603e-01
 8.023483366e-02  1.769392374e-01  8.968279970e-01
 8.219178082e-02  1.791088909e-01  9.070762777e-01
 8.414872798e-02  1.812543545e-01  9.171569258e-01
 8.610567515e-02  1.833765649e-01  9.270739333e-01
 8.806262231e-02  1.854763639e-01  9.368447229e-01
 9.001956947e-02  1.875545296e-01  9.464741624e-01
 9.197651663e-02  1.896118112e-01  9.559614624e-01
 9.393346380e-02  1.916489251e-01  9.653052232e-01
 9.589041096e-02  1.936665648e-01  9.745051319e-01
 9.784735812e-02  1.956653904e-01  9.835658369e-01
 9.980430528e-02  1.976460218e-01  9.924973404e-01
 1.017612524e-01  1.996090288e-01  1.001307949e+00
 1.037181996e-01  2.015549530e-01  1.009995296e+00
 1.056751468e-01  2.034843311e-01  1.018546310e+00
 1.076320939e-01  2.053977139e-01  1.026966487e+00
 1.095890411e-01  2.072955792e-01  1.035271603e+00
 1.115459883e-01  2.091783822e-01  1.043464075e+00
 1.135029354e-01  2.110465596e-01  1.051543543e+00
 1.154598826e-01  2.129005374e-01  1.059503819e+00
 1.174168297e-01  2.147407446e-01  1.067343265e+00
 1.193737769e-01  2.165675848e-01  1.075068454e+00
 1.213307241e-01  2.183814374e-01  1.082684839e+00
 1.232876712e-01  2.201826625e-01  1.090201234e+00
 1.252446184e-01  2.219715876e-01  1.097614338e+00
 1.272015656e-01  2.237485619e-01  1.104911561e+00
 1.291585127e-01  2.255139329e-01  1.112094676e+00
 1.311154599e-01  2.272680237e-01  1.119175704e+00
 1.330724070e-01  2.290111243e-01  1.126163378e+00
 1.350293542e-01  2.307435129e-01  1.133055738e+00
 1.369863014e-01  2.324654696e-01  1.139841691e+00
 1.389432485e-01  2.341772902e-01  1.146519729e+00
 1.409001957e-01  2.358792440e-01  1.153097729e+00
 1.428571429e-01  2.375715880e-01  1.159579194e+00
 1.448140900e-01  2.392545672e-01  1.165970416e+00
 1.467710372e-01  2.409284076e-01  1.172272609e+00
 1.487279843e-01  2.425933385e-01  1.178473527e+00
 1.506849315e-01  2.442496087e-01  1.184568558e+00
 1.526418787e-01  2.458974488e-01  1.190568936e+00
 1.545988258e-01  2.475370649e-01  1.196484302e+00
 1.565557730e-01  2.491686506e-01  1.202315385e+00
 1.585127202e-01  2.507924002e-01  1.208054100e+00
 1.604696673e-01  2.524085201e-01  1.213692633e+00
 1.624266145e-01  2.540172165e-01  1.219236328e+00
 1.643835616e-01  2.556186723e-01  1.224691445e+00
 1.663405088e-01  2.572130685e-01  1.230061598e+00
 1.682974560e-01  2.588005707e-01  1.235353253e+00
 1.702544031e-01  2.603813361e-01  1.240556159e+00
 1.722113503e-01  2.619555493e-01  1.245657862e+00
 1.741682975e-01  2.635233919e-01  1.250666659e+00
 1.761252446e-01  2.650850204e-01  1.255595600e+00
 1.780821918e-01  2.666405771e-01  1.260449707e+00
 1.800391389e-01  2.681902002e-01  1.265221467e+00
 1.819960861e-01  2.697340447e-01  1.269898205e+00
 1.839530333e-01  2.712722742e-01  1.274482963e+00
 1.859099804e-01  2.728050306e-01  1.278986012e+00
 1.878669276e-01  2.743324470e-01  1.283408569e+00
 1.898238748e-01  2.758546574e-01  1.287753312e+00
 1.917808219e-01  2.773717839e-01  1.292020356e+00
 1.937377691e-01  2.788839558e-01  1.296199279e+00
 1.956947162e-01  2.803913152e-01  1.300286109e+00
 1.976516634e-01  2.818939958e-01  1.304289675e+00
 1.996086106e-01  2.833921151e-01  1.308220583e+00
 2.015655577e-01  2.848857785e-01  1.312082255e+00
 2.035225049e-01  2.863750920e-01  1.315861552e+00
 2.054794521e-01  2.878601873e-01  1.319547759e+00
 2.074363992e-01  2.893411909e-01  1.323150625e+00
 2.093933464e-01  2.908182092e-01  1.326679606e+00
 2.113502935e-01  2.922913440e-01  1.330135801e+00
 2.133072407e-01  2.937606961e-01  1.333520243e+00
 2.152641879e-01  2.952263625e-01  1.336824512e+00
 2.172211350e-01  2.966884596e-01  1.340041417e+00
 2.191780822e-01  2.981470971e-01  1.343176824e+00
 2.211350294e-01  2.996023758e-01  1.346239614e+00
 2.230919765e-01  3.010543836e-01  1.349236347e+00
 2.250489237e-01  3.025032047e-01  1.352163308e+00
 2.270058708e-01  3.039489328e-01  1.355006011e+00
 2.289628180e-01  3.053916809e-01  1.357763880e+00
 2.309197652e-01  3.068315417e-01  1.360450159e+00
 2.328767123e-01  3.082685976e-01  1.363067610e+00
 2.348336595e-01  3.097029336e-01  1.365615912e+00
 2.367906067e-01  3.111346311e-01  1.368093879e+00
 2.387475538e-01  3.125637757e-01  1.370495100e+00
 2.407045010e-01  3.139904605e-01  1.372817418e+00
 2.426614481e-01  3.154147737e-01  1.375065080e+00
 2.446183953e-01  3.168367980e-01  1.377245993e+00
 2.465753425e-01  3.182566038e-01  1.379367300e+00
 2.485322896e-01  3.196742575e-01  1.381420504e+00
 2.504892368e-01  3.210898458e-01  1.383392202e+00
 2.524461840e-01  3.225034611e-01  1.385287261e+00
 2.544031311e-01  3.239151788e-01  1.387118131e+00
 2.563600783e-01  3.253250647e-01  1.388888340e+00
 2.583170254e-01  3.267331860e-01  1.390595672e+00
 2.602739726e-01  3.281396120e-01  1.392233154e+00
 2.622309198e-01  3.295444227e-01  1.393797156e+00
 2.641878669e-01  3.309476939e-01  1.395291449e+00
 2.661448141e-01  3.323494972e-01  1.396721498e+00
 2.681017613e-01  3.337498963e-01  1.398093877e+00
 2.700587084e-01  3.351489488e-01  1.399408088e+00
 2.720156556e-01  3.365467188e-01  1.400654322e+00
 2.739726027e-01  3.379432826e-01  1.401827913e+00
 2.759295499e-01  3.393387131e-01  1.402937548e+00
 2.778864971e-01  3.407330686e-01  1.403992308e+00
 2.798434442e-01  3.421264032e-01  1.404991233e+00
 2.818003914e-01  3.435187766e-01  1.405928470e+00
 2.837573386e-01  3.449102540e-01  1.406801287e+00
 2.857142857e-01  3.463009001e-01  1.407612391e+00
 2.876712329e-01  3.476907744e-01  1.408364889e+00
 2.896281800e-01  3.490799348e-01  1.409060670e+00
 2.915851272e-01  3.504684367e-01  1.409703477e+00
 2.935420744e-01  3.518563305e-01  1.410292969e+00
 2.954990215e-01  3.532436719e-01  1.410822759e+00
 2.974559687e-01  3.546305235e-01  1.411291206e+00
 2.994129159e-01  3.560169439e-01  1.411704899e+00
 3.013698630e-01  3.574029829e-01  1.412071447e+00
 3.033268102e-01  3.587886836e-01  1.412388945e+00
 3.052837573e-01  3.601740994e-01  1.412651579e+00
 3.072407045e-01  3.615592850e-01  1.412858653e+00
 3.091976517e-01  3.629442947e-01  1.413013068e+00
 3.111545988e-01  3.643291775e-01  1.413118696e+00
 3.131115460e-01  3.657139802e-01  1.413177625e+00
 3.150684932e-01  3.670987475e-01  1.413189772e+00
 3.170254403e-01  3.684835263e-01  1.413153971e+00
 3.189823875e-01  3.698683638e-01  1.413066812e+00
 3.209393346e-01  3.712533135e-01  1.412928496e+00
 3.228962818e-01  3.726384222e-01  1.412746647e+00
 3.248532290e-01  3.740237284e-01  1.412525073e+00
 3.268101761e-01  3.754092716e-01  1.412258977e+00
 3.287671233e-01  3.767951000e-01  1.411944076e+00
 3.307240705e-01  3.781812613e-01  1.411582300e+00
 3.326810176e-01  3.795678002e-01  1.411178828e+00
 3.346379648e-01  3.809547543e-01  1.410736919e+00
 3.365949119e-01  3.823421619e-01  1.410253147e+00
 3.385518591e-01  3.837300678e-01  1.409726048e+00
 3.405088063e-01  3.851185131e-01  1.409158297e+00
 3.424657534e-01  3.865075376e-01  1.408549491e+00
 3.444227006e-01  3.878971835e-01  1.407900602e+00
 3.463796477e-01  3.892874887e-01  1.407215199e+00
 3.483365949e-01  3.906784886e-01  1.406492122e+00
 3.502935421e-01  3.920702237e-01  1.405730365e+00
 3.522504892e-01  3.934627316e-01  1.404929875e+00
 3.542074364e-01  3.948560531e-01  1.404091654e+00
 3.561643836e-01  3.962502242e-01  1.403220419e+00
 3.581213307e-01  3.976452764e-01  1.402314821e+00
 3.600782779e-01  3.990412488e-01  1.401371163e+00
 3.620352250e-01  4.004381805e-01  1.400392816e+00
 3.639921722e-01  4.018361041e-01  1.399382366e+00
 3.659491194e-01  4.032350539e-01  1.398339349e+00
 3.679060665e-01  4.046350638e-01  1.397263142e+00
 3.698630137e-01  4.060361695e-01  1.396152707e+00
 3.718199609e-01  4.074384072e-01  1.395010971e+00
 3.737769080e-01  4.088418074e-01  1.393840520e+00
 3.757338552e-01  4.102464012e-01  1.392638740e+00
 3.776908023e-01  4.116522246e-01  1.391406069e+00
 3.796477495e-01  4.130593082e-01  1.390144280e+00
 3.816046967e-01  4.144676848e-01  1.388852623e+00
 3.835616438e-01  4.158773870e-01  1.387532217e+00
 3.855185910e-01  4.172884454e-01  1.386184909e+00
 3.874755382e-01  4.187008892e-01  1.384811300e+00
 3.894324853e-01  4.201147483e-01  1.383410735e+00
 3.913894325e-01  4.215300536e-01  1.381981147e+00
 3.933463796e-01  4.229468394e-01  1.380524062e+00
 3.953033268e-01  4.243651339e-01  1.379044408e+00
 3.972602740e-01  4.257849617e-01  1.377542341e+00
 3.992172211e-01  4.272063508e-01  1.376014616e+00
 4.011741683e-01  4.286293332e-01  1.374460006e+00
 4.031311155e-01  4.300539396e-01  1.372880872e+00
 4.050880626e-01  4.314801974e-01  1.371280733e+00
 4.070450098e-01  4.329081305e-01  1.369660107e+00
 4.090019569e-01  4.343377655e-01  1.368017232e+00
 4.109589041e-01  4.357691304e-01  1.366351470e+00
 4.129158513e-01  4.372022535e-01  1.364663387e+00
 4.148727984e-01  4.386371618e-01  1.362953840e+00
 4.168297456e-01  4.400738822e-01  1.361225205e+00
 4.187866928e-01  4.415124373e-01  1.359479504e+00
 4.207436399e-01  4.429528499e-01  1.357714997e+00
 4.227005871e-01  4.443951466e-01  1.355928708e+00
 4.246575342e-01  4.458393570e-01  1.354121609e+00
 4.266144814e-01  4.472855058e-01  1.352297861e+00
 4.285714286e-01  4.487336142e-01  1.350460202e+00
 4.305283757e-01  4.501837015e-01  1.348606890e+00
 4.324853229e-01  4.516357928e-01  1.346733690e+00
 4.344422701e-01  4.530899169e-01  1.344841608e+00
 4.363992172e-01  4.545460971e-01  1.342934995e+00
 4.383561644e-01  4.560043531e-01  1.341015253e+00
 4.403131115e-01  4.574647055e-01  1.339082200e+00
 4.422700587e-01  4.589271747e-01  1.337133732e+00
 4.442270059e-01  4.603917863e-01  1.335168767e+00
 4.461839530e-01  4.618585634e-01  1.333189794e+00
 4.481409002e-01  4.633275263e-01  1.331198311e+00
 4.500978474e-01  4.647986953e-01  1.329195969e+00
 4.520547945e-01  4.662720875e-01  1.327182664e+00
 4.540117417e-01  4.677477234e-01  1.325155524e+00
 4.559686888e-01  4.692256268e-01  1.323114326e+00
 4.579256360e-01  4.707058192e-01  1.321061922e+00
 4.598825832e-01  4.721883184e-01  1.319000974e+00
 4.618395303e-01  4.736731401e-01  1.316931931e+00
 4.637964775e-01  4.751603013e-01  1.314851582e+00
 4.657534247e-01  4.766498253e-01  1.312758704e+00
 4.677103718e-01  4.781417322e-01  1.310656446e+00
 4.696673190e-01  4.796360384e-01  1.308547237e+00
 4.716242661e-01  4.811327586e-01  1.306431088e+00
 4.735812133e-01  4.826319097e-01  1.304306227e+00
 4.755381605e-01  4.841335106e-01  1.302172006e+00
 4.774951076e-01  4.856375799e-01  1.300029957e+00
 4.794520548e-01  4.871441333e-01  1.297881750e+00
 4.814090020e-01  4.886531857e-01  1.295727640e+00
 4.833659491e-01  4.901647525e-01  1.293567309e+00
 4.853228963e-01  4.916788495e-01  1.291400810e+00
 4.872798434e-01  4.931954923e-01  1.289228311e+00
 4.892367906e-01  4.947146965e-01  1.287050137e+00
 4.911937378e-01  4.962364771e-01  1.284867471e+00
 4.931506849e-01  4.977608472e-01  1.282680669e+00
 4.951076321e-01  4.992878212e-01  1.280489843e+00
 4.970645793e-01  5.008174119e-01  1.278294954e+00
 4.990215264e-01  5.023496342e-01  1.276095890e+00
 5.009784736e-01  5.038845013e-01  1.273893913e+00
 5.029354207e-01  5.054220252e-01  1.271689376e+00
 5.048923679e-01  5.069622185e-01  1.269482084e+00
 5.068493151e-01  5.085050937e-01  1.267272517e+00
 5.088062622e-01  5.100506625e-01  1.265061119e+00
 5.107632094e-01  5.115989365e-01  1.262848360e+00
 5.127201566e-01  5.131499264e-01  1.260634108e+00
 5.146771037e-01  5.147036442e-01  1.258418202e+00
 5.166340509e-01  5.162601011e-01  1.256201734e+00
 5.185909980e-01  5.178193065e-01  1.253985596e+00
 5.205479452e-01  5.193812697e-01  1.251769843e+00
 5.225048924e-01  5.209459999e-01  1.249553625e+00
 5.244618395e-01  5.225135086e-01  1.247336941e+00
 5.264187867e-01  5.240838052e-01  1.245121281e+00
 5.283757339e-01  5.256568976e-01  1.242907565e+00
 5.303326810e-01  5.272327928e-01  1.240695686e+00
 5.322896282e-01  5.288114991e-01  1.238484776e+00
 5.342465753e-01  5.303930259e-01  1.236275018e+00
 5.362035225e-01  5.319773809e-01  1.234067603e+00
 5.381604697e-01  5.335645706e-01  1.231863365e+00
 5.401174168e-01  5.351546006e-01  1.229662117e+00
 5.420743640e-01  5.367474780e-01  1.227463264e+00
 5.440313112e-01  5.383432098e-01  1.225267351e+00
 5.459882583e-01  5.399418017e-01  1.223075226e+00
 5.479452055e-01  5.415432587e-01  1.220887220e+00
 5.499021526e-01  5.431475856e-01  1.218703263e+00
 5.518590998e-01  5.447547875e-01  1.216523205e+00
 5.538160470e-01  5.463648696e-01  1.214347538e+00
 5.557729941e-01  5.479778357e-01  1.212177005e+00
 5.577299413e-01  5.495936889e-01  1.210011751e+00
 5.596868885e-01  5.512124328e-01  1.207851597e+00
 5.616438356e-01  5.528340709e-01  1.205696661e+00
 5.636007828e-01  5.544586063e-01  1.203547439e+00
 5.655577299e-01  5.560860413e-01  1.201404429e+00
 5.675146771e-01  5.577163774e-01  1.199267793e+00
 5.694716243e-01  5.593496164e-01  1.197137572e+00
 5.714285714e-01  5.609857598e-01  1.195013849e+00
 5.733855186e-01  5.626248089e-01  1.192896936e+00
 5.753424658e-01  5.642667645e-01  1.190787225e+00
 5.772994129e-01  5.659116266e-01  1.188684926e+00
 5.792563601e-01  5.675593951e-01  1.186590161e+00
 5.812133072e-01  5.692100699e-01  1.184503111e+00
 5.831702544e-01  5.708636502e-01  1.182424014e+00
 5.851272016e-01  5.725201349e-01  1.180353025e+00
 5.870841487e-01  5.741795228e-01  1.178290503e+00
 5.890410959e-01  5.758418118e-01  1.176236607e+00
 5.909980431e-01  5.775069998e-01  1.174191407e+00
 5.929549902e-01  5.791750845e-01  1.172155133e+00
 5.949119374e-01  5.808460632e-01  1.170127887e+00
 5.968688845e-01  5.825199327e-01  1.168110071e+00
 5.988258317e-01  5.841966893e-01  1.166101986e+00
 6.007827789e-01  5.858763288e-01  1.164103610e+00
 6.027397260e-01  5.875588471e-01  1.162114985e+00
 6.046966732e-01  5.892442400e-01  1.160136218e+00
 6.066536204e-01  5.909325027e-01  1.158167658e+00
 6.086105675e-01  5.926236297e-01  1.156209781e+00
 6.105675147e-01  5.943176149e-01  1.154262677e+00
 6.125244618e-01  5.960144522e-01  1.152326178e+00
 6.144814090e-01  5.977141357e-01  1.150400407e+00
 6.164383562e-01  5.994166588e-01  1.148485596e+00
 6.183953033e-01  6.011220145e-01  1.146581934e+00
 6.203522505e-01  6.028301956e-01  1.144689762e+00
 6.223091977e-01  6.045411939e-01  1.142809136e+00
 6.242661448e-01  6.062550016e-01  1.140940067e+00
 6.262230920e-01  6.079716103e-01  1.139082619e+00
 6.281800391e-01  6.096910118e-01  1.137236589e+00
 6.301369863e-01  6.114131980e-01  1.135402028e+00
 6.320939335e-01  6.131381603e-01  1.133579403e+00
 6.340508806e-01  6.148658890e-01  1.131769016e+00
 6.360078278e-01  6.165963742e-01  1.129970578e+00
 6.379647750e-01  6.183296068e-01  1.128183683e+00
 6.399217221e-01  6.200655781e-01  1.126408054e+00
 6.418786693e-01  6.218042794e-01  1.124644006e+00
 6.438356164e-01  6.235457007e-01  1.122892058e+00
 6.457925636e-01  6.252898317e-01  1.121151884e+00
 6.477495108e-01  6.270366631e-01  1.119422929e+00
 6.497064579e-01  6.287861859e-01  1.117704915e+00
 6.516634051e-01  6.305383914e-01  1.115997839e+00
 6.536203523e-01  6.322932705e-01  1.114301695e+00
 6.555772994e-01  6.340508143e-01  1.112616448e+00
 6.575342466e-01  6.358110136e-01  1.110941775e+00
 6.594911937e-01  6.375738601e-01  1.109277285e+00
 6.614481409e-01  6.393393457e-01  1.107622836e+00
 6.634050881e-01  6.411074625e-01  1.105978015e+00
 6.653620352e-01  6.428782032e-01  1.104342459e+00
 6.673189824e-01  6.446515611e-01  1.102716171e+00
 6.692759295e-01  6.464275287e-01  1.101099012e+00
 6.712328767e-01  6.482060993e-01  1.099490512e+00
 6.731898239e-01  6.499872670e-01  1.097890207e+00
 6.751467710e-01  6.517710263e-01  1.096297622e+00
 6.771037182e-01  6.535573727e-01  1.094712281e+00
 6.790606654e-01  6.553463022e-01  1.093133868e+00
 6.810176125e-01  6.571378110e-01  1.091562054e+00
 6.829745597e-01  6.589318962e-01  1.089996386e+00
 6.849315068e-01  6.607285554e-01  1.088436371e+00
 6.868884540e-01  6.625277870e-01  1.086880921e+00
 6.888454012e-01  6.643295923e-01  1.085329000e+00
 6.908023483e-01  6.661339731e-01  1.083780226e+00
 6.927592955e-01  6.679409318e-01  1.082234249e+00
 6.947162427e-01  6.697504714e-01  1.080690464e+00
 6.966731898e-01  6.715625963e-01  1.079147599e+00
 6.986301370e-01  6.733773138e-01  1.077604279e+00
 7.005870841e-01  6.751946330e-01  1.076060126e+00
 7.025440313e-01  6.770145626e-01  1.074514913e+00
 7.045009785e-01  6.788371124e-01  1.072967022e+00
 7.064579256e-01  6.806622967e-01  1.071414609e+00
 7.084148728e-01  6.824901319e-01  1.069857216e+00
 7.103718200e-01  6.843206339e-01  1.068294388e+00
 7.123287671e-01  6.861538210e-01  1.066725428e+00
 7.142857143e-01  6.879897117e-01  1.065148879e+00
 7.162426614e-01  6.898283295e-01  1.063562505e+00
 7.181996086e-01  6.916697011e-01  1.061965514e+00
 7.201565558e-01  6.935138529e-01  1.060358344e+00
 7.221135029e-01  6.953608107e-01  1.058739195e+00
 7.240704501e-01  6.972106075e-01  1.057104817e+00
 7.260273973e-01  6.990632808e-01  1.055454912e+00
 7.279843444e-01  7.009188655e-01  1.053790627e+00
 7.299412916e-01  7.027773955e-01  1.052110971e+00
 7.318982387e-01  7.046389098e-01  1.050412395e+00
 7.338551859e-01  7.065034554e-01  1.048691472e+00
 7.358121331e-01  7.083710844e-01  1.046948063e+00
 7.377690802e-01  7.102418451e-01  1.045184088e+00
 7.397260274e-01  7.121157835e-01  1.043398746e+00
 7.416829746e-01  7.139929519e-01  1.041588396e+00
 7.436399217e-01  7.158734102e-01  1.039750143e+00
 7.455968689e-01  7.177572221e-01  1.037883759e+00
 7.475538160e-01  7.196444498e-01  1.035989464e+00
 7.495107632e-01  7.215351573e-01  1.034064121e+00
 7.514677104e-01  7.234294193e-01  1.032104500e+00
 7.534246575e-01  7.253273135e-01  1.030112136e+00
 7.553816047e-01  7.272289103e-01  1.028089810e+00
 7.573385519e-01  7.291342786e-01  1.026037457e+00
 7.592954990e-01  7.310434906e-01  1.023948926e+00
 7.612524462e-01  7.329566397e-01  1.021822840e+00
 7.632093933e-01  7.348738052e-01  1.019663874e+00
 7.651663405e-01  7.367950647e-01  1.017475408e+00
 7.671232877e-01  7.387204864e-01  1.015260665e+00
 7.690802348e-01  7.406501374e-01  1.013021751e+00
 7.710371820e-01  7.425840796e-01  1.010763261e+00
 7.729941292e-01  7.445223638e-01  1.008490771e+00
 7.749510763e-01  7.464650316e-01  1.006210030e+00
 7.769080235e-01  7.484121128e-01  1.003927152e+00
 7.788649706e-01  7.503636257e-01  1.001647901e+00
 7.808219178e-01  7.523195781e-01  9.993772530e-01
 7.827788650e-01  7.542799690e-01  9.971205024e-01
 7.847358121e-01  7.562447850e-01  9.948860884e-01
 7.866927593e-01  7.582139913e-01  9.926859007e-01
 7.886497065e-01  7.601875263e-01  9.905261614e-01
 7.906066536e-01  7.621653291e-01  9.884096311e-01
 7.925636008e-01  7.641473250e-01  9.863468839e-01
 7.945205479e-01  7.661334084e-01  9.843514512e-01
 7.964774951e-01  7.681234476e-01  9.824315840e-01
 7.984344423e-01  7.701173005e-01  9.805860802e-01
 8.003913894e-01  7.721148371e-01  9.788149453e-01
 8.023483366e-01  7.741159118e-01  9.771319141e-01
 8.043052838e-01  7.761203350e-01  9.755575321e-01
 8.062622309e-01  7.781278731e-01  9.741028600e-01
 8.082191781e-01  7.801382868e-01  9.727621360e-01
 8.101761252e-01  7.821513621e-01  9.715394640e-01
 8.121330724e-01  7.841668386e-01  9.704582313e-01
 8.140900196e-01  7.861844016e-01  9.695202853e-01
 8.160469667e-01  7.882037793e-01  9.687074047e-01
 8.180039139e-01  7.902247294e-01  9.680133985e-01
 8.199608611e-01  7.922470035e-01  9.674505415e-01
 8.219178082e-01  7.942703056e-01  9.670301046e-01
 8.238747554e-01  7.962943383e-01  9.667451992e-01
 8.258317025e-01  7.983188330e-01  9.665799676e-01
 8.277886497e-01  8.003435577e-01  9.665215035e-01
 8.297455969e-01  8.023682973e-01  9.665628201e-01
 8.317025440e-01  8.043928489e-01  9.667001811e-01
 8.336594912e-01  8.064170132e-01  9.669131607e-01
 8.356164384e-01  8.084406730e-01  9.671779301e-01
 8.375733855e-01  8.104637293e-01  9.674843296e-01
 8.395303327e-01  8.124861076e-01  9.678194760e-01
 8.414872798e-01  8.145077630e-01  9.681733569e-01
 8.434442270e-01  8.165286632e-01  9.685349350e-01
 8.454011742e-01  8.185488094e-01  9.688877057e-01
 8.473581213e-01  8.205682382e-01  9.692205894e-01
 8.493150685e-01  8.225869969e-01  9.695152765e-01
 8.512720157e-01  8.246051983e-01  9.697578838e-01
 8.532289628e-01  8.266229470e-01  9.699481857e-01
 8.551859100e-01  8.286403565e-01  9.700796648e-01
 8.571428571e-01  8.306575583e-01  9.701479618e-01
 8.590998043e-01  8.326746837e-01  9.701342602e-01
 8.610567515e-01  8.346919425e-01  9.700178096e-01
 8.630136986e-01  8.367095523e-01  9.698039263e-01
 8.649706458e-01  8.387277010e-01  9.695051331e-01
 8.669275930e-01  8.407465547e-01  9.691101183e-01
 8.688845401e-01  8.427663492e-01  9.686100645e-01
 8.708414873e-01  8.447872880e-01  9.679906461e-01
 8.727984344e-01  8.468096685e-01  9.672404836e-01
 8.747553816e-01  8.488337436e-01  9.663811679e-01
 8.767123288e-01  8.508597227e-01  9.654265271e-01
 8.786692759e-01  8.528878030e-01  9.643724840e-01
 8.806262231e-01  8.549182135e-01  9.632238756e-01
 8.825831703e-01  8.569511338e-01  9.619648401e-01
 8.845401174e-01  8.589868633e-01  9.605798722e-01
 8.864970646e-01  8.610256505e-01  9.590918397e-01
 8.884540117e-01  8.630677023e-01  9.575230011e-01
 8.904109589e-01  8.651131762e-01  9.558668323e-01
 8.923679061e-01  8.671623109e-01  9.541103161e-01
 8.943248532e-01  8.692153238e-01  9.522595475e-01
 8.962818004e-01  8.712724320e-01  9.502968635e-01
 8.982387476e-01  8.733339349e-01  9.482229596e-01
 9.001956947e-01  8.754000521e-01  9.460525552e-01
 9.021526419e-01  8.774710255e-01  9.437991223e-01
 9.041095890e-01  8.795470212e-01  9.414736028e-01
 9.060665362e-01  8.816282389e-01  9.390429838e-01
 9.080234834e-01  8.837149967e-01  9.365117196e-01
 9.099804305e-01  8.858074808e-01  9.338944826e-01
 9.119373777e-01  8.879059523e-01  9.311803156e-01
 9.138943249e-01  8.900106533e-01  9.284130338e-01
 9.158512720e-01  8.921216533e-01  9.255664229e-01
 9.178082192e-01  8.942393220e-01  9.225973317e-01
 9.197651663e-01  8.963639323e-01  9.195692455e-01
 9.217221135e-01  8.984955710e-01  9.164649561e-01
 9.236790607e-01  9.006346006e-01  9.132457154e-01
 9.256360078e-01  9.027812953e-01  9.100004569e-01
 9.275929550e-01  9.049356082e-01  9.067153794e-01
 9.295499022e-01  9.070978880e-01  9.032552552e-01
 9.315068493e-01  9.092687410e-01  8.996285852e-01
 9.334637965e-01  9.114484913e-01  8.960300273e-01
 9.354207436e-01  9.136368139e-01  8.923097745e-01
 9.373776908e-01  9.158347844e-01  8.883037935e-01
 9.393346380e-01  9.180428918e-01  8.841641482e-01
 9.412915851e-01  9.202614944e-01  8.801926516e-01
 9.432485323e-01  9.224895659e-01  8.760817056e-01
 9.452054795e-01  9.247290520e-01  8.714831536e-01
 9.471624266e-01  9.269807046e-01  8.666911522e-01
 9.491193738e-01  9.292450274e-01  8.620423174e-01
 9.510763209e-01  9.315210224e-01  8.578657112e-01
 9.530332681e-01  9.338074375e-01  8.530967107e-01
 9.549902153e-01  9.361089894e-01  8.472973482e-01
 9.569471624e-01  9.384268211e-01  8.412131084e-01
 9.589041096e-01  9.407617944e-01  8.349554376e-01
 9.608610568e-01  9.431145041e-01  8.388342460e-01
 9.628180039e-01  9.454283161e-01  8.479837419e-01
 9.647749511e-01  9.477300968e-01  8.422967717e-01
 9.667318982e-01  9.500758406e-01  8.246014804e-01
 9.686888454e-01  9.524778367e-01  8.040048716e-01
 9.706457926e-01  9.549456157e-01  7.818119597e-01
 9.726027397e-01  9.574861328e-01  7.590926202e-01
 9.745596869e-01  9.601039487e-01  7.366785672e-01
 9.765166341e-01  9.628014121e-01  7.151858701e-01
 9.784735812e-01  9.655788395e-01  6.950495833e-01
 9.804305284e-01  9.684346964e-01  6.765612450e-01
 9.823874755e-01  9.713657764e-01  6.599038723e-01
 9.843444227e-01  9.743673796e-01  6.451819468e-01
 9.863013699e-01  9.774334898e-01  6.324457104e-01
 9.882583170e-01  9.805569486e-01  6.217100807e-01
 9.902152642e-01  9.837296282e-01  6.129689427e-01
 9.921722114e-01  9.869426000e-01  6.062056898e-01
 9.941291585e-01  9.901863008e-01  6.014008359e-01
 9.960861057e-01  9.934506945e-01  5.985373802e-01
 9.980430528e-01  9.967254310e-01  5.976044848e-01
 1.000000000e+00  1.000000000e+00  5.976350662e-01
4  3.675846603e-01  7.041957878e-01  1.008371960e+00  7.455010075e-01  9.641459046e-01  6.421786392e+01  4.640775784e-01  9.895877232e-01  3.157551791e-01  2.650447173e+00
5  4.800515612e-01  9.579159074e-01  1.005631051e+00  6.110374684e-01  9.377970799e-01  3.848431033e+01  4.123468498e-01  1.036311124e+00  4.702109283e-01  2.761579567e+00
6  5.729108419e-01  1.103245487e+00  1.003783578e+00  5.208910811e-01  9.158367109e-01  2.802016552e+01  3.815446530e-01  1.106587764e+00  5.855882786e-01  2.741428231e+00
7  6.542689103e-01  1.221883172e+00  1.002332881e+00  4.560302146e-01  8.998001598e-01  2.236814180e+01  3.603411881e-01  1.184093455e+00  6.778824232e-01  2.679607750e+00
8  7.266899586e-01  1.318825081e+00  1.001114271e+00  4.070541560e-01  8.923919543e-01  1.900636224e+01  3.447888125e-01  1.264793406e+00  7.548273586e-01  2.601020820e+00
9  7.922277481e-01  1.442835856e+00  1.000091548e+00  3.686961104e-01  8.981790279e-01  1.710840363e+01  3.332568535e-01  1.356414690e+00  8.199422323e-01  2.517956953e+00
10  8.453049282e-01  1.894014439e+00  9.993680588e-01  3.374557770e-01  9.260759049e-01  1.660255790e+01  3.256187214e-01  1.470297092e+00  8.713425124e-01  2.416238887e+00
11  8.828132213e-01  2.469295257e+00  9.989818163e-01  3.110165862e-01  9.895649056e-01  1.775739039e+01  3.216954991e-01  1.643870442e+00  9.071784608e-01  2.293161969e+00
12  9.174928242e-01  1.696134993e+00  9.989613297e-01  2.893321502e-01  1.088710494e+00  2.016814090e+01  3.205904789e-01  1.850755990e+00  9.388480014e-01  2.184595883e+00
13  9.577809538e-01  3.034843001e+00  9.996477219e-01  2.723795279e-01  1.218231102e+00  2.340847479e+01  3.229972071e-01  2.069918431e+00  9.728261529e-01  2.106545426e+00
14  9.760218582e-01  5.085058471e+00  9.998497017e-01  2.553519688e-01  1.409704688e+00  2.998665856e+01  3.256428405e-01  2.727272006e+00  9.854048168e-01  1.993734084e+00
15  9.866613671e-01  8.195652721e+00  9.999236151e-01  2.399486595e-01  1.602282417e+00  3.714860778e+01  3.285478507e-01  3.923902326e+00  9.920016557e-01  1.881242120e+00
16  9.927772009e-01  1.353737372e+01  9.999593051e-01  2.259982771e-01  1.739973535e+00  4.192151452e+01  3.317098469e-01  6.083742162e+00  9.956828632e-01  1.774659925e+00
0 0 -1.259234183e-01 -1.060120959e-18
0 1  1.391904032e-02 -4.320894620e-03
0 2 -1.402753445e-02  4.905293487e-03
0 3  5.358877955e-03 -5.667704479e-03
0 4 -2.515152321e-03  5.636069079e-03
0 5 -1.438482323e-03 -4.477727588e-03
0 6  3.312768254e-03  1.564546386e-03
0 7 -2.489099025e-03  2.011937049e-03
0 8 -1.483695671e-03 -2.318975702e-03
0 9  1.729044541e-03 -1.622462539e-03
0 10  2.051412541e-03  6.306704440e-04
0 11  1.053470804e-03  1.680067684e-03
0 12  2.143148316e-04  1.837478761e-03
1 0 -1.105357566e-01 -3.431367000e-02
1 1 -9.749321173e-02 -4.610640714e-18
1 2  1.030313135e-02 -5.910459321e-03
1 3 -1.356558053e-02  7.084124522e-03
1 4  2.887139943e-03 -7.736734179e-03
1 5  3.532697716e-04  6.480221868e-03
1 6 -4.723520680e-03 -2.813288612e-03
1 7  3.512922296e-03 -2.336984175e-03
1 8  1.433220831e-03  3.387669750e-03
1 9 -2.701408262e-03  1.839899163e-03
1 10 -2.696965872e-03 -1.229750006e-03
1 11 -1.163904247e-03 -2.446738731e-03
1 12 -1.702503900e-05 -2.506804826e-03
2 0  1.113973448e-01  3.895457695e-02
2 1 -1.056804998e-01 -6.062431647e-02
2 2 -7.847788206e-02 -2.206068458e-17
2 3  6.539833878e-03 -7.073099985e-03
2 4 -1.083817542e-02  8.383583327e-03
2 5 -1.096431445e-03 -8.029988162e-03
2 6  3.608770246e-03  4.358215636e-03
2 7 -5.345980849e-03  1.759049586e-03
2 8 -1.251724565e-03 -4.259299481e-03
2 9  3.212921975e-03 -1.446351810e-03
2 10  2.514257655e-03  1.986868711e-03
2 11  5.427805000e-04  2.972641190e-03
2 12 -7.408406732e-04  2.756108606e-03
3 0 -4.255664298e-02 -4.500913775e-02
3 1  1.391438469e-01  7.266274643e-02
3 2 -8.333346552e-02 -9.012857891e-02
3 3 -6.526577345e-02 -3.980942665e-17
3 4  3.389933754e-03 -8.148393414e-03
3 5 -7.356080087e-03  8.908321290e-03
3 6 -5.295504241e-03 -6.452704310e-03
3 7  4.733292653e-03 -2.334835807e-04
3 8 -1.172432555e-03  4.868147309e-03
3 9 -4.459934892e-03  3.458815709e-04
3 10 -2.403115186e-03 -2.984377418e-03
3 11  5.988066657e-05 -3.328891980e-03
3 12  1.344994308e-03 -2.680076496e-03
4 0  1.997366618e-02  4.475791045e-02
4 1 -2.961375353e-02 -7.935664486e-02
4 2  1.381048410e-01  1.068273392e-01
4 3 -5.194045171e-02 -1.248494116e-01
4 4 -5.557251258e-02  1.360177815e-17
4 5  5.678182555e-04 -9.134152453e-03
4 6 -3.696065688e-03  8.456472277e-03
4 7 -8.584303862e-03 -2.710031742e-03
4 8  1.376202157e-03 -4.727103580e-03
4 9  3.327873612e-03  1.582563371e-03
4 10  8.271961068e-06  3.918622884e-03
4 11 -2.410215351e-03  3.111643389e-03
4 12 -3.295167069e-03  1.846601190e-03
5 0  1.142346946e-02 -3.555913308e-02
5 1 -3.623531991e-03  6.646844179e-02
5 2  1.397121604e-02 -1.023216727e-01
5 3  1.127096133e-01  1.364930011e-01
5 4 -1.021760991e-02 -1.643645757e-01
5 5 -4.808639834e-02  4.858080097e-17
5 6 -2.383086979e-03 -1.007416104e-02
5 7 -3.146083465e-04  6.567980200e-03
5 8 -8.484459016e-03  2.481898149e-03
5 9 -4.323059955e-03 -4.093656074e-03
5 10  7.170909093e-04 -3.900337650e-03
5 11  2.649774708e-03 -1.567403496e-03
5 12  2.773203027e-03  8.689576745e-05
6 0 -2.630780119e-02  1.242458636e-02
6 1  4.844973918e-02 -2.885625124e-02
6 2 -4.598455197e-02  5.553431772e-02
6 3  8.113753904e-02 -9.886811982e-02
6 4  6.650888211e-02  1.521700547e-01
6 5  4.955844191e-02 -2.095012600e-01
6 6 -4.185625131e-02 -1.148068223e-18
6 7 -5.873271248e-03 -1.074210938e-02
6 8  1.999169008e-03  2.376924630e-03
6 9 -3.824588799e-03  5.129028764e-03
6 10 -6.440304486e-03  1.322592586e-03
6 11 -5.521180995e-03 -1.712163791e-03
6 12 -4.053211932e-03 -3.022696444e-03
7 0  1.976676824e-02  1.597746532e-02
7 1 -3.603248097e-02 -2.397073738e-02
7 2  6.812086041e-02  2.241459045e-02
7 3 -7.252335187e-02 -3.577427622e-03
7 4  1.544703211e-01 -4.876568678e-02
7 5  6.542564163e-03  1.365870688e-01
7 6  1.403200493e-01 -2.566428919e-01
7 7 -3.611704191e-02  1.972412176e-17
7 8 -8.229641240e-03 -9.542812268e-03
7 9  1.574862729e-03 -1.999178425e-03
7 10  5.928795638e-04  3.022690327e-03
7 11 -1.914391848e-03  4.049003536e-03
7 12 -3.386652283e-03  3.434867384e-03
8 0  1.178252378e-02 -1.841576201e-02
8 1 -1.470072435e-02  3.474775002e-02
8 2  1.595002989e-02 -5.427388418e-02
8 3  1.796397243e-02  7.458959041e-02
8 4 -2.476408018e-02 -8.506190130e-02
8 5  1.764419734e-01  5.161330927e-02
8 6 -4.776273426e-02  5.678780483e-02
8 7  2.278603342e-01 -2.642190989e-01
8 8 -3.178316090e-02 -1.022935084e-17
8 9 -8.563256945e-03 -6.900921603e-03
8 10 -1.101401480e-03 -4.956495076e-03
8 11  1.175599154e-03 -1.612107318e-03
8 12  1.253022509e-03  2.976638646e-04
9 0 -1.373092126e-02 -1.288451791e-02
9 1  2.770868058e-02  1.887207458e-02
9 2 -4.094047763e-02 -1.843005663e-02
9 3  6.833497339e-02  5.299585873e-03
9 4 -5.988344701e-02  2.847744860e-02
9 5  8.990192869e-02 -8.513126820e-02
9 6  9.137437490e-02  1.225391334e-01
9 7 -4.360442180e-02 -5.535277307e-02
9 8  2.694274799e-01 -2.171250879e-01
9 9 -2.936986755e-02  1.119148901e-16
9 10 -1.319874232e-02 -6.690719024e-03
9 11 -6.480393260e-03 -7.236963443e-03
9 12 -3.085833005e-03 -6.221956997e-03
10 0 -1.629095341e-02  5.008365026e-03
10 1  2.766311443e-02 -1.261369878e-02
10 2 -3.203778682e-02  2.531756284e-02
10 3  3.682045058e-02 -4.572653108e-02
10 4 -1.488498663e-04  7.051368926e-02
10 5 -1.491255186e-02 -8.111103731e-02
10 6  1.538672070e-01  3.159844812e-02
10 7 -1.641550727e-02  8.369152533e-02
10 8  3.465361684e-02 -1.559472040e-01
10 9  4.493974071e-01 -2.278089614e-01
10 10 -2.268841813e-02 -1.000359177e-16
10 11 -1.208467781e-02 -3.529598324e-03
10 12 -8.964800249e-03 -5.048835573e-03
11 0 -8.365964156e-03  1.334197965e-02
11 1  1.193831064e-02 -2.509650352e-02
11 2 -6.916350005e-03  3.787871324e-02
11 3 -9.174895724e-04 -5.100517168e-02
11 4  4.337063846e-02  5.599249061e-02
11 5 -5.510445364e-02 -3.259556860e-02
11 6  1.319081576e-01 -4.090580828e-02
11 7  5.300522267e-02  1.121078395e-01
11 8 -3.698811322e-02 -5.072205762e-02
11 9  2.206476842e-01 -2.464077658e-01
11 10  5.326364202e-01 -1.555682862e-01
11 11 -1.859020055e-02  8.529663384e-19
11 12 -9.816933231e-03 -1.840450372e-03
12 0 -1.701945790e-03  1.459203369e-02
12 1  1.746279428e-04 -2.571260892e-02
12 2  9.440120627e-03  3.511955896e-02
12 3 -2.060795785e-02 -4.106404252e-02
12 4  5.929490887e-02  3.322867914e-02
12 5 -5.767125678e-02  1.807075814e-03
12 6  9.683647735e-02 -7.221612900e-02
12 7  9.376881674e-02  9.510378488e-02
12 8 -3.942409985e-02  9.365458191e-03
12 9  1.050679919e-01 -2.118483165e-01
12 10  3.951267205e-01 -2.225292016e-01
12 11  5.280703240e-01 -9.900110366e-02
12 12 -1.548310533e-02 -6.327806130e-17
0 0 -8.248404294e+00  1.301048114e-15
0 1 -8.784511115e-01  3.684315765e-01
0 2  1.161962424e+00 -3.377606706e-01
0 3 -2.756254552e-01  2.754663434e-01
0 4  1.255002243e-01 -2.306675943e-01
0 5  4.264430159e-02  1.640311394e-01
0 6 -1.035041232e-01 -5.622535981e-02
0 7  7.948658347e-02 -5.175744073e-02
0 8  3.666802093e-02  7.041578170e-02
0 9 -4.274619181e-02  6.689901490e-02
0 10 -5.502206749e-02 -1.114933054e-02
0 11 -1.196840577e-02 -4.633572910e-02
0 12  2.987084254e-02 -5.716727604e-02
1 0 -8.784511115e-01 -3.684315765e-01
1 1 -1.084886257e+01  3.298055147e-15
1 2 -9.113576301e-01  8.118292341e-01
1 3  1.843366597e+00 -8.100219905e-01
1 4 -2.539707283e-01  6.042034720e-01
1 5  1.956711916e-02 -4.288689658e-01
1 6  2.531436637e-01  1.757528711e-01
1 7 -1.870608059e-01  9.771081162e-02
1 8 -5.012303248e-02 -1.624103303e-01
1 9  1.098930254e-01 -1.177587217e-01
1 10  1.074561974e-01  4.208639505e-02
1 11  9.774133496e-03  9.867946105e-02
1 12 -7.009501684e-02  1.089981833e-01
2 0  1.161962424e+00  3.377606706e-01
2 1 -9.113576301e-01 -8.118292341e-01
2 2 -1.362151261e+01  1.270351897e-14
2 3 -6.861380254e-01  1.457263627e+00
2 4  2.273568416e+00 -1.468588985e+00
2 5  8.013261976e-02  9.421817285e-01
2 6 -2.994645141e-01 -4.624017030e-01
2 7  4.511331519e-01 -9.488107416e-02
2 8  4.506589030e-02  3.203603128e-01
2 9 -2.201374187e-01  1.549722174e-01
2 10 -1.529898659e-01 -1.042374253e-01
2 11  2.222271594e-02 -1.570533780e-01
2 12  1.666940570e-01 -1.411117375e-01
3 0 -2.756254552e-01 -2.754663434e-01
3 1  1.843366597e+00  8.100219905e-01
3 2 -6.861380254e-01 -1.457263627e+00
3 3 -1.653809585e+01 -2.162696183e-14
3 4 -1.879162439e-01  2.363250795e+00
3 5  2.329257979e+00 -2.261316661e+00
3 6  8.197716565e-01  1.113219442e+00
3 7 -6.413154316e-01 -9.998335500e-02
3 8  2.242798016e-01 -5.520216375e-01
3 9  4.514872908e-01 -9.023346557e-02
3 10  1.848653293e-01  2.452443363e-01
3 11 -1.041146936e-01  2.261650610e-01
3 12 -2.786330543e-01  1.333789041e-01
4 0  1.255002243e-01  2.306675943e-01
4 1 -2.539707283e-01 -6.042034720e-01
4 2  2.273568416e+00  1.468588985e+00
4 3 -1.879162439e-01 -2.363250795e+00
4 4 -1.970554946e+01 -1.224729719e-14
4 5  7.126598866e-01  3.564410066e+00
4 6  1.899308608e+00 -3.098081133e+00
4 7  1.909863187e+00  7.729701768e-01
4 8 -4.404828148e-01  6.915039978e-01
4 9 -5.696820466e-01 -1.947064144e-01
4 10 -1.338892769e-02 -4.603394081e-01
4 11  3.425790403e-01 -2.303934932e-01
4 12  5.611223996e-01  2.669516132e-02
5 0  4.264430159e-02 -1.640311394e-01
5 1  1.956711916e-02  4.288689658e-01
5 2  8.013261976e-02 -9.421817285e-01
5 3  2.329257979e+00  2.261316661e+00
5 4  7.126598866e-01 -3.564410066e+00
5 5 -2.335048785e+01 -1.676267874e-14
5 6  2.356202875e+00  5.337977346e+00
5 7  1.028538027e+00 -3.810418587e+00
5 8  2.799741298e+00 -5.277878292e-01
5 9  9.592498898e-01  9.207207290e-01
5 10 -2.496717122e-01  6.072278310e-01
5 11 -5.152866244e-01 -4.577010772e-02
5 12 -4.440137305e-01 -5.431908989e-01
6 0 -1.035041232e-01  5.622535981e-02
6 1  2.531436637e-01 -1.757528711e-01
6 2 -2.994645141e-01  4.624017030e-01
6 3  8.197716565e-01 -1.113219442e+00
6 4  1.899308608e+00  3.098081133e+00
6 5  2.356202875e+00 -5.337977346e+00
6 6 -2.763455290e+01  1.200213662e-14
6 7  5.177981992e+00  7.418302186e+00
6 8 -3.276849849e-01 -3.544571160e+00
6 9  1.515929834e+00 -2.060225267e+00
6 10  1.592900646e+00 -2.617208293e-01
6 11  8.588989368e-01  6.419696768e-01
6 12  3.465606649e-01  1.086100689e+00
7 0  7.948658347e-02  5.175744073e-02
7 1 -1.870608059e-01 -9.771081162e-02
7 2  4.511331519e-01  9.488107416e-02
7 3 -6.413154316e-01  9.998335500e-02
7 4  1.909863187e+00 -7.729701768e-01
7 5  1.028538027e+00  3.810418587e+00
7 6  5.177981992e+00 -7.418302186e+00
7 7 -3.241235161e+01 -3.061529994e-14
7 8  7.986135559e+00  8.116223940e+00
7 9 -1.059108846e+00 -1.219454845e-01
7 10 -3.067925178e-02 -1.912978556e+00
7 11  1.215010062e+00 -1.590740774e+00
7 12  2.288530182e+00 -1.083465930e+00
8 0  3.666802093e-02 -7.041578170e-02
8 1 -5.012303248e-02  1.624103303e-01
8 2  4.506589030e-02 -3.203603128e-01
8 3  2.242798016e-01  5.520216375e-01
8 4 -4.404828148e-01 -6.915039978e-01
8 5  2.799741298e+00  5.277878292e-01
8 6 -3.276849849e-01  3.544571160e+00
8 7  7.986135559e+00 -8.116223940e+00
8 8 -3.594853891e+01 -1.558519696e-13
8 9  1.009507278e+01  6.984153704e+00
8 10 -2.015685973e-01  1.674262261e+00
8 11 -9.413001028e-01 -1.399296157e+00
8 12 -5.434908388e-02 -3.087561463e+00
9 0 -4.274619181e-02 -6.689901490e-02
9 1  1.098930254e-01  1.177587217e-01
9 2 -2.201374187e-01 -1.549722174e-01
9 3  4.514872908e-01  9.023346557e-02
9 4 -5.696820466e-01  1.947064144e-01
9 5  9.592498898e-01 -9.207207290e-01
9 6  1.515929834e+00  2.060225267e+00
9 7 -1.059108846e+00  1.219454845e-01
9 8  1.009507278e+01 -6.984153704e+00
9 9 -4.546205124e+01  4.158697577e-14
9 10  1.912752513e+01  8.532590449e+00
9 11  1.815428471e+00  3.111268423e+00
9 12 -1.626074757e+00 -5.781217117e-01
10 0 -5.502206749e-02  1.114933054e-02
10 1  1.074561974e-01 -4.208639505e-02
10 2 -1.529898659e-01  1.042374253e-01
10 3  1.848653293e-01 -2.452443363e-01
10 4 -1.338892769e-02  4.603394081e-01
10 5 -2.496717122e-01 -6.072278310e-01
10 6  1.592900646e+00  2.617208293e-01
10 7 -3.067925178e-02  1.912978556e+00
10 8 -2.015685973e-01 -1.674262261e+00
10 9  1.912752513e+01 -8.532590449e+00
10 10 -6.221325273e+01  1.212807594e-13
10 11  2.368251172e+01  6.205497495e+00
10 12  8.348368288e+00  5.660790330e+00
11 0 -1.196840577e-02  4.633572910e-02
11 1  9.774133496e-03 -9.867946105e-02
11 2  2.222271594e-02  1.570533780e-01
11 3 -1.041146936e-01 -2.261650610e-01
11 4  3.425790403e-01  2.303934932e-01
11 5 -5.152866244e-01  4.577010772e-02
11 6  8.588989368e-01 -6.419696768e-01
11 7  1.215010062e+00  1.590740774e+00
11 8 -9.413001028e-01  1.399296157e+00
11 9  1.815428471e+00 -3.111268423e+00
11 10  2.368251172e+01 -6.205497495e+00
11 11 -7.243529483e+01  5.570842988e-13
11 12  3.410622824e+01  6.394137453e+00
12 0  2.987084254e-02  5.716727604e-02
12 1 -7.009501684e-02 -1.089981833e-01
12 2  1.666940570e-01  1.411117375e-01
12 3 -2.786330543e-01 -1.333789041e-01
12 4  5.611223996e-01 -2.669516132e-02
12 5 -4.440137305e-01  5.431908989e-01
12 6  3.465606649e-01 -1.086100689e+00
12 7  2.288530182e+00  1.083465930e+00
12 8 -5.434908389e-02  3.087561463e+00
12 9 -1.626074757e+00  5.781217117e-01
12 10  8.348368288e+00 -5.660790330e+00
12 11  3.410622824e+01 -6.394137453e+00
12 12 -6.458652699e+01  2.639593368e-13
0  2.419131363e-02  2.281711125e-03 -1.072526759e-01 -2.586775657e-02
1  3.734989304e-02  4.027291072e-03  1.326280983e-01  5.408086205e-02
2  4.994862488e-02  4.854250408e-03 -1.309422173e-01 -9.264854216e-02
3  6.813856954e-02  7.556960077e-03  9.955796914e-02  1.386085766e-01
4  9.081090492e-02  8.934822683e-03 -2.735284041e-02 -1.749867170e-01
5  1.199899447e-01  1.293828555e-02 -8.467562488e-02  1.598449625e-01
6  1.518364204e-01  1.543477017e-02  1.765835147e-01 -4.039473491e-02
7  1.753339256e-01  1.760092466e-02 -1.102077657e-01 -1.391172714e-01
8  2.016778512e-01  2.084231631e-02 -1.200447081e-01  1.243154261e-01
9  2.412311866e-01  2.466557760e-02  9.699154230e-02  1.361716068e-01
10  2.471524867e-01  2.432192070e-02  1.577266821e-01 -1.471472831e-02
11  2.429470250e-01  2.364574829e-02  1.040499351e-01 -1.074508848e-01
12  2.316996723e-01  1.274333456e-02  4.543123814e-02 -1.337471473e-01
