 1.695500020e+00 -1.842219420e+00  8.594316591e-01  4.039946367e+00  9.321962780e-01  9.907898930e-01  7.697386830e+00 512 3 13
 0.000000000e+00  0.000000000e+00  4.354960612e-06
 1.956947162e-03  2.812497927e-02  1.391564347e-01
 3.913894325e-03  3.977509170e-02  1.967909198e-01
 5.870841487e-03  4.871493054e-02  2.410065675e-01
 7.827788650e-03  5.625200496e-02  2.782722167e-01
 9.784735812e-03  6.289278686e-02  3.110928614e-01
 1.174168297e-02  6.889703923e-02  3.407528781e-01
 1.369863014e-02  7.441908311e-02  3.680150022e-01
 1.565557730e-02  7.955947489e-02  3.933760127e-01
 1.761252446e-02  8.438806749e-02  4.171808279e-01
 1.956947162e-02  8.895572547e-02  4.396804624e-01
 2.152641879e-02  9.330085174e-02  4.610643150e-01
 2.348336595e-02  9.745328517e-02  4.814794488e-01
 2.544031311e-02  1.014367582e-01  5.010430040e-01
 2.739726027e-02  1.052705119e-01  5.198505783e-01
 2.935420744e-02  1.089703974e-01  5.379780614e-01
 3.131115460e-02  1.125496990e-01  5.554892864e-01
 3.326810176e-02  1.160196401e-01  5.724404299e-01
 3.522504892e-02  1.193898167e-01  5.888790245e-01
 3.718199609e-02  1.226685044e-01  6.048447179e-01
 3.913894325e-02  1.258629183e-01  6.203717734e-01
 4.109589041e-02  1.289793796e-01  6.354912235e-01
 4.305283757e-02  1.320234673e-01  6.502304104e-01
 4.500978474e-02  1.350001316e-01  6.646141696e-01
 4.696673190e-02  1.379137873e-01  6.786643422e-01
 4.892367906e-02  1.407683950e-01  6.923998278e-01
 5.088062622e-02  1.435675265e-01  7.058373391e-01
 5.283757339e-02  1.463144164e-01  7.189923897e-01
 5.479452055e-02  1.490120018e-01  7.318792769e-01
 5.675146771e-02  1.516629614e-01  7.445111087e-01
 5.870841487e-02  1.542697434e-01  7.568995276e-01
 6.066536204e-02  1.568345974e-01  7.690534569e-01
 6.262230920e-02  1.593596030e-01  7.809813133e-01
 6.457925636e-02  1.618466797e-01  7.926954962e-01
 6.653620352e-02  1.642975829e-01  8.042079290e-01
 6.849315068e-02  1.667139392e-01  8.155222333e-01
 7.045009785e-02  1.690972860e-01  8.266413101e-01
 7.240704501e-02  1.714490552e-01  8.375748996e-01
 7.436399217e-02  1.737705666e-01  8.483325137e-01
 7.632093933e-02  1.760630527e-01  8.589175988e-01
 7.827788650e-02  1.783276822e-01  8.693333656e-01
 8.023483366e-02  1.805655497e-01  8.795883379e-01
 8.219178082e-02  1.827776689e-01  8.896883262e-01
 8.414872798e-02  1.849650036e-01  8.996313641e-01
 8.610567515e-02  1.871284839e-01  9.094224280e-01
 8.806262231e-02  1.892689637e-01  9.190736737e-01
 9.001956947e-02  1.913872363e-01  9.285835454e-01
 9.197651663e-02  1.934840895e-01  9.379499332e-01
 9.393346380e-02  1.955602593e-01  9.471820107e-01
 9.589041096e-02  1.976164291e-01  9.562851257e-01
 9.784735812e-02  1.996532532e-01  9.652600378e-01
 9.980430528e-02  2.016713583e-01  9.741047952e-01
 1.017612524e-01  2.036713561e-01  9.828255113e-01
 1.037181996e-01  2.056538011e-01  9.914294138e-01
 1.056751468e-01  2.076192314e-01  9.999107553e-01
 1.076320939e-01  2.095681835e-01  1.008273038e+00
 1.095890411e-01  2.115011434e-01  1.016523582e+00
 1.115459883e-01  2.134185826e-01  1.024661384e+00
 1.135029354e-01  2.153209575e-01  1.032686808e+00
 1.154598826e-01  2.172087065e-01  1.040601857e+00
 1.174168297e-01  2.190822482e-01  1.048410915e+00
 1.193737769e-01  2.209419769e-01  1.056116378e+00
 1.213307241e-01  2.227882764e-01  1.063713385e+00
 1.232876712e-01  2.246215327e-01  1.071205944e+00
 1.252446184e-01  2.264420919e-01  1.078601302e+00
 1.272015656e-01  2.282502925e-01  1.085896390e+00
 1.291585127e-01  2.300464702e-01  1.093089897e+00
 1.311154599e-01  2.318309476e-01  1.100185815e+00
 1.330724070e-01  2.336040280e-01  1.107186811e+00
 1.350293542e-01  2.353660074e-01  1.114091976e+00
 1.369863014e-01  2.371171747e-01  1.120900805e+00
 1.389432485e-01  2.388578110e-01  1.127617786e+00
 1.409001957e-01  2.405881760e-01  1.134244457e+00
 1.428571429e-01  2.423085312e-01  1.140776028e+00
 1.448140900e-01  2.440191366e-01  1.147215047e+00
 1.467710372e-01  2.457202325e-01  1.153568464e+00
 1.487279843e-01  2.474120457e-01  1.159835051e+00
 1.506849315e-01  2.490948078e-01  1.166010357e+00
 1.526418787e-01  2.507687469e-01  1.172096106e+00
 1.545988258e-01  2.524340786e-01  1.178096120e+00
 1.565557730e-01  2.540910092e-01  1.184012751e+00
 1.585127202e-01  2.557397377e-01  1.189843583e+00
 1.604696673e-01  2.573804673e-01  1.195587896e+00
 1.624266145e-01  2.590133898e-01  1.201251347e+00
 1.643835616e-01  2.606386841e-01  1.206830216e+00
 1.663405088e-01  2.622565431e-01  1.212321833e+00
 1.682974560e-01  2.638671452e-01  1.217734215e+00
 1.702544031e-01  2.654706538e-01  1.223068634e+00
 1.722113503e-01  2.670672362e-01  1.228320658e+00
 1.741682975e-01  2.686570607e-01  1.233489093e+00
 1.761252446e-01  2.702402907e-01  1.238575361e+00
 1.780821918e-01  2.718170839e-01  1.243584450e+00
 1.800391389e-01  2.733875845e-01  1.248517114e+00
 1.819960861e-01  2.749519423e-01  1.253369355e+00
 1.839530333e-01  2.765103058e-01  1.258143366e+00
 1.859099804e-01  2.780628136e-01  1.262839162e+00
 1.878669276e-01  2.796096086e-01  1.267453919e+00
 1.898238748e-01  2.811508310e-01  1.271992572e+00
 1.917808219e-01  2.826866068e-01  1.276459283e+00
 1.937377691e-01  2.842170611e-01  1.280850952e+00
 1.956947162e-01  2.857423229e-01  1.285163032e+00
 1.976516634e-01  2.872625237e-01  1.289394775e+00
 1.996086106e-01  2.887777897e-01  1.293553121e+00
 2.015655577e-01  2.902882319e-01  1.297642297e+00
 2.035225049e-01  2.917939625e-01  1.301656015e+00
 2.054794521e-01  2.932951035e-01  1.305593039e+00
 2.074363992e-01  2.947917663e-01  1.309456681e+00
 2.093933464e-01  2.962840616e-01  1.313245495e+00
 2.113502935e-01  2.977721004e-01  1.316959152e+00
 2.133072407e-01  2.992559909e-01  1.320602336e+00
 2.152641879e-01  3.007358305e-01  1.324176981e+00
 2.172211350e-01  3.022117199e-01  1.327679925e+00
 2.191780822e-01  3.036837607e-01  1.331105131e+00
 2.211350294e-01  3.051520639e-01  1.334453796e+00
 2.230919765e-01  3.066167258e-01  1.337736077e+00
 2.250489237e-01  3.080778323e-01  1.340953341e+00
 2.270058708e-01  3.095354741e-01  1.344098885e+00
 2.289628180e-01  3.109897496e-01  1.347170024e+00
 2.309197652e-01  3.124407527e-01  1.350168415e+00
 2.328767123e-01  3.138885759e-01  1.353095940e+00
 2.348336595e-01  3.153333069e-01  1.355956407e+00
 2.367906067e-01  3.167750277e-01  1.358751797e+00
 2.387475538e-01  3.182138200e-01  1.361479977e+00
 2.407045010e-01  3.196497685e-01  1.364134899e+00
 2.426614481e-01  3.210829655e-01  1.366714669e+00
 2.446183953e-01  3.225134980e-01  1.369227351e+00
 2.465753425e-01  3.239414395e-01  1.371679999e+00
 2.485322896e-01  3.253668606e-01  1.374068194e+00
 2.504892368e-01  3.267898426e-01  1.376384765e+00
 2.524461840e-01  3.282104693e-01  1.378629428e+00
 2.544031311e-01  3.296288211e-01  1.380807109e+00
 2.563600783e-01  3.310449702e-01  1.382920516e+00
 2.583170254e-01  3.324589901e-01  1.384969869e+00
 2.602739726e-01  3.338709512e-01  1.386956270e+00
 2.622309198e-01  3.352809235e-01  1.388877633e+00
 2.641878669e-01  3.366889805e-01  1.390728496e+00
 2.661448141e-01  3.380952023e-01  1.392509296e+00
 2.681017613e-01  3.394996601e-01  1.394228103e+00
 2.700587084e-01  3.409024167e-01  1.395890733e+00
 2.720156556e-01  3.423035307e-01  1.397492463e+00
 2.739726027e-01  3.437030735e-01  1.399024468e+00
 2.759295499e-01  3.451011205e-01  1.400486985e+00
 2.778864971e-01  3.464977416e-01  1.401887191e+00
 2.798434442e-01  3.478929972e-01  1.403228743e+00
 2.818003914e-01  3.492869490e-01  1.404512112e+00
 2.837573386e-01  3.506796559e-01  1.405736075e+00
 2.857142857e-01  3.520711813e-01  1.406894290e+00
 2.876712329e-01  3.534615959e-01  1.407984497e+00
 2.896281800e-01  3.548509672e-01  1.409012404e+00
 2.915851272e-01  3.562393538e-01  1.409985772e+00
 2.935420744e-01  3.576268074e-01  1.410908147e+00
 2.954990215e-01  3.590133793e-01  1.411769492e+00
 2.974559687e-01  3.603991403e-01  1.412560662e+00
 2.994129159e-01  3.617841593e-01  1.413289050e+00
 3.013698630e-01  3.631684923e-01  1.413964086e+00
 3.033268102e-01  3.645521891e-01  1.414587210e+00
 3.052837573e-01  3.659353027e-01  1.415155292e+00
 3.072407045e-01  3.673178889e-01  1.415662207e+00
 3.091976517e-01  3.687000121e-01  1.416106425e+00
 3.111545988e-01  3.700817309e-01  1.416492596e+00
 3.131115460e-01  3.714631006e-01  1.416824573e+00
 3.150684932e-01  3.728441720e-01  1.417106490e+00
 3.170254403e-01  3.742249921e-01  1.417338521e+00
 3.189823875e-01  3.756056114e-01  1.417510566e+00
 3.209393346e-01  3.769860963e-01  1.417619398e+00
 3.228962818e-01  3.783665036e-01  1.417674819e+00
 3.248532290e-01  3.797468805e-01  1.417682587e+00
 3.268101761e-01  3.811272727e-01  1.417642805e+00
 3.287671233e-01  3.825077271e-01  1.417550128e+00
 3.307240705e-01  3.838882998e-01  1.417398911e+00
 3.326810176e-01  3.852690488e-01  1.417193661e+00
 3.346379648e-01  3.866500214e-01  1.416938531e+00
 3.365949119e-01  3.880312677e-01  1.416634083e+00
 3.385518591e-01  3.894128340e-01  1.416284867e+00
 3.405088063e-01  3.907947616e-01  1.415887723e+00
 3.424657534e-01  3.921771029e-01  1.415435303e+00
 3.444227006e-01  3.935599141e-01  1.414929305e+00
 3.463796477e-01  3.949432444e-01  1.414376146e+00
 3.483365949e-01  3.963271374e-01  1.413781303e+00
 3.502935421e-01  3.977116320e-01  1.413144987e+00
 3.522504892e-01  3.990967717e-01  1.412458055e+00
 3.542074364e-01  4.004826133e-01  1.411718134e+00
 3.561643836e-01  4.018692054e-01  1.410932511e+00
 3.581213307e-01  4.032565908e-01  1.410104828e+00
 3.600782779e-01  4.046448111e-01  1.409236386e+00
 3.620352250e-01  4.060339070e-01  1.408326374e+00
 3.639921722e-01  4.074239220e-01  1.407370497e+00
 3.659491194e-01  4.088149055e-01  1.406367423e+00
 3.679060665e-01  4.102069041e-01  1.405320266e+00
 3.698630137e-01  4.115999614e-01  1.404233994e+00
 3.718199609e-01  4.129941144e-01  1.403112980e+00
 3.737769080e-01  4.143893987e-01  1.401953211e+00
 3.757338552e-01  4.157858593e-01  1.400747297e+00
 3.776908023e-01  4.171835471e-01  1.399497394e+00
 3.796477495e-01  4.185825033e-01  1.398211163e+00
 3.816046967e-01  4.199827638e-01  1.396892230e+00
 3.835616438e-01  4.213843630e-01  1.395537823e+00
 3.855185910e-01  4.227873429e-01  1.394143992e+00
 3.874755382e-01  4.241917462e-01  1.392710591e+00
 3.894324853e-01  4.255976155e-01  1.391240799e+00
 3.913894325e-01  4.270049878e-01  1.389737748e+00
 3.933463796e-01  4.284138998e-01  1.388202936e+00
 3.953033268e-01  4.298243860e-01  1.386636218e+00
 3.972602740e-01  4.312364836e-01  1.385035249e+00
 3.992172211e-01  4.326502324e-01  1.383398186e+00
 4.011741683e-01  4.340656742e-01  1.381727996e+00
 4.031311155e-01  4.354828430e-01  1.380030315e+00
 4.050880626e-01  4.369017694e-01  1.378305500e+00
 4.070450098e-01  4.383224873e-01  1.376550134e+00
 4.090019569e-01  4.397450349e-01  1.374762365e+00
 4.109589041e-01  4.411694504e-01  1.372944713e+00
 4.129158513e-01  4.425957672e-01  1.371101754e+00
 4.148727984e-01  4.440240145e-01  1.369233987e+00
 4.168297456e-01  4.454542253e-01  1.367339054e+00
 4.187866928e-01  4.468864342e-01  1.365417905e+00
 4.207436399e-01  4.483206725e-01  1.363471593e+00
 4.227005871e-01  4.497569731e-01  1.361500623e+00
 4.246575342e-01  4.511953671e-01  1.359506807e+00
 4.266144814e-01  4.526358838e-01  1.357490402e+00
 4.285714286e-01  4.540785541e-01  1.355452763e+00
 4.305283757e-01  4.555234051e-01  1.353394162e+00
 4.324853229e-01  4.569704676e-01  1.351313111e+00
 4.344422701e-01  4.584197723e-01  1.349212181e+00
 4.363992172e-01  4.598713450e-01  1.347093253e+00
 4.383561644e-01  4.613252128e-01  1.344956061e+00
 4.403131115e-01  4.627814024e-01  1.342801333e+00
 4.422700587e-01  4.642399399e-01  1.340629278e+00
 4.442270059e-01  4.657008519e-01  1.338441123e+00
 4.461839530e-01  4.671641623e-01  1.336238219e+00
 4.481409002e-01  4.686298953e-01  1.334019512e+00
 4.500978474e-01  4.700980773e-01  1.331786446e+00
 4.520547945e-01  4.715687297e-01  1.329541883e+00
 4.540117417e-01  4.730418731e-01  1.327285683e+00
 4.559686888e-01  4.745175297e-01  1.325017037e+00
 4.579256360e-01  4.759957220e-01  1.322736096e+00
 4.598825832e-01  4.774764723e-01  1.320444822e+00
 4.618395303e-01  4.789597991e-01  1.318146034e+00
 4.637964775e-01  4.804457186e-01  1.315839841e+00
 4.657534247e-01  4.819342495e-01  1.313524944e+00
 4.677103718e-01  4.834254111e-01  1.311201715e+00
 4.696673190e-01  4.849192216e-01  1.308872018e+00
 4.716242661e-01  4.864156962e-01  1.306537861e+00
 4.735812133e-01  4.879148490e-01  1.304200084e+00
 4.755381605e-01  4.894166933e-01  1.301858671e+00
 4.774951076e-01  4.909212434e-01  1.299513279e+00
 4.794520548e-01  4.924285138e-01  1.297164918e+00
 4.814090020e-01  4.939385165e-01  1.294815098e+00
 4.833659491e-01  4.954512626e-01  1.292465226e+00
 4.853228963e-01  4.969667610e-01  1.290116541e+00
 4.872798434e-01  4.984850201e-01  1.287768564e+00
 4.892367906e-01  5.000060500e-01  1.285421198e+00
 4.911937378e-01  5.015298593e-01  1.283075923e+00
 4.931506849e-01  5.030564547e-01  1.280734330e+00
 4.951076321e-01  5.045858412e-01  1.278397508e+00
 4.970645793e-01  5.061180227e-01  1.276065466e+00
 4.990215264e-01  5.076530042e-01  1.273738081e+00
 5.009784736e-01  5.091907901e-01  1.271416321e+00
 5.029354207e-01  5.107313829e-01  1.269101449e+00
 5.048923679e-01  5.122747837e-01  1.266794110e+00
 5.068493151e-01  5.138209937e-01  1.264494491e+00
 5.088062622e-01  5.153700133e-01  1.262203142e+00
 5.107632094e-01  5.169218422e-01  1.259920750e+00
 5.127201566e-01  5.184764791e-01  1.257647742e+00
 5.146771037e-01  5.200339224e-01  1.255384518e+00
 5.166340509e-01  5.215941699e-01  1.253131522e+00
 5.185909980e-01  5.231572184e-01  1.250889278e+00
 5.205479452e-01  5.247230644e-01  1.248658480e+00
 5.225048924e-01  5.262917028e-01  1.246439345e+00
 5.244618395e-01  5.278631293e-01  1.244231949e+00
 5.264187867e-01  5.294373385e-01  1.242036778e+00
 5.283757339e-01  5.310143246e-01  1.239854052e+00
 5.303326810e-01  5.325940813e-01  1.237684203e+00
 5.322896282e-01  5.341766016e-01  1.235527749e+00
 5.342465753e-01  5.357618776e-01  1.233384864e+00
 5.362035225e-01  5.373499016e-01  1.231255664e+00
 5.381604697e-01  5.389406652e-01  1.229140074e+00
 5.401174168e-01  5.405341604e-01  1.227038110e+00
 5.420743640e-01  5.421303787e-01  1.224950439e+00
 5.440313112e-01  5.437293100e-01  1.222877656e+00
 5.459882583e-01  5.453309441e-01  1.220819652e+00
 5.479452055e-01  5.469352707e-01  1.218775986e+00
 5.499021526e-01  5.485422805e-01  1.216746414e+00
 5.518590998e-01  5.501519638e-01  1.214731378e+00
 5.538160470e-01  5.517643095e-01  1.212731733e+00
 5.557729941e-01  5.533793054e-01  1.210747509e+00
 5.577299413e-01  5.549969402e-01  1.208777985e+00
 5.596868885e-01  5.566172031e-01  1.206822812e+00
 5.616438356e-01  5.582400836e-01  1.204881964e+00
 5.636007828e-01  5.598655706e-01  1.202956300e+00
 5.655577299e-01  5.614936509e-01  1.201046119e+00
 5.675146771e-01  5.631243124e-01  1.199150623e+00
 5.694716243e-01  5.647575438e-01  1.197269412e+00
 5.714285714e-01  5.663933336e-01  1.195402291e+00
 5.733855186e-01  5.680316709e-01  1.193549576e+00
 5.753424658e-01  5.696725431e-01  1.191711633e+00
 5.772994129e-01  5.713159377e-01  1.189888086e+00
 5.792563601e-01  5.729618431e-01  1.188078321e+00
 5.812133072e-01  5.746102481e-01  1.186282194e+00
 5.831702544e-01  5.762611413e-01  1.184499627e+00
 5.851272016e-01  5.779145115e-01  1.182730573e+00
 5.870841487e-01  5.795703469e-01  1.180975013e+00
 5.890410959e-01  5.812286363e-01  1.179232555e+00
 5.909980431e-01  5.828893688e-01  1.177502934e+00
 5.929549902e-01  5.845525334e-01  1.175785863e+00
 5.949119374e-01  5.862181198e-01  1.174080874e+00
 5.968688845e-01  5.878861184e-01  1.172387931e+00
 5.988258317e-01  5.895565186e-01  1.170707088e+00
 6.007827789e-01  5.912293102e-01  1.169037997e+00
 6.027397260e-01  5.929044836e-01  1.167380172e+00
 6.046966732e-01  5.945820297e-01  1.165733108e+00
 6.066536204e-01  5.962619401e-01  1.164096442e+00
 6.086105675e-01  5.979442066e-01  1.162470239e+00
 6.105675147e-01  5.996288203e-01  1.160854386e+00
 6.125244618e-01  6.013157734e-01  1.159248345e+00
 6.144814090e-01  6.030050581e-01  1.157651623e+00
 6.164383562e-01  6.046966679e-01  1.156063747e+00
 6.183953033e-01  6.063905963e-01  1.154484399e+00
 6.203522505e-01  6.080868375e-01  1.152913420e+00
 6.223091977e-01  6.097853855e-01  1.151350623e+00
 6.242661448e-01  6.114862346e-01  1.149795614e+00
 6.262230920e-01  6.131893799e-01  1.148247793e+00
 6.281800391e-01  6.148948175e-01  1.146706546e+00
 6.301369863e-01  6.166025442e-01  1.145171537e+00
 6.320939335e-01  6.183125569e-01  1.143642718e+00
 6.340508806e-01  6.200248524e-01  1.142119945e+00
 6.360078278e-01  6.217394280e-01  1.140602462e+00
 6.379647750e-01  6.234562826e-01  1.139089422e+00
 6.399217221e-01  6.251754161e-01  1.137580734e+00
 6.418786693e-01  6.268968277e-01  1.136076386e+00
 6.438356164e-01  6.286205170e-01  1.134576074e+00
 6.457925636e-01  6.303464842e-01  1.133078658e+00
 6.477495108e-01  6.320747324e-01  1.131583244e+00
 6.497064579e-01  6.338052644e-01  1.130090137e+00
 6.516634051e-01  6.355380824e-01  1.128599548e+00
 6.536203523e-01  6.372731886e-01  1.127111109e+00
 6.555772994e-01  6.390105863e-01  1.125623279e+00
 6.575342466e-01  6.407502824e-01  1.124134935e+00
 6.594911937e-01  6.424922838e-01  1.122646480e+00
 6.614481409e-01  6.442365961e-01  1.121158355e+00
 6.634050881e-01  6.459832249e-01  1.119670079e+00
 6.653620352e-01  6.477321774e-01  1.118180406e+00
 6.673189824e-01  6.494834631e-01  1.116688303e+00
 6.692759295e-01  6.512370926e-01  1.115193581e+00
 6.712328767e-01  6.529930761e-01  1.113696684e+00
 6.731898239e-01  6.547514228e-01  1.112196868e+00
 6.751467710e-01  6.565121454e-01  1.110693223e+00
 6.771037182e-01  6.582752562e-01  1.109185883e+00
 6.790606654e-01  6.600407676e-01  1.107674086e+00
 6.810176125e-01  6.618086945e-01  1.106156986e+00
 6.829745597e-01  6.635790520e-01  1.104633700e+00
 6.849315068e-01  6.653518582e-01  1.103103911e+00
 6.868884540e-01  6.671271295e-01  1.101568618e+00
 6.888454012e-01  6.689048808e-01  1.100028102e+00
 6.908023483e-01  6.706851278e-01  1.098480341e+00
 6.927592955e-01  6.724678924e-01  1.096922769e+00
 6.947162427e-01  6.742531988e-01  1.095355609e+00
 6.966731898e-01  6.760410684e-01  1.093780322e+00
 6.986301370e-01  6.778315210e-01  1.092197532e+00
 7.005870841e-01  6.796245763e-01  1.090605786e+00
 7.025440313e-01  6.814202591e-01  1.089002736e+00
 7.045009785e-01  6.832185972e-01  1.087388247e+00
 7.064579256e-01  6.850196162e-01  1.085762885e+00
 7.084148728e-01  6.868233425e-01  1.084126407e+00
 7.103718200e-01  6.886298030e-01  1.082477708e+00
 7.123287671e-01  6.904390280e-01  1.080816009e+00
 7.142857143e-01  6.922510475e-01  1.079141302e+00
 7.162426614e-01  6.940658923e-01  1.077454333e+00
 7.181996086e-01  6.958835904e-01  1.075753898e+00
 7.201565558e-01  6.977041773e-01  1.074036994e+00
 7.221135029e-01  6.995276915e-01  1.072304004e+00
 7.240704501e-01  7.013541678e-01  1.070557176e+00
 7.260273973e-01  7.031836379e-01  1.068796385e+00
 7.279843444e-01  7.050161373e-01  1.067018703e+00
 7.299412916e-01  7.068517083e-01  1.065222788e+00
 7.318982387e-01  7.086903921e-01  1.063409070e+00
 7.338551859e-01  7.105322300e-01  1.061577904e+00
 7.358121331e-01  7.123772625e-01  1.059729515e+00
 7.377690802e-01  7.142255312e-01  1.057862574e+00
 7.397260274e-01  7.160770819e-01  1.055975343e+00
 7.416829746e-01  7.179319631e-01  1.054068191e+00
 7.436399217e-01  7.197902201e-01  1.052143103e+00
 7.455968689e-01  7.216518952e-01  1.050198524e+00
 7.475538160e-01  7.235170403e-01  1.048230366e+00
 7.495107632e-01  7.253857131e-01  1.046239200e+00
 7.514677104e-01  7.272579644e-01  1.044227515e+00
 7.534246575e-01  7.291338442e-01  1.042194202e+00
 7.553816047e-01  7.310134083e-01  1.040137402e+00
 7.573385519e-01  7.328967145e-01  1.038056312e+00
 7.592954990e-01  7.347838226e-01  1.035951709e+00
 7.612524462e-01  7.366747887e-01  1.033824307e+00
 7.632093933e-01  7.385696715e-01  1.031674213e+00
 7.651663405e-01  7.404685279e-01  1.029502232e+00
 7.671232877e-01  7.423714148e-01  1.027308876e+00
 7.690802348e-01  7.442783883e-01  1.025096367e+00
 7.710371820e-01  7.461894982e-01  1.022868877e+00
 7.729941292e-01  7.481047865e-01  1.020630261e+00
 7.749510763e-01  7.500242893e-01  1.018383686e+00
 7.769080235e-01  7.519480373e-01  1.016132861e+00
 7.788649706e-01  7.538760533e-01  1.013881389e+00
 7.808219178e-01  7.558083547e-01  1.011634008e+00
 7.827788650e-01  7.577449465e-01  1.009397254e+00
 7.847358121e-01  7.596858210e-01  1.007176553e+00
 7.866927593e-01  7.616309620e-01  1.004974893e+00
 7.886497065e-01  7.635803498e-01  1.002794397e+00
 7.906066536e-01  7.655339590e-01  1.000645557e+00
 7.925636008e-01  7.674917279e-01  9.985431933e-01
 7.945205479e-01  7.694535719e-01  9.964942726e-01
 7.964774951e-01  7.714193996e-01  9.944982000e-01
 7.984344423e-01  7.733891265e-01  9.925554143e-01
 8.003913894e-01  7.753626572e-01  9.906816167e-01
 8.023483366e-01  7.773398418e-01  9.888909524e-01
 8.043052838e-01  7.793205258e-01  9.871802428e-01
 8.062622309e-01  7.813045686e-01  9.855417420e-01
 8.082191781e-01  7.832918436e-01  9.839964475e-01
 8.101761252e-01  7.852821224e-01  9.825725431e-01
 8.121330724e-01  7.872751608e-01  9.812705601e-01
 8.140900196e-01  7.892707241e-01  9.800790759e-01
 8.160469667e-01  7.912686110e-01  9.789968422e-01
 8.180039139e-01  7.932685884e-01  9.780363949e-01
 8.199608611e-01  7.952704007e-01  9.772113659e-01
 8.219178082e-01  7.972737562e-01  9.765138082e-01
 8.238747554e-01  7.992784292e-01  9.759253570e-01
 8.258317025e-01  8.012842011e-01  9.754416968e-01
 8.277886497e-01  8.032908624e-01  9.750827282e-01
 8.297455969e-01  8.052981113e-01  9.748563518e-01
 8.317025440e-01  8.073057046e-01  9.747338152e-01
 8.336594912e-01  8.093134581e-01  9.746916372e-01
 8.356164384e-01  8.113212252e-01  9.747207665e-01
 8.375733855e-01  8.133288587e-01  9.748241397e-01
 8.395303327e-01  8.153362000e-01  9.749877987e-01
 8.414872798e-01  8.173431596e-01  9.751905351e-01
 8.434442270e-01  8.193496664e-01  9.754185757e-01
 8.454011742e-01  8.213556877e-01  9.756553392e-01
 8.473581213e-01  8.233612207e-01  9.758908668e-01
 8.493150685e-01  8.253662739e-01  9.761103818e-01
 8.512720157e-01  8.273709050e-01  9.763020871e-01
 8.532289628e-01  8.293751708e-01  9.764622942e-01
 8.551859100e-01  8.313791441e-01  9.765732733e-01
 8.571428571e-01  8.333829544e-01  9.766081925e-01
 8.590998043e-01  8.353867844e-01  9.765577480e-01
 8.610567515e-01  8.373908017e-01  9.764286955e-01
 8.630136986e-01  8.393951614e-01  9.762228251e-01
 8.649706458e-01  8.414000241e-01  9.759459058e-01
 8.669275930e-01  8.434055215e-01  9.755735348e-01
 8.688845401e-01  8.454119151e-01  9.750850339e-01
 8.708414873e-01  8.474194227e-01  9.744874875e-01
 8.727984344e-01  8.494282778e-01  9.737831281e-01
 8.747553816e-01  8.514386908e-01  9.729831815e-01
 8.767123288e-01  8.534508508e-01  9.720970987e-01
 8.786692759e-01  8.554649307e-01  9.710998059e-01
 8.806262231e-01  8.574812261e-01  9.699763220e-01
 8.825831703e-01  8.594999748e-01  9.687410710e-01
 8.845401174e-01  8.615214159e-01  9.674026815e-01
 8.864970646e-01  8.635457547e-01  9.659669711e-01
 8.884540117e-01  8.655732097e-01  9.644469036e-01
 8.904109589e-01  8.676039350e-01  9.628342363e-01
 8.923679061e-01  8.696381879e-01  9.611044401e-01
 8.943248532e-01  8.716762303e-01  9.592674990e-01
 8.962818004e-01  8.737182822e-01  9.573384784e-01
 8.982387476e-01  8.757645467e-01  9.553427814e-01
 9.001956947e-01  8.778151395e-01  9.532584423e-01
 9.021526419e-01  8.798703633e-01  9.510645372e-01
 9.041095890e-01  8.819304283e-01  9.487838588e-01
 9.060665362e-01  8.839955452e-01  9.464057313e-01
 9.080234834e-01  8.860659772e-01  9.439470251e-01
 9.099804305e-01  8.881418668e-01  9.414088789e-01
 9.119373777e-01  8.902234791e-01  9.387674573e-01
 9.138943249e-01  8.923110680e-01  9.360660016e-01
 9.158512720e-01  8.944047128e-01  9.332817534e-01
 9.178082192e-01  8.965047776e-01  9.303735269e-01
 9.197651663e-01  8.986115330e-01  9.274060011e-01
 9.217221135e-01  9.007250592e-01  9.243588232e-01
 9.236790607e-01  9.028457292e-01  9.211891868e-01
 9.256360078e-01  9.049738262e-01  9.179761139e-01
 9.275929550e-01  9.071093676e-01  9.147158440e-01
 9.295499022e-01  9.092526632e-01  9.113077878e-01
 9.315068493e-01  9.114042098e-01  9.077630840e-01
 9.334637965e-01  9.135642782e-01  9.042608952e-01
 9.354207436e-01  9.157325207e-01  9.006532107e-01
 9.373776908e-01  9.179099344e-01  8.967782818e-01
 9.393346380e-01  9.200969577e-01  8.927826254e-01
 9.412915851e-01  9.222939069e-01  8.889848144e-01
 9.432485323e-01  9.244996488e-01  8.850481971e-01
 9.452054795e-01  9.267161983e-01  8.805929985e-01
 9.471624266e-01  9.289443212e-01  8.759310385e-01
 9.491193738e-01  9.311845314e-01  8.713901209e-01
 9.510763209e-01  9.334359292e-01  8.672884142e-01
 9.530332681e-01  9.356973705e-01  8.626085001e-01
 9.549902153e-01  9.379732995e-01  8.569328845e-01
 9.569471624e-01  9.402648056e-01  8.509773499e-01
 9.589041096e-01  9.425727096e-01  8.448505206e-01
 9.608610568e-01  9.448975770e-01  8.474033112e-01
 9.628180039e-01  9.471918073e-01  8.544875920e-01
 9.647749511e-01  9.494780044e-01  8.488569139e-01
 9.667318982e-01  9.518032507e-01  8.329553510e-01
 9.686888454e-01  9.541778451e-01  8.145244236e-01
 9.706457926e-01  9.566097453e-01  7.946567325e-01
 9.726027397e-01  9.591047241e-01  7.742600065e-01
 9.745596869e-01  9.616665238e-01  7.540540908e-01
 9.765166341e-01  9.642970100e-01  7.345864672e-01
 9.784735812e-01  9.669963252e-01  7.162572103e-01
 9.804305284e-01  9.697630419e-01  6.993468101e-01
 9.823874755e-01  9.725943138e-01  6.840428955e-01
 9.843444227e-01  9.754860273e-01  6.704637732e-01
 9.863013699e-01  9.784329504e-01  6.586780434e-01
 9.882583170e-01  9.814288801e-01  6.487203174e-01
 9.902152642e-01  9.844667882e-01  6.406034223e-01
 9.921722114e-01  9.875389638e-01  6.343276633e-01
 9.941291585e-01  9.906371536e-01  6.298876866e-01
 9.960861057e-01  9.937526992e-01  6.272774451e-01
 9.980430528e-01  9.968766711e-01  6.264936712e-01
 1.000000000e+00  1.000000000e+00  6.266226379e-01
4  3.714566543e-01  6.774597817e-01  1.008729954e+00  7.455532383e-01  9.595488595e-01  6.405518019e+01  4.660747773e-01  9.960756040e-01  3.131024128e-01  2.676714806e+00
5  4.842237712e-01  9.906784284e-01  1.006198059e+00  6.112745941e-01  9.332711136e-01  3.840577439e+01  4.141999616e-01  1.042368686e+00  4.687566861e-01  2.784444776e+00
6  5.751323677e-01  1.114466342e+00  1.004259280e+00  5.207464757e-01  9.126153736e-01  2.821581032e+01  3.836639617e-01  1.112431289e+00  5.818325405e-01  2.750688714e+00
7  6.582050284e-01  1.170105879e+00  1.002554570e+00  4.559230373e-01  8.963331040e-01  2.236713085e+01  3.614527920e-01  1.185329310e+00  6.770258204e-01  2.693706095e+00
8  7.353251098e-01  1.254846761e+00  1.001091760e+00  4.072989961e-01  8.870685955e-01  1.872633870e+01  3.446637497e-01  1.261154205e+00  7.598560824e-01  2.629313242e+00
9  8.027274384e-01  1.486255313e+00  1.000000726e+00  3.690419462e-01  8.920386907e-01  1.679455130e+01  3.329588069e-01  1.355453786e+00  8.272392420e-01  2.548619175e+00
10  8.537434811e-01  1.999438128e+00  9.993170177e-01  3.375913723e-01  9.218008020e-01  1.645002983e+01  3.258685801e-01  1.481341447e+00  8.769967742e-01  2.437865358e+00
11  8.904299963e-01  2.483783976e+00  9.989347959e-01  3.110529660e-01  9.882672820e-01  1.774169392e+01  3.222357665e-01  1.668252519e+00  9.121312218e-01  2.310592026e+00
12  9.262867108e-01  1.632031896e+00  9.989611951e-01  2.895332857e-01  1.089733731e+00  2.020564580e+01  3.214768742e-01  1.877912791e+00  9.448270855e-01  2.203392354e+00
13  9.627292091e-01  3.331338864e+00  9.996651953e-01  2.721525291e-01  1.230745051e+00  2.403570834e+01  3.243023075e-01  2.159136374e+00  9.753566708e-01  2.115409256e+00
14  9.793532701e-01  5.653714808e+00  9.998533147e-01  2.550288082e-01  1.433143385e+00  3.117951258e+01  3.270987399e-01  2.905690005e+00  9.869060161e-01  1.998603599e+00
15  9.888251819e-01  9.310753589e+00  9.999233085e-01  2.396423858e-01  1.630119404e+00  3.865226876e+01  3.301346825e-01  4.262842278e+00  9.929866610e-01  1.883536251e+00
16  9.940783991e-01  1.565442671e+01  9.999583819e-01  2.259127404e-01  1.763763932e+00  4.328975681e+01  3.333403008e-01  6.672177023e+00  9.962903811e-01  1.775258545e+00
0 0 -1.258968787e-01 -6.141835771e-18
0 1  1.395369740e-02 -4.322603442e-03
0 2 -1.435269828e-02  4.937480891e-03
0 3  5.432571295e-03 -5.691937896e-03
0 4 -2.560129411e-03  5.635123137e-03
0 5 -1.453588369e-03 -4.478818147e-03
0 6  3.357081545e-03  1.514723446e-03
0 7 -2.424333277e-03  2.137410612e-03
0 8 -1.664873186e-03 -2.227941378e-03
0 9  1.565944910e-03 -1.829909537e-03
0 10  2.165257905e-03  2.767326468e-04
0 11  1.431425973e-03  1.422926632e-03
0 12  7.252591681e-04  1.739751114e-03
1 0 -1.108343395e-01 -3.433447665e-02
1 1 -9.742913861e-02  3.756519730e-18
1 2  1.008478454e-02 -5.880130696e-03
1 3 -1.377711119e-02  6.993343832e-03
1 4  2.853047263e-03 -7.642858443e-03
1 5  3.303178803e-04  6.401881481e-03
1 6 -4.768876364e-03 -2.728807252e-03
1 7  3.390493881e-03 -2.493098767e-03
1 8  1.660867384e-03  3.262017644e-03
1 9 -2.511244788e-03  2.125642898e-03
1 10 -2.897406329e-03 -7.730429805e-04
1 11 -1.705375100e-03 -2.153733671e-03
1 12 -7.049692745e-04 -2.443203075e-03
2 0  1.140036070e-01  3.921845357e-02
2 1 -1.035089162e-01 -6.035289627e-02
2 2 -7.846945382e-02  1.589330733e-17
2 3  6.286309039e-03 -6.981030821e-03
2 4 -1.057069031e-02  8.094437277e-03
2 5 -1.145126125e-03 -7.798373962e-03
2 6  3.582463424e-03  4.150576598e-03
2 7 -5.182824832e-03  1.947898632e-03
2 8 -1.561878078e-03 -4.089905217e-03
2 9  2.972340225e-03 -1.799313458e-03
2 10  2.778062965e-03  1.480008821e-03
2 11  1.188640474e-03  2.719655766e-03
2 12  5.266952440e-05  2.809088646e-03
3 0 -4.315096094e-02 -4.521111210e-02
3 1  1.414064764e-01  7.177877103e-02
3 2 -8.011154320e-02 -8.896494726e-02
3 3 -6.527610097e-02  5.366291747e-17
3 4  3.346710797e-03 -8.012151747e-03
3 5 -7.134566542e-03  8.690990816e-03
3 6 -5.416958903e-03 -6.303713219e-03
3 7  4.622122091e-03 -5.311852822e-04
3 8 -8.167524451e-04  4.822100235e-03
3 9 -4.422598819e-03  7.992592811e-04
3 10 -2.930489303e-03 -2.578616867e-03
3 11 -7.465215746e-04 -3.321961306e-03
3 12  5.343075671e-04 -3.014806777e-03
4 0  2.033513013e-02  4.475983198e-02
4 1 -2.928330584e-02 -7.844530448e-02
4 2  1.347108945e-01  1.031539903e-01
4 3 -5.127007814e-02 -1.227424988e-01
4 4 -5.571055921e-02 -3.130097107e-17
4 5  5.411764035e-04 -9.224960914e-03
4 6 -3.668177122e-03  8.567590526e-03
4 7 -8.976283830e-03 -2.490023152e-03
4 8  9.757214773e-04 -5.025141612e-03
4 9  3.520139223e-03  1.136936525e-03
4 10  6.350195049e-04  3.879593930e-03
4 11 -1.765259133e-03  3.591408312e-03
4 12 -2.792743454e-03  2.680304515e-03
5 0  1.154586503e-02 -3.557529141e-02
5 1 -3.390339739e-03  6.570807843e-02
5 2  1.459327253e-02 -9.938101494e-02
5 3  1.092982950e-01  1.331420028e-01
5 4 -9.714072363e-03 -1.655872970e-01
5 5 -4.816304883e-02 -2.138262999e-17
5 6 -2.723983334e-03 -1.044374044e-02
5 7 -1.679998714e-04  6.515918741e-03
5 8 -8.577438148e-03  2.922288730e-03
5 9 -5.061554234e-03 -3.949200935e-03
5 10 -7.793464792e-05 -4.376495389e-03
5 11  2.215652278e-03 -2.463287235e-03
5 12  2.758194954e-03 -9.123438951e-04
6 0 -2.666532785e-02  1.203146148e-02
6 1  4.894712642e-02 -2.800812253e-02
6 2 -4.565424188e-02  5.289416959e-02
6 3  8.298533188e-02 -9.657000228e-02
6 4  6.584348055e-02  1.537875521e-01
6 5  5.655753530e-02 -2.168413483e-01
6 6 -4.164468237e-02 -5.050765453e-17
6 7 -6.330285070e-03 -1.094603854e-02
6 8  2.057761107e-03  1.878532612e-03
6 9 -3.494557452e-03  5.258143971e-03
6 10 -6.441657481e-03  2.029571059e-03
6 11 -6.063124393e-03 -8.660920622e-04
6 12 -4.925636364e-03 -2.212616790e-03
7 0  1.925650026e-02  1.697747104e-02
7 1 -3.479958799e-02 -2.558884131e-02
7 2  6.604894745e-02  2.482365477e-02
7 3 -7.080879560e-02 -8.137515482e-03
7 4  1.611235636e-01 -4.469571276e-02
7 5  3.488148602e-03  1.352887514e-01
7 6  1.520070441e-01 -2.628436074e-01
7 7 -3.578708253e-02  7.400219727e-19
7 8 -8.364427141e-03 -9.371211916e-03
7 9  1.319847533e-03 -2.471097865e-03
7 10  8.694952318e-04  2.511685918e-03
7 11 -1.271356821e-03  3.925965380e-03
7 12 -2.592077485e-03  3.815284563e-03
8 0  1.322410217e-02 -1.769655770e-02
8 1 -1.704692670e-02  3.348092460e-02
8 2  1.990428125e-02 -5.212098489e-02
8 3  1.251227376e-02  7.387236926e-02
8 4 -1.751412104e-02 -9.020088262e-02
8 5  1.780916773e-01  6.067491161e-02
8 6 -4.941233766e-02  4.510858302e-02
8 7  2.337275506e-01 -2.618601812e-01
8 8 -3.169000822e-02 -3.503391681e-17
8 9 -9.303025223e-03 -7.120317431e-03
8 10 -1.775349060e-03 -5.539995920e-03
8 11  8.359349127e-04 -2.430044787e-03
8 12  1.297089295e-03 -4.151890097e-04
9 0 -1.243831401e-02 -1.453498733e-02
9 1  2.577508971e-02  2.181732210e-02
9 2 -3.787894627e-02 -2.293011320e-02
9 3  6.775219036e-02  1.224428649e-02
9 4 -6.318621233e-02  2.040791802e-02
9 5  1.050920645e-01 -8.199648965e-02
9 6  8.391365363e-02  1.262620741e-01
9 7 -3.688055689e-02 -6.904999488e-02
9 8  2.935633579e-01 -2.246865126e-01
9 9 -2.872037962e-02 -5.280339951e-17
9 10 -1.350942132e-02 -6.274421401e-03
9 11 -7.412113616e-03 -7.087220864e-03
9 12 -4.195929924e-03 -6.184580005e-03
10 0 -1.719866233e-02  2.198089815e-03
10 1  2.973860152e-02 -7.934412555e-03
10 2 -3.540311332e-02  1.886095479e-02
10 3  4.489375529e-02 -3.950323056e-02
10 4 -1.139854839e-02  6.963839504e-02
10 5  1.618141912e-03 -9.086832117e-02
10 6  1.546813930e-01  4.873541935e-02
10 7 -2.429634299e-02  7.018414860e-02
10 8  5.602236037e-02 -1.748183807e-01
10 9  4.703775333e-01 -2.184658240e-01
10 10 -2.211105284e-02 -1.321779413e-16
10 11 -1.189890259e-02 -3.074286569e-03
10 12 -9.213017837e-03 -4.156709129e-03
11 0 -1.136982892e-02  1.130231859e-02
11 1  1.750374810e-02 -2.210564213e-02
11 2 -1.514781124e-02  3.465878293e-02
11 3  1.143636895e-02 -5.089092725e-02
11 4  3.168625765e-02  6.446548667e-02
11 5 -4.600315662e-02 -5.114475297e-02
11 6  1.455918030e-01 -2.079718256e-02
11 7  3.552557880e-02  1.097034210e-01
11 8 -2.637850098e-02 -7.668173419e-02
11 9  2.580785391e-01 -2.467662669e-01
11 10  5.381427414e-01 -1.390384525e-01
11 11 -1.816581119e-02 -5.228047233e-17
11 12 -9.660891295e-03 -1.233932549e-03
12 0 -5.760739867e-03  1.381885820e-02
12 1  7.235712895e-03 -2.507671842e-02
12 2 -6.712105392e-04  3.579849877e-02
12 3 -8.185347458e-03 -4.618546042e-02
12 4  5.012951752e-02  4.811124773e-02
12 5 -5.726786450e-02 -1.894281856e-02
12 6  1.182776788e-01 -5.313083602e-02
12 7  7.243053365e-02  1.066106621e-01
12 8 -4.093054460e-02 -1.310157469e-02
12 9  1.460959075e-01 -2.153376831e-01
12 10  4.166702465e-01 -1.879923656e-01
12 11  5.318172247e-01 -6.792609124e-02
12 12 -1.530760525e-02 -4.662341476e-17
0 0 -8.259165292e+00  2.234054173e-15
0 1 -8.791196885e-01  3.701382280e-01
0 2  1.199821194e+00 -3.437901248e-01
0 3 -2.819812185e-01  2.782374312e-01
0 4  1.282918399e-01 -2.327982261e-01
0 5  4.448202040e-02  1.650640408e-01
0 6 -1.054322486e-01 -5.503397898e-02
0 7  7.797972248e-02 -5.506688105e-02
0 8  4.464807142e-02  6.665956303e-02
0 9 -3.496101010e-02  6.964168380e-02
0 10 -5.425158601e-02 -2.947945712e-03
0 11 -2.168370943e-02 -4.207858666e-02
0 12  1.309118670e-02 -6.290929492e-02
1 0 -8.791196885e-01 -3.701382280e-01
1 1 -1.085988412e+01 -6.888482887e-15
1 2 -8.944295135e-01  8.150544385e-01
1 3  1.888699549e+00 -8.063266319e-01
1 4 -2.492755826e-01  5.999486616e-01
1 5  1.850550302e-02 -4.275118758e-01
1 6  2.572094594e-01  1.714914297e-01
1 7 -1.828972083e-01  1.046214570e-01
1 8 -6.796883242e-02 -1.555593212e-01
1 9  9.477551064e-02 -1.263552874e-01
1 10  1.098430434e-01  2.456496712e-02
1 11  3.263358256e-02  9.263745723e-02
1 12 -4.400077214e-02  1.250595721e-01
2 0  1.199821194e+00  3.437901248e-01
2 1 -8.944295135e-01 -8.150544385e-01
2 2 -1.357656715e+01 -6.359539043e-15
2 3 -6.660886691e-01  1.436374458e+00
2 4  2.210183476e+00 -1.410166480e+00
2 5  9.384475781e-02  9.135278843e-01
2 6 -3.004858873e-01 -4.414623340e-01
2 7  4.396106288e-01 -1.097124132e-01
2 8  7.844600102e-02  3.074322645e-01
2 9 -1.922407266e-01  1.701707275e-01
2 10 -1.573337327e-01 -7.559365676e-02
2 11 -1.276515197e-02 -1.531032823e-01
2 12  1.162056637e-01 -1.741500382e-01
3 0 -2.819812185e-01 -2.782374312e-01
3 1  1.888699549e+00  8.063266319e-01
3 2 -6.660886691e-01 -1.436374458e+00
3 3 -1.648098349e+01 -6.635830181e-15
3 4 -1.893216245e-01  2.307629160e+00
3 5  2.244217343e+00 -2.185440711e+00
3 6  8.421899930e-01  1.084124866e+00
3 7 -6.283300790e-01 -6.627048945e-02
3 8  1.655903255e-01 -5.497540599e-01
3 9  4.231070943e-01 -1.305797305e-01
3 10  2.148050721e-01  2.040151231e-01
3 11 -4.173741030e-02  2.376162196e-01
3 12 -2.418435093e-01  2.045150176e-01
4 0  1.282918399e-01  2.327982261e-01
4 1 -2.492755826e-01 -5.999486616e-01
4 2  2.210183476e+00  1.410166480e+00
4 3 -1.893216245e-01 -2.307629160e+00
4 4 -1.971294935e+01  1.616536539e-14
4 5  7.504637483e-01  3.606060044e+00
4 6  1.901707108e+00 -3.149562577e+00
4 7  2.000872347e+00  7.350076524e-01
4 8 -3.527237004e-01  7.616405914e-01
4 9 -5.799511505e-01 -1.244000206e-01
4 10 -7.307460267e-02 -4.497911789e-01
4 11  2.973700345e-01 -3.058999567e-01
4 12  5.542264972e-01 -1.089544386e-01
5 0  4.448202040e-02 -1.650640408e-01
5 1  1.850550302e-02  4.275118758e-01
5 2  9.384475781e-02 -9.135278843e-01
5 3  2.244217343e+00  2.185440711e+00
5 4  7.504637483e-01 -3.606060044e+00
5 5 -2.350672998e+01  5.910271766e-14
5 6  2.580365764e+00  5.595831847e+00
5 7  1.022494442e+00 -3.928101775e+00
5 8  2.838980095e+00 -7.047985584e-01
5 9  1.094602198e+00  8.675487883e-01
5 10 -1.340479884e-01  6.649523052e-01
5 11 -5.017669411e-01  8.557220254e-02
5 12 -6.146927016e-01 -4.126468907e-01
6 0 -1.054322486e-01  5.503397898e-02
6 1  2.572094594e-01 -1.714914297e-01
6 2 -3.004858873e-01  4.414623340e-01
6 3  8.421899930e-01 -1.084124866e+00
6 4  1.901707108e+00  3.149562577e+00
6 5  2.580365764e+00 -5.595831847e+00
6 6 -2.796442085e+01  7.427646717e-14
6 7  5.487188661e+00  7.595942862e+00
6 8 -4.491164280e-01 -3.229003157e+00
6 9  1.386674991e+00 -2.119873013e+00
6 10  1.618877497e+00 -4.476111733e-01
6 11  1.075789066e+00  4.875772321e-01
6 12  6.228730005e-01  1.064987282e+00
7 0  7.797972248e-02  5.506688105e-02
7 1 -1.828972083e-01 -1.046214570e-01
7 2  4.396106288e-01  1.097124132e-01
7 3 -6.283300790e-01  6.627048945e-02
7 4  2.000872347e+00 -7.350076524e-01
7 5  1.022494442e+00  3.928101775e+00
7 6  5.487188661e+00 -7.595942862e+00
7 7 -3.270500385e+01  3.259703248e-14
7 8  8.231950612e+00  8.086577351e+00
7 9 -9.804344945e-01  1.132568074e-01
7 10 -1.389510765e-01 -1.819857766e+00
7 11  1.046810279e+00 -1.746242194e+00
7 12  2.116735673e+00 -1.530992190e+00
8 0  4.464807142e-02 -6.665956303e-02
8 1 -6.796883242e-02  1.555593212e-01
8 2  7.844600102e-02 -3.074322645e-01
8 3  1.655903255e-01  5.497540599e-01
8 4 -3.527237004e-01 -7.616405914e-01
8 5  2.838980095e+00  7.047985584e-01
8 6 -4.491164280e-01  3.229003157e+00
8 7  8.231950612e+00 -8.086577351e+00
8 8 -3.672090652e+01  9.020055028e-14
8 9  1.109512279e+01  7.317955522e+00
8 10  7.673824902e-02  1.949830299e+00
8 11 -1.015087168e+00 -1.181605581e+00
8 12 -6.043517617e-01 -3.222444883e+00
9 0 -3.496101010e-02 -6.964168380e-02
9 1  9.477551064e-02  1.263552874e-01
9 2 -1.922407266e-01 -1.701707275e-01
9 3  4.231070943e-01  1.305797305e-01
9 4 -5.799511505e-01  1.244000206e-01
9 5  1.094602198e+00 -8.675487883e-01
9 6  1.386674991e+00  2.119873013e+00
9 7 -9.804344945e-01 -1.132568074e-01
9 8  1.109512279e+01 -7.317955522e+00
9 9 -4.731171387e+01  3.500849636e-13
9 10  1.995372102e+01  8.146985764e+00
9 11  2.755225303e+00  3.424326845e+00
9 12 -1.520710802e+00 -2.921307309e-02
10 0 -5.425158601e-02  2.947945712e-03
10 1  1.098430434e-01 -2.456496712e-02
10 2 -1.573337327e-01  7.559365676e-02
10 3  2.148050721e-01 -2.040151231e-01
10 4 -7.307460267e-02  4.497911789e-01
10 5 -1.340479884e-01 -6.649523052e-01
10 6  1.618877497e+00  4.476111733e-01
10 7 -1.389510765e-01  1.819857766e+00
10 8  7.673824902e-02 -1.949830299e+00
10 9  1.995372102e+01 -8.146985764e+00
10 10 -6.390362171e+01  5.842186177e-13
10 11  2.441891329e+01  5.582392983e+00
10 12  9.140620206e+00  5.062541622e+00
11 0 -2.168370943e-02  4.207858666e-02
11 1  3.263358256e-02 -9.263745723e-02
11 2 -1.276515197e-02  1.531032823e-01
11 3 -4.173741030e-02 -2.376162196e-01
11 4  2.973700345e-01  3.058999567e-01
11 5 -5.017669411e-01 -8.557220254e-02
11 6  1.075789066e+00 -4.875772321e-01
11 7  1.046810279e+00  1.746242194e+00
11 8 -1.015087168e+00  1.181605581e+00
11 9  2.755225303e+00 -3.424326845e+00
11 10  2.441891329e+01 -5.582392983e+00
11 11 -7.382628762e+01  2.454687449e-13
11 12  3.474202634e+01  4.437408082e+00
12 0  1.309118670e-02  6.290929492e-02
12 1 -4.400077214e-02 -1.250595721e-01
12 2  1.162056637e-01  1.741500382e-01
12 3 -2.418435093e-01 -2.045150176e-01
12 4  5.542264972e-01  1.089544386e-01
12 5 -6.146927016e-01  4.126468907e-01
12 6  6.228730005e-01 -1.064987282e+00
12 7  2.116735673e+00  1.530992190e+00
12 8 -6.043517617e-01  3.222444883e+00
12 9 -1.520710802e+00  2.921307309e-02
12 10  9.140620206e+00 -5.062541622e+00
12 11  3.474202634e+01 -4.437408082e+00
12 12 -6.532700470e+01  1.989709028e-13
0  2.354602232e-02 -5.166522045e-04 -1.105080167e-01 -1.355115543e-02
1  3.693305383e-02 -2.573470050e-04  1.381824164e-01  3.868448776e-02
2  4.893111180e-02 -1.049157931e-03 -1.395374962e-01 -7.565915162e-02
3  6.815359950e-02 -7.881536014e-04  1.148555551e-01  1.246327635e-01
4  9.389675260e-02 -2.582368384e-03 -4.820581994e-02 -1.708104925e-01
5  1.250469705e-01 -2.722783167e-03 -6.624685437e-02  1.688735886e-01
6  1.549859440e-01 -4.684712993e-03  1.713169407e-01 -5.724448024e-02
7  1.769396117e-01 -6.076578698e-03 -1.191264751e-01 -1.301652202e-01
8  2.037587591e-01 -6.909148344e-03 -1.138141472e-01  1.284283564e-01
9  2.355557935e-01 -8.737389492e-03  9.659032648e-02  1.336511957e-01
10  2.387352623e-01 -9.603916469e-03  1.560537193e-01 -5.967098637e-03
11  2.340737949e-01 -7.742335396e-03  1.137504812e-01 -9.366950199e-02
12  2.261882387e-01 -4.410612018e-03  6.549324226e-02 -1.226849525e-01
