 1.695500020e+00 -1.842639950e+00  8.596148148e-01  4.002036380e+00  9.314838772e-01  9.788713390e-01  7.871077940e+00 512 3 13
 0.000000000e+00  0.000000000e+00  2.090777871e-06
 1.956947162e-03  2.805864532e-02  1.394876914e-01
 3.913894325e-03  3.968109096e-02  1.972611421e-01
 5.870841487e-03  4.859958397e-02  2.415851282e-01
 7.827788650e-03  5.611857615e-02  2.789430792e-01
 9.784735812e-03  6.274336008e-02  3.118456433e-01
 1.174168297e-02  6.873309669e-02  3.415800454e-01
 1.369863014e-02  7.424175121e-02  3.689106765e-01
 1.565557730e-02  7.936964951e-02  3.943353680e-01
 1.761252446e-02  8.418648536e-02  4.181997481e-01
 1.956947162e-02  8.874300822e-02  4.407553328e-01
 2.152641879e-02  9.307753473e-02  4.621918864e-01
 2.348336595e-02  9.721983724e-02  4.826567451e-01
 2.544031311e-02  1.011935957e-01  5.022671967e-01
 2.739726027e-02  1.050180100e-01  5.211187901e-01
 2.935420744e-02  1.087088996e-01  5.392880436e-01
 3.131115460e-02  1.122795142e-01  5.568392028e-01
 3.326810176e-02  1.157410520e-01  5.738282625e-01
 3.522504892e-02  1.191030875e-01  5.903026204e-01
 3.718199609e-02  1.223738802e-01  6.063023256e-01
 3.913894325e-02  1.255606259e-01  6.218620659e-01
 4.109589041e-02  1.286696302e-01  6.370124972e-01
 4.305283757e-02  1.317064614e-01  6.517811724e-01
 4.500978474e-02  1.346760561e-01  6.661940713e-01
 4.696673190e-02  1.375828114e-01  6.802744072e-01
 4.892367906e-02  1.404306669e-01  6.940398481e-01
 5.088062622e-02  1.432231903e-01  7.075027942e-01
 5.283757339e-02  1.459636316e-01  7.206749148e-01
 5.479452055e-02  1.486549522e-01  7.335770608e-01
 5.675146771e-02  1.512997965e-01  7.462312914e-01
 5.870841487e-02  1.539005735e-01  7.586475690e-01
 6.066536204e-02  1.564595164e-01  7.708247859e-01
 6.262230920e-02  1.589787358e-01  7.827655773e-01
 6.457925636e-02  1.614601722e-01  7.944899693e-01
 6.653620352e-02  1.639055612e-01  8.060144898e-01
 6.849315068e-02  1.663165213e-01  8.173416193e-01
 7.045009785e-02  1.686945793e-01  8.284760895e-01
 7.240704501e-02  1.710411501e-01  8.394223879e-01
 7.436399217e-02  1.733575733e-01  8.501822352e-01
 7.632093933e-02  1.756451072e-01  8.607683441e-01
 7.827788650e-02  1.779048896e-01  8.711929997e-01
 8.023483366e-02  1.801379927e-01  8.814543362e-01
 8.219178082e-02  1.823454546e-01  8.915520846e-01
 8.414872798e-02  1.845282482e-01  9.014900009e-01
 8.610567515e-02  1.866872980e-01  9.112754541e-01
 8.806262231e-02  1.888234552e-01  9.209200214e-01
 9.001956947e-02  1.909375108e-01  9.304241053e-01
 9.197651663e-02  1.930302416e-01  9.397852052e-01
 9.393346380e-02  1.951023834e-01  9.490055996e-01
 9.589041096e-02  1.971546391e-01  9.580885040e-01
 9.784735812e-02  1.991876715e-01  9.670398779e-01
 9.980430528e-02  2.012021037e-01  9.758696493e-01
 1.017612524e-01  2.031985069e-01  9.845763387e-01
 1.037181996e-01  2.051774634e-01  9.931524489e-01
 1.056751468e-01  2.071395313e-01  1.001599994e+00
 1.076320939e-01  2.090852424e-01  1.009930260e+00
 1.095890411e-01  2.110150720e-01  1.018150734e+00
 1.115459883e-01  2.129294867e-01  1.026257275e+00
 1.135029354e-01  2.148289448e-01  1.034245133e+00
 1.154598826e-01  2.167138984e-01  1.042116868e+00
 1.174168297e-01  2.185847658e-01  1.049877847e+00
 1.193737769e-01  2.204419509e-01  1.057530399e+00
 1.213307241e-01  2.222858371e-01  1.065080890e+00
 1.232876712e-01  2.241167811e-01  1.072529498e+00
 1.252446184e-01  2.259351422e-01  1.079866870e+00
 1.272015656e-01  2.277412865e-01  1.087092469e+00
 1.291585127e-01  2.295355531e-01  1.094217546e+00
 1.311154599e-01  2.313182500e-01  1.101250309e+00
 1.330724070e-01  2.330896707e-01  1.108187181e+00
 1.350293542e-01  2.348501171e-01  1.115019046e+00
 1.369863014e-01  2.365998947e-01  1.121746629e+00
 1.389432485e-01  2.383392862e-01  1.128377548e+00
 1.409001957e-01  2.400685573e-01  1.134915982e+00
 1.428571429e-01  2.417879630e-01  1.141363365e+00
 1.448140900e-01  2.434977508e-01  1.147718480e+00
 1.467710372e-01  2.451981664e-01  1.153976325e+00
 1.487279843e-01  2.468894590e-01  1.160134039e+00
 1.506849315e-01  2.485718701e-01  1.166199343e+00
 1.526418787e-01  2.502456147e-01  1.172181127e+00
 1.545988258e-01  2.519108973e-01  1.178078389e+00
 1.565557730e-01  2.535679256e-01  1.183881770e+00
 1.585127202e-01  2.552169204e-01  1.189587899e+00
 1.604696673e-01  2.568580890e-01  1.195204836e+00
 1.624266145e-01  2.584916201e-01  1.200737441e+00
 1.643835616e-01  2.601176986e-01  1.206186818e+00
 1.663405088e-01  2.617365019e-01  1.211551591e+00
 1.682974560e-01  2.633482107e-01  1.216827900e+00
 1.702544031e-01  2.649530049e-01  1.222011945e+00
 1.722113503e-01  2.665510672e-01  1.227107047e+00
 1.741682975e-01  2.681425616e-01  1.232123812e+00
 1.761252446e-01  2.697276362e-01  1.237065550e+00
 1.780821918e-01  2.713064400e-01  1.241921613e+00
 1.800391389e-01  2.728791424e-01  1.246684459e+00
 1.819960861e-01  2.744459051e-01  1.251361445e+00
 1.839530333e-01  2.760068727e-01  1.255961443e+00
 1.859099804e-01  2.775621793e-01  1.260485143e+00
 1.878669276e-01  2.791119622e-01  1.264927305e+00
 1.898238748e-01  2.806563634e-01  1.269285995e+00
 1.917808219e-01  2.821955202e-01  1.273561632e+00
 1.937377691e-01  2.837295684e-01  1.277753829e+00
 1.956947162e-01  2.852586415e-01  1.281867212e+00
 1.976516634e-01  2.867828598e-01  1.285908125e+00
 1.996086106e-01  2.883023374e-01  1.289873643e+00
 2.015655577e-01  2.898171977e-01  1.293755145e+00
 2.035225049e-01  2.913275710e-01  1.297551433e+00
 2.054794521e-01  2.928335796e-01  1.301270523e+00
 2.074363992e-01  2.943353314e-01  1.304919141e+00
 2.093933464e-01  2.958329297e-01  1.308494019e+00
 2.113502935e-01  2.973264866e-01  1.311990529e+00
 2.133072407e-01  2.988161127e-01  1.315407940e+00
 2.152641879e-01  3.003019188e-01  1.318746092e+00
 2.172211350e-01  3.017840128e-01  1.322008195e+00
 2.191780822e-01  3.032624950e-01  1.325200700e+00
 2.211350294e-01  3.047374563e-01  1.328324264e+00
 2.230919765e-01  3.062089931e-01  1.331371672e+00
 2.250489237e-01  3.076772097e-01  1.334337492e+00
 2.270058708e-01  3.091422118e-01  1.337226976e+00
 2.289628180e-01  3.106040899e-01  1.340050665e+00
 2.309197652e-01  3.120629244e-01  1.342807427e+00
 2.328767123e-01  3.135188060e-01  1.345488745e+00
 2.348336595e-01  3.149718316e-01  1.348095237e+00
 2.367906067e-01  3.164220886e-01  1.350630579e+00
 2.387475538e-01  3.178696640e-01  1.353094918e+00
 2.407045010e-01  3.193146429e-01  1.355489930e+00
 2.426614481e-01  3.207571072e-01  1.357817241e+00
 2.446183953e-01  3.221971368e-01  1.360077462e+00
 2.465753425e-01  3.236348107e-01  1.362267598e+00
 2.485322896e-01  3.250702135e-01  1.364384169e+00
 2.504892368e-01  3.265034300e-01  1.366431898e+00
 2.524461840e-01  3.279345338e-01  1.368418628e+00
 2.544031311e-01  3.293635916e-01  1.370340379e+00
 2.563600783e-01  3.307906840e-01  1.372193064e+00
 2.583170254e-01  3.322158854e-01  1.373978281e+00
 2.602739726e-01  3.336392716e-01  1.375696782e+00
 2.622309198e-01  3.350609144e-01  1.377351679e+00
 2.641878669e-01  3.364808822e-01  1.378944381e+00
 2.661448141e-01  3.378992427e-01  1.380474050e+00
 2.681017613e-01  3.393160652e-01  1.381942192e+00
 2.700587084e-01  3.407314136e-01  1.383345152e+00
 2.720156556e-01  3.421453636e-01  1.384681440e+00
 2.739726027e-01  3.435579814e-01  1.385960132e+00
 2.759295499e-01  3.449693236e-01  1.387183211e+00
 2.778864971e-01  3.463794514e-01  1.388344381e+00
 2.798434442e-01  3.477884336e-01  1.389442895e+00
 2.818003914e-01  3.491963325e-01  1.390481585e+00
 2.837573386e-01  3.506032105e-01  1.391464270e+00
 2.857142857e-01  3.520091214e-01  1.392392704e+00
 2.876712329e-01  3.534141238e-01  1.393261396e+00
 2.896281800e-01  3.548182820e-01  1.394072067e+00
 2.915851272e-01  3.562216507e-01  1.394830540e+00
 2.935420744e-01  3.576242823e-01  1.395533767e+00
 2.954990215e-01  3.590262370e-01  1.396181679e+00
 2.974559687e-01  3.604275670e-01  1.396777638e+00
 2.994129159e-01  3.618283255e-01  1.397320967e+00
 3.013698630e-01  3.632285660e-01  1.397812049e+00
 3.033268102e-01  3.646283404e-01  1.398251638e+00
 3.052837573e-01  3.660277005e-01  1.398640865e+00
 3.072407045e-01  3.674266960e-01  1.398982721e+00
 3.091976517e-01  3.688253723e-01  1.399274125e+00
 3.111545988e-01  3.702237851e-01  1.399513309e+00
 3.131115460e-01  3.716219833e-01  1.399707253e+00
 3.150684932e-01  3.730200086e-01  1.399857683e+00
 3.170254403e-01  3.744179064e-01  1.399960213e+00
 3.189823875e-01  3.758157269e-01  1.400014521e+00
 3.209393346e-01  3.772135162e-01  1.400022589e+00
 3.228962818e-01  3.786113206e-01  1.399987566e+00
 3.248532290e-01  3.800091798e-01  1.399911525e+00
 3.268101761e-01  3.814071361e-01  1.399790547e+00
 3.287671233e-01  3.828052369e-01  1.399625751e+00
 3.307240705e-01  3.842035224e-01  1.399419997e+00
 3.326810176e-01  3.856020344e-01  1.399171216e+00
 3.346379648e-01  3.870008172e-01  1.398881096e+00
 3.365949119e-01  3.883999094e-01  1.398552957e+00
 3.385518591e-01  3.897993487e-01  1.398186421e+00
 3.405088063e-01  3.911991745e-01  1.397780010e+00
 3.424657534e-01  3.925994277e-01  1.397332020e+00
 3.444227006e-01  3.940001513e-01  1.396845133e+00
 3.463796477e-01  3.954013809e-01  1.396324334e+00
 3.483365949e-01  3.968031495e-01  1.395768387e+00
 3.502935421e-01  3.982054956e-01  1.395174562e+00
 3.522504892e-01  3.996084578e-01  1.394543441e+00
 3.542074364e-01  4.010120734e-01  1.393876819e+00
 3.561643836e-01  4.024163779e-01  1.393175785e+00
 3.581213307e-01  4.038214065e-01  1.392441441e+00
 3.600782779e-01  4.052271926e-01  1.391674970e+00
 3.620352250e-01  4.066337693e-01  1.390876409e+00
 3.639921722e-01  4.080411702e-01  1.390043281e+00
 3.659491194e-01  4.094494335e-01  1.389175134e+00
 3.679060665e-01  4.108585940e-01  1.388276306e+00
 3.698630137e-01  4.122686815e-01  1.387350626e+00
 3.718199609e-01  4.136797231e-01  1.386396334e+00
 3.737769080e-01  4.150917525e-01  1.385408772e+00
 3.757338552e-01  4.165048065e-01  1.384388683e+00
 3.776908023e-01  4.179189176e-01  1.383340502e+00
 3.796477495e-01  4.193341139e-01  1.382266426e+00
 3.816046967e-01  4.207504235e-01  1.381166127e+00
 3.835616438e-01  4.221678756e-01  1.380037844e+00
 3.855185910e-01  4.235865020e-01  1.378880431e+00
 3.874755382e-01  4.250063347e-01  1.377695293e+00
 3.894324853e-01  4.264274029e-01  1.376484064e+00
 3.913894325e-01  4.278497355e-01  1.375249500e+00
 3.933463796e-01  4.292733563e-01  1.373992961e+00
 3.953033268e-01  4.306982915e-01  1.372710599e+00
 3.972602740e-01  4.321245735e-01  1.371400002e+00
 3.992172211e-01  4.335522336e-01  1.370064396e+00
 4.011741683e-01  4.349812978e-01  1.368708257e+00
 4.031311155e-01  4.364117884e-01  1.367333548e+00
 4.050880626e-01  4.378437276e-01  1.365935945e+00
 4.070450098e-01  4.392771471e-01  1.364512140e+00
 4.090019569e-01  4.407120762e-01  1.363065585e+00
 4.109589041e-01  4.421485398e-01  1.361599786e+00
 4.129158513e-01  4.435865601e-01  1.360115844e+00
 4.148727984e-01  4.450261599e-01  1.358612907e+00
 4.168297456e-01  4.464673635e-01  1.357088515e+00
 4.187866928e-01  4.479101993e-01  1.355542891e+00
 4.207436399e-01  4.493546915e-01  1.353977981e+00
 4.227005871e-01  4.508008645e-01  1.352395384e+00
 4.246575342e-01  4.522487394e-01  1.350797536e+00
 4.266144814e-01  4.536983358e-01  1.349182971e+00
 4.285714286e-01  4.551496781e-01  1.347548384e+00
 4.305283757e-01  4.566027935e-01  1.345894597e+00
 4.324853229e-01  4.580577048e-01  1.344225252e+00
 4.344422701e-01  4.595144315e-01  1.342542875e+00
 4.363992172e-01  4.609729915e-01  1.340846286e+00
 4.383561644e-01  4.624334070e-01  1.339132134e+00
 4.403131115e-01  4.638957035e-01  1.337400938e+00
 4.422700587e-01  4.653599024e-01  1.335655939e+00
 4.442270059e-01  4.668260223e-01  1.333898799e+00
 4.461839530e-01  4.682940813e-01  1.332128578e+00
 4.481409002e-01  4.697641004e-01  1.330344064e+00
 4.500978474e-01  4.712361006e-01  1.328545726e+00
 4.520547945e-01  4.727101021e-01  1.326734772e+00
 4.540117417e-01  4.741861235e-01  1.324911964e+00
 4.559686888e-01  4.756641837e-01  1.323077663e+00
 4.579256360e-01  4.771443006e-01  1.321232105e+00
 4.598825832e-01  4.786264930e-01  1.319375500e+00
 4.618395303e-01  4.801107785e-01  1.317507350e+00
 4.637964775e-01  4.815971772e-01  1.315628102e+00
 4.657534247e-01  4.830857061e-01  1.313739529e+00
 4.677103718e-01  4.845763814e-01  1.311841613e+00
 4.696673190e-01  4.860692206e-01  1.309934180e+00
 4.716242661e-01  4.875642403e-01  1.308017081e+00
 4.735812133e-01  4.890614587e-01  1.306090945e+00
 4.755381605e-01  4.905608912e-01  1.304157282e+00
 4.774951076e-01  4.920625527e-01  1.302215416e+00
 4.794520548e-01  4.935664605e-01  1.300264809e+00
 4.814090020e-01  4.950726309e-01  1.298306809e+00
 4.833659491e-01  4.965810783e-01  1.296342273e+00
 4.853228963e-01  4.980918172e-01  1.294371571e+00
 4.872798434e-01  4.996048614e-01  1.292393528e+00
 4.892367906e-01  5.011202283e-01  1.290407940e+00
 4.911937378e-01  5.026379325e-01  1.288417015e+00
 4.931506849e-01  5.041579863e-01  1.286421764e+00
 4.951076321e-01  5.056804020e-01  1.284421416e+00
 4.970645793e-01  5.072051942e-01  1.282414790e+00
 4.990215264e-01  5.087323780e-01  1.280402409e+00
 5.009784736e-01  5.102619669e-01  1.278386054e+00
 5.029354207e-01  5.117939721e-01  1.276366783e+00
 5.048923679e-01  5.133284046e-01  1.274343770e+00
 5.068493151e-01  5.148652778e-01  1.272316092e+00
 5.088062622e-01  5.164046050e-01  1.270284374e+00
 5.107632094e-01  5.179463984e-01  1.268249839e+00
 5.127201566e-01  5.194906684e-01  1.266213161e+00
 5.146771037e-01  5.210374256e-01  1.264174272e+00
 5.166340509e-01  5.225866810e-01  1.262132517e+00
 5.185909980e-01  5.241384466e-01  1.260088165e+00
 5.205479452e-01  5.256927331e-01  1.258042172e+00
 5.225048924e-01  5.272495502e-01  1.255994748e+00
 5.244618395e-01  5.288089081e-01  1.253946486e+00
 5.264187867e-01  5.303708154e-01  1.251897127e+00
 5.283757339e-01  5.319352829e-01  1.249846358e+00
 5.303326810e-01  5.335023200e-01  1.247794858e+00
 5.322896282e-01  5.350719360e-01  1.245743226e+00
 5.342465753e-01  5.366441389e-01  1.243692069e+00
 5.362035225e-01  5.382189366e-01  1.241641185e+00
 5.381604697e-01  5.397963376e-01  1.239590060e+00
 5.401174168e-01  5.413763511e-01  1.237539004e+00
 5.420743640e-01  5.429589851e-01  1.235489056e+00
 5.440313112e-01  5.445442462e-01  1.233440910e+00
 5.459882583e-01  5.461321406e-01  1.231394209e+00
 5.479452055e-01  5.477226757e-01  1.229348410e+00
 5.499021526e-01  5.493158594e-01  1.227303843e+00
 5.518590998e-01  5.509116984e-01  1.225261444e+00
 5.538160470e-01  5.525101979e-01  1.223221759e+00
 5.557729941e-01  5.541113633e-01  1.221184548e+00
 5.577299413e-01  5.557152006e-01  1.219149562e+00
 5.596868885e-01  5.573217157e-01  1.217117089e+00
 5.616438356e-01  5.589309140e-01  1.215087766e+00
 5.636007828e-01  5.605427997e-01  1.213062011e+00
 5.655577299e-01  5.621573771e-01  1.211039506e+00
 5.675146771e-01  5.637746512e-01  1.209020253e+00
 5.694716243e-01  5.653946262e-01  1.207004930e+00
 5.714285714e-01  5.670173055e-01  1.204993894e+00
 5.733855186e-01  5.686426923e-01  1.202987144e+00
 5.753424658e-01  5.702707898e-01  1.200984462e+00
 5.772994129e-01  5.719016019e-01  1.198986023e+00
 5.792563601e-01  5.735351312e-01  1.196992487e+00
 5.812133072e-01  5.751713799e-01  1.195004263e+00
 5.831702544e-01  5.768103494e-01  1.193021312e+00
 5.851272016e-01  5.784520419e-01  1.191043347e+00
 5.870841487e-01  5.800964597e-01  1.189070541e+00
 5.890410959e-01  5.817436042e-01  1.187103454e+00
 5.909980431e-01  5.833934762e-01  1.185142446e+00
 5.929549902e-01  5.850460761e-01  1.183187503e+00
 5.949119374e-01  5.867014047e-01  1.181238534e+00
 5.968688845e-01  5.883594624e-01  1.179295801e+00
 5.988258317e-01  5.900202494e-01  1.177359556e+00
 6.007827789e-01  5.916837652e-01  1.175430139e+00
 6.027397260e-01  5.933500088e-01  1.173507479e+00
 6.046966732e-01  5.950189800e-01  1.171591469e+00
 6.066536204e-01  5.966906780e-01  1.169682629e+00
 6.086105675e-01  5.983651009e-01  1.167781249e+00
 6.105675147e-01  6.000422470e-01  1.165887420e+00
 6.125244618e-01  6.017221142e-01  1.164001053e+00
 6.144814090e-01  6.034047006e-01  1.162122056e+00
 6.164383562e-01  6.050900043e-01  1.160250801e+00
 6.183953033e-01  6.067780224e-01  1.158387752e+00
 6.203522505e-01  6.084687515e-01  1.156533038e+00
 6.223091977e-01  6.101621880e-01  1.154686628e+00
 6.242661448e-01  6.118583286e-01  1.152848409e+00
 6.262230920e-01  6.135571698e-01  1.151018388e+00
 6.281800391e-01  6.152587080e-01  1.149197031e+00
 6.301369863e-01  6.169629384e-01  1.147384745e+00
 6.320939335e-01  6.186698560e-01  1.145581458e+00
 6.340508806e-01  6.203794559e-01  1.143786953e+00
 6.360078278e-01  6.220917337e-01  1.142001145e+00
 6.379647750e-01  6.238066846e-01  1.140224207e+00
 6.399217221e-01  6.255243034e-01  1.138456443e+00
 6.418786693e-01  6.272445843e-01  1.136697971e+00
 6.438356164e-01  6.289675215e-01  1.134948462e+00
 6.457925636e-01  6.306931100e-01  1.133207661e+00
 6.477495108e-01  6.324213447e-01  1.131475645e+00
 6.497064579e-01  6.341522202e-01  1.129752334e+00
 6.516634051e-01  6.358857313e-01  1.128037779e+00
 6.536203523e-01  6.376218724e-01  1.126332011e+00
 6.555772994e-01  6.393606381e-01  1.124634665e+00
 6.575342466e-01  6.411020237e-01  1.122945512e+00
 6.594911937e-01  6.428460243e-01  1.121264404e+00
 6.614481409e-01  6.445926354e-01  1.119591105e+00
 6.634050881e-01  6.463418529e-01  1.117925553e+00
 6.653620352e-01  6.480936724e-01  1.116267712e+00
 6.673189824e-01  6.498480895e-01  1.114617196e+00
 6.692759295e-01  6.516051009e-01  1.112973644e+00
 6.712328767e-01  6.533647033e-01  1.111336874e+00
 6.731898239e-01  6.551268940e-01  1.109706630e+00
 6.751467710e-01  6.568916702e-01  1.108082577e+00
 6.771037182e-01  6.586590301e-01  1.106464216e+00
 6.790606654e-01  6.604289726e-01  1.104851253e+00
 6.810176125e-01  6.622014966e-01  1.103243557e+00
 6.829745597e-01  6.639766013e-01  1.101640731e+00
 6.849315068e-01  6.657542868e-01  1.100042254e+00
 6.868884540e-01  6.675345541e-01  1.098447741e+00
 6.888454012e-01  6.693174044e-01  1.096856526e+00
 6.908023483e-01  6.711028407e-01  1.095268162e+00
 6.927592955e-01  6.728908657e-01  1.093682303e+00
 6.947162427e-01  6.746814836e-01  1.092098321e+00
 6.966731898e-01  6.764746991e-01  1.090516059e+00
 6.986301370e-01  6.782705169e-01  1.088935478e+00
 7.005870841e-01  6.800689419e-01  1.087355478e+00
 7.025440313e-01  6.818699823e-01  1.085774531e+00
 7.045009785e-01  6.836736483e-01  1.084192427e+00
 7.064579256e-01  6.854799490e-01  1.082609471e+00
 7.084148728e-01  6.872888934e-01  1.081025567e+00
 7.103718200e-01  6.891004910e-01  1.079439973e+00
 7.123287671e-01  6.909147537e-01  1.077851331e+00
 7.142857143e-01  6.927316955e-01  1.076258764e+00
 7.162426614e-01  6.945513314e-01  1.074662420e+00
 7.181996086e-01  6.963736752e-01  1.073062399e+00
 7.201565558e-01  6.981987415e-01  1.071457819e+00
 7.221135029e-01  7.000265476e-01  1.069848322e+00
 7.240704501e-01  7.018571094e-01  1.068233775e+00
 7.260273973e-01  7.036904449e-01  1.066613732e+00
 7.279843444e-01  7.055265717e-01  1.064987442e+00
 7.299412916e-01  7.073655106e-01  1.063353774e+00
 7.318982387e-01  7.092072837e-01  1.061712865e+00
 7.338551859e-01  7.110519113e-01  1.060065629e+00
 7.358121331e-01  7.128994127e-01  1.058412634e+00
 7.377690802e-01  7.147498066e-01  1.056752340e+00
 7.397260274e-01  7.166031179e-01  1.055083091e+00
 7.416829746e-01  7.184593716e-01  1.053405441e+00
 7.436399217e-01  7.203185908e-01  1.051720035e+00
 7.455968689e-01  7.221807986e-01  1.050026942e+00
 7.475538160e-01  7.240460184e-01  1.048325335e+00
 7.495107632e-01  7.259142765e-01  1.046615049e+00
 7.514677104e-01  7.277855973e-01  1.044896770e+00
 7.534246575e-01  7.296600051e-01  1.043170075e+00
 7.553816047e-01  7.315375260e-01  1.041434520e+00
 7.573385519e-01  7.334181864e-01  1.039689379e+00
 7.592954990e-01  7.353020156e-01  1.037934763e+00
 7.612524462e-01  7.371890399e-01  1.036171836e+00
 7.632093933e-01  7.390792849e-01  1.034401417e+00
 7.651663405e-01  7.409727742e-01  1.032621907e+00
 7.671232877e-01  7.428695397e-01  1.030831578e+00
 7.690802348e-01  7.447696120e-01  1.029031539e+00
 7.710371820e-01  7.466730192e-01  1.027222291e+00
 7.729941292e-01  7.485797906e-01  1.025403148e+00
 7.749510763e-01  7.504899575e-01  1.023572895e+00
 7.769080235e-01  7.524035540e-01  1.021731084e+00
 7.788649706e-01  7.543206139e-01  1.019878589e+00
 7.808219178e-01  7.562411685e-01  1.018014701e+00
 7.827788650e-01  7.581652548e-01  1.016137538e+00
 7.847358121e-01  7.600929119e-01  1.014246916e+00
 7.866927593e-01  7.620241782e-01  1.012343853e+00
 7.886497065e-01  7.639590897e-01  1.010429716e+00
 7.906066536e-01  7.658976800e-01  1.008505659e+00
 7.925636008e-01  7.678399816e-01  1.006572731e+00
 7.945205479e-01  7.697860246e-01  1.004632667e+00
 7.964774951e-01  7.717358350e-01  1.002688103e+00
 7.984344423e-01  7.736894335e-01  1.000740532e+00
 8.003913894e-01  7.756468406e-01  9.987961509e-01
 8.023483366e-01  7.776080526e-01  9.968642557e-01
 8.043052838e-01  7.795730538e-01  9.949502238e-01
 8.062622309e-01  7.815418187e-01  9.930615590e-01
 8.082191781e-01  7.835143012e-01  9.912105931e-01
 8.101761252e-01  7.854904256e-01  9.894117423e-01
 8.121330724e-01  7.874700866e-01  9.876785028e-01
 8.140900196e-01  7.894531525e-01  9.860163024e-01
 8.160469667e-01  7.914394933e-01  9.844303505e-01
 8.180039139e-01  7.934289534e-01  9.829360850e-01
 8.199608611e-01  7.954213377e-01  9.815599159e-01
 8.219178082e-01  7.974163797e-01  9.803197504e-01
 8.238747554e-01  7.994138076e-01  9.792150562e-01
 8.258317025e-01  8.014133531e-01  9.782389778e-01
 8.277886497e-01  8.034147686e-01  9.774207135e-01
 8.297455969e-01  8.054176630e-01  9.767839022e-01
 8.317025440e-01  8.074216886e-01  9.763080129e-01
 8.336594912e-01  8.094265358e-01  9.759676906e-01
 8.356164384e-01  8.114319592e-01  9.757533700e-01
 8.375733855e-01  8.134376871e-01  9.756846143e-01
 8.395303327e-01  8.154433931e-01  9.757551964e-01
 8.414872798e-01  8.174488308e-01  9.759393303e-01
 8.434442270e-01  8.194537801e-01  9.762172405e-01
 8.454011742e-01  8.214580763e-01  9.765692842e-01
 8.473581213e-01  8.234615804e-01  9.769871632e-01
 8.493150685e-01  8.254641624e-01  9.774493965e-01
 8.512720157e-01  8.274657721e-01  9.779340123e-01
 8.532289628e-01  8.294663699e-01  9.784229456e-01
 8.551859100e-01  8.314659796e-01  9.788907810e-01
 8.571428571e-01  8.334646655e-01  9.793185088e-01
 8.590998043e-01  8.354625288e-01  9.796879830e-01
 8.610567515e-01  8.374597074e-01  9.799916806e-01
 8.630136986e-01  8.394563326e-01  9.802225458e-01
 8.649706458e-01  8.414525705e-01  9.803798711e-01
 8.669275930e-01  8.434485549e-01  9.804362569e-01
 8.688845401e-01  8.454445632e-01  9.803678235e-01
 8.708414873e-01  8.474408262e-01  9.801781484e-01
 8.727984344e-01  8.494376071e-01  9.798663320e-01
 8.747553816e-01  8.514351410e-01  9.794470088e-01
 8.767123288e-01  8.534336322e-01  9.789315466e-01
 8.786692759e-01  8.554332704e-01  9.782857857e-01
 8.806262231e-01  8.574344011e-01  9.774891292e-01
 8.825831703e-01  8.594373005e-01  9.765557734e-01
 8.845401174e-01  8.614422587e-01  9.754906331e-01
 8.864970646e-01  8.634495347e-01  9.743071860e-01
 8.884540117e-01  8.654593670e-01  9.730312975e-01
 8.904109589e-01  8.674719109e-01  9.716414258e-01
 8.923679061e-01  8.694874978e-01  9.700917787e-01
 8.943248532e-01  8.715064774e-01  9.683929754e-01
 8.962818004e-01  8.735291430e-01  9.665646847e-01
 8.982387476e-01  8.755557686e-01  9.646268395e-01
 9.001956947e-01  8.775865696e-01  9.625786219e-01
 9.021526419e-01  8.796218299e-01  9.604268768e-01
 9.041095890e-01  8.816617414e-01  9.581852325e-01
 9.060665362e-01  8.837065365e-01  9.558132059e-01
 9.080234834e-01  8.857565867e-01  9.533102608e-01
 9.099804305e-01  8.878121342e-01  9.507001493e-01
 9.119373777e-01  8.898734576e-01  9.479820567e-01
 9.138943249e-01  8.919408104e-01  9.452033818e-01
 9.158512720e-01  8.940142716e-01  9.423327029e-01
 9.178082192e-01  8.960942411e-01  9.393216788e-01
 9.197651663e-01  8.981810179e-01  9.362392694e-01
 9.217221135e-01  9.002747063e-01  9.330666469e-01
 9.236790607e-01  9.023757002e-01  9.297615382e-01
 9.256360078e-01  9.044843017e-01  9.264041797e-01
 9.275929550e-01  9.066005515e-01  9.229927439e-01
 9.295499022e-01  9.087247706e-01  9.194296000e-01
 9.315068493e-01  9.108574575e-01  9.157273039e-01
 9.334637965e-01  9.129988892e-01  9.120733207e-01
 9.354207436e-01  9.151486959e-01  9.083089381e-01
 9.373776908e-01  9.173079205e-01  9.042607931e-01
 9.393346380e-01  9.194770215e-01  9.000845923e-01
 9.412915851e-01  9.216563312e-01  8.960954060e-01
 9.432485323e-01  9.238447803e-01  8.919663481e-01
 9.452054795e-01  9.260443268e-01  8.873280016e-01
 9.471624266e-01  9.282557205e-01  8.824879190e-01
 9.491193738e-01  9.304794640e-01  8.777809607e-01
 9.510763209e-01  9.327146298e-01  8.735330720e-01
 9.530332681e-01  9.349600446e-01  8.686977443e-01
 9.549902153e-01  9.372201994e-01  8.628451637e-01
 9.569471624e-01  9.394961883e-01  8.567105975e-01
 9.589041096e-01  9.417888348e-01  8.504050090e-01
 9.608610568e-01  9.440987059e-01  8.545531809e-01
 9.628180039e-01  9.463695475e-01  8.641375735e-01
 9.647749511e-01  9.486280225e-01  8.584297324e-01
 9.667318982e-01  9.509297321e-01  8.403338020e-01
 9.686888454e-01  9.532868893e-01  8.192382889e-01
 9.706457926e-01  9.557089757e-01  7.964892251e-01
 9.726027397e-01  9.582029222e-01  7.731902427e-01
 9.745596869e-01  9.607732884e-01  7.501989933e-01
 9.765166341e-01  9.634224417e-01  7.281502705e-01
 9.784735812e-01  9.661507363e-01  7.074918062e-01
 9.804305284e-01  9.689566911e-01  6.885231039e-01
 9.823874755e-01  9.718371671e-01  6.714316687e-01
 9.843444227e-01  9.747875442e-01  6.563240447e-01
 9.863013699e-01  9.778018958e-01  6.432509407e-01
 9.882583170e-01  9.808731615e-01  6.322267606e-01
 9.902152642e-01  9.839933175e-01  6.232443527e-01
 9.921722114e-01  9.871535441e-01  6.162858744e-01
 9.941291585e-01  9.903443900e-01  6.113306170e-01
 9.960861057e-01  9.935559326e-01  6.083605244e-01
 9.980430528e-01  9.967779353e-01  6.073639658e-01
 1.000000000e+00  1.000000000e+00  6.073522788e-01
4  3.686831742e-01  6.704598862e-01  1.009184568e+00  7.455129937e-01  9.609693801e-01  6.473151943e+01  4.660923325e-01  9.910240328e-01  3.089986795e-01  2.634042614e+00
5  4.865209873e-01  9.308450597e-01  1.006064469e+00  6.114173483e-01  9.336553958e-01  3.791489076e+01  4.118168318e-01  1.036354987e+00  4.702589730e-01  2.772146998e+00
6  5.831251962e-01  1.083592197e+00  1.003948399e+00  5.215297243e-01  9.104361485e-01  2.731429351e+01  3.800134338e-01  1.106874777e+00  5.906800505e-01  2.762999571e+00
7  6.670129555e-01  1.215239875e+00  1.002345164e+00  4.568356688e-01  8.932365667e-01  2.169096271e+01  3.585540317e-01  1.186324712e+00  6.863153837e-01  2.704658256e+00
8  7.407018339e-01  1.335108694e+00  1.001062255e+00  4.079258713e-01  8.855614397e-01  1.843242713e+01  3.432372281e-01  1.271861392e+00  7.648865270e-01  2.624662033e+00
9  8.055879651e-01  1.504557724e+00  1.000039600e+00  3.695228688e-01  8.931933507e-01  1.671381758e+01  3.323055468e-01  1.371466515e+00  8.299119413e-01  2.534816511e+00
10  8.573704769e-01  1.931272552e+00  9.993530489e-01  3.382274984e-01  9.262246564e-01  1.645063789e+01  3.253975841e-01  1.499044631e+00  8.805637370e-01  2.426310266e+00
11  8.959340170e-01  2.438513820e+00  9.989955136e-01  3.119801687e-01  9.975618219e-01  1.782875556e+01  3.219697610e-01  1.686153210e+00  9.176576983e-01  2.304123473e+00
12  9.311741364e-01  1.536139477e+00  9.990583798e-01  2.904558595e-01  1.111093231e+00  2.070717394e+01  3.216858050e-01  1.920003979e+00  9.497286573e-01  2.195327891e+00
13  9.669067401e-01  3.691149665e+00  9.997551968e-01  2.729395879e-01  1.266223722e+00  2.509609601e+01  3.247733055e-01  2.250087484e+00  9.790063975e-01  2.105686801e+00
14  9.818267155e-01  6.348319877e+00  9.998890825e-01  2.555890668e-01  1.479899620e+00  3.282421984e+01  3.276758153e-01  3.140011758e+00  9.888597132e-01  1.985717692e+00
15  9.902466060e-01  1.052434217e+01  9.999400930e-01  2.400324159e-01  1.672279919e+00  4.011875044e+01  3.308354940e-01  4.777409278e+00  9.940693743e-01  1.869325605e+00
16  9.947728535e-01  1.789980669e+01  9.999662180e-01  2.265564349e-01  1.787233644e+00  4.383680922e+01  3.340533726e-01  7.564752939e+00  9.968259769e-01  1.760549095e+00
0 0 -1.259304033e-01 -6.912306194e-18
0 1  1.350274038e-02 -4.185907028e-03
0 2 -1.357523463e-02  4.733924330e-03
0 3  5.108616020e-03 -5.493845115e-03
0 4 -2.312536345e-03  5.486623492e-03
0 5 -1.652487638e-03 -4.261997133e-03
0 6  3.373336142e-03  1.135303551e-03
0 7 -2.007074591e-03  2.379408234e-03
0 8 -2.050177636e-03 -1.743867225e-03
0 9  9.143718349e-04 -2.149291456e-03
0 10  2.041976685e-03 -5.643316791e-04
0 11  1.864062254e-03  5.966615315e-04
0 12  1.471377579e-03  1.090301271e-03
1 0 -1.072238319e-01 -3.323984454e-02
1 1 -9.749915875e-02 -1.278427728e-17
1 2  1.018976117e-02 -5.845129256e-03
1 3 -1.347253368e-02  7.038327548e-03
1 4  2.658368872e-03 -7.777312520e-03
1 5  6.798017724e-04  6.399606024e-03
1 6 -5.046826679e-03 -2.309960607e-03
1 7  2.998566965e-03 -3.005483201e-03
1 8  2.355302499e-03  2.792903624e-03
1 9 -1.774595256e-03  2.769405182e-03
1 10 -3.001972911e-03  3.720444177e-04
1 11 -2.525180843e-03 -1.189586436e-03
1 12 -1.866533811e-03 -1.786863079e-03
2 0  1.077995010e-01  3.759159192e-02
2 1 -1.045112728e-01 -5.995056092e-02
2 2 -7.848338675e-02 -2.333455608e-17
2 3  6.430769236e-03 -7.196613653e-03
2 4 -1.077257687e-02  8.545603549e-03
2 5 -1.642240641e-03 -8.136107952e-03
2 6  4.076137991e-03  3.876048213e-03
2 7 -5.027086277e-03  2.680548944e-03
2 8 -2.514027645e-03 -3.849951361e-03
2 9  2.386117541e-03 -2.752186559e-03
2 10  3.245794255e-03  2.722010266e-04
2 11  2.357169279e-03  1.922928038e-03
2 12  1.522761944e-03  2.455662434e-03
3 0 -4.056697897e-02 -4.362604242e-02
3 1  1.381810249e-01  7.218859771e-02
3 2 -8.193796806e-02 -9.169601301e-02
3 3 -6.517290842e-02  1.997994130e-17
3 4  3.136112637e-03 -8.460604906e-03
3 5 -7.096443489e-03  9.144080623e-03
3 6 -6.190455468e-03 -6.176406558e-03
3 7  4.580453611e-03 -1.353478766e-03
3 8  1.942511712e-04  4.852463671e-03
3 9 -4.164239233e-03  1.967439279e-03
3 10 -3.858155754e-03 -1.481217815e-03
3 11 -2.278038116e-03 -2.887420200e-03
3 12 -1.115521173e-03 -3.105706043e-03
4 0  1.836360629e-02  4.356869628e-02
4 1 -2.726555702e-02 -7.976799615e-02
4 2  1.372593273e-01  1.088842353e-01
4 3 -4.811988160e-02 -1.298178202e-01
4 4 -5.536923276e-02  6.221963122e-17
4 5  6.602963049e-05 -9.599997992e-03
4 6 -3.117098713e-03  8.441810669e-03
4 7 -9.164266940e-03 -1.667231880e-03
4 8 -1.165050631e-04 -5.379517937e-03
4 9  3.592827007e-03 -1.411832861e-04
4 10  1.892171165e-03  3.123400248e-03
4 11 -1.682833638e-04  3.741781850e-03
4 12 -1.214045446e-03  3.496791355e-03
5 0  1.312222938e-02 -3.384406801e-02
5 1 -6.972386030e-03  6.563755120e-02
5 2  2.092469132e-02 -1.036666266e-01
5 3  1.088864017e-01  1.403049341e-01
5 4 -1.192532878e-03 -1.733814524e-01
5 5 -4.775028420e-02  5.602469443e-18
5 6 -3.176499594e-03 -1.055875765e-02
5 7  4.426005221e-04  5.808160097e-03
5 8 -7.779937874e-03  3.717664846e-03
5 9 -5.840971832e-03 -2.942293249e-03
5 10 -1.659507843e-03 -4.478911977e-03
5 11  8.220082750e-04 -3.577188422e-03
5 12  1.855413954e-03 -2.447610621e-03
6 0 -2.678730517e-02  9.015325302e-03
6 1  5.176277153e-02 -2.369210808e-02
6 2 -5.193631620e-02  4.938686228e-02
6 3  9.498510375e-02 -9.476954011e-02
6 4  5.629658491e-02  1.524639271e-01
6 5  6.652315577e-02 -2.211244985e-01
6 6 -4.137625871e-02 -9.315953764e-18
6 7 -6.683208697e-03 -1.087249552e-02
6 8  2.225447368e-03  9.142870111e-04
6 9 -2.404414870e-03  5.176966602e-03
6 10 -5.709542880e-03  3.155295801e-03
6 11 -6.197266925e-03  6.999328252e-04
6 12 -5.596108637e-03 -4.848857666e-04
7 0  1.593796684e-02  1.889462888e-02
7 1 -3.075479834e-02 -3.082573470e-02
7 2  6.405287138e-02  3.415434852e-02
7 3 -7.028155905e-02 -2.076750599e-02
7 4  1.655119004e-01 -3.011116096e-02
7 5 -9.269065712e-03  1.216361367e-01
7 6  1.615227888e-01 -2.627713538e-01
7 7 -3.567215752e-02  5.946139492e-17
7 8 -9.102841943e-03 -9.335427877e-03
7 9  8.826541897e-04 -3.370792741e-03
7 10  1.376152831e-03  1.479822145e-03
7 11 -1.596509724e-04  3.362740810e-03
7 12 -1.154969822e-03  3.951262367e-03
8 0  1.628024356e-02 -1.384786501e-02
8 1 -2.415715714e-02  2.864541253e-02
8 2  3.203260906e-02 -4.905434794e-02
8 3 -2.980550906e-03  7.445522670e-02
8 4  2.104148050e-03 -9.715716958e-02
8 5  1.629296663e-01  7.785639202e-02
8 6 -5.378561131e-02  2.209689903e-02
8 7  2.551805827e-01 -2.617006799e-01
8 8 -3.131926487e-02 -1.016424635e-16
8 9 -9.956072002e-03 -6.943635552e-03
8 10 -2.882314871e-03 -6.189869146e-03
8 11  3.809923975e-05 -3.776797532e-03
8 12  9.999541457e-04 -1.745318320e-03
9 0 -7.260929936e-03 -1.706729590e-02
9 1  1.820113403e-02  2.840440079e-02
9 2 -3.040283606e-02 -3.506712277e-02
9 3  6.389524933e-02  3.018799264e-02
9 4 -6.488850988e-02 -2.549850865e-03
9 5  1.223232894e-01 -6.161834004e-02
9 6  5.811097825e-02  1.251192535e-01
9 7 -2.474350449e-02 -9.449366048e-02
9 8  3.178897092e-01 -2.217049340e-01
9 9 -2.821800402e-02  6.227107454e-18
9 10 -1.410212798e-02 -5.771377208e-03
9 11 -8.712494577e-03 -6.974875226e-03
9 12 -5.729944168e-03 -6.013015949e-03
10 0 -1.621512067e-02 -4.481298118e-03
10 1  3.078973142e-02  3.815873105e-03
10 2 -4.135644994e-02  3.468263003e-03
10 3  5.919876598e-02 -2.272750828e-02
10 4 -3.417369305e-02  5.641039423e-02
10 5  3.475388409e-02 -9.379864543e-02
10 6  1.379907961e-01  7.625860577e-02
10 7 -3.857778522e-02  4.148395410e-02
10 8  9.203009339e-02 -1.976377534e-01
10 9  4.997563955e-01 -2.045281872e-01
10 10 -2.116042119e-02  6.132621617e-17
10 11 -1.151155296e-02 -2.646862889e-03
10 12 -9.342100132e-03 -3.084597682e-03
11 0 -1.480232101e-02  4.738026053e-03
11 1  2.589951416e-02 -1.220099180e-02
11 2 -3.003399034e-02  2.450108384e-02
11 3  3.495375872e-02 -4.430399488e-02
11 4  3.039293764e-03  6.757871951e-02
11 5 -1.721473052e-02 -7.491449490e-02
11 6  1.497783298e-01  1.691629082e-02
11 7  4.475506488e-03  9.426794014e-02
11 8 -1.216479375e-03 -1.205902357e-01
11 9  3.087565857e-01 -2.471781923e-01
11 10  5.440134134e-01 -1.250855484e-01
11 11 -1.737854288e-02 -1.238413307e-17
11 12 -9.191084931e-03 -4.453599725e-04
12 0 -1.168405358e-02  8.657966960e-03
12 1  1.914410170e-02 -1.832695894e-02
12 2 -1.940234751e-02  3.128894580e-02
12 3  1.711633254e-02 -4.765332895e-02
12 4  2.192635486e-02  6.315405109e-02
12 5 -3.885660546e-02 -5.125855608e-02
12 6  1.352492664e-01 -1.171893694e-02
12 7  3.237734699e-02  1.107660047e-01
12 8 -3.192776554e-02 -5.572666943e-02
12 9  2.030598678e-01 -2.130914697e-01
12 10  4.414893281e-01 -1.457720361e-01
12 11  5.288754640e-01 -2.562700311e-02
12 12 -1.507551127e-02  2.552898495e-18
0 0 -8.228856035e+00  1.610513005e-15
0 1 -8.557275093e-01  3.562100508e-01
0 2  1.125619617e+00 -3.264234561e-01
0 3 -2.608963062e-01  2.665910681e-01
0 4  1.157486872e-01 -2.245318926e-01
0 5  5.085315072e-02  1.560168882e-01
0 6 -1.058173279e-01 -4.293850114e-02
0 7  6.562954495e-02 -6.484139718e-02
0 8  5.746061066e-02  5.190959069e-02
0 9 -1.000993065e-02  7.325942251e-02
0 10 -4.727050393e-02  1.431175619e-02
0 11 -3.493992122e-02 -2.619500428e-02
0 12 -1.985088493e-02 -5.906134816e-02
1 0 -8.557275093e-01 -3.562100508e-01
1 1 -1.083984305e+01  3.744089613e-15
1 2 -8.998552501e-01  8.058595457e-01
1 3  1.833979821e+00 -8.040918478e-01
1 4 -2.330474793e-01  6.070149947e-01
1 5 -3.097180697e-03 -4.255234280e-01
1 6  2.716457130e-01  1.491483512e-01
1 7 -1.645453797e-01  1.343776528e-01
1 8 -1.041495631e-01 -1.328810627e-01
1 9  4.668453454e-02 -1.463791147e-01
1 10  1.050769403e-01 -1.311301246e-02
1 11  7.105678462e-02  6.673600969e-02
1 12  1.641577636e-02  1.316047359e-01
2 0  1.125619617e+00  3.264234561e-01
2 1 -8.998552501e-01 -8.058595457e-01
2 2 -1.363447249e+01 -5.210641566e-15
2 3 -6.594145401e-01  1.490820628e+00
2 4  2.276735240e+00 -1.501925559e+00
2 5  1.462512086e-01  9.614771999e-01
2 6 -3.470403760e-01 -4.260304617e-01
2 7  4.339098488e-01 -1.748420625e-01
2 8  1.532144588e-01  2.943290092e-01
2 9 -1.315222421e-01  2.297367041e-01
2 10 -1.709379650e-01 -1.737087024e-02
2 11 -7.521342727e-02 -1.337116034e-01
2 12  1.140280713e-02 -2.155129677e-01
3 0 -2.608963062e-01 -2.665910681e-01
3 1  1.833979821e+00  8.040918478e-01
3 2 -6.594145401e-01 -1.490820628e+00
3 3 -1.661313027e+01 -1.143852394e-14
3 4 -1.058128421e-01  2.479087684e+00
3 5  2.304393711e+00 -2.358052258e+00
3 6  9.756669027e-01  1.087185673e+00
3 7 -6.437580396e-01  4.348862531e-02
3 8  4.121775396e-02 -5.725777537e-01
3 9  3.661444907e-01 -2.535283462e-01
3 10  2.703264756e-01  1.244057750e-01
3 11  8.026196774e-02  2.427723567e-01
3 12 -1.392104339e-01  3.195406043e-01
4 0  1.157486872e-01  2.245318926e-01
4 1 -2.330474793e-01 -6.070149947e-01
4 2  2.276735240e+00  1.501925559e+00
4 3 -1.058128421e-01 -2.479087684e+00
4 4 -1.988120204e+01 -2.794774223e-14
4 5  9.213324714e-01  3.821809526e+00
4 6  1.770962799e+00 -3.205222483e+00
4 7  2.093677576e+00  5.531702814e-01
4 8 -1.682799067e-01  8.684726802e-01
4 9 -5.726550175e-01  8.622437920e-02
4 10 -1.952335678e-01 -3.757024006e-01
4 11  1.678899607e-01 -3.922219117e-01
4 12  4.387499610e-01 -3.424719881e-01
5 0  5.085315072e-02 -1.560168882e-01
5 1 -3.097180697e-03  4.255234280e-01
5 2  1.462512086e-01 -9.614771999e-01
5 3  2.304393711e+00  2.358052258e+00
5 4  9.213324714e-01 -3.821809526e+00
5 5 -2.364604046e+01 -3.881183514e-14
5 6  2.782750561e+00  5.680239670e+00
5 7  7.023132423e-01 -3.678916011e+00
5 8  2.659748388e+00 -9.961442658e-01
5 9  1.251092017e+00  6.023556873e-01
5 10  9.305878476e-02  6.689496647e-01
5 11 -3.510549781e-01  3.056010492e-01
5 12 -7.489358308e-01 -6.752383022e-02
6 0 -1.058173279e-01  4.293850114e-02
6 1  2.716457130e-01 -1.491483512e-01
6 2 -3.470403760e-01  4.260304617e-01
6 3  9.756669027e-01 -1.087185673e+00
6 4  1.770962799e+00  3.205222483e+00
6 5  2.782750561e+00 -5.680239670e+00
6 6 -2.809548346e+01 -3.055740322e-14
6 7  5.732351616e+00  7.560793924e+00
6 8 -6.950015978e-01 -2.734852096e+00
6 9  9.221218105e-01 -2.061045721e+00
6 10  1.468088762e+00 -7.274237132e-01
6 11  1.318648628e+00  1.506360007e-01
6 12  1.051687182e+00  8.398754032e-01
7 0  6.562954495e-02  6.484139718e-02
7 1 -1.645453797e-01 -1.343776528e-01
7 2  4.339098488e-01  1.748420625e-01
7 3 -6.437580396e-01 -4.348862531e-02
7 4  2.093677576e+00 -5.531702814e-01
7 5  7.023132423e-01  3.678916011e+00
7 6  5.732351616e+00 -7.560793924e+00
7 7 -3.310919907e+01  9.879110542e-14
7 8  9.009131765e+00  8.139157407e+00
7 9 -8.060468665e-01  6.945312499e-01
7 10 -3.767008622e-01 -1.609992439e+00
7 11  7.274874310e-01 -1.901539028e+00
7 12  1.682122331e+00 -2.196395715e+00
8 0  5.746061066e-02 -5.190959069e-02
8 1 -1.041495631e-01  1.328810627e-01
8 2  1.532144588e-01 -2.943290092e-01
8 3  4.121775396e-02  5.725777537e-01
8 4 -1.682799067e-01 -8.684726802e-01
8 5  2.659748388e+00  9.961442658e-01
8 6 -6.950015978e-01  2.734852096e+00
8 7  9.009131765e+00 -8.139157407e+00
8 8 -3.758068126e+01  1.024424101e-13
8 9  1.182169132e+01  7.065741259e+00
8 10  5.999293462e-01  2.292893997e+00
8 11 -9.044266496e-01 -5.454671111e-01
8 12 -1.428501447e+00 -2.913454752e+00
9 0 -1.000993065e-02 -7.325942251e-02
9 1  4.668453454e-02  1.463791147e-01
9 2 -1.315222421e-01 -2.297367041e-01
9 3  3.661444907e-01  2.535283462e-01
9 4 -5.726550175e-01 -8.622437920e-02
9 5  1.251092017e+00 -6.023556873e-01
9 6  9.221218105e-01  2.061045721e+00
9 7 -8.060468665e-01 -6.945312499e-01
9 8  1.182169132e+01 -7.065741259e+00
9 9 -4.978255299e+01 -2.180828497e-13
9 10  2.128928548e+01  7.635935761e+00
9 11  4.241930542e+00  3.857317956e+00
9 12 -1.254911616e+00  6.317381912e-01
10 0 -4.727050393e-02 -1.431175619e-02
10 1  1.050769403e-01  1.311301246e-02
10 2 -1.709379650e-01  1.737087024e-02
10 3  2.703264756e-01 -1.244057750e-01
10 4 -1.952335678e-01  3.757024006e-01
10 5  9.305878476e-02 -6.689496647e-01
10 6  1.468088762e+00  7.274237132e-01
10 7 -3.767008622e-01  1.609992439e+00
10 8  5.999293462e-01 -2.292893997e+00
10 9  2.128928548e+01 -7.635935761e+00
10 10 -6.710874676e+01  3.566439563e-13
10 11  2.568497951e+01  5.160524574e+00
10 12  1.041288395e+01  4.356464207e+00
11 0 -3.493992122e-02  2.619500428e-02
11 1  7.105678462e-02 -6.673600969e-02
11 2 -7.521342727e-02  1.337116034e-01
11 3  8.026196774e-02 -2.427723567e-01
11 4  1.678899607e-01  3.922219117e-01
11 5 -3.510549781e-01 -3.056010492e-01
11 6  1.318648628e+00 -1.506360007e-01
11 7  7.274874310e-01  1.901539028e+00
11 8 -9.044266496e-01  5.454671111e-01
11 9  4.241930542e+00 -3.857317956e+00
11 10  2.568497951e+01 -5.160524574e+00
11 11 -7.613966911e+01 -4.859066517e-13
11 12  3.508175972e+01  1.699909386e+00
12 0 -1.985088493e-02  5.906134816e-02
12 1  1.641577636e-02 -1.316047359e-01
12 2  1.140280713e-02  2.155129677e-01
12 3 -1.392104339e-01 -3.195406043e-01
12 4  4.387499610e-01  3.424719881e-01
12 5 -7.489358308e-01  6.752383022e-02
12 6  1.051687182e+00 -8.398754032e-01
12 7  1.682122331e+00  2.196395715e+00
12 8 -1.428501447e+00  2.913454752e+00
12 9 -1.254911616e+00 -6.317381912e-01
12 10  1.041288395e+01 -4.356464207e+00
12 11  3.508175972e+01 -1.699909386e+00
12 12 -6.633274204e+01 -1.123283677e-14
0  2.374647586e-02 -1.205072844e-03 -1.081675093e-01 -9.575089251e-03
1  3.899289777e-02 -1.414303631e-03  1.402223956e-01  3.426137127e-02
2  5.369712090e-02 -2.737350650e-03 -1.455510818e-01 -7.343566022e-02
3  7.454724864e-02 -3.170987542e-03  1.205224574e-01  1.253520576e-01
4  9.937888263e-02 -5.895948968e-03 -4.984635354e-02 -1.731937501e-01
5  1.300338502e-01 -7.036034463e-03 -7.073040610e-02  1.690566122e-01
6  1.620441588e-01 -1.022753184e-02  1.765117977e-01 -4.680847950e-02
7  1.874541894e-01 -1.285376324e-02 -1.046546076e-01 -1.447811764e-01
8  2.146274064e-01 -1.475462361e-02 -1.377393495e-01  1.053315680e-01
9  2.456538547e-01 -1.784229945e-02  5.765590688e-02  1.557420874e-01
10  2.458543332e-01 -1.831057690e-02  1.487856216e-01  4.965216076e-02
11  2.383956819e-01 -1.901314247e-02  1.432653541e-01 -3.705474925e-02
12  2.350996468e-01  1.867831104e-03  1.167650032e-01 -7.652686042e-02
