 1.695500020e+00 -1.826802330e+00  8.558621221e-01  3.867224448e+00  9.345464683e-01  9.619847200e-01  6.978844880e+00 512 3 12
 0.000000000e+00  0.000000000e+00  4.511455145e-06
 1.956947162e-03  2.840070155e-02  1.378052647e-01
 3.913894325e-03  4.016504245e-02  1.948795782e-01
 5.870841487e-03  4.919257294e-02  2.386644724e-01
 7.827788650e-03  5.680363032e-02  2.755657614e-01
 9.784735812e-03  6.350965961e-02  3.080639339e-01
 1.174168297e-02  6.957297714e-02  3.374307395e-01
 1.369863014e-02  7.514942280e-02  3.644213707e-01
 1.565557730e-02  8.034054418e-02  3.895276607e-01
 1.761252446e-02  8.521688390e-02  4.130910670e-01
 1.956947162e-02  8.982980974e-02  4.353600656e-01
 2.152641879e-02  9.421810531e-02  4.565221224e-01
 2.348336595e-02  9.841190597e-02  4.767227857e-01
 2.544031311e-02  1.024351805e-01  4.960779793e-01
 2.739726027e-02  1.063073623e-01  5.146823029e-01
 2.935420744e-02  1.100444610e-01  5.326108268e-01
 3.131115460e-02  1.136598945e-01  5.499266909e-01
 3.326810176e-02  1.171649993e-01  5.666854724e-01
 3.522504892e-02  1.205694685e-01  5.829346851e-01
 3.718199609e-02  1.238816561e-01  5.987127546e-01
 3.913894325e-02  1.271088591e-01  6.140526959e-01
 4.109589041e-02  1.302574672e-01  6.289845974e-01
 4.305283757e-02  1.333331286e-01  6.435361661e-01
 4.500978474e-02  1.363408410e-01  6.577357587e-01
 4.696673190e-02  1.392850412e-01  6.716074755e-01
 4.892367906e-02  1.421697085e-01  6.851676353e-01
 5.088062622e-02  1.449984523e-01  6.984268317e-01
 5.283757339e-02  1.477745684e-01  7.113971400e-01
 5.479452055e-02  1.505010487e-01  7.240973085e-01
 5.675146771e-02  1.531805884e-01  7.365450863e-01
 5.870841487e-02  1.558156488e-01  7.487512276e-01
 6.066536204e-02  1.584084992e-01  7.607212761e-01
 6.262230920e-02  1.609612519e-01  7.724616403e-01
 6.457925636e-02  1.634758550e-01  7.839875944e-01
 6.653620352e-02  1.659540733e-01  7.953133187e-01
 6.849315068e-02  1.683975437e-01  8.064405473e-01
 7.045009785e-02  1.708078228e-01  8.173711039e-01
 7.240704501e-02  1.731863578e-01  8.281139127e-01
 7.436399217e-02  1.755344892e-01  8.386764857e-01
 7.632093933e-02  1.778534729e-01  8.490663872e-01
 7.827788650e-02  1.801444735e-01  8.592910329e-01
 8.023483366e-02  1.824085851e-01  8.693523049e-01
 8.219178082e-02  1.846468511e-01  8.792519878e-01
 8.414872798e-02  1.868602538e-01  8.889917585e-01
 8.610567515e-02  1.890497326e-01  8.985791410e-01
 8.806262231e-02  1.912161459e-01  9.080277959e-01
 9.001956947e-02  1.933602872e-01  9.173363458e-01
 9.197651663e-02  1.954829481e-01  9.265000398e-01
 9.393346380e-02  1.975848772e-01  9.355207463e-01
 9.589041096e-02  1.996667927e-01  9.444072368e-01
 9.784735812e-02  2.017293448e-01  9.531696164e-01
 9.980430528e-02  2.037731526e-01  9.618076936e-01
 1.017612524e-01  2.057988173e-01  9.703176776e-01
 1.037181996e-01  2.078069269e-01  9.786989719e-01
 1.056751468e-01  2.097980405e-01  9.869561012e-01
 1.076320939e-01  2.117726852e-01  9.950962200e-01
 1.095890411e-01  2.137313521e-01  1.003126127e+00
 1.115459883e-01  2.156745057e-01  1.011047022e+00
 1.135029354e-01  2.176025992e-01  1.018846996e+00
 1.154598826e-01  2.195161101e-01  1.026526400e+00
 1.174168297e-01  2.214154600e-01  1.034100536e+00
 1.193737769e-01  2.233010399e-01  1.041574879e+00
 1.213307241e-01  2.251732252e-01  1.048946954e+00
 1.232876712e-01  2.270323912e-01  1.056208296e+00
 1.252446184e-01  2.288789197e-01  1.063360620e+00
 1.272015656e-01  2.307131572e-01  1.070411381e+00
 1.291585127e-01  2.325354373e-01  1.077363419e+00
 1.311154599e-01  2.343460768e-01  1.084221670e+00
 1.330724070e-01  2.361453740e-01  1.090985866e+00
 1.350293542e-01  2.379336288e-01  1.097645323e+00
 1.369863014e-01  2.397111571e-01  1.104200742e+00
 1.389432485e-01  2.414782400e-01  1.110664694e+00
 1.409001957e-01  2.432351367e-01  1.117043207e+00
 1.428571429e-01  2.449820949e-01  1.123332708e+00
 1.448140900e-01  2.467193714e-01  1.129524275e+00
 1.467710372e-01  2.484472282e-01  1.135618346e+00
 1.487279843e-01  2.501659077e-01  1.141622631e+00
 1.506849315e-01  2.518756358e-01  1.147540371e+00
 1.526418787e-01  2.535766335e-01  1.153375173e+00
 1.545988258e-01  2.552691055e-01  1.159126184e+00
 1.565557730e-01  2.569532648e-01  1.164782980e+00
 1.585127202e-01  2.586293363e-01  1.170345063e+00
 1.604696673e-01  2.602975245e-01  1.175823640e+00
 1.624266145e-01  2.619580126e-01  1.181227212e+00
 1.643835616e-01  2.636109724e-01  1.186553182e+00
 1.663405088e-01  2.652565863e-01  1.191787523e+00
 1.682974560e-01  2.668950572e-01  1.196929857e+00
 1.702544031e-01  2.685265606e-01  1.201992852e+00
 1.722113503e-01  2.701512567e-01  1.206978354e+00
 1.741682975e-01  2.717693090e-01  1.211886487e+00
 1.761252446e-01  2.733808710e-01  1.216717491e+00
 1.780821918e-01  2.749860990e-01  1.221463734e+00
 1.800391389e-01  2.765851604e-01  1.226123175e+00
 1.819960861e-01  2.781782107e-01  1.230703012e+00
 1.839530333e-01  2.797653924e-01  1.235211607e+00
 1.859099804e-01  2.813468338e-01  1.239651613e+00
 1.878669276e-01  2.829226657e-01  1.244011002e+00
 1.898238748e-01  2.844930422e-01  1.248282421e+00
 1.917808219e-01  2.860581075e-01  1.252475642e+00
 1.937377691e-01  2.876179859e-01  1.256598849e+00
 1.956947162e-01  2.891727968e-01  1.260653020e+00
 1.976516634e-01  2.907226580e-01  1.264635578e+00
 1.996086106e-01  2.922676910e-01  1.268538273e+00
 2.015655577e-01  2.938080300e-01  1.272359345e+00
 2.035225049e-01  2.953437966e-01  1.276105974e+00
 2.054794521e-01  2.968751035e-01  1.279785517e+00
 2.074363992e-01  2.984020514e-01  1.283401760e+00
 2.093933464e-01  2.999247406e-01  1.286945430e+00
 2.113502935e-01  3.014432905e-01  1.290406359e+00
 2.133072407e-01  3.029578224e-01  1.293791797e+00
 2.152641879e-01  3.044684353e-01  1.297112595e+00
 2.172211350e-01  3.059752219e-01  1.300368643e+00
 2.191780822e-01  3.074782790e-01  1.303557330e+00
 2.211350294e-01  3.089777027e-01  1.306673231e+00
 2.230919765e-01  3.104735995e-01  1.309715024e+00
 2.250489237e-01  3.119660662e-01  1.312685944e+00
 2.270058708e-01  3.134551993e-01  1.315589565e+00
 2.289628180e-01  3.149410850e-01  1.318433536e+00
 2.309197652e-01  3.164238004e-01  1.321215965e+00
 2.328767123e-01  3.179034340e-01  1.323924020e+00
 2.348336595e-01  3.193800896e-01  1.326556392e+00
 2.367906067e-01  3.208538565e-01  1.329124188e+00
 2.387475538e-01  3.223248118e-01  1.331634150e+00
 2.407045010e-01  3.237930280e-01  1.334085430e+00
 2.426614481e-01  3.252585825e-01  1.336469699e+00
 2.446183953e-01  3.267215645e-01  1.338781901e+00
 2.465753425e-01  3.281820609e-01  1.341027712e+00
 2.485322896e-01  3.296401468e-01  1.343212178e+00
 2.504892368e-01  3.310958964e-01  1.345339381e+00
 2.524461840e-01  3.325493748e-01  1.347410636e+00
 2.544031311e-01  3.340006522e-01  1.349416372e+00
 2.563600783e-01  3.354498128e-01  1.351351235e+00
 2.583170254e-01  3.368969371e-01  1.353223282e+00
 2.602739726e-01  3.383420908e-01  1.355041826e+00
 2.622309198e-01  3.397853334e-01  1.356807376e+00
 2.641878669e-01  3.412267284e-01  1.358512378e+00
 2.661448141e-01  3.426663504e-01  1.360151259e+00
 2.681017613e-01  3.441042738e-01  1.361728847e+00
 2.700587084e-01  3.455405620e-01  1.363251130e+00
 2.720156556e-01  3.469752758e-01  1.364718403e+00
 2.739726027e-01  3.484084771e-01  1.366131848e+00
 2.759295499e-01  3.498402235e-01  1.367490176e+00
 2.778864971e-01  3.512705789e-01  1.368787976e+00
 2.798434442e-01  3.526996116e-01  1.370025608e+00
 2.818003914e-01  3.541273838e-01  1.371209327e+00
 2.837573386e-01  3.555539502e-01  1.372345223e+00
 2.857142857e-01  3.569793598e-01  1.373431068e+00
 2.876712329e-01  3.584036713e-01  1.374459708e+00
 2.896281800e-01  3.598269481e-01  1.375430466e+00
 2.915851272e-01  3.612492497e-01  1.376348792e+00
 2.935420744e-01  3.626706278e-01  1.377218833e+00
 2.954990215e-01  3.640911329e-01  1.378041035e+00
 2.974559687e-01  3.655108154e-01  1.378814117e+00
 2.994129159e-01  3.669297280e-01  1.379535386e+00
 3.013698630e-01  3.683479262e-01  1.380203241e+00
 3.033268102e-01  3.697654659e-01  1.380820598e+00
 3.052837573e-01  3.711823963e-01  1.381394048e+00
 3.072407045e-01  3.725987593e-01  1.381925208e+00
 3.091976517e-01  3.740146007e-01  1.382408610e+00
 3.111545988e-01  3.754299733e-01  1.382839735e+00
 3.131115460e-01  3.768449319e-01  1.383221962e+00
 3.150684932e-01  3.782595224e-01  1.383562717e+00
 3.170254403e-01  3.796737841e-01  1.383863278e+00
 3.189823875e-01  3.810877602e-01  1.384118459e+00
 3.209393346e-01  3.825015004e-01  1.384327226e+00
 3.228962818e-01  3.839150500e-01  1.384491718e+00
 3.248532290e-01  3.853284544e-01  1.384612792e+00
 3.268101761e-01  3.867417568e-01  1.384693508e+00
 3.287671233e-01  3.881549964e-01  1.384734545e+00
 3.307240705e-01  3.895682150e-01  1.384734494e+00
 3.326810176e-01  3.909814547e-01  1.384692301e+00
 3.346379648e-01  3.923947595e-01  1.384606987e+00
 3.365949119e-01  3.938081733e-01  1.384482648e+00
 3.385518591e-01  3.952217319e-01  1.384323474e+00
 3.405088063e-01  3.966354708e-01  1.384125287e+00
 3.424657534e-01  3.980494343e-01  1.383886058e+00
 3.444227006e-01  3.994636620e-01  1.383608780e+00
 3.463796477e-01  4.008781923e-01  1.383295241e+00
 3.483365949e-01  4.022930612e-01  1.382946663e+00
 3.502935421e-01  4.037083047e-01  1.382561000e+00
 3.522504892e-01  4.051239631e-01  1.382137746e+00
 3.542074364e-01  4.065400735e-01  1.381680912e+00
 3.561643836e-01  4.079566682e-01  1.381190079e+00
 3.581213307e-01  4.093737853e-01  1.380663451e+00
 3.600782779e-01  4.107914608e-01  1.380103273e+00
 3.620352250e-01  4.122097286e-01  1.379509896e+00
 3.639921722e-01  4.136286240e-01  1.378883359e+00
 3.659491194e-01  4.150481810e-01  1.378224745e+00
 3.679060665e-01  4.164684329e-01  1.377534027e+00
 3.698630137e-01  4.178894137e-01  1.376812596e+00
 3.718199609e-01  4.193111544e-01  1.376060029e+00
 3.737769080e-01  4.207336901e-01  1.375274387e+00
 3.757338552e-01  4.221570556e-01  1.374458975e+00
 3.776908023e-01  4.235812796e-01  1.373616778e+00
 3.796477495e-01  4.250063911e-01  1.372745944e+00
 3.816046967e-01  4.264324227e-01  1.371844419e+00
 3.835616438e-01  4.278594080e-01  1.370912167e+00
 3.855185910e-01  4.292873797e-01  1.369952357e+00
 3.874755382e-01  4.307163652e-01  1.368968424e+00
 3.894324853e-01  4.321463904e-01  1.367958005e+00
 3.913894325e-01  4.335774877e-01  1.366919289e+00
 3.933463796e-01  4.350096871e-01  1.365853292e+00
 3.953033268e-01  4.364430191e-01  1.364761102e+00
 3.972602740e-01  4.378775118e-01  1.363644265e+00
 3.992172211e-01  4.393131927e-01  1.362504255e+00
 4.011741683e-01  4.407500869e-01  1.361340861e+00
 4.031311155e-01  4.421882226e-01  1.360152439e+00
 4.050880626e-01  4.436276289e-01  1.358937978e+00
 4.070450098e-01  4.450683364e-01  1.357699305e+00
 4.090019569e-01  4.465103703e-01  1.356440685e+00
 4.109589041e-01  4.479537527e-01  1.355162882e+00
 4.129158513e-01  4.493985073e-01  1.353862223e+00
 4.148727984e-01  4.508446644e-01  1.352536251e+00
 4.168297456e-01  4.522922532e-01  1.351188012e+00
 4.187866928e-01  4.537412978e-01  1.349821743e+00
 4.207436399e-01  4.551918186e-01  1.348437999e+00
 4.227005871e-01  4.566438386e-01  1.347034451e+00
 4.246575342e-01  4.580973838e-01  1.345608870e+00
 4.266144814e-01  4.595524822e-01  1.344162584e+00
 4.285714286e-01  4.610091570e-01  1.342698608e+00
 4.305283757e-01  4.624674302e-01  1.341218010e+00
 4.324853229e-01  4.639273230e-01  1.339721574e+00
 4.344422701e-01  4.653888557e-01  1.338207400e+00
 4.363992172e-01  4.668520541e-01  1.336673645e+00
 4.383561644e-01  4.683169429e-01  1.335121882e+00
 4.403131115e-01  4.697835446e-01  1.333554913e+00
 4.422700587e-01  4.712518779e-01  1.331975287e+00
 4.442270059e-01  4.727219603e-01  1.330381694e+00
 4.461839530e-01  4.741938135e-01  1.328770044e+00
 4.481409002e-01  4.756674641e-01  1.327141054e+00
 4.500978474e-01  4.771429328e-01  1.325498865e+00
 4.520547945e-01  4.786202371e-01  1.323845791e+00
 4.540117417e-01  4.800993930e-01  1.322180882e+00
 4.559686888e-01  4.815804202e-01  1.320500698e+00
 4.579256360e-01  4.830633426e-01  1.318805395e+00
 4.598825832e-01  4.845481800e-01  1.317098216e+00
 4.618395303e-01  4.860349491e-01  1.315380886e+00
 4.637964775e-01  4.875236662e-01  1.313653274e+00
 4.657534247e-01  4.890143484e-01  1.311914009e+00
 4.677103718e-01  4.905070155e-01  1.310162431e+00
 4.696673190e-01  4.920016863e-01  1.308399921e+00
 4.716242661e-01  4.934983776e-01  1.306627734e+00
 4.735812133e-01  4.949971056e-01  1.304846870e+00
 4.755381605e-01  4.964978851e-01  1.303057370e+00
 4.774951076e-01  4.980007324e-01  1.301258522e+00
 4.794520548e-01  4.995056641e-01  1.299449855e+00
 4.814090020e-01  5.010126979e-01  1.297632280e+00
 4.833659491e-01  5.025218485e-01  1.295807942e+00
 4.853228963e-01  5.040331287e-01  1.293976977e+00
 4.872798434e-01  5.055465532e-01  1.292138724e+00
 4.892367906e-01  5.070621365e-01  1.290292704e+00
 4.911937378e-01  5.085798946e-01  1.288439529e+00
 4.931506849e-01  5.100998409e-01  1.286581102e+00
 4.951076321e-01  5.116219869e-01  1.284717543e+00
 4.970645793e-01  5.131463459e-01  1.282847879e+00
 4.990215264e-01  5.146729320e-01  1.280972813e+00
 5.009784736e-01  5.162017570e-01  1.279093161e+00
 5.029354207e-01  5.177328331e-01  1.277209519e+00
 5.048923679e-01  5.192661709e-01  1.275321744e+00
 5.068493151e-01  5.208017831e-01  1.273429260e+00
 5.088062622e-01  5.223396818e-01  1.271533452e+00
 5.107632094e-01  5.238798765e-01  1.269635503e+00
 5.127201566e-01  5.254223765e-01  1.267735230e+00
 5.146771037e-01  5.269671920e-01  1.265831724e+00
 5.166340509e-01  5.285143347e-01  1.263924983e+00
 5.185909980e-01  5.300638147e-01  1.262016629e+00
 5.205479452e-01  5.316156400e-01  1.260108032e+00
 5.225048924e-01  5.331698173e-01  1.258198793e+00
 5.244618395e-01  5.347263557e-01  1.256287606e+00
 5.264187867e-01  5.362852654e-01  1.254374817e+00
 5.283757339e-01  5.378465546e-01  1.252461868e+00
 5.303326810e-01  5.394102300e-01  1.250549700e+00
 5.322896282e-01  5.409762974e-01  1.248638271e+00
 5.342465753e-01  5.425447638e-01  1.246726842e+00
 5.362035225e-01  5.441156370e-01  1.244815376e+00
 5.381604697e-01  5.456889240e-01  1.242904843e+00
 5.401174168e-01  5.472646302e-01  1.240996010e+00
 5.420743640e-01  5.488427608e-01  1.239088941e+00
 5.440313112e-01  5.504233211e-01  1.237183441e+00
 5.459882583e-01  5.520063167e-01  1.235279559e+00
 5.479452055e-01  5.535917528e-01  1.233377837e+00
 5.499021526e-01  5.551796338e-01  1.231478604e+00
 5.518590998e-01  5.567699640e-01  1.229582029e+00
 5.538160470e-01  5.583627472e-01  1.227688246e+00
 5.557729941e-01  5.599579874e-01  1.225797391e+00
 5.577299413e-01  5.615556883e-01  1.223909926e+00
 5.596868885e-01  5.631558527e-01  1.222025909e+00
 5.616438356e-01  5.647584838e-01  1.220145430e+00
 5.636007828e-01  5.663635842e-01  1.218268692e+00
 5.655577299e-01  5.679711568e-01  1.216395929e+00
 5.675146771e-01  5.695812034e-01  1.214527507e+00
 5.694716243e-01  5.711937260e-01  1.212663467e+00
 5.714285714e-01  5.728087262e-01  1.210804032e+00
 5.733855186e-01  5.744262052e-01  1.208949253e+00
 5.753424658e-01  5.760461647e-01  1.207099264e+00
 5.772994129e-01  5.776686055e-01  1.205254421e+00
 5.792563601e-01  5.792935280e-01  1.203414747e+00
 5.812133072e-01  5.809209330e-01  1.201580474e+00
 5.831702544e-01  5.825508203e-01  1.199751807e+00
 5.851272016e-01  5.841831901e-01  1.197928851e+00
 5.870841487e-01  5.858180418e-01  1.196111712e+00
 5.890410959e-01  5.874553751e-01  1.194300381e+00
 5.909980431e-01  5.890951895e-01  1.192495120e+00
 5.929549902e-01  5.907374839e-01  1.190696205e+00
 5.949119374e-01  5.923822570e-01  1.188903836e+00
 5.968688845e-01  5.940295069e-01  1.187117992e+00
 5.988258317e-01  5.956792323e-01  1.185338606e+00
 6.007827789e-01  5.973314315e-01  1.183565850e+00
 6.027397260e-01  5.989861026e-01  1.181800012e+00
 6.046966732e-01  6.006432429e-01  1.180041388e+00
 6.066536204e-01  6.023028495e-01  1.178289946e+00
 6.086105675e-01  6.039649199e-01  1.176545608e+00
 6.105675147e-01  6.056294512e-01  1.174808490e+00
 6.125244618e-01  6.072964404e-01  1.173078747e+00
 6.144814090e-01  6.089658841e-01  1.171356637e+00
 6.164383562e-01  6.106377785e-01  1.169642280e+00
 6.183953033e-01  6.123121196e-01  1.167935479e+00
 6.203522505e-01  6.139889041e-01  1.166236194e+00
 6.223091977e-01  6.156681280e-01  1.164544496e+00
 6.242661448e-01  6.173497876e-01  1.162860429e+00
 6.262230920e-01  6.190338788e-01  1.161184154e+00
 6.281800391e-01  6.207203972e-01  1.159515573e+00
 6.301369863e-01  6.224093388e-01  1.157854454e+00
 6.320939335e-01  6.241006997e-01  1.156200710e+00
 6.340508806e-01  6.257944762e-01  1.154554396e+00
 6.360078278e-01  6.274906641e-01  1.152915403e+00
 6.379647750e-01  6.291892598e-01  1.151283655e+00
 6.399217221e-01  6.308902592e-01  1.149659080e+00
 6.418786693e-01  6.325936588e-01  1.148041435e+00
 6.438356164e-01  6.342994551e-01  1.146430627e+00
 6.457925636e-01  6.360076448e-01  1.144826594e+00
 6.477495108e-01  6.377182245e-01  1.143229017e+00
 6.497064579e-01  6.394311917e-01  1.141637577e+00
 6.516634051e-01  6.411465438e-01  1.140052329e+00
 6.536203523e-01  6.428642780e-01  1.138473227e+00
 6.555772994e-01  6.445843919e-01  1.136900000e+00
 6.575342466e-01  6.463068834e-01  1.135332347e+00
 6.594911937e-01  6.480317508e-01  1.133769838e+00
 6.614481409e-01  6.497589933e-01  1.132212212e+00
 6.634050881e-01  6.514886099e-01  1.130659525e+00
 6.653620352e-01  6.532205995e-01  1.129111538e+00
 6.673189824e-01  6.549549618e-01  1.127567895e+00
 6.692759295e-01  6.566916969e-01  1.126028481e+00
 6.712328767e-01  6.584308046e-01  1.124492891e+00
 6.731898239e-01  6.601722862e-01  1.122960661e+00
 6.751467710e-01  6.619161430e-01  1.121431393e+00
 6.771037182e-01  6.636623775e-01  1.119904865e+00
 6.790606654e-01  6.654109916e-01  1.118381146e+00
 6.810176125e-01  6.671619876e-01  1.116860180e+00
 6.829745597e-01  6.689153676e-01  1.115341188e+00
 6.849315068e-01  6.706711362e-01  1.113823312e+00
 6.868884540e-01  6.724292983e-01  1.112306444e+00
 6.888454012e-01  6.741898589e-01  1.110790632e+00
 6.908023483e-01  6.759528228e-01  1.109275795e+00
 6.927592955e-01  6.777181951e-01  1.107761351e+00
 6.947162427e-01  6.794859827e-01  1.106246316e+00
 6.966731898e-01  6.812561938e-01  1.104730436e+00
 6.986301370e-01  6.830288361e-01  1.103214037e+00
 7.005870841e-01  6.848039170e-01  1.101696765e+00
 7.025440313e-01  6.865814453e-01  1.100177493e+00
 7.045009785e-01  6.883614321e-01  1.098655799e+00
 7.064579256e-01  6.901438878e-01  1.097131888e+00
 7.084148728e-01  6.919288228e-01  1.095605398e+00
 7.103718200e-01  6.937162489e-01  1.094075873e+00
 7.123287671e-01  6.955061782e-01  1.092542398e+00
 7.142857143e-01  6.972986254e-01  1.091004335e+00
 7.162426614e-01  6.990936050e-01  1.089462285e+00
 7.181996086e-01  7.008911300e-01  1.087916147e+00
 7.201565558e-01  7.026912152e-01  1.086364257e+00
 7.221135029e-01  7.044938795e-01  1.084805736e+00
 7.240704501e-01  7.062991408e-01  1.083241194e+00
 7.260273973e-01  7.081070161e-01  1.081670945e+00
 7.279843444e-01  7.099175226e-01  1.080094259e+00
 7.299412916e-01  7.117306800e-01  1.078509943e+00
 7.318982387e-01  7.135465096e-01  1.076916821e+00
 7.338551859e-01  7.153650355e-01  1.075314750e+00
 7.358121331e-01  7.171862799e-01  1.073704745e+00
 7.377690802e-01  7.190102637e-01  1.072086515e+00
 7.397260274e-01  7.208370103e-01  1.070458508e+00
 7.416829746e-01  7.226665463e-01  1.068819809e+00
 7.436399217e-01  7.244988988e-01  1.067170794e+00
 7.455968689e-01  7.263340933e-01  1.065511524e+00
 7.475538160e-01  7.281721572e-01  1.063840199e+00
 7.495107632e-01  7.300131225e-01  1.062155582e+00
 7.514677104e-01  7.318570216e-01  1.060458489e+00
 7.534246575e-01  7.337038840e-01  1.058749946e+00
 7.553816047e-01  7.355537391e-01  1.057029659e+00
 7.573385519e-01  7.374066179e-01  1.055295011e+00
 7.592954990e-01  7.392625595e-01  1.053544779e+00
 7.612524462e-01  7.411215998e-01  1.051778997e+00
 7.632093933e-01  7.429837784e-01  1.049997925e+00
 7.651663405e-01  7.448491310e-01  1.048201854e+00
 7.671232877e-01  7.467176967e-01  1.046389073e+00
 7.690802348e-01  7.485895182e-01  1.044558907e+00
 7.710371820e-01  7.504646375e-01  1.042711776e+00
 7.729941292e-01  7.523430967e-01  1.040847217e+00
 7.749510763e-01  7.542249403e-01  1.038964248e+00
 7.769080235e-01  7.561102146e-01  1.037059846e+00
 7.788649706e-01  7.579989761e-01  1.035133315e+00
 7.808219178e-01  7.598912746e-01  1.033187251e+00
 7.827788650e-01  7.617871581e-01  1.031221757e+00
 7.847358121e-01  7.636866770e-01  1.029235320e+00
 7.866927593e-01  7.655898858e-01  1.027226226e+00
 7.886497065e-01  7.674968424e-01  1.025194234e+00
 7.906066536e-01  7.694076034e-01  1.023141566e+00
 7.925636008e-01  7.713222195e-01  1.021068521e+00
 7.945205479e-01  7.732407472e-01  1.018973070e+00
 7.964774951e-01  7.751632461e-01  1.016856137e+00
 7.984344423e-01  7.770897705e-01  1.014720665e+00
 8.003913894e-01  7.790203697e-01  1.012569193e+00
 8.023483366e-01  7.809550897e-01  1.010402953e+00
 8.043052838e-01  7.828939762e-01  1.008222122e+00
 8.062622309e-01  7.848370751e-01  1.006028091e+00
 8.082191781e-01  7.867844279e-01  1.003820815e+00
 8.101761252e-01  7.887360816e-01  1.001600078e+00
 8.121330724e-01  7.906920793e-01  9.993688672e-01
 8.140900196e-01  7.926524575e-01  9.971299640e-01
 8.160469667e-01  7.946172489e-01  9.948850963e-01
 8.180039139e-01  7.965864839e-01  9.926368752e-01
 8.199608611e-01  7.985601856e-01  9.903896651e-01
 8.219178082e-01  8.005383672e-01  9.881526703e-01
 8.238747554e-01  8.025210152e-01  9.859362130e-01
 8.258317025e-01  8.045081008e-01  9.837467634e-01
 8.277886497e-01  8.064995837e-01  9.815931825e-01
 8.297455969e-01  8.084953979e-01  9.794925228e-01
 8.317025440e-01  8.104954315e-01  9.774688158e-01
 8.336594912e-01  8.124995178e-01  9.755296598e-01
 8.356164384e-01  8.145075101e-01  9.736760137e-01
 8.375733855e-01  8.165192338e-01  9.719207398e-01
 8.395303327e-01  8.185344849e-01  9.702925373e-01
 8.414872798e-01  8.205529650e-01  9.688138684e-01
 8.434442270e-01  8.225743718e-01  9.674781230e-01
 8.454011742e-01  8.245984288e-01  9.662983747e-01
 8.473581213e-01  8.266247738e-01  9.653012908e-01
 8.493150685e-01  8.286530137e-01  9.645073546e-01
 8.512720157e-01  8.306826955e-01  9.639200996e-01
 8.532289628e-01  8.327134071e-01  9.635008818e-01
 8.551859100e-01  8.347448553e-01  9.632340583e-01
 8.571428571e-01  8.367766920e-01  9.631437766e-01
 8.590998043e-01  8.388085210e-01  9.632165160e-01
 8.610567515e-01  8.408400509e-01  9.634263652e-01
 8.630136986e-01  8.428709949e-01  9.637414996e-01
 8.649706458e-01  8.449011965e-01  9.641328295e-01
 8.669275930e-01  8.469304923e-01  9.645990223e-01
 8.688845401e-01  8.489587321e-01  9.651365069e-01
 8.708414873e-01  8.509857684e-01  9.657092053e-01
 8.727984344e-01  8.530116033e-01  9.662881687e-01
 8.747553816e-01  8.550362113e-01  9.668463992e-01
 8.767123288e-01  8.570597074e-01  9.673604659e-01
 8.786692759e-01  8.590821642e-01  9.678108179e-01
 8.806262231e-01  8.611037774e-01  9.681809355e-01
 8.825831703e-01  8.631246881e-01  9.684676594e-01
 8.845401174e-01  8.651451043e-01  9.686819914e-01
 8.864970646e-01  8.671651208e-01  9.687771731e-01
 8.884540117e-01  8.691851400e-01  9.686987489e-01
 8.904109589e-01  8.712054836e-01  9.684685981e-01
 8.923679061e-01  8.732264631e-01  9.680996696e-01
 8.943248532e-01  8.752483469e-01  9.675986648e-01
 8.962818004e-01  8.772714201e-01  9.669398113e-01
 8.982387476e-01  8.792960606e-01  9.661342078e-01
 9.001956947e-01  8.813225093e-01  9.651662930e-01
 9.021526419e-01  8.833512134e-01  9.640084322e-01
 9.041095890e-01  8.853825335e-01  9.626899894e-01
 9.060665362e-01  8.874167988e-01  9.612230156e-01
 9.080234834e-01  8.894543247e-01  9.596463385e-01
 9.099804305e-01  8.914952804e-01  9.579371286e-01
 9.119373777e-01  8.935400847e-01  9.560379749e-01
 9.138943249e-01  8.955891584e-01  9.539838941e-01
 9.158512720e-01  8.976427787e-01  9.517854213e-01
 9.178082192e-01  8.997013306e-01  9.494352150e-01
 9.197651663e-01  9.017651316e-01  9.469996330e-01
 9.217221135e-01  9.038342862e-01  9.444432065e-01
 9.236790607e-01  9.059092768e-01  9.417054073e-01
 9.256360078e-01  9.079904818e-01  9.388628678e-01
 9.275929550e-01  9.100780567e-01  9.359256393e-01
 9.295499022e-01  9.121723466e-01  9.328278481e-01
 9.315068493e-01  9.142738118e-01  9.295857300e-01
 9.334637965e-01  9.163827371e-01  9.263933021e-01
 9.354207436e-01  9.184987086e-01  9.230665664e-01
 9.373776908e-01  9.206228685e-01  9.194055171e-01
 9.393346380e-01  9.227557279e-01  9.155819058e-01
 9.412915851e-01  9.248976686e-01  9.119060247e-01
 9.432485323e-01  9.270477518e-01  9.080628201e-01
 9.452054795e-01  9.292078735e-01  9.036960635e-01
 9.471624266e-01  9.313787909e-01  8.991065231e-01
 9.491193738e-01  9.335610253e-01  8.946149423e-01
 9.510763209e-01  9.357537901e-01  8.905332570e-01
 9.530332681e-01  9.379560672e-01  8.858769644e-01
 9.549902153e-01  9.401719757e-01  8.802431931e-01
 9.569471624e-01  9.424025423e-01  8.743282791e-01
 9.589041096e-01  9.446485407e-01  8.682397030e-01
 9.608610568e-01  9.469105053e-01  8.703508309e-01
 9.628180039e-01  9.491457734e-01  8.767513636e-01
 9.647749511e-01  9.513746108e-01  8.711311911e-01
 9.667318982e-01  9.536392306e-01  8.558020200e-01
 9.686888454e-01  9.559488608e-01  8.380515686e-01
 9.706457926e-01  9.583106250e-01  8.189008640e-01
 9.726027397e-01  9.607296820e-01  7.992042242e-01
 9.745596869e-01  9.632093646e-01  7.796460029e-01
 9.765166341e-01  9.657513177e-01  7.607535146e-01
 9.784735812e-01  9.683556360e-01  7.429184508e-01
 9.804305284e-01  9.710210010e-01  7.264212122e-01
 9.823874755e-01  9.737448168e-01  7.114545967e-01
 9.843444227e-01  9.765233456e-01  6.981450339e-01
 9.863013699e-01  9.793518409e-01  6.865704920e-01
 9.882583170e-01  9.822246799e-01  6.767750093e-01
 9.902152642e-01  9.851354939e-01  6.687801958e-01
 9.921722114e-01  9.880772961e-01  6.625940270e-01
 9.941291585e-01  9.910426077e-01  6.582174654e-01
 9.960861057e-01  9.940235811e-01  6.556493008e-01
 9.980430528e-01  9.970121205e-01  6.548895686e-01
 1.000000000e+00  1.000000000e+00  6.550341768e-01
4  3.839452663e-01  6.670744381e-01  1.012184713e+00  7.488405213e-01  9.609477248e-01  6.049531252e+01  4.585684247e-01  9.894180229e-01  3.229381160e-01  2.641995212e+00
5  5.071322765e-01  9.304717947e-01  1.007989152e+00  6.146315816e-01  9.342288293e-01  3.556503553e+01  4.036476401e-01  1.038788104e+00  4.893272887e-01  2.780161547e+00
6  6.074953277e-01  1.088692511e+00  1.005121842e+00  5.245485907e-01  9.123432287e-01  2.577530616e+01  3.717762630e-01  1.113069350e+00  6.127577518e-01  2.767408870e+00
7  6.944612889e-01  1.219450462e+00  1.003010526e+00  4.598042139e-01  8.976118063e-01  2.061158297e+01  3.504846359e-01  1.196358560e+00  7.111867127e-01  2.705941596e+00
8  7.707959422e-01  1.352702127e+00  1.001382486e+00  4.109238358e-01  8.954161953e-01  1.774946506e+01  3.356167615e-01  1.289834086e+00  7.920260850e-01  2.623688975e+00
9  8.357667385e-01  1.617489319e+00  1.000211729e+00  3.723745293e-01  9.153949792e-01  1.661744454e+01  3.258252681e-01  1.410798193e+00  8.561701277e-01  2.525791185e+00
10  8.840376330e-01  2.216569463e+00  9.995180601e-01  3.407105128e-01  9.723113017e-01  1.729239916e+01  3.204984786e-01  1.582885791e+00  9.028142120e-01  2.402837079e+00
11  9.176931725e-01  2.908290117e+00  9.991767438e-01  3.139840320e-01  1.082691948e+00  2.016019736e+01  3.185837182e-01  1.859143290e+00  9.346766346e-01  2.266783584e+00
12  9.493369166e-01  1.627686133e+00  9.992357790e-01  2.922142082e-01  1.241651690e+00  2.487498038e+01  3.197434229e-01  2.196227102e+00  9.629856097e-01  2.149661240e+00
13  9.796090009e-01  5.002589228e+00  9.998558889e-01  2.741159723e-01  1.443876909e+00  3.151243270e+01  3.238806422e-01  2.759650038e+00  9.864778044e-01  2.048848045e+00
14  9.901108756e-01  9.876402290e+00  9.999209997e-01  2.564140798e-01  1.658554471e+00  3.968774609e+01  3.274126490e-01  4.245520196e+00  9.935153700e-01  1.923022699e+00
15  9.950715615e-01  1.810340888e+01  9.999505710e-01  2.411127704e-01  1.792781404e+00  4.426478246e+01  3.309713502e-01  6.956756860e+00  9.967729075e-01  1.803867003e+00
0 0 -1.251950921e-01 -5.561290276e-20
0 1  1.341790641e-02 -4.515779219e-03
0 2 -1.365320572e-02  5.272833030e-03
0 3  4.559542785e-03 -6.123994228e-03
0 4 -1.373914561e-03  5.857595770e-03
0 5 -2.954652717e-03 -3.719563450e-03
0 6  3.623202484e-03 -5.893444423e-04
0 7 -9.388385605e-06  3.230019119e-03
0 8 -2.770644427e-03  7.313936416e-04
0 9 -1.974866652e-03 -1.590645788e-03
0 10 -6.440843342e-04 -2.218200167e-03
0 11  1.321289042e-04 -2.127449936e-03
1 0 -1.071759778e-01 -3.606993806e-02
1 1 -9.681667459e-02 -2.463619636e-17
1 2  9.766827723e-03 -6.510685814e-03
1 3 -1.309926431e-02  7.953535434e-03
1 4  1.167451522e-03 -8.385752710e-03
1 5  2.418627078e-03  5.852580535e-03
1 6 -5.812043365e-03  5.277999968e-05
1 7  2.788911511e-04 -4.539920846e-03
1 8  3.722161128e-03 -4.819308566e-04
1 9  2.211629469e-03  2.552496339e-03
1 10  2.857359463e-04  3.141178381e-03
1 11 -7.166659746e-04  2.873744041e-03
2 0  1.090554389e-01  4.211693078e-02
2 1 -1.008796033e-01 -6.724756703e-02
2 2 -7.782176536e-02 -1.053155711e-17
2 3  5.780012553e-03 -8.129031296e-03
2 4 -9.692975189e-03  9.472057713e-03
2 5 -3.983244171e-03 -7.922642569e-03
2 6  5.223296928e-03  1.452890441e-03
2 7 -2.618692143e-03  5.085386974e-03
2 8 -5.068264691e-03 -5.353214645e-04
2 9 -2.263700177e-03 -3.525514688e-03
2 10  1.346568628e-04 -3.651299268e-03
2 11  1.277066642e-03 -3.037860781e-03
3 0 -3.641950101e-02 -4.891560942e-02
3 1  1.352996719e-01  8.215047116e-02
3 2 -7.427244199e-02 -1.044570405e-01
3 3 -6.446920137e-02  3.798367767e-17
3 4  2.175456386e-03 -9.586368302e-03
3 5 -5.322133185e-03  9.647933316e-03
3 6 -8.645580634e-03 -4.260763241e-03
3 7  2.590590043e-03 -4.657843520e-03
3 8  3.583215857e-03  2.434943069e-03
3 9 -1.223395301e-04  4.443384871e-03
3 10 -2.497888846e-03  3.608628038e-03
3 11 -3.258328794e-03  2.603546174e-03
4 0  1.097418867e-02  4.678774280e-02
4 1 -1.205837246e-02 -8.661475666e-02
4 2  1.245535249e-01  1.217147628e-01
4 3 -3.374411873e-02 -1.486968676e-01
4 4 -5.460146013e-02  2.537986575e-17
4 5 -1.450764933e-03 -1.089138415e-02
4 6 -8.992766292e-04  7.838545255e-03
4 7 -9.826029484e-03  2.061362302e-03
4 8 -5.045237706e-03 -5.041425851e-03
4 9  5.938362052e-04 -4.528711445e-03
4 10  2.663375588e-03 -2.331447989e-03
4 11  3.093159179e-03 -7.515604189e-04
5 0  2.360038773e-02 -2.971013788e-02
5 1 -2.498151365e-02  6.045012969e-02
5 2  5.118419189e-02 -1.018049710e-01
5 3  8.255311174e-02  1.496518199e-01
5 4  2.657007577e-02 -1.994705660e-01
5 5 -4.677365726e-02 -2.352514374e-18
5 6 -5.502774684e-03 -1.174866563e-02
5 7  2.178336339e-03  3.109479970e-03
5 8 -4.809653538e-03  6.206064326e-03
5 9 -7.307643689e-03  2.019100090e-03
5 10 -6.732175797e-03 -1.112813496e-03
5 11 -5.469266639e-03 -2.270037976e-03
6 0 -2.894045144e-02 -4.707408511e-03
6 1  6.003142939e-02  5.451540233e-04
6 2 -6.711871548e-02  1.866946135e-02
6 3  1.341040443e-01 -6.608990263e-02
6 4  1.646982749e-02  1.435592608e-01
6 5  1.176468766e-01 -2.511812485e-01
6 6 -3.996615486e-02  6.887129922e-17
6 7 -9.670746612e-03 -1.130346487e-02
6 8  1.553161915e-03 -3.144202294e-03
6 9  1.103127471e-03  2.926148957e-03
6 10 -1.285168475e-03  4.461049369e-03
6 11 -2.544555614e-03  4.617068851e-03
7 0  7.499004510e-05  2.579988611e-02
7 1 -2.880610724e-03 -4.689193122e-02
7 2  3.364986815e-02  6.534658974e-02
7 3 -4.018337419e-02 -7.224912704e-02
7 4  1.799590974e-01  3.775287871e-02
7 5 -4.657186258e-02  6.647929949e-02
7 6  2.419734059e-01 -2.828259289e-01
7 7 -3.373634930e-02 -6.383393349e-17
7 8 -1.131688575e-02 -8.392836875e-03
7 9 -2.200394241e-03 -6.093618780e-03
7 10  5.758416030e-04 -3.282863357e-03
7 11  1.267250442e-03 -1.179116251e-03
8 0  2.213061534e-02  5.842031258e-03
8 1 -3.844545523e-02 -4.977767090e-03
8 2  6.512657054e-02 -6.878814199e-03
8 3 -5.558027369e-02  3.776909000e-02
8 4  9.240114996e-02 -9.233133764e-02
8 5  1.028282546e-01  1.326828965e-01
8 6 -3.886193008e-02 -7.867162367e-02
8 7  3.354508115e-01 -2.487772699e-01
8 8 -2.956218200e-02 -4.331394104e-17
8 9 -1.185140047e-02 -5.415971668e-03
8 10 -6.916343576e-03 -6.577261258e-03
8 11 -4.287901322e-03 -5.682026852e-03
9 0  1.577431366e-02 -1.270533661e-02
9 1 -2.284347689e-02  2.636422238e-02
9 2  2.908826555e-02 -4.530242499e-02
9 3  1.897643021e-03  6.892259834e-02
9 4 -1.087583013e-02 -8.294121502e-02
9 5  1.562341736e-01  4.316746238e-02
9 6 -2.760154124e-02  7.321567381e-02
9 7  6.522324692e-02 -1.806247240e-01
9 8  4.008973517e-01 -1.832060863e-01
9 9 -2.606572238e-02 -1.189013128e-17
9 10 -1.437690937e-02 -3.848269559e-03
9 11 -1.118620478e-02 -4.383105738e-03
10 0  5.144645235e-03 -1.771794828e-02
10 1 -2.951309240e-03  3.244460104e-02
10 2 -1.730323929e-03 -4.691874119e-02
10 3  3.874545974e-02  5.597444921e-02
10 4 -4.877846823e-02 -4.269937075e-02
10 5  1.439309259e-01 -2.379145786e-02
10 6  3.215642035e-02  1.116206797e-01
10 7 -1.706887719e-02 -9.730938365e-02
10 8  2.339591704e-01 -2.224890320e-01
10 9  5.515638183e-01 -1.476371728e-01
10 10 -1.877701000e-02  1.920407893e-17
10 11 -1.017488883e-02 -6.470905485e-04
11 0 -1.055384056e-03 -1.699307776e-02
11 1  7.402299011e-03  2.968232542e-02
11 2 -1.641014742e-02 -3.903613298e-02
11 3  5.054085866e-02  4.038434041e-02
11 4 -5.664975207e-02 -1.376447474e-02
11 5  1.169304895e-01 -4.853240282e-02
11 6  6.366776147e-02  1.155244698e-01
11 7 -3.756335433e-02 -3.495091423e-02
11 8  1.450468481e-01 -1.922059357e-01
11 9  4.291538372e-01 -1.681559281e-01
11 10  5.418801411e-01 -3.446185247e-02
11 11 -1.582540611e-02 -1.070168094e-17
0 0 -8.288322991e+00  3.694738155e-15
0 1 -8.553328955e-01  3.920404883e-01
0 2  1.158640805e+00 -3.713419791e-01
0 3 -2.338759360e-01  3.004072046e-01
0 4  7.949089274e-02 -2.436213063e-01
0 5  9.808251434e-02  1.391849993e-01
0 6 -1.195310741e-01  1.181485452e-02
0 7  5.127655667e-03 -9.576222850e-02
0 8  7.288369575e-02 -2.323263506e-02
0 9  6.152205008e-02  2.886683346e-02
0 10  3.927924878e-03  5.276782901e-02
0 11 -5.149413179e-02  5.691284864e-02
1 0 -8.553328955e-01 -3.920404883e-01
1 1 -1.093768278e+01  4.788400506e-15
1 2 -8.533535833e-01  9.153132287e-01
1 3  1.844102114e+00 -9.324528903e-01
1 4 -1.109554074e-01  6.639045631e-01
1 5 -1.139163582e-01 -4.030102119e-01
1 6  3.299079973e-01  2.154875340e-02
1 7 -3.329079791e-02  2.267078217e-01
1 8 -1.647118810e-01  2.549245270e-02
1 9 -1.155051164e-01 -8.006686449e-02
1 10  2.039360482e-02 -1.101655524e-01
1 11  1.204570668e-01 -9.949019223e-02
2 0  1.158640805e+00  3.713419791e-01
2 1 -8.533535833e-01 -9.153132287e-01
2 2 -1.379046142e+01 -1.205902717e-14
2 3 -5.352472353e-01  1.716965808e+00
2 4  2.156741582e+00 -1.712370489e+00
2 5  4.332537611e-01  9.562636390e-01
2 6 -4.858412047e-01 -2.151691188e-01
2 7  2.571383390e-01 -4.057475142e-01
2 8  3.433909870e-01  4.726213956e-02
2 9  1.658196134e-01  1.932600702e-01
2 10 -5.660518693e-02  1.751258372e-01
2 11 -2.489404545e-01  1.138325070e-01
3 0 -2.338759360e-01 -3.004072046e-01
3 1  1.844102114e+00  9.324528903e-01
3 2 -5.352472353e-01 -1.716965808e+00
3 3 -1.689653678e+01 -1.446831855e-14
3 4  1.901980695e-01  2.874448305e+00
3 5  1.959466017e+00 -2.603136971e+00
3 6  1.455213941e+00  8.132362480e-01
3 7 -4.566415169e-01  5.262917284e-01
3 8 -3.817537471e-01 -3.268457627e-01
3 9 -5.997540239e-02 -3.889918188e-01
3 10  2.700645825e-01 -2.270354889e-01
3 11  4.567102564e-01 -2.829460125e-02
4 0  7.949089274e-02  2.436213063e-01
4 1 -1.109554074e-01 -6.639045631e-01
4 2  2.156741582e+00  1.712370489e+00
4 3  1.901980695e-01 -2.874448305e+00
4 4 -2.045028815e+01 -6.975999206e-15
4 5  1.593598620e+00  4.473238542e+00
4 6  1.083915856e+00 -3.317011966e+00
4 7  2.474008876e+00 -3.291284457e-01
4 8  7.330959286e-01  9.073705291e-01
4 9 -9.680750929e-02  6.111611255e-01
4 10 -3.870146123e-01  4.909202298e-02
4 11 -5.507698487e-01 -4.347129960e-01
5 0  9.808251434e-02 -1.391849993e-01
5 1 -1.139163582e-01  4.030102119e-01
5 2  4.332537611e-01 -9.562636390e-01
5 3  1.959466017e+00  2.603136971e+00
5 4  1.593598620e+00 -4.473238542e+00
5 5 -2.474920882e+01 -3.093902179e-14
5 6  4.237578371e+00  6.675728292e+00
5 7 -2.969239471e-01 -3.132277086e+00
5 8  1.935394409e+00 -2.086629414e+00
5 9  1.450175612e+00 -4.570223209e-01
5 10  9.714613067e-01  3.895852582e-01
5 11  4.747516921e-01  9.367765752e-01
6 0 -1.195310741e-01 -1.181485452e-02
6 1  3.299079973e-01 -2.154875340e-02
6 2 -4.858412047e-01  2.151691188e-01
6 3  1.455213941e+00 -8.132362480e-01
6 4  1.083915856e+00  3.317011966e+00
6 5  4.237578371e+00 -6.675728292e+00
6 6 -3.008725482e+01  2.870005486e-14
6 7  8.340732330e+00  8.491358043e+00
6 8 -1.076996719e+00 -7.935012981e-01
6 9 -3.085671287e-01 -1.515880688e+00
6 10  9.401049780e-01 -1.678570647e+00
6 11  1.993516201e+00 -1.755683822e+00
7 0  5.127655667e-03  9.576222850e-02
7 1 -3.329079791e-02 -2.267078217e-01
7 2  2.571383390e-01  4.057475142e-01
7 3 -4.566415169e-01 -5.262917284e-01
7 4  2.474008876e+00  3.291284457e-01
7 5 -2.969239471e-01  3.132277086e+00
7 6  8.340732330e+00 -8.491358043e+00
7 7 -3.585101655e+01  1.279487800e-13
7 8  1.178717608e+01  7.905619916e+00
7 9  4.551050950e-01  2.145610838e+00
7 10 -7.372274570e-01 -7.318607647e-01
7 11 -8.400619353e-01 -2.904486956e+00
8 0  7.288369575e-02  2.323263506e-02
8 1 -1.647118810e-01 -2.549245270e-02
8 2  3.433909870e-01 -4.726213956e-02
8 3 -3.817537471e-01  3.268457627e-01
8 4  7.330959286e-01 -9.073705291e-01
8 5  1.935394409e+00  2.086629414e+00
8 6 -1.076996719e+00  7.935012981e-01
8 7  1.178717608e+01 -7.905619916e+00
8 8 -4.159493406e+01  1.097957424e-13
8 9  1.380476046e+01  5.350583986e+00
8 10  2.636398646e+00  2.902460226e+00
8 11 -9.896182007e-01  6.989692731e-01
9 0  6.152205008e-02 -2.886683346e-02
9 1 -1.155051164e-01  8.006686449e-02
9 2  1.658196134e-01 -1.932600702e-01
9 3 -5.997540239e-02  3.889918188e-01
9 4 -9.680750929e-02 -6.111611255e-01
9 5  1.450175612e+00  4.570223209e-01
9 6 -3.085671287e-01  1.515880688e+00
9 7  4.551050950e-01 -2.145610838e+00
9 8  1.380476046e+01 -5.350583986e+00
9 9 -5.718715592e+01 -1.572487386e-13
9 10  2.458895757e+01  5.789769133e+00
9 11  8.553348139e+00  4.369326425e+00
10 0  3.927924878e-03 -5.276782901e-02
10 1  2.039360482e-02  1.101655524e-01
10 2 -5.660518693e-02 -1.751258372e-01
10 3  2.700645825e-01  2.270354889e-01
10 4 -3.870146123e-01 -4.909202298e-02
10 5  9.714613067e-01 -3.895852582e-01
10 6  9.401049780e-01  1.678570647e+00
10 7 -7.372274570e-01  7.318607647e-01
10 8  2.636398646e+00 -2.902460226e+00
10 9  2.458895757e+01 -5.789769133e+00
10 10 -7.188626096e+01 -1.530557015e-13
10 11  3.424115231e+01  2.177628317e+00
11 0 -5.149413179e-02 -5.691284864e-02
11 1  1.204570668e-01  9.949019223e-02
11 2 -2.489404545e-01 -1.138325070e-01
11 3  4.567102564e-01  2.829460125e-02
11 4 -5.507698487e-01  4.347129960e-01
11 5  4.747516921e-01 -9.367765752e-01
11 6  1.993516201e+00  1.755683822e+00
11 7 -8.400619353e-01  2.904486956e+00
11 8 -9.896182007e-01 -6.989692731e-01
11 9  8.553348139e+00 -4.369326425e+00
11 10  3.424115231e+01 -2.177628317e+00
11 11 -6.318953162e+01  4.273092274e-14
0  2.853182875e-02  2.483625053e-03 -1.120042557e-01 -2.737947691e-02
1  4.890343907e-02  4.796913346e-03  1.396996252e-01  5.930176673e-02
2  6.933664172e-02  5.875693024e-03 -1.350887670e-01 -1.044873000e-01
3  9.741483167e-02  9.362232397e-03  9.085186825e-02  1.579087780e-01
4  1.313403638e-01  1.090755068e-02  8.826162359e-03 -1.886139723e-01
5  1.684705862e-01  1.516139481e-02 -1.430198810e-01  1.265920184e-01
6  2.025195816e-01  1.764626887e-02  1.762663207e-01  6.680151435e-02
7  2.247458800e-01  1.862552479e-02  4.139584084e-02 -1.777536202e-01
8  2.477254418e-01  2.075004976e-02 -1.563331899e-01 -7.972503550e-02
9  2.688621007e-01  2.304883973e-02 -1.476311029e-01  7.674175003e-02
10  2.612975305e-01  1.923828546e-02 -7.176114987e-02  1.392271735e-01
11  2.547490144e-01  3.993068575e-02 -1.944272734e-02  1.456830723e-01
