 1.695500020e+00 -1.812588590e+00  8.616431004e-01  3.467290058e+00  9.328581508e-01  9.464072710e-01  6.861492930e+00 512 3 11
 0.000000000e+00  0.000000000e+00  4.045188365e-07
 1.956947162e-03  2.903641160e-02  1.347922269e-01
 3.913894325e-03  4.106372318e-02  1.906219509e-01
 5.870841487e-03  5.029281664e-02  2.334555041e-01
 7.827788650e-03  5.807362688e-02  2.695573527e-01
 9.784735812e-03  6.492907095e-02  3.013533067e-01
 1.174168297e-02  7.112735295e-02  3.300870245e-01
 1.369863014e-02  7.682781307e-02  3.564969769e-01
 1.565557730e-02  8.213428145e-02  3.810640772e-01
 1.761252446e-02  8.711888757e-02  4.041221802e-01
 1.956947162e-02  9.183415569e-02  4.259142115e-01
 2.152641879e-02  9.631974337e-02  4.466234361e-01
 2.348336595e-02  1.006064656e-01  4.663921293e-01
 2.544031311e-02  1.047188324e-01  4.853330623e-01
 2.739726027e-02  1.086767243e-01  5.035368402e-01
 2.935420744e-02  1.124965397e-01  5.210812389e-01
 3.131115460e-02  1.161919443e-01  5.380307000e-01
 3.326810176e-02  1.197745186e-01  5.544372166e-01
 3.522504892e-02  1.232541640e-01  5.703470420e-01
 3.718199609e-02  1.266394171e-01  5.857982812e-01
 3.913894325e-02  1.299377262e-01  6.008237899e-01
 4.109589041e-02  1.331556151e-01  6.154539154e-01
 4.305283757e-02  1.362988408e-01  6.297150765e-01
 4.500978474e-02  1.393725129e-01  6.436307913e-01
 4.696673190e-02  1.423811915e-01  6.572222593e-01
 4.892367906e-02  1.453289648e-01  6.705077247e-01
 5.088062622e-02  1.482195227e-01  6.835024584e-01
 5.283757339e-02  1.510562111e-01  6.962208082e-01
 5.479452055e-02  1.538420696e-01  7.086776504e-01
 5.675146771e-02  1.565798609e-01  7.208866029e-01
 5.870841487e-02  1.592721122e-01  7.328589768e-01
 6.066536204e-02  1.619211435e-01  7.446049541e-01
 6.262230920e-02  1.645290909e-01  7.561343166e-01
 6.457925636e-02  1.670979238e-01  7.674548858e-01
 6.653620352e-02  1.696294724e-01  7.785738595e-01
 6.849315068e-02  1.721254321e-01  7.894992722e-01
 7.045009785e-02  1.745873778e-01  8.002381071e-01
 7.240704501e-02  1.770167774e-01  8.107976682e-01
 7.436399217e-02  1.794149952e-01  8.211852410e-01
 7.632093933e-02  1.817833055e-01  8.314051836e-01
 7.827788650e-02  1.841229107e-01  8.414615498e-01
 8.023483366e-02  1.864349375e-01  8.513584819e-01
 8.219178082e-02  1.887204507e-01  8.611005870e-01
 8.414872798e-02  1.909804471e-01  8.706956981e-01
 8.610567515e-02  1.932158542e-01  8.801476963e-01
 8.806262231e-02  1.954275606e-01  8.894566738e-01
 9.001956947e-02  1.976164120e-01  8.986266671e-01
 9.197651663e-02  1.997832016e-01  9.076625035e-01
 9.393346380e-02  2.019286817e-01  9.165670511e-01
 9.589041096e-02  2.040535672e-01  9.253447230e-01
 9.784735812e-02  2.061585302e-01  9.339987787e-01
 9.980430528e-02  2.082442150e-01  9.425264018e-01
 1.017612524e-01  2.103112543e-01  9.509311993e-01
 1.037181996e-01  2.123602280e-01  9.592212121e-01
 1.056751468e-01  2.143916880e-01  9.673986593e-01
 1.076320939e-01  2.164061632e-01  9.754617491e-01
 1.095890411e-01  2.184041735e-01  9.834108271e-01
 1.115459883e-01  2.203862093e-01  9.912508113e-01
 1.135029354e-01  2.223527353e-01  9.989851414e-01
 1.154598826e-01  2.243041955e-01  1.006613356e+00
 1.174168297e-01  2.262410258e-01  1.014137459e+00
 1.193737769e-01  2.281636335e-01  1.021561418e+00
 1.213307241e-01  2.300724120e-01  1.028881611e+00
 1.232876712e-01  2.319677563e-01  1.036100625e+00
 1.252446184e-01  2.338500259e-01  1.043225803e+00
 1.272015656e-01  2.357195658e-01  1.050255994e+00
 1.291585127e-01  2.375767181e-01  1.057188435e+00
 1.311154599e-01  2.394218171e-01  1.064024814e+00
 1.330724070e-01  2.412551793e-01  1.070770388e+00
 1.350293542e-01  2.430771021e-01  1.077426730e+00
 1.369863014e-01  2.448878792e-01  1.083990619e+00
 1.389432485e-01  2.466878023e-01  1.090464876e+00
 1.409001957e-01  2.484771396e-01  1.096852578e+00
 1.428571429e-01  2.502561576e-01  1.103151147e+00
 1.448140900e-01  2.520251187e-01  1.109362330e+00
 1.467710372e-01  2.537842699e-01  1.115490416e+00
 1.487279843e-01  2.555338469e-01  1.121535669e+00
 1.506849315e-01  2.572740835e-01  1.127495195e+00
 1.526418787e-01  2.590052126e-01  1.133368824e+00
 1.545988258e-01  2.607274572e-01  1.139162495e+00
 1.565557730e-01  2.624410212e-01  1.144878413e+00
 1.585127202e-01  2.641461106e-01  1.150510812e+00
 1.604696673e-01  2.658429367e-01  1.156062240e+00
 1.624266145e-01  2.675316885e-01  1.161536827e+00
 1.643835616e-01  2.692125562e-01  1.166932166e+00
 1.663405088e-01  2.708857272e-01  1.172249543e+00
 1.682974560e-01  2.725513794e-01  1.177489408e+00
 1.702544031e-01  2.742096912e-01  1.182653969e+00
 1.722113503e-01  2.758608269e-01  1.187743090e+00
 1.741682975e-01  2.775049575e-01  1.192754386e+00
 1.761252446e-01  2.791422471e-01  1.197692394e+00
 1.780821918e-01  2.807728476e-01  1.202558063e+00
 1.800391389e-01  2.823969139e-01  1.207347905e+00
 1.819960861e-01  2.840146014e-01  1.212064480e+00
 1.839530333e-01  2.856260520e-01  1.216710365e+00
 1.859099804e-01  2.872314084e-01  1.221284144e+00
 1.878669276e-01  2.888308110e-01  1.225785025e+00
 1.898238748e-01  2.904243991e-01  1.230213958e+00
 1.917808219e-01  2.920123058e-01  1.234575148e+00
 1.937377691e-01  2.935946544e-01  1.238866657e+00
 1.956947162e-01  2.951715783e-01  1.243085239e+00
 1.976516634e-01  2.967432048e-01  1.247236028e+00
 1.996086106e-01  2.983096497e-01  1.251320314e+00
 2.015655577e-01  2.998710329e-01  1.255334465e+00
 2.035225049e-01  3.014274753e-01  1.259279938e+00
 2.054794521e-01  3.029790894e-01  1.263158964e+00
 2.074363992e-01  3.045259867e-01  1.266973214e+00
 2.093933464e-01  3.060682721e-01  1.270720413e+00
 2.113502935e-01  3.076060592e-01  1.274397338e+00
 2.133072407e-01  3.091394574e-01  1.278010217e+00
 2.152641879e-01  3.106685619e-01  1.281561384e+00
 2.172211350e-01  3.121934734e-01  1.285046389e+00
 2.191780822e-01  3.137142951e-01  1.288465588e+00
 2.211350294e-01  3.152311237e-01  1.291820366e+00
 2.230919765e-01  3.167440563e-01  1.295110998e+00
 2.250489237e-01  3.182531865e-01  1.298339804e+00
 2.270058708e-01  3.197586032e-01  1.301506320e+00
 2.289628180e-01  3.212603987e-01  1.304610955e+00
 2.309197652e-01  3.227586587e-01  1.307652271e+00
 2.328767123e-01  3.242534762e-01  1.310628066e+00
 2.348336595e-01  3.257449400e-01  1.313544680e+00
 2.367906067e-01  3.272331265e-01  1.316404805e+00
 2.387475538e-01  3.287181162e-01  1.319202762e+00
 2.407045010e-01  3.301999964e-01  1.321937743e+00
 2.426614481e-01  3.316788475e-01  1.324611931e+00
 2.446183953e-01  3.331547502e-01  1.327228060e+00
 2.465753425e-01  3.346277769e-01  1.329787129e+00
 2.485322896e-01  3.360980043e-01  1.332286200e+00
 2.504892368e-01  3.375655098e-01  1.334727266e+00
 2.524461840e-01  3.390303642e-01  1.337111161e+00
 2.544031311e-01  3.404926415e-01  1.339434524e+00
 2.563600783e-01  3.419524182e-01  1.341699479e+00
 2.583170254e-01  3.434097625e-01  1.343911344e+00
 2.602739726e-01  3.448647379e-01  1.346069123e+00
 2.622309198e-01  3.463174135e-01  1.348168940e+00
 2.641878669e-01  3.477678600e-01  1.350209318e+00
 2.661448141e-01  3.492161482e-01  1.352193506e+00
 2.681017613e-01  3.506623410e-01  1.354126520e+00
 2.700587084e-01  3.521064972e-01  1.356006760e+00
 2.720156556e-01  3.535486820e-01  1.357832310e+00
 2.739726027e-01  3.549889575e-01  1.359602856e+00
 2.759295499e-01  3.564273885e-01  1.361317190e+00
 2.778864971e-01  3.578640386e-01  1.362977647e+00
 2.798434442e-01  3.592989669e-01  1.364589196e+00
 2.818003914e-01  3.607322256e-01  1.366152528e+00
 2.837573386e-01  3.621638716e-01  1.367662673e+00
 2.857142857e-01  3.635939668e-01  1.369115483e+00
 2.876712329e-01  3.650225760e-01  1.370514828e+00
 2.896281800e-01  3.664497523e-01  1.371868621e+00
 2.915851272e-01  3.678755432e-01  1.373177382e+00
 2.935420744e-01  3.693000002e-01  1.374434990e+00
 2.954990215e-01  3.707231831e-01  1.375638083e+00
 2.974559687e-01  3.721451496e-01  1.376790264e+00
 2.994129159e-01  3.735659513e-01  1.377895680e+00
 3.013698630e-01  3.749856371e-01  1.378956211e+00
 3.033268102e-01  3.764042542e-01  1.379970900e+00
 3.052837573e-01  3.778218530e-01  1.380937349e+00
 3.072407045e-01  3.792384851e-01  1.381852912e+00
 3.091976517e-01  3.806542059e-01  1.382718882e+00
 3.111545988e-01  3.820690641e-01  1.383541495e+00
 3.131115460e-01  3.834831019e-01  1.384323753e+00
 3.150684932e-01  3.848963615e-01  1.385061686e+00
 3.170254403e-01  3.863088929e-01  1.385749292e+00
 3.189823875e-01  3.877207502e-01  1.386388401e+00
 3.209393346e-01  3.891319796e-01  1.386985614e+00
 3.228962818e-01  3.905426214e-01  1.387542596e+00
 3.248532290e-01  3.919527180e-01  1.388057696e+00
 3.268101761e-01  3.933623129e-01  1.388528565e+00
 3.287671233e-01  3.947714533e-01  1.388953621e+00
 3.307240705e-01  3.961801856e-01  1.389334899e+00
 3.326810176e-01  3.975885527e-01  1.389674526e+00
 3.346379648e-01  3.989965965e-01  1.389975504e+00
 3.365949119e-01  4.004043537e-01  1.390239274e+00
 3.385518591e-01  4.018118632e-01  1.390459724e+00
 3.405088063e-01  4.032191740e-01  1.390634177e+00
 3.424657534e-01  4.046263305e-01  1.390767580e+00
 3.444227006e-01  4.060333713e-01  1.390864727e+00
 3.463796477e-01  4.074403312e-01  1.390927402e+00
 3.483365949e-01  4.088472452e-01  1.390950506e+00
 3.502935421e-01  4.102541584e-01  1.390929750e+00
 3.522504892e-01  4.116611144e-01  1.390868845e+00
 3.542074364e-01  4.130681507e-01  1.390771510e+00
 3.561643836e-01  4.144753037e-01  1.390638947e+00
 3.581213307e-01  4.158826083e-01  1.390472349e+00
 3.600782779e-01  4.172900985e-01  1.390267993e+00
 3.620352250e-01  4.186978169e-01  1.390022957e+00
 3.639921722e-01  4.201058034e-01  1.389739397e+00
 3.659491194e-01  4.215140963e-01  1.389421236e+00
 3.679060665e-01  4.229227277e-01  1.389073153e+00
 3.698630137e-01  4.243317265e-01  1.388692929e+00
 3.718199609e-01  4.257411294e-01  1.388272817e+00
 3.737769080e-01  4.271509811e-01  1.387813214e+00
 3.757338552e-01  4.285613176e-01  1.387321013e+00
 3.776908023e-01  4.299721700e-01  1.386799675e+00
 3.796477495e-01  4.313835671e-01  1.386248707e+00
 3.816046967e-01  4.327955411e-01  1.385662489e+00
 3.835616438e-01  4.342081328e-01  1.385038940e+00
 3.855185910e-01  4.356213785e-01  1.384382730e+00
 3.874755382e-01  4.370353096e-01  1.383696353e+00
 3.894324853e-01  4.384499578e-01  1.382981424e+00
 3.913894325e-01  4.398653511e-01  1.382237794e+00
 3.933463796e-01  4.412815219e-01  1.381461046e+00
 3.953033268e-01  4.426985074e-01  1.380649674e+00
 3.972602740e-01  4.441163431e-01  1.379807334e+00
 3.992172211e-01  4.455350592e-01  1.378938532e+00
 4.011741683e-01  4.469546822e-01  1.378044993e+00
 4.031311155e-01  4.483752388e-01  1.377122206e+00
 4.050880626e-01  4.497967649e-01  1.376165432e+00
 4.070450098e-01  4.512192975e-01  1.375178118e+00
 4.090019569e-01  4.526428656e-01  1.374165796e+00
 4.109589041e-01  4.540674949e-01  1.373129969e+00
 4.129158513e-01  4.554932115e-01  1.372067530e+00
 4.148727984e-01  4.569200480e-01  1.370975072e+00
 4.168297456e-01  4.583480378e-01  1.369853866e+00
 4.187866928e-01  4.597772109e-01  1.368707434e+00
 4.207436399e-01  4.612075939e-01  1.367537342e+00
 4.227005871e-01  4.626392138e-01  1.366343272e+00
 4.246575342e-01  4.640720980e-01  1.365124296e+00
 4.266144814e-01  4.655062757e-01  1.363879112e+00
 4.285714286e-01  4.669417775e-01  1.362607650e+00
 4.305283757e-01  4.683786330e-01  1.361312551e+00
 4.324853229e-01  4.698168675e-01  1.359996534e+00
 4.344422701e-01  4.712565052e-01  1.358658940e+00
 4.363992172e-01  4.726975730e-01  1.357297521e+00
 4.383561644e-01  4.741401002e-01  1.355910864e+00
 4.403131115e-01  4.755841170e-01  1.354501479e+00
 4.422700587e-01  4.770296478e-01  1.353073276e+00
 4.442270059e-01  4.784767146e-01  1.351625225e+00
 4.461839530e-01  4.799253444e-01  1.350155014e+00
 4.481409002e-01  4.813755645e-01  1.348662730e+00
 4.500978474e-01  4.828274019e-01  1.347149744e+00
 4.520547945e-01  4.842808813e-01  1.345618555e+00
 4.540117417e-01  4.857360247e-01  1.344068512e+00
 4.559686888e-01  4.871928586e-01  1.342498156e+00
 4.579256360e-01  4.886514083e-01  1.340909368e+00
 4.598825832e-01  4.901116965e-01  1.339302625e+00
 4.618395303e-01  4.915737479e-01  1.337677673e+00
 4.637964775e-01  4.930375862e-01  1.336034906e+00
 4.657534247e-01  4.945032353e-01  1.334374263e+00
 4.677103718e-01  4.959707193e-01  1.332697506e+00
 4.696673190e-01  4.974400588e-01  1.331005564e+00
 4.716242661e-01  4.989112762e-01  1.329296448e+00
 4.735812133e-01  5.003843965e-01  1.327570746e+00
 4.755381605e-01  5.018594412e-01  1.325829668e+00
 4.774951076e-01  5.033364331e-01  1.324073931e+00
 4.794520548e-01  5.048153923e-01  1.322304480e+00
 4.814090020e-01  5.062963398e-01  1.320520631e+00
 4.833659491e-01  5.077792975e-01  1.318722629e+00
 4.853228963e-01  5.092642861e-01  1.316910885e+00
 4.872798434e-01  5.107513270e-01  1.315085591e+00
 4.892367906e-01  5.122404408e-01  1.313247477e+00
 4.911937378e-01  5.137316474e-01  1.311398007e+00
 4.931506849e-01  5.152249643e-01  1.309537582e+00
 4.951076321e-01  5.167204110e-01  1.307665092e+00
 4.970645793e-01  5.182180077e-01  1.305779904e+00
 4.990215264e-01  5.197177756e-01  1.303883149e+00
 5.009784736e-01  5.212197326e-01  1.301977287e+00
 5.029354207e-01  5.227238945e-01  1.300063648e+00
 5.048923679e-01  5.242302764e-01  1.298140326e+00
 5.068493151e-01  5.257388988e-01  1.296205233e+00
 5.088062622e-01  5.272497818e-01  1.294260247e+00
 5.107632094e-01  5.287629419e-01  1.292308026e+00
 5.127201566e-01  5.302783932e-01  1.290350011e+00
 5.146771037e-01  5.317961490e-01  1.288384937e+00
 5.166340509e-01  5.333162267e-01  1.286410505e+00
 5.185909980e-01  5.348386451e-01  1.284427933e+00
 5.205479452e-01  5.363634191e-01  1.282439688e+00
 5.225048924e-01  5.378905617e-01  1.280447049e+00
 5.244618395e-01  5.394200852e-01  1.278449436e+00
 5.264187867e-01  5.409520040e-01  1.276445507e+00
 5.283757339e-01  5.424863337e-01  1.274435789e+00
 5.303326810e-01  5.440230879e-01  1.272421952e+00
 5.322896282e-01  5.455622782e-01  1.270404943e+00
 5.342465753e-01  5.471039160e-01  1.268384712e+00
 5.362035225e-01  5.486480133e-01  1.266360970e+00
 5.381604697e-01  5.501945824e-01  1.264334020e+00
 5.401174168e-01  5.517436347e-01  1.262304877e+00
 5.420743640e-01  5.532951799e-01  1.260274024e+00
 5.440313112e-01  5.548492286e-01  1.258241613e+00
 5.459882583e-01  5.564057903e-01  1.256207983e+00
 5.479452055e-01  5.579648747e-01  1.254173578e+00
 5.499021526e-01  5.595264903e-01  1.252139076e+00
 5.518590998e-01  5.610906453e-01  1.250104717e+00
 5.538160470e-01  5.626573476e-01  1.248070724e+00
 5.557729941e-01  5.642266050e-01  1.246037505e+00
 5.577299413e-01  5.657984245e-01  1.244005657e+00
 5.596868885e-01  5.673728122e-01  1.241975770e+00
 5.616438356e-01  5.689497738e-01  1.239947937e+00
 5.636007828e-01  5.705293153e-01  1.237922584e+00
 5.655577299e-01  5.721114413e-01  1.235900217e+00
 5.675146771e-01  5.736961564e-01  1.233881246e+00
 5.694716243e-01  5.752834642e-01  1.231866086e+00
 5.714285714e-01  5.768733683e-01  1.229854865e+00
 5.733855186e-01  5.784658719e-01  1.227848186e+00
 5.753424658e-01  5.800609769e-01  1.225846669e+00
 5.772994129e-01  5.816586851e-01  1.223850687e+00
 5.792563601e-01  5.832589974e-01  1.221860410e+00
 5.812133072e-01  5.848619148e-01  1.219875817e+00
 5.831702544e-01  5.864674383e-01  1.217897609e+00
 5.851272016e-01  5.880755671e-01  1.215926576e+00
 5.870841487e-01  5.896863000e-01  1.213962955e+00
 5.890410959e-01  5.912996354e-01  1.212006788e+00
 5.909980431e-01  5.929155718e-01  1.210057988e+00
 5.929549902e-01  5.945341079e-01  1.208116933e+00
 5.949119374e-01  5.961552411e-01  1.206184540e+00
 5.968688845e-01  5.977789674e-01  1.204261187e+00
 5.988258317e-01  5.994052830e-01  1.202346676e+00
 6.007827789e-01  6.010341843e-01  1.200440793e+00
 6.027397260e-01  6.026656681e-01  1.198543777e+00
 6.046966732e-01  6.042997298e-01  1.196656297e+00
 6.066536204e-01  6.059363643e-01  1.194778767e+00
 6.086105675e-01  6.075755657e-01  1.192911167e+00
 6.105675147e-01  6.092173287e-01  1.191053046e+00
 6.125244618e-01  6.108616486e-01  1.189204469e+00
 6.144814090e-01  6.125085197e-01  1.187365922e+00
 6.164383562e-01  6.141579357e-01  1.185537478e+00
 6.183953033e-01  6.158098906e-01  1.183719256e+00
 6.203522505e-01  6.174643776e-01  1.181911035e+00
 6.223091977e-01  6.191213910e-01  1.180112640e+00
 6.242661448e-01  6.207809244e-01  1.178324297e+00
 6.262230920e-01  6.224429713e-01  1.176545798e+00
 6.281800391e-01  6.241075257e-01  1.174776933e+00
 6.301369863e-01  6.257745815e-01  1.173017802e+00
 6.320939335e-01  6.274441321e-01  1.171268366e+00
 6.340508806e-01  6.291161715e-01  1.169528447e+00
 6.360078278e-01  6.307906934e-01  1.167797732e+00
 6.379647750e-01  6.324676924e-01  1.166075827e+00
 6.399217221e-01  6.341471634e-01  1.164362567e+00
 6.418786693e-01  6.358291012e-01  1.162657993e+00
 6.438356164e-01  6.375135003e-01  1.160962001e+00
 6.457925636e-01  6.392003558e-01  1.159274152e+00
 6.477495108e-01  6.408896633e-01  1.157594029e+00
 6.497064579e-01  6.425814189e-01  1.155921352e+00
 6.516634051e-01  6.442756189e-01  1.154255854e+00
 6.536203523e-01  6.459722601e-01  1.152597180e+00
 6.555772994e-01  6.476713399e-01  1.150945022e+00
 6.575342466e-01  6.493728555e-01  1.149299163e+00
 6.594911937e-01  6.510768051e-01  1.147659317e+00
 6.614481409e-01  6.527831867e-01  1.146025095e+00
 6.634050881e-01  6.544919993e-01  1.144395926e+00
 6.653620352e-01  6.562032428e-01  1.142771198e+00
 6.673189824e-01  6.579169178e-01  1.141150689e+00
 6.692759295e-01  6.596330249e-01  1.139534279e+00
 6.712328767e-01  6.613515651e-01  1.137921425e+00
 6.731898239e-01  6.630725403e-01  1.136311714e+00
 6.751467710e-01  6.647959529e-01  1.134704862e+00
 6.771037182e-01  6.665218057e-01  1.133100302e+00
 6.790606654e-01  6.682501028e-01  1.131497376e+00
 6.810176125e-01  6.699808489e-01  1.129895397e+00
 6.829745597e-01  6.717140502e-01  1.128294094e+00
 6.849315068e-01  6.734497125e-01  1.126693573e+00
 6.868884540e-01  6.751878414e-01  1.125093669e+00
 6.888454012e-01  6.769284435e-01  1.123493450e+00
 6.908023483e-01  6.786715273e-01  1.121891554e+00
 6.927592955e-01  6.804171036e-01  1.120287554e+00
 6.947162427e-01  6.821651825e-01  1.118681811e+00
 6.966731898e-01  6.839157735e-01  1.117074399e+00
 6.986301370e-01  6.856688868e-01  1.115464595e+00
 7.005870841e-01  6.874245343e-01  1.113850849e+00
 7.025440313e-01  6.891827311e-01  1.112232685e+00
 7.045009785e-01  6.909434908e-01  1.110610138e+00
 7.064579256e-01  6.927068286e-01  1.108982988e+00
 7.084148728e-01  6.944727592e-01  1.107350812e+00
 7.103718200e-01  6.962412990e-01  1.105712434e+00
 7.123287671e-01  6.980124667e-01  1.104067481e+00
 7.142857143e-01  6.997862804e-01  1.102416047e+00
 7.162426614e-01  7.015627586e-01  1.100757968e+00
 7.181996086e-01  7.033419201e-01  1.099091668e+00
 7.201565558e-01  7.051237890e-01  1.097415465e+00
 7.221135029e-01  7.069083897e-01  1.095729899e+00
 7.240704501e-01  7.086957450e-01  1.094035978e+00
 7.260273973e-01  7.104858763e-01  1.092333473e+00
 7.279843444e-01  7.122788075e-01  1.090620543e+00
 7.299412916e-01  7.140745665e-01  1.088895617e+00
 7.318982387e-01  7.158731825e-01  1.087158249e+00
 7.338551859e-01  7.176746857e-01  1.085408628e+00
 7.358121331e-01  7.194791051e-01  1.083647304e+00
 7.377690802e-01  7.212864693e-01  1.081873109e+00
 7.397260274e-01  7.230968118e-01  1.080084039e+00
 7.416829746e-01  7.249101686e-01  1.078280238e+00
 7.436399217e-01  7.267265731e-01  1.076463099e+00
 7.455968689e-01  7.285460572e-01  1.074632268e+00
 7.475538160e-01  7.303686562e-01  1.072785623e+00
 7.495107632e-01  7.321944098e-01  1.070922742e+00
 7.514677104e-01  7.340233552e-01  1.069045557e+00
 7.534246575e-01  7.358555263e-01  1.067155330e+00
 7.553816047e-01  7.376909568e-01  1.065253647e+00
 7.573385519e-01  7.395296753e-01  1.063342047e+00
 7.592954990e-01  7.413717109e-01  1.061421769e+00
 7.612524462e-01  7.432170886e-01  1.059495451e+00
 7.632093933e-01  7.450658285e-01  1.057566023e+00
 7.651663405e-01  7.469179458e-01  1.055636885e+00
 7.671232877e-01  7.487734490e-01  1.053711404e+00
 7.690802348e-01  7.506323413e-01  1.051792334e+00
 7.710371820e-01  7.524946216e-01  1.049882286e+00
 7.729941292e-01  7.543602838e-01  1.047983830e+00
 7.749510763e-01  7.562293173e-01  1.046100069e+00
 7.769080235e-01  7.581017046e-01  1.044239958e+00
 7.788649706e-01  7.599774025e-01  1.042409366e+00
 7.808219178e-01  7.618563718e-01  1.040607091e+00
 7.827788650e-01  7.637385725e-01  1.038833249e+00
 7.847358121e-01  7.656239639e-01  1.037091111e+00
 7.866927593e-01  7.675124933e-01  1.035390837e+00
 7.886497065e-01  7.694040818e-01  1.033737249e+00
 7.906066536e-01  7.712986577e-01  1.032128112e+00
 7.925636008e-01  7.731961488e-01  1.030566097e+00
 7.945205479e-01  7.750964720e-01  1.029059939e+00
 7.964774951e-01  7.769995214e-01  1.027622729e+00
 7.984344423e-01  7.789051635e-01  1.026257085e+00
 8.003913894e-01  7.808132808e-01  1.024956320e+00
 8.023483366e-01  7.827237627e-01  1.023717921e+00
 8.043052838e-01  7.846364991e-01  1.022543964e+00
 8.062622309e-01  7.865513700e-01  1.021449843e+00
 8.082191781e-01  7.884682060e-01  1.020443491e+00
 8.101761252e-01  7.903868554e-01  1.019518686e+00
 8.121330724e-01  7.923071702e-01  1.018673907e+00
 8.140900196e-01  7.942290030e-01  1.017908687e+00
 8.160469667e-01  7.961522060e-01  1.017228497e+00
 8.180039139e-01  7.980766096e-01  1.016636873e+00
 8.199608611e-01  8.000020515e-01  1.016122497e+00
 8.219178082e-01  8.019284038e-01  1.015670659e+00
 8.238747554e-01  8.038555592e-01  1.015276925e+00
 8.258317025e-01  8.057834058e-01  1.014945006e+00
 8.277886497e-01  8.077118218e-01  1.014674638e+00
 8.297455969e-01  8.096406959e-01  1.014456998e+00
 8.317025440e-01  8.115699394e-01  1.014280443e+00
 8.336594912e-01  8.134994851e-01  1.014132349e+00
 8.356164384e-01  8.154292920e-01  1.014003904e+00
 8.375733855e-01  8.173593266e-01  1.013891282e+00
 8.395303327e-01  8.192895623e-01  1.013782938e+00
 8.414872798e-01  8.212200094e-01  1.013667423e+00
 8.434442270e-01  8.231506850e-01  1.013539732e+00
 8.454011742e-01  8.250816186e-01  1.013387989e+00
 8.473581213e-01  8.270128725e-01  1.013200475e+00
 8.493150685e-01  8.289445209e-01  1.012965991e+00
 8.512720157e-01  8.308766690e-01  1.012678157e+00
 8.532289628e-01  8.328094156e-01  1.012337563e+00
 8.551859100e-01  8.347428641e-01  1.011937598e+00
 8.571428571e-01  8.366771390e-01  1.011470233e+00
 8.590998043e-01  8.386123747e-01  1.010923645e+00
 8.610567515e-01  8.405487420e-01  1.010289599e+00
 8.630136986e-01  8.424864077e-01  1.009570101e+00
 8.649706458e-01  8.444255361e-01  1.008770930e+00
 8.669275930e-01  8.463662733e-01  1.007891328e+00
 8.688845401e-01  8.483087880e-01  1.006931183e+00
 8.708414873e-01  8.502532284e-01  1.005875458e+00
 8.727984344e-01  8.521998231e-01  1.004713297e+00
 8.747553816e-01  8.541487647e-01  1.003454537e+00
 8.767123288e-01  8.561002466e-01  1.002104919e+00
 8.786692759e-01  8.580544417e-01  1.000667705e+00
 8.806262231e-01  8.600115337e-01  9.991513321e-01
 8.825831703e-01  8.619716652e-01  9.975379511e-01
 8.845401174e-01  8.639350935e-01  9.958123562e-01
 8.864970646e-01  8.659020247e-01  9.939942144e-01
 8.884540117e-01  8.678726428e-01  9.921006079e-01
 8.904109589e-01  8.698470900e-01  9.901292368e-01
 8.923679061e-01  8.718255636e-01  9.880728069e-01
 8.943248532e-01  8.738082385e-01  9.859376644e-01
 8.962818004e-01  8.757952911e-01  9.837073048e-01
 8.982387476e-01  8.777869676e-01  9.813837344e-01
 9.001956947e-01  8.797834412e-01  9.789783309e-01
 9.021526419e-01  8.817849178e-01  9.765017990e-01
 9.041095890e-01  8.837915313e-01  9.739651211e-01
 9.060665362e-01  8.858034477e-01  9.713344685e-01
 9.080234834e-01  8.878209459e-01  9.686170586e-01
 9.099804305e-01  8.898441674e-01  9.658215568e-01
 9.119373777e-01  8.918733625e-01  9.629264704e-01
 9.138943249e-01  8.939087691e-01  9.599723160e-01
 9.158512720e-01  8.959504728e-01  9.569420930e-01
 9.178082192e-01  8.979987917e-01  9.538020123e-01
 9.197651663e-01  9.000539619e-01  9.506192860e-01
 9.217221135e-01  9.021160196e-01  9.473647293e-01
 9.236790607e-01  9.041853364e-01  9.439843433e-01
 9.256360078e-01  9.062621903e-01  9.405669788e-01
 9.275929550e-01  9.083465711e-01  9.371054313e-01
 9.295499022e-01  9.104387982e-01  9.334801823e-01
 9.315068493e-01  9.125394031e-01  9.297015760e-01
 9.334637965e-01  9.146486733e-01  9.259586904e-01
 9.354207436e-01  9.167662924e-01  9.221024119e-01
 9.373776908e-01  9.188932475e-01  9.179694715e-01
 9.393346380e-01  9.210299805e-01  9.137105628e-01
 9.412915851e-01  9.231768117e-01  9.096306451e-01
 9.432485323e-01  9.253327482e-01  9.054164026e-01
 9.452054795e-01  9.274996232e-01  9.007133446e-01
 9.471624266e-01  9.296781379e-01  8.958188752e-01
 9.491193738e-01  9.318687592e-01  8.910905602e-01
 9.510763209e-01  9.340704457e-01  8.868798232e-01
 9.530332681e-01  9.362819081e-01  8.820314926e-01
 9.549902153e-01  9.385079043e-01  8.760680594e-01
 9.569471624e-01  9.407495870e-01  8.697917260e-01
 9.589041096e-01  9.430078326e-01  8.633199246e-01
 9.608610568e-01  9.452832559e-01  8.667459097e-01
 9.628180039e-01  9.475239847e-01  8.753219997e-01
 9.647749511e-01  9.497546776e-01  8.693767242e-01
 9.667318982e-01  9.520266976e-01  8.516894530e-01
 9.686888454e-01  9.543513295e-01  8.311476861e-01
 9.706457926e-01  9.567373197e-01  8.090205042e-01
 9.726027397e-01  9.591910435e-01  7.863525975e-01
 9.745596869e-01  9.617166725e-01  7.639612294e-01
 9.765166341e-01  9.643163405e-01  7.424569164e-01
 9.784735812e-01  9.669903098e-01  7.222755983e-01
 9.804305284e-01  9.697371364e-01  7.037137687e-01
 9.823874755e-01  9.725538348e-01  6.869615669e-01
 9.843444227e-01  9.754360415e-01  6.721313797e-01
 9.863013699e-01  9.783781770e-01  6.592812266e-01
 9.882583170e-01  9.813736063e-01  6.484331339e-01
 9.902152642e-01  9.844147966e-01  6.395871427e-01
 9.921722114e-01  9.874934729e-01  6.327317371e-01
 9.941291585e-01  9.906007703e-01  6.278514370e-01
 9.960861057e-01  9.937273831e-01  6.249322013e-01
 9.980430528e-01  9.968637108e-01  6.239651492e-01
 1.000000000e+00  1.000000000e+00  6.239727897e-01
4  4.216911652e-01  6.932794049e-01  1.014830533e+00  7.542475989e-01  9.562242036e-01  5.096149389e+01  4.386473929e-01  9.941091251e-01  3.661951389e-01  2.706797724e+00
5  5.501285499e-01  9.858203228e-01  1.008970573e+00  6.198609676e-01  9.305577090e-01  3.101096842e+01  3.859800183e-01  1.053220629e+00  5.380769796e-01  2.808668258e+00
6  6.513319433e-01  1.173958067e+00  1.005444508e+00  5.293532895e-01  9.087374295e-01  2.305730725e+01  3.568332691e-01  1.135714164e+00  6.597839743e-01  2.761448831e+00
7  7.377935791e-01  1.298051781e+00  1.002998675e+00  4.643184697e-01  8.938522582e-01  1.875183842e+01  3.378952567e-01  1.225531283e+00  7.554909180e-01  2.674637671e+00
8  8.122905356e-01  1.544784656e+00  1.001168531e+00  4.151547213e-01  8.933003582e-01  1.643270013e+01  3.252366332e-01  1.330397669e+00  8.324334093e-01  2.571913528e+00
9  8.678097816e-01  2.076942495e+00  9.999437991e-01  3.759404514e-01  9.215613581e-01  1.593547142e+01  3.179464474e-01  1.474013918e+00  8.883916452e-01  2.439413314e+00
10  9.119440434e-01  1.912563547e+00  9.992823103e-01  3.442583760e-01  9.941945261e-01  1.720681852e+01  3.149321031e-01  1.685433854e+00  9.309530202e-01  2.305601027e+00
11  9.562866837e-01  3.068615456e+00  9.996993003e-01  3.197219866e-01  1.130370457e+00  2.055839355e+01  3.170892116e-01  1.991741687e+00  9.702802689e-01  2.198834679e+00
12  9.772029257e-01  5.335581794e+00  9.998887997e-01  2.966532734e-01  1.366187929e+00  2.858831012e+01  3.206849326e-01  2.794165936e+00  9.855237959e-01  2.060074767e+00
13  9.885823555e-01  9.304424735e+00  9.999470385e-01  2.763198283e-01  1.633330510e+00  3.898061656e+01  3.248283048e-01  4.379295806e+00  9.928600597e-01  1.923863555e+00
14  9.944282630e-01  1.675589747e+01  9.999733609e-01  2.586741209e-01  1.816710780e+00  4.592253707e+01  3.292416761e-01  7.363676786e+00  9.965239560e-01  1.797056040e+00
0 0 -1.237425075e-01 -9.702177238e-18
0 1  1.333828672e-02 -5.139133946e-03
0 2 -1.480695592e-02  6.188441743e-03
0 3  4.209589801e-03 -7.336314311e-03
0 4 -5.847207630e-04  6.691444511e-03
0 5 -4.552616803e-03 -3.297075610e-03
0 6  3.424259312e-03 -2.555472170e-03
0 7  2.521100988e-03  2.648612556e-03
0 8 -8.420305551e-04  3.257277898e-03
0 9 -2.388414391e-03  1.996809359e-03
0 10 -2.700012333e-03  1.007655697e-03
1 0 -1.077906614e-01 -4.153086962e-02
1 1 -9.552505426e-02  6.196164199e-18
1 2  9.089177382e-03 -7.388353527e-03
1 3 -1.353068454e-02  8.992240455e-03
1 4 -4.244919817e-04 -9.347577184e-03
1 5  3.939517060e-03  5.283890982e-03
1 6 -6.027646617e-03  2.571951201e-03
1 7 -3.320461561e-03 -4.082901702e-03
1 8  1.344618870e-03 -4.140980140e-03
1 9  3.166080668e-03 -2.154879217e-03
1 10  3.425268520e-03 -7.794083061e-04
2 0  1.196594139e-01  5.001063796e-02
2 1 -9.514966993e-02 -7.734466716e-02
2 2 -7.642135951e-02 -1.899072049e-18
2 3  4.790398321e-03 -9.153525442e-03
2 4 -9.134272484e-03  1.024055583e-02
2 5 -6.482821089e-03 -7.674307521e-03
2 6  5.285252021e-03 -1.357836777e-03
2 7  1.080544647e-03  5.239412787e-03
2 8 -3.693850872e-03  3.946985955e-03
2 9 -4.910221813e-03  1.291054255e-03
2 10 -4.651631259e-03 -2.214580872e-04
3 0 -3.401894697e-02 -5.928693752e-02
3 1  1.416454002e-01  9.413488979e-02
3 2 -6.268402384e-02 -1.197770558e-01
3 3 -6.303141552e-02  2.071137392e-17
3 4  9.050113615e-04 -1.069417080e-02
3 5 -4.062616290e-03  9.777485567e-03
3 6 -1.057336974e-02 -1.840881339e-03
3 7 -1.470057988e-03 -6.296398652e-03
3 8  3.384200268e-03 -2.733003368e-03
3 9  3.759948839e-03  5.442210144e-04
3 10  3.083407089e-03  2.055060967e-03
4 0  4.725302362e-03  5.407555290e-02
4 1  4.443776400e-03 -9.785471735e-02
4 2  1.195251242e-01  1.340012255e-01
4 3 -1.435809991e-02 -1.696641383e-01
4 4 -5.316138027e-02 -4.624627503e-17
4 5 -3.359189693e-03 -1.218012487e-02
4 6  8.781747499e-04  6.209599258e-03
4 7 -7.417721019e-03  5.311025238e-03
4 8 -8.400942436e-03 -6.908076087e-04
4 9 -6.071849768e-03 -3.669955448e-03
4 10 -4.105993798e-03 -4.352438597e-03
5 0  3.679105017e-02 -2.664464844e-02
5 1 -4.124066812e-02  5.531418980e-02
5 2  8.482996286e-02 -1.004209762e-01
5 3  6.445383237e-02  1.551208312e-01
5 4  6.318853414e-02 -2.291160388e-01
5 5 -4.505282537e-02 -3.771398923e-17
5 6 -7.863309529e-03 -1.232718886e-02
5 7  2.683315566e-03 -1.124460358e-03
5 8  7.145637310e-05  4.800345732e-03
5 9 -3.104415679e-03  5.445430328e-03
5 10 -4.469578585e-03  4.801173862e-03
6 0 -2.767245776e-02 -2.065153052e-02
6 1  6.310016428e-02  2.692436263e-02
6 2 -6.915935616e-02 -1.776776527e-02
6 3  1.677476169e-01 -2.920577500e-02
6 4 -1.651903591e-02  1.168065845e-01
6 5  1.745353252e-01 -2.736163328e-01
6 6 -3.810417549e-02  1.142135355e-16
6 7 -1.089038214e-02 -9.416446572e-03
6 8 -1.374342402e-03 -6.784820995e-03
6 9  1.454100806e-03 -2.813934418e-03
6 10  1.845127943e-03 -4.244148285e-04
7 0 -2.037376677e-02  2.140422567e-02
7 1  3.476011175e-02 -4.274168420e-02
7 2 -1.413930156e-02  6.855953389e-02
7 3  2.332262375e-02 -9.989302319e-02
7 4  1.395321374e-01  9.990382511e-02
7 5 -5.955931829e-02 -2.495870901e-02
7 6  2.858054794e-01 -2.471237457e-01
7 7 -3.309614305e-02 -3.756740648e-17
7 8 -1.539734252e-02 -7.786855467e-03
7 9 -8.335824818e-03 -8.566482748e-03
7 10 -4.857786518e-03 -7.310582936e-03
8 0  6.804699307e-03  2.632303130e-02
8 1 -1.407608591e-02 -4.334967588e-02
8 2  4.833532006e-02  5.164768044e-02
8 3 -5.369069122e-02 -4.335938428e-02
8 4  1.580271692e-01 -1.299453861e-02
8 5 -1.586057534e-03  1.065492717e-01
8 6  3.606802625e-02 -1.780597771e-01
8 7  4.652307218e-01 -2.352798468e-01
8 8 -2.507300379e-02  7.179441635e-17
8 9 -1.378281122e-02 -3.652436480e-03
8 10 -1.083487944e-02 -4.572570919e-03
9 0  1.930148693e-02  1.613681021e-02
9 1 -3.314398189e-02 -2.255826216e-02
9 2  6.425195579e-02  1.689389279e-02
9 3 -5.965198160e-02  8.634123317e-03
9 4  1.142154274e-01 -6.903423932e-02
9 5  6.890612638e-02  1.208676766e-01
9 6 -3.816119329e-02 -7.384845314e-02
9 7  2.518669564e-01 -2.588362860e-01
9 8  5.497072205e-01 -1.456720747e-01
9 9 -1.987774778e-02 -1.427849560e-17
9 10 -1.078654380e-02 -1.069130240e-03
10 0  2.181960255e-02  8.143165330e-03
10 1 -3.585727898e-02 -8.159202967e-03
10 2  6.086820869e-02 -2.897855895e-03
10 3 -4.891857597e-02  3.260375718e-02
10 4  7.723640314e-02 -8.187218945e-02
10 5  9.920750915e-02  1.065676530e-01
10 6 -4.842324809e-02 -1.113827614e-02
10 7  1.467780252e-01 -2.208892718e-01
10 8  4.321332830e-01 -1.823702879e-01
10 9  5.426441629e-01 -5.378528049e-02
10 10 -1.647047564e-02  9.441660889e-17
0 0 -8.439408898e+00 -1.496643883e-15
0 1 -8.342520998e-01  4.621464970e-01
0 2  1.310592462e+00 -4.520805093e-01
0 3 -2.179138916e-01  3.722856324e-01
0 4  5.383849604e-02 -2.909156191e-01
0 5  1.663644686e-01  1.363916099e-01
0 6 -1.203633273e-01  7.830526960e-02
0 7 -9.961440645e-02 -6.612050239e-02
0 8  1.706212145e-02 -8.247277498e-02
0 9  6.985739608e-02 -2.735670126e-02
0 10  9.487868912e-02  2.519858740e-02
1 0 -8.342520998e-01 -4.621464970e-01
1 1 -1.118081058e+01 -1.681143530e-15
1 2 -7.504690518e-01  1.085795464e+00
1 3  2.007116956e+00 -1.100872534e+00
1 4  2.335178279e-02  7.753850670e-01
1 5 -2.240103164e-01 -4.041142901e-01
1 6  3.732105088e-01 -1.207168739e-01
1 7  2.058033640e-01  1.921936524e-01
1 8 -5.357576589e-02  1.688554372e-01
1 9 -1.395895122e-01  3.237494511e-02
1 10 -1.826383275e-01 -8.364671135e-02
2 0  1.310592462e+00  4.520805093e-01
2 1 -7.504690518e-01 -1.085795464e+00
2 2 -1.417279523e+01 -6.127566563e-15
2 3 -3.252791487e-01  2.029508920e+00
2 4  2.196284710e+00 -1.967166175e+00
2 5  7.882072579e-01  1.011588472e+00
2 6 -5.416906098e-01  1.781448718e-02
2 7 -1.500934283e-01 -4.192742243e-01
2 8  2.282637201e-01 -2.472362869e-01
2 9  2.952114078e-01  1.368733326e-02
2 10  2.887904801e-01  2.220845957e-01
3 0 -2.179138916e-01 -3.722856324e-01
3 1  2.007116956e+00  1.100872534e+00
3 2 -3.252791487e-01 -2.029508920e+00
3 3 -1.751508047e+01  3.218733651e-14
3 4  5.953750372e-01  3.432517334e+00
3 5  1.805946218e+00 -2.936414814e+00
3 6  1.941492529e+00  4.721799092e-01
3 7  2.223052006e-01  8.395126521e-01
3 8 -3.728551352e-01  2.116117399e-01
3 9 -2.980529228e-01 -2.493761453e-01
3 10 -1.649278300e-01 -5.685793580e-01
4 0  5.383849604e-02  2.909156191e-01
4 1  2.335178279e-02 -7.753850670e-01
4 2  2.196284710e+00  1.967166175e+00
4 3  5.953750372e-01 -3.432517334e+00
4 4 -2.137668351e+01  1.749665944e-14
4 5  2.511237978e+00  5.492641749e+00
4 6  6.314665696e-01 -3.424991447e+00
4 7  1.784556568e+00 -1.315850125e+00
4 8  1.274588173e+00  1.504314703e-01
4 9  5.508538403e-01  6.174560569e-01
4 10  1.529185522e-02  8.392730619e-01
5 0  1.663644686e-01 -1.363916099e-01
5 1 -2.240103164e-01  4.041142901e-01
5 2  7.882072579e-01 -1.011588472e+00
5 3  1.805946218e+00  2.936414814e+00
5 4  2.511237978e+00 -5.492641749e+00
5 5 -2.598934249e+01 -8.430937549e-14
5 6  5.613242076e+00  7.255865561e+00
5 7 -9.799137230e-01 -6.533440373e-01
5 8  2.930779699e-01 -1.866898910e+00
5 9  1.295089148e+00 -1.440831350e+00
5 10  2.093827299e+00 -1.093415963e+00
6 0 -1.203633273e-01 -7.830526960e-02
6 1  3.732105088e-01  1.207168739e-01
6 2 -5.416906098e-01 -1.781448718e-02
6 3  1.941492529e+00 -4.721799092e-01
6 4  6.314665696e-01  3.424991447e+00
6 5  5.613242076e+00 -7.255865561e+00
6 6 -3.094710840e+01 -5.059899370e-14
6 7  9.586233077e+00  7.112571856e+00
6 8 -1.482959110e-01  1.530374260e+00
6 9 -8.305375547e-01 -1.170321299e+00
6 10 -5.401582544e-01 -2.944030039e+00
7 0 -9.961440645e-02  6.612050239e-02
7 1  2.058033640e-01 -1.921936524e-01
7 2 -1.500934283e-01  4.192742243e-01
7 3  2.223052006e-01 -8.395126521e-01
7 4  1.784556568e+00  1.315850125e+00
7 5 -9.799137230e-01  6.533440373e-01
7 6  9.586233077e+00 -7.112571856e+00
7 7 -4.132996343e+01 -4.126406064e-14
7 8  1.747638504e+01  7.796145441e+00
7 9  2.340064418e+00  3.050412203e+00
7 10 -1.489440651e+00 -4.613150377e-02
8 0  1.706212145e-02  8.247277498e-02
8 1 -5.357576589e-02 -1.688554372e-01
8 2  2.282637201e-01  2.472362869e-01
8 3 -3.728551352e-01 -2.116117399e-01
8 4  1.274588173e+00 -1.504314703e-01
8 5  2.930779699e-01  1.866898910e+00
8 6 -1.482959110e-01 -1.530374260e+00
8 7  1.747638504e+01 -7.796145441e+00
8 8 -5.770180371e+01 -1.723787980e-13
8 9  2.274592461e+01  5.361038877e+00
8 10  8.601626628e+00  4.478075279e+00
9 0  6.985739608e-02  2.735670126e-02
9 1 -1.395895122e-01 -3.237494511e-02
9 2  2.952114078e-01 -1.368733326e-02
9 3 -2.980529228e-01  2.493761453e-01
9 4  5.508538403e-01 -6.174560569e-01
9 5  1.295089148e+00  1.440831350e+00
9 6 -8.305375547e-01  1.170321299e+00
9 7  2.340064418e+00 -3.050412203e+00
9 8  2.274592461e+01 -5.361038877e+00
9 9 -6.836136310e+01 -8.332332989e-14
9 10  3.294647797e+01  3.265557210e+00
10 0  9.487868912e-02 -2.519858740e-02
10 1 -1.826383275e-01  8.364671135e-02
10 2  2.887904801e-01 -2.220845957e-01
10 3 -1.649278300e-01  5.685793580e-01
10 4  1.529185522e-02 -8.392730619e-01
10 5  2.093827299e+00  1.093415963e+00
10 6 -5.401582544e-01  2.944030039e+00
10 7 -1.489440651e+00  4.613150377e-02
10 8  8.601626628e+00 -4.478075279e+00
10 9  3.294647797e+01 -3.265557210e+00
10 10 -6.071470075e+01 -3.480455743e-13
0  4.571316161e-02 -8.063902413e-04 -1.357801602e-01 -2.015707816e-02
1  7.744560826e-02 -9.489385060e-04  1.621360183e-01  5.518165130e-02
2  1.083086778e-01 -2.345206920e-03 -1.522121856e-01 -1.070918445e-01
3  1.465749024e-01 -3.099836830e-03  9.621735137e-02  1.681196245e-01
4  1.901395382e-01 -6.002236422e-03  2.404182798e-02 -1.952271488e-01
5  2.288652537e-01 -7.550838376e-03 -1.671970820e-01  9.967765493e-02
6  2.636564349e-01 -9.847609976e-03  1.410684697e-01  1.267315521e-01
7  3.037955989e-01 -1.327331330e-02  1.429839946e-01 -1.126170915e-01
8  3.057626005e-01 -1.451691949e-02 -1.744862582e-02 -1.701050133e-01
9  2.968234133e-01 -1.204742381e-02 -1.069847424e-01 -1.188250327e-01
10  2.885961898e-01  6.325341292e-04 -1.318405948e-01 -7.015673284e-02
