 1.695500020e+00 -1.812615620e+00  8.597357581e-01  3.472423783e+00  9.331564353e-01  9.599933530e-01  6.845606650e+00 512 3 11
 0.000000000e+00  0.000000000e+00  3.088577953e-06
 1.956947162e-03  2.922143802e-02  1.339360530e-01
 3.913894325e-03  4.132563307e-02  1.894092699e-01
 5.870841487e-03  5.061385624e-02  2.319676919e-01
 7.827788650e-03  5.844460409e-02  2.678370922e-01
 9.784735812e-03  6.534410139e-02  2.994283425e-01
 1.174168297e-02  7.158224360e-02  3.279775360e-01
 1.369863014e-02  7.731937224e-02  3.542187176e-01
 1.565557730e-02  8.265996740e-02  3.786299675e-01
 1.761252446e-02  8.767660814e-02  4.015432113e-01
 1.956947162e-02  9.242214453e-02  4.232000007e-01
 2.152641879e-02  9.693647885e-02  4.437825885e-01
 2.348336595e-02  1.012506153e-01  4.634324839e-01
 2.544031311e-02  1.053892132e-01  4.822622218e-01
 2.739726027e-02  1.093722684e-01  5.003631709e-01
 2.935420744e-02  1.132162603e-01  5.178098051e-01
 3.131115460e-02  1.169349736e-01  5.346644438e-01
 3.326810176e-02  1.205400665e-01  5.509803685e-01
 3.522504892e-02  1.240415063e-01  5.668022377e-01
 3.718199609e-02  1.274479017e-01  5.821699667e-01
 3.913894325e-02  1.307667274e-01  5.971184678e-01
 4.109589041e-02  1.340045396e-01  6.116776700e-01
 4.305283757e-02  1.371671180e-01  6.258732760e-01
 4.500978474e-02  1.402596036e-01  6.397259223e-01
 4.696673190e-02  1.432865995e-01  6.532557433e-01
 4.892367906e-02  1.462522265e-01  6.664817960e-01
 5.088062622e-02  1.491602011e-01  6.794198764e-01
 5.283757339e-02  1.520138908e-01  6.920839027e-01
 5.479452055e-02  1.548163597e-01  7.044896188e-01
 5.675146771e-02  1.575703807e-01  7.166522152e-01
 5.870841487e-02  1.602784895e-01  7.285827285e-01
 6.066536204e-02  1.629430162e-01  7.402905663e-01
 6.262230920e-02  1.655661092e-01  7.517858043e-01
 6.457925636e-02  1.681497438e-01  7.630733521e-01
 6.653620352e-02  1.706957798e-01  7.741558351e-01
 6.849315068e-02  1.732059459e-01  7.850485152e-01
 7.045009785e-02  1.756817966e-01  7.957677039e-01
 7.240704501e-02  1.781247733e-01  8.063107816e-01
 7.436399217e-02  1.805362812e-01  8.166729737e-01
 7.632093933e-02  1.829176392e-01  8.268685537e-01
 7.827788650e-02  1.852700293e-01  8.369108902e-01
 8.023483366e-02  1.875945672e-01  8.467990543e-01
 8.219178082e-02  1.898923267e-01  8.565339368e-01
 8.414872798e-02  1.921643141e-01  8.661206095e-01
 8.610567515e-02  1.944114785e-01  8.755636441e-01
 8.806262231e-02  1.966347129e-01  8.848674623e-01
 9.001956947e-02  1.988348613e-01  8.940391357e-01
 9.197651663e-02  2.010127063e-01  9.030822982e-01
 9.393346380e-02  2.031690043e-01  9.119906716e-01
 9.589041096e-02  2.053045026e-01  9.207687463e-01
 9.784735812e-02  2.074198760e-01  9.294275877e-01
 9.980430528e-02  2.095157634e-01  9.379701193e-01
 1.017612524e-01  2.115927749e-01  9.463943206e-01
 1.037181996e-01  2.136515101e-01  9.546991400e-01
 1.056751468e-01  2.156925380e-01  9.628896935e-01
 1.076320939e-01  2.177163932e-01  9.709695171e-01
 1.095890411e-01  2.197235894e-01  9.789418266e-01
 1.115459883e-01  2.217146108e-01  9.868103616e-01
 1.135029354e-01  2.236899211e-01  9.945718333e-01
 1.154598826e-01  2.256499845e-01  1.002224104e+00
 1.174168297e-01  2.275952421e-01  1.009774065e+00
 1.193737769e-01  2.295261014e-01  1.017229010e+00
 1.213307241e-01  2.314429480e-01  1.024589161e+00
 1.232876712e-01  2.333461633e-01  1.031847573e+00
 1.252446184e-01  2.352361340e-01  1.039005125e+00
 1.272015656e-01  2.371132149e-01  1.046069510e+00
 1.291585127e-01  2.389777424e-01  1.053043584e+00
 1.311154599e-01  2.408300402e-01  1.059928096e+00
 1.330724070e-01  2.426704229e-01  1.066721452e+00
 1.350293542e-01  2.444992011e-01  1.073421265e+00
 1.369863014e-01  2.463166796e-01  1.080028935e+00
 1.389432485e-01  2.481231472e-01  1.086550932e+00
 1.409001957e-01  2.499188706e-01  1.092992706e+00
 1.428571429e-01  2.517041056e-01  1.099350001e+00
 1.448140900e-01  2.534791188e-01  1.105615639e+00
 1.467710372e-01  2.552441752e-01  1.111793847e+00
 1.487279843e-01  2.569995142e-01  1.117892796e+00
 1.506849315e-01  2.587453623e-01  1.123913395e+00
 1.526418787e-01  2.604819442e-01  1.129853800e+00
 1.545988258e-01  2.622094810e-01  1.135710901e+00
 1.565557730e-01  2.639281959e-01  1.141484618e+00
 1.585127202e-01  2.656382996e-01  1.147177599e+00
 1.604696673e-01  2.673399971e-01  1.152794612e+00
 1.624266145e-01  2.690334753e-01  1.158340991e+00
 1.643835616e-01  2.707189146e-01  1.163809810e+00
 1.663405088e-01  2.723965135e-01  1.169193284e+00
 1.682974560e-01  2.740664664e-01  1.174497987e+00
 1.702544031e-01  2.757289447e-01  1.179733273e+00
 1.722113503e-01  2.773841082e-01  1.184899774e+00
 1.741682975e-01  2.790321194e-01  1.189991118e+00
 1.761252446e-01  2.806731492e-01  1.195002650e+00
 1.780821918e-01  2.823073659e-01  1.199938683e+00
 1.800391389e-01  2.839349217e-01  1.204803842e+00
 1.819960861e-01  2.855559659e-01  1.209600469e+00
 1.839530333e-01  2.871706386e-01  1.214329949e+00
 1.859099804e-01  2.887790797e-01  1.218985928e+00
 1.878669276e-01  2.903814405e-01  1.223564265e+00
 1.898238748e-01  2.919778665e-01  1.228070947e+00
 1.917808219e-01  2.935684879e-01  1.232512941e+00
 1.937377691e-01  2.951534270e-01  1.236891926e+00
 1.956947162e-01  2.967328052e-01  1.241200830e+00
 1.976516634e-01  2.983067583e-01  1.245434303e+00
 1.996086106e-01  2.998754170e-01  1.249597973e+00
 2.015655577e-01  3.014388983e-01  1.253696086e+00
 2.035225049e-01  3.029973179e-01  1.257730333e+00
 2.054794521e-01  3.045507849e-01  1.261702703e+00
 2.074363992e-01  3.060994064e-01  1.265606362e+00
 2.093933464e-01  3.076433045e-01  1.269436186e+00
 2.113502935e-01  3.091825955e-01  1.273198218e+00
 2.133072407e-01  3.107173829e-01  1.276900228e+00
 2.152641879e-01  3.122477609e-01  1.280546273e+00
 2.172211350e-01  3.137738207e-01  1.284126234e+00
 2.191780822e-01  3.152956772e-01  1.287631813e+00
 2.211350294e-01  3.168134384e-01  1.291071448e+00
 2.230919765e-01  3.183271965e-01  1.294452533e+00
 2.250489237e-01  3.198370390e-01  1.297775711e+00
 2.270058708e-01  3.213430542e-01  1.301038358e+00
 2.289628180e-01  3.228453334e-01  1.304234170e+00
 2.309197652e-01  3.243439768e-01  1.307362457e+00
 2.328767123e-01  3.258390750e-01  1.310428700e+00
 2.348336595e-01  3.273307130e-01  1.313437310e+00
 2.367906067e-01  3.288189693e-01  1.316392117e+00
 2.387475538e-01  3.303039183e-01  1.319285991e+00
 2.407045010e-01  3.317856525e-01  1.322110779e+00
 2.426614481e-01  3.332642626e-01  1.324872676e+00
 2.446183953e-01  3.347398251e-01  1.327579175e+00
 2.465753425e-01  3.362124124e-01  1.330231189e+00
 2.485322896e-01  3.376820971e-01  1.332826684e+00
 2.504892368e-01  3.391489544e-01  1.335359882e+00
 2.524461840e-01  3.406130682e-01  1.337830507e+00
 2.544031311e-01  3.420745125e-01  1.340242316e+00
 2.563600783e-01  3.435333614e-01  1.342597810e+00
 2.583170254e-01  3.449896820e-01  1.344902419e+00
 2.602739726e-01  3.464435353e-01  1.347153679e+00
 2.622309198e-01  3.478949925e-01  1.349341790e+00
 2.641878669e-01  3.493441342e-01  1.351466837e+00
 2.661448141e-01  3.507910302e-01  1.353537766e+00
 2.681017613e-01  3.522357408e-01  1.355560356e+00
 2.700587084e-01  3.536783223e-01  1.357532945e+00
 2.720156556e-01  3.551188372e-01  1.359446388e+00
 2.739726027e-01  3.565573604e-01  1.361298255e+00
 2.759295499e-01  3.579939587e-01  1.363095966e+00
 2.778864971e-01  3.594286899e-01  1.364843024e+00
 2.798434442e-01  3.608616126e-01  1.366541572e+00
 2.818003914e-01  3.622927794e-01  1.368189973e+00
 2.837573386e-01  3.637222512e-01  1.369780679e+00
 2.857142857e-01  3.651500958e-01  1.371312990e+00
 2.876712329e-01  3.665763748e-01  1.372793616e+00
 2.896281800e-01  3.680011409e-01  1.374229071e+00
 2.915851272e-01  3.694244417e-01  1.375619392e+00
 2.935420744e-01  3.708463293e-01  1.376955318e+00
 2.954990215e-01  3.722668695e-01  1.378233092e+00
 2.974559687e-01  3.736861217e-01  1.379460276e+00
 2.994129159e-01  3.751041356e-01  1.380642627e+00
 3.013698630e-01  3.765209579e-01  1.381779355e+00
 3.033268102e-01  3.779366396e-01  1.382867206e+00
 3.052837573e-01  3.793512336e-01  1.383903594e+00
 3.072407045e-01  3.807647957e-01  1.384888905e+00
 3.091976517e-01  3.821773775e-01  1.385825995e+00
 3.111545988e-01  3.835890284e-01  1.386717823e+00
 3.131115460e-01  3.849997939e-01  1.387566870e+00
 3.150684932e-01  3.864097177e-01  1.388370060e+00
 3.170254403e-01  3.878188513e-01  1.389121843e+00
 3.189823875e-01  3.892272495e-01  1.389824301e+00
 3.209393346e-01  3.906349589e-01  1.390483379e+00
 3.228962818e-01  3.920420222e-01  1.391101652e+00
 3.248532290e-01  3.934484806e-01  1.391675931e+00
 3.268101761e-01  3.948543829e-01  1.392202897e+00
 3.287671233e-01  3.962597767e-01  1.392683638e+00
 3.307240705e-01  3.976647085e-01  1.393120333e+00
 3.326810176e-01  3.990692214e-01  1.393514357e+00
 3.346379648e-01  4.004733588e-01  1.393867125e+00
 3.365949119e-01  4.018771608e-01  1.394178715e+00
 3.385518591e-01  4.032806706e-01  1.394447280e+00
 3.405088063e-01  4.046839320e-01  1.394670302e+00
 3.424657534e-01  4.060869929e-01  1.394849465e+00
 3.444227006e-01  4.074898938e-01  1.394991048e+00
 3.463796477e-01  4.088926699e-01  1.395095035e+00
 3.483365949e-01  4.102953617e-01  1.395157309e+00
 3.502935421e-01  4.116980126e-01  1.395175893e+00
 3.522504892e-01  4.131006670e-01  1.395152639e+00
 3.542074364e-01  4.145033647e-01  1.395092160e+00
 3.561643836e-01  4.159061406e-01  1.394994935e+00
 3.581213307e-01  4.173090339e-01  1.394858055e+00
 3.600782779e-01  4.187120852e-01  1.394682246e+00
 3.620352250e-01  4.201153321e-01  1.394467576e+00
 3.639921722e-01  4.215188155e-01  1.394213522e+00
 3.659491194e-01  4.229225739e-01  1.393922941e+00
 3.679060665e-01  4.243266424e-01  1.393596789e+00
 3.698630137e-01  4.257310580e-01  1.393235066e+00
 3.718199609e-01  4.271358557e-01  1.392836260e+00
 3.737769080e-01  4.285410757e-01  1.392398180e+00
 3.757338552e-01  4.299467575e-01  1.391924579e+00
 3.776908023e-01  4.313529339e-01  1.391419156e+00
 3.796477495e-01  4.327596372e-01  1.390878999e+00
 3.816046967e-01  4.341669059e-01  1.390302533e+00
 3.835616438e-01  4.355747760e-01  1.389690963e+00
 3.855185910e-01  4.369832837e-01  1.389045598e+00
 3.874755382e-01  4.383924623e-01  1.388368780e+00
 3.894324853e-01  4.398023437e-01  1.387658324e+00
 3.913894325e-01  4.412129656e-01  1.386913465e+00
 3.933463796e-01  4.426243618e-01  1.386137573e+00
 3.953033268e-01  4.440365634e-01  1.385330387e+00
 3.972602740e-01  4.454496048e-01  1.384490543e+00
 3.992172211e-01  4.468635203e-01  1.383619093e+00
 4.011741683e-01  4.482783422e-01  1.382716735e+00
 4.031311155e-01  4.496941038e-01  1.381784587e+00
 4.050880626e-01  4.511108353e-01  1.380822811e+00
 4.070450098e-01  4.525285698e-01  1.379830161e+00
 4.090019569e-01  4.539473404e-01  1.378808537e+00
 4.109589041e-01  4.553671767e-01  1.377758526e+00
 4.129158513e-01  4.567881107e-01  1.376678585e+00
 4.148727984e-01  4.582101755e-01  1.375570077e+00
 4.168297456e-01  4.596334006e-01  1.374434862e+00
 4.187866928e-01  4.610578155e-01  1.373273447e+00
 4.207436399e-01  4.624834490e-01  1.372084429e+00
 4.227005871e-01  4.639103337e-01  1.370866190e+00
 4.246575342e-01  4.653385022e-01  1.369621027e+00
 4.266144814e-01  4.667679826e-01  1.368352587e+00
 4.285714286e-01  4.681988001e-01  1.367060597e+00
 4.305283757e-01  4.696309837e-01  1.365741814e+00
 4.324853229e-01  4.710645659e-01  1.364395567e+00
 4.344422701e-01  4.724995773e-01  1.363024638e+00
 4.363992172e-01  4.739360447e-01  1.361631808e+00
 4.383561644e-01  4.753739934e-01  1.360217157e+00
 4.403131115e-01  4.768134503e-01  1.358778808e+00
 4.422700587e-01  4.782544449e-01  1.357315632e+00
 4.442270059e-01  4.796970070e-01  1.355829498e+00
 4.461839530e-01  4.811411624e-01  1.354321784e+00
 4.481409002e-01  4.825869383e-01  1.352793053e+00
 4.500978474e-01  4.840343595e-01  1.351244874e+00
 4.520547945e-01  4.854834502e-01  1.349675612e+00
 4.540117417e-01  4.869342392e-01  1.348083956e+00
 4.559686888e-01  4.883867539e-01  1.346471125e+00
 4.579256360e-01  4.898410206e-01  1.344839144e+00
 4.598825832e-01  4.912970627e-01  1.343190642e+00
 4.618395303e-01  4.927549013e-01  1.341524873e+00
 4.637964775e-01  4.942145616e-01  1.339837940e+00
 4.657534247e-01  4.956760736e-01  1.338130408e+00
 4.677103718e-01  4.971394616e-01  1.336406231e+00
 4.696673190e-01  4.986047472e-01  1.334667377e+00
 4.716242661e-01  5.000719508e-01  1.332913885e+00
 4.735812133e-01  5.015410942e-01  1.331141950e+00
 4.755381605e-01  5.030122066e-01  1.329351008e+00
 4.774951076e-01  5.044853113e-01  1.327545243e+00
 4.794520548e-01  5.059604285e-01  1.325726677e+00
 4.814090020e-01  5.074375774e-01  1.323894636e+00
 4.833659491e-01  5.089167801e-01  1.322047363e+00
 4.853228963e-01  5.103980600e-01  1.320184441e+00
 4.872798434e-01  5.118814403e-01  1.318307893e+00
 4.892367906e-01  5.133669403e-01  1.316419509e+00
 4.911937378e-01  5.148545795e-01  1.314519323e+00
 4.931506849e-01  5.163443773e-01  1.312607160e+00
 4.951076321e-01  5.178363539e-01  1.310682590e+00
 4.970645793e-01  5.193305301e-01  1.308746137e+00
 4.990215264e-01  5.208269252e-01  1.306798564e+00
 5.009784736e-01  5.223255585e-01  1.304841112e+00
 5.029354207e-01  5.238264466e-01  1.302874548e+00
 5.048923679e-01  5.253296073e-01  1.300898422e+00
 5.068493151e-01  5.268350588e-01  1.298912516e+00
 5.088062622e-01  5.283428194e-01  1.296916889e+00
 5.107632094e-01  5.298529075e-01  1.294913232e+00
 5.127201566e-01  5.313653378e-01  1.292902889e+00
 5.146771037e-01  5.328801256e-01  1.290885377e+00
 5.166340509e-01  5.343972872e-01  1.288860305e+00
 5.185909980e-01  5.359168389e-01  1.286827815e+00
 5.205479452e-01  5.374387968e-01  1.284789201e+00
 5.225048924e-01  5.389631746e-01  1.282745926e+00
 5.244618395e-01  5.404899851e-01  1.280697617e+00
 5.264187867e-01  5.420192429e-01  1.278643749e+00
 5.283757339e-01  5.435509623e-01  1.276585157e+00
 5.303326810e-01  5.450851562e-01  1.274522846e+00
 5.322896282e-01  5.466218366e-01  1.272457640e+00
 5.342465753e-01  5.481610146e-01  1.270389163e+00
 5.362035225e-01  5.497027032e-01  1.268317245e+00
 5.381604697e-01  5.512469141e-01  1.266243340e+00
 5.401174168e-01  5.527936569e-01  1.264168230e+00
 5.420743640e-01  5.543429416e-01  1.262092175e+00
 5.440313112e-01  5.558947772e-01  1.260014734e+00
 5.459882583e-01  5.574491748e-01  1.257935996e+00
 5.479452055e-01  5.590061435e-01  1.255857447e+00
 5.499021526e-01  5.605656907e-01  1.253780112e+00
 5.518590998e-01  5.621278230e-01  1.251704213e+00
 5.538160470e-01  5.636925474e-01  1.249629008e+00
 5.557729941e-01  5.652598724e-01  1.247554727e+00
 5.577299413e-01  5.668298043e-01  1.245482757e+00
 5.596868885e-01  5.684023484e-01  1.243413941e+00
 5.616438356e-01  5.699775089e-01  1.241348742e+00
 5.636007828e-01  5.715552897e-01  1.239286783e+00
 5.655577299e-01  5.731356962e-01  1.237228196e+00
 5.675146771e-01  5.747187318e-01  1.235174012e+00
 5.694716243e-01  5.763043993e-01  1.233124910e+00
 5.714285714e-01  5.778927004e-01  1.231081320e+00
 5.733855186e-01  5.794836366e-01  1.229043244e+00
 5.753424658e-01  5.810772097e-01  1.227011154e+00
 5.772994129e-01  5.826734199e-01  1.224985783e+00
 5.792563601e-01  5.842722669e-01  1.222967434e+00
 5.812133072e-01  5.858737501e-01  1.220956474e+00
 5.831702544e-01  5.874778682e-01  1.218953083e+00
 5.851272016e-01  5.890846199e-01  1.216957652e+00
 5.870841487e-01  5.906940028e-01  1.214970929e+00
 5.890410959e-01  5.923060134e-01  1.212993242e+00
 5.909980431e-01  5.939206485e-01  1.211024700e+00
 5.929549902e-01  5.955379041e-01  1.209065536e+00
 5.949119374e-01  5.971577761e-01  1.207115830e+00
 5.968688845e-01  5.987802603e-01  1.205175917e+00
 5.988258317e-01  6.004053513e-01  1.203246363e+00
 6.007827789e-01  6.020330433e-01  1.201327470e+00
 6.027397260e-01  6.036633300e-01  1.199419293e+00
 6.046966732e-01  6.052962051e-01  1.197521659e+00
 6.066536204e-01  6.069316627e-01  1.195634373e+00
 6.086105675e-01  6.085696968e-01  1.193757717e+00
 6.105675147e-01  6.102103004e-01  1.191892396e+00
 6.125244618e-01  6.118534656e-01  1.190038604e+00
 6.144814090e-01  6.134991846e-01  1.188195882e+00
 6.164383562e-01  6.151474503e-01  1.186363846e+00
 6.183953033e-01  6.167982559e-01  1.184542265e+00
 6.203522505e-01  6.184515949e-01  1.182731637e+00
 6.223091977e-01  6.201074587e-01  1.180932542e+00
 6.242661448e-01  6.217658391e-01  1.179144516e+00
 6.262230920e-01  6.234267285e-01  1.177366963e+00
 6.281800391e-01  6.250901202e-01  1.175599619e+00
 6.301369863e-01  6.267560072e-01  1.173842565e+00
 6.320939335e-01  6.284243822e-01  1.172095961e+00
 6.340508806e-01  6.300952378e-01  1.170359637e+00
 6.360078278e-01  6.317685667e-01  1.168633169e+00
 6.379647750e-01  6.334443628e-01  1.166916155e+00
 6.399217221e-01  6.351226197e-01  1.165208558e+00
 6.418786693e-01  6.368033310e-01  1.163510216e+00
 6.438356164e-01  6.384864908e-01  1.161820614e+00
 6.457925636e-01  6.401720941e-01  1.160139541e+00
 6.477495108e-01  6.418601354e-01  1.158466803e+00
 6.497064579e-01  6.435506099e-01  1.156802076e+00
 6.516634051e-01  6.452435131e-01  1.155145098e+00
 6.536203523e-01  6.469388408e-01  1.153495431e+00
 6.555772994e-01  6.486365896e-01  1.151852530e+00
 6.575342466e-01  6.503367569e-01  1.150216110e+00
 6.594911937e-01  6.520393400e-01  1.148586023e+00
 6.614481409e-01  6.537443365e-01  1.146961829e+00
 6.634050881e-01  6.554517449e-01  1.145343139e+00
 6.653620352e-01  6.571615641e-01  1.143729595e+00
 6.673189824e-01  6.588737935e-01  1.142120577e+00
 6.692759295e-01  6.605884336e-01  1.140515482e+00
 6.712328767e-01  6.623054858e-01  1.138913976e+00
 6.731898239e-01  6.640249515e-01  1.137315931e+00
 6.751467710e-01  6.657468323e-01  1.135721267e+00
 6.771037182e-01  6.674711299e-01  1.134129288e+00
 6.790606654e-01  6.691978481e-01  1.132538845e+00
 6.810176125e-01  6.709269921e-01  1.130949542e+00
 6.829745597e-01  6.726585668e-01  1.129361305e+00
 6.849315068e-01  6.743925777e-01  1.127773857e+00
 6.868884540e-01  6.761290305e-01  1.126186780e+00
 6.888454012e-01  6.778679321e-01  1.124599207e+00
 6.908023483e-01  6.796092910e-01  1.123010497e+00
 6.927592955e-01  6.813531161e-01  1.121420755e+00
 6.947162427e-01  6.830994157e-01  1.119829688e+00
 6.966731898e-01  6.848481996e-01  1.118235813e+00
 6.986301370e-01  6.865994809e-01  1.116638250e+00
 7.005870841e-01  6.883532724e-01  1.115037498e+00
 7.025440313e-01  6.901095856e-01  1.113433347e+00
 7.045009785e-01  6.918684342e-01  1.111825352e+00
 7.064579256e-01  6.936298314e-01  1.110212791e+00
 7.084148728e-01  6.953937931e-01  1.108594142e+00
 7.103718200e-01  6.971603376e-01  1.106968957e+00
 7.123287671e-01  6.989294826e-01  1.105337836e+00
 7.142857143e-01  7.007012447e-01  1.103700605e+00
 7.162426614e-01  7.024756424e-01  1.102055432e+00
 7.181996086e-01  7.042526983e-01  1.100401436e+00
 7.201565558e-01  7.060324341e-01  1.098739391e+00
 7.221135029e-01  7.078148704e-01  1.097069153e+00
 7.240704501e-01  7.096000295e-01  1.095389615e+00
 7.260273973e-01  7.113879360e-01  1.093699686e+00
 7.279843444e-01  7.131786161e-01  1.091998252e+00
 7.299412916e-01  7.149720984e-01  1.090285246e+00
 7.318982387e-01  7.167684099e-01  1.088561673e+00
 7.338551859e-01  7.185675761e-01  1.086827565e+00
 7.358121331e-01  7.203696245e-01  1.085080422e+00
 7.377690802e-01  7.221745894e-01  1.083318284e+00
 7.397260274e-01  7.239825051e-01  1.081542490e+00
 7.416829746e-01  7.257934020e-01  1.079753922e+00
 7.436399217e-01  7.276073122e-01  1.077951165e+00
 7.455968689e-01  7.294242714e-01  1.076132834e+00
 7.475538160e-01  7.312443167e-01  1.074299187e+00
 7.495107632e-01  7.330674837e-01  1.072451335e+00
 7.514677104e-01  7.348938065e-01  1.070589703e+00
 7.534246575e-01  7.367233196e-01  1.068714656e+00
 7.553816047e-01  7.385560566e-01  1.066826836e+00
 7.573385519e-01  7.403920505e-01  1.064927061e+00
 7.592954990e-01  7.422313324e-01  1.063017873e+00
 7.612524462e-01  7.440739271e-01  1.061102306e+00
 7.632093933e-01  7.459198558e-01  1.059182844e+00
 7.651663405e-01  7.477691349e-01  1.057262015e+00
 7.671232877e-01  7.496217771e-01  1.055342239e+00
 7.690802348e-01  7.514777904e-01  1.053426155e+00
 7.710371820e-01  7.533371783e-01  1.051516397e+00
 7.729941292e-01  7.551999395e-01  1.049616238e+00
 7.749510763e-01  7.570660656e-01  1.047731096e+00
 7.769080235e-01  7.589355360e-01  1.045864353e+00
 7.788649706e-01  7.608083296e-01  1.044016660e+00
 7.808219178e-01  7.626844229e-01  1.042190648e+00
 7.827788650e-01  7.645637848e-01  1.040394337e+00
 7.847358121e-01  7.664463619e-01  1.038637762e+00
 7.866927593e-01  7.683320858e-01  1.036922182e+00
 7.886497065e-01  7.702208974e-01  1.035244732e+00
 7.906066536e-01  7.721127371e-01  1.033606653e+00
 7.925636008e-01  7.740075401e-01  1.032017002e+00
 7.945205479e-01  7.759052123e-01  1.030486528e+00
 7.964774951e-01  7.778056475e-01  1.029014536e+00
 7.984344423e-01  7.797087525e-01  1.027599780e+00
 8.003913894e-01  7.816144239e-01  1.026248133e+00
 8.023483366e-01  7.835225451e-01  1.024969094e+00
 8.043052838e-01  7.854329754e-01  1.023773213e+00
 8.062622309e-01  7.873455567e-01  1.022657961e+00
 8.082191781e-01  7.892601558e-01  1.021613696e+00
 8.101761252e-01  7.911766488e-01  1.020641004e+00
 8.121330724e-01  7.930948988e-01  1.019747850e+00
 8.140900196e-01  7.950147503e-01  1.018941947e+00
 8.160469667e-01  7.969360356e-01  1.018224773e+00
 8.180039139e-01  7.988585923e-01  1.017592258e+00
 8.199608611e-01  8.007822667e-01  1.017036417e+00
 8.219178082e-01  8.027069253e-01  1.016560854e+00
 8.238747554e-01  8.046323999e-01  1.016169286e+00
 8.258317025e-01  8.065585420e-01  1.015849001e+00
 8.277886497e-01  8.084852308e-01  1.015585353e+00
 8.297455969e-01  8.104123731e-01  1.015369372e+00
 8.317025440e-01  8.123398817e-01  1.015197728e+00
 8.336594912e-01  8.142676756e-01  1.015066565e+00
 8.356164384e-01  8.161956823e-01  1.014970339e+00
 8.375733855e-01  8.181238419e-01  1.014901769e+00
 8.395303327e-01  8.200521091e-01  1.014849165e+00
 8.414872798e-01  8.219804685e-01  1.014802259e+00
 8.434442270e-01  8.239089140e-01  1.014751537e+00
 8.454011742e-01  8.258374662e-01  1.014684753e+00
 8.473581213e-01  8.277661655e-01  1.014594634e+00
 8.493150685e-01  8.296950604e-01  1.014474568e+00
 8.512720157e-01  8.316242163e-01  1.014319101e+00
 8.532289628e-01  8.335537025e-01  1.014116142e+00
 8.551859100e-01  8.354836307e-01  1.013851833e+00
 8.571428571e-01  8.374141231e-01  1.013520183e+00
 8.590998043e-01  8.393453146e-01  1.013115962e+00
 8.610567515e-01  8.412773478e-01  1.012641177e+00
 8.630136986e-01  8.432103508e-01  1.012090724e+00
 8.649706458e-01  8.451444863e-01  1.011462529e+00
 8.669275930e-01  8.470798912e-01  1.010742642e+00
 8.688845401e-01  8.490167831e-01  1.009918894e+00
 8.708414873e-01  8.509553468e-01  1.009001005e+00
 8.727984344e-01  8.528957645e-01  1.007994293e+00
 8.747553816e-01  8.548382025e-01  1.006901753e+00
 8.767123288e-01  8.567828337e-01  1.005727682e+00
 8.786692759e-01  8.587298098e-01  1.004451220e+00
 8.806262231e-01  8.606793871e-01  1.003058581e+00
 8.825831703e-01  8.626317737e-01  1.001568013e+00
 8.845401174e-01  8.645871586e-01  9.999962076e-01
 8.864970646e-01  8.665456879e-01  9.983338321e-01
 8.884540117e-01  8.685075908e-01  9.965781524e-01
 8.904109589e-01  8.704730274e-01  9.947265917e-01
 8.923679061e-01  8.724422414e-01  9.927591310e-01
 8.943248532e-01  8.744154766e-01  9.906861718e-01
 8.962818004e-01  8.763929408e-01  9.885207774e-01
 8.982387476e-01  8.783748310e-01  9.862862395e-01
 9.001956947e-01  8.803612661e-01  9.839655821e-01
 9.021526419e-01  8.823525167e-01  9.815444347e-01
 9.041095890e-01  8.843487642e-01  9.790431827e-01
 9.060665362e-01  8.863502030e-01  9.764411742e-01
 9.080234834e-01  8.883571049e-01  9.737504341e-01
 9.099804305e-01  8.903696206e-01  9.709777850e-01
 9.119373777e-01  8.923880013e-01  9.681037912e-01
 9.138943249e-01  8.944124848e-01  9.651746131e-01
 9.158512720e-01  8.964431354e-01  9.621628929e-01
 9.178082192e-01  8.984803141e-01  9.590222179e-01
 9.197651663e-01  9.005242880e-01  9.558258835e-01
 9.217221135e-01  9.025751146e-01  9.525451690e-01
 9.236790607e-01  9.046331941e-01  9.491247434e-01
 9.256360078e-01  9.066988303e-01  9.456517781e-01
 9.275929550e-01  9.087720545e-01  9.421238295e-01
 9.295499022e-01  9.108531915e-01  9.384341990e-01
 9.315068493e-01  9.129427531e-01  9.345952546e-01
 9.334637965e-01  9.150410238e-01  9.307798239e-01
 9.354207436e-01  9.171477497e-01  9.268589038e-01
 9.373776908e-01  9.192638161e-01  9.226906168e-01
 9.393346380e-01  9.213896218e-01  9.184117845e-01
 9.412915851e-01  9.235254531e-01  9.143579621e-01
 9.432485323e-01  9.256701422e-01  9.101690555e-01
 9.452054795e-01  9.278256919e-01  9.054390444e-01
 9.471624266e-01  9.299928526e-01  9.004980331e-01
 9.491193738e-01  9.321721257e-01  8.957038052e-01
 9.510763209e-01  9.343625395e-01  8.914047089e-01
 9.530332681e-01  9.365628746e-01  8.864702871e-01
 9.549902153e-01  9.387777801e-01  8.804348819e-01
 9.569471624e-01  9.410083960e-01  8.740887194e-01
 9.589041096e-01  9.432555882e-01  8.675495709e-01
 9.608610568e-01  9.455199628e-01  8.709831875e-01
 9.628180039e-01  9.477497708e-01  8.796069041e-01
 9.647749511e-01  9.499696024e-01  8.736063590e-01
 9.667318982e-01  9.522306881e-01  8.557813282e-01
 9.686888454e-01  9.545442824e-01  8.350850103e-01
 9.706457926e-01  9.569191087e-01  8.127957915e-01
 9.726027397e-01  9.593615265e-01  7.899656575e-01
 9.745596869e-01  9.618756977e-01  7.674172310e-01
 9.765166341e-01  9.644637524e-01  7.457646761e-01
 9.784735812e-01  9.671259542e-01  7.254462417e-01
 9.804305284e-01  9.698608653e-01  7.067597238e-01
 9.823874755e-01  9.726655101e-01  6.898958464e-01
 9.843444227e-01  9.755355388e-01  6.749671050e-01
 9.863013699e-01  9.784653885e-01  6.620313326e-01
 9.882583170e-01  9.814484434e-01  6.511102026e-01
 9.902152642e-01  9.844771920e-01  6.422033360e-01
 9.921722114e-01  9.875433818e-01  6.352987921e-01
 9.941291585e-01  9.906381717e-01  6.303807039e-01
 9.960861057e-01  9.937522807e-01  6.274347105e-01
 9.980430528e-01  9.968761330e-01  6.264516965e-01
 1.000000000e+00  1.000000000e+00  6.264487430e-01
4  4.221186536e-01  6.865138654e-01  1.014839607e+00  7.536647239e-01  9.573493140e-01  5.126288354e+01  4.390678432e-01  9.954631840e-01  3.648284396e-01  2.720044596e+00
5  5.504431296e-01  9.928830396e-01  1.008962702e+00  6.192616076e-01  9.324017087e-01  3.123507963e+01  3.862770073e-01  1.054241974e+00  5.371422498e-01  2.821120431e+00
6  6.509645322e-01  1.180148210e+00  1.005525031e+00  5.287260076e-01  9.115014588e-01  2.331612858e+01  3.573544093e-01  1.137417853e+00  6.582561347e-01  2.770786262e+00
7  7.372008633e-01  1.295999668e+00  1.003134307e+00  4.637164775e-01  8.979551208e-01  1.902457971e+01  3.384630829e-01  1.227892618e+00  7.539348983e-01  2.683187003e+00
8  8.120016924e-01  1.532610870e+00  1.001299984e+00  4.145953890e-01  8.996749304e-01  1.673916903e+01  3.256901841e-01  1.333874410e+00  8.313592107e-01  2.581280612e+00
9  8.678714343e-01  2.071542875e+00  1.000037027e+00  3.754129762e-01  9.313313245e-01  1.632625296e+01  3.182576895e-01  1.479662602e+00  8.878198472e-01  2.449249499e+00
10  9.115919242e-01  1.962536855e+00  9.993210797e-01  3.436923052e-01  1.008296148e+00  1.775341290e+01  3.151430446e-01  1.696686079e+00  9.302426581e-01  2.313713500e+00
11  9.568811108e-01  2.973639437e+00  9.996942446e-01  3.192715122e-01  1.150908131e+00  2.132758416e+01  3.172170421e-01  2.004285928e+00  9.706149012e-01  2.208699085e+00
12  9.778797907e-01  5.424331188e+00  9.998911193e-01  2.962758991e-01  1.392021290e+00  2.967675847e+01  3.209282622e-01  2.828440980e+00  9.859129948e-01  2.069478882e+00
13  9.889489192e-01  9.551908707e+00  9.999501637e-01  2.759791946e-01  1.658053073e+00  4.015041951e+01  3.251791935e-01  4.473113048e+00  9.930632563e-01  1.932025823e+00
14  9.946048200e-01  1.737035760e+01  9.999755711e-01  2.584118650e-01  1.833131802e+00  4.672548182e+01  3.296774524e-01  7.559715867e+00  9.966207900e-01  1.804330031e+00
0 0 -1.238567699e-01 -1.975802851e-18
0 1  1.327943184e-02 -5.342790932e-03
0 2 -1.471812894e-02  6.400711520e-03
0 3  3.967014682e-03 -7.518857723e-03
0 4 -2.145991181e-04  6.676710729e-03
0 5 -4.790307742e-03 -2.947620291e-03
0 6  3.157749543e-03 -2.887810079e-03
0 7  2.864229055e-03  2.237336021e-03
0 8 -2.500430350e-04  3.326494737e-03
0 9 -1.919321212e-03  2.421542651e-03
0 10 -2.398073263e-03  1.567033315e-03
1 0 -1.072160355e-01 -4.313685021e-02
1 1 -9.563283831e-02  4.505390168e-17
1 2  9.016835874e-03 -7.669029936e-03
1 3 -1.332602249e-02  9.265488062e-03
1 4 -8.809829185e-04 -9.424277042e-03
1 5  4.318293099e-03  4.905584495e-03
1 6 -5.773841725e-03  3.048218913e-03
1 7 -3.840393941e-03 -3.640926108e-03
1 8  6.152914591e-04 -4.355396735e-03
1 9  2.666026840e-03 -2.792222794e-03
1 10  3.169371626e-03 -1.548726236e-03
2 0  1.188318487e-01  5.167833397e-02
2 1 -9.428597994e-02 -8.019243255e-02
2 2 -7.650547355e-02 -1.154877520e-17
2 3  4.638258703e-03 -9.446534038e-03
2 4 -8.705747215e-03  1.039751889e-02
2 5 -6.939540648e-03 -7.386416928e-03
2 6  5.143562782e-03 -1.902030309e-03
2 7  1.726863182e-03  4.922290412e-03
2 8 -2.997257892e-03  4.359496437e-03
2 9 -4.561631128e-03  2.083686818e-03
2 10 -4.584375581e-03  6.527448696e-04
3 0 -3.202905005e-02 -6.070606983e-02
3 1  1.393456759e-01  9.688605112e-02
3 2 -6.062649492e-02 -1.234752705e-01
3 3 -6.308448411e-02 -4.560796461e-17
3 4  6.528422502e-04 -1.097114165e-02
3 5 -3.555444720e-03  9.679662368e-03
3 6 -1.065583217e-02 -1.329917550e-03
3 7 -2.165985811e-03 -6.264784120e-03
3 8  2.918468618e-03 -3.387325189e-03
3 9  3.761491252e-03 -3.291776289e-04
3 10  3.388835031e-03  1.231840517e-03
4 0  1.732639389e-03  5.390670799e-02
4 1  9.212138154e-03 -9.854645338e-02
4 2  1.137924754e-01  1.359055556e-01
4 3 -1.034869761e-02 -1.739118867e-01
4 4 -5.320696291e-02 -2.099851852e-18
4 5 -3.667301806e-03 -1.237959717e-02
4 6  1.162974826e-03  5.889846757e-03
4 7 -6.885869542e-03  5.645811284e-03
4 8 -8.405387348e-03  6.089628870e-05
4 9 -6.573254157e-03 -2.993897050e-03
4 10 -4.816163447e-03 -3.853167542e-03
5 0  3.867618819e-02 -2.379862072e-02
5 1 -4.515491933e-02  5.129602531e-02
5 2  9.070645963e-02 -9.654756170e-02
5 3  5.636005065e-02  1.534396691e-01
5 4  6.892522342e-02 -2.326687429e-01
5 5 -4.508136496e-02  2.290522618e-17
5 6 -8.160994128e-03 -1.243754542e-02
5 7  2.621153421e-03 -1.663125057e-03
5 8  5.731546179e-04  4.364822753e-03
5 9 -2.363197859e-03  5.384446294e-03
5 10 -3.720264836e-03  5.035668826e-03
6 0 -2.549517112e-02 -2.331572251e-02
6 1  6.037509529e-02  3.187418638e-02
6 2 -6.723130442e-02 -2.486136247e-02
6 3  1.689136769e-01 -2.108153167e-02
6 4 -2.185756830e-02  1.106969170e-01
6 5  1.810281063e-01 -2.758910568e-01
6 6 -3.808447932e-02  3.080855433e-17
6 7 -1.118036902e-02 -9.211876402e-03
6 8 -1.868239062e-03 -7.072146823e-03
6 9  1.158547445e-03 -3.461086152e-03
6 10  1.780576106e-03 -1.133472458e-03
7 0 -2.312533305e-02  1.806389770e-02
7 1  4.015769069e-02 -3.807192354e-02
7 2 -2.257175993e-02  6.433906208e-02
7 3  3.433468374e-02 -9.930784421e-02
7 4  1.294166997e-01  1.061103843e-01
7 5 -5.814272534e-02 -3.689163047e-02
7 6  2.935675955e-01 -2.418800668e-01
7 7 -3.312231016e-02 -5.406062393e-17
7 8 -1.563569601e-02 -7.578553456e-03
7 9 -8.848376654e-03 -8.506519006e-03
7 10 -5.427929048e-03 -7.362731896e-03
8 0  2.018807976e-03  2.685759317e-02
8 1 -6.433893105e-03 -4.554289940e-02
8 2  3.917703862e-02  5.698280443e-02
8 3 -4.626285938e-02 -5.369506047e-02
8 4  1.579753267e-01  1.144517284e-03
8 5 -1.271378137e-02  9.682099814e-02
8 6  4.905512942e-02 -1.856962980e-01
8 7  4.720593441e-01 -2.288050990e-01
8 8 -2.494579003e-02 -1.120349174e-16
8 9 -1.379147258e-02 -3.447462933e-03
8 10 -1.098212848e-02 -4.270189037e-03
9 0  1.549629635e-02  1.955115294e-02
9 1 -2.787773413e-02 -2.919732221e-02
9 2  5.962489894e-02  2.723578747e-02
9 3 -5.962625050e-02 -5.218044239e-03
9 4  1.235412397e-01 -5.626889576e-02
9 5  5.242072552e-02  1.194384043e-01
9 6 -3.042046170e-02 -9.087917739e-02
9 7  2.671424973e-01 -2.568214283e-01
9 8  5.528577192e-01 -1.381981861e-01
9 9 -1.969264371e-02  2.031973607e-16
9 10 -1.067426230e-02 -9.068080342e-04
10 0  1.936166480e-02  1.265197951e-02
10 1 -3.314103902e-02 -1.619450246e-02
10 2  5.992219077e-02  8.532002213e-03
10 3 -5.371899412e-02  1.952683825e-02
10 4  9.051754100e-02 -7.241848305e-02
10 5  8.252334063e-02  1.117017826e-01
10 6 -4.675332676e-02 -2.976205734e-02
10 7  1.638753161e-01 -2.222892021e-01
10 8  4.402397548e-01 -1.711787453e-01
10 9  5.420431334e-01 -4.604805974e-02
10 10 -1.637960704e-02 -5.494584384e-17
0 0 -8.431650151e+00 -9.089967234e-16
0 1 -8.267849716e-01  4.796371972e-01
0 2  1.304072388e+00 -4.670367043e-01
0 3 -2.061523115e-01  3.811360716e-01
0 4  3.862190690e-02 -2.908309329e-01
0 5  1.768938260e-01  1.243079865e-01
0 6 -1.126285528e-01  8.877568286e-02
0 7 -1.069982825e-01 -4.860954746e-02
0 8  2.471945887e-03 -8.234712540e-02
0 9  6.281266283e-02 -3.974184733e-02
0 10  9.726641435e-02  4.453713916e-03
1 0 -8.267849716e-01 -4.796371972e-01
1 1 -1.117236843e+01  8.355586256e-16
1 2 -7.375187166e-01  1.124488772e+00
1 3  1.984184858e+00 -1.134760697e+00
1 4  5.816030781e-02  7.819642470e-01
1 5 -2.540312875e-01 -3.816265120e-01
1 6  3.610211530e-01 -1.475264933e-01
1 7  2.274740140e-01  1.591538201e-01
1 8 -2.440662035e-02  1.734612599e-01
1 9 -1.291763115e-01  5.933992585e-02
1 10 -1.975551990e-01 -4.367111094e-02
2 0  1.304072388e+00  4.670367043e-01
2 1 -7.375187166e-01 -1.124488772e+00
2 2 -1.415715832e+01  4.726927558e-15
2 3 -2.939885578e-01  2.088974257e+00
2 4  2.120762954e+00 -1.999321674e+00
2 5  8.497642897e-01  9.819788638e-01
2 6 -5.356089995e-01  6.950475883e-02
2 7 -2.017345154e-01 -3.781048658e-01
2 8  1.835535530e-01 -2.689310284e-01
2 9  2.918459074e-01 -3.439655015e-02
2 10  3.242757264e-01  1.638106710e-01
3 0 -2.061523115e-01 -3.811360716e-01
3 1  1.984184858e+00  1.134760697e+00
3 2 -2.939885578e-01 -2.088974257e+00
3 3 -1.750139642e+01  2.301408971e-14
3 4  6.669175604e-01  3.501306970e+00
3 5  1.669581144e+00 -2.929758988e+00
3 6  1.965403107e+00  3.882024716e-01
3 7  3.177140477e-01  8.149420922e-01
3 8 -3.283733375e-01  2.669567435e-01
3 9 -3.232658058e-01 -1.834369669e-01
3 10 -2.612081418e-01 -5.172512229e-01
4 0  3.862190690e-02  2.908309329e-01
4 1  5.816030781e-02 -7.819642470e-01
4 2  2.120762954e+00  1.999321674e+00
4 3  6.669175604e-01 -3.501306970e+00
4 4 -2.137907850e+01 -2.094924232e-14
4 5  2.640024634e+00  5.576350814e+00
4 6  5.215343761e-01 -3.359015962e+00
4 7  1.632503314e+00 -1.378625574e+00
4 8  1.264263897e+00  3.389644251e-02
4 9  6.449140740e-01  5.545239218e-01
4 10  1.660261275e-01  8.500347285e-01
5 0  1.768938260e-01 -1.243079865e-01
5 1 -2.540312875e-01  3.816265120e-01
5 2  8.497642897e-01 -9.819788638e-01
5 3  1.669581144e+00  2.929758988e+00
5 4  2.640024634e+00 -5.576350814e+00
5 5 -2.600507518e+01 -6.649126262e-15
5 6  5.764478150e+00  7.306785306e+00
5 7 -9.585061485e-01 -4.198343504e-01
5 8  1.503895707e-01 -1.780399503e+00
5 9  1.153762250e+00 -1.517235719e+00
5 10  1.982212801e+00 -1.321066407e+00
6 0 -1.126285528e-01 -8.877568286e-02
6 1  3.610211530e-01  1.475264933e-01
6 2 -5.356089995e-01 -6.950475883e-02
6 3  1.965403107e+00 -3.882024716e-01
6 4  5.215343761e-01  3.359015962e+00
6 5  5.764478150e+00 -7.306785306e+00
6 6 -3.095332572e+01  3.002526744e-14
6 7  9.669990634e+00  6.843245804e+00
6 8  2.916778966e-02  1.642140407e+00
6 9 -8.369922572e-01 -9.378591855e-01
6 10 -7.753450591e-01 -2.720930712e+00
7 0 -1.069982825e-01  4.860954746e-02
7 1  2.274740140e-01 -1.591538201e-01
7 2 -2.017345154e-01  3.781048658e-01
7 3  3.177140477e-01 -8.149420922e-01
7 4  1.632503314e+00  1.378625574e+00
7 5 -9.585061485e-01  4.198343504e-01
7 6  9.669990634e+00 -6.843245804e+00
7 7 -4.154143177e+01  2.327512588e-13
7 8  1.758949027e+01  7.480234147e+00
7 9  2.644671010e+00  3.119003281e+00
7 10 -1.358968163e+00  2.279571547e-01
8 0  2.471945887e-03  8.234712540e-02
8 1 -2.440662035e-02 -1.734612599e-01
8 2  1.835535530e-01  2.689310284e-01
8 3 -3.283733375e-01 -2.669567435e-01
8 4  1.264263897e+00 -3.389644251e-02
8 5  1.503895707e-01  1.780399503e+00
8 6  2.916778966e-02 -1.642140407e+00
8 7  1.758949027e+01 -7.480234147e+00
8 8 -5.820202182e+01 -4.145369315e-14
8 9  2.301293899e+01  5.087495423e+00
8 10  8.970348454e+00  4.323140475e+00
9 0  6.281266283e-02  3.974184733e-02
9 1 -1.291763115e-01 -5.933992585e-02
9 2  2.918459074e-01  3.439655015e-02
9 3 -3.232658058e-01  1.834369669e-01
9 4  6.449140740e-01 -5.545239218e-01
9 5  1.153762250e+00  1.517235719e+00
9 6 -8.369922572e-01  9.378591855e-01
9 7  2.644671010e+00 -3.119003281e+00
9 8  2.301293899e+01 -5.087495423e+00
9 9 -6.884743368e+01 -3.159185408e-13
9 10  3.309256028e+01  2.811304302e+00
10 0  9.726641435e-02 -4.453713916e-03
10 1 -1.975551990e-01  4.367111094e-02
10 2  3.242757264e-01 -1.638106710e-01
10 3 -2.612081418e-01  5.172512229e-01
10 4  1.660261275e-01 -8.500347285e-01
10 5  1.982212801e+00  1.321066407e+00
10 6 -7.753450591e-01  2.720930712e+00
10 7 -1.358968163e+00 -2.279571547e-01
10 8  8.970348454e+00 -4.323140475e+00
10 9  3.309256028e+01 -2.811304302e+00
10 10 -6.105152568e+01  2.047990277e-13
0  4.496377148e-02  4.743285249e-04 -1.350092770e-01 -2.511908978e-02
1  7.608663605e-02  1.231475976e-03  1.599786839e-01  6.228452282e-02
2  1.056921448e-01  6.847289100e-04 -1.465602937e-01 -1.152363768e-01
3  1.425933733e-01  1.142361250e-03  8.478255776e-02  1.746288250e-01
4  1.853410699e-01 -3.935070693e-04  4.160023682e-02 -1.929282070e-01
5  2.234182690e-01 -7.183459429e-04 -1.782387753e-01  8.040412611e-02
6  2.569810862e-01 -1.748194257e-03  1.240006475e-01  1.447061386e-01
7  2.977072330e-01 -3.639045546e-03  1.616973717e-01 -8.622254559e-02
8  2.997385030e-01 -4.499749385e-03  1.890688721e-02 -1.710200469e-01
9  2.904969191e-01 -2.237835908e-03 -7.590846053e-02 -1.417562756e-01
10  2.824399482e-01  1.249000557e-02 -1.102371528e-01 -1.023221089e-01
