 1.695500020e+00 -1.810962830e+00  8.631583197e-01  3.477383774e+00  9.325196866e-01  9.488954150e-01  6.925949370e+00 512 3 11
 0.000000000e+00  0.000000000e+00  1.598907116e-06
 1.956947162e-03  2.908210542e-02  1.345792462e-01
 3.913894325e-03  4.112845103e-02  1.903199001e-01
 5.870841487e-03  5.037221011e-02  2.330843664e-01
 7.827788650e-03  5.816542460e-02  2.691276901e-01
 9.784735812e-03  6.503182411e-02  3.008720491e-01
 1.174168297e-02  7.124002730e-02  3.295592786e-01
 1.369863014e-02  7.694961921e-02  3.559267945e-01
 1.565557730e-02  8.226458847e-02  3.804548435e-01
 1.761252446e-02  8.725717388e-02  4.034768331e-01
 1.956947162e-02  9.197997864e-02  4.252353763e-01
 2.152641879e-02  9.647271938e-02  4.459135118e-01
 2.348336595e-02  1.007662566e-01  4.656533478e-01
 2.544031311e-02  1.048851361e-01  4.845678438e-01
 2.739726027e-02  1.088492623e-01  5.027485940e-01
 2.935420744e-02  1.126750416e-01  5.202707127e-01
 3.131115460e-02  1.163761918e-01  5.371969752e-01
 3.326810176e-02  1.199643172e-01  5.535806832e-01
 3.522504892e-02  1.234493395e-01  5.694685403e-01
 3.718199609e-02  1.268398069e-01  5.848976817e-01
 3.913894325e-02  1.301431929e-01  5.998999131e-01
 4.109589041e-02  1.333660399e-01  6.145052053e-01
 4.305283757e-02  1.365141273e-01  6.287404094e-01
 4.500978474e-02  1.395925741e-01  6.426317426e-01
 4.696673190e-02  1.426059335e-01  6.562009616e-01
 4.892367906e-02  1.455582964e-01  6.694657142e-01
 5.088062622e-02  1.484533520e-01  6.824421716e-01
 5.283757339e-02  1.512944414e-01  6.951460352e-01
 5.479452055e-02  1.540845930e-01  7.075896682e-01
 5.675146771e-02  1.568265849e-01  7.197834534e-01
 5.870841487e-02  1.595229581e-01  7.317390190e-01
 6.066536204e-02  1.621760426e-01  7.434668462e-01
 6.262230920e-02  1.647879842e-01  7.549756178e-01
 6.457925636e-02  1.673607675e-01  7.662782893e-01
 6.653620352e-02  1.698961974e-01  7.773887957e-01
 6.849315068e-02  1.723959411e-01  7.883061746e-01
 7.045009785e-02  1.748616070e-01  7.990270871e-01
 7.240704501e-02  1.772946992e-01  8.095679517e-01
 7.436399217e-02  1.796965576e-01  8.199466621e-01
 7.632093933e-02  1.820684283e-01  8.301590778e-01
 7.827788650e-02  1.844115401e-01  8.402012595e-01
 8.023483366e-02  1.867270376e-01  8.500847858e-01
 8.219178082e-02  1.890159690e-01  8.598183540e-01
 8.414872798e-02  1.912793263e-01  8.694051844e-01
 8.610567515e-02  1.935180456e-01  8.788484166e-01
 8.806262231e-02  1.957330146e-01  8.881510596e-01
 9.001956947e-02  1.979250728e-01  8.973131170e-01
 9.197651663e-02  2.000950318e-01  9.063376524e-01
 9.393346380e-02  2.022436461e-01  9.152371814e-01
 9.589041096e-02  2.043716030e-01  9.240134303e-01
 9.784735812e-02  2.064795892e-01  9.326612427e-01
 9.980430528e-02  2.085682609e-01  9.411822019e-01
 1.017612524e-01  2.106382445e-01  9.495835946e-01
 1.037181996e-01  2.126901155e-01  9.578723863e-01
 1.056751468e-01  2.147244245e-01  9.660484000e-01
 1.076320939e-01  2.167417060e-01  9.741109020e-01
 1.095890411e-01  2.187424747e-01  9.820603915e-01
 1.115459883e-01  2.207272254e-01  9.898986278e-01
 1.135029354e-01  2.226964304e-01  9.976310450e-01
 1.154598826e-01  2.246505299e-01  1.005264387e+00
 1.174168297e-01  2.265899392e-01  1.012796449e+00
 1.193737769e-01  2.285150785e-01  1.020220937e+00
 1.213307241e-01  2.304263597e-01  1.027541182e+00
 1.232876712e-01  2.323241641e-01  1.034767439e+00
 1.252446184e-01  2.342088411e-01  1.041901704e+00
 1.272015656e-01  2.360807419e-01  1.048939177e+00
 1.291585127e-01  2.379402121e-01  1.055879442e+00
 1.311154599e-01  2.397875834e-01  1.062725241e+00
 1.330724070e-01  2.416231720e-01  1.069478789e+00
 1.350293542e-01  2.434472832e-01  1.076144386e+00
 1.369863014e-01  2.452602011e-01  1.082724480e+00
 1.389432485e-01  2.470622063e-01  1.089214509e+00
 1.409001957e-01  2.488535822e-01  1.095611965e+00
 1.428571429e-01  2.506346025e-01  1.101921551e+00
 1.448140900e-01  2.524055207e-01  1.108150525e+00
 1.467710372e-01  2.541665734e-01  1.114299829e+00
 1.487279843e-01  2.559179983e-01  1.120363029e+00
 1.506849315e-01  2.576600400e-01  1.126338561e+00
 1.526418787e-01  2.593929291e-01  1.132232111e+00
 1.545988258e-01  2.611168812e-01  1.138046562e+00
 1.565557730e-01  2.628321072e-01  1.143783323e+00
 1.585127202e-01  2.645388081e-01  1.149442376e+00
 1.604696673e-01  2.662371853e-01  1.155020869e+00
 1.624266145e-01  2.679274389e-01  1.160516272e+00
 1.643835616e-01  2.696097684e-01  1.165933255e+00
 1.663405088e-01  2.712843515e-01  1.171280219e+00
 1.682974560e-01  2.729513552e-01  1.176554634e+00
 1.702544031e-01  2.746109570e-01  1.181749167e+00
 1.722113503e-01  2.762633369e-01  1.186863789e+00
 1.741682975e-01  2.779086649e-01  1.191905382e+00
 1.761252446e-01  2.795470949e-01  1.196878087e+00
 1.780821918e-01  2.811787788e-01  1.201778732e+00
 1.800391389e-01  2.828038728e-01  1.206605146e+00
 1.819960861e-01  2.844225286e-01  1.211358466e+00
 1.839530333e-01  2.860348932e-01  1.216038523e+00
 1.859099804e-01  2.876411131e-01  1.220647159e+00
 1.878669276e-01  2.892413250e-01  1.225189002e+00
 1.898238748e-01  2.908356577e-01  1.229663906e+00
 1.917808219e-01  2.924242434e-01  1.234066690e+00
 1.937377691e-01  2.940072195e-01  1.238395546e+00
 1.956947162e-01  2.955847181e-01  1.242656093e+00
 1.976516634e-01  2.971568576e-01  1.246853474e+00
 1.996086106e-01  2.987237527e-01  1.250984498e+00
 2.015655577e-01  3.002855257e-01  1.255046409e+00
 2.035225049e-01  3.018422943e-01  1.259039769e+00
 2.054794521e-01  3.033941755e-01  1.262964991e+00
 2.074363992e-01  3.049412820e-01  1.266824916e+00
 2.093933464e-01  3.064837202e-01  1.270622622e+00
 2.113502935e-01  3.080215919e-01  1.274357428e+00
 2.133072407e-01  3.095550020e-01  1.278024814e+00
 2.152641879e-01  3.110840600e-01  1.281622750e+00
 2.172211350e-01  3.126088722e-01  1.285157035e+00
 2.191780822e-01  3.141295313e-01  1.288633746e+00
 2.211350294e-01  3.156461265e-01  1.292048250e+00
 2.230919765e-01  3.171587585e-01  1.295396284e+00
 2.250489237e-01  3.186675240e-01  1.298679705e+00
 2.270058708e-01  3.201725167e-01  1.301901602e+00
 2.289628180e-01  3.216738235e-01  1.305063848e+00
 2.309197652e-01  3.231715313e-01  1.308164646e+00
 2.328767123e-01  3.246657290e-01  1.311204011e+00
 2.348336595e-01  3.261565013e-01  1.314183727e+00
 2.367906067e-01  3.276439307e-01  1.317100897e+00
 2.387475538e-01  3.291281064e-01  1.319955712e+00
 2.407045010e-01  3.306091085e-01  1.322754175e+00
 2.426614481e-01  3.320870106e-01  1.325495311e+00
 2.446183953e-01  3.335618933e-01  1.328175948e+00
 2.465753425e-01  3.350338357e-01  1.330795939e+00
 2.485322896e-01  3.365029165e-01  1.333356470e+00
 2.504892368e-01  3.379692108e-01  1.335861014e+00
 2.524461840e-01  3.394327880e-01  1.338308776e+00
 2.544031311e-01  3.408937232e-01  1.340698196e+00
 2.563600783e-01  3.423520881e-01  1.343031864e+00
 2.583170254e-01  3.438079505e-01  1.345307740e+00
 2.602739726e-01  3.452613851e-01  1.347524468e+00
 2.622309198e-01  3.467124614e-01  1.349687120e+00
 2.641878669e-01  3.481612418e-01  1.351796675e+00
 2.661448141e-01  3.496077925e-01  1.353850815e+00
 2.681017613e-01  3.510521798e-01  1.355847355e+00
 2.700587084e-01  3.524944732e-01  1.357786698e+00
 2.720156556e-01  3.539347372e-01  1.359674969e+00
 2.739726027e-01  3.553730274e-01  1.361511855e+00
 2.759295499e-01  3.568094076e-01  1.363291626e+00
 2.778864971e-01  3.582439447e-01  1.365016972e+00
 2.798434442e-01  3.596766960e-01  1.366690835e+00
 2.818003914e-01  3.611077213e-01  1.368312069e+00
 2.837573386e-01  3.625370793e-01  1.369881460e+00
 2.857142857e-01  3.639648275e-01  1.371397584e+00
 2.876712329e-01  3.653910268e-01  1.372861867e+00
 2.896281800e-01  3.668157308e-01  1.374276305e+00
 2.915851272e-01  3.682389958e-01  1.375638112e+00
 2.935420744e-01  3.696608804e-01  1.376949489e+00
 2.954990215e-01  3.710814356e-01  1.378212285e+00
 2.974559687e-01  3.725007157e-01  1.379423007e+00
 2.994129159e-01  3.739187783e-01  1.380582893e+00
 3.013698630e-01  3.753356745e-01  1.381695320e+00
 3.033268102e-01  3.767514545e-01  1.382760160e+00
 3.052837573e-01  3.781661693e-01  1.383776003e+00
 3.072407045e-01  3.795798713e-01  1.384740404e+00
 3.091976517e-01  3.809926162e-01  1.385655653e+00
 3.111545988e-01  3.824044513e-01  1.386527693e+00
 3.131115460e-01  3.838154196e-01  1.387353393e+00
 3.150684932e-01  3.852255746e-01  1.388129141e+00
 3.170254403e-01  3.866349662e-01  1.388857369e+00
 3.189823875e-01  3.880436428e-01  1.389539369e+00
 3.209393346e-01  3.894516513e-01  1.390176460e+00
 3.228962818e-01  3.908590370e-01  1.390769078e+00
 3.248532290e-01  3.922658458e-01  1.391315779e+00
 3.268101761e-01  3.936721256e-01  1.391817900e+00
 3.287671233e-01  3.950779195e-01  1.392274411e+00
 3.307240705e-01  3.964832773e-01  1.392684215e+00
 3.326810176e-01  3.978882439e-01  1.393052364e+00
 3.346379648e-01  3.992928590e-01  1.393379994e+00
 3.365949119e-01  4.006971650e-01  1.393663919e+00
 3.385518591e-01  4.021012078e-01  1.393902315e+00
 3.405088063e-01  4.035050335e-01  1.394096339e+00
 3.424657534e-01  4.049086855e-01  1.394250128e+00
 3.444227006e-01  4.063122015e-01  1.394365135e+00
 3.463796477e-01  4.077156219e-01  1.394437975e+00
 3.483365949e-01  4.091189913e-01  1.394468584e+00
 3.502935421e-01  4.105223501e-01  1.394458182e+00
 3.522504892e-01  4.119257404e-01  1.394406674e+00
 3.542074364e-01  4.133292030e-01  1.394315301e+00
 3.561643836e-01  4.147327772e-01  1.394186197e+00
 3.581213307e-01  4.161364997e-01  1.394020088e+00
 3.600782779e-01  4.175404085e-01  1.393814141e+00
 3.620352250e-01  4.189445458e-01  1.393566140e+00
 3.639921722e-01  4.203489543e-01  1.393278923e+00
 3.659491194e-01  4.217536706e-01  1.392957495e+00
 3.679060665e-01  4.231587274e-01  1.392602323e+00
 3.698630137e-01  4.245641603e-01  1.392209143e+00
 3.718199609e-01  4.259700108e-01  1.391775652e+00
 3.737769080e-01  4.273763194e-01  1.391304773e+00
 3.757338552e-01  4.287831217e-01  1.390800216e+00
 3.776908023e-01  4.301904508e-01  1.390262787e+00
 3.796477495e-01  4.315983410e-01  1.389691434e+00
 3.816046967e-01  4.330068276e-01  1.389084272e+00
 3.835616438e-01  4.344159488e-01  1.388441011e+00
 3.855185910e-01  4.358257408e-01  1.387762551e+00
 3.874755382e-01  4.372362402e-01  1.387051628e+00
 3.894324853e-01  4.386474778e-01  1.386311934e+00
 3.913894325e-01  4.400594828e-01  1.385541554e+00
 3.933463796e-01  4.414722902e-01  1.384735405e+00
 3.953033268e-01  4.428859398e-01  1.383893645e+00
 3.972602740e-01  4.443004664e-01  1.383021433e+00
 3.992172211e-01  4.457158996e-01  1.382122967e+00
 4.011741683e-01  4.471322660e-01  1.381197327e+00
 4.031311155e-01  4.485495970e-01  1.380238535e+00
 4.050880626e-01  4.499679318e-01  1.379245844e+00
 4.070450098e-01  4.513873039e-01  1.378224242e+00
 4.090019569e-01  4.528077422e-01  1.377176571e+00
 4.109589041e-01  4.542292746e-01  1.376103513e+00
 4.129158513e-01  4.556519290e-01  1.375002815e+00
 4.148727984e-01  4.570757383e-01  1.373871816e+00
 4.168297456e-01  4.585007360e-01  1.372712110e+00
 4.187866928e-01  4.599269521e-01  1.371525850e+00
 4.207436399e-01  4.613544160e-01  1.370315477e+00
 4.227005871e-01  4.627831527e-01  1.369083024e+00
 4.246575342e-01  4.642131878e-01  1.367824779e+00
 4.266144814e-01  4.656445543e-01  1.366537717e+00
 4.285714286e-01  4.670772845e-01  1.365224555e+00
 4.305283757e-01  4.685114059e-01  1.363889466e+00
 4.324853229e-01  4.699469424e-01  1.362535243e+00
 4.344422701e-01  4.713839160e-01  1.361158914e+00
 4.363992172e-01  4.728223571e-01  1.359756050e+00
 4.383561644e-01  4.742622974e-01  1.358328696e+00
 4.403131115e-01  4.757037631e-01  1.356881155e+00
 4.422700587e-01  4.771467774e-01  1.355415562e+00
 4.442270059e-01  4.785913622e-01  1.353930579e+00
 4.461839530e-01  4.800375436e-01  1.352423470e+00
 4.481409002e-01  4.814853498e-01  1.350894656e+00
 4.500978474e-01  4.829348064e-01  1.349346845e+00
 4.520547945e-01  4.843859361e-01  1.347781147e+00
 4.540117417e-01  4.858387623e-01  1.346198223e+00
 4.559686888e-01  4.872933066e-01  1.344597987e+00
 4.579256360e-01  4.887495930e-01  1.342979529e+00
 4.598825832e-01  4.902076453e-01  1.341342869e+00
 4.618395303e-01  4.916674877e-01  1.339689209e+00
 4.637964775e-01  4.931291418e-01  1.338021059e+00
 4.657534247e-01  4.945926266e-01  1.336338675e+00
 4.677103718e-01  4.960579633e-01  1.334641151e+00
 4.696673190e-01  4.975251733e-01  1.332927597e+00
 4.716242661e-01  4.989942800e-01  1.331198826e+00
 4.735812133e-01  5.004653033e-01  1.329457791e+00
 4.755381605e-01  5.019382604e-01  1.327704868e+00
 4.774951076e-01  5.034131706e-01  1.325938863e+00
 4.794520548e-01  5.048900540e-01  1.324159594e+00
 4.814090020e-01  5.063689305e-01  1.322368085e+00
 4.833659491e-01  5.078498184e-01  1.320566153e+00
 4.853228963e-01  5.093327336e-01  1.318753927e+00
 4.872798434e-01  5.108176943e-01  1.316930079e+00
 4.892367906e-01  5.123047199e-01  1.315095718e+00
 4.911937378e-01  5.137938261e-01  1.313252261e+00
 4.931506849e-01  5.152850294e-01  1.311400183e+00
 4.951076321e-01  5.167783447e-01  1.309539099e+00
 4.970645793e-01  5.182737895e-01  1.307668162e+00
 4.990215264e-01  5.197713811e-01  1.305788912e+00
 5.009784736e-01  5.212711334e-01  1.303903033e+00
 5.029354207e-01  5.227730601e-01  1.302010439e+00
 5.048923679e-01  5.242771757e-01  1.300110346e+00
 5.068493151e-01  5.257834958e-01  1.298202466e+00
 5.088062622e-01  5.272920356e-01  1.296287969e+00
 5.107632094e-01  5.288028084e-01  1.294368570e+00
 5.127201566e-01  5.303158255e-01  1.292444195e+00
 5.146771037e-01  5.318311006e-01  1.290514183e+00
 5.166340509e-01  5.333486467e-01  1.288578566e+00
 5.185909980e-01  5.348684775e-01  1.286637951e+00
 5.205479452e-01  5.363906048e-01  1.284693538e+00
 5.225048924e-01  5.379150397e-01  1.282745662e+00
 5.244618395e-01  5.394417934e-01  1.280794207e+00
 5.264187867e-01  5.409708771e-01  1.278839092e+00
 5.283757339e-01  5.425023026e-01  1.276880803e+00
 5.303326810e-01  5.440360802e-01  1.274919761e+00
 5.322896282e-01  5.455722205e-01  1.272956243e+00
 5.342465753e-01  5.471107334e-01  1.270991182e+00
 5.362035225e-01  5.486516274e-01  1.269024375e+00
 5.381604697e-01  5.501949129e-01  1.267055771e+00
 5.401174168e-01  5.517405988e-01  1.265085715e+00
 5.420743640e-01  5.532886946e-01  1.263114531e+00
 5.440313112e-01  5.548392086e-01  1.261143229e+00
 5.459882583e-01  5.563921479e-01  1.259171905e+00
 5.479452055e-01  5.579475206e-01  1.257200216e+00
 5.499021526e-01  5.595053348e-01  1.255228157e+00
 5.518590998e-01  5.610655985e-01  1.253256418e+00
 5.538160470e-01  5.626283183e-01  1.251285962e+00
 5.557729941e-01  5.641935000e-01  1.249316854e+00
 5.577299413e-01  5.657611498e-01  1.247348754e+00
 5.596868885e-01  5.673312745e-01  1.245381488e+00
 5.616438356e-01  5.689038809e-01  1.243415745e+00
 5.636007828e-01  5.704789741e-01  1.241452508e+00
 5.655577299e-01  5.720565583e-01  1.239491940e+00
 5.675146771e-01  5.736366382e-01  1.237533725e+00
 5.694716243e-01  5.752192190e-01  1.235577602e+00
 5.714285714e-01  5.768043059e-01  1.233624121e+00
 5.733855186e-01  5.783919027e-01  1.231674167e+00
 5.753424658e-01  5.799820126e-01  1.229727960e+00
 5.772994129e-01  5.815746385e-01  1.227785373e+00
 5.792563601e-01  5.831697841e-01  1.225846216e+00
 5.812133072e-01  5.847674527e-01  1.223910832e+00
 5.831702544e-01  5.863676471e-01  1.221979925e+00
 5.851272016e-01  5.879703689e-01  1.220053771e+00
 5.870841487e-01  5.895756198e-01  1.218132309e+00
 5.890410959e-01  5.911834018e-01  1.216215445e+00
 5.909980431e-01  5.927937167e-01  1.214303518e+00
 5.929549902e-01  5.944065656e-01  1.212397083e+00
 5.949119374e-01  5.960219488e-01  1.210496408e+00
 5.968688845e-01  5.976398665e-01  1.208601507e+00
 5.988258317e-01  5.992603190e-01  1.206712255e+00
 6.007827789e-01  6.008833067e-01  1.204828884e+00
 6.027397260e-01  6.025088293e-01  1.202951888e+00
 6.046966732e-01  6.041368858e-01  1.201081725e+00
 6.066536204e-01  6.057674744e-01  1.199218497e+00
 6.086105675e-01  6.074005938e-01  1.197361890e+00
 6.105675147e-01  6.090362431e-01  1.195511964e+00
 6.125244618e-01  6.106744205e-01  1.193669089e+00
 6.144814090e-01  6.123151241e-01  1.191833641e+00
 6.164383562e-01  6.139583511e-01  1.190005964e+00
 6.183953033e-01  6.156040983e-01  1.188185801e+00
 6.203522505e-01  6.172523636e-01  1.186372899e+00
 6.223091977e-01  6.189031444e-01  1.184567475e+00
 6.242661448e-01  6.205564379e-01  1.182769753e+00
 6.262230920e-01  6.222122406e-01  1.180979928e+00
 6.281800391e-01  6.238705491e-01  1.179197858e+00
 6.301369863e-01  6.255313602e-01  1.177423318e+00
 6.320939335e-01  6.271946710e-01  1.175656343e+00
 6.340508806e-01  6.288604782e-01  1.173897011e+00
 6.360078278e-01  6.305287784e-01  1.172145241e+00
 6.379647750e-01  6.321995684e-01  1.170400855e+00
 6.399217221e-01  6.338728452e-01  1.168663632e+00
 6.418786693e-01  6.355486062e-01  1.166933540e+00
 6.438356164e-01  6.372268483e-01  1.165210621e+00
 6.457925636e-01  6.389075685e-01  1.163494695e+00
 6.477495108e-01  6.405907644e-01  1.161785608e+00
 6.497064579e-01  6.422764332e-01  1.160082945e+00
 6.516634051e-01  6.439645736e-01  1.158386429e+00
 6.536203523e-01  6.456551836e-01  1.156696015e+00
 6.555772994e-01  6.473482617e-01  1.155011604e+00
 6.575342466e-01  6.490438062e-01  1.153333059e+00
 6.594911937e-01  6.507418160e-01  1.151660188e+00
 6.614481409e-01  6.524422900e-01  1.149992463e+00
 6.634050881e-01  6.541452283e-01  1.148329285e+00
 6.653620352e-01  6.558506315e-01  1.146670570e+00
 6.673189824e-01  6.575585002e-01  1.145016251e+00
 6.692759295e-01  6.592688349e-01  1.143366196e+00
 6.712328767e-01  6.609816365e-01  1.141720185e+00
 6.731898239e-01  6.626969063e-01  1.140077289e+00
 6.751467710e-01  6.644146480e-01  1.138436925e+00
 6.771037182e-01  6.661348644e-01  1.136799205e+00
 6.790606654e-01  6.678575589e-01  1.135164022e+00
 6.810176125e-01  6.695827347e-01  1.133530931e+00
 6.829745597e-01  6.713103966e-01  1.131899371e+00
 6.849315068e-01  6.730405495e-01  1.130268705e+00
 6.868884540e-01  6.747732001e-01  1.128638651e+00
 6.888454012e-01  6.765083542e-01  1.127009170e+00
 6.908023483e-01  6.782460187e-01  1.125379511e+00
 6.927592955e-01  6.799862018e-01  1.123748986e+00
 6.947162427e-01  6.817289125e-01  1.122117736e+00
 6.966731898e-01  6.834741588e-01  1.120485470e+00
 6.986301370e-01  6.852219507e-01  1.118851602e+00
 7.005870841e-01  6.869722979e-01  1.117215486e+00
 7.025440313e-01  6.887252127e-01  1.115575842e+00
 7.045009785e-01  6.904807089e-01  1.113932544e+00
 7.064579256e-01  6.922387994e-01  1.112286273e+00
 7.084148728e-01  6.939994960e-01  1.110636938e+00
 7.103718200e-01  6.957628121e-01  1.108982957e+00
 7.123287671e-01  6.975287646e-01  1.107323252e+00
 7.142857143e-01  6.992973705e-01  1.105657971e+00
 7.162426614e-01  7.010686466e-01  1.103986800e+00
 7.181996086e-01  7.028426111e-01  1.102309564e+00
 7.201565558e-01  7.046192816e-01  1.100625683e+00
 7.221135029e-01  7.063986783e-01  1.098933697e+00
 7.240704501e-01  7.081808240e-01  1.097233268e+00
 7.260273973e-01  7.099657403e-01  1.095525358e+00
 7.279843444e-01  7.117534470e-01  1.093809896e+00
 7.299412916e-01  7.135439664e-01  1.092084595e+00
 7.318982387e-01  7.153373262e-01  1.090347881e+00
 7.338551859e-01  7.171335541e-01  1.088600822e+00
 7.358121331e-01  7.189326748e-01  1.086843757e+00
 7.377690802e-01  7.207347152e-01  1.085075907e+00
 7.397260274e-01  7.225397031e-01  1.083296187e+00
 7.416829746e-01  7.243476695e-01  1.081503365e+00
 7.436399217e-01  7.261586468e-01  1.079697147e+00
 7.455968689e-01  7.279726674e-01  1.077877737e+00
 7.475538160e-01  7.297897636e-01  1.076045388e+00
 7.495107632e-01  7.316099675e-01  1.074198511e+00
 7.514677104e-01  7.334333174e-01  1.072334653e+00
 7.534246575e-01  7.352598545e-01  1.070454698e+00
 7.553816047e-01  7.370896145e-01  1.068560869e+00
 7.573385519e-01  7.389226318e-01  1.066653557e+00
 7.592954990e-01  7.407589415e-01  1.064730641e+00
 7.612524462e-01  7.425985857e-01  1.062792102e+00
 7.632093933e-01  7.444416005e-01  1.060841525e+00
 7.651663405e-01  7.462880161e-01  1.058880737e+00
 7.671232877e-01  7.481378629e-01  1.056911113e+00
 7.690802348e-01  7.499911669e-01  1.054935045e+00
 7.710371820e-01  7.518479503e-01  1.052954760e+00
 7.729941292e-01  7.537082318e-01  1.050972733e+00
 7.749510763e-01  7.555720253e-01  1.048992026e+00
 7.769080235e-01  7.574393386e-01  1.047015974e+00
 7.788649706e-01  7.593101739e-01  1.045049695e+00
 7.808219178e-01  7.611845205e-01  1.043096973e+00
 7.827788650e-01  7.630623668e-01  1.041158880e+00
 7.847358121e-01  7.649436981e-01  1.039237574e+00
 7.866927593e-01  7.668284941e-01  1.037336516e+00
 7.886497065e-01  7.687167271e-01  1.035464779e+00
 7.906066536e-01  7.706083432e-01  1.033630515e+00
 7.925636008e-01  7.725032836e-01  1.031834301e+00
 7.945205479e-01  7.744014911e-01  1.030076058e+00
 7.964774951e-01  7.763029059e-01  1.028358504e+00
 7.984344423e-01  7.782074592e-01  1.026693603e+00
 8.003913894e-01  7.801150454e-01  1.025087767e+00
 8.023483366e-01  7.820255703e-01  1.023536423e+00
 8.043052838e-01  7.839389432e-01  1.022038996e+00
 8.062622309e-01  7.858550703e-01  1.020602134e+00
 8.082191781e-01  7.877738343e-01  1.019243704e+00
 8.101761252e-01  7.896950720e-01  1.017972900e+00
 8.121330724e-01  7.916186294e-01  1.016780707e+00
 8.140900196e-01  7.935443748e-01  1.015658196e+00
 8.160469667e-01  7.954721862e-01  1.014611296e+00
 8.180039139e-01  7.974019075e-01  1.013651265e+00
 8.199608611e-01  7.993333720e-01  1.012780495e+00
 8.219178082e-01  8.012664129e-01  1.011990105e+00
 8.238747554e-01  8.032008954e-01  1.011272640e+00
 8.258317025e-01  8.051366800e-01  1.010631416e+00
 8.277886497e-01  8.070736179e-01  1.010076266e+00
 8.297455969e-01  8.090115307e-01  1.009606866e+00
 8.317025440e-01  8.109502701e-01  1.009207352e+00
 8.336594912e-01  8.128897175e-01  1.008862602e+00
 8.356164384e-01  8.148297821e-01  1.008564448e+00
 8.375733855e-01  8.167703763e-01  1.008311620e+00
 8.395303327e-01  8.187114139e-01  1.008097357e+00
 8.414872798e-01  8.206528330e-01  1.007912521e+00
 8.434442270e-01  8.225945826e-01  1.007745862e+00
 8.454011742e-01  8.245366439e-01  1.007585181e+00
 8.473581213e-01  8.264790129e-01  1.007426226e+00
 8.493150685e-01  8.284216871e-01  1.007255630e+00
 8.512720157e-01  8.303647140e-01  1.007061068e+00
 8.532289628e-01  8.323081390e-01  1.006837284e+00
 8.551859100e-01  8.342520298e-01  1.006576067e+00
 8.571428571e-01  8.361964636e-01  1.006276618e+00
 8.590998043e-01  8.381415115e-01  1.005919736e+00
 8.610567515e-01  8.400873254e-01  1.005482683e+00
 8.630136986e-01  8.420340647e-01  1.004967414e+00
 8.649706458e-01  8.439818744e-01  1.004381884e+00
 8.669275930e-01  8.459308843e-01  1.003725763e+00
 8.688845401e-01  8.478812416e-01  1.002999414e+00
 8.708414873e-01  8.498330755e-01  1.002172539e+00
 8.727984344e-01  8.517866528e-01  1.001223191e+00
 8.747553816e-01  8.537421902e-01  1.000169493e+00
 8.767123288e-01  8.556998863e-01  9.990207955e-01
 8.786692759e-01  8.576599236e-01  9.977819957e-01
 8.806262231e-01  8.596224842e-01  9.964641386e-01
 8.825831703e-01  8.615877096e-01  9.950443869e-01
 8.845401174e-01  8.635558752e-01  9.935064553e-01
 8.864970646e-01  8.655271901e-01  9.918636311e-01
 8.884540117e-01  8.675018814e-01  9.901212759e-01
 8.904109589e-01  8.694801409e-01  9.882878633e-01
 8.923679061e-01  8.714621662e-01  9.863722892e-01
 8.943248532e-01  8.734481173e-01  9.843807920e-01
 8.962818004e-01  8.754381709e-01  9.822878717e-01
 8.982387476e-01  8.774325947e-01  9.800950110e-01
 9.001956947e-01  8.794315639e-01  9.778089706e-01
 9.021526419e-01  8.814353249e-01  9.754310427e-01
 9.041095890e-01  8.834440528e-01  9.729770022e-01
 9.060665362e-01  8.854579351e-01  9.704281226e-01
 9.080234834e-01  8.874772299e-01  9.677981097e-01
 9.099804305e-01  8.895020730e-01  9.650906668e-01
 9.119373777e-01  8.915327145e-01  9.622827825e-01
 9.138943249e-01  8.935693926e-01  9.594176257e-01
 9.158512720e-01  8.956121808e-01  9.564729562e-01
 9.178082192e-01  8.976614202e-01  9.534082900e-01
 9.197651663e-01  8.997173635e-01  9.502965512e-01
 9.217221135e-01  9.017800454e-01  9.471040304e-01
 9.236790607e-01  9.038498744e-01  9.437696527e-01
 9.256360078e-01  9.059271586e-01  9.403756401e-01
 9.275929550e-01  9.080119556e-01  9.369246969e-01
 9.295499022e-01  9.101045720e-01  9.333279474e-01
 9.315068493e-01  9.122054708e-01  9.295987759e-01
 9.334637965e-01  9.143149116e-01  9.259234542e-01
 9.354207436e-01  9.164325195e-01  9.221402325e-01
 9.373776908e-01  9.185593104e-01  9.180725582e-01
 9.393346380e-01  9.206957274e-01  9.138774806e-01
 9.412915851e-01  9.228420908e-01  9.098852593e-01
 9.432485323e-01  9.249972889e-01  9.057481424e-01
 9.452054795e-01  9.271633180e-01  9.010736140e-01
 9.471624266e-01  9.293409407e-01  8.961846967e-01
 9.491193738e-01  9.315306705e-01  8.914366705e-01
 9.510763209e-01  9.337315440e-01  8.871758805e-01
 9.530332681e-01  9.359423482e-01  8.822811660e-01
 9.549902153e-01  9.381677478e-01  8.762910408e-01
 9.569471624e-01  9.404088911e-01  8.699901783e-01
 9.589041096e-01  9.426666504e-01  8.634959532e-01
 9.608610568e-01  9.449416366e-01  8.674669052e-01
 9.628180039e-01  9.471791390e-01  8.768770025e-01
 9.647749511e-01  9.494051432e-01  8.709442106e-01
 9.667318982e-01  9.516738004e-01  8.525924028e-01
 9.686888454e-01  9.539970205e-01  8.312368535e-01
 9.706457926e-01  9.563840475e-01  8.082284029e-01
 9.726027397e-01  9.588416352e-01  7.846745102e-01
 9.745596869e-01  9.613742222e-01  7.614360794e-01
 9.765166341e-01  9.639841067e-01  7.391507255e-01
 9.784735812e-01  9.666716204e-01  7.182686182e-01
 9.804305284e-01  9.694353025e-01  6.990913487e-01
 9.823874755e-01  9.722720726e-01  6.818080979e-01
 9.843444227e-01  9.751774027e-01  6.665267228e-01
 9.863013699e-01  9.781454876e-01  6.532989513e-01
 9.882583170e-01  9.811694133e-01  6.421399036e-01
 9.902152642e-01  9.842413234e-01  6.330429252e-01
 9.921722114e-01  9.873525822e-01  6.259904918e-01
 9.941291585e-01  9.904939354e-01  6.209620724e-01
 9.960861057e-01  9.936556663e-01  6.179397091e-01
 9.980430528e-01  9.968277495e-01  6.169118007e-01
 1.000000000e+00  1.000000000e+00  6.168792502e-01
4  4.244140044e-01  7.014775650e-01  1.014638561e+00  7.549016209e-01  9.561964424e-01  5.013166324e+01  4.363490420e-01  9.935521633e-01  3.696539620e-01  2.713411283e+00
5  5.520054073e-01  9.901662876e-01  1.008839358e+00  6.204430217e-01  9.298946799e-01  3.067738553e+01  3.846470979e-01  1.053899756e+00  5.404523776e-01  2.807177624e+00
6  6.538977120e-01  1.165565476e+00  1.005266353e+00  5.300323699e-01  9.071904524e-01  2.274961214e+01  3.555713106e-01  1.135936176e+00  6.631208280e-01  2.761304258e+00
7  7.407375428e-01  1.309299443e+00  1.002814390e+00  4.650560141e-01  8.915529604e-01  1.847500412e+01  3.367968340e-01  1.226188345e+00  7.592727149e-01  2.674615902e+00
8  8.146968401e-01  1.558024747e+00  1.001053898e+00  4.158661320e-01  8.907953274e-01  1.621812849e+01  3.245357956e-01  1.333377405e+00  8.354823566e-01  2.569437479e+00
9  8.699227242e-01  2.104330955e+00  9.999143611e-01  3.766528605e-01  9.191529561e-01  1.575652025e+01  3.176176393e-01  1.480159176e+00  8.908482657e-01  2.435990110e+00
10  9.120254449e-01  2.116996543e+00  9.993005487e-01  3.447276111e-01  9.932066666e-01  1.713182940e+01  3.148729797e-01  1.702640959e+00  9.313394684e-01  2.297087981e+00
11  9.557854194e-01  2.902710379e+00  9.996703574e-01  3.200897689e-01  1.131166094e+00  2.054993180e+01  3.169773549e-01  2.004367095e+00  9.701602232e-01  2.189268755e+00
12  9.773126087e-01  5.268783937e+00  9.998837815e-01  2.970633932e-01  1.366400443e+00  2.852693668e+01  3.206294136e-01  2.801162296e+00  9.857558414e-01  2.052467686e+00
13  9.887311490e-01  9.317332461e+00  9.999449463e-01  2.766994703e-01  1.632239478e+00  3.883087147e+01  3.247581385e-01  4.398625178e+00  9.930333496e-01  1.916838406e+00
14  9.945025062e-01  1.703522984e+01  9.999721464e-01  2.590465634e-01  1.812910235e+00  4.561565481e+01  3.291119892e-01  7.422067901e+00  9.966091730e-01  1.790359718e+00
0 0 -1.235882011e-01 -1.556006966e-17
0 1  1.341215012e-02 -5.151591097e-03
0 2 -1.492120637e-02  6.219100016e-03
0 3  4.238878292e-03 -7.377304756e-03
0 4 -5.820299893e-04  6.751584501e-03
0 5 -4.626011995e-03 -3.305440706e-03
0 6  3.472338560e-03 -2.591636713e-03
0 7  2.583194042e-03  2.662553970e-03
0 8 -8.235755112e-04  3.312619003e-03
0 9 -2.403377421e-03  2.052054290e-03
0 10 -2.724157604e-03  1.066417998e-03
1 0 -1.085229011e-01 -4.168351876e-02
1 1 -9.538765725e-02 -1.871690744e-17
1 2  9.088987210e-03 -7.355004554e-03
1 3 -1.350178355e-02  8.968815970e-03
1 4 -4.491105274e-04 -9.356655841e-03
1 5  3.982818880e-03  5.264670163e-03
1 6 -6.081964944e-03  2.589971758e-03
1 7 -3.398619884e-03 -4.087486201e-03
1 8  1.305153009e-03 -4.189903174e-03
1 9  3.160277081e-03 -2.210933424e-03
1 10  3.436159039e-03 -8.456357684e-04
2 0  1.207332597e-01  5.032114687e-02
2 1 -9.528473046e-02 -7.710645975e-02
2 2 -7.626372298e-02 -7.946719751e-18
2 3  4.810173225e-03 -9.125548244e-03
2 4 -9.136542827e-03  1.028006556e-02
2 5 -6.564641533e-03 -7.679071234e-03
2 6  5.324537406e-03 -1.367850966e-03
2 7  1.131311588e-03  5.281928205e-03
2 8 -3.702531048e-03  4.020534553e-03
2 9 -4.955852155e-03  1.355759607e-03
2 10 -4.708315165e-03 -1.491211003e-04
3 0 -3.429840596e-02 -5.969262999e-02
3 1  1.415464426e-01  9.402491086e-02
3 2 -6.307288757e-02 -1.196577860e-01
3 3 -6.290511924e-02  2.345450979e-17
3 4  8.725870059e-04 -1.074582659e-02
3 5 -4.024126202e-03  9.833175426e-03
3 6 -1.073592384e-02 -1.859263853e-03
3 7 -1.583925113e-03 -6.389520178e-03
3 8  3.381088655e-03 -2.816964535e-03
3 9  3.800467800e-03  4.971846899e-04
3 10  3.151236731e-03  2.022502398e-03
4 0  4.709430062e-03  5.462968506e-02
4 1  4.708266671e-03 -9.809084436e-02
4 2  1.198019513e-01  1.347962722e-01
4 3 -1.387147845e-02 -1.708259474e-01
4 4 -5.299771595e-02 -1.329512981e-17
4 5 -3.427293013e-03 -1.220556779e-02
4 6  8.280618827e-04  6.264983991e-03
4 7 -7.482454015e-03  5.402323354e-03
4 8 -8.499557494e-03 -6.413591604e-04
4 9 -6.178182072e-03 -3.653847941e-03
4 10 -4.217432254e-03 -4.332951273e-03
5 0  3.743085469e-02 -2.674560094e-02
5 1 -4.175402767e-02  5.519236256e-02
5 2  8.607816766e-02 -1.006910092e-01
5 3  6.397136275e-02  1.563175707e-01
5 4  6.466869282e-02 -2.303036570e-01
5 5 -4.486919782e-02  2.944706374e-17
5 6 -7.961414830e-03 -1.239606063e-02
5 7  2.642415846e-03 -1.188877381e-03
5 8  6.011766577e-05  4.798098525e-03
5 9 -3.115614284e-03  5.471831506e-03
5 10 -4.453694045e-03  4.866858504e-03
6 0 -2.809603611e-02 -2.096993638e-02
6 1  6.376050235e-02  2.715206383e-02
6 2 -6.981743349e-02 -1.793580109e-02
6 3  1.706685237e-01 -2.955663824e-02
6 4 -1.562448245e-02  1.182123395e-01
6 5  1.774360857e-01 -2.762710551e-01
6 6 -3.784530162e-02 -1.097451544e-17
6 7 -1.096313327e-02 -9.310092367e-03
6 8 -1.486615860e-03 -6.776889513e-03
6 9  1.361621929e-03 -2.889728213e-03
6 10  1.791425129e-03 -5.305716957e-04
7 0 -2.090162346e-02  2.154375537e-02
7 1  3.562955609e-02 -4.285131136e-02
7 2 -1.483420353e-02  6.925872484e-02
7 3  2.517959002e-02 -1.015739300e-01
7 4  1.411844620e-01  1.019350222e-01
7 5 -5.889153304e-02 -2.649651517e-02
7 6  2.896828087e-01 -2.460039151e-01
7 7 -3.292956144e-02  3.496237180e-17
7 8 -1.520619698e-02 -7.654712158e-03
7 9 -8.251938803e-03 -8.425773410e-03
7 10 -4.849079382e-03 -7.161140865e-03
8 0  6.663868429e-03  2.680368332e-02
8 1 -1.368261940e-02 -4.392500345e-02
8 2  4.854904670e-02  5.271883401e-02
8 3 -5.374902227e-02 -4.478116518e-02
8 4  1.603759208e-01 -1.210163776e-02
8 5 -1.339842669e-03  1.069352420e-01
8 6  3.928138491e-02 -1.790681861e-01
8 7  4.617795172e-01 -2.324571547e-01
8 8 -2.513446341e-02  8.224858205e-17
8 9 -1.382663079e-02 -3.618230239e-03
8 10 -1.088848307e-02 -4.465768846e-03
9 0  1.944665753e-02  1.660396601e-02
9 1 -3.313088058e-02 -2.317840156e-02
9 2  6.498308713e-02  1.777725442e-02
9 3 -6.041587467e-02  7.903723829e-03
9 4  1.165744969e-01 -6.894349833e-02
9 5  6.943770862e-02  1.219507317e-01
9 6 -3.597862537e-02 -7.635632664e-02
9 7  2.505936442e-01 -2.558726276e-01
9 8  5.501064638e-01 -1.439549427e-01
9 9 -1.983734361e-02 -5.452645024e-17
9 10 -1.079156366e-02 -9.680684695e-04
10 0  2.204221423e-02  8.628801042e-03
10 1 -3.602309919e-02 -8.865253564e-03
10 2  6.173728453e-02 -1.955334653e-03
10 3 -5.009507602e-02  3.215163444e-02
10 4  7.957762290e-02 -8.175732096e-02
10 5  9.925949785e-02  1.084676959e-01
10 6 -4.733546972e-02 -1.401948651e-02
10 7  1.472561179e-01 -2.174684555e-01
10 8  4.332092910e-01 -1.776751217e-01
10 9  5.440024568e-01 -4.880030757e-02
10 10 -1.643245151e-02 -6.049883300e-17
0 0 -8.455673154e+00  1.004448706e-15
0 1 -8.405803047e-01  4.644458718e-01
0 2  1.324337903e+00 -4.554691822e-01
0 3 -2.184216321e-01  3.749516082e-01
0 4  5.419804289e-02 -2.928697806e-01
0 5  1.702378706e-01  1.362710043e-01
0 6 -1.226073133e-01  7.895207186e-02
0 7 -1.004847043e-01 -6.558776340e-02
0 8  1.559774963e-02 -8.438735985e-02
0 9  7.071441164e-02 -2.886434580e-02
0 10  9.651066102e-02  2.474347622e-02
1 0 -8.405803047e-01 -4.644458718e-01
1 1 -1.119640136e+01  6.359631178e-15
1 2 -7.520701828e-01  1.082797119e+00
1 3  2.004886768e+00 -1.099309359e+00
1 4  2.596352445e-02  7.748761849e-01
1 5 -2.294717427e-01 -4.015485786e-01
1 6  3.785474136e-01 -1.201769317e-01
1 7  2.079804157e-01  1.914076547e-01
1 8 -5.018911884e-02  1.723559071e-01
1 9 -1.397471418e-01  3.483536358e-02
1 10 -1.864330265e-01 -8.240515110e-02
2 0  1.324337903e+00  4.554691822e-01
2 1 -7.520701828e-01 -1.082797119e+00
2 2 -1.421126539e+01 -1.092961852e-14
2 3 -3.228435090e-01  2.032961454e+00
2 4  2.204564523e+00 -1.978380543e+00
2 5  8.063002798e-01  1.014441083e+00
2 6 -5.513047668e-01  1.599710198e-02
2 7 -1.517809611e-01 -4.223444532e-01
2 8  2.283562207e-01 -2.556512314e-01
2 9  3.013277862e-01  9.325402852e-03
2 10  2.950176847e-01  2.230348982e-01
3 0 -2.184216321e-01 -3.749516082e-01
3 1  2.004886768e+00  1.099309359e+00
3 2 -3.228435090e-01 -2.032961454e+00
3 3 -1.758214353e+01  6.629964068e-15
3 4  6.206820880e-01  3.455955419e+00
3 5  1.794698543e+00 -2.967710051e+00
3 6  1.987250887e+00  4.888597551e-01
3 7  2.355552360e-01  8.547027380e-01
3 8 -3.762416040e-01  2.250440826e-01
3 9 -3.058418496e-01 -2.516307341e-01
3 10 -1.773486471e-01 -5.818187675e-01
4 0  5.419804289e-02  2.928697806e-01
4 1  2.596352445e-02 -7.748761849e-01
4 2  2.204564523e+00  1.978380543e+00
4 3  6.206820880e-01 -3.455955419e+00
4 4 -2.150649105e+01 -2.605482148e-15
4 5  2.579922517e+00  5.566180518e+00
4 6  6.540946066e-01 -3.503145496e+00
4 7  1.822185175e+00 -1.346385657e+00
4 8  1.301806781e+00  1.403128783e-01
4 9  5.691610698e-01  6.213143356e-01
4 10  1.562808066e-02  8.524353376e-01
5 0  1.702378706e-01 -1.362710043e-01
5 1 -2.294717427e-01  4.015485786e-01
5 2  8.063002798e-01 -1.014441083e+00
5 3  1.794698543e+00  2.967710051e+00
5 4  2.579922517e+00 -5.566180518e+00
5 5 -2.620080631e+01 -1.043557548e-14
5 6  5.747129965e+00  7.398589009e+00
5 7 -9.931294308e-01 -6.697462665e-01
5 8  2.833711576e-01 -1.899101853e+00
5 9  1.317998165e+00 -1.481771815e+00
5 10  2.130112121e+00 -1.133423860e+00
6 0 -1.226073133e-01 -7.895207186e-02
6 1  3.785474136e-01  1.201769317e-01
6 2 -5.513047668e-01 -1.599710198e-02
6 3  1.987250887e+00 -4.888597551e-01
6 4  6.540946066e-01  3.503145496e+00
6 5  5.747129965e+00 -7.398589009e+00
6 6 -3.118296824e+01 -7.539188334e-14
6 7  9.687606558e+00  7.089618549e+00
6 8 -1.042446419e-01  1.578978275e+00
6 9 -8.246315549e-01 -1.121795142e+00
6 10 -5.751240836e-01 -2.902004514e+00
7 0 -1.004847043e-01  6.558776340e-02
7 1  2.079804157e-01 -1.914076547e-01
7 2 -1.517809611e-01  4.223444532e-01
7 3  2.355552360e-01 -8.547027380e-01
7 4  1.822185175e+00  1.346385657e+00
7 5 -9.931294308e-01  6.697462665e-01
7 6  9.687606558e+00 -7.089618549e+00
7 7 -4.127547255e+01 -9.782553110e-14
7 8  1.730708902e+01  7.652716186e+00
7 9  2.336171875e+00  3.034634927e+00
7 10 -1.510600431e+00 -1.301573396e-02
8 0  1.559774963e-02  8.438735985e-02
8 1 -5.018911884e-02 -1.723559071e-01
8 2  2.283562207e-01  2.556512314e-01
8 3 -3.762416040e-01 -2.250440826e-01
8 4  1.301806781e+00 -1.403128783e-01
8 5  2.833711576e-01  1.899101853e+00
8 6 -1.042446419e-01 -1.578978275e+00
8 7  1.730708902e+01 -7.652716186e+00
8 8 -5.761504077e+01 -4.523801861e-13
8 9  2.284846058e+01  5.274693402e+00
8 10  8.579064945e+00  4.413091653e+00
9 0  7.071441164e-02  2.886434580e-02
9 1 -1.397471418e-01 -3.483536358e-02
9 2  3.013277862e-01 -9.325402852e-03
9 3 -3.058418496e-01  2.516307341e-01
9 4  5.691610698e-01 -6.213143356e-01
9 5  1.317998165e+00  1.481771815e+00
9 6 -8.246315549e-01  1.121795142e+00
9 7  2.336171875e+00 -3.034634927e+00
9 8  2.284846058e+01 -5.274693402e+00
9 9 -6.856430497e+01  7.915939229e-13
9 10  3.310537423e+01  2.969752112e+00
10 0  9.651066102e-02 -2.474347622e-02
10 1 -1.864330265e-01  8.240515110e-02
10 2  2.950176847e-01 -2.230348982e-01
10 3 -1.773486471e-01  5.818187675e-01
10 4  1.562808066e-02 -8.524353376e-01
10 5  2.130112121e+00  1.133423860e+00
10 6 -5.751240836e-01  2.902004514e+00
10 7 -1.510600431e+00  1.301573396e-02
10 8  8.579064945e+00 -4.413091653e+00
10 9  3.310537423e+01 -2.969752112e+00
10 10 -6.085519250e+01  2.240486227e-13
0  4.796040639e-02 -1.497172386e-03 -1.372246255e-01 -1.787362088e-02
1  8.016853204e-02 -2.096868430e-03  1.636599058e-01  5.240656946e-02
2  1.125818824e-01 -3.990893955e-03 -1.548494646e-01 -1.047056188e-01
3  1.526245921e-01 -5.399141728e-03  9.971200655e-02  1.669786181e-01
4  1.969991945e-01 -9.053633731e-03  2.104290193e-02 -1.958775157e-01
5  2.362382772e-01 -1.127981511e-02 -1.659842706e-01  1.014430915e-01
6  2.688346900e-01 -1.404948182e-02  1.427334785e-01  1.236555573e-01
7  3.088302025e-01 -1.823631671e-02  1.415104425e-01 -1.131364681e-01
8  3.115373029e-01 -1.959975361e-02 -1.854538009e-02 -1.691721276e-01
9  3.026445598e-01 -1.660005679e-02 -1.071702509e-01 -1.176042621e-01
10  2.955469908e-01 -1.529302035e-03 -1.312296764e-01 -6.970941346e-02
