 1.695500020e+00 -1.809315390e+00  8.624253769e-01  3.487669023e+00  9.329321279e-01  9.678814020e-01  6.856990840e+00 512 3 11
 0.000000000e+00  0.000000000e+00 -5.988023390e-07
 1.956947162e-03  2.937405522e-02  1.332438400e-01
 3.913894325e-03  4.154113260e-02  1.884333363e-01
 5.870841487e-03  5.087739595e-02  2.307771404e-01
 7.827788650e-03  5.874847968e-02  2.664676313e-01
 9.784735812e-03  6.568338081e-02  2.979027866e-01
 1.174168297e-02  7.195342066e-02  3.263120266e-01
 1.369863014e-02  7.771979042e-02  3.524253903e-01
 1.565557730e-02  8.308752566e-02  3.767183171e-01
 1.761252446e-02  8.812959264e-02  3.995208754e-01
 1.956947162e-02  9.289912445e-02  4.210732467e-01
 2.152641879e-02  9.743623788e-02  4.415566346e-01
 2.348336595e-02  1.017721044e-01  4.611117216e-01
 2.544031311e-02  1.059315172e-01  4.798500462e-01
 2.739726027e-02  1.099345861e-01  4.978612918e-01
 2.935420744e-02  1.137978969e-01  5.152221795e-01
 3.131115460e-02  1.175352755e-01  5.319963212e-01
 3.326810176e-02  1.211584359e-01  5.482352462e-01
 3.522504892e-02  1.246773937e-01  5.639846894e-01
 3.718199609e-02  1.281007839e-01  5.792823569e-01
 3.913894325e-02  1.314361402e-01  5.941607671e-01
 4.109589041e-02  1.346900613e-01  6.086498203e-01
 4.305283757e-02  1.378683710e-01  6.227757227e-01
 4.500978474e-02  1.409762367e-01  6.365621795e-01
 4.696673190e-02  1.440182674e-01  6.500302559e-01
 4.892367906e-02  1.469985965e-01  6.631979276e-01
 5.088062622e-02  1.499209539e-01  6.760804947e-01
 5.283757339e-02  1.527887210e-01  6.886923709e-01
 5.479452055e-02  1.556049685e-01  7.010479155e-01
 5.675146771e-02  1.583724911e-01  7.131599677e-01
 5.870841487e-02  1.610938466e-01  7.250399118e-01
 6.066536204e-02  1.637713802e-01  7.366992718e-01
 6.262230920e-02  1.664072437e-01  7.481488418e-01
 6.457925636e-02  1.690034203e-01  7.593941048e-01
 6.653620352e-02  1.715617688e-01  7.704399531e-01
 6.849315068e-02  1.740840106e-01  7.812967374e-01
 7.045009785e-02  1.765717296e-01  7.919737999e-01
 7.240704501e-02  1.790264017e-01  8.024765201e-01
 7.436399217e-02  1.814494103e-01  8.128100690e-01
 7.632093933e-02  1.838420479e-01  8.229802412e-01
 7.827788650e-02  1.862055252e-01  8.329924259e-01
 8.023483366e-02  1.885409775e-01  8.428490250e-01
 8.219178082e-02  1.908494860e-01  8.525542742e-01
 8.414872798e-02  1.931320567e-01  8.621200527e-01
 8.610567515e-02  1.953896100e-01  8.715487258e-01
 8.806262231e-02  1.976230506e-01  8.808333334e-01
 9.001956947e-02  1.998332525e-01  8.899823157e-01
 9.197651663e-02  2.020210013e-01  8.990058928e-01
 9.393346380e-02  2.041870491e-01  9.079041221e-01
 9.589041096e-02  2.063321170e-01  9.166775867e-01
 9.784735812e-02  2.084568940e-01  9.253282705e-01
 9.980430528e-02  2.105620353e-01  9.338593758e-01
 1.017612524e-01  2.126481625e-01  9.422749895e-01
 1.037181996e-01  2.147158634e-01  9.505791264e-01
 1.056751468e-01  2.167656964e-01  9.587755723e-01
 1.076320939e-01  2.187981906e-01  9.668605002e-01
 1.095890411e-01  2.208138804e-01  9.748328050e-01
 1.115459883e-01  2.228132621e-01  9.827010751e-01
 1.135029354e-01  2.247967988e-01  9.904723099e-01
 1.154598826e-01  2.267649257e-01  9.981436739e-01
 1.174168297e-01  2.287180864e-01  1.005710841e+00
 1.193737769e-01  2.306567040e-01  1.013177823e+00
 1.213307241e-01  2.325811785e-01  1.020549776e+00
 1.232876712e-01  2.344918870e-01  1.027829056e+00
 1.252446184e-01  2.363891962e-01  1.035016004e+00
 1.272015656e-01  2.382734590e-01  1.042110767e+00
 1.291585127e-01  2.401450194e-01  1.049112271e+00
 1.311154599e-01  2.420042135e-01  1.056021185e+00
 1.330724070e-01  2.438513627e-01  1.062843983e+00
 1.350293542e-01  2.456867615e-01  1.069585068e+00
 1.369863014e-01  2.475106987e-01  1.076239067e+00
 1.389432485e-01  2.493234704e-01  1.082802603e+00
 1.409001957e-01  2.511253605e-01  1.089281325e+00
 1.428571429e-01  2.529166309e-01  1.095680693e+00
 1.448140900e-01  2.546975329e-01  1.101999682e+00
 1.467710372e-01  2.564683178e-01  1.108236148e+00
 1.487279843e-01  2.582292310e-01  1.114391376e+00
 1.506849315e-01  2.599805070e-01  1.120465764e+00
 1.526418787e-01  2.617223775e-01  1.126460368e+00
 1.545988258e-01  2.634550624e-01  1.132380096e+00
 1.565557730e-01  2.651787674e-01  1.138225689e+00
 1.585127202e-01  2.668936997e-01  1.143992747e+00
 1.604696673e-01  2.686000683e-01  1.149679611e+00
 1.624266145e-01  2.702980756e-01  1.155291065e+00
 1.643835616e-01  2.719879071e-01  1.160833069e+00
 1.663405088e-01  2.736697390e-01  1.166302512e+00
 1.682974560e-01  2.753437575e-01  1.171696625e+00
 1.702544031e-01  2.770101389e-01  1.177016702e+00
 1.722113503e-01  2.786690576e-01  1.182263758e+00
 1.741682975e-01  2.803206796e-01  1.187439930e+00
 1.761252446e-01  2.819651662e-01  1.192547554e+00
 1.780821918e-01  2.836026701e-01  1.197586756e+00
 1.800391389e-01  2.852333457e-01  1.202554257e+00
 1.819960861e-01  2.868573484e-01  1.207447941e+00
 1.839530333e-01  2.884748321e-01  1.212272770e+00
 1.859099804e-01  2.900859328e-01  1.217034971e+00
 1.878669276e-01  2.916907823e-01  1.221729891e+00
 1.898238748e-01  2.932895237e-01  1.226353535e+00
 1.917808219e-01  2.948822940e-01  1.230908100e+00
 1.937377691e-01  2.964692255e-01  1.235397342e+00
 1.956947162e-01  2.980504406e-01  1.239822120e+00
 1.976516634e-01  2.996260646e-01  1.244180512e+00
 1.996086106e-01  3.011962204e-01  1.248473719e+00
 2.015655577e-01  3.027610261e-01  1.252702041e+00
 2.035225049e-01  3.043205997e-01  1.256862883e+00
 2.054794521e-01  3.058750614e-01  1.260958143e+00
 2.074363992e-01  3.074245208e-01  1.264993116e+00
 2.093933464e-01  3.089690814e-01  1.268966125e+00
 2.113502935e-01  3.105088531e-01  1.272873461e+00
 2.133072407e-01  3.120439451e-01  1.276714805e+00
 2.152641879e-01  3.135744648e-01  1.280493296e+00
 2.172211350e-01  3.151005102e-01  1.284212656e+00
 2.191780822e-01  3.166221769e-01  1.287870177e+00
 2.211350294e-01  3.181395664e-01  1.291464710e+00
 2.230919765e-01  3.196527740e-01  1.294997763e+00
 2.250489237e-01  3.211618949e-01  1.298467607e+00
 2.270058708e-01  3.226670256e-01  1.301876000e+00
 2.289628180e-01  3.241682546e-01  1.305226361e+00
 2.309197652e-01  3.256656679e-01  1.308517668e+00
 2.328767123e-01  3.271593540e-01  1.311747530e+00
 2.348336595e-01  3.286494021e-01  1.314914123e+00
 2.367906067e-01  3.301359024e-01  1.318020595e+00
 2.387475538e-01  3.316189346e-01  1.321072832e+00
 2.407045010e-01  3.330985737e-01  1.324065542e+00
 2.426614481e-01  3.345749092e-01  1.326995550e+00
 2.446183953e-01  3.360480212e-01  1.329867646e+00
 2.465753425e-01  3.375179865e-01  1.332682650e+00
 2.485322896e-01  3.389848816e-01  1.335439656e+00
 2.504892368e-01  3.404487835e-01  1.338137692e+00
 2.524461840e-01  3.419097690e-01  1.340777285e+00
 2.544031311e-01  3.433679124e-01  1.343361482e+00
 2.563600783e-01  3.448232822e-01  1.345888601e+00
 2.583170254e-01  3.462759547e-01  1.348355769e+00
 2.602739726e-01  3.477260033e-01  1.350767279e+00
 2.622309198e-01  3.491734934e-01  1.353124072e+00
 2.641878669e-01  3.506184950e-01  1.355423287e+00
 2.661448141e-01  3.520610783e-01  1.357666261e+00
 2.681017613e-01  3.535013091e-01  1.359853049e+00
 2.700587084e-01  3.549392564e-01  1.361984726e+00
 2.720156556e-01  3.563749823e-01  1.364061302e+00
 2.739726027e-01  3.578085547e-01  1.366080407e+00
 2.759295499e-01  3.592400395e-01  1.368045991e+00
 2.778864971e-01  3.606694952e-01  1.369958736e+00
 2.798434442e-01  3.620969854e-01  1.371814268e+00
 2.818003914e-01  3.635225766e-01  1.373614698e+00
 2.837573386e-01  3.649463271e-01  1.375362572e+00
 2.857142857e-01  3.663682971e-01  1.377056832e+00
 2.876712329e-01  3.677885462e-01  1.378696818e+00
 2.896281800e-01  3.692071351e-01  1.380281771e+00
 2.915851272e-01  3.706241243e-01  1.381814292e+00
 2.935420744e-01  3.720395683e-01  1.383296267e+00
 2.954990215e-01  3.734535229e-01  1.384722711e+00
 2.974559687e-01  3.748660521e-01  1.386093602e+00
 2.994129159e-01  3.762772111e-01  1.387415074e+00
 3.013698630e-01  3.776870508e-01  1.388686217e+00
 3.033268102e-01  3.790956274e-01  1.389904738e+00
 3.052837573e-01  3.805029961e-01  1.391069049e+00
 3.072407045e-01  3.819092157e-01  1.392179651e+00
 3.091976517e-01  3.833143398e-01  1.393241736e+00
 3.111545988e-01  3.847184163e-01  1.394254379e+00
 3.131115460e-01  3.861215000e-01  1.395215086e+00
 3.150684932e-01  3.875236434e-01  1.396125248e+00
 3.170254403e-01  3.889248982e-01  1.396983681e+00
 3.189823875e-01  3.903253189e-01  1.397789809e+00
 3.209393346e-01  3.917249579e-01  1.398547835e+00
 3.228962818e-01  3.931238610e-01  1.399259608e+00
 3.248532290e-01  3.945220763e-01  1.399923192e+00
 3.268101761e-01  3.959196534e-01  1.400534290e+00
 3.287671233e-01  3.973166489e-01  1.401092207e+00
 3.307240705e-01  3.987131131e-01  1.401603673e+00
 3.326810176e-01  4.001090892e-01  1.402073064e+00
 3.346379648e-01  4.015046185e-01  1.402495164e+00
 3.365949119e-01  4.028997544e-01  1.402865682e+00
 3.385518591e-01  4.042945467e-01  1.403186424e+00
 3.405088063e-01  4.056890448e-01  1.403460910e+00
 3.424657534e-01  4.070832915e-01  1.403691912e+00
 3.444227006e-01  4.084773307e-01  1.403878313e+00
 3.463796477e-01  4.098712072e-01  1.404018669e+00
 3.483365949e-01  4.112649676e-01  1.404112244e+00
 3.502935421e-01  4.126586584e-01  1.404157906e+00
 3.522504892e-01  4.140523282e-01  1.404157846e+00
 3.542074364e-01  4.154460190e-01  1.404117237e+00
 3.561643836e-01  4.168397694e-01  1.404036162e+00
 3.581213307e-01  4.182336212e-01  1.403910510e+00
 3.600782779e-01  4.196276212e-01  1.403736532e+00
 3.620352250e-01  4.210218185e-01  1.403517509e+00
 3.639921722e-01  4.224162536e-01  1.403259704e+00
 3.659491194e-01  4.238109632e-01  1.402964024e+00
 3.679060665e-01  4.252059861e-01  1.402626803e+00
 3.698630137e-01  4.266013665e-01  1.402244747e+00
 3.718199609e-01  4.279971497e-01  1.401819593e+00
 3.737769080e-01  4.293933767e-01  1.401355232e+00
 3.757338552e-01  4.307900851e-01  1.400852397e+00
 3.776908023e-01  4.321873146e-01  1.400312123e+00
 3.796477495e-01  4.335851010e-01  1.399734071e+00
 3.816046967e-01  4.349834848e-01  1.399114626e+00
 3.835616438e-01  4.363825092e-01  1.398453963e+00
 3.855185910e-01  4.377822146e-01  1.397755522e+00
 3.874755382e-01  4.391826375e-01  1.397023308e+00
 3.894324853e-01  4.405838105e-01  1.396258930e+00
 3.913894325e-01  4.419857672e-01  1.395456005e+00
 3.933463796e-01  4.433885532e-01  1.394611555e+00
 3.953033268e-01  4.447922083e-01  1.393731323e+00
 3.972602740e-01  4.461967667e-01  1.392819540e+00
 3.992172211e-01  4.476022602e-01  1.391877037e+00
 4.011741683e-01  4.490087215e-01  1.390900832e+00
 4.031311155e-01  4.504161885e-01  1.389887535e+00
 4.050880626e-01  4.518247014e-01  1.388839504e+00
 4.070450098e-01  4.532342935e-01  1.387760363e+00
 4.090019569e-01  4.546449978e-01  1.386650743e+00
 4.109589041e-01  4.560568468e-01  1.385512719e+00
 4.129158513e-01  4.574698695e-01  1.384344083e+00
 4.148727984e-01  4.588841032e-01  1.383142161e+00
 4.168297456e-01  4.602995829e-01  1.381908640e+00
 4.187866928e-01  4.617163425e-01  1.380646211e+00
 4.207436399e-01  4.631344119e-01  1.379358858e+00
 4.227005871e-01  4.645538174e-01  1.378046800e+00
 4.246575342e-01  4.659745884e-01  1.376704365e+00
 4.266144814e-01  4.673967634e-01  1.375330794e+00
 4.285714286e-01  4.688203738e-01  1.373931143e+00
 4.305283757e-01  4.702454479e-01  1.372508838e+00
 4.324853229e-01  4.716720105e-01  1.371064419e+00
 4.344422701e-01  4.731000888e-01  1.369594258e+00
 4.363992172e-01  4.745297157e-01  1.368096911e+00
 4.383561644e-01  4.759609217e-01  1.366575604e+00
 4.403131115e-01  4.773937334e-01  1.365033119e+00
 4.422700587e-01  4.788281759e-01  1.363469907e+00
 4.442270059e-01  4.802642749e-01  1.361885706e+00
 4.461839530e-01  4.817020566e-01  1.360279470e+00
 4.481409002e-01  4.831415491e-01  1.358651928e+00
 4.500978474e-01  4.845827776e-01  1.357004281e+00
 4.520547945e-01  4.860257679e-01  1.355337809e+00
 4.540117417e-01  4.874705427e-01  1.353654481e+00
 4.559686888e-01  4.889171242e-01  1.351953950e+00
 4.579256360e-01  4.903655359e-01  1.350235150e+00
 4.598825832e-01  4.918158027e-01  1.348498151e+00
 4.618395303e-01  4.932679482e-01  1.346745209e+00
 4.637964775e-01  4.947219928e-01  1.344978742e+00
 4.657534247e-01  4.961779553e-01  1.343198502e+00
 4.677103718e-01  4.976358568e-01  1.341403253e+00
 4.696673190e-01  4.990957191e-01  1.339593330e+00
 4.716242661e-01  5.005575629e-01  1.337770677e+00
 4.735812133e-01  5.020214059e-01  1.335937503e+00
 4.755381605e-01  5.034872643e-01  1.334092959e+00
 4.774951076e-01  5.049551581e-01  1.332236260e+00
 4.794520548e-01  5.064251052e-01  1.330368974e+00
 4.814090020e-01  5.078971225e-01  1.328492320e+00
 4.833659491e-01  5.093712255e-01  1.326607392e+00
 4.853228963e-01  5.108474289e-01  1.324713359e+00
 4.872798434e-01  5.123257502e-01  1.322809899e+00
 4.892367906e-01  5.138062051e-01  1.320899111e+00
 4.911937378e-01  5.152888065e-01  1.318982013e+00
 4.931506849e-01  5.167735681e-01  1.317058494e+00
 4.951076321e-01  5.182605033e-01  1.315128224e+00
 4.970645793e-01  5.197496266e-01  1.313191275e+00
 4.990215264e-01  5.212409516e-01  1.311249127e+00
 5.009784736e-01  5.227344893e-01  1.309303093e+00
 5.029354207e-01  5.242302507e-01  1.307352625e+00
 5.048923679e-01  5.257282483e-01  1.305397610e+00
 5.068493151e-01  5.272284933e-01  1.303438518e+00
 5.088062622e-01  5.287309974e-01  1.301475998e+00
 5.107632094e-01  5.302357703e-01  1.299511109e+00
 5.127201566e-01  5.317428214e-01  1.297543722e+00
 5.146771037e-01  5.332521610e-01  1.295573974e+00
 5.166340509e-01  5.347637982e-01  1.293602252e+00
 5.185909980e-01  5.362777424e-01  1.291628854e+00
 5.205479452e-01  5.377940022e-01  1.289654174e+00
 5.225048924e-01  5.393125861e-01  1.287678590e+00
 5.244618395e-01  5.408335020e-01  1.285702688e+00
 5.264187867e-01  5.423567572e-01  1.283726542e+00
 5.283757339e-01  5.438823593e-01  1.281750235e+00
 5.303326810e-01  5.454103154e-01  1.279773766e+00
 5.322896282e-01  5.469406334e-01  1.277797639e+00
 5.342465753e-01  5.484733192e-01  1.275822837e+00
 5.362035225e-01  5.500083783e-01  1.273849331e+00
 5.381604697e-01  5.515458168e-01  1.271876694e+00
 5.401174168e-01  5.530856413e-01  1.269905079e+00
 5.420743640e-01  5.546278575e-01  1.267935169e+00
 5.440313112e-01  5.561724703e-01  1.265967654e+00
 5.459882583e-01  5.577194839e-01  1.264002673e+00
 5.479452055e-01  5.592689028e-01  1.262039573e+00
 5.499021526e-01  5.608207330e-01  1.260078373e+00
 5.518590998e-01  5.623749787e-01  1.258119997e+00
 5.538160470e-01  5.639316437e-01  1.256165024e+00
 5.557729941e-01  5.654907310e-01  1.254213493e+00
 5.577299413e-01  5.670522441e-01  1.252264714e+00
 5.596868885e-01  5.686161877e-01  1.250318670e+00
 5.616438356e-01  5.701825653e-01  1.248376225e+00
 5.636007828e-01  5.717513796e-01  1.246437887e+00
 5.655577299e-01  5.733226327e-01  1.244503776e+00
 5.675146771e-01  5.748963271e-01  1.242573254e+00
 5.694716243e-01  5.764724664e-01  1.240646162e+00
 5.714285714e-01  5.780510534e-01  1.238723237e+00
 5.733855186e-01  5.796320899e-01  1.236804940e+00
 5.753424658e-01  5.812155774e-01  1.234891367e+00
 5.772994129e-01  5.828015177e-01  1.232982014e+00
 5.792563601e-01  5.843899133e-01  1.231076785e+00
 5.812133072e-01  5.859807661e-01  1.229176210e+00
 5.831702544e-01  5.875740776e-01  1.227280618e+00
 5.851272016e-01  5.891698485e-01  1.225390137e+00
 5.870841487e-01  5.907680799e-01  1.223504309e+00
 5.890410959e-01  5.923687739e-01  1.221623040e+00
 5.909980431e-01  5.939719315e-01  1.219746827e+00
 5.929549902e-01  5.955775536e-01  1.217875964e+00
 5.949119374e-01  5.971856405e-01  1.216010526e+00
 5.968688845e-01  5.987961927e-01  1.214150093e+00
 5.988258317e-01  6.004092114e-01  1.212294518e+00
 6.007827789e-01  6.020246976e-01  1.210444213e+00
 6.027397260e-01  6.036426515e-01  1.208599444e+00
 6.046966732e-01  6.052630732e-01  1.206760364e+00
 6.066536204e-01  6.068859623e-01  1.204926721e+00
 6.086105675e-01  6.085113195e-01  1.203098165e+00
 6.105675147e-01  6.101391456e-01  1.201274909e+00
 6.125244618e-01  6.117694404e-01  1.199457288e+00
 6.144814090e-01  6.134022037e-01  1.197645331e+00
 6.164383562e-01  6.150374352e-01  1.195838939e+00
 6.183953033e-01  6.166751350e-01  1.194037869e+00
 6.203522505e-01  6.183153035e-01  1.192242109e+00
 6.223091977e-01  6.199579404e-01  1.190451874e+00
 6.242661448e-01  6.216030455e-01  1.188667136e+00
 6.262230920e-01  6.232506189e-01  1.186887827e+00
 6.281800391e-01  6.249006602e-01  1.185113663e+00
 6.301369863e-01  6.265531702e-01  1.183344560e+00
 6.320939335e-01  6.282081489e-01  1.181580731e+00
 6.340508806e-01  6.298655961e-01  1.179822122e+00
 6.360078278e-01  6.315255122e-01  1.178068565e+00
 6.379647750e-01  6.331878974e-01  1.176319868e+00
 6.399217221e-01  6.348527523e-01  1.174575729e+00
 6.418786693e-01  6.365200781e-01  1.172836190e+00
 6.438356164e-01  6.381898753e-01  1.171101286e+00
 6.457925636e-01  6.398621448e-01  1.169370854e+00
 6.477495108e-01  6.415368876e-01  1.167644959e+00
 6.497064579e-01  6.432141043e-01  1.165923276e+00
 6.516634051e-01  6.448937968e-01  1.164205392e+00
 6.536203523e-01  6.465759669e-01  1.162491134e+00
 6.555772994e-01  6.482606169e-01  1.160780446e+00
 6.575342466e-01  6.499477489e-01  1.159073455e+00
 6.594911937e-01  6.516373646e-01  1.157370203e+00
 6.614481409e-01  6.533294659e-01  1.155670193e+00
 6.634050881e-01  6.550240562e-01  1.153972753e+00
 6.653620352e-01  6.567211392e-01  1.152277666e+00
 6.673189824e-01  6.584207189e-01  1.150584976e+00
 6.692759295e-01  6.601227989e-01  1.148894822e+00
 6.712328767e-01  6.618273828e-01  1.147207087e+00
 6.731898239e-01  6.635344746e-01  1.145520720e+00
 6.751467710e-01  6.652440810e-01  1.143835326e+00
 6.771037182e-01  6.669562072e-01  1.142151090e+00
 6.790606654e-01  6.686708593e-01  1.140467830e+00
 6.810176125e-01  6.703880432e-01  1.138785427e+00
 6.829745597e-01  6.721077654e-01  1.137103176e+00
 6.849315068e-01  6.738300339e-01  1.135420275e+00
 6.868884540e-01  6.755548578e-01  1.133736804e+00
 6.888454012e-01  6.772822449e-01  1.132053072e+00
 6.908023483e-01  6.790122034e-01  1.130368321e+00
 6.927592955e-01  6.807447435e-01  1.128681585e+00
 6.947162427e-01  6.824798764e-01  1.126992863e+00
 6.966731898e-01  6.842176126e-01  1.125302083e+00
 6.986301370e-01  6.859579636e-01  1.123608940e+00
 7.005870841e-01  6.877009409e-01  1.121913271e+00
 7.025440313e-01  6.894465566e-01  1.120213890e+00
 7.045009785e-01  6.911948262e-01  1.118509944e+00
 7.064579256e-01  6.929457646e-01  1.116801998e+00
 7.084148728e-01  6.946993855e-01  1.115090363e+00
 7.103718200e-01  6.964557034e-01  1.113373927e+00
 7.123287671e-01  6.982147355e-01  1.111651500e+00
 7.142857143e-01  6.999765002e-01  1.109923270e+00
 7.162426614e-01  7.017410145e-01  1.108189262e+00
 7.181996086e-01  7.035082968e-01  1.106448992e+00
 7.201565558e-01  7.052783661e-01  1.104701912e+00
 7.221135029e-01  7.070512428e-01  1.102946543e+00
 7.240704501e-01  7.088269509e-01  1.101182339e+00
 7.260273973e-01  7.106055129e-01  1.099410334e+00
 7.279843444e-01  7.123869497e-01  1.097631290e+00
 7.299412916e-01  7.141712817e-01  1.095843673e+00
 7.318982387e-01  7.159585353e-01  1.094045079e+00
 7.338551859e-01  7.177487391e-01  1.092235641e+00
 7.358121331e-01  7.195419193e-01  1.090415792e+00
 7.377690802e-01  7.213381037e-01  1.088585494e+00
 7.397260274e-01  7.231373190e-01  1.086744179e+00
 7.416829746e-01  7.249395952e-01  1.084890514e+00
 7.436399217e-01  7.267449642e-01  1.083024269e+00
 7.455968689e-01  7.285534572e-01  1.081145396e+00
 7.475538160e-01  7.303651066e-01  1.079253914e+00
 7.495107632e-01  7.321799443e-01  1.077348790e+00
 7.514677104e-01  7.339980066e-01  1.075427326e+00
 7.534246575e-01  7.358193353e-01  1.073489599e+00
 7.553816047e-01  7.376439672e-01  1.071537463e+00
 7.573385519e-01  7.394719383e-01  1.069571458e+00
 7.592954990e-01  7.413032842e-01  1.067590266e+00
 7.612524462e-01  7.431380462e-01  1.065591218e+00
 7.632093933e-01  7.449762699e-01  1.063575039e+00
 7.651663405e-01  7.468179947e-01  1.061543440e+00
 7.671232877e-01  7.486632613e-01  1.059497180e+00
 7.690802348e-01  7.505121071e-01  1.057437396e+00
 7.710371820e-01  7.523645696e-01  1.055364663e+00
 7.729941292e-01  7.542206849e-01  1.053280915e+00
 7.749510763e-01  7.560804842e-01  1.051188822e+00
 7.769080235e-01  7.579439951e-01  1.049090914e+00
 7.788649706e-01  7.598112402e-01  1.046991377e+00
 7.808219178e-01  7.616822324e-01  1.044893948e+00
 7.827788650e-01  7.635569813e-01  1.042800927e+00
 7.847358121e-01  7.654354916e-01  1.040715299e+00
 7.866927593e-01  7.673177621e-01  1.038640179e+00
 7.886497065e-01  7.692037861e-01  1.036582665e+00
 7.906066536e-01  7.710935362e-01  1.034549939e+00
 7.925636008e-01  7.729869788e-01  1.032545258e+00
 7.945205479e-01  7.748840738e-01  1.030571151e+00
 7.964774951e-01  7.767847772e-01  1.028628753e+00
 7.984344423e-01  7.786890434e-01  1.026729264e+00
 8.003913894e-01  7.805967858e-01  1.024881946e+00
 8.023483366e-01  7.825079228e-01  1.023084409e+00
 8.043052838e-01  7.844223745e-01  1.021335862e+00
 8.062622309e-01  7.863400607e-01  1.019636591e+00
 8.082191781e-01  7.882608986e-01  1.018004383e+00
 8.101761252e-01  7.901847387e-01  1.016456869e+00
 8.121330724e-01  7.921114296e-01  1.014989857e+00
 8.140900196e-01  7.940408346e-01  1.013595157e+00
 8.160469667e-01  7.959728310e-01  1.012276129e+00
 8.180039139e-01  7.979072672e-01  1.011044457e+00
 8.199608611e-01  7.998439734e-01  1.009910102e+00
 8.219178082e-01  8.017827573e-01  1.008869811e+00
 8.238747554e-01  8.037234593e-01  1.007913380e+00
 8.258317025e-01  8.056659243e-01  1.007036074e+00
 8.277886497e-01  8.076100090e-01  1.006261356e+00
 8.297455969e-01  8.095554658e-01  1.005606464e+00
 8.317025440e-01  8.115020832e-01  1.005052884e+00
 8.336594912e-01  8.134496836e-01  1.004583218e+00
 8.356164384e-01  8.153981215e-01  1.004190481e+00
 8.375733855e-01  8.173472455e-01  1.003879780e+00
 8.395303327e-01  8.192968896e-01  1.003647958e+00
 8.414872798e-01  8.212469140e-01  1.003484302e+00
 8.434442270e-01  8.231971941e-01  1.003373401e+00
 8.454011742e-01  8.251476496e-01  1.003300439e+00
 8.473581213e-01  8.270982134e-01  1.003260066e+00
 8.493150685e-01  8.290488259e-01  1.003245122e+00
 8.512720157e-01  8.309994477e-01  1.003248238e+00
 8.532289628e-01  8.329500481e-01  1.003255218e+00
 8.551859100e-01  8.349006428e-01  1.003249826e+00
 8.571428571e-01  8.368512642e-01  1.003226118e+00
 8.590998043e-01  8.388019510e-01  1.003164526e+00
 8.610567515e-01  8.407528119e-01  1.003046430e+00
 8.630136986e-01  8.427039582e-01  1.002867058e+00
 8.649706458e-01  8.446555171e-01  1.002627316e+00
 8.669275930e-01  8.466075966e-01  1.002320743e+00
 8.688845401e-01  8.485603495e-01  1.001941989e+00
 8.708414873e-01  8.505139052e-01  1.001462060e+00
 8.727984344e-01  8.524685304e-01  1.000858567e+00
 8.747553816e-01  8.544244430e-01  1.000144875e+00
 8.767123288e-01  8.563818590e-01  9.993270528e-01
 8.786692759e-01  8.583409744e-01  9.984056134e-01
 8.806262231e-01  8.603020054e-01  9.973879090e-01
 8.825831703e-01  8.622651211e-01  9.962519539e-01
 8.845401174e-01  8.642306273e-01  9.949799763e-01
 8.864970646e-01  8.661987660e-01  9.935895453e-01
 8.884540117e-01  8.681697775e-01  9.920920337e-01
 8.904109589e-01  8.701438627e-01  9.904915108e-01
 8.923679061e-01  8.721212498e-01  9.887900966e-01
 8.943248532e-01  8.741021350e-01  9.869945899e-01
 8.962818004e-01  8.760867236e-01  9.850836390e-01
 8.982387476e-01  8.780753024e-01  9.830589366e-01
 9.001956947e-01  8.800680749e-01  9.809310267e-01
 9.021526419e-01  8.820652915e-01  9.787084359e-01
 9.041095890e-01  8.840671257e-01  9.764041389e-01
 9.060665362e-01  8.860737809e-01  9.739858212e-01
 9.080234834e-01  8.880855693e-01  9.714618612e-01
 9.099804305e-01  8.901026657e-01  9.688418083e-01
 9.119373777e-01  8.921253509e-01  9.661051574e-01
 9.138943249e-01  8.941538920e-01  9.632885516e-01
 9.158512720e-01  8.961884236e-01  9.603846977e-01
 9.178082192e-01  8.982292516e-01  9.573717360e-01
 9.197651663e-01  9.002766102e-01  9.543240337e-01
 9.217221135e-01  9.023304940e-01  9.511945250e-01
 9.236790607e-01  9.043913487e-01  9.479060606e-01
 9.256360078e-01  9.064595095e-01  9.445457677e-01
 9.275929550e-01  9.085350539e-01  9.411189677e-01
 9.295499022e-01  9.106183049e-01  9.375375853e-01
 9.315068493e-01  9.127097392e-01  9.338158277e-01
 9.334637965e-01  9.148096305e-01  9.301435588e-01
 9.354207436e-01  9.169176093e-01  9.263555767e-01
 9.373776908e-01  9.190347153e-01  9.222715493e-01
 9.393346380e-01  9.211614074e-01  9.180521806e-01
 9.412915851e-01  9.232980205e-01  9.140132596e-01
 9.432485323e-01  9.254435425e-01  9.098293988e-01
 9.452054795e-01  9.275998640e-01  9.051326722e-01
 9.471624266e-01  9.297677151e-01  9.002307975e-01
 9.491193738e-01  9.319475870e-01  8.954821010e-01
 9.510763209e-01  9.341384827e-01  8.912377714e-01
 9.530332681e-01  9.363391571e-01  8.863520352e-01
 9.549902153e-01  9.385543111e-01  8.803522151e-01
 9.569471624e-01  9.407850948e-01  8.740369773e-01
 9.589041096e-01  9.430323833e-01  8.675244951e-01
 9.608610568e-01  9.452967911e-01  8.713564275e-01
 9.628180039e-01  9.475247022e-01  8.805660225e-01
 9.647749511e-01  9.497415940e-01  8.746022254e-01
 9.667318982e-01  9.520005492e-01  8.563595951e-01
 9.686888454e-01  9.543132437e-01  8.351412610e-01
 9.706457926e-01  9.566887371e-01  8.122803650e-01
 9.726027397e-01  9.591336457e-01  7.888712609e-01
 9.745596869e-01  9.616523141e-01  7.657663058e-01
 9.765166341e-01  9.642469866e-01  7.435984260e-01
 9.784735812e-01  9.669179775e-01  7.228160050e-01
 9.804305284e-01  9.696638425e-01  7.037207868e-01
 9.823874755e-01  9.724815473e-01  6.865033377e-01
 9.843444227e-01  9.753666369e-01  6.712735205e-01
 9.863013699e-01  9.783134024e-01  6.580852537e-01
 9.882583170e-01  9.813150465e-01  6.469558371e-01
 9.902152642e-01  9.843638461e-01  6.378805974e-01
 9.921722114e-01  9.874513127e-01  6.308437072e-01
 9.941291585e-01  9.905683498e-01  6.258260258e-01
 9.960861057e-01  9.937054063e-01  6.228106377e-01
 9.980430528e-01  9.968526272e-01  6.217866512e-01
 1.000000000e+00  1.000000000e+00  6.217566343e-01
4  4.292410153e-01  7.084187547e-01  1.014536067e+00  7.554534599e-01  9.570355066e-01  4.924239166e+01  4.335535887e-01  9.940563392e-01  3.735633916e-01  2.740453696e+00
5  5.553951358e-01  1.007813408e+00  1.008723733e+00  6.207450349e-01  9.307760875e-01  3.044084298e+01  3.830097551e-01  1.055642775e+00  5.430468476e-01  2.820447771e+00
6  6.570827255e-01  1.163376398e+00  1.005161809e+00  5.303067177e-01  9.078319289e-01  2.261569439e+01  3.543361127e-01  1.137718342e+00  6.657786178e-01  2.770885208e+00
7  7.444888169e-01  1.315387529e+00  1.002724131e+00  4.654097882e-01  8.920161879e-01  1.836241234e+01  3.357663308e-01  1.228752102e+00  7.626908198e-01  2.684450254e+00
8  8.179290726e-01  1.584685608e+00  1.001020228e+00  4.161602889e-01  8.923672068e-01  1.619840728e+01  3.238931103e-01  1.340180013e+00  8.381574467e-01  2.576215962e+00
9  8.721929042e-01  2.158806393e+00  9.999248544e-01  3.768464654e-01  9.234204526e-01  1.586282331e+01  3.173049958e-01  1.493910653e+00  8.924387550e-01  2.439221046e+00
10  9.123770889e-01  2.293181356e+00  9.993107338e-01  3.446990150e-01  1.002922133e+00  1.747097543e+01  3.147471391e-01  1.731734199e+00  9.311961157e-01  2.295031647e+00
11  9.567394463e-01  2.700933833e+00  9.996348829e-01  3.201556621e-01  1.145644193e+00  2.104381932e+01  3.168878988e-01  2.025481643e+00  9.706869702e-01  2.188548388e+00
12  9.785019182e-01  5.428699609e+00  9.998797564e-01  2.972109737e-01  1.386737263e+00  2.930265649e+01  3.207658346e-01  2.848536559e+00  9.864253568e-01  2.052305298e+00
13  9.895103634e-01  9.855636166e+00  9.999453333e-01  2.766740996e-01  1.653800698e+00  3.972566690e+01  3.250213672e-01  4.554723764e+00  9.934663260e-01  1.915874283e+00
14  9.948712599e-01  1.824273911e+01  9.999725488e-01  2.592475305e-01  1.823453341e+00  4.600126749e+01  3.293600720e-01  7.701349871e+00  9.968117759e-01  1.788713079e+00
0 0 -1.234480184e-01 -8.621115618e-18
0 1  1.346500868e-02 -5.264301904e-03
0 2 -1.510702651e-02  6.381324980e-03
0 3  4.143575573e-03 -7.549118768e-03
0 4 -4.018365953e-04  6.837053993e-03
0 5 -4.863833178e-03 -3.143557688e-03
0 6  3.332653117e-03 -2.900211030e-03
0 7  2.892625425e-03  2.403356861e-03
0 8 -3.590242122e-04  3.438453733e-03
0 9 -2.079458054e-03  2.441892606e-03
0 10 -2.523595728e-03  1.569095532e-03
1 0 -1.090743201e-01 -4.264387532e-02
1 1 -9.529905043e-02  2.003608740e-17
1 2  9.026286521e-03 -7.492770215e-03
1 3 -1.339001742e-02  9.111861146e-03
1 4 -7.317044362e-04 -9.423153954e-03
1 5  4.232275481e-03  5.050613008e-03
1 6 -5.962555530e-03  2.988791060e-03
1 7 -3.847113217e-03 -3.786698317e-03
1 8  7.032303935e-04 -4.408032966e-03
1 9  2.762646051e-03 -2.765014947e-03
1 10  3.243133052e-03 -1.513141198e-03
2 0  1.223756097e-01  5.169240515e-02
2 1 -9.471538783e-02 -7.862376573e-02
2 2 -7.613520221e-02 -1.516542978e-17
2 3  4.730756240e-03 -9.265572967e-03
2 4 -8.922275696e-03  1.039556860e-02
2 5 -6.935635687e-03 -7.534044523e-03
2 6  5.239866481e-03 -1.824450271e-03
2 7  1.633867023e-03  5.087726628e-03
2 8 -3.168881311e-03  4.412195319e-03
2 9 -4.748943193e-03  2.020045669e-03
2 10 -4.704800720e-03  6.224887769e-04
3 0 -3.356534700e-02 -6.115220697e-02
3 1  1.405052554e-01  9.561334667e-02
3 2 -6.213625370e-02 -1.216989342e-01
3 3 -6.280265432e-02  4.919565632e-17
3 4  7.043806992e-04 -1.095322854e-02
3 5 -3.761849652e-03  9.873580151e-03
3 6 -1.103053681e-02 -1.445105708e-03
3 7 -2.218217840e-03 -6.463245444e-03
3 8  2.995884694e-03 -3.430598953e-03
3 9  3.813157887e-03 -2.784022888e-04
3 10  3.460561397e-03  1.322801378e-03
4 0  3.255107701e-03  5.538407245e-02
4 1  7.677982445e-03 -9.887983051e-02
4 2  1.171898864e-01  1.365408944e-01
4 3 -1.121577912e-02 -1.744070957e-01
4 4 -5.286707799e-02 -2.023269220e-17
4 5 -3.744812162e-03 -1.241185850e-02
4 6  1.049612871e-03  6.012806405e-03
4 7 -7.130535923e-03  5.748535642e-03
4 8 -8.609668585e-03  4.946191248e-05
4 9 -6.742048887e-03 -3.133178715e-03
4 10 -4.933169153e-03 -3.875188618e-03
5 0  3.939984815e-02 -2.546462657e-02
5 1 -4.441046854e-02  5.299751661e-02
5 2  9.109630612e-02 -9.895612416e-02
5 3  5.989953280e-02  1.572159689e-01
5 4  7.083448346e-02 -2.347748159e-01
5 5 -4.465877502e-02 -4.887646990e-17
5 6 -8.404289997e-03 -1.252259380e-02
5 7  2.529811927e-03 -1.699535819e-03
5 8  4.975433916e-04  4.361546416e-03
5 9 -2.494860064e-03  5.307151483e-03
5 10 -3.745169656e-03  5.101261105e-03
6 0 -2.699640837e-02 -2.349337858e-02
6 1  6.256678848e-02  3.136223338e-02
6 2 -6.882317678e-02 -2.396329449e-02
6 3  1.756380670e-01 -2.301026483e-02
6 4 -1.985380903e-02  1.137344191e-01
6 5  1.881889952e-01 -2.804061194e-01
6 6 -3.753096645e-02  4.298975211e-18
6 7 -1.106325450e-02 -9.012017568e-03
6 8 -1.939475018e-03 -6.920342980e-03
6 9  1.026743663e-03 -3.524522821e-03
6 10  1.667794972e-03 -1.135170385e-03
7 0 -2.343193081e-02  1.946857384e-02
7 1  4.036885152e-02 -3.973490082e-02
7 2 -2.146007334e-02  6.682489152e-02
7 3  3.532044727e-02 -1.029135713e-01
7 4  1.348766793e-01  1.087356416e-01
7 5 -5.664758887e-02 -3.805603307e-02
7 6  2.947767017e-01 -2.401221823e-01
7 7 -3.289744445e-02 -1.032218401e-16
7 8 -1.536537411e-02 -7.380659618e-03
7 9 -8.677066517e-03 -8.502623845e-03
7 10 -5.364394963e-03 -7.093857121e-03
8 0  2.908302757e-03  2.785345426e-02
8 1 -7.379196229e-03 -4.625474175e-02
8 2  4.162176259e-02  5.795210613e-02
8 3 -4.770315406e-02 -5.462506307e-02
8 4  1.628550113e-01  9.355900564e-04
8 5 -1.114099953e-02  9.766381667e-02
8 6  5.167666068e-02 -1.843902152e-01
8 7  4.670689279e-01 -2.243535856e-01
8 8 -2.499721677e-02 -1.323697554e-17
8 9 -1.378455824e-02 -3.653416871e-03
8 10 -1.103167874e-02 -4.087976261e-03
9 0  1.684480708e-02  1.978073555e-02
9 1 -2.898922958e-02 -2.901408707e-02
9 2  6.237513076e-02  2.653234785e-02
9 3 -6.071650837e-02 -4.432970100e-03
9 4  1.275283058e-01 -5.926521447e-02
9 5  5.586494621e-02  1.188378203e-01
9 6 -2.735724016e-02 -9.390972720e-02
9 7  2.637611116e-01 -2.584584908e-01
9 8  5.514437214e-01 -1.461529459e-01
9 9 -1.948485366e-02  6.619962065e-17
9 10 -1.057119727e-02 -5.294335601e-04
10 0  2.044257787e-02  1.271057691e-02
10 1 -3.403111613e-02 -1.587782031e-02
10 2  6.179534018e-02  8.176096718e-03
10 3 -5.510215188e-02  2.106282597e-02
10 4  9.331268799e-02 -7.330060154e-02
10 5  8.386189845e-02  1.142275197e-01
10 6 -4.443783706e-02 -3.024623378e-02
10 7  1.630641849e-01 -2.156355073e-01
10 8  4.413162812e-01 -1.635372569e-01
10 9  5.425340860e-01 -2.717154408e-02
10 10 -1.641911760e-02  2.620548386e-17
0 0 -8.474696458e+00  2.036315138e-15
0 1 -8.426055361e-01  4.768502903e-01
0 2  1.347743051e+00 -4.689331013e-01
0 3 -2.120234841e-01  3.835301326e-01
0 4  4.752717710e-02 -2.965333465e-01
0 5  1.804070599e-01  1.305306958e-01
0 6 -1.187361741e-01  8.857456833e-02
0 7 -1.075966119e-01 -5.305196638e-02
0 8  3.220294290e-03 -8.547306322e-02
0 9  6.717646451e-02 -4.124666519e-02
0 10  1.010013779e-01  9.010209167e-03
1 0 -8.426055361e-01 -4.768502903e-01
1 1 -1.121081582e+01 -6.657562585e-15
1 2 -7.434765583e-01  1.104612145e+00
1 3  1.995091995e+00 -1.118563395e+00
1 4  4.907422038e-02  7.805548386e-01
1 5 -2.500080429e-01 -3.878429260e-01
1 6  3.750185160e-01 -1.424036374e-01
1 7  2.267955764e-01  1.681315712e-01
1 8 -2.662486152e-02  1.775893086e-01
1 9 -1.245669639e-01  6.063426571e-02
1 10 -2.072896319e-01 -5.184242400e-02
2 0  1.347743051e+00  4.689331013e-01
2 1 -7.434765583e-01 -1.104612145e+00
2 2 -1.424475282e+01 -1.044416644e-14
2 3 -3.005428351e-01  2.069893284e+00
2 4  2.174497062e+00 -2.007348751e+00
2 5  8.612889202e-01  1.002228853e+00
2 6 -5.533567432e-01  5.735026535e-02
2 7 -1.917003811e-01 -3.947242798e-01
2 8  1.906971251e-01 -2.753885322e-01
2 9  3.115949512e-01 -3.856926336e-02
2 10  3.280340265e-01  1.811931794e-01
3 0 -2.120234841e-01 -3.835301326e-01
3 1  1.995091995e+00  1.118563395e+00
3 2 -3.005428351e-01 -2.069893284e+00
3 3 -1.765886290e+01  3.022747368e-15
3 4  6.873306430e-01  3.533477555e+00
3 5  1.730546003e+00 -3.013945280e+00
3 6  2.067001532e+00  4.281396409e-01
3 7  3.249120441e-01  8.564296942e-01
3 8 -3.451763564e-01  2.794560861e-01
3 9 -3.163951797e-01 -1.885250594e-01
3 10 -2.800410873e-01 -5.634710011e-01
4 0  4.752717710e-02  2.965333465e-01
4 1  4.907422038e-02 -7.805548386e-01
4 2  2.174497062e+00  2.007348751e+00
4 3  6.873306430e-01 -3.533477555e+00
4 4 -2.165210094e+01  4.920051773e-14
4 5  2.757802521e+00  5.734486218e+00
4 6  5.730212530e-01 -3.531972068e+00
4 7  1.738036759e+00 -1.433737683e+00
4 8  1.306905489e+00  3.514975729e-02
4 9  7.114917401e-01  5.664213021e-01
4 10  1.305936051e-01  8.885888772e-01
5 0  1.804070599e-01 -1.305306958e-01
5 1 -2.500080429e-01  3.878429260e-01
5 2  8.612889202e-01 -1.002228853e+00
5 3  1.730546003e+00  3.013945280e+00
5 4  2.757802521e+00 -5.734486218e+00
5 5 -2.644792178e+01  5.135335863e-14
5 6  6.051424348e+00  7.564137423e+00
5 7 -9.764118993e-01 -4.581681490e-01
5 8  1.412154437e-01 -1.816639904e+00
5 9  1.215657897e+00 -1.546446531e+00
5 10  2.052979839e+00 -1.387460697e+00
6 0 -1.187361741e-01 -8.857456833e-02
6 1  3.750185160e-01  1.424036374e-01
6 2 -5.533567432e-01 -5.735026535e-02
6 3  2.067001532e+00 -4.281396409e-01
6 4  5.730212530e-01  3.531972068e+00
6 5  6.051424348e+00 -7.564137423e+00
6 6 -3.134840466e+01  3.439546924e-14
6 7  9.693505011e+00  6.828546975e+00
6 8  4.911943716e-02  1.659570009e+00
6 9 -7.333384940e-01 -8.006383320e-01
6 10 -8.218654605e-01 -2.754317726e+00
7 0 -1.075966119e-01  5.305196638e-02
7 1  2.267955764e-01 -1.681315712e-01
7 2 -1.917003811e-01  3.947242798e-01
7 3  3.249120441e-01 -8.564296942e-01
7 4  1.738036759e+00  1.433737683e+00
7 5 -9.764118993e-01  4.581681490e-01
7 6  9.693505011e+00 -6.828546975e+00
7 7 -4.148389730e+01  3.851876242e-14
7 8  1.729848544e+01  7.250013617e+00
7 9  2.845595009e+00  3.266179337e+00
7 10 -1.566299749e+00  1.897927778e-01
8 0  3.220294290e-03  8.547306322e-02
8 1 -2.662486152e-02 -1.775893086e-01
8 2  1.906971251e-01  2.753885322e-01
8 3 -3.451763564e-01 -2.794560861e-01
8 4  1.306905489e+00 -3.514975729e-02
8 5  1.412154437e-01  1.816639904e+00
8 6  4.911943716e-02 -1.659570009e+00
8 7  1.729848544e+01 -7.250013617e+00
8 8 -5.829958544e+01  6.048577244e-14
8 9  2.335862695e+01  5.454072977e+00
8 10  8.898801424e+00  4.218297615e+00
9 0  6.717646451e-02  4.124666519e-02
9 1 -1.245669639e-01 -6.063426571e-02
9 2  3.115949512e-01  3.856926336e-02
9 3 -3.163951797e-01  1.885250594e-01
9 4  7.114917401e-01 -5.664213021e-01
9 5  1.215657897e+00  1.546446531e+00
9 6 -7.333384940e-01  8.006383320e-01
9 7  2.845595009e+00 -3.266179337e+00
9 8  2.335862695e+01 -5.454072977e+00
9 9 -6.929374100e+01  1.104148633e-14
9 10  3.304282844e+01  1.654872372e+00
10 0  1.010013779e-01 -9.010209167e-03
10 1 -2.072896319e-01  5.184242400e-02
10 2  3.280340265e-01 -1.811931794e-01
10 3 -2.800410873e-01  5.634710011e-01
10 4  1.305936051e-01 -8.885888772e-01
10 5  2.052979839e+00  1.387460697e+00
10 6 -8.218654605e-01  2.754317726e+00
10 7 -1.566299749e+00 -1.897927778e-01
10 8  8.898801424e+00 -4.218297615e+00
10 9  3.304282844e+01 -1.654872372e+00
10 10 -6.090461281e+01 -9.720588445e-14
0  5.058888762e-02 -1.378553076e-03 -1.383558979e-01 -1.855263670e-02
1  8.285848786e-02 -1.880640123e-03  1.638494993e-01  5.348654410e-02
2  1.157757354e-01 -3.701557794e-03 -1.541741011e-01 -1.066495452e-01
3  1.569371543e-01 -4.999078998e-03  9.677833903e-02  1.695333248e-01
4  2.011634927e-01 -8.513435151e-03  2.747442487e-02 -1.954501453e-01
5  2.392219023e-01 -1.054297023e-02 -1.709478086e-01  9.275145649e-02
6  2.690643901e-01 -1.295796942e-02  1.328312776e-01  1.335652615e-01
7  3.099193052e-01 -1.703098715e-02  1.527111548e-01 -9.702626845e-02
8  3.128927049e-01 -1.808874999e-02  5.939862672e-03 -1.696699844e-01
9  2.989213891e-01 -2.222680984e-02 -8.600575037e-02 -1.334843411e-01
10  2.982532227e-01  5.607476044e-03 -1.156782472e-01 -9.314393564e-02
