 1.695500020e+00 -1.801920640e+00  8.621485426e-01  3.334115644e+00  9.336912403e-01  9.935164640e-01  6.426252710e+00 512 3 10
 0.000000000e+00  0.000000000e+00 -3.402066653e-06
 1.956947162e-03  3.025449311e-02  1.293691234e-01
 3.913894325e-03  4.278598493e-02  1.829566330e-01
 5.870841487e-03  5.240165609e-02  2.240750022e-01
 7.827788650e-03  6.050808651e-02  2.587360472e-01
 9.784735812e-03  6.765013191e-02  2.892680078e-01
 1.174168297e-02  7.410724554e-02  3.168646075e-01
 1.369863014e-02  8.004544812e-02  3.422347301e-01
 1.565557730e-02  8.557292083e-02  3.658400695e-01
 1.761252446e-02  9.076481399e-02  3.880011771e-01
 1.956947162e-02  9.567585009e-02  4.089513298e-01
 2.152641879e-02  1.003473451e-01  4.288665394e-01
 2.348336595e-02  1.048114016e-01  4.478834714e-01
 2.544031311e-02  1.090935527e-01  4.661106381e-01
 2.739726027e-02  1.132145052e-01  4.836356869e-01
 2.935420744e-02  1.171913314e-01  5.005319692e-01
 3.131115460e-02  1.210382850e-01  5.168605601e-01
 3.326810176e-02  1.247674319e-01  5.326721777e-01
 3.522504892e-02  1.283890885e-01  5.480101140e-01
 3.718199609e-02  1.319121629e-01  5.629127752e-01
 3.913894325e-02  1.353443932e-01  5.774137138e-01
 4.109589041e-02  1.386925657e-01  5.915416546e-01
 4.305283757e-02  1.419626656e-01  6.053216655e-01
 4.500978474e-02  1.451600114e-01  6.187749129e-01
 4.696673190e-02  1.482893582e-01  6.319204558e-01
 4.892367906e-02  1.513549729e-01  6.447771770e-01
 5.088062622e-02  1.543606902e-01  6.573637909e-01
 5.283757339e-02  1.573099671e-01  6.696964351e-01
 5.479452055e-02  1.602059434e-01  6.817861657e-01
 5.675146771e-02  1.630515005e-01  6.936427019e-01
 5.870841487e-02  1.658492747e-01  7.052774354e-01
 6.066536204e-02  1.686016814e-01  7.167018295e-01
 6.262230920e-02  1.713109365e-01  7.279262120e-01
 6.457925636e-02  1.739790833e-01  7.389567082e-01
 6.653620352e-02  1.766080303e-01  7.497985951e-01
 6.849315068e-02  1.791995475e-01  7.604623383e-01
 7.045009785e-02  1.817552585e-01  7.709581201e-01
 7.240704501e-02  1.842766736e-01  7.812895201e-01
 7.436399217e-02  1.867652210e-01  7.914595811e-01
 7.632093933e-02  1.892222357e-01  8.014749628e-01
 7.827788650e-02  1.916489611e-01  8.113417594e-01
 8.023483366e-02  1.940465647e-01  8.210651783e-01
 8.219178082e-02  1.964161404e-01  8.306498723e-01
 8.414872798e-02  1.987587201e-01  8.400991375e-01
 8.610567515e-02  2.010752792e-01  8.494157094e-01
 8.806262231e-02  2.033667424e-01  8.586016875e-01
 9.001956947e-02  2.056339882e-01  8.676647986e-01
 9.197651663e-02  2.078778222e-01  8.766109803e-01
 9.393346380e-02  2.100990196e-01  8.854370071e-01
 9.589041096e-02  2.122983355e-01  8.941445614e-01
 9.784735812e-02  2.144764745e-01  9.027396658e-01
 9.980430528e-02  2.166341033e-01  9.112266917e-01
 1.017612524e-01  2.187718514e-01  9.196080573e-01
 1.037181996e-01  2.208903240e-01  9.278843052e-01
 1.056751468e-01  2.229901015e-01  9.360560080e-01
 1.076320939e-01  2.250717422e-01  9.441248176e-01
 1.095890411e-01  2.271357774e-01  9.520956935e-01
 1.115459883e-01  2.291827049e-01  9.599734938e-01
 1.135029354e-01  2.312129989e-01  9.677565854e-01
 1.154598826e-01  2.332271303e-01  9.754422097e-01
 1.174168297e-01  2.352255527e-01  9.830345255e-01
 1.193737769e-01  2.372086890e-01  9.905397551e-01
 1.213307241e-01  2.391769392e-01  9.979596933e-01
 1.232876712e-01  2.411306924e-01  1.005290824e+00
 1.252446184e-01  2.430703370e-01  1.012533249e+00
 1.272015656e-01  2.449962378e-01  1.019690904e+00
 1.291585127e-01  2.469087449e-01  1.026765952e+00
 1.311154599e-01  2.488081934e-01  1.033761105e+00
 1.330724070e-01  2.506949030e-01  1.040677537e+00
 1.350293542e-01  2.525691853e-01  1.047511391e+00
 1.369863014e-01  2.544313555e-01  1.054262472e+00
 1.389432485e-01  2.562817083e-01  1.060937237e+00
 1.409001957e-01  2.581205190e-01  1.067540088e+00
 1.428571429e-01  2.599480515e-01  1.074068295e+00
 1.448140900e-01  2.617645757e-01  1.080516707e+00
 1.467710372e-01  2.635703584e-01  1.086888596e+00
 1.487279843e-01  2.653656447e-01  1.093189542e+00
 1.506849315e-01  2.671506695e-01  1.099420026e+00
 1.526418787e-01  2.689256640e-01  1.105580522e+00
 1.545988258e-01  2.706908499e-01  1.111668583e+00
 1.565557730e-01  2.724464546e-01  1.117682549e+00
 1.585127202e-01  2.741926942e-01  1.123625912e+00
 1.604696673e-01  2.759297744e-01  1.129503238e+00
 1.624266145e-01  2.776578872e-01  1.135317630e+00
 1.643835616e-01  2.793772194e-01  1.141061644e+00
 1.663405088e-01  2.810879764e-01  1.146731931e+00
 1.682974560e-01  2.827903463e-01  1.152336134e+00
 1.702544031e-01  2.844845028e-01  1.157878462e+00
 1.722113503e-01  2.861706136e-01  1.163357624e+00
 1.741682975e-01  2.878488485e-01  1.168770225e+00
 1.761252446e-01  2.895193777e-01  1.174115251e+00
 1.780821918e-01  2.911823666e-01  1.179394975e+00
 1.800391389e-01  2.928379717e-01  1.184611415e+00
 1.819960861e-01  2.944863461e-01  1.189767591e+00
 1.839530333e-01  2.961276316e-01  1.194864172e+00
 1.859099804e-01  2.977619732e-01  1.199895029e+00
 1.878669276e-01  2.993895238e-01  1.204858744e+00
 1.898238748e-01  3.010104263e-01  1.209761280e+00
 1.917808219e-01  3.026248117e-01  1.214607593e+00
 1.937377691e-01  3.042328046e-01  1.219396011e+00
 1.956947162e-01  3.058345353e-01  1.224120313e+00
 1.976516634e-01  3.074301399e-01  1.228780105e+00
 1.996086106e-01  3.090197448e-01  1.233380154e+00
 2.015655577e-01  3.106034690e-01  1.237922695e+00
 2.035225049e-01  3.121814288e-01  1.242409363e+00
 2.054794521e-01  3.137537347e-01  1.246837931e+00
 2.074363992e-01  3.153205045e-01  1.251203349e+00
 2.093933464e-01  3.168818575e-01  1.255506548e+00
 2.113502935e-01  3.184379052e-01  1.259753099e+00
 2.133072407e-01  3.199887491e-01  1.263947179e+00
 2.152641879e-01  3.215344868e-01  1.268085650e+00
 2.172211350e-01  3.230752243e-01  1.272161632e+00
 2.191780822e-01  3.246110724e-01  1.276176469e+00
 2.211350294e-01  3.261421304e-01  1.280136304e+00
 2.230919765e-01  3.276684912e-01  1.284041916e+00
 2.250489237e-01  3.291902491e-01  1.287892901e+00
 2.270058708e-01  3.307074951e-01  1.291687516e+00
 2.289628180e-01  3.322203248e-01  1.295423110e+00
 2.309197652e-01  3.337288325e-01  1.299100001e+00
 2.328767123e-01  3.352331104e-01  1.302721119e+00
 2.348336595e-01  3.367332432e-01  1.306291234e+00
 2.367906067e-01  3.382293096e-01  1.309810031e+00
 2.387475538e-01  3.397213927e-01  1.313269884e+00
 2.407045010e-01  3.412095863e-01  1.316668649e+00
 2.426614481e-01  3.426939760e-01  1.320013025e+00
 2.446183953e-01  3.441746379e-01  1.323307623e+00
 2.465753425e-01  3.456516452e-01  1.326551211e+00
 2.485322896e-01  3.471250749e-01  1.329738687e+00
 2.504892368e-01  3.485950095e-01  1.332867602e+00
 2.524461840e-01  3.500615293e-01  1.335941074e+00
 2.544031311e-01  3.515247080e-01  1.338961988e+00
 2.563600783e-01  3.529846176e-01  1.341932797e+00
 2.583170254e-01  3.544413248e-01  1.344852667e+00
 2.602739726e-01  3.558949017e-01  1.347716615e+00
 2.622309198e-01  3.573454242e-01  1.350522304e+00
 2.641878669e-01  3.587929676e-01  1.353273959e+00
 2.661448141e-01  3.602375971e-01  1.355977428e+00
 2.681017613e-01  3.616793740e-01  1.358631594e+00
 2.700587084e-01  3.631183645e-01  1.361231253e+00
 2.720156556e-01  3.645546396e-01  1.363774238e+00
 2.739726027e-01  3.659882684e-01  1.366263904e+00
 2.759295499e-01  3.674193136e-01  1.368702966e+00
 2.778864971e-01  3.688478373e-01  1.371091501e+00
 2.798434442e-01  3.702739007e-01  1.373429128e+00
 2.818003914e-01  3.716975656e-01  1.375715050e+00
 2.837573386e-01  3.731188936e-01  1.377946873e+00
 2.857142857e-01  3.745379504e-01  1.380123481e+00
 2.876712329e-01  3.759547986e-01  1.382249402e+00
 2.896281800e-01  3.773694935e-01  1.384328930e+00
 2.915851272e-01  3.787820881e-01  1.386359135e+00
 2.935420744e-01  3.801926425e-01  1.388334429e+00
 2.954990215e-01  3.816012202e-01  1.390254189e+00
 2.974559687e-01  3.830078816e-01  1.392123312e+00
 2.994129159e-01  3.844126793e-01  1.393945806e+00
 3.013698630e-01  3.858156648e-01  1.395719298e+00
 3.033268102e-01  3.872168946e-01  1.397440960e+00
 3.052837573e-01  3.886164251e-01  1.399110069e+00
 3.072407045e-01  3.900143136e-01  1.400726696e+00
 3.091976517e-01  3.914106154e-01  1.402292953e+00
 3.111545988e-01  3.928053828e-01  1.403812323e+00
 3.131115460e-01  3.941986637e-01  1.405284047e+00
 3.150684932e-01  3.955905111e-01  1.406704826e+00
 3.170254403e-01  3.969809789e-01  1.408072079e+00
 3.189823875e-01  3.983701246e-01  1.409387406e+00
 3.209393346e-01  3.997579981e-01  1.410657181e+00
 3.228962818e-01  4.011446441e-01  1.411881747e+00
 3.248532290e-01  4.025301111e-01  1.413055071e+00
 3.268101761e-01  4.039144552e-01  1.414176567e+00
 3.287671233e-01  4.052977256e-01  1.415248875e+00
 3.307240705e-01  4.066799726e-01  1.416273837e+00
 3.326810176e-01  4.080612415e-01  1.417252429e+00
 3.346379648e-01  4.094415803e-01  1.418181850e+00
 3.365949119e-01  4.108210393e-01  1.419062536e+00
 3.385518591e-01  4.121996652e-01  1.419896830e+00
 3.405088063e-01  4.135775036e-01  1.420682290e+00
 3.424657534e-01  4.149546055e-01  1.421418820e+00
 3.444227006e-01  4.163310164e-01  1.422110189e+00
 3.463796477e-01  4.177067796e-01  1.422755650e+00
 3.483365949e-01  4.190819418e-01  1.423353785e+00
 3.502935421e-01  4.204565489e-01  1.423904502e+00
 3.522504892e-01  4.218306476e-01  1.424407834e+00
 3.542074364e-01  4.232042834e-01  1.424866702e+00
 3.561643836e-01  4.245774972e-01  1.425281015e+00
 3.581213307e-01  4.259503345e-01  1.425647273e+00
 3.600782779e-01  4.273228428e-01  1.425968392e+00
 3.620352250e-01  4.286950618e-01  1.426246537e+00
 3.639921722e-01  4.300670348e-01  1.426479008e+00
 3.659491194e-01  4.314388066e-01  1.426665975e+00
 3.679060665e-01  4.328104200e-01  1.426808103e+00
 3.698630137e-01  4.341819186e-01  1.426906475e+00
 3.718199609e-01  4.355533429e-01  1.426963898e+00
 3.737769080e-01  4.369247310e-01  1.426976772e+00
 3.757338552e-01  4.382961305e-01  1.426943558e+00
 3.776908023e-01  4.396675826e-01  1.426869012e+00
 3.796477495e-01  4.410391254e-01  1.426752750e+00
 3.816046967e-01  4.424108009e-01  1.426593376e+00
 3.835616438e-01  4.437826502e-01  1.426392125e+00
 3.855185910e-01  4.451547128e-01  1.426148884e+00
 3.874755382e-01  4.465270302e-01  1.425865095e+00
 3.894324853e-01  4.478996390e-01  1.425540811e+00
 3.913894325e-01  4.492725808e-01  1.425172998e+00
 3.933463796e-01  4.506458982e-01  1.424764176e+00
 3.953033268e-01  4.520196280e-01  1.424318210e+00
 3.972602740e-01  4.533938056e-01  1.423833407e+00
 3.992172211e-01  4.547684711e-01  1.423307674e+00
 4.011741683e-01  4.561436640e-01  1.422741031e+00
 4.031311155e-01  4.575194247e-01  1.422134900e+00
 4.050880626e-01  4.588957902e-01  1.421492348e+00
 4.070450098e-01  4.602727950e-01  1.420812960e+00
 4.090019569e-01  4.616504771e-01  1.420094849e+00
 4.109589041e-01  4.630288749e-01  1.419339078e+00
 4.129158513e-01  4.644080246e-01  1.418545923e+00
 4.148727984e-01  4.657879642e-01  1.417714857e+00
 4.168297456e-01  4.671687314e-01  1.416847382e+00
 4.187866928e-01  4.685503613e-01  1.415945942e+00
 4.207436399e-01  4.699328871e-01  1.415010867e+00
 4.227005871e-01  4.713163438e-01  1.414039973e+00
 4.246575342e-01  4.727007688e-01  1.413030847e+00
 4.266144814e-01  4.740862022e-01  1.411985402e+00
 4.285714286e-01  4.754726781e-01  1.410908738e+00
 4.305283757e-01  4.768602267e-01  1.409802526e+00
 4.324853229e-01  4.782488793e-01  1.408663233e+00
 4.344422701e-01  4.796386734e-01  1.407487061e+00
 4.363992172e-01  4.810296479e-01  1.406275828e+00
 4.383561644e-01  4.824218371e-01  1.405034151e+00
 4.403131115e-01  4.838152712e-01  1.403764331e+00
 4.422700587e-01  4.852099803e-01  1.402464967e+00
 4.442270059e-01  4.866059976e-01  1.401133180e+00
 4.461839530e-01  4.880033594e-01  1.399768370e+00
 4.481409002e-01  4.894021004e-01  1.398373252e+00
 4.500978474e-01  4.908022518e-01  1.396949391e+00
 4.520547945e-01  4.922038457e-01  1.395498275e+00
 4.540117417e-01  4.936069106e-01  1.394021173e+00
 4.559686888e-01  4.950114763e-01  1.392514967e+00
 4.579256360e-01  4.964175781e-01  1.390978161e+00
 4.598825832e-01  4.978252493e-01  1.389412360e+00
 4.618395303e-01  4.992345222e-01  1.387820749e+00
 4.637964775e-01  5.006454240e-01  1.386206940e+00
 4.657534247e-01  5.020579801e-01  1.384569687e+00
 4.677103718e-01  5.034722208e-01  1.382903661e+00
 4.696673190e-01  5.048881825e-01  1.381208683e+00
 4.716242661e-01  5.063058963e-01  1.379489627e+00
 4.735812133e-01  5.077253893e-01  1.377749782e+00
 4.755381605e-01  5.091466861e-01  1.375990169e+00
 4.774951076e-01  5.105698120e-01  1.374206405e+00
 4.794520548e-01  5.119948010e-01  1.372396016e+00
 4.814090020e-01  5.134216840e-01  1.370562680e+00
 4.833659491e-01  5.148504878e-01  1.368709700e+00
 4.853228963e-01  5.162812370e-01  1.366838024e+00
 4.872798434e-01  5.177139566e-01  1.364946577e+00
 4.892367906e-01  5.191486738e-01  1.363033615e+00
 4.911937378e-01  5.205854179e-01  1.361099471e+00
 4.931506849e-01  5.220242156e-01  1.359146593e+00
 4.951076321e-01  5.234650914e-01  1.357175796e+00
 4.970645793e-01  5.249080708e-01  1.355187997e+00
 4.990215264e-01  5.263531767e-01  1.353183495e+00
 5.009784736e-01  5.278004343e-01  1.351161448e+00
 5.029354207e-01  5.292498688e-01  1.349122142e+00
 5.048923679e-01  5.307015051e-01  1.347066023e+00
 5.068493151e-01  5.321553678e-01  1.344995103e+00
 5.088062622e-01  5.336114778e-01  1.342910771e+00
 5.107632094e-01  5.350698571e-01  1.340812639e+00
 5.127201566e-01  5.365305278e-01  1.338699938e+00
 5.146771037e-01  5.379935139e-01  1.336572480e+00
 5.166340509e-01  5.394588384e-01  1.334432352e+00
 5.185909980e-01  5.409265209e-01  1.332281410e+00
 5.205479452e-01  5.423965807e-01  1.330119436e+00
 5.225048924e-01  5.438690383e-01  1.327945650e+00
 5.244618395e-01  5.453439148e-01  1.325760252e+00
 5.264187867e-01  5.468212309e-01  1.323564634e+00
 5.283757339e-01  5.483010048e-01  1.321360351e+00
 5.303326810e-01  5.497832539e-01  1.319147398e+00
 5.322896282e-01  5.512679969e-01  1.316924754e+00
 5.342465753e-01  5.527552536e-01  1.314693380e+00
 5.362035225e-01  5.542450409e-01  1.312454725e+00
 5.381604697e-01  5.557373755e-01  1.310209499e+00
 5.401174168e-01  5.572322731e-01  1.307957864e+00
 5.420743640e-01  5.587297503e-01  1.305698584e+00
 5.440313112e-01  5.602298257e-01  1.303432559e+00
 5.459882583e-01  5.617325143e-01  1.301161867e+00
 5.479452055e-01  5.632378299e-01  1.298887056e+00
 5.499021526e-01  5.647457865e-01  1.296607915e+00
 5.518590998e-01  5.662563988e-01  1.294323392e+00
 5.538160470e-01  5.677696834e-01  1.292034032e+00
 5.557729941e-01  5.692856538e-01  1.289741745e+00
 5.577299413e-01  5.708043223e-01  1.287447558e+00
 5.596868885e-01  5.723257003e-01  1.285151251e+00
 5.616438356e-01  5.738498009e-01  1.282851755e+00
 5.636007828e-01  5.753766379e-01  1.280549551e+00
 5.655577299e-01  5.769062235e-01  1.278246013e+00
 5.675146771e-01  5.784385686e-01  1.275942144e+00
 5.694716243e-01  5.799736829e-01  1.273638179e+00
 5.714285714e-01  5.815115769e-01  1.271333239e+00
 5.733855186e-01  5.830522626e-01  1.269027472e+00
 5.753424658e-01  5.845957503e-01  1.266722099e+00
 5.772994129e-01  5.861420491e-01  1.264417792e+00
 5.792563601e-01  5.876911677e-01  1.262114866e+00
 5.812133072e-01  5.892431146e-01  1.259813056e+00
 5.831702544e-01  5.907978992e-01  1.257512180e+00
 5.851272016e-01  5.923555305e-01  1.255212989e+00
 5.870841487e-01  5.939160161e-01  1.252916283e+00
 5.890410959e-01  5.954793632e-01  1.250622381e+00
 5.909980431e-01  5.970455786e-01  1.248331041e+00
 5.929549902e-01  5.986146701e-01  1.246042121e+00
 5.949119374e-01  6.001866449e-01  1.243756167e+00
 5.968688845e-01  6.017615095e-01  1.241473856e+00
 5.988258317e-01  6.033392695e-01  1.239195550e+00
 6.007827789e-01  6.049199302e-01  1.236921168e+00
 6.027397260e-01  6.065034977e-01  1.234650527e+00
 6.046966732e-01  6.080899778e-01  1.232383901e+00
 6.066536204e-01  6.096793757e-01  1.230121831e+00
 6.086105675e-01  6.112716960e-01  1.227864726e+00
 6.105675147e-01  6.128669426e-01  1.225612642e+00
 6.125244618e-01  6.144651200e-01  1.223365344e+00
 6.144814090e-01  6.160662329e-01  1.221122991e+00
 6.164383562e-01  6.176702852e-01  1.218885970e+00
 6.183953033e-01  6.192772806e-01  1.216654504e+00
 6.203522505e-01  6.208872222e-01  1.214428876e+00
 6.223091977e-01  6.225001131e-01  1.212208952e+00
 6.242661448e-01  6.241159567e-01  1.209994612e+00
 6.262230920e-01  6.257347563e-01  1.207786152e+00
 6.281800391e-01  6.273565146e-01  1.205583751e+00
 6.301369863e-01  6.289812341e-01  1.203387621e+00
 6.320939335e-01  6.306089170e-01  1.201197889e+00
 6.340508806e-01  6.322395655e-01  1.199014361e+00
 6.360078278e-01  6.338731821e-01  1.196837043e+00
 6.379647750e-01  6.355097691e-01  1.194666118e+00
 6.399217221e-01  6.371493283e-01  1.192501674e+00
 6.418786693e-01  6.387918615e-01  1.190343951e+00
 6.438356164e-01  6.404373701e-01  1.188192914e+00
 6.457925636e-01  6.420858558e-01  1.186048408e+00
 6.477495108e-01  6.437373203e-01  1.183910465e+00
 6.497064579e-01  6.453917652e-01  1.181779134e+00
 6.516634051e-01  6.470491919e-01  1.179654623e+00
 6.536203523e-01  6.487096013e-01  1.177536943e+00
 6.555772994e-01  6.503729947e-01  1.175425853e+00
 6.575342466e-01  6.520393737e-01  1.173321424e+00
 6.594911937e-01  6.537087393e-01  1.171223777e+00
 6.614481409e-01  6.553810926e-01  1.169132955e+00
 6.634050881e-01  6.570564343e-01  1.167048981e+00
 6.653620352e-01  6.587347655e-01  1.164971588e+00
 6.673189824e-01  6.604160875e-01  1.162900566e+00
 6.692759295e-01  6.621004019e-01  1.160836123e+00
 6.712328767e-01  6.637877094e-01  1.158778547e+00
 6.731898239e-01  6.654780106e-01  1.156727773e+00
 6.751467710e-01  6.671713063e-01  1.154683610e+00
 6.771037182e-01  6.688675975e-01  1.152645801e+00
 6.790606654e-01  6.705668857e-01  1.150614048e+00
 6.810176125e-01  6.722691729e-01  1.148588640e+00
 6.829745597e-01  6.739744594e-01  1.146569859e+00
 6.849315068e-01  6.756827463e-01  1.144557475e+00
 6.868884540e-01  6.773940346e-01  1.142551332e+00
 6.888454012e-01  6.791083257e-01  1.140551323e+00
 6.908023483e-01  6.808256209e-01  1.138557227e+00
 6.927592955e-01  6.825459222e-01  1.136569011e+00
 6.947162427e-01  6.842692308e-01  1.134586742e+00
 6.966731898e-01  6.859955485e-01  1.132610330e+00
 6.986301370e-01  6.877248767e-01  1.130639668e+00
 7.005870841e-01  6.894572174e-01  1.128674693e+00
 7.025440313e-01  6.911925723e-01  1.126715335e+00
 7.045009785e-01  6.929309433e-01  1.124761271e+00
 7.064579256e-01  6.946723332e-01  1.122812338e+00
 7.084148728e-01  6.964167442e-01  1.120868655e+00
 7.103718200e-01  6.981641787e-01  1.118930166e+00
 7.123287671e-01  6.999146391e-01  1.116996667e+00
 7.142857143e-01  7.016681284e-01  1.115067982e+00
 7.162426614e-01  7.034246495e-01  1.113143929e+00
 7.181996086e-01  7.051842058e-01  1.111224294e+00
 7.201565558e-01  7.069468008e-01  1.109309057e+00
 7.221135029e-01  7.087124382e-01  1.107398188e+00
 7.240704501e-01  7.104811214e-01  1.105491542e+00
 7.260273973e-01  7.122528543e-01  1.103588940e+00
 7.279843444e-01  7.140276413e-01  1.101690245e+00
 7.299412916e-01  7.158054864e-01  1.099795180e+00
 7.318982387e-01  7.175863949e-01  1.097903454e+00
 7.338551859e-01  7.193703719e-01  1.096015053e+00
 7.358121331e-01  7.211574226e-01  1.094129919e+00
 7.377690802e-01  7.229475524e-01  1.092247923e+00
 7.397260274e-01  7.247407667e-01  1.090368847e+00
 7.416829746e-01  7.265370718e-01  1.088492539e+00
 7.436399217e-01  7.283364736e-01  1.086618839e+00
 7.455968689e-01  7.301389789e-01  1.084747458e+00
 7.475538160e-01  7.319445947e-01  1.082878261e+00
 7.495107632e-01  7.337533281e-01  1.081011024e+00
 7.514677104e-01  7.355651869e-01  1.079145491e+00
 7.534246575e-01  7.373801793e-01  1.077281625e+00
 7.553816047e-01  7.391983132e-01  1.075419414e+00
 7.573385519e-01  7.410195968e-01  1.073558789e+00
 7.592954990e-01  7.428440383e-01  1.071699181e+00
 7.612524462e-01  7.446716479e-01  1.069840264e+00
 7.632093933e-01  7.465024351e-01  1.067982258e+00
 7.651663405e-01  7.483364094e-01  1.066125041e+00
 7.671232877e-01  7.501735807e-01  1.064268279e+00
 7.690802348e-01  7.520139598e-01  1.062411542e+00
 7.710371820e-01  7.538575583e-01  1.060554642e+00
 7.729941292e-01  7.557043876e-01  1.058697868e+00
 7.749510763e-01  7.575544585e-01  1.056841474e+00
 7.769080235e-01  7.594077816e-01  1.054985906e+00
 7.788649706e-01  7.612643662e-01  1.053131830e+00
 7.808219178e-01  7.631242208e-01  1.051280019e+00
 7.827788650e-01  7.649873518e-01  1.049431680e+00
 7.847358121e-01  7.668537636e-01  1.047588396e+00
 7.866927593e-01  7.687234569e-01  1.045752375e+00
 7.886497065e-01  7.705964281e-01  1.043927044e+00
 7.906066536e-01  7.724726656e-01  1.042114841e+00
 7.925636008e-01  7.743521564e-01  1.040316702e+00
 7.945205479e-01  7.762348854e-01  1.038534997e+00
 7.964774951e-01  7.781208306e-01  1.036774280e+00
 7.984344423e-01  7.800099596e-01  1.035043080e+00
 8.003913894e-01  7.819022188e-01  1.033345793e+00
 8.023483366e-01  7.837975587e-01  1.031681215e+00
 8.043052838e-01  7.856959288e-01  1.030050877e+00
 8.062622309e-01  7.875972730e-01  1.028461391e+00
 8.082191781e-01  7.895015154e-01  1.026922196e+00
 8.101761252e-01  7.914085633e-01  1.025436865e+00
 8.121330724e-01  7.933183259e-01  1.024003151e+00
 8.140900196e-01  7.952307176e-01  1.022622830e+00
 8.160469667e-01  7.971456390e-01  1.021311261e+00
 8.180039139e-01  7.990629453e-01  1.020083007e+00
 8.199608611e-01  8.009824807e-01  1.018935868e+00
 8.219178082e-01  8.029041062e-01  1.017861643e+00
 8.238747554e-01  8.048276952e-01  1.016858063e+00
 8.258317025e-01  8.067531155e-01  1.015927462e+00
 8.277886497e-01  8.086802299e-01  1.015081887e+00
 8.297455969e-01  8.106088591e-01  1.014325218e+00
 8.317025440e-01  8.125388497e-01  1.013642869e+00
 8.336594912e-01  8.144700762e-01  1.013027799e+00
 8.356164384e-01  8.164024109e-01  1.012481179e+00
 8.375733855e-01  8.183357232e-01  1.012007048e+00
 8.395303327e-01  8.202698689e-01  1.011596361e+00
 8.414872798e-01  8.222047512e-01  1.011233085e+00
 8.434442270e-01  8.241402867e-01  1.010905200e+00
 8.454011742e-01  8.260764243e-01  1.010600526e+00
 8.473581213e-01  8.280131270e-01  1.010314416e+00
 8.493150685e-01  8.299503614e-01  1.010034326e+00
 8.512720157e-01  8.318881384e-01  1.009748641e+00
 8.532289628e-01  8.338264691e-01  1.009452228e+00
 8.551859100e-01  8.357653843e-01  1.009133308e+00
 8.571428571e-01  8.377049403e-01  1.008781861e+00
 8.590998043e-01  8.396452068e-01  1.008380719e+00
 8.610567515e-01  8.415863064e-01  1.007915953e+00
 8.630136986e-01  8.435283627e-01  1.007386169e+00
 8.649706458e-01  8.454715046e-01  1.006795235e+00
 8.669275930e-01  8.474158415e-01  1.006134739e+00
 8.688845401e-01  8.493615355e-01  1.005397689e+00
 8.708414873e-01  8.513087244e-01  1.004573244e+00
 8.727984344e-01  8.532576136e-01  1.003652433e+00
 8.747553816e-01  8.552083773e-01  1.002644297e+00
 8.767123288e-01  8.571611879e-01  1.001554376e+00
 8.786692759e-01  8.591161999e-01  1.000378483e+00
 8.806262231e-01  8.610736044e-01  9.991201754e-01
 8.825831703e-01  8.630335440e-01  9.977594468e-01
 8.845401174e-01  8.649962917e-01  9.962776441e-01
 8.864970646e-01  8.669620664e-01  9.946962412e-01
 8.884540117e-01  8.689310603e-01  9.930339106e-01
 8.904109589e-01  8.709034222e-01  9.912866682e-01
 8.923679061e-01  8.728793640e-01  9.894442660e-01
 8.943248532e-01  8.748590785e-01  9.875133511e-01
 8.962818004e-01  8.768427556e-01  9.854806582e-01
 8.982387476e-01  8.788306462e-01  9.833479660e-01
 9.001956947e-01  8.808229376e-01  9.811297015e-01
 9.021526419e-01  8.828198280e-01  9.788424097e-01
 9.041095890e-01  8.848214416e-01  9.764942466e-01
 9.060665362e-01  8.868279479e-01  9.740411648e-01
 9.080234834e-01  8.888396572e-01  9.714833636e-01
 9.099804305e-01  8.908567439e-01  9.688377286e-01
 9.119373777e-01  8.928794560e-01  9.660921925e-01
 9.138943249e-01  8.949080246e-01  9.632924942e-01
 9.158512720e-01  8.969425116e-01  9.604095212e-01
 9.178082192e-01  8.989832788e-01  9.573962241e-01
 9.197651663e-01  9.010305937e-01  9.543277246e-01
 9.217221135e-01  9.030845057e-01  9.511716015e-01
 9.236790607e-01  9.051454318e-01  9.478675971e-01
 9.256360078e-01  9.072136890e-01  9.445043074e-01
 9.275929550e-01  9.092893187e-01  9.410799138e-01
 9.295499022e-01  9.113726569e-01  9.374876523e-01
 9.315068493e-01  9.134642268e-01  9.337400564e-01
 9.334637965e-01  9.155643232e-01  9.300213473e-01
 9.354207436e-01  9.176726509e-01  9.261857929e-01
 9.373776908e-01  9.197901832e-01  9.220737157e-01
 9.393346380e-01  9.219173601e-01  9.178339867e-01
 9.412915851e-01  9.240545024e-01  9.137887552e-01
 9.432485323e-01  9.262005471e-01  9.096012506e-01
 9.452054795e-01  9.283574251e-01  9.048910284e-01
 9.471624266e-01  9.305258749e-01  8.999733022e-01
 9.491193738e-01  9.327063926e-01  8.952074983e-01
 9.510763209e-01  9.348979837e-01  8.909452165e-01
 9.530332681e-01  9.370994051e-01  8.860405949e-01
 9.549902153e-01  9.393153650e-01  8.800210855e-01
 9.569471624e-01  9.415470165e-01  8.736859445e-01
 9.589041096e-01  9.437952372e-01  8.671536318e-01
 9.608610568e-01  9.460606432e-01  8.696539300e-01
 9.628180039e-01  9.482961536e-01  8.768645023e-01
 9.647749511e-01  9.505241793e-01  8.708125309e-01
 9.667318982e-01  9.527913674e-01  8.540584111e-01
 9.686888454e-01  9.551079444e-01  8.346886201e-01
 9.706457926e-01  9.574818140e-01  8.138491013e-01
 9.726027397e-01  9.599187111e-01  7.924888063e-01
 9.745596869e-01  9.624223549e-01  7.713572672e-01
 9.765166341e-01  9.649946009e-01  7.510218167e-01
 9.784735812e-01  9.676355933e-01  7.318945905e-01
 9.804305284e-01  9.703439158e-01  7.142623760e-01
 9.823874755e-01  9.731167424e-01  6.983150617e-01
 9.843444227e-01  9.759499865e-01  6.841705831e-01
 9.863013699e-01  9.788384491e-01  6.718955826e-01
 9.882583170e-01  9.817759651e-01  6.615218946e-01
 9.902152642e-01  9.847555473e-01  6.530593067e-01
 9.921722114e-01  9.877695282e-01  6.465051679e-01
 9.941291585e-01  9.908096997e-01  6.418515073e-01
 9.960861057e-01  9.938674486e-01  6.390901544e-01
 9.980430528e-01  9.969338905e-01  6.382163102e-01
 1.000000000e+00  1.000000000e+00  6.382855186e-01
4  4.620407880e-01  7.158035160e-01  1.015027242e+00  7.594382541e-01  9.574137416e-01  4.287337083e+01  4.161333965e-01  9.968447884e-01  4.095561946e-01  2.840112454e+00
5  5.919483765e-01  1.081659634e+00  1.008151251e+00  6.249974381e-01  9.295778357e-01  2.709311493e+01  3.682195740e-01  1.067331050e+00  5.846160144e-01  2.891192681e+00
6  6.902366123e-01  1.293114951e+00  1.004800950e+00  5.342382170e-01  9.070039275e-01  2.077130487e+01  3.435671177e-01  1.162569991e+00  7.014664237e-01  2.800040364e+00
7  7.717136223e-01  1.483133747e+00  1.002712742e+00  4.687965076e-01  8.956286823e-01  1.746156340e+01  3.284795577e-01  1.271093992e+00  7.898153664e-01  2.677763228e+00
8  8.384489481e-01  1.789625610e+00  1.001239204e+00  4.190599349e-01  9.062012827e-01  1.601180561e+01  3.191692230e-01  1.402251289e+00  8.578933459e-01  2.541920694e+00
9  8.895279956e-01  2.227166759e+00  1.000180341e+00  3.795783470e-01  9.554330735e-01  1.635940354e+01  3.141132292e-01  1.583262308e+00  9.086918876e-01  2.394599782e+00
10  9.335733528e-01  1.859528653e+00  9.995716451e-01  3.480445356e-01  1.060825927e+00  1.869493794e+01  3.127322338e-01  1.840542244e+00  9.498947035e-01  2.260475937e+00
11  9.687639882e-01  3.965859353e+00  9.998382518e-01  3.221975750e-01  1.256602086e+00  2.453485059e+01  3.158101390e-01  2.349068881e+00  9.792950626e-01  2.133008384e+00
12  9.848738388e-01  7.300679000e+00  9.999304963e-01  2.985442238e-01  1.526745633e+00  3.448704763e+01  3.198470595e-01  3.553943643e+00  9.902924981e-01  1.987955609e+00
13  9.929667559e-01  1.378973983e+01  9.999633864e-01  2.775628287e-01  1.759188244e+00  4.349493457e+01  3.243802168e-01  6.075573096e+00  9.955102415e-01  1.850175681e+00
0 0 -1.223300423e-01 -1.252182865e-17
0 1  1.386522943e-02 -5.884152530e-03
0 2 -1.594417966e-02  7.543259023e-03
0 3  3.513230859e-03 -8.939652409e-03
0 4  9.694821308e-04  7.501243612e-03
0 5 -6.442347317e-03 -1.778453963e-03
0 6  1.699425708e-03 -4.807672958e-03
0 7  4.271917748e-03 -3.747373851e-05
0 8  2.652370829e-03  2.856529953e-03
0 9  9.845322944e-04  3.479181565e-03
1 0 -1.133427993e-01 -4.810063351e-02
1 1 -9.414617083e-02  8.106784373e-18
1 2  8.847095772e-03 -8.556943464e-03
1 3 -1.365531668e-02  1.074618548e-02
1 4 -2.918530577e-03 -1.038681150e-02
1 5  5.939762107e-03  3.572193099e-03
1 6 -4.487662976e-03  5.607686758e-03
1 7 -6.246995805e-03 -1.000119341e-03
1 8 -3.398114433e-03 -4.253360174e-03
1 9 -1.114089949e-03 -4.684485421e-03
2 0  1.303374001e-01  6.166317680e-02
2 1 -9.397191297e-02 -9.088997873e-02
2 2 -7.481514947e-02 -2.763372577e-17
2 3  3.796341548e-03 -1.048987063e-02
2 4 -7.983966612e-03  1.147995070e-02
2 5 -9.580502253e-03 -6.367165167e-03
2 6  3.788445300e-03 -4.805268759e-03
2 7  4.272121113e-03  2.771137685e-03
2 8  6.370673528e-04  5.249615485e-03
2 9 -1.703853642e-03  4.911128116e-03
3 0 -2.871928101e-02 -7.307814372e-02
3 1  1.450437821e-01  1.141436277e-01
3 2 -5.074295213e-02 -1.402105149e-01
3 3 -6.133467560e-02  5.352542384e-17
3 4 -8.306740684e-04 -1.204433407e-02
3 5 -1.936472359e-03  9.370702093e-03
3 6 -1.110920600e-02  1.699863976e-03
3 7 -6.133347951e-03 -5.395512064e-03
3 8 -8.484476596e-04 -5.802507079e-03
3 9  1.489293370e-03 -4.416954495e-03
4 0 -7.925135257e-03  6.131971733e-02
4 1  3.099999236e-02 -1.103264361e-01
4 2  1.067159081e-01  1.534441993e-01
4 3  1.354330255e-02 -1.963707145e-01
4 4 -5.137509936e-02  6.480899796e-17
4 5 -5.594081416e-03 -1.294931839e-02
4 6  2.408348661e-03  3.384949940e-03
4 7 -4.149433142e-03  6.739634283e-03
4 8 -7.658469492e-03  3.799491162e-03
4 9 -8.026784813e-03  1.050084316e-03
5 0  5.266365644e-02 -1.453816193e-02
5 1 -6.309085175e-02  3.794305247e-02
5 2  1.280556454e-01 -8.510529233e-02
5 3  3.157222794e-02  1.527798427e-01
5 4  1.088870189e-01 -2.520543717e-01
5 5 -4.325941880e-02 -1.390056222e-17
5 6 -9.920369417e-03 -1.185369915e-02
5 7  1.259639646e-03 -4.543026381e-03
5 8  2.009984063e-03  1.292586027e-03
5 9  6.016326569e-04  3.336212864e-03
6 0 -1.389213701e-02 -3.930083624e-02
6 1  4.766697292e-02  5.956362015e-02
6 2 -5.063740869e-02 -6.422855254e-02
6 3  1.811243948e-01  2.771456699e-02
6 4 -4.687774216e-02  6.588697603e-02
6 5  2.293227624e-01 -2.740142951e-01
6 6 -3.662786127e-02 -2.497072885e-17
6 7 -1.363429211e-02 -8.749340372e-03
6 8 -5.132397339e-03 -8.522613886e-03
6 9 -1.524530949e-03 -6.672727498e-03
7 0 -3.492124804e-02 -3.063330791e-04
7 1  6.635422078e-02 -1.062304853e-02
7 2 -5.710235351e-02  3.703979347e-02
7 3  9.999804990e-02 -8.796838022e-02
7 4  8.076739887e-02  1.311848418e-01
7 5 -2.911827485e-02 -1.050182020e-01
7 6  3.722382810e-01 -2.388711781e-01
7 7 -3.040991632e-02  4.796064650e-16
7 8 -1.587110412e-02 -5.800319586e-03
7 9 -1.098400178e-02 -7.567412387e-03
8 0 -2.168208871e-02  2.335100929e-02
8 1  3.609402701e-02 -4.517825990e-02
8 2 -8.515218606e-03  7.016781390e-02
8 3  1.383308302e-02 -9.460402329e-02
8 4  1.490696775e-01  7.395588933e-02
8 5 -4.646350133e-02  2.987987502e-02
8 6  1.401227689e-01 -2.326811774e-01
8 7  5.219055507e-01 -1.907377688e-01
8 8 -2.279128760e-02 -1.451775549e-16
8 9 -1.251434110e-02 -2.658997082e-03
9 0 -8.048164427e-03  2.844094141e-02
9 1  1.183361935e-02 -4.975757781e-02
9 2  2.277417948e-02  6.564349801e-02
9 3 -2.428142573e-02 -7.201398641e-02
9 4  1.562388183e-01  2.043955787e-02
9 5 -1.390755294e-02  7.712107459e-02
9 6  4.162216675e-02 -1.821762797e-01
9 7  3.611980271e-01 -2.488468665e-01
9 8  5.490844272e-01 -1.166672603e-01
9 9 -1.795371092e-02  6.157002305e-17
0 0 -8.614195286e+00  7.310785373e-16
0 1 -8.481046690e-01  5.463955816e-01
0 2  1.457827866e+00 -5.671992734e-01
0 3 -1.785797002e-01  4.606067805e-01
0 4 -4.151273843e-03 -3.354414850e-01
0 5  2.515993711e-01  8.785049632e-02
0 6 -5.374083289e-02  1.689674975e-01
0 7 -1.284174177e-01  2.924035789e-02
0 8 -4.715138004e-02 -8.896508534e-02
0 9  4.656320188e-02 -1.290791081e-01
1 0 -8.481046690e-01 -5.463955816e-01
1 1 -1.149472853e+01 -2.857895252e-15
1 2 -6.736169557e-01  1.308021852e+00
1 3  2.142705317e+00 -1.384301679e+00
1 4  2.341652735e-01  9.053556885e-01
1 5 -3.900847939e-01 -3.243198796e-01
1 6  2.828399506e-01 -3.375329283e-01
1 7  3.124113127e-01  1.133624475e-02
1 8  7.611294074e-02  2.084217098e-01
1 9 -9.595603708e-02  2.500126655e-01
2 0  1.457827866e+00  5.671992734e-01
2 1 -6.736169557e-01 -1.308021852e+00
2 2 -1.469531579e+01 -1.193321740e-14
2 3 -6.458629353e-02  2.466421705e+00
2 4  2.156075906e+00 -2.396318826e+00
2 5  1.269486506e+00  9.407584166e-01
2 6 -4.321929150e-01  4.455366880e-01
2 7 -3.900965062e-01 -1.814648660e-01
2 8  5.845609767e-02 -3.870388671e-01
2 9  4.300013833e-01 -3.591390636e-01
3 0 -1.785797002e-01 -4.606067805e-01
3 1  2.142705317e+00  1.384301679e+00
3 2 -6.458629353e-02 -2.466421705e+00
3 3 -1.829095372e+01 -1.839277214e-14
3 4  1.205286938e+00  4.130512329e+00
3 5  1.356555858e+00 -3.259086706e+00
3 6  2.229494748e+00 -2.488642356e-01
3 7  8.036251057e-01  6.883926037e-01
3 8 -1.881507055e-01  4.904337448e-01
3 9 -5.587852466e-01  1.358354128e-01
4 0 -4.151273843e-03  3.354414850e-01
4 1  2.341652735e-01 -9.053556885e-01
4 2  2.156075906e+00  2.396318826e+00
4 3  1.205286938e+00 -4.130512329e+00
4 4 -2.243964144e+01 -1.443579363e-14
4 5  3.613343503e+00  6.200135704e+00
4 6 -2.949798791e-01 -2.585316146e+00
4 7  1.030831012e+00 -1.714077014e+00
4 8  1.516948244e+00 -4.744666182e-01
4 9  1.747798538e+00  3.834867682e-01
5 0  2.515993711e-01 -8.785049632e-02
5 1 -3.900847939e-01  3.243198796e-01
5 2  1.269486506e+00 -9.407584166e-01
5 3  1.356555858e+00  3.259086706e+00
5 4  3.613343503e+00 -6.200135704e+00
5 5 -2.726710229e+01  1.334334897e-15
5 6  7.387568711e+00  7.608652566e+00
5 7 -7.869916203e-01  6.389609310e-01
5 8 -2.573061488e-01 -1.994328536e+00
5 9  1.162182991e+00 -2.934749989e+00
6 0 -5.374083289e-02 -1.689674975e-01
6 1  2.828399506e-01  3.375329283e-01
6 2 -4.321929150e-01 -4.455366880e-01
6 3  2.229494748e+00  2.488642356e-01
6 4 -2.949798791e-01  2.585316146e+00
6 5  7.387568711e+00 -7.608652566e+00
6 6 -3.384515368e+01 -4.868059785e-13
6 7  1.233344259e+01  6.909333254e+00
6 8  4.722871514e-01  1.956769317e+00
6 9 -1.356437395e+00 -8.942517029e-01
7 0 -1.284174177e-01 -2.924035789e-02
7 1  3.124113127e-01 -1.133624475e-02
7 2 -3.900965062e-01  1.814648660e-01
7 3  8.036251057e-01 -6.883926037e-01
7 4  1.030831012e+00  1.714077014e+00
7 5 -7.869916203e-01 -6.389609310e-01
7 6  1.233344259e+01 -6.909333254e+00
7 7 -4.734015543e+01 -4.781587211e-13
7 8  1.939558618e+01  6.453099637e+00
7 9  5.396136212e+00  4.635611973e+00
8 0 -4.715138004e-02  8.896508534e-02
8 1  7.611294074e-02 -2.084217098e-01
8 2  5.845609767e-02  3.870388671e-01
8 3 -1.881507055e-01 -4.904337448e-01
8 4  1.516948244e+00  4.744666182e-01
8 5 -2.573061488e-01  1.994328536e+00
8 6  4.722871514e-01 -1.956769317e+00
8 7  1.939558618e+01 -6.453099637e+00
8 8 -6.142738062e+01  2.999151954e-13
8 9  3.058333898e+01  6.498225395e+00
9 0  4.656320188e-02  1.290791081e-01
9 1 -9.595603708e-02 -2.500126655e-01
9 2  4.300013833e-01  3.591390636e-01
9 3 -5.587852466e-01 -1.358354128e-01
9 4  1.747798538e+00 -3.834867682e-01
9 5  1.162182991e+00  2.934749989e+00
9 6 -1.356437395e+00  8.942517029e-01
9 7  5.396136212e+00 -4.635611973e+00
9 8  3.058333898e+01 -6.498225395e+00
9 9 -5.569879142e+01 -1.910120914e-13
0  6.993107303e-02  6.538400117e-03 -1.527379941e-01 -4.082986030e-02
1  1.136676667e-01  1.080779135e-02  1.711046970e-01  8.486235080e-02
2  1.517385601e-01  1.357597741e-02 -1.430837828e-01 -1.430931752e-01
3  1.946137843e-01  1.819722031e-02  5.703703740e-02  1.979858366e-01
4  2.385573941e-01  2.066325666e-02  9.192212690e-02 -1.832433392e-01
5  2.767769220e-01  2.409292394e-02 -2.002245365e-01  9.820951581e-03
6  3.144709106e-01  2.697981418e-02  3.092686045e-02  1.915561838e-01
7  3.398788758e-01  2.799110333e-02  1.784152661e-01  4.359076779e-02
8  3.328417701e-01  2.708284731e-02  1.454642948e-01 -9.082658493e-02
9  3.077896500e-01  9.738011258e-03  8.393975106e-02 -1.361473978e-01
