 1.695500020e+00 -1.802604920e+00  8.598286223e-01  3.375403324e+00  9.330723703e-01  9.511063190e-01  6.595227400e+00 512 3 10
 0.000000000e+00  0.000000000e+00 -1.797778781e-06
 1.956947162e-03  2.959735248e-02  1.322397852e-01
 3.913894325e-03  4.185681062e-02  1.870141919e-01
 5.870841487e-03  5.126390397e-02  2.290401236e-01
 7.827788650e-03  5.919466876e-02  2.644627651e-01
 9.784735812e-03  6.618213600e-02  2.956617841e-01
 1.174168297e-02  7.249969885e-02  3.238571621e-01
 1.369863014e-02  7.830978134e-02  3.497732972e-01
 1.565557730e-02  8.371822377e-02  3.738819280e-01
 1.761252446e-02  8.879855254e-02  3.965105328e-01
 1.956947162e-02  9.360430949e-02  4.178973918e-01
 2.152641879e-02  9.817592072e-02  4.382222608e-01
 2.348336595e-02  1.025447987e-01  4.576246873e-01
 2.544031311e-02  1.067359287e-01  4.762151474e-01
 2.739726027e-02  1.107695793e-01  4.940820561e-01
 2.935420744e-02  1.146624733e-01  5.113027592e-01
 3.131115460e-02  1.184285283e-01  5.279411196e-01
 3.326810176e-02  1.220795462e-01  5.440475667e-01
 3.522504892e-02  1.256256179e-01  5.596680112e-01
 3.718199609e-02  1.290754372e-01  5.748390284e-01
 3.913894325e-02  1.324366042e-01  5.895919583e-01
 4.109589041e-02  1.357157722e-01  6.039565911e-01
 4.305283757e-02  1.389188152e-01  6.179591301e-01
 4.500978474e-02  1.420509410e-01  6.316240844e-01
 4.696673190e-02  1.451167890e-01  6.449723607e-01
 4.892367906e-02  1.481205253e-01  6.580217765e-01
 5.088062622e-02  1.510659046e-01  6.707887186e-01
 5.283757339e-02  1.539563250e-01  6.832888444e-01
 5.479452055e-02  1.567948672e-01  6.955340113e-01
 5.675146771e-02  1.595843589e-01  7.075339087e-01
 5.870841487e-02  1.623273885e-01  7.193001997e-01
 6.066536204e-02  1.650263262e-01  7.308452953e-01
 6.262230920e-02  1.676833427e-01  7.421794558e-01
 6.457925636e-02  1.703004451e-01  7.533117187e-01
 6.653620352e-02  1.728794843e-01  7.642521399e-01
 6.849315068e-02  1.754221694e-01  7.750035164e-01
 7.045009785e-02  1.779301252e-01  7.855660221e-01
 7.240704501e-02  1.804048722e-01  7.959539403e-01
 7.436399217e-02  1.828477748e-01  8.061835347e-01
 7.632093933e-02  1.852601001e-01  8.162496627e-01
 7.827788650e-02  1.876431054e-01  8.261471711e-01
 8.023483366e-02  1.899979614e-01  8.358909597e-01
 8.219178082e-02  1.923257215e-01  8.454916601e-01
 8.414872798e-02  1.946273896e-01  8.549498503e-01
 8.610567515e-02  1.969039202e-01  8.642669451e-01
 8.806262231e-02  1.991562200e-01  8.734448568e-01
 9.001956947e-02  2.013851501e-01  8.824864279e-01
 9.197651663e-02  2.035915254e-01  8.913972069e-01
 9.393346380e-02  2.057761075e-01  9.001876870e-01
 9.589041096e-02  2.079395948e-01  9.088568239e-01
 9.784735812e-02  2.100826932e-01  9.173984869e-01
 9.980430528e-02  2.122060739e-01  9.258179420e-01
 1.017612524e-01  2.143103645e-01  9.341246328e-01
 1.037181996e-01  2.163961434e-01  9.423235948e-01
 1.056751468e-01  2.184639701e-01  9.504113853e-01
 1.076320939e-01  2.205143959e-01  9.583859994e-01
 1.095890411e-01  2.225479487e-01  9.662512425e-01
 1.115459883e-01  2.245651253e-01  9.740125175e-01
 1.135029354e-01  2.265663950e-01  9.816742345e-01
 1.154598826e-01  2.285522036e-01  9.892378749e-01
 1.174168297e-01  2.305229836e-01  9.967000038e-01
 1.193737769e-01  2.324791651e-01  1.004058308e+00
 1.213307241e-01  2.344211615e-01  1.011319329e+00
 1.232876712e-01  2.363493511e-01  1.018492544e+00
 1.252446184e-01  2.382640863e-01  1.025575960e+00
 1.272015656e-01  2.401657300e-01  1.032562567e+00
 1.291585127e-01  2.420546389e-01  1.039454134e+00
 1.311154599e-01  2.439311479e-01  1.046257866e+00
 1.330724070e-01  2.457955676e-01  1.052976147e+00
 1.350293542e-01  2.476482055e-01  1.059610048e+00
 1.369863014e-01  2.494893511e-01  1.066158572e+00
 1.389432485e-01  2.513192984e-01  1.072617990e+00
 1.409001957e-01  2.531383336e-01  1.078990586e+00
 1.428571429e-01  2.549467273e-01  1.085282691e+00
 1.448140900e-01  2.567447298e-01  1.091499384e+00
 1.467710372e-01  2.585325810e-01  1.097636984e+00
 1.487279843e-01  2.603105304e-01  1.103687570e+00
 1.506849315e-01  2.620788312e-01  1.109655229e+00
 1.526418787e-01  2.638377073e-01  1.115549530e+00
 1.545988258e-01  2.655873695e-01  1.121370907e+00
 1.565557730e-01  2.673280300e-01  1.127116070e+00
 1.585127202e-01  2.690598997e-01  1.132781779e+00
 1.604696673e-01  2.707831903e-01  1.138369739e+00
 1.624266145e-01  2.724980979e-01  1.143883686e+00
 1.643835616e-01  2.742048137e-01  1.149326732e+00
 1.663405088e-01  2.759035157e-01  1.154701765e+00
 1.682974560e-01  2.775943783e-01  1.160003246e+00
 1.702544031e-01  2.792775878e-01  1.165226604e+00
 1.722113503e-01  2.809533241e-01  1.170377688e+00
 1.741682975e-01  2.826217491e-01  1.175463271e+00
 1.761252446e-01  2.842830160e-01  1.180483475e+00
 1.780821918e-01  2.859372798e-01  1.185433036e+00
 1.800391389e-01  2.875847022e-01  1.190309416e+00
 1.819960861e-01  2.892254389e-01  1.195116068e+00
 1.839530333e-01  2.908596356e-01  1.199856272e+00
 1.859099804e-01  2.924874333e-01  1.204533040e+00
 1.878669276e-01  2.941089641e-01  1.209147013e+00
 1.898238748e-01  2.957243618e-01  1.213692116e+00
 1.917808219e-01  2.973337698e-01  1.218165295e+00
 1.937377691e-01  2.989373250e-01  1.222572940e+00
 1.956947162e-01  3.005351489e-01  1.226922194e+00
 1.976516634e-01  3.021273550e-01  1.231212018e+00
 1.996086106e-01  3.037140634e-01  1.235434216e+00
 2.015655577e-01  3.052954045e-01  1.239587239e+00
 2.035225049e-01  3.068714982e-01  1.243678368e+00
 2.054794521e-01  3.084424523e-01  1.247710513e+00
 2.074363992e-01  3.100083753e-01  1.251682745e+00
 2.093933464e-01  3.115693738e-01  1.255593629e+00
 2.113502935e-01  3.131255566e-01  1.259441296e+00
 2.133072407e-01  3.146770314e-01  1.263225325e+00
 2.152641879e-01  3.162239045e-01  1.266948087e+00
 2.172211350e-01  3.177662747e-01  1.270614729e+00
 2.191780822e-01  3.193042327e-01  1.274226004e+00
 2.211350294e-01  3.208378726e-01  1.277775794e+00
 2.230919765e-01  3.223672968e-01  1.281261405e+00
 2.250489237e-01  3.238926033e-01  1.284687712e+00
 2.270058708e-01  3.254138801e-01  1.288059687e+00
 2.289628180e-01  3.269312105e-01  1.291376613e+00
 2.309197652e-01  3.284446822e-01  1.294636064e+00
 2.328767123e-01  3.299543818e-01  1.297836091e+00
 2.348336595e-01  3.314603989e-01  1.300976287e+00
 2.367906067e-01  3.329628190e-01  1.304059648e+00
 2.387475538e-01  3.344617226e-01  1.307090837e+00
 2.407045010e-01  3.359571822e-01  1.310070283e+00
 2.426614481e-01  3.374492755e-01  1.312992371e+00
 2.446183953e-01  3.389380859e-01  1.315853704e+00
 2.465753425e-01  3.404236968e-01  1.318658715e+00
 2.485322896e-01  3.419061799e-01  1.321414687e+00
 2.504892368e-01  3.433856003e-01  1.324120138e+00
 2.524461840e-01  3.448620313e-01  1.326769233e+00
 2.544031311e-01  3.463355496e-01  1.329361738e+00
 2.563600783e-01  3.478062273e-01  1.331900755e+00
 2.583170254e-01  3.492741328e-01  1.334388164e+00
 2.602739726e-01  3.507393326e-01  1.336824610e+00
 2.622309198e-01  3.522018921e-01  1.339209539e+00
 2.641878669e-01  3.536618778e-01  1.341543161e+00
 2.661448141e-01  3.551193533e-01  1.343822917e+00
 2.681017613e-01  3.565743894e-01  1.346048577e+00
 2.700587084e-01  3.580270490e-01  1.348225534e+00
 2.720156556e-01  3.594773898e-01  1.350355339e+00
 2.739726027e-01  3.609254706e-01  1.352434387e+00
 2.759295499e-01  3.623713556e-01  1.354461114e+00
 2.778864971e-01  3.638151058e-01  1.356436770e+00
 2.798434442e-01  3.652567820e-01  1.358363607e+00
 2.818003914e-01  3.666964390e-01  1.360243167e+00
 2.837573386e-01  3.681341336e-01  1.362073798e+00
 2.857142857e-01  3.695699234e-01  1.363856472e+00
 2.876712329e-01  3.710038620e-01  1.365591057e+00
 2.896281800e-01  3.724360065e-01  1.367274710e+00
 2.915851272e-01  3.738664156e-01  1.368910397e+00
 2.935420744e-01  3.752951396e-01  1.370502100e+00
 2.954990215e-01  3.767222280e-01  1.372048563e+00
 2.974559687e-01  3.781477330e-01  1.373546778e+00
 2.994129159e-01  3.795717099e-01  1.374995115e+00
 3.013698630e-01  3.809942133e-01  1.376397123e+00
 3.033268102e-01  3.824152906e-01  1.377757696e+00
 3.052837573e-01  3.838349858e-01  1.379073277e+00
 3.072407045e-01  3.852533530e-01  1.380340790e+00
 3.091976517e-01  3.866704420e-01  1.381563323e+00
 3.111545988e-01  3.880863001e-01  1.382741512e+00
 3.131115460e-01  3.895009752e-01  1.383875641e+00
 3.150684932e-01  3.909145134e-01  1.384966563e+00
 3.170254403e-01  3.923269607e-01  1.386013039e+00
 3.189823875e-01  3.937383652e-01  1.387016491e+00
 3.209393346e-01  3.951487695e-01  1.387976533e+00
 3.228962818e-01  3.965582221e-01  1.388891876e+00
 3.248532290e-01  3.979667679e-01  1.389766747e+00
 3.268101761e-01  3.993744466e-01  1.390600429e+00
 3.287671233e-01  4.007813039e-01  1.391389775e+00
 3.307240705e-01  4.021873858e-01  1.392136942e+00
 3.326810176e-01  4.035927334e-01  1.392843508e+00
 3.346379648e-01  4.049973891e-01  1.393510418e+00
 3.365949119e-01  4.064013918e-01  1.394136567e+00
 3.385518591e-01  4.078047860e-01  1.394718899e+00
 3.405088063e-01  4.092076166e-01  1.395260617e+00
 3.424657534e-01  4.106099211e-01  1.395765804e+00
 3.444227006e-01  4.120117364e-01  1.396231631e+00
 3.463796477e-01  4.134131054e-01  1.396656040e+00
 3.483365949e-01  4.148140688e-01  1.397040192e+00
 3.502935421e-01  4.162146672e-01  1.397385335e+00
 3.522504892e-01  4.176149386e-01  1.397693510e+00
 3.542074364e-01  4.190149195e-01  1.397964102e+00
 3.561643836e-01  4.204146488e-01  1.398195700e+00
 3.581213307e-01  4.218141659e-01  1.398389910e+00
 3.600782779e-01  4.232135065e-01  1.398545706e+00
 3.620352250e-01  4.246127118e-01  1.398662350e+00
 3.639921722e-01  4.260118190e-01  1.398744242e+00
 3.659491194e-01  4.274108605e-01  1.398791671e+00
 3.679060665e-01  4.288098728e-01  1.398802605e+00
 3.698630137e-01  4.302088924e-01  1.398775187e+00
 3.718199609e-01  4.316079596e-01  1.398709451e+00
 3.737769080e-01  4.330071107e-01  1.398610056e+00
 3.757338552e-01  4.344063767e-01  1.398479330e+00
 3.776908023e-01  4.358057894e-01  1.398313251e+00
 3.796477495e-01  4.372053878e-01  1.398110106e+00
 3.816046967e-01  4.386052072e-01  1.397871415e+00
 3.835616438e-01  4.400052837e-01  1.397599170e+00
 3.855185910e-01  4.414056485e-01  1.397294693e+00
 3.874755382e-01  4.428063352e-01  1.396957496e+00
 3.894324853e-01  4.442073762e-01  1.396587710e+00
 3.913894325e-01  4.456088047e-01  1.396184289e+00
 3.933463796e-01  4.470106554e-01  1.395746386e+00
 3.953033268e-01  4.484129635e-01  1.395275308e+00
 3.972602740e-01  4.498157610e-01  1.394774157e+00
 3.992172211e-01  4.512190770e-01  1.394244599e+00
 4.011741683e-01  4.526229404e-01  1.393683895e+00
 4.031311155e-01  4.540273858e-01  1.393088099e+00
 4.050880626e-01  4.554324502e-01  1.392459443e+00
 4.070450098e-01  4.568381641e-01  1.391802330e+00
 4.090019569e-01  4.582445555e-01  1.391118570e+00
 4.109589041e-01  4.596516516e-01  1.390406235e+00
 4.129158513e-01  4.610594846e-01  1.389661450e+00
 4.148727984e-01  4.624680893e-01  1.388884904e+00
 4.168297456e-01  4.638774970e-01  1.388080257e+00
 4.187866928e-01  4.652877354e-01  1.387248481e+00
 4.207436399e-01  4.666988337e-01  1.386390007e+00
 4.227005871e-01  4.681108191e-01  1.385504547e+00
 4.246575342e-01  4.695237217e-01  1.384589647e+00
 4.266144814e-01  4.709375738e-01  1.383645432e+00
 4.285714286e-01  4.723524054e-01  1.382673490e+00
 4.305283757e-01  4.737682459e-01  1.381676333e+00
 4.324853229e-01  4.751851205e-01  1.380656569e+00
 4.344422701e-01  4.766030533e-01  1.379611085e+00
 4.363992172e-01  4.780220761e-01  1.378535652e+00
 4.383561644e-01  4.794422222e-01  1.377432574e+00
 4.403131115e-01  4.808635187e-01  1.376305942e+00
 4.422700587e-01  4.822859908e-01  1.375158129e+00
 4.442270059e-01  4.837096610e-01  1.373987911e+00
 4.461839530e-01  4.851345572e-01  1.372790261e+00
 4.481409002e-01  4.865607126e-01  1.371565695e+00
 4.500978474e-01  4.879881543e-01  1.370318524e+00
 4.520547945e-01  4.894169069e-01  1.369050365e+00
 4.540117417e-01  4.908469944e-01  1.367761217e+00
 4.559686888e-01  4.922784416e-01  1.366449205e+00
 4.579256360e-01  4.937112766e-01  1.365112775e+00
 4.598825832e-01  4.951455279e-01  1.363754025e+00
 4.618395303e-01  4.965812196e-01  1.362374061e+00
 4.637964775e-01  4.980183780e-01  1.360973557e+00
 4.657534247e-01  4.994570259e-01  1.359554172e+00
 4.677103718e-01  5.008971868e-01  1.358114248e+00
 4.696673190e-01  5.023388870e-01  1.356652412e+00
 4.716242661e-01  5.037821532e-01  1.355169288e+00
 4.735812133e-01  5.052270108e-01  1.353667024e+00
 4.755381605e-01  5.066734822e-01  1.352147943e+00
 4.774951076e-01  5.081215882e-01  1.350611504e+00
 4.794520548e-01  5.095713524e-01  1.349054910e+00
 4.814090020e-01  5.110228022e-01  1.347477912e+00
 4.833659491e-01  5.124759618e-01  1.345883274e+00
 4.853228963e-01  5.139308531e-01  1.344273219e+00
 4.872798434e-01  5.153874958e-01  1.342647406e+00
 4.892367906e-01  5.168459127e-01  1.341003704e+00
 4.911937378e-01  5.183061286e-01  1.339342007e+00
 4.931506849e-01  5.197681666e-01  1.337664192e+00
 4.951076321e-01  5.212320478e-01  1.335972109e+00
 4.970645793e-01  5.226977917e-01  1.334265431e+00
 4.990215264e-01  5.241654204e-01  1.332542420e+00
 5.009784736e-01  5.256349572e-01  1.330804203e+00
 5.029354207e-01  5.271064223e-01  1.329052221e+00
 5.048923679e-01  5.285798361e-01  1.327286970e+00
 5.068493151e-01  5.300552177e-01  1.325508303e+00
 5.088062622e-01  5.315325885e-01  1.323715144e+00
 5.107632094e-01  5.330119701e-01  1.321908510e+00
 5.127201566e-01  5.344933819e-01  1.320090420e+00
 5.146771037e-01  5.359768413e-01  1.318260907e+00
 5.166340509e-01  5.374623679e-01  1.316419116e+00
 5.185909980e-01  5.389499812e-01  1.314565033e+00
 5.205479452e-01  5.404397012e-01  1.312699122e+00
 5.225048924e-01  5.419315466e-01  1.310822996e+00
 5.244618395e-01  5.434255340e-01  1.308937434e+00
 5.264187867e-01  5.449216807e-01  1.307041517e+00
 5.283757339e-01  5.464200054e-01  1.305135375e+00
 5.303326810e-01  5.479205256e-01  1.303219341e+00
 5.322896282e-01  5.494232593e-01  1.301294141e+00
 5.342465753e-01  5.509282227e-01  1.299360629e+00
 5.362035225e-01  5.524354321e-01  1.297419053e+00
 5.381604697e-01  5.539449032e-01  1.295469655e+00
 5.401174168e-01  5.554566520e-01  1.293512074e+00
 5.420743640e-01  5.569706954e-01  1.291546831e+00
 5.440313112e-01  5.584870484e-01  1.289574307e+00
 5.459882583e-01  5.600057271e-01  1.287595194e+00
 5.479452055e-01  5.615267452e-01  1.285610772e+00
 5.499021526e-01  5.630501159e-01  1.283620344e+00
 5.518590998e-01  5.645758548e-01  1.281623552e+00
 5.538160470e-01  5.661039760e-01  1.279620880e+00
 5.557729941e-01  5.676344944e-01  1.277613076e+00
 5.577299413e-01  5.691674224e-01  1.275601568e+00
 5.596868885e-01  5.707027716e-01  1.273586426e+00
 5.616438356e-01  5.722405545e-01  1.271566784e+00
 5.636007828e-01  5.737807847e-01  1.269542417e+00
 5.655577299e-01  5.753234757e-01  1.267514488e+00
 5.675146771e-01  5.768686385e-01  1.265484399e+00
 5.694716243e-01  5.784162830e-01  1.263452408e+00
 5.714285714e-01  5.799664199e-01  1.261418073e+00
 5.733855186e-01  5.815190604e-01  1.259380715e+00
 5.753424658e-01  5.830742168e-01  1.257341028e+00
 5.772994129e-01  5.846318988e-01  1.255300553e+00
 5.792563601e-01  5.861921151e-01  1.253259849e+00
 5.812133072e-01  5.877548741e-01  1.251218710e+00
 5.831702544e-01  5.893201849e-01  1.249176473e+00
 5.851272016e-01  5.908880579e-01  1.247133462e+00
 5.870841487e-01  5.924585015e-01  1.245090861e+00
 5.890410959e-01  5.940315230e-01  1.243049388e+00
 5.909980431e-01  5.956071291e-01  1.241009190e+00
 5.929549902e-01  5.971853268e-01  1.238969827e+00
 5.949119374e-01  5.987661242e-01  1.236931440e+00
 5.968688845e-01  6.003495278e-01  1.234894860e+00
 5.988258317e-01  6.019355435e-01  1.232860682e+00
 6.007827789e-01  6.035241766e-01  1.230829247e+00
 6.027397260e-01  6.051154319e-01  1.228800293e+00
 6.046966732e-01  6.067093155e-01  1.226773911e+00
 6.066536204e-01  6.083058321e-01  1.224750806e+00
 6.086105675e-01  6.099049857e-01  1.222731350e+00
 6.105675147e-01  6.115067802e-01  1.220715771e+00
 6.125244618e-01  6.131112191e-01  1.218704019e+00
 6.144814090e-01  6.147183062e-01  1.216695961e+00
 6.164383562e-01  6.163280454e-01  1.214692010e+00
 6.183953033e-01  6.179404396e-01  1.212692673e+00
 6.203522505e-01  6.195554910e-01  1.210698129e+00
 6.223091977e-01  6.211732022e-01  1.208708396e+00
 6.242661448e-01  6.227935753e-01  1.206723167e+00
 6.262230920e-01  6.244166135e-01  1.204742493e+00
 6.281800391e-01  6.260423190e-01  1.202766868e+00
 6.301369863e-01  6.276706935e-01  1.200796456e+00
 6.320939335e-01  6.293017387e-01  1.198831389e+00
 6.340508806e-01  6.309354558e-01  1.196871517e+00
 6.360078278e-01  6.325718470e-01  1.194916565e+00
 6.379647750e-01  6.342109143e-01  1.192966698e+00
 6.399217221e-01  6.358526591e-01  1.191022130e+00
 6.418786693e-01  6.374970829e-01  1.189082880e+00
 6.438356164e-01  6.391441870e-01  1.187148934e+00
 6.457925636e-01  6.407939729e-01  1.185220234e+00
 6.477495108e-01  6.424464421e-01  1.183296621e+00
 6.497064579e-01  6.441015962e-01  1.181378103e+00
 6.516634051e-01  6.457594368e-01  1.179464695e+00
 6.536203523e-01  6.474199655e-01  1.177556318e+00
 6.555772994e-01  6.490831840e-01  1.175652997e+00
 6.575342466e-01  6.507490937e-01  1.173754507e+00
 6.594911937e-01  6.524176968e-01  1.171860664e+00
 6.614481409e-01  6.540889954e-01  1.169971482e+00
 6.634050881e-01  6.557629915e-01  1.168086945e+00
 6.653620352e-01  6.574396872e-01  1.166207033e+00
 6.673189824e-01  6.591190846e-01  1.164331644e+00
 6.692759295e-01  6.608011860e-01  1.162460355e+00
 6.712328767e-01  6.624859946e-01  1.160592792e+00
 6.731898239e-01  6.641735138e-01  1.158729047e+00
 6.751467710e-01  6.658637466e-01  1.156869240e+00
 6.771037182e-01  6.675566960e-01  1.155013370e+00
 6.790606654e-01  6.692523649e-01  1.153161284e+00
 6.810176125e-01  6.709507566e-01  1.151312323e+00
 6.829745597e-01  6.726518763e-01  1.149465967e+00
 6.849315068e-01  6.743557286e-01  1.147622397e+00
 6.868884540e-01  6.760623180e-01  1.145781796e+00
 6.888454012e-01  6.777716490e-01  1.143944022e+00
 6.908023483e-01  6.794837262e-01  1.142108715e+00
 6.927592955e-01  6.811985551e-01  1.140275434e+00
 6.947162427e-01  6.829161419e-01  1.138443894e+00
 6.966731898e-01  6.846364930e-01  1.136614078e+00
 6.986301370e-01  6.863596145e-01  1.134785822e+00
 7.005870841e-01  6.880855133e-01  1.132958669e+00
 7.025440313e-01  6.898141972e-01  1.131132510e+00
 7.045009785e-01  6.915456733e-01  1.129307424e+00
 7.064579256e-01  6.932799492e-01  1.127482992e+00
 7.084148728e-01  6.950170334e-01  1.125658838e+00
 7.103718200e-01  6.967569347e-01  1.123834405e+00
 7.123287671e-01  6.984996634e-01  1.122009374e+00
 7.142857143e-01  7.002452295e-01  1.120184053e+00
 7.162426614e-01  7.019936424e-01  1.118358651e+00
 7.181996086e-01  7.037449114e-01  1.116532492e+00
 7.201565558e-01  7.054990483e-01  1.114704426e+00
 7.221135029e-01  7.072560660e-01  1.112874392e+00
 7.240704501e-01  7.090159767e-01  1.111042556e+00
 7.260273973e-01  7.107787931e-01  1.109208833e+00
 7.279843444e-01  7.125445275e-01  1.107373023e+00
 7.299412916e-01  7.143131935e-01  1.105534608e+00
 7.318982387e-01  7.160848054e-01  1.103692843e+00
 7.338551859e-01  7.178593792e-01  1.101847436e+00
 7.358121331e-01  7.196369304e-01  1.099998884e+00
 7.377690802e-01  7.214174736e-01  1.098146781e+00
 7.397260274e-01  7.232010258e-01  1.096289838e+00
 7.416829746e-01  7.249876061e-01  1.094427730e+00
 7.436399217e-01  7.267772327e-01  1.092561166e+00
 7.455968689e-01  7.285699227e-01  1.090690181e+00
 7.475538160e-01  7.303656946e-01  1.088813660e+00
 7.495107632e-01  7.321645692e-01  1.086930795e+00
 7.514677104e-01  7.339665680e-01  1.085041466e+00
 7.534246575e-01  7.357717127e-01  1.083145572e+00
 7.553816047e-01  7.375800254e-01  1.081243007e+00
 7.573385519e-01  7.393915284e-01  1.079333736e+00
 7.592954990e-01  7.412062443e-01  1.077416974e+00
 7.612524462e-01  7.430241986e-01  1.075491270e+00
 7.632093933e-01  7.448454190e-01  1.073556766e+00
 7.651663405e-01  7.466699310e-01  1.071614551e+00
 7.671232877e-01  7.484977591e-01  1.069664136e+00
 7.690802348e-01  7.503289308e-01  1.067703835e+00
 7.710371820e-01  7.521634769e-01  1.065732623e+00
 7.729941292e-01  7.540014289e-01  1.063751096e+00
 7.749510763e-01  7.558428162e-01  1.061760217e+00
 7.769080235e-01  7.576876673e-01  1.059758713e+00
 7.788649706e-01  7.595360166e-01  1.057744660e+00
 7.808219178e-01  7.613879001e-01  1.055718333e+00
 7.827788650e-01  7.632433517e-01  1.053680619e+00
 7.847358121e-01  7.651024048e-01  1.051631708e+00
 7.866927593e-01  7.669650936e-01  1.049571629e+00
 7.886497065e-01  7.688314518e-01  1.047500126e+00
 7.906066536e-01  7.707015151e-01  1.045418557e+00
 7.925636008e-01  7.725753131e-01  1.043328932e+00
 7.945205479e-01  7.744528749e-01  1.041232420e+00
 7.964774951e-01  7.763342263e-01  1.039131798e+00
 7.984344423e-01  7.782193868e-01  1.037031442e+00
 8.003913894e-01  7.801083668e-01  1.034934575e+00
 8.023483366e-01  7.820011740e-01  1.032843680e+00
 8.043052838e-01  7.838978099e-01  1.030762634e+00
 8.062622309e-01  7.857982677e-01  1.028696035e+00
 8.082191781e-01  7.877025316e-01  1.026651447e+00
 8.101761252e-01  7.896105664e-01  1.024634681e+00
 8.121330724e-01  7.915223338e-01  1.022646009e+00
 8.140900196e-01  7.934377965e-01  1.020685325e+00
 8.160469667e-01  7.953569157e-01  1.018760684e+00
 8.180039139e-01  7.972796224e-01  1.016883952e+00
 8.199608611e-01  7.992058316e-01  1.015061691e+00
 8.219178082e-01  8.011354476e-01  1.013297628e+00
 8.238747554e-01  8.030683690e-01  1.011593842e+00
 8.258317025e-01  8.050044902e-01  1.009950768e+00
 8.277886497e-01  8.069437058e-01  1.008380953e+00
 8.297455969e-01  8.088858594e-01  1.006892426e+00
 8.317025440e-01  8.108308126e-01  1.005475546e+00
 8.336594912e-01  8.127784435e-01  1.004121339e+00
 8.356164384e-01  8.147286460e-01  1.002830228e+00
 8.375733855e-01  8.166812949e-01  1.001615058e+00
 8.395303327e-01  8.186362320e-01  1.000478368e+00
 8.414872798e-01  8.205933202e-01  9.994121301e-01
 8.434442270e-01  8.225524307e-01  9.984069435e-01
 8.454011742e-01  8.245134614e-01  9.974584792e-01
 8.473581213e-01  8.264762992e-01  9.965712352e-01
 8.493150685e-01  8.284408232e-01  9.957393115e-01
 8.512720157e-01  8.304069421e-01  9.949534670e-01
 8.532289628e-01  8.323745704e-01  9.942040842e-01
 8.551859100e-01  8.343436543e-01  9.934826386e-01
 8.571428571e-01  8.363141414e-01  9.927884796e-01
 8.590998043e-01  8.382859798e-01  9.921148046e-01
 8.610567515e-01  8.402591437e-01  9.914556770e-01
 8.630136986e-01  8.422336047e-01  9.908047931e-01
 8.649706458e-01  8.442093619e-01  9.901584767e-01
 8.669275930e-01  8.461864014e-01  9.895068782e-01
 8.688845401e-01  8.481647616e-01  9.888411238e-01
 8.708414873e-01  8.501444642e-01  9.881573712e-01
 8.727984344e-01  8.521255632e-01  9.874510850e-01
 8.747553816e-01  8.541080988e-01  9.867208618e-01
 8.767123288e-01  8.560921313e-01  9.859656392e-01
 8.786692759e-01  8.580777052e-01  9.851648852e-01
 8.806262231e-01  8.600649644e-01  9.843049650e-01
 8.825831703e-01  8.620540093e-01  9.833906889e-01
 8.845401174e-01  8.640449656e-01  9.824269396e-01
 8.864970646e-01  8.660379150e-01  9.814058365e-01
 8.884540117e-01  8.680330167e-01  9.803247775e-01
 8.904109589e-01  8.700303642e-01  9.791756701e-01
 8.923679061e-01  8.720301516e-01  9.779333168e-01
 8.943248532e-01  8.740325775e-01  9.766041887e-01
 8.962818004e-01  8.760378123e-01  9.751940151e-01
 8.982387476e-01  8.780460339e-01  9.737270464e-01
 9.001956947e-01  8.800573153e-01  9.721708516e-01
 9.021526419e-01  8.820719721e-01  9.704904905e-01
 9.041095890e-01  8.840902251e-01  9.687120508e-01
 9.060665362e-01  8.861122866e-01  9.668308303e-01
 9.080234834e-01  8.881384019e-01  9.648730551e-01
 9.099804305e-01  8.901686778e-01  9.628243404e-01
 9.119373777e-01  8.922034256e-01  9.606372671e-01
 9.138943249e-01  8.942429577e-01  9.583546556e-01
 9.158512720e-01  8.962874103e-01  9.559616649e-01
 9.178082192e-01  8.983371673e-01  9.534223444e-01
 9.197651663e-01  9.003925258e-01  9.508028311e-01
 9.217221135e-01  9.024535932e-01  9.480800129e-01
 9.236790607e-01  9.045207760e-01  9.452075225e-01
 9.256360078e-01  9.065943910e-01  9.422704315e-01
 9.275929550e-01  9.086744810e-01  9.392634737e-01
 9.295499022e-01  9.107613957e-01  9.360754319e-01
 9.315068493e-01  9.128556810e-01  9.327176340e-01
 9.334637965e-01  9.149576502e-01  9.293890439e-01
 9.354207436e-01  9.170669617e-01  9.259218975e-01
 9.373776908e-01  9.191847081e-01  9.221332432e-01
 9.393346380e-01  9.213113907e-01  9.181865668e-01
 9.412915851e-01  9.234473839e-01  9.144152934e-01
 9.432485323e-01  9.255916378e-01  9.104726928e-01
 9.452054795e-01  9.277461830e-01  9.059673027e-01
 9.471624266e-01  9.299118224e-01  9.012244100e-01
 9.491193738e-01  9.320891087e-01  8.966149716e-01
 9.510763209e-01  9.342770641e-01  8.925021358e-01
 9.530332681e-01  9.364744546e-01  8.877064722e-01
 9.549902153e-01  9.386861530e-01  8.817420770e-01
 9.569471624e-01  9.409133832e-01  8.754328226e-01
 9.589041096e-01  9.431570850e-01  8.689017178e-01
 9.608610568e-01  9.454179291e-01  8.725863551e-01
 9.628180039e-01  9.476430487e-01  8.815765689e-01
 9.647749511e-01  9.498576324e-01  8.755380466e-01
 9.667318982e-01  9.521141069e-01  8.573443690e-01
 9.686888454e-01  9.544240198e-01  8.362023689e-01
 9.706457926e-01  9.567963284e-01  8.134328692e-01
 9.726027397e-01  9.592375700e-01  7.901205215e-01
 9.745596869e-01  9.617520325e-01  7.671106773e-01
 9.765166341e-01  9.643419235e-01  7.450317337e-01
 9.784735812e-01  9.670075399e-01  7.243295323e-01
 9.804305284e-01  9.697474365e-01  7.053047132e-01
 9.823874755e-01  9.725585939e-01  6.881476959e-01
 9.843444227e-01  9.754365855e-01  6.729687986e-01
 9.863013699e-01  9.783757430e-01  6.598227129e-01
 9.882583170e-01  9.813693201e-01  6.487276391e-01
 9.902152642e-01  9.844096533e-01  6.396797969e-01
 9.921722114e-01  9.874883214e-01  6.326641802e-01
 9.941291585e-01  9.905963005e-01  6.276623398e-01
 9.960861057e-01  9.937241162e-01  6.246579010e-01
 9.980430528e-01  9.968619933e-01  6.236403456e-01
 1.000000000e+00  1.000000000e+00  6.236145656e-01
4  4.486086827e-01  6.914144281e-01  1.015613041e+00  7.583839521e-01  9.549235639e-01  4.518850926e+01  4.235553133e-01  9.928729108e-01  3.955764023e-01  2.774271773e+00
5  5.830509950e-01  1.016028360e+00  1.008620011e+00  6.243401959e-01  9.265463150e-01  2.774733361e+01  3.726538859e-01  1.059963169e+00  5.753132678e-01  2.864686935e+00
6  6.856572797e-01  1.238052969e+00  1.004953418e+00  5.339747778e-01  9.031138058e-01  2.088988013e+01  3.460556644e-01  1.151289994e+00  6.978328761e-01  2.797143988e+00
7  7.701812670e-01  1.425520899e+00  1.002611675e+00  4.687415249e-01  8.908746399e-01  1.737272209e+01  3.297684808e-01  1.256230508e+00  7.900626258e-01  2.686833283e+00
8  8.393066798e-01  1.745965204e+00  1.001020801e+00  4.190769729e-01  9.006719630e-01  1.584723086e+01  3.198643350e-01  1.388991514e+00  8.601122761e-01  2.557919339e+00
9  8.901968902e-01  2.332913952e+00  1.000049443e+00  3.794788406e-01  9.508927340e-01  1.626707489e+01  3.149374915e-01  1.582622866e+00  9.100075938e-01  2.409229023e+00
10  9.282317420e-01  2.457151125e+00  9.995520088e-01  3.472102354e-01  1.064234131e+00  1.906278061e+01  3.138667218e-01  1.892965311e+00  9.456451261e-01  2.259825280e+00
11  9.646376452e-01  3.071988878e+00  9.997178466e-01  3.215700107e-01  1.257577647e+00  2.480747499e+01  3.167029066e-01  2.349623297e+00  9.767365989e-01  2.135315325e+00
12  9.840289349e-01  6.483067531e+00  9.998805864e-01  2.983491436e-01  1.529977225e+00  3.480513834e+01  3.210529851e-01  3.486269482e+00  9.899715364e-01  1.997044810e+00
13  9.927876813e-01  1.321529790e+01  9.999359131e-01  2.774577069e-01  1.767737600e+00  4.410380090e+01  3.258003898e-01  5.987450059e+00  9.955008734e-01  1.859937046e+00
0 0 -1.226949074e-01  1.350161986e-17
0 1  1.347354096e-02 -5.881791201e-03
0 2 -1.492714479e-02  7.279910010e-03
0 3  3.215766883e-03 -8.506503072e-03
0 4  1.126198257e-03  6.979241501e-03
0 5 -6.100157444e-03 -1.437577991e-03
0 6  1.346911059e-03 -4.672506787e-03
0 7  4.032530777e-03 -3.373505786e-04
0 8  2.788733560e-03  2.377429612e-03
0 9  1.347508738e-03  3.108709372e-03
1 0 -1.098133676e-01 -4.793834827e-02
1 1 -9.442140771e-02  1.605176746e-18
1 2  8.871172314e-03 -8.552588807e-03
1 3 -1.304992784e-02  1.048887600e-02
1 4 -2.928510371e-03 -1.009110356e-02
1 5  5.940187653e-03  3.206471622e-03
1 6 -4.119374592e-03  5.681865658e-03
1 7 -6.165129079e-03 -6.444347124e-04
1 8 -3.711710377e-03 -3.850801494e-03
1 9 -1.611681700e-03 -4.468876601e-03
2 0  1.216606712e-01  5.933343255e-02
2 1 -9.395297665e-02 -9.057891653e-02
2 2 -7.517798464e-02 -2.980266131e-18
2 3  3.899757438e-03 -1.058367234e-02
2 4 -7.665583237e-03  1.139251100e-02
2 5 -9.686683998e-03 -6.186012512e-03
2 6  3.606846697e-03 -5.165462263e-03
2 7  4.477510146e-03  2.446127204e-03
2 8  1.168880243e-03  5.062063283e-03
2 9 -1.108806597e-03  4.965811066e-03
3 0 -2.620945687e-02 -6.933053094e-02
3 1  1.382094184e-01  1.110857830e-01
3 2 -5.187366296e-02 -1.407815385e-01
3 3 -6.164206853e-02 -4.108449715e-17
3 4 -8.218722777e-04 -1.224502417e-02
3 5 -1.646739354e-03  9.350561462e-03
3 6 -1.142202544e-02  2.069530987e-03
3 7 -6.606497995e-03 -5.350244697e-03
3 8 -1.405681655e-03 -6.012764693e-03
3 9  1.025692680e-03 -4.849594979e-03
4 0 -9.178850867e-03  5.688289473e-02
4 1  3.101532207e-02 -1.068730472e-01
4 2  1.019657985e-01  1.515405215e-01
4 3  1.333297693e-02 -1.986471977e-01
4 4 -5.154394154e-02  5.320817739e-17
4 5 -5.882635089e-03 -1.328376338e-02
4 6  2.568100926e-03  3.182926133e-03
4 7 -3.979265433e-03  6.967038665e-03
4 8 -7.470120082e-03  4.269075681e-03
4 9 -8.032137619e-03  1.616383614e-03
5 0  4.971809812e-02 -1.171668834e-02
5 1 -6.291144982e-02  3.395915926e-02
5 2  1.288500090e-01 -8.228489419e-02
5 3  2.671453754e-02  1.516912343e-01
5 4  1.141285457e-01 -2.577172599e-01
5 5 -4.317078060e-02 -3.657313817e-17
5 6 -1.077287512e-02 -1.238185573e-02
5 7  1.075206202e-03 -4.995708953e-03
5 8  2.139012135e-03  7.521443155e-04
5 9  9.537260199e-04  2.876081162e-03
6 0 -1.097772587e-02 -3.808232051e-02
6 1  4.362754901e-02  6.017560843e-02
6 2 -4.797743268e-02 -6.870977305e-02
6 3  1.852959466e-01  3.357335399e-02
6 4 -4.982352627e-02  6.175170229e-02
6 5  2.495408924e-01 -2.868110225e-01
6 6 -3.593078620e-02 -8.896899387e-18
6 7 -1.320033302e-02 -8.314040651e-03
6 8 -5.288077161e-03 -8.150476899e-03
6 9 -1.884492733e-03 -6.650701262e-03
7 0 -3.286632562e-02 -2.749507586e-03
7 1  6.529376366e-02 -6.825091132e-03
7 2 -5.955879460e-02  3.253781297e-02
7 3  1.071751509e-01 -8.679534650e-02
7 4  7.720141909e-02  1.351669751e-01
7 5 -2.490587817e-02 -1.157196808e-01
7 6  3.673822484e-01 -2.313904462e-01
7 7 -3.071934688e-02  1.009924363e-16
7 8 -1.566982086e-02 -5.427815876e-03
7 9 -1.102831060e-02 -7.235816782e-03
8 0 -2.272900824e-02  1.937675869e-02
8 1  3.931005126e-02 -4.078314005e-02
8 2 -1.554817210e-02  6.733438395e-02
8 3  2.280393388e-02 -9.754320119e-02
8 4  1.449272186e-01  8.282400517e-02
8 5 -4.954768260e-02  1.742253221e-02
8 6  1.471739898e-01 -2.268382565e-01
8 7  5.100961592e-01 -1.766904712e-01
8 8 -2.331864332e-02 -8.815100762e-17
8 9 -1.282850029e-02 -2.617560471e-03
9 0 -1.098259713e-02  2.533690630e-02
9 1  1.706902851e-02 -4.732906138e-02
9 2  1.474908648e-02  6.605405944e-02
9 3 -1.663949158e-02 -7.867346270e-02
9 4  1.558308771e-01  3.135933275e-02
9 5 -2.209193363e-02  6.662101360e-02
9 6  5.244785690e-02 -1.850975713e-01
9 7  3.590021183e-01 -2.355459187e-01
9 8  5.501392216e-01 -1.122518336e-01
9 9 -1.795835097e-02  4.283917282e-17
0 0 -8.545422884e+00 -3.002004420e-15
0 1 -8.358303460e-01  5.388729512e-01
0 2  1.353924916e+00 -5.405769099e-01
0 3 -1.628797114e-01  4.363501007e-01
0 4 -1.281146880e-02 -3.092709868e-01
0 5  2.382393151e-01  6.975060151e-02
0 6 -4.665882316e-02  1.571082076e-01
0 7 -1.136222700e-01  3.152739047e-02
0 8 -5.612667202e-02 -7.302340306e-02
0 9  2.586319770e-02 -1.222520549e-01
1 0 -8.358303460e-01 -5.388729512e-01
1 1 -1.140769786e+01  1.230004322e-14
1 2 -6.916073648e-01  1.292150721e+00
1 3  2.029438757e+00 -1.327638048e+00
1 4  2.313483775e-01  8.647276913e-01
1 5 -3.939421621e-01 -2.829767383e-01
1 6  2.662557489e-01 -3.276670909e-01
1 7  2.934790492e-01  1.550064826e-03
1 8  1.001774719e-01  1.875303138e-01
1 9 -6.125898143e-02  2.505493169e-01
2 0  1.353924916e+00  5.405769099e-01
2 1 -6.916073648e-01 -1.292150721e+00
2 2 -1.459127310e+01 -1.134209238e-14
2 3 -8.081130448e-02  2.453546377e+00
2 4  2.067418305e+00 -2.332116577e+00
2 5  1.284278411e+00  8.975548123e-01
2 6 -4.285691755e-01  4.567605903e-01
2 7 -3.822526716e-01 -1.653788166e-01
2 8  5.631696662e-03 -3.732920861e-01
2 9  3.787244212e-01 -3.879116631e-01
3 0 -1.628797114e-01 -4.363501007e-01
3 1  2.029438757e+00  1.327638048e+00
3 2 -8.081130448e-02 -2.453546377e+00
3 3 -1.823823802e+01  1.836173618e-14
3 4  1.220954322e+00  4.128909716e+00
3 5  1.223269994e+00 -3.204227088e+00
3 6  2.303536450e+00 -2.828448544e-01
3 7  8.404898113e-01  6.825868898e-01
3 8 -1.201177506e-01  5.318468176e-01
3 9 -5.347653616e-01  2.116227092e-01
4 0 -1.281146880e-02  3.092709868e-01
4 1  2.313483775e-01 -8.647276913e-01
4 2  2.067418305e+00  2.332116577e+00
4 3  1.220954322e+00 -4.128909716e+00
4 4 -2.255988556e+01 -2.598957815e-14
4 5  3.875989997e+00  6.478551305e+00
4 6 -3.287197271e-01 -2.769372093e+00
4 7  1.078654214e+00 -1.807016040e+00
4 8  1.472186384e+00 -5.776936588e-01
4 9  1.791244521e+00  2.641691289e-01
5 0  2.382393151e-01 -6.975060151e-02
5 1 -3.939421621e-01  2.829767383e-01
5 2  1.284278411e+00 -8.975548123e-01
5 3  1.223269994e+00  3.204227088e+00
5 4  3.875989997e+00 -6.478551305e+00
5 5 -2.781149758e+01  6.052507914e-14
5 6  8.053614553e+00  8.097229582e+00
5 7 -7.754489677e-01  6.153305315e-01
5 8 -3.800787666e-01 -1.840065361e+00
5 9  9.811669457e-01 -2.940022988e+00
6 0 -4.665882316e-02 -1.571082076e-01
6 1  2.662557489e-01  3.276670909e-01
6 2 -4.285691755e-01 -4.567605903e-01
6 3  2.303536450e+00  2.828448544e-01
6 4 -3.287197271e-01  2.769372093e+00
6 5  8.053614553e+00 -8.097229582e+00
6 6 -3.407785330e+01 -1.031915849e-13
6 7  1.176316030e+01  6.532952189e+00
6 8  7.069607989e-01  2.022406167e+00
6 9 -1.134569747e+00 -4.860768419e-01
7 0 -1.136222700e-01 -3.152739047e-02
7 1  2.934790492e-01 -1.550064826e-03
7 2 -3.822526716e-01  1.653788166e-01
7 3  8.404898113e-01 -6.825868898e-01
7 4  1.078654214e+00  1.807016040e+00
7 5 -7.754489677e-01 -6.153305315e-01
7 6  1.176316030e+01 -6.532952189e+00
7 7 -4.595316781e+01 -1.540379319e-13
7 8  1.835957180e+01  5.707220717e+00
7 9  5.468878738e+00  4.515020967e+00
8 0 -5.612667202e-02  7.302340306e-02
8 1  1.001774719e-01 -1.875303138e-01
8 2  5.631696662e-03  3.732920861e-01
8 3 -1.201177506e-01 -5.318468176e-01
8 4  1.472186384e+00  5.776936588e-01
8 5 -3.800787666e-01  1.840065361e+00
8 6  7.069607989e-01 -2.022406167e+00
8 7  1.835957180e+01 -5.707220717e+00
8 8 -6.043885117e+01  2.078552633e-13
8 9  3.063417251e+01  6.250676015e+00
9 0  2.586319770e-02  1.222520549e-01
9 1 -6.125898143e-02 -2.505493169e-01
9 2  3.787244212e-01  3.879116631e-01
9 3 -5.347653616e-01 -2.116227092e-01
9 4  1.791244521e+00 -2.641691289e-01
9 5  9.811669457e-01  2.940022988e+00
9 6 -1.134569747e+00  4.860768419e-01
9 7  5.468878738e+00 -4.515020967e+00
9 8  3.063417251e+01 -6.250676015e+00
9 9 -5.568440008e+01 -1.328336685e-13
0  6.179246778e-02 -2.098899394e-03 -1.481688342e-01 -2.135097687e-02
1  1.053609820e-01 -3.194881381e-03  1.740536063e-01  6.341255579e-02
2  1.455725644e-01 -5.990810846e-03 -1.547957864e-01 -1.247925085e-01
3  1.911275670e-01 -7.931044782e-03  7.613726363e-02  1.890900793e-01
4  2.368085995e-01 -1.248861988e-02  7.369538324e-02 -1.895940411e-01
5  2.732308852e-01 -1.528067722e-02 -1.968770195e-01  2.507382451e-02
6  3.004528881e-01 -1.780367735e-02  4.177592217e-02  1.860526416e-01
7  3.277587989e-01 -2.137635513e-02  1.778180697e-01  3.416054809e-02
8  3.250863066e-01 -2.251286512e-02  1.427643354e-01 -9.107995162e-02
9  2.992656390e-01 -3.639547599e-02  8.390412342e-02 -1.337110703e-01
