 1.695500020e+00 -1.795986620e+00  8.668257755e-01  3.301710915e+00  9.322698589e-01  9.243264470e-01  6.463696150e+00 512 3 10
 0.000000000e+00  0.000000000e+00  5.840457016e-06
 1.956947162e-03  2.951677255e-02  1.325931528e-01
 3.913894325e-03  4.174355860e-02  1.875079963e-01
 5.870841487e-03  5.112600973e-02  2.296359036e-01
 7.827788650e-03  5.903631710e-02  2.651412066e-01
 9.784735812e-03  6.600600362e-02  2.964109766e-01
 1.174168297e-02  7.230767836e-02  3.246691642e-01
 1.369863014e-02  7.810329253e-02  3.506426459e-01
 1.565557730e-02  8.349837337e-02  3.748048644e-01
 1.761252446e-02  8.856622605e-02  3.974845492e-01
 1.956947162e-02  9.336022834e-02  4.189209451e-01
 2.152641879e-02  9.792068012e-02  4.392945792e-01
 2.348336595e-02  1.022788938e-01  4.587456332e-01
 2.544031311e-02  1.064597734e-01  4.773860963e-01
 2.739726027e-02  1.104835046e-01  4.953082213e-01
 2.935420744e-02  1.143667042e-01  5.125816953e-01
 3.131115460e-02  1.181233462e-01  5.292657225e-01
 3.326810176e-02  1.217652157e-01  5.454152614e-01
 3.522504892e-02  1.253023890e-01  5.610749918e-01
 3.718199609e-02  1.287435627e-01  5.762835476e-01
 3.913894325e-02  1.320963029e-01  5.910745265e-01
 4.109589041e-02  1.353672425e-01  6.054772521e-01
 4.305283757e-02  1.385622344e-01  6.195175796e-01
 4.500978474e-02  1.416864751e-01  6.332183985e-01
 4.696673190e-02  1.447446031e-01  6.465997257e-01
 4.892367906e-02  1.477407831e-01  6.596803207e-01
 5.088062622e-02  1.506787613e-01  6.724785313e-01
 5.283757339e-02  1.535619186e-01  6.850105010e-01
 5.479452055e-02  1.563933253e-01  6.972879400e-01
 5.675146771e-02  1.591757962e-01  7.093212502e-01
 5.870841487e-02  1.619119063e-01  7.211219105e-01
 6.066536204e-02  1.646040166e-01  7.327003957e-01
 6.262230920e-02  1.672543003e-01  7.440660829e-01
 6.457925636e-02  1.698647629e-01  7.552282048e-01
 6.653620352e-02  1.724372561e-01  7.661955123e-01
 6.849315068e-02  1.749734962e-01  7.769745396e-01
 7.045009785e-02  1.774750849e-01  7.875711362e-01
 7.240704501e-02  1.799435143e-01  7.979927035e-01
 7.436399217e-02  1.823801708e-01  8.082463967e-01
 7.632093933e-02  1.847863498e-01  8.183368253e-01
 7.827788650e-02  1.871632712e-01  8.282683045e-01
 8.023483366e-02  1.895120786e-01  8.380449959e-01
 8.219178082e-02  1.918338517e-01  8.476717800e-01
 8.414872798e-02  1.941296005e-01  8.571576281e-01
 8.610567515e-02  1.964002588e-01  8.665049195e-01
 8.806262231e-02  1.986467343e-01  8.757095359e-01
 9.001956947e-02  2.008698998e-01  8.847792008e-01
 9.197651663e-02  2.030705466e-01  8.937228786e-01
 9.393346380e-02  2.052494314e-01  9.025414188e-01
 9.589041096e-02  2.074072768e-01  9.112352953e-01
 9.784735812e-02  2.095447764e-01  9.198061600e-01
 9.980430528e-02  2.116625884e-01  9.282582449e-01
 1.017612524e-01  2.137613340e-01  9.365956452e-01
 1.037181996e-01  2.158416035e-01  9.448213221e-01
 1.056751468e-01  2.179039593e-01  9.529384540e-01
 1.076320939e-01  2.199489354e-01  9.609440960e-01
 1.095890411e-01  2.219770664e-01  9.688382911e-01
 1.115459883e-01  2.239888485e-01  9.766293667e-01
 1.135029354e-01  2.259847457e-01  9.843234733e-01
 1.154598826e-01  2.279651963e-01  9.919173395e-01
 1.174168297e-01  2.299306465e-01  9.994071101e-01
 1.193737769e-01  2.318815210e-01  1.006797414e+00
 1.213307241e-01  2.338182195e-01  1.014094020e+00
 1.232876712e-01  2.357411182e-01  1.021298795e+00
 1.252446184e-01  2.376505852e-01  1.028411275e+00
 1.272015656e-01  2.395469756e-01  1.035431210e+00
 1.291585127e-01  2.414306365e-01  1.042357902e+00
 1.311154599e-01  2.433019043e-01  1.049194239e+00
 1.330724070e-01  2.451610958e-01  1.055946859e+00
 1.350293542e-01  2.470085051e-01  1.062617049e+00
 1.369863014e-01  2.488444269e-01  1.069198782e+00
 1.389432485e-01  2.506691597e-01  1.075691582e+00
 1.409001957e-01  2.524829835e-01  1.082102241e+00
 1.428571429e-01  2.542861582e-01  1.088434549e+00
 1.448140900e-01  2.560789367e-01  1.094687097e+00
 1.467710372e-01  2.578615702e-01  1.100858366e+00
 1.487279843e-01  2.596343033e-01  1.106948294e+00
 1.506849315e-01  2.613973747e-01  1.112957779e+00
 1.526418787e-01  2.631510141e-01  1.118890341e+00
 1.545988258e-01  2.648954374e-01  1.124750922e+00
 1.565557730e-01  2.666308484e-01  1.130538602e+00
 1.585127202e-01  2.683574554e-01  1.136245605e+00
 1.604696673e-01  2.700754760e-01  1.141873212e+00
 1.624266145e-01  2.717851050e-01  1.147430667e+00
 1.643835616e-01  2.734865228e-01  1.152921222e+00
 1.663405088e-01  2.751799060e-01  1.158339613e+00
 1.682974560e-01  2.768654425e-01  1.163681923e+00
 1.702544031e-01  2.785433122e-01  1.168951600e+00
 1.722113503e-01  2.802136851e-01  1.174151799e+00
 1.741682975e-01  2.818767247e-01  1.179284474e+00
 1.761252446e-01  2.835325882e-01  1.184351308e+00
 1.780821918e-01  2.851814280e-01  1.189349802e+00
 1.800391389e-01  2.868234017e-01  1.194275517e+00
 1.819960861e-01  2.884586677e-01  1.199131181e+00
 1.839530333e-01  2.900873699e-01  1.203923672e+00
 1.859099804e-01  2.917096420e-01  1.208654830e+00
 1.878669276e-01  2.933256177e-01  1.213320024e+00
 1.898238748e-01  2.949354380e-01  1.217915306e+00
 1.917808219e-01  2.965392416e-01  1.222443590e+00
 1.937377691e-01  2.981371569e-01  1.226909213e+00
 1.956947162e-01  2.997293064e-01  1.231314100e+00
 1.976516634e-01  3.013158089e-01  1.235658639e+00
 1.996086106e-01  3.028967817e-01  1.239938956e+00
 2.015655577e-01  3.044723492e-01  1.244151371e+00
 2.035225049e-01  3.060426340e-01  1.248299688e+00
 2.054794521e-01  3.076077466e-01  1.252391059e+00
 2.074363992e-01  3.091677880e-01  1.256427729e+00
 2.093933464e-01  3.107228595e-01  1.260401591e+00
 2.113502935e-01  3.122730788e-01  1.264307563e+00
 2.133072407e-01  3.138185562e-01  1.268152509e+00
 2.152641879e-01  3.153593890e-01  1.271942410e+00
 2.172211350e-01  3.168956699e-01  1.275676394e+00
 2.191780822e-01  3.184274953e-01  1.279351667e+00
 2.211350294e-01  3.199549618e-01  1.282965850e+00
 2.230919765e-01  3.214781686e-01  1.286518870e+00
 2.250489237e-01  3.229972095e-01  1.290013451e+00
 2.270058708e-01  3.245121745e-01  1.293453300e+00
 2.289628180e-01  3.260231463e-01  1.296841607e+00
 2.309197652e-01  3.275302050e-01  1.300172552e+00
 2.328767123e-01  3.290334444e-01  1.303440453e+00
 2.348336595e-01  3.305329554e-01  1.306649807e+00
 2.367906067e-01  3.320288192e-01  1.309806875e+00
 2.387475538e-01  3.335211101e-01  1.312913495e+00
 2.407045010e-01  3.350099030e-01  1.315966429e+00
 2.426614481e-01  3.364952776e-01  1.318960239e+00
 2.446183953e-01  3.379773193e-01  1.321895753e+00
 2.465753425e-01  3.394561040e-01  1.324776946e+00
 2.485322896e-01  3.409317060e-01  1.327607072e+00
 2.504892368e-01  3.424041924e-01  1.330389774e+00
 2.524461840e-01  3.438736279e-01  1.333119102e+00
 2.544031311e-01  3.453400909e-01  1.335787674e+00
 2.563600783e-01  3.468036609e-01  1.338399998e+00
 2.583170254e-01  3.482644048e-01  1.340964045e+00
 2.602739726e-01  3.497223829e-01  1.343482837e+00
 2.622309198e-01  3.511776545e-01  1.345950929e+00
 2.641878669e-01  3.526302904e-01  1.348360715e+00
 2.661448141e-01  3.540803648e-01  1.350715351e+00
 2.681017613e-01  3.555279403e-01  1.353021505e+00
 2.700587084e-01  3.569730755e-01  1.355279939e+00
 2.720156556e-01  3.584158305e-01  1.357491013e+00
 2.739726027e-01  3.598562618e-01  1.359651746e+00
 2.759295499e-01  3.612944346e-01  1.361757817e+00
 2.778864971e-01  3.627304137e-01  1.363811303e+00
 2.798434442e-01  3.641642588e-01  1.365816469e+00
 2.818003914e-01  3.655960245e-01  1.367777479e+00
 2.837573386e-01  3.670257610e-01  1.369693815e+00
 2.857142857e-01  3.684535231e-01  1.371557027e+00
 2.876712329e-01  3.698793775e-01  1.373365972e+00
 2.896281800e-01  3.713033808e-01  1.375127504e+00
 2.915851272e-01  3.727255845e-01  1.376844541e+00
 2.935420744e-01  3.741460382e-01  1.378517844e+00
 2.954990215e-01  3.755647912e-01  1.380144290e+00
 2.974559687e-01  3.769818989e-01  1.381719477e+00
 2.994129159e-01  3.783974188e-01  1.383244307e+00
 3.013698630e-01  3.798114038e-01  1.384722232e+00
 3.033268102e-01  3.812239037e-01  1.386157438e+00
 3.052837573e-01  3.826349622e-01  1.387552760e+00
 3.072407045e-01  3.840446226e-01  1.388900763e+00
 3.091976517e-01  3.854529433e-01  1.390195033e+00
 3.111545988e-01  3.868599801e-01  1.391441396e+00
 3.131115460e-01  3.882657788e-01  1.392646959e+00
 3.150684932e-01  3.896703806e-01  1.393813884e+00
 3.170254403e-01  3.910738264e-01  1.394937172e+00
 3.189823875e-01  3.924761668e-01  1.396009587e+00
 3.209393346e-01  3.938774571e-01  1.397033899e+00
 3.228962818e-01  3.952777419e-01  1.398016306e+00
 3.248532290e-01  3.966770634e-01  1.398958033e+00
 3.268101761e-01  3.980754635e-01  1.399859980e+00
 3.287671233e-01  3.994729824e-01  1.400718427e+00
 3.307240705e-01  4.008696690e-01  1.401528896e+00
 3.326810176e-01  4.022655719e-01  1.402293401e+00
 3.346379648e-01  4.036607360e-01  1.403016969e+00
 3.365949119e-01  4.050551995e-01  1.403703490e+00
 3.385518591e-01  4.064489992e-01  1.404351580e+00
 3.405088063e-01  4.078421759e-01  1.404953680e+00
 3.424657534e-01  4.092347812e-01  1.405508348e+00
 3.444227006e-01  4.106268585e-01  1.406022699e+00
 3.463796477e-01  4.120184450e-01  1.406500123e+00
 3.483365949e-01  4.134095774e-01  1.406939597e+00
 3.502935421e-01  4.148002947e-01  1.407337902e+00
 3.522504892e-01  4.161906398e-01  1.407692599e+00
 3.542074364e-01  4.175806563e-01  1.408005847e+00
 3.561643836e-01  4.189703828e-01  1.408279749e+00
 3.581213307e-01  4.203598587e-01  1.408515497e+00
 3.600782779e-01  4.217491200e-01  1.408715128e+00
 3.620352250e-01  4.231382021e-01  1.408876584e+00
 3.639921722e-01  4.245271450e-01  1.408995599e+00
 3.659491194e-01  4.259159924e-01  1.409072892e+00
 3.679060665e-01  4.273047829e-01  1.409113165e+00
 3.698630137e-01  4.286935509e-01  1.409120054e+00
 3.718199609e-01  4.300823279e-01  1.409091334e+00
 3.737769080e-01  4.314711525e-01  1.409022103e+00
 3.757338552e-01  4.328600659e-01  1.408912432e+00
 3.776908023e-01  4.342491068e-01  1.408765864e+00
 3.796477495e-01  4.356383093e-01  1.408585353e+00
 3.816046967e-01  4.370277062e-01  1.408370347e+00
 3.835616438e-01  4.384173328e-01  1.408119070e+00
 3.855185910e-01  4.398072257e-01  1.407830938e+00
 3.874755382e-01  4.411974212e-01  1.407505755e+00
 3.894324853e-01  4.425879563e-01  1.407144089e+00
 3.913894325e-01  4.439788666e-01  1.406749152e+00
 3.933463796e-01  4.453701826e-01  1.406322264e+00
 3.953033268e-01  4.467619375e-01  1.405861841e+00
 3.972602740e-01  4.481541650e-01  1.405364714e+00
 3.992172211e-01  4.495469046e-01  1.404830355e+00
 4.011741683e-01  4.509401915e-01  1.404263826e+00
 4.031311155e-01  4.523340552e-01  1.403668154e+00
 4.050880626e-01  4.537285248e-01  1.403040121e+00
 4.070450098e-01  4.551236366e-01  1.402377075e+00
 4.090019569e-01  4.565194253e-01  1.401679666e+00
 4.109589041e-01  4.579159257e-01  1.400950240e+00
 4.129158513e-01  4.593131682e-01  1.400191727e+00
 4.148727984e-01  4.607111822e-01  1.399402231e+00
 4.168297456e-01  4.621100017e-01  1.398580327e+00
 4.187866928e-01  4.635096593e-01  1.397727624e+00
 4.207436399e-01  4.649101861e-01  1.396844082e+00
 4.227005871e-01  4.663116149e-01  1.395929732e+00
 4.246575342e-01  4.677139771e-01  1.394986246e+00
 4.266144814e-01  4.691173022e-01  1.394013569e+00
 4.285714286e-01  4.705216221e-01  1.393012151e+00
 4.305283757e-01  4.719269657e-01  1.391981481e+00
 4.324853229e-01  4.733333660e-01  1.390920034e+00
 4.344422701e-01  4.747408554e-01  1.389830778e+00
 4.363992172e-01  4.761494611e-01  1.388715386e+00
 4.383561644e-01  4.775592123e-01  1.387572159e+00
 4.403131115e-01  4.789701401e-01  1.386400508e+00
 4.422700587e-01  4.803822751e-01  1.385201095e+00
 4.442270059e-01  4.817956474e-01  1.383975393e+00
 4.461839530e-01  4.832102849e-01  1.382725036e+00
 4.481409002e-01  4.846262145e-01  1.381447784e+00
 4.500978474e-01  4.860434691e-01  1.380142591e+00
 4.520547945e-01  4.874620781e-01  1.378812982e+00
 4.540117417e-01  4.888820674e-01  1.377459803e+00
 4.559686888e-01  4.903034650e-01  1.376082305e+00
 4.579256360e-01  4.917262986e-01  1.374679137e+00
 4.598825832e-01  4.931505995e-01  1.373250050e+00
 4.618395303e-01  4.945763961e-01  1.371797867e+00
 4.637964775e-01  4.960037141e-01  1.370324816e+00
 4.657534247e-01  4.974325778e-01  1.368828779e+00
 4.677103718e-01  4.988630174e-01  1.367308368e+00
 4.696673190e-01  5.002950606e-01  1.365764686e+00
 4.716242661e-01  5.017287357e-01  1.364199016e+00
 4.735812133e-01  5.031640679e-01  1.362612908e+00
 4.755381605e-01  5.046010827e-01  1.361006117e+00
 4.774951076e-01  5.060398060e-01  1.359378399e+00
 4.794520548e-01  5.074802642e-01  1.357729217e+00
 4.814090020e-01  5.089224848e-01  1.356059167e+00
 4.833659491e-01  5.103664932e-01  1.354368842e+00
 4.853228963e-01  5.118123161e-01  1.352659317e+00
 4.872798434e-01  5.132599768e-01  1.350932609e+00
 4.892367906e-01  5.147094980e-01  1.349187515e+00
 4.911937378e-01  5.161609061e-01  1.347422106e+00
 4.931506849e-01  5.176142282e-01  1.345637022e+00
 4.951076321e-01  5.190694897e-01  1.343834380e+00
 4.970645793e-01  5.205267135e-01  1.342016584e+00
 4.990215264e-01  5.219859201e-01  1.340184024e+00
 5.009784736e-01  5.234471319e-01  1.338333105e+00
 5.029354207e-01  5.249103775e-01  1.336462871e+00
 5.048923679e-01  5.263756818e-01  1.334576858e+00
 5.068493151e-01  5.278430660e-01  1.332677320e+00
 5.088062622e-01  5.293125505e-01  1.330765185e+00
 5.107632094e-01  5.307841547e-01  1.328837747e+00
 5.127201566e-01  5.322579052e-01  1.326892845e+00
 5.146771037e-01  5.337338266e-01  1.324933285e+00
 5.166340509e-01  5.352119397e-01  1.322961743e+00
 5.185909980e-01  5.366922634e-01  1.320978889e+00
 5.205479452e-01  5.381748173e-01  1.318983507e+00
 5.225048924e-01  5.396596233e-01  1.316973960e+00
 5.244618395e-01  5.411467051e-01  1.314951071e+00
 5.264187867e-01  5.426360831e-01  1.312917298e+00
 5.283757339e-01  5.441277756e-01  1.310873508e+00
 5.303326810e-01  5.456218015e-01  1.308819292e+00
 5.322896282e-01  5.471181802e-01  1.306754195e+00
 5.342465753e-01  5.486169319e-01  1.304678209e+00
 5.362035225e-01  5.501180765e-01  1.302592451e+00
 5.381604697e-01  5.516216318e-01  1.300497740e+00
 5.401174168e-01  5.531276160e-01  1.298394600e+00
 5.420743640e-01  5.546360463e-01  1.296283217e+00
 5.440313112e-01  5.561469404e-01  1.294163602e+00
 5.459882583e-01  5.576603158e-01  1.292036218e+00
 5.479452055e-01  5.591761896e-01  1.289901056e+00
 5.499021526e-01  5.606945793e-01  1.287759110e+00
 5.518590998e-01  5.622155001e-01  1.285611304e+00
 5.538160470e-01  5.637389675e-01  1.283457525e+00
 5.557729941e-01  5.652649971e-01  1.281298305e+00
 5.577299413e-01  5.667936034e-01  1.279133334e+00
 5.596868885e-01  5.683248031e-01  1.276963074e+00
 5.616438356e-01  5.698586098e-01  1.274788942e+00
 5.636007828e-01  5.713950369e-01  1.272611003e+00
 5.655577299e-01  5.729340980e-01  1.270429673e+00
 5.675146771e-01  5.744758057e-01  1.268245039e+00
 5.694716243e-01  5.760201736e-01  1.266057222e+00
 5.714285714e-01  5.775672143e-01  1.263867242e+00
 5.733855186e-01  5.791169389e-01  1.261675429e+00
 5.753424658e-01  5.806693594e-01  1.259482156e+00
 5.772994129e-01  5.822244861e-01  1.257287811e+00
 5.792563601e-01  5.837823302e-01  1.255092742e+00
 5.812133072e-01  5.853429014e-01  1.252897598e+00
 5.831702544e-01  5.869062091e-01  1.250702538e+00
 5.851272016e-01  5.884722629e-01  1.248507975e+00
 5.870841487e-01  5.900410712e-01  1.246314252e+00
 5.890410959e-01  5.916126429e-01  1.244121882e+00
 5.909980431e-01  5.931869852e-01  1.241931726e+00
 5.929549902e-01  5.947641047e-01  1.239743830e+00
 5.949119374e-01  5.963440087e-01  1.237558353e+00
 5.968688845e-01  5.979267034e-01  1.235375611e+00
 5.988258317e-01  5.995121952e-01  1.233195990e+00
 6.007827789e-01  6.011004896e-01  1.231020289e+00
 6.027397260e-01  6.026915908e-01  1.228848948e+00
 6.046966732e-01  6.042855030e-01  1.226682204e+00
 6.066536204e-01  6.058822301e-01  1.224520151e+00
 6.086105675e-01  6.074817758e-01  1.222362940e+00
 6.105675147e-01  6.090841436e-01  1.220211165e+00
 6.125244618e-01  6.106893357e-01  1.218065391e+00
 6.144814090e-01  6.122973540e-01  1.215925948e+00
 6.164383562e-01  6.139081998e-01  1.213793149e+00
 6.183953033e-01  6.155218740e-01  1.211667009e+00
 6.203522505e-01  6.171383780e-01  1.209547629e+00
 6.223091977e-01  6.187577121e-01  1.207435474e+00
 6.242661448e-01  6.203798765e-01  1.205330823e+00
 6.262230920e-01  6.220048707e-01  1.203233790e+00
 6.281800391e-01  6.236326942e-01  1.201144450e+00
 6.301369863e-01  6.252633466e-01  1.199062939e+00
 6.320939335e-01  6.268968266e-01  1.196989481e+00
 6.340508806e-01  6.285331332e-01  1.194924168e+00
 6.360078278e-01  6.301722647e-01  1.192866945e+00
 6.379647750e-01  6.318142201e-01  1.190817705e+00
 6.399217221e-01  6.334589980e-01  1.188776411e+00
 6.418786693e-01  6.351065970e-01  1.186743396e+00
 6.438356164e-01  6.367570151e-01  1.184718855e+00
 6.457925636e-01  6.384102501e-01  1.182702529e+00
 6.477495108e-01  6.400663003e-01  1.180694135e+00
 6.497064579e-01  6.417251644e-01  1.178693477e+00
 6.516634051e-01  6.433868412e-01  1.176700572e+00
 6.536203523e-01  6.450513291e-01  1.174715571e+00
 6.555772994e-01  6.467186264e-01  1.172738419e+00
 6.575342466e-01  6.483887314e-01  1.170768866e+00
 6.594911937e-01  6.500616430e-01  1.168806664e+00
 6.614481409e-01  6.517373604e-01  1.166851621e+00
 6.634050881e-01  6.534158825e-01  1.164903403e+00
 6.653620352e-01  6.550972096e-01  1.162961866e+00
 6.673189824e-01  6.567813409e-01  1.161027041e+00
 6.692759295e-01  6.584682764e-01  1.159098736e+00
 6.712328767e-01  6.601580159e-01  1.157176661e+00
 6.731898239e-01  6.618505600e-01  1.155260441e+00
 6.751467710e-01  6.635459097e-01  1.153349684e+00
 6.771037182e-01  6.652440666e-01  1.151444186e+00
 6.790606654e-01  6.669450321e-01  1.149543842e+00
 6.810176125e-01  6.686488081e-01  1.147648392e+00
 6.829745597e-01  6.703553969e-01  1.145757328e+00
 6.849315068e-01  6.720648017e-01  1.143870366e+00
 6.868884540e-01  6.737770255e-01  1.141987268e+00
 6.888454012e-01  6.754920725e-01  1.140107806e+00
 6.908023483e-01  6.772099462e-01  1.138231619e+00
 6.927592955e-01  6.789306517e-01  1.136358032e+00
 6.947162427e-01  6.806541949e-01  1.134486742e+00
 6.966731898e-01  6.823805815e-01  1.132617774e+00
 6.986301370e-01  6.841098175e-01  1.130750843e+00
 7.005870841e-01  6.858419096e-01  1.128885328e+00
 7.025440313e-01  6.875768656e-01  1.127020607e+00
 7.045009785e-01  6.893146941e-01  1.125156283e+00
 7.064579256e-01  6.910554043e-01  1.123292404e+00
 7.084148728e-01  6.927990048e-01  1.121428970e+00
 7.103718200e-01  6.945455047e-01  1.119565298e+00
 7.123287671e-01  6.962949150e-01  1.117700137e+00
 7.142857143e-01  6.980472487e-01  1.115833438e+00
 7.162426614e-01  6.998025172e-01  1.113965570e+00
 7.181996086e-01  7.015607324e-01  1.112096136e+00
 7.201565558e-01  7.033219070e-01  1.110224226e+00
 7.221135029e-01  7.050860562e-01  1.108349042e+00
 7.240704501e-01  7.068531953e-01  1.106470436e+00
 7.260273973e-01  7.086233400e-01  1.104588422e+00
 7.279843444e-01  7.103965060e-01  1.102703350e+00
 7.299412916e-01  7.121727081e-01  1.100814136e+00
 7.318982387e-01  7.139519655e-01  1.098919078e+00
 7.338551859e-01  7.157342990e-01  1.097018081e+00
 7.358121331e-01  7.175197283e-01  1.095111937e+00
 7.377690802e-01  7.193082718e-01  1.093200670e+00
 7.397260274e-01  7.210999496e-01  1.091282771e+00
 7.416829746e-01  7.228947853e-01  1.089357304e+00
 7.436399217e-01  7.246928024e-01  1.087424525e+00
 7.455968689e-01  7.264940241e-01  1.085484381e+00
 7.475538160e-01  7.282984744e-01  1.083536339e+00
 7.495107632e-01  7.301061786e-01  1.081579561e+00
 7.514677104e-01  7.319171640e-01  1.079612914e+00
 7.534246575e-01  7.337314602e-01  1.077635840e+00
 7.553816047e-01  7.355490968e-01  1.075649224e+00
 7.573385519e-01  7.373701009e-01  1.073653785e+00
 7.592954990e-01  7.391945001e-01  1.071647906e+00
 7.612524462e-01  7.410223277e-01  1.069629382e+00
 7.632093933e-01  7.428536193e-01  1.067598195e+00
 7.651663405e-01  7.446884087e-01  1.065556121e+00
 7.671232877e-01  7.465267262e-01  1.063503444e+00
 7.690802348e-01  7.483686052e-01  1.061438390e+00
 7.710371820e-01  7.502140827e-01  1.059360242e+00
 7.729941292e-01  7.520631953e-01  1.057270076e+00
 7.749510763e-01  7.539159770e-01  1.055168690e+00
 7.769080235e-01  7.557724621e-01  1.053056099e+00
 7.788649706e-01  7.576326852e-01  1.050931035e+00
 7.808219178e-01  7.594966859e-01  1.048793386e+00
 7.827788650e-01  7.613644998e-01  1.046644420e+00
 7.847358121e-01  7.632361628e-01  1.044484066e+00
 7.866927593e-01  7.651117113e-01  1.042313200e+00
 7.886497065e-01  7.669911789e-01  1.040132345e+00
 7.906066536e-01  7.688746007e-01  1.037941315e+00
 7.925636008e-01  7.707620116e-01  1.035741896e+00
 7.945205479e-01  7.726534410e-01  1.033537007e+00
 7.964774951e-01  7.745489135e-01  1.031329263e+00
 7.984344423e-01  7.764484495e-01  1.029123638e+00
 8.003913894e-01  7.783520554e-01  1.026924309e+00
 8.023483366e-01  7.802597365e-01  1.024733301e+00
 8.043052838e-01  7.821714914e-01  1.022554396e+00
 8.062622309e-01  7.840873110e-01  1.020391431e+00
 8.082191781e-01  7.860071793e-01  1.018256807e+00
 8.101761252e-01  7.879310396e-01  1.016163131e+00
 8.121330724e-01  7.898588271e-01  1.014111834e+00
 8.140900196e-01  7.917904780e-01  1.012102427e+00
 8.160469667e-01  7.937259276e-01  1.010142477e+00
 8.180039139e-01  7.956650814e-01  1.008244693e+00
 8.199608611e-01  7.976078236e-01  1.006419736e+00
 8.219178082e-01  7.995540159e-01  1.004669228e+00
 8.238747554e-01  8.015035337e-01  1.002991613e+00
 8.258317025e-01  8.034562415e-01  1.001390062e+00
 8.277886497e-01  8.054119998e-01  9.998942663e-01
 8.297455969e-01  8.073705537e-01  9.985251734e-01
 8.317025440e-01  8.093316783e-01  9.972670564e-01
 8.336594912e-01  8.112951767e-01  9.961069559e-01
 8.356164384e-01  8.132608716e-01  9.950491639e-01
 8.375733855e-01  8.152285465e-01  9.941205504e-01
 8.395303327e-01  8.171979150e-01  9.933251207e-01
 8.414872798e-01  8.191687422e-01  9.926445435e-01
 8.434442270e-01  8.211408119e-01  9.920596803e-01
 8.454011742e-01  8.231139634e-01  9.915659615e-01
 8.473581213e-01  8.250879974e-01  9.911788444e-01
 8.493150685e-01  8.270626903e-01  9.908873675e-01
 8.512720157e-01  8.290378857e-01  9.906705290e-01
 8.532289628e-01  8.310134431e-01  9.905063779e-01
 8.551859100e-01  8.329892932e-01  9.903701812e-01
 8.571428571e-01  8.349653941e-01  9.902488976e-01
 8.590998043e-01  8.369417282e-01  9.901236922e-01
 8.610567515e-01  8.389183288e-01  9.899833885e-01
 8.630136986e-01  8.408952232e-01  9.898132095e-01
 8.649706458e-01  8.428725036e-01  9.896044141e-01
 8.669275930e-01  8.448502322e-01  9.893313515e-01
 8.688845401e-01  8.468286043e-01  9.889709777e-01
 8.708414873e-01  8.488077747e-01  9.885180188e-01
 8.727984344e-01  8.507879604e-01  9.879649133e-01
 8.747553816e-01  8.527693476e-01  9.873237367e-01
 8.767123288e-01  8.547521063e-01  9.866027463e-01
 8.786692759e-01  8.567363906e-01  9.857681388e-01
 8.806262231e-01  8.587225085e-01  9.847983124e-01
 8.825831703e-01  8.607107033e-01  9.837101491e-01
 8.845401174e-01  8.627012180e-01  9.825123464e-01
 8.864970646e-01  8.646942639e-01  9.812115692e-01
 8.884540117e-01  8.666900602e-01  9.798253736e-01
 8.904109589e-01  8.686887496e-01  9.783374255e-01
 8.923679061e-01  8.706906219e-01  9.767094362e-01
 8.943248532e-01  8.726959805e-01  9.749515208e-01
 8.962818004e-01  8.747050791e-01  9.730815994e-01
 8.982387476e-01  8.767181529e-01  9.711255246e-01
 9.001956947e-01  8.787353537e-01  9.690643629e-01
 9.021526419e-01  8.807570011e-01  9.668822603e-01
 9.041095890e-01  8.827833178e-01  9.646011598e-01
 9.060665362e-01  8.848145390e-01  9.622004832e-01
 9.080234834e-01  8.868509808e-01  9.596909498e-01
 9.099804305e-01  8.888928396e-01  9.570837928e-01
 9.119373777e-01  8.909403923e-01  9.543661614e-01
 9.138943249e-01  8.929938974e-01  9.515868241e-01
 9.158512720e-01  8.950534286e-01  9.487139132e-01
 9.178082192e-01  8.971193912e-01  9.456963611e-01
 9.197651663e-01  8.991920879e-01  9.425991956e-01
 9.217221135e-01  9.012716499e-01  9.394121163e-01
 9.236790607e-01  9.033584359e-01  9.361041096e-01
 9.256360078e-01  9.054527228e-01  9.327605283e-01
 9.275929550e-01  9.075544961e-01  9.293703791e-01
 9.295499022e-01  9.096640915e-01  9.258086062e-01
 9.315068493e-01  9.117820708e-01  9.220852007e-01
 9.334637965e-01  9.139087395e-01  9.183984746e-01
 9.354207436e-01  9.160437551e-01  9.145890678e-01
 9.373776908e-01  9.181881829e-01  9.104827362e-01
 9.393346380e-01  9.203425030e-01  9.062382284e-01
 9.412915851e-01  9.225070676e-01  9.021794834e-01
 9.432485323e-01  9.246808076e-01  8.979713411e-01
 9.452054795e-01  9.268657209e-01  8.932348987e-01
 9.471624266e-01  9.290625805e-01  8.882865351e-01
 9.491193738e-01  9.312719084e-01  8.834790597e-01
 9.510763209e-01  9.334927331e-01  8.791566086e-01
 9.530332681e-01  9.357238296e-01  8.742081071e-01
 9.549902153e-01  9.379699073e-01  8.681766989e-01
 9.569471624e-01  9.402321223e-01  8.618415141e-01
 9.589041096e-01  9.425113504e-01  8.553194798e-01
 9.608610568e-01  9.448082024e-01  8.584893727e-01
 9.628180039e-01  9.470709098e-01  8.667057244e-01
 9.647749511e-01  9.493240711e-01  8.607167342e-01
 9.667318982e-01  9.516189243e-01  8.432514828e-01
 9.686888454e-01  9.539667099e-01  8.230057770e-01
 9.706457926e-01  9.563761310e-01  8.012195170e-01
 9.726027397e-01  9.588535216e-01  7.789131821e-01
 9.745596869e-01  9.614030134e-01  7.568853591e-01
 9.765166341e-01  9.640267025e-01  7.357330603e-01
 9.784735812e-01  9.667248152e-01  7.158830799e-01
 9.804305284e-01  9.694958737e-01  6.976261893e-01
 9.823874755e-01  9.723368607e-01  6.811493285e-01
 9.843444227e-01  9.752433831e-01  6.665634425e-01
 9.863013699e-01  9.782098342e-01  6.539262631e-01
 9.882583170e-01  9.812295538e-01  6.432602328e-01
 9.902152642e-01  9.842949859e-01  6.345661762e-01
 9.921722114e-01  9.873978346e-01  6.278334966e-01
 9.941291585e-01  9.905292157e-01  6.230476145e-01
 9.960861057e-01  9.936798063e-01  6.201952529e-01
 9.980430528e-01  9.968399903e-01  6.192681018e-01
 1.000000000e+00  1.000000000e+00  6.193022334e-01
4  4.703032563e-01  7.494887687e-01  1.015790682e+00  7.616552767e-01  9.559807010e-01  4.090648805e+01  4.103392616e-01  9.966451261e-01  4.282672251e-01  2.808291002e+00
5  6.006798210e-01  1.078535252e+00  1.008565454e+00  6.271328416e-01  9.280600427e-01  2.614889820e+01  3.638949244e-01  1.072355308e+00  6.002648063e-01  2.849029959e+00
6  7.002570677e-01  1.298974276e+00  1.004889002e+00  5.363917685e-01  9.057382464e-01  2.009535215e+01  3.395532886e-01  1.170096440e+00  7.167489052e-01  2.757682308e+00
7  7.831112082e-01  1.472065508e+00  1.002406440e+00  4.708753092e-01  8.960608773e-01  1.695120192e+01  3.243642700e-01  1.280659142e+00  8.052656942e-01  2.636872537e+00
8  8.499269635e-01  1.882369570e+00  1.000688057e+00  4.208959077e-01  9.109018158e-01  1.572670131e+01  3.151979421e-01  1.420812243e+00  8.719476875e-01  2.499828564e+00
9  8.972371647e-01  2.519619567e+00  9.997187535e-01  3.809299606e-01  9.705816817e-01  1.654463737e+01  3.110185212e-01  1.632763624e+00  9.179195869e-01  2.343486593e+00
10  9.367065123e-01  1.919223158e+00  9.994079220e-01  3.490191802e-01  1.092457722e+00  1.958975810e+01  3.108999141e-01  1.940552771e+00  9.538910754e-01  2.201234022e+00
11  9.713296291e-01  4.238496337e+00  9.998438635e-01  3.231596608e-01  1.298025438e+00  2.589712290e+01  3.145768384e-01  2.482155363e+00  9.816986589e-01  2.075993676e+00
12  9.862147289e-01  7.957318679e+00  9.999382956e-01  2.992502329e-01  1.569407625e+00  3.605084202e+01  3.187011382e-01  3.843274278e+00  9.914281277e-01  1.932339043e+00
13  9.935241018e-01  1.488434849e+01  9.999702853e-01  2.784307318e-01  1.777145617e+00  4.390961034e+01  3.231298665e-01  6.585178336e+00  9.959895312e-01  1.796975016e+00
0 0 -1.217544266e-01 -2.529485941e-18
0 1  1.383612536e-02 -6.261331126e-03
0 2 -1.605977053e-02  8.083398398e-03
0 3  2.978156647e-03 -9.419280201e-03
0 4  1.672346609e-03  7.477119459e-03
0 5 -6.916378352e-03 -9.026934257e-04
0 6  6.070685571e-04 -5.365916011e-03
0 7  4.281330120e-03 -1.279075747e-03
0 8  3.557916257e-03  1.907318477e-03
0 9  2.257598958e-03  2.986370273e-03
1 0 -1.136396085e-01 -5.142590132e-02
1 1 -9.363017178e-02 -8.656798347e-18
1 2  8.476579068e-03 -8.983495749e-03
1 3 -1.321319227e-02  1.113559619e-02
1 4 -3.923087187e-03 -1.033974544e-02
1 5  6.354683334e-03  2.543147799e-03
1 6 -3.420277900e-03  6.382570234e-03
1 7 -6.559049203e-03  4.643344731e-04
1 8 -4.758061956e-03 -3.273981366e-03
1 9 -2.812922281e-03 -4.286181062e-03
2 0  1.319029705e-01  6.639100217e-02
2 1 -9.053255918e-02 -9.594659049e-02
2 2 -7.425117303e-02 -5.732340375e-17
2 3  3.286993700e-03 -1.084939275e-02
2 4 -7.339405315e-03  1.157517127e-02
2 5 -1.056744657e-02 -5.571399788e-03
2 6  2.695543594e-03 -5.908011534e-03
2 7  4.777240209e-03  1.431421674e-03
2 8  2.019992957e-03  4.670776010e-03
2 9 -9.284017347e-05  5.069373721e-03
3 0 -2.446035624e-02 -7.736293839e-02
3 1  1.411210939e-01  1.189317073e-01
3 2 -4.426857605e-02 -1.461174592e-01
3 3 -6.085272041e-02 -4.482620674e-17
3 4 -1.468484146e-03 -1.242643896e-02
3 5 -1.263716501e-03  9.094995117e-03
3 6 -1.123445924e-02  3.029560018e-03
3 7 -7.557220321e-03 -4.604701931e-03
3 8 -2.638967058e-03 -6.078442382e-03
3 9 -7.922934457e-05 -5.285184636e-03
4 0 -1.373540705e-02  6.141147940e-02
4 1  4.189981833e-02 -1.104317683e-01
4 2  9.884564803e-02  1.558920997e-01
4 3  2.413177482e-02 -2.042051510e-01
4 4 -5.085742507e-02 -6.941162027e-17
4 5 -6.630821694e-03 -1.340853570e-02
4 6  2.714252675e-03  2.361239761e-03
4 7 -3.156024931e-03  6.929844612e-03
4 8 -7.021077654e-03  4.917677777e-03
4 9 -7.845179537e-03  2.689785501e-03
5 0  5.680597041e-02 -7.414050160e-03
5 1 -6.787003819e-02  2.716162697e-02
5 2  1.423202643e-01 -7.503450195e-02
5 3  2.076680373e-02  1.494591377e-01
5 4  1.303806019e-01 -2.636495198e-01
5 5 -4.243067764e-02 -7.529394189e-17
5 6 -1.100577916e-02 -1.186444803e-02
5 7  5.673384451e-04 -5.453151882e-03
5 8  2.102478925e-03  2.719969137e-06
5 9  1.297178329e-03  2.363675078e-03
6 0 -4.986008100e-03 -4.407162977e-02
6 1  3.652965529e-02  6.816787914e-02
6 2 -3.630304389e-02 -7.956792187e-02
6 3  1.846172064e-01  4.978512049e-02
6 4 -5.336984071e-02  4.642861406e-02
6 5  2.593825924e-01 -2.796195747e-01
6 6 -3.561579429e-02 -1.243984832e-17
6 7 -1.363046035e-02 -8.087239414e-03
6 8 -5.960164564e-03 -8.408518027e-03
6 9 -2.534664574e-03 -6.820104472e-03
7 0 -3.516365064e-02 -1.050537367e-02
7 1  7.005273063e-02  4.959239786e-03
7 2 -6.433891902e-02  1.927810183e-02
7 3  1.241887014e-01 -7.566961510e-02
7 4  6.205632564e-02  1.362602334e-01
7 5 -1.337094943e-02 -1.285190854e-01
7 6  3.827083075e-01 -2.270689051e-01
7 7 -3.000501279e-02  1.335611393e-16
7 8 -1.596717404e-02 -5.372970382e-03
7 9 -1.155854629e-02 -6.723688641e-03
8 0 -2.922206903e-02  1.566529062e-02
8 1  5.081761429e-02 -3.496716179e-02
8 2 -2.720486255e-02  6.290508040e-02
8 3  4.336645987e-02 -9.988776740e-02
8 4  1.380541316e-01  9.669537478e-02
8 5 -4.955091556e-02  6.410383451e-05
8 6  1.673461082e-01 -2.360895832e-01
8 7  5.321502160e-01 -1.790690916e-01
8 8 -2.212199702e-02  1.837405804e-17
8 9 -1.215178372e-02 -1.926175002e-03
9 0 -1.854223310e-02  2.452781683e-02
9 1  3.004290420e-02 -4.577777633e-02
9 2  1.250352953e-03  6.827331494e-02
9 3  1.301985253e-03 -8.685206842e-02
9 4  1.542582922e-01  5.288874727e-02
9 5 -3.057170899e-02  5.570674828e-02
9 6  7.116686921e-02 -1.914910115e-01
9 7  3.852205086e-01 -2.240855116e-01
9 8  5.493077186e-01 -8.707057504e-02
9 9 -1.773678636e-02  3.731103140e-17
0 0 -8.676893753e+00  2.854221310e-15
0 1 -8.451533197e-01  5.874589798e-01
0 2  1.494523392e+00 -6.182444293e-01
0 3 -1.512243057e-01  4.934393441e-01
0 4 -3.349044024e-02 -3.405009690e-01
0 5  2.749738684e-01  5.477281864e-02
0 6 -1.663263191e-02  1.851893504e-01
0 7 -1.204425594e-01  6.657350156e-02
0 8 -7.275669770e-02 -7.183195786e-02
0 9 -1.210724778e-03 -1.421162803e-01
1 0 -8.451533197e-01 -5.874589798e-01
1 1 -1.157648475e+01  4.187320509e-15
1 2 -6.299001158e-01  1.388504412e+00
1 3  2.116106987e+00 -1.456159613e+00
1 4  3.300593916e-01  9.148199806e-01
1 5 -4.307110507e-01 -2.523463422e-01
1 6  2.207738124e-01 -3.808058660e-01
1 7  3.135579560e-01 -6.173249261e-02
1 8  1.490174360e-01  1.829797258e-01
1 9 -1.309753269e-02  2.903884044e-01
2 0  1.494523392e+00  6.182444293e-01
2 1 -6.299001158e-01 -1.388504412e+00
2 2 -1.484299217e+01  2.216729582e-14
2 3  5.256783270e-02  2.578727077e+00
2 4  2.056316855e+00 -2.466241071e+00
2 5  1.441602987e+00  8.504057742e-01
2 6 -3.330615446e-01  5.626055156e-01
2 7 -4.243358941e-01 -6.662324898e-02
2 8 -3.088199457e-02 -3.918434417e-01
2 9  3.206181153e-01 -4.787348001e-01
3 0 -1.512243057e-01 -4.934393441e-01
3 1  2.116106987e+00  1.456159613e+00
3 2  5.256783270e-02 -2.578727077e+00
3 3 -1.858383029e+01  5.752286337e-14
3 4  1.469856533e+00  4.342658979e+00
3 5  1.166463562e+00 -3.313189654e+00
3 6  2.322825135e+00 -5.145805563e-01
3 7  9.934618057e-01  5.868651822e-01
3 8 -8.826805421e-03  5.775063307e-01
3 9 -5.192120910e-01  3.474170973e-01
4 0 -3.349044024e-02  3.405009690e-01
4 1  3.300593916e-01 -9.148199806e-01
4 2  2.056316855e+00  2.466241071e+00
4 3  1.469856533e+00 -4.342658979e+00
4 4 -2.301165100e+01  1.095256307e-13
4 5  4.284801822e+00  6.650551075e+00
4 6 -5.029369209e-01 -2.486397325e+00
4 7  8.153457684e-01 -1.833131545e+00
4 8  1.559287157e+00 -7.607271437e-01
4 9  1.989913381e+00  3.173230921e-02
5 0  2.749738684e-01 -5.477281864e-02
5 1 -4.307110507e-01  2.523463422e-01
5 2  1.441602987e+00 -8.504057742e-01
5 3  1.166463562e+00  3.313189654e+00
5 4  4.284801822e+00 -6.650551075e+00
5 5 -2.824949556e+01  3.851169514e-14
5 6  8.353762416e+00  7.876135189e+00
5 7 -6.413832327e-01  9.981174680e-01
5 8 -4.452832149e-01 -1.807071851e+00
5 9  6.915042846e-01 -3.134399415e+00
6 0 -1.663263191e-02 -1.851893504e-01
6 1  2.207738124e-01  3.808058660e-01
6 2 -3.330615446e-01 -5.626055156e-01
6 3  2.322825135e+00  5.145805563e-01
6 4 -5.029369209e-01  2.486397325e+00
6 5  8.353762416e+00 -7.876135189e+00
6 6 -3.481181074e+01 -1.404011147e-13
6 7  1.245179491e+01  6.420502497e+00
6 8  9.687219135e-01  2.236831186e+00
6 9 -1.336090959e+00 -4.388763550e-01
7 0 -1.204425594e-01 -6.657350156e-02
7 1  3.135579560e-01  6.173249261e-02
7 2 -4.243358941e-01  6.662324898e-02
7 3  9.934618057e-01 -5.868651822e-01
7 4  8.153457684e-01  1.833131545e+00
7 5 -6.413832327e-01 -9.981174680e-01
7 6  1.245179491e+01 -6.420502497e+00
7 7 -4.859728412e+01 -2.887948974e-13
7 8  2.030536129e+01  6.168629194e+00
7 9  6.117113557e+00  4.475830658e+00
8 0 -7.275669770e-02  7.183195786e-02
8 1  1.490174360e-01 -1.829797258e-01
8 2 -3.088199457e-02  3.918434417e-01
8 3 -8.826805421e-03 -5.775063307e-01
8 4  1.559287157e+00  7.607271437e-01
8 5 -4.452832149e-01  1.807071851e+00
8 6  9.687219135e-01 -2.236831186e+00
8 7  2.030536129e+01 -6.168629194e+00
8 8 -6.264335123e+01 -1.729925821e-13
8 9  3.096996871e+01  4.909038948e+00
9 0 -1.210724778e-03  1.421162803e-01
9 1 -1.309753269e-02 -2.903884044e-01
9 2  3.206181153e-01  4.787348001e-01
9 3 -5.192120910e-01 -3.474170973e-01
9 4  1.989913381e+00 -3.173230921e-02
9 5  6.915042846e-01  3.134399415e+00
9 6 -1.336090959e+00  4.388763550e-01
9 7  6.117113557e+00 -4.475830658e+00
9 8  3.096996871e+01 -4.909038948e+00
9 9 -5.637999917e+01 -1.186007362e-13
0  7.967960117e-02  6.047673701e-03 -1.594852392e-01 -4.190773903e-02
1  1.278970040e-01  1.001002581e-02  1.745292849e-01  8.831766471e-02
2  1.715610330e-01  1.230631353e-02 -1.417584719e-01 -1.498110319e-01
3  2.210299411e-01  1.649161162e-02  4.697850801e-02  2.043821602e-01
4  2.692004573e-01  1.795686788e-02  1.098317069e-01 -1.767627120e-01
5  3.036223975e-01  1.994594930e-02 -2.009735253e-01 -1.952390754e-02
6  3.339443277e-01  2.139978900e-02 -1.042585779e-02  1.932758313e-01
7  3.574724509e-01  2.172676406e-02  1.600159752e-01  8.768776168e-02
8  3.456400994e-01  1.770164509e-02  1.650945326e-01 -4.077044387e-02
9  3.273177107e-01  1.556215062e-02  1.255475645e-01 -9.682058937e-02
