 1.695500020e+00 -1.799448930e+00  8.656895593e-01  3.295174866e+00  9.317623828e-01  9.218031720e-01  6.693981580e+00 512 3 10
 0.000000000e+00  0.000000000e+00  1.442521752e-06
 1.956947162e-03  2.931320080e-02  1.335184126e-01
 3.913894325e-03  4.145525731e-02  1.888196809e-01
 5.870841487e-03  5.077246045e-02  2.312469104e-01
 7.827788650e-03  5.862760155e-02  2.670057066e-01
 9.784735812e-03  6.554857584e-02  2.984990741e-01
 1.174168297e-02  7.180613964e-02  3.269589954e-01
 1.369863014e-02  7.756114872e-02  3.531170199e-01
 1.565557730e-02  8.291842035e-02  3.774495616e-01
 1.761252446e-02  8.795076942e-02  4.002873579e-01
 1.956947162e-02  9.271121899e-02  4.218710712e-01
 2.152641879e-02  9.723980304e-02  4.423822628e-01
 2.348336595e-02  1.015676289e-01  4.619618888e-01
 2.544031311e-02  1.057194388e-01  4.807217399e-01
 2.739726027e-02  1.097153009e-01  4.987518021e-01
 2.935420744e-02  1.135717654e-01  5.161286191e-01
 3.131115460e-02  1.173026341e-01  5.329157201e-01
 3.326810176e-02  1.209195986e-01  5.491648928e-01
 3.522504892e-02  1.244326550e-01  5.649219575e-01
 3.718199609e-02  1.278504219e-01  5.802246543e-01
 3.913894325e-02  1.311804188e-01  5.951055239e-01
 4.109589041e-02  1.344292324e-01  6.095946377e-01
 4.305283757e-02  1.376026745e-01  6.237181593e-01
 4.500978474e-02  1.407059039e-01  6.374993497e-01
 4.696673190e-02  1.437435246e-01  6.509589062e-01
 4.892367906e-02  1.467196667e-01  6.641151968e-01
 5.088062622e-02  1.496380530e-01  6.769846211e-01
 5.283757339e-02  1.525020534e-01  6.895825601e-01
 5.479452055e-02  1.553147255e-01  7.019217835e-01
 5.675146771e-02  1.580788673e-01  7.140131721e-01
 5.870841487e-02  1.607970400e-01  7.258683750e-01
 6.066536204e-02  1.634715896e-01  7.374997428e-01
 6.262230920e-02  1.661046653e-01  7.489178981e-01
 6.457925636e-02  1.686982522e-01  7.601305443e-01
 6.653620352e-02  1.712541922e-01  7.711459209e-01
 6.849315068e-02  1.737741876e-01  7.819694564e-01
 7.045009785e-02  1.762598389e-01  7.926045085e-01
 7.240704501e-02  1.787126413e-01  8.030621968e-01
 7.436399217e-02  1.811339583e-01  8.133546104e-01
 7.632093933e-02  1.835250600e-01  8.234814510e-01
 7.827788650e-02  1.858871746e-01  8.334422870e-01
 8.023483366e-02  1.882214492e-01  8.432474240e-01
 8.219178082e-02  1.905289379e-01  8.529043362e-01
 8.414872798e-02  1.928106409e-01  8.624136457e-01
 8.610567515e-02  1.950675125e-01  8.717790621e-01
 8.806262231e-02  1.973004446e-01  8.810073371e-01
 9.001956947e-02  1.995102746e-01  8.900988070e-01
 9.197651663e-02  2.016978165e-01  8.990548477e-01
 9.393346380e-02  2.038638307e-01  9.078849115e-01
 9.589041096e-02  2.060090204e-01  9.165922005e-01
 9.784735812e-02  2.081340704e-01  9.251750527e-01
 9.980430528e-02  2.102396363e-01  9.336333827e-01
 1.017612524e-01  2.123263505e-01  9.419745152e-01
 1.037181996e-01  2.143947867e-01  9.502056194e-01
 1.056751468e-01  2.164455002e-01  9.583221664e-01
 1.076320939e-01  2.184790424e-01  9.663250789e-01
 1.095890411e-01  2.204959247e-01  9.742197879e-01
 1.115459883e-01  2.224966379e-01  9.820080401e-01
 1.135029354e-01  2.244816515e-01  9.896924331e-01
 1.154598826e-01  2.264514128e-01  9.972759897e-01
 1.174168297e-01  2.284063485e-01  1.004758559e+00
 1.193737769e-01  2.303468774e-01  1.012138454e+00
 1.213307241e-01  2.322734053e-01  1.019418172e+00
 1.232876712e-01  2.341863153e-01  1.026605969e+00
 1.252446184e-01  2.360859578e-01  1.033702024e+00
 1.272015656e-01  2.379726921e-01  1.040701410e+00
 1.291585127e-01  2.398468652e-01  1.047606783e+00
 1.311154599e-01  2.417088060e-01  1.054421918e+00
 1.330724070e-01  2.435588281e-01  1.061148559e+00
 1.350293542e-01  2.453972357e-01  1.067787964e+00
 1.369863014e-01  2.472243208e-01  1.074342250e+00
 1.389432485e-01  2.490403636e-01  1.080809494e+00
 1.409001957e-01  2.508456467e-01  1.087187663e+00
 1.428571429e-01  2.526404420e-01  1.093482044e+00
 1.448140900e-01  2.544249998e-01  1.099698516e+00
 1.467710372e-01  2.561995594e-01  1.105835435e+00
 1.487279843e-01  2.579643635e-01  1.111887664e+00
 1.506849315e-01  2.597196555e-01  1.117856087e+00
 1.526418787e-01  2.614656634e-01  1.123747485e+00
 1.545988258e-01  2.632025976e-01  1.129564104e+00
 1.565557730e-01  2.649306686e-01  1.135303137e+00
 1.585127202e-01  2.666500854e-01  1.140964940e+00
 1.604696673e-01  2.683610474e-01  1.146549600e+00
 1.624266145e-01  2.700637538e-01  1.152056668e+00
 1.643835616e-01  2.717583963e-01  1.157490517e+00
 1.663405088e-01  2.734451524e-01  1.162855261e+00
 1.682974560e-01  2.751241939e-01  1.168148224e+00
 1.702544031e-01  2.767956981e-01  1.173364041e+00
 1.722113503e-01  2.784598444e-01  1.178505008e+00
 1.741682975e-01  2.801167964e-01  1.183577937e+00
 1.761252446e-01  2.817667072e-01  1.188584118e+00
 1.780821918e-01  2.834097300e-01  1.193520575e+00
 1.800391389e-01  2.850460200e-01  1.198386150e+00
 1.819960861e-01  2.866757275e-01  1.203180588e+00
 1.839530333e-01  2.882990021e-01  1.207905221e+00
 1.859099804e-01  2.899159849e-01  1.212565277e+00
 1.878669276e-01  2.915268060e-01  1.217162901e+00
 1.898238748e-01  2.931315955e-01  1.221693559e+00
 1.917808219e-01  2.947304905e-01  1.226152154e+00
 1.937377691e-01  2.963236298e-01  1.230542479e+00
 1.956947162e-01  2.979111356e-01  1.234872677e+00
 1.976516634e-01  2.994931210e-01  1.239143084e+00
 1.996086106e-01  3.010697033e-01  1.243347764e+00
 2.015655577e-01  3.026410064e-01  1.247484545e+00
 2.035225049e-01  3.042071493e-01  1.251557116e+00
 2.054794521e-01  3.057682427e-01  1.255567882e+00
 2.074363992e-01  3.073243954e-01  1.259518159e+00
 2.093933464e-01  3.088757114e-01  1.263409564e+00
 2.113502935e-01  3.104222923e-01  1.267239103e+00
 2.133072407e-01  3.119642460e-01  1.271002754e+00
 2.152641879e-01  3.135016807e-01  1.274703022e+00
 2.172211350e-01  3.150346950e-01  1.278346314e+00
 2.191780822e-01  3.165633784e-01  1.281934984e+00
 2.211350294e-01  3.180878213e-01  1.285463845e+00
 2.230919765e-01  3.196081228e-01  1.288928665e+00
 2.250489237e-01  3.211243805e-01  1.292332069e+00
 2.270058708e-01  3.226366847e-01  1.295678220e+00
 2.289628180e-01  3.241451206e-01  1.298969593e+00
 2.309197652e-01  3.256497704e-01  1.302206470e+00
 2.328767123e-01  3.271507163e-01  1.305384915e+00
 2.348336595e-01  3.286480475e-01  1.308500669e+00
 2.367906067e-01  3.301418537e-01  1.311556639e+00
 2.387475538e-01  3.316322150e-01  1.314559980e+00
 2.407045010e-01  3.331192031e-01  1.317514381e+00
 2.426614481e-01  3.346028877e-01  1.320412894e+00
 2.446183953e-01  3.360833543e-01  1.323248352e+00
 2.465753425e-01  3.375606871e-01  1.326025508e+00
 2.485322896e-01  3.390349588e-01  1.328751422e+00
 2.504892368e-01  3.405062361e-01  1.331427127e+00
 2.524461840e-01  3.419745880e-01  1.334050148e+00
 2.544031311e-01  3.434400851e-01  1.336616746e+00
 2.563600783e-01  3.449028031e-01  1.339125760e+00
 2.583170254e-01  3.463628136e-01  1.341580122e+00
 2.602739726e-01  3.478201844e-01  1.343983320e+00
 2.622309198e-01  3.492749781e-01  1.346338724e+00
 2.641878669e-01  3.507272538e-01  1.348643997e+00
 2.661448141e-01  3.521770782e-01  1.350891218e+00
 2.681017613e-01  3.536245261e-01  1.353081727e+00
 2.700587084e-01  3.550696598e-01  1.355222674e+00
 2.720156556e-01  3.565125379e-01  1.357316432e+00
 2.739726027e-01  3.579532165e-01  1.359362282e+00
 2.759295499e-01  3.593917546e-01  1.361355254e+00
 2.778864971e-01  3.608282180e-01  1.363293348e+00
 2.798434442e-01  3.622626688e-01  1.365179324e+00
 2.818003914e-01  3.636951659e-01  1.367015791e+00
 2.837573386e-01  3.651257650e-01  1.368806962e+00
 2.857142857e-01  3.665545155e-01  1.370553459e+00
 2.876712329e-01  3.679814708e-01  1.372246725e+00
 2.896281800e-01  3.694066973e-01  1.373883297e+00
 2.915851272e-01  3.708302550e-01  1.375470468e+00
 2.935420744e-01  3.722521941e-01  1.377014668e+00
 2.954990215e-01  3.736725607e-01  1.378516831e+00
 2.974559687e-01  3.750914026e-01  1.379969204e+00
 2.994129159e-01  3.765087808e-01  1.381366029e+00
 3.013698630e-01  3.779247546e-01  1.382713337e+00
 3.033268102e-01  3.793393720e-01  1.384016153e+00
 3.052837573e-01  3.807526811e-01  1.385275679e+00
 3.072407045e-01  3.821647272e-01  1.386492003e+00
 3.091976517e-01  3.835755577e-01  1.387658581e+00
 3.111545988e-01  3.849852305e-01  1.388772570e+00
 3.131115460e-01  3.863937985e-01  1.389838966e+00
 3.150684932e-01  3.878013089e-01  1.390863101e+00
 3.170254403e-01  3.892078032e-01  1.391848015e+00
 3.189823875e-01  3.906133223e-01  1.392788253e+00
 3.209393346e-01  3.920179182e-01  1.393675817e+00
 3.228962818e-01  3.934216476e-01  1.394514266e+00
 3.248532290e-01  3.948245550e-01  1.395311618e+00
 3.268101761e-01  3.962266805e-01  1.396068843e+00
 3.287671233e-01  3.976280664e-01  1.396784310e+00
 3.307240705e-01  3.990287558e-01  1.397453210e+00
 3.326810176e-01  4.004288004e-01  1.398073913e+00
 3.346379648e-01  4.018282463e-01  1.398650809e+00
 3.365949119e-01  4.032271362e-01  1.399185594e+00
 3.385518591e-01  4.046255125e-01  1.399680720e+00
 3.405088063e-01  4.060234128e-01  1.400136894e+00
 3.424657534e-01  4.074208781e-01  1.400547478e+00
 3.444227006e-01  4.088179589e-01  1.400910304e+00
 3.463796477e-01  4.102147004e-01  1.401230871e+00
 3.483365949e-01  4.116111421e-01  1.401513573e+00
 3.502935421e-01  4.130073201e-01  1.401759899e+00
 3.522504892e-01  4.144032710e-01  1.401964416e+00
 3.542074364e-01  4.157990417e-01  1.402122687e+00
 3.561643836e-01  4.171946775e-01  1.402238722e+00
 3.581213307e-01  4.185902172e-01  1.402316348e+00
 3.600782779e-01  4.199856984e-01  1.402356299e+00
 3.620352250e-01  4.213811586e-01  1.402359146e+00
 3.639921722e-01  4.227766342e-01  1.402322074e+00
 3.659491194e-01  4.241721682e-01  1.402242470e+00
 3.679060665e-01  4.255678022e-01  1.402121348e+00
 3.698630137e-01  4.269635773e-01  1.401962350e+00
 3.718199609e-01  4.283595280e-01  1.401770176e+00
 3.737769080e-01  4.297556858e-01  1.401543033e+00
 3.757338552e-01  4.311520889e-01  1.401274497e+00
 3.776908023e-01  4.325487820e-01  1.400963511e+00
 3.796477495e-01  4.339458051e-01  1.400615583e+00
 3.816046967e-01  4.353431921e-01  1.400235486e+00
 3.835616438e-01  4.367409739e-01  1.399822072e+00
 3.855185910e-01  4.381391864e-01  1.399371013e+00
 3.874755382e-01  4.395378694e-01  1.398880529e+00
 3.894324853e-01  4.409370627e-01  1.398353172e+00
 3.913894325e-01  4.423368008e-01  1.397792152e+00
 3.933463796e-01  4.437371175e-01  1.397198596e+00
 3.953033268e-01  4.451380452e-01  1.396571932e+00
 3.972602740e-01  4.465396188e-01  1.395910470e+00
 3.992172211e-01  4.479418746e-01  1.395212568e+00
 4.011741683e-01  4.493448508e-01  1.394478797e+00
 4.031311155e-01  4.507485826e-01  1.393713543e+00
 4.050880626e-01  4.521531000e-01  1.392919112e+00
 4.070450098e-01  4.535584335e-01  1.392093190e+00
 4.090019569e-01  4.549646180e-01  1.391232075e+00
 4.109589041e-01  4.563716918e-01  1.390335815e+00
 4.129158513e-01  4.577796898e-01  1.389408999e+00
 4.148727984e-01  4.591886414e-01  1.388455008e+00
 4.168297456e-01  4.605985750e-01  1.387470813e+00
 4.187866928e-01  4.620095262e-01  1.386453935e+00
 4.207436399e-01  4.634215288e-01  1.385405621e+00
 4.227005871e-01  4.648346162e-01  1.384327503e+00
 4.246575342e-01  4.662488189e-01  1.383221662e+00
 4.266144814e-01  4.676641667e-01  1.382087357e+00
 4.285714286e-01  4.690806918e-01  1.380923596e+00
 4.305283757e-01  4.704984262e-01  1.379731939e+00
 4.324853229e-01  4.719173992e-01  1.378512237e+00
 4.344422701e-01  4.733376436e-01  1.377263606e+00
 4.363992172e-01  4.747591907e-01  1.375988573e+00
 4.383561644e-01  4.761820684e-01  1.374687815e+00
 4.403131115e-01  4.776063070e-01  1.373360842e+00
 4.422700587e-01  4.790319357e-01  1.372007456e+00
 4.442270059e-01  4.804589856e-01  1.370626953e+00
 4.461839530e-01  4.818874876e-01  1.369221822e+00
 4.481409002e-01  4.833174679e-01  1.367793558e+00
 4.500978474e-01  4.847489548e-01  1.366340223e+00
 4.520547945e-01  4.861819789e-01  1.364861650e+00
 4.540117417e-01  4.876165690e-01  1.363359645e+00
 4.559686888e-01  4.890527524e-01  1.361835355e+00
 4.579256360e-01  4.904905558e-01  1.360289258e+00
 4.598825832e-01  4.919300058e-01  1.358719217e+00
 4.618395303e-01  4.933711340e-01  1.357125473e+00
 4.637964775e-01  4.948139669e-01  1.355511637e+00
 4.657534247e-01  4.962585287e-01  1.353878417e+00
 4.677103718e-01  4.977048448e-01  1.352224323e+00
 4.696673190e-01  4.991529429e-01  1.350547996e+00
 4.716242661e-01  5.006028517e-01  1.348850656e+00
 4.735812133e-01  5.020545966e-01  1.347134948e+00
 4.755381605e-01  5.035082010e-01  1.345402182e+00
 4.774951076e-01  5.049636878e-01  1.343650715e+00
 4.794520548e-01  5.064210842e-01  1.341879459e+00
 4.814090020e-01  5.078804161e-01  1.340089558e+00
 4.833659491e-01  5.093417083e-01  1.338282885e+00
 4.853228963e-01  5.108049830e-01  1.336460322e+00
 4.872798434e-01  5.122702637e-01  1.334621827e+00
 4.892367906e-01  5.137375726e-01  1.332767340e+00
 4.911937378e-01  5.152069339e-01  1.330896219e+00
 4.931506849e-01  5.166783716e-01  1.329009492e+00
 4.951076321e-01  5.181519078e-01  1.327108215e+00
 4.970645793e-01  5.196275647e-01  1.325193536e+00
 4.990215264e-01  5.211053620e-01  1.323266606e+00
 5.009784736e-01  5.225853197e-01  1.321325920e+00
 5.029354207e-01  5.240674613e-01  1.319370638e+00
 5.048923679e-01  5.255518089e-01  1.317402336e+00
 5.068493151e-01  5.270383827e-01  1.315423097e+00
 5.088062622e-01  5.285272004e-01  1.313434548e+00
 5.107632094e-01  5.300182790e-01  1.311435607e+00
 5.127201566e-01  5.315116389e-01  1.309423807e+00
 5.146771037e-01  5.330073029e-01  1.307400434e+00
 5.166340509e-01  5.345052887e-01  1.305368607e+00
 5.185909980e-01  5.360056123e-01  1.303329804e+00
 5.205479452e-01  5.375082885e-01  1.301283410e+00
 5.225048924e-01  5.390133347e-01  1.299227110e+00
 5.244618395e-01  5.405207712e-01  1.297161530e+00
 5.264187867e-01  5.420306145e-01  1.295089370e+00
 5.283757339e-01  5.435428788e-01  1.293012225e+00
 5.303326810e-01  5.450575769e-01  1.290929868e+00
 5.322896282e-01  5.465747239e-01  1.288840924e+00
 5.342465753e-01  5.480943361e-01  1.286745670e+00
 5.362035225e-01  5.496164280e-01  1.284645785e+00
 5.381604697e-01  5.511410121e-01  1.282542753e+00
 5.401174168e-01  5.526680998e-01  1.280436615e+00
 5.420743640e-01  5.541977036e-01  1.278326923e+00
 5.440313112e-01  5.557298359e-01  1.276214202e+00
 5.459882583e-01  5.572645082e-01  1.274099300e+00
 5.479452055e-01  5.588017312e-01  1.271983138e+00
 5.499021526e-01  5.603415142e-01  1.269866000e+00
 5.518590998e-01  5.618838673e-01  1.267747980e+00
 5.538160470e-01  5.634287996e-01  1.265629882e+00
 5.557729941e-01  5.649763194e-01  1.263512452e+00
 5.577299413e-01  5.665264342e-01  1.261396064e+00
 5.596868885e-01  5.680791512e-01  1.259280925e+00
 5.616438356e-01  5.696344776e-01  1.257167494e+00
 5.636007828e-01  5.711924196e-01  1.255056510e+00
 5.655577299e-01  5.727529825e-01  1.252948768e+00
 5.675146771e-01  5.743161705e-01  1.250844660e+00
 5.694716243e-01  5.758819880e-01  1.248744235e+00
 5.714285714e-01  5.774504391e-01  1.246647967e+00
 5.733855186e-01  5.790215270e-01  1.244556511e+00
 5.753424658e-01  5.805952540e-01  1.242470424e+00
 5.772994129e-01  5.821716219e-01  1.240390051e+00
 5.792563601e-01  5.837506323e-01  1.238315614e+00
 5.812133072e-01  5.853322861e-01  1.236247656e+00
 5.831702544e-01  5.869165835e-01  1.234186637e+00
 5.851272016e-01  5.885035243e-01  1.232132824e+00
 5.870841487e-01  5.900931077e-01  1.230086400e+00
 5.890410959e-01  5.916853331e-01  1.228047431e+00
 5.909980431e-01  5.932801994e-01  1.226016542e+00
 5.929549902e-01  5.948777041e-01  1.223994378e+00
 5.949119374e-01  5.964778445e-01  1.221980920e+00
 5.968688845e-01  5.980806179e-01  1.219976032e+00
 5.988258317e-01  5.996860219e-01  1.217979681e+00
 6.007827789e-01  6.012940538e-01  1.215992167e+00
 6.027397260e-01  6.029047100e-01  1.214014133e+00
 6.046966732e-01  6.045179862e-01  1.212045839e+00
 6.066536204e-01  6.061338779e-01  1.210087020e+00
 6.086105675e-01  6.077523812e-01  1.208137363e+00
 6.105675147e-01  6.093734924e-01  1.206196987e+00
 6.125244618e-01  6.109972072e-01  1.204266175e+00
 6.144814090e-01  6.126235209e-01  1.202345126e+00
 6.164383562e-01  6.142524284e-01  1.200433945e+00
 6.183953033e-01  6.158839246e-01  1.198532291e+00
 6.203522505e-01  6.175180051e-01  1.196640047e+00
 6.223091977e-01  6.191546652e-01  1.194757289e+00
 6.242661448e-01  6.207938999e-01  1.192883842e+00
 6.262230920e-01  6.224357048e-01  1.191019754e+00
 6.281800391e-01  6.240800747e-01  1.189165070e+00
 6.301369863e-01  6.257270048e-01  1.187319611e+00
 6.320939335e-01  6.273764904e-01  1.185483235e+00
 6.340508806e-01  6.290285269e-01  1.183655754e+00
 6.360078278e-01  6.306831097e-01  1.181836900e+00
 6.379647750e-01  6.323402350e-01  1.180026591e+00
 6.399217221e-01  6.339998985e-01  1.178224824e+00
 6.418786693e-01  6.356620959e-01  1.176431375e+00
 6.438356164e-01  6.373268234e-01  1.174645993e+00
 6.457925636e-01  6.389940775e-01  1.172868485e+00
 6.477495108e-01  6.406638547e-01  1.171098669e+00
 6.497064579e-01  6.423361518e-01  1.169336312e+00
 6.516634051e-01  6.440109659e-01  1.167581041e+00
 6.536203523e-01  6.456882949e-01  1.165832618e+00
 6.555772994e-01  6.473681363e-01  1.164090953e+00
 6.575342466e-01  6.490504881e-01  1.162355902e+00
 6.594911937e-01  6.507353482e-01  1.160627162e+00
 6.614481409e-01  6.524227154e-01  1.158904264e+00
 6.634050881e-01  6.541125889e-01  1.157186792e+00
 6.653620352e-01  6.558049685e-01  1.155474576e+00
 6.673189824e-01  6.574998539e-01  1.153767559e+00
 6.692759295e-01  6.591972450e-01  1.152065360e+00
 6.712328767e-01  6.608971426e-01  1.150367577e+00
 6.731898239e-01  6.625995476e-01  1.148673960e+00
 6.751467710e-01  6.643044616e-01  1.146984050e+00
 6.771037182e-01  6.660118868e-01  1.145297588e+00
 6.790606654e-01  6.677218254e-01  1.143614261e+00
 6.810176125e-01  6.694342807e-01  1.141933599e+00
 6.829745597e-01  6.711492563e-01  1.140255453e+00
 6.849315068e-01  6.728667559e-01  1.138579846e+00
 6.868884540e-01  6.745867830e-01  1.136906211e+00
 6.888454012e-01  6.763093429e-01  1.135233455e+00
 6.908023483e-01  6.780344426e-01  1.133561162e+00
 6.927592955e-01  6.797620888e-01  1.131889594e+00
 6.947162427e-01  6.814922875e-01  1.130218965e+00
 6.966731898e-01  6.832250448e-01  1.128549086e+00
 6.986301370e-01  6.849603676e-01  1.126878534e+00
 7.005870841e-01  6.866982662e-01  1.125206179e+00
 7.025440313e-01  6.884387511e-01  1.123532165e+00
 7.045009785e-01  6.901818324e-01  1.121856794e+00
 7.064579256e-01  6.919275196e-01  1.120180142e+00
 7.084148728e-01  6.936758229e-01  1.118501267e+00
 7.103718200e-01  6.954267546e-01  1.116819224e+00
 7.123287671e-01  6.971803281e-01  1.115133832e+00
 7.142857143e-01  6.989365565e-01  1.113445075e+00
 7.162426614e-01  7.006954532e-01  1.111752406e+00
 7.181996086e-01  7.024570336e-01  1.110054779e+00
 7.201565558e-01  7.042213143e-01  1.108351715e+00
 7.221135029e-01  7.059883124e-01  1.106643745e+00
 7.240704501e-01  7.077580433e-01  1.104930944e+00
 7.260273973e-01  7.095305238e-01  1.103212710e+00
 7.279843444e-01  7.113057717e-01  1.101487520e+00
 7.299412916e-01  7.130838089e-01  1.099753987e+00
 7.318982387e-01  7.148646578e-01  1.098012709e+00
 7.338551859e-01  7.166483389e-01  1.096264513e+00
 7.358121331e-01  7.184348722e-01  1.094509412e+00
 7.377690802e-01  7.202242784e-01  1.092745488e+00
 7.397260274e-01  7.220165841e-01  1.090971221e+00
 7.416829746e-01  7.238118153e-01  1.089187352e+00
 7.436399217e-01  7.256099967e-01  1.087394135e+00
 7.455968689e-01  7.274111539e-01  1.085590975e+00
 7.475538160e-01  7.292153138e-01  1.083776724e+00
 7.495107632e-01  7.310225064e-01  1.081950785e+00
 7.514677104e-01  7.328327611e-01  1.080113862e+00
 7.534246575e-01  7.346461059e-01  1.078266296e+00
 7.553816047e-01  7.364625696e-01  1.076408559e+00
 7.573385519e-01  7.382821790e-01  1.074539762e+00
 7.592954990e-01  7.401049665e-01  1.072659096e+00
 7.612524462e-01  7.419309621e-01  1.070768721e+00
 7.632093933e-01  7.437601913e-01  1.068870914e+00
 7.651663405e-01  7.455926769e-01  1.066967487e+00
 7.671232877e-01  7.474284386e-01  1.065059112e+00
 7.690802348e-01  7.492674970e-01  1.063146408e+00
 7.710371820e-01  7.511098701e-01  1.061231840e+00
 7.729941292e-01  7.529555702e-01  1.059317917e+00
 7.749510763e-01  7.548046067e-01  1.057407002e+00
 7.769080235e-01  7.566569839e-01  1.055502388e+00
 7.788649706e-01  7.585126994e-01  1.053606345e+00
 7.808219178e-01  7.603717495e-01  1.051720046e+00
 7.827788650e-01  7.622341275e-01  1.049844497e+00
 7.847358121e-01  7.640998259e-01  1.047981397e+00
 7.866927593e-01  7.659688317e-01  1.046135861e+00
 7.886497065e-01  7.678411185e-01  1.044312181e+00
 7.906066536e-01  7.697166576e-01  1.042512373e+00
 7.925636008e-01  7.715954146e-01  1.040737515e+00
 7.945205479e-01  7.734773560e-01  1.038989285e+00
 7.964774951e-01  7.753624407e-01  1.037274000e+00
 7.984344423e-01  7.772506112e-01  1.035595880e+00
 8.003913894e-01  7.791418101e-01  1.033953727e+00
 8.023483366e-01  7.810359829e-01  1.032345715e+00
 8.043052838e-01  7.829330778e-01  1.030772446e+00
 8.062622309e-01  7.848330370e-01  1.029246784e+00
 8.082191781e-01  7.867357600e-01  1.027777410e+00
 8.101761252e-01  7.886411556e-01  1.026359537e+00
 8.121330724e-01  7.905491390e-01  1.024989579e+00
 8.140900196e-01  7.924596312e-01  1.023666322e+00
 8.160469667e-01  7.943725504e-01  1.022397080e+00
 8.180039139e-01  7.962877888e-01  1.021189413e+00
 8.199608611e-01  7.982052350e-01  1.020039551e+00
 8.219178082e-01  8.001247936e-01  1.018939610e+00
 8.238747554e-01  8.020463817e-01  1.017889837e+00
 8.258317025e-01  8.039699016e-01  1.016899570e+00
 8.277886497e-01  8.058952338e-01  1.015973313e+00
 8.297455969e-01  8.078222625e-01  1.015105161e+00
 8.317025440e-01  8.097508892e-01  1.014285514e+00
 8.336594912e-01  8.116810335e-01  1.013505402e+00
 8.356164384e-01  8.136126302e-01  1.012761264e+00
 8.375733855e-01  8.155456119e-01  1.012055901e+00
 8.395303327e-01  8.174799020e-01  1.011382088e+00
 8.414872798e-01  8.194154601e-01  1.010728489e+00
 8.434442270e-01  8.213522527e-01  1.010088972e+00
 8.454011742e-01  8.232902624e-01  1.009456472e+00
 8.473581213e-01  8.252294828e-01  1.008827838e+00
 8.493150685e-01  8.271699086e-01  1.008194867e+00
 8.512720157e-01  8.291115648e-01  1.007550155e+00
 8.532289628e-01  8.310544747e-01  1.006890685e+00
 8.551859100e-01  8.329986751e-01  1.006207691e+00
 8.571428571e-01  8.349442236e-01  1.005492458e+00
 8.590998043e-01  8.368911910e-01  1.004734959e+00
 8.610567515e-01  8.388396743e-01  1.003930496e+00
 8.630136986e-01  8.407897634e-01  1.003075381e+00
 8.649706458e-01  8.427415703e-01  1.002169392e+00
 8.669275930e-01  8.446951870e-01  1.001204267e+00
 8.688845401e-01  8.466507589e-01  1.000172869e+00
 8.708414873e-01  8.486084070e-01  9.990611429e-01
 8.727984344e-01  8.505683339e-01  9.978578403e-01
 8.747553816e-01  8.525307066e-01  9.965773012e-01
 8.767123288e-01  8.544956738e-01  9.952283124e-01
 8.786692759e-01  8.564633701e-01  9.938009115e-01
 8.806262231e-01  8.584339863e-01  9.922939410e-01
 8.825831703e-01  8.604076641e-01  9.906964469e-01
 8.845401174e-01  8.623846413e-01  9.889964870e-01
 8.864970646e-01  8.643651104e-01  9.872125334e-01
 8.884540117e-01  8.663492394e-01  9.853645165e-01
 8.904109589e-01  8.683371444e-01  9.834432711e-01
 8.923679061e-01  8.703290340e-01  9.814292625e-01
 8.943248532e-01  8.723251067e-01  9.793291533e-01
 8.962818004e-01  8.743255490e-01  9.771347482e-01
 8.982387476e-01  8.763305980e-01  9.748534184e-01
 9.001956947e-01  8.783404145e-01  9.724891379e-01
 9.021526419e-01  8.803552253e-01  9.700461329e-01
 9.041095890e-01  8.823751783e-01  9.675377417e-01
 9.060665362e-01  8.844004503e-01  9.649325651e-01
 9.080234834e-01  8.864313263e-01  9.622359820e-01
 9.099804305e-01  8.884679661e-01  9.594610410e-01
 9.119373777e-01  8.905106074e-01  9.565948786e-01
 9.138943249e-01  8.925594708e-01  9.536826140e-01
 9.158512720e-01  8.946146065e-01  9.506954637e-01
 9.178082192e-01  8.966763670e-01  9.475867573e-01
 9.197651663e-01  8.987450104e-01  9.444211247e-01
 9.217221135e-01  9.008206162e-01  9.411816880e-01
 9.236790607e-01  9.029035257e-01  9.378296991e-01
 9.256360078e-01  9.049939965e-01  9.344517031e-01
 9.275929550e-01  9.070919922e-01  9.310361126e-01
 9.295499022e-01  9.091978308e-01  9.274554853e-01
 9.315068493e-01  9.113120602e-01  9.237189026e-01
 9.334637965e-01  9.134349718e-01  9.200241429e-01
 9.354207436e-01  9.155662142e-01  9.162117839e-01
 9.373776908e-01  9.177068357e-01  9.121075784e-01
 9.393346380e-01  9.198573040e-01  9.078693371e-01
 9.412915851e-01  9.220179605e-01  9.038104077e-01
 9.432485323e-01  9.241877801e-01  8.996087220e-01
 9.452054795e-01  9.263686799e-01  8.948999725e-01
 9.471624266e-01  9.285613991e-01  8.899896759e-01
 9.491193738e-01  9.307664340e-01  8.852370927e-01
 9.510763209e-01  9.329827517e-01  8.809945048e-01
 9.530332681e-01  9.352090655e-01  8.761102502e-01
 9.549902153e-01  9.374502037e-01  8.701091395e-01
 9.569471624e-01  9.397073442e-01  8.637935315e-01
 9.589041096e-01  9.419813828e-01  8.572818804e-01
 9.608610568e-01  9.442729483e-01  8.615384701e-01
 9.628180039e-01  9.465249836e-01  8.713858250e-01
 9.647749511e-01  9.487645915e-01  8.654449374e-01
 9.667318982e-01  9.510482485e-01  8.467211852e-01
 9.686888454e-01  9.533883832e-01  8.249231619e-01
 9.706457926e-01  9.557946471e-01  8.014490686e-01
 9.726027397e-01  9.582740975e-01  7.774412052e-01
 9.745596869e-01  9.608313804e-01  7.537830599e-01
 9.765166341e-01  9.634689115e-01  7.311246374e-01
 9.784735812e-01  9.661870586e-01  7.099208689e-01
 9.804305284e-01  9.689843225e-01  6.904729561e-01
 9.823874755e-01  9.718575170e-01  6.729665751e-01
 9.843444227e-01  9.748019491e-01  6.575044605e-01
 9.863013699e-01  9.778115960e-01  6.441326494e-01
 9.882583170e-01  9.808792816e-01  6.328606642e-01
 9.902152642e-01  9.839968492e-01  6.236767477e-01
 9.921722114e-01  9.871553325e-01  6.165589821e-01
 9.941291585e-01  9.903451222e-01  6.114832729e-01
 9.960861057e-01  9.935561296e-01  6.084289429e-01
 9.980430528e-01  9.967779464e-01  6.073825333e-01
 1.000000000e+00  1.000000000e+00  6.073378850e-01
4  4.571264473e-01  7.463558778e-01  1.015923651e+00  7.606556723e-01  9.541292674e-01  4.315310576e+01  4.184991089e-01  9.967983904e-01  4.120080877e-01  2.776424596e+00
5  5.853495000e-01  1.058405608e+00  1.009239988e+00  6.260154607e-01  9.268114355e-01  2.737961560e+01  3.711117348e-01  1.068880638e+00  5.812345877e-01  2.825453424e+00
6  6.856790056e-01  1.239200026e+00  1.005559632e+00  5.353946593e-01  9.042323595e-01  2.079452381e+01  3.454253919e-01  1.160976704e+00  6.994397063e-01  2.748057954e+00
7  7.716920744e-01  1.388203101e+00  1.002906720e+00  4.702627529e-01  8.922696072e-01  1.723149409e+01  3.287622711e-01  1.261483008e+00  7.926641939e-01  2.643960706e+00
8  8.417101147e-01  1.766260524e+00  1.001034206e+00  4.206608228e-01  9.024867252e-01  1.567757854e+01  3.184760610e-01  1.386680276e+00  8.639366887e-01  2.518662247e+00
9  8.922763786e-01  2.238092441e+00  9.999451351e-01  3.809868517e-01  9.532050653e-01  1.610602753e+01  3.135082136e-01  1.574449476e+00  9.136242878e-01  2.370726824e+00
10  9.369728992e-01  2.101317055e+00  9.996082190e-01  3.496312974e-01  1.060656789e+00  1.850628395e+01  3.128782534e-01  1.837260445e+00  9.545745948e-01  2.239779695e+00
11  9.680589960e-01  4.076612750e+00  9.998554943e-01  3.230947141e-01  1.257276403e+00  2.450042911e+01  3.158525393e-01  2.383265491e+00  9.797888238e-01  2.104237872e+00
12  9.841717103e-01  7.058661717e+00  9.999371236e-01  2.992770532e-01  1.523849078e+00  3.429493237e+01  3.197179352e-01  3.606411147e+00  9.903242814e-01  1.961149849e+00
13  9.925780463e-01  1.320883723e+01  9.999680836e-01  2.781895225e-01  1.748558032e+00  4.290122762e+01  3.241239236e-01  6.125543452e+00  9.954907074e-01  1.825811369e+00
0 0 -1.221215129e-01  7.778940596e-19
0 1  1.381063646e-02 -6.016712575e-03
0 2 -1.585252044e-02  7.654483172e-03
0 3  3.313399607e-03 -8.930274097e-03
0 4  1.129135068e-03  7.325700363e-03
0 5 -6.408112723e-03 -1.581264300e-03
0 6  1.435626246e-03 -4.848828713e-03
0 7  4.242029817e-03 -1.089102229e-04
0 8  2.672374142e-03  2.803281536e-03
0 9  1.008614036e-03  3.450137704e-03
1 0 -1.130893005e-01 -4.926824466e-02
1 1 -9.398529816e-02 -1.154249066e-17
1 2  8.597343211e-03 -8.570783025e-03
1 3 -1.308788356e-02  1.051945605e-02
1 4 -3.011404508e-03 -1.001470525e-02
1 5  5.823905457e-03  3.258729905e-03
1 6 -4.094614937e-03  5.581711519e-03
1 7 -6.131893630e-03 -9.206773497e-04
1 8 -3.381042929e-03 -4.139251560e-03
1 9 -1.133273580e-03 -4.586162456e-03
2 0  1.298094010e-01  6.267923637e-02
2 1 -9.147540498e-02 -9.119280561e-02
2 2 -7.466768121e-02  3.430070281e-17
2 3  3.695513190e-03 -1.033888108e-02
2 4 -7.564338593e-03  1.113515044e-02
2 5 -9.451406069e-03 -6.088151008e-03
2 6  3.509967467e-03 -4.895874095e-03
2 7  4.192953039e-03  2.706676321e-03
2 8  6.102685046e-04  5.176175620e-03
2 9 -1.717004597e-03  4.842890799e-03
3 0 -2.713198951e-02 -7.312613384e-02
3 1  1.392545836e-01  1.119266125e-01
3 2 -4.949280773e-02 -1.384652759e-01
3 3 -6.135442786e-02 -1.984715923e-17
3 4 -7.888874151e-04 -1.195620071e-02
3 5 -1.836243599e-03  9.330109342e-03
3 6 -1.103413914e-02  1.940993567e-03
3 7 -6.233279992e-03 -5.486511825e-03
3 8 -8.590032288e-04 -5.887563008e-03
3 9  1.525542882e-03 -4.459202461e-03
4 0 -9.245996399e-03  5.998697682e-02
4 1  3.204122950e-02 -1.065560832e-01
4 2  1.013067296e-01  1.491294528e-01
4 3  1.285787257e-02 -1.948710325e-01
4 4 -5.143047393e-02 -2.529126559e-17
4 5 -5.731144533e-03 -1.312662262e-02
4 6  2.584342266e-03  3.289048188e-03
4 7 -4.399341849e-03  7.006358371e-03
4 8 -8.029207914e-03  3.910467527e-03
4 9 -8.385595271e-03  1.017273248e-03
5 0  5.247325038e-02 -1.294828620e-02
5 1 -6.196613269e-02  3.467276232e-02
5 2  1.265796114e-01 -8.153662883e-02
5 3  2.992846096e-02  1.520690465e-01
5 4  1.114347992e-01 -2.552304426e-01
5 5 -4.306576097e-02 -4.138237743e-17
5 6 -1.008242172e-02 -1.179148344e-02
5 7  1.297730653e-03 -4.585233230e-03
5 8  2.013885555e-03  1.407331229e-03
5 9  5.267074671e-04  3.485502298e-03
6 0 -1.175571946e-02 -3.970495123e-02
6 1  4.356654729e-02  5.938919839e-02
6 2 -4.700785414e-02 -6.556885143e-02
6 3  1.798425888e-01  3.163575367e-02
6 4 -5.024924075e-02  6.395134902e-02
6 5  2.341168829e-01 -2.738018132e-01
6 6 -3.639135216e-02  5.928862458e-17
6 7 -1.395271386e-02 -9.139352516e-03
6 8 -5.148432170e-03 -8.667929062e-03
6 9 -1.480027458e-03 -6.668708619e-03
7 0 -3.473613876e-02 -8.918184871e-04
7 1  6.524311515e-02 -9.795972006e-03
7 2 -5.615485805e-02  3.624963675e-02
7 3  1.015946234e-01 -8.942324157e-02
7 4  8.553959380e-02  1.362297065e-01
7 5 -3.013369841e-02 -1.064705029e-01
7 6  3.834074040e-01 -2.511407786e-01
7 7 -2.966459877e-02 -2.299853514e-16
7 8 -1.552839147e-02 -5.611195405e-03
7 9 -1.078207177e-02 -7.386025226e-03
8 0 -2.188291055e-02  2.295485431e-02
8 1  3.597416825e-02 -4.404147926e-02
8 2 -8.173127848e-03  6.932283869e-02
8 3  1.400067214e-02 -9.595987141e-02
8 4  1.561177119e-01  7.603405584e-02
8 5 -4.676303193e-02  3.267865696e-02
8 6  1.414740554e-01 -2.381865072e-01
8 7  5.234654138e-01 -1.891546030e-01
8 8 -2.265905102e-02 -1.316860512e-16
8 9 -1.234819862e-02 -2.643845610e-03
9 0 -8.259102035e-03  2.825167837e-02
9 1  1.205798782e-02 -4.879659421e-02
9 2  2.299528484e-02  6.485926335e-02
9 3 -2.486443008e-02 -7.267939115e-02
9 4  1.630472098e-01  1.977958145e-02
9 5 -1.223030675e-02  8.093441796e-02
9 6  4.066975725e-02 -1.832498169e-01
9 7  3.634659568e-01 -2.489844977e-01
9 8  5.449565656e-01 -1.166794500e-01
9 9 -1.796622001e-02 -9.337715383e-17
0 0 -8.630805547e+00  1.478381280e-15
0 1 -8.541863825e-01  5.605666599e-01
0 2  1.464487364e+00 -5.811644015e-01
0 3 -1.704995294e-01  4.684184639e-01
0 4 -1.362005766e-02 -3.326037464e-01
0 5  2.518598471e-01  8.219766427e-02
0 6 -4.010702912e-02  1.773446704e-01
0 7 -1.270511532e-01  2.505132333e-02
0 8 -4.733100049e-02 -8.799723867e-02
0 9  4.397357966e-02 -1.278760682e-01
1 0 -8.541863825e-01 -5.605666599e-01
1 1 -1.146941635e+01 -1.301174282e-15
1 2 -6.724827229e-01  1.307596828e+00
1 3  2.063765802e+00 -1.356114021e+00
1 4  2.525781475e-01  8.773974655e-01
1 5 -3.791938081e-01 -3.037796005e-01
1 6  2.493961152e-01 -3.453966690e-01
1 7  3.019809885e-01  2.054767354e-02
1 8  7.695112852e-02  2.038095871e-01
1 9 -8.670228234e-02  2.443963924e-01
2 0  1.464487364e+00  5.811644015e-01
2 1 -6.724827229e-01 -1.307596828e+00
2 2 -1.464893175e+01  3.079028357e-15
2 3 -7.153181369e-02  2.412349565e+00
2 4  2.039727931e+00 -2.308157601e+00
2 5  1.249149673e+00  9.005666139e-01
2 6 -3.885071061e-01  4.833573287e-01
2 7 -3.705276100e-01 -1.947391185e-01
2 8  6.287184356e-02 -3.806082767e-01
2 9  4.222237143e-01 -3.528990425e-01
3 0 -1.704995294e-01 -4.684184639e-01
3 1  2.063765802e+00  1.356114021e+00
3 2 -7.153181369e-02 -2.412349565e+00
3 3 -1.826715876e+01  1.135063214e-14
3 4  1.210085793e+00  4.093262940e+00
3 5  1.350370746e+00 -3.249552241e+00
3 6  2.201863882e+00 -3.276153655e-01
3 7  7.913823353e-01  7.178857771e-01
3 8 -1.889868826e-01  5.027169013e-01
3 9 -5.573235954e-01  1.407126636e-01
4 0 -1.362005766e-02  3.326037464e-01
4 1  2.525781475e-01 -8.773974655e-01
4 2  2.039727931e+00  2.308157601e+00
4 3  1.210085793e+00 -4.093262940e+00
4 4 -2.255659371e+01  2.093962790e-14
4 5  3.712002745e+00  6.238611099e+00
4 6 -4.317524662e-01 -2.473907896e+00
4 7  1.165889270e+00 -1.826340829e+00
4 8  1.617539964e+00 -4.803513076e-01
4 9  1.826449733e+00  4.218986597e-01
5 0  2.518598471e-01 -8.219766427e-02
5 1 -3.791938081e-01  3.037796005e-01
5 2  1.249149673e+00 -9.005666139e-01
5 3  1.350370746e+00  3.249552241e+00
5 4  3.712002745e+00 -6.238611099e+00
5 5 -2.751143293e+01 -2.348578278e-14
5 6  7.681137047e+00  7.685648297e+00
5 7 -8.898281241e-01  5.042117530e-01
5 8 -2.571599252e-01 -2.086139608e+00
5 9  1.215801984e+00 -2.998432376e+00
6 0 -4.010702912e-02 -1.773446704e-01
6 1  2.493961152e-01  3.453966690e-01
6 2 -3.885071061e-01 -4.833573287e-01
6 3  2.201863882e+00  3.276153655e-01
6 4 -4.317524662e-01  2.473907896e+00
6 5  7.681137047e+00 -7.685648297e+00
6 6 -3.467932210e+01  1.947479875e-13
6 7  1.315194846e+01  7.572257151e+00
6 8  3.994058274e-01  1.971714159e+00
6 9 -1.434760433e+00 -1.155693796e+00
7 0 -1.270511532e-01 -2.505132333e-02
7 1  3.019809885e-01 -2.054767354e-02
7 2 -3.705276100e-01  1.947391185e-01
7 3  7.913823353e-01 -7.178857771e-01
7 4  1.165889270e+00  1.826340829e+00
7 5 -8.898281241e-01 -5.042117530e-01
7 6  1.315194846e+01 -7.572257151e+00
7 7 -4.834236949e+01  4.764006292e-13
7 8  1.950949966e+01  6.426094856e+00
7 9  5.581056983e+00  4.721404850e+00
8 0 -4.733100049e-02  8.799723867e-02
8 1  7.695112852e-02 -2.038095871e-01
8 2  6.287184356e-02  3.806082767e-01
8 3 -1.889868826e-01 -5.027169013e-01
8 4  1.617539964e+00  4.803513076e-01
8 5 -2.571599252e-01  2.086139608e+00
8 6  3.994058274e-01 -1.971714159e+00
8 7  1.950949966e+01 -6.426094856e+00
8 8 -6.142001518e+01  8.155899896e-13
8 9  3.033228833e+01  6.494379447e+00
9 0  4.397357966e-02  1.278760682e-01
9 1 -8.670228234e-02 -2.443963924e-01
9 2  4.222237143e-01  3.528990425e-01
9 3 -5.573235954e-01 -1.407126636e-01
9 4  1.826449733e+00 -4.218986597e-01
9 5  1.215801984e+00  2.998432376e+00
9 6 -1.434760433e+00  1.155693796e+00
9 7  5.581056983e+00 -4.721404850e+00
9 8  3.033228833e+01 -6.494379447e+00
9 9 -5.566001080e+01  2.892858590e-13
0  6.921408387e-02  5.034819053e-03 -1.521867914e-01 -3.895680118e-02
1  1.120626355e-01  8.473012785e-03  1.679934061e-01  8.214299129e-02
2  1.528862580e-01  1.050428705e-02 -1.403516062e-01 -1.405790150e-01
3  2.032779180e-01  1.457897406e-02  5.489141521e-02  1.963882086e-01
4  2.546093564e-01  1.603508010e-02  9.394303640e-02 -1.809155702e-01
5  2.938040610e-01  1.829874319e-02 -1.988264196e-01  5.704588955e-03
6  3.333852758e-01  2.002565482e-02  2.277573996e-02  1.902513552e-01
7  3.517930152e-01  1.975684616e-02  1.752175665e-01  4.389116483e-02
8  3.436024759e-01  1.875786049e-02  1.434111249e-01 -8.874484817e-02
9  3.159806426e-01  7.135924390e-04  8.258011449e-02 -1.337875701e-01
