 1.695500020e+00 -1.796584480e+00  8.653895877e-01  3.280928277e+00  9.320592423e-01  9.150900900e-01  6.556948520e+00 512 3 10
 0.000000000e+00  0.000000000e+00  5.855399531e-06
 1.956947162e-03  2.932328639e-02  1.334680763e-01
 3.913894325e-03  4.146992217e-02  1.887451460e-01
 5.870841487e-03  5.079087795e-02  2.311506328e-01
 7.827788650e-03  5.864935524e-02  2.668894291e-01
 9.784735812e-03  6.557339663e-02  2.983642757e-01
 1.174168297e-02  7.183382741e-02  3.268071319e-01
 1.369863014e-02  7.759153998e-02  3.529496124e-01
 1.565557730e-02  8.295137227e-02  3.772682323e-01
 1.761252446e-02  8.798615116e-02  4.000938438e-01
 1.956947162e-02  9.274890657e-02  4.216672279e-01
 2.152641879e-02  9.727967612e-02  4.421700639e-01
 2.348336595e-02  1.016095687e-01  4.617434228e-01
 2.544031311e-02  1.057633268e-01  4.804996737e-01
 2.739726027e-02  1.097610104e-01  4.985305235e-01
 2.935420744e-02  1.136191451e-01  5.159087681e-01
 3.131115460e-02  1.173515803e-01  5.326956399e-01
 3.326810176e-02  1.209700169e-01  5.489450329e-01
 3.522504892e-02  1.244844594e-01  5.647030889e-01
 3.718199609e-02  1.279035290e-01  5.800069944e-01
 3.913894325e-02  1.312347574e-01  5.948886817e-01
 4.109589041e-02  1.344847393e-01  6.093781002e-01
 4.305283757e-02  1.376592965e-01  6.235016553e-01
 4.500978474e-02  1.407635914e-01  6.372839788e-01
 4.696673190e-02  1.438022232e-01  6.507461693e-01
 4.892367906e-02  1.467793216e-01  6.639062011e-01
 5.088062622e-02  1.496986087e-01  6.767804652e-01
 5.283757339e-02  1.525634541e-01  6.893844601e-01
 5.479452055e-02  1.553769140e-01  7.017307322e-01
 5.675146771e-02  1.581417878e-01  7.138300498e-01
 5.870841487e-02  1.608606363e-01  7.256939409e-01
 6.066536204e-02  1.635358077e-01  7.373331882e-01
 6.262230920e-02  1.661694616e-01  7.487569550e-01
 6.457925636e-02  1.687635945e-01  7.599764311e-01
 6.653620352e-02  1.713200340e-01  7.710035414e-01
 6.849315068e-02  1.738404688e-01  7.818395659e-01
 7.045009785e-02  1.763265134e-01  7.924835508e-01
 7.240704501e-02  1.787796770e-01  8.029499642e-01
 7.436399217e-02  1.812013149e-01  8.132546035e-01
 7.632093933e-02  1.835926886e-01  8.233945120e-01
 7.827788650e-02  1.859550340e-01  8.333668015e-01
 8.023483366e-02  1.882895040e-01  8.431832025e-01
 8.219178082e-02  1.905971517e-01  8.528522621e-01
 8.414872798e-02  1.928789767e-01  8.623754736e-01
 8.610567515e-02  1.951359281e-01  8.717559652e-01
 8.806262231e-02  1.973689002e-01  8.809984207e-01
 9.001956947e-02  1.995787358e-01  8.901030239e-01
 9.197651663e-02  2.017662518e-01  8.990724258e-01
 9.393346380e-02  2.039322075e-01  9.079188967e-01
 9.589041096e-02  2.060772952e-01  9.166431737e-01
 9.784735812e-02  2.082022104e-01  9.252397155e-01
 9.980430528e-02  2.103076160e-01  9.337122291e-01
 1.017612524e-01  2.123941371e-01  9.420686756e-01
 1.037181996e-01  2.144623516e-01  9.503145256e-01
 1.056751468e-01  2.165128153e-01  9.584482833e-01
 1.076320939e-01  2.185460705e-01  9.664694774e-01
 1.095890411e-01  2.205626352e-01  9.743799567e-01
 1.115459883e-01  2.225630061e-01  9.821820858e-01
 1.135029354e-01  2.245476561e-01  9.898817966e-01
 1.154598826e-01  2.265170249e-01  9.974837324e-01
 1.174168297e-01  2.284715362e-01  1.004983992e+00
 1.193737769e-01  2.304116161e-01  1.012378223e+00
 1.213307241e-01  2.323376774e-01  1.019672593e+00
 1.232876712e-01  2.342500965e-01  1.026876455e+00
 1.252446184e-01  2.361492260e-01  1.033988900e+00
 1.272015656e-01  2.380354231e-01  1.041005082e+00
 1.291585127e-01  2.399090367e-01  1.047926032e+00
 1.311154599e-01  2.417703990e-01  1.054755842e+00
 1.330724070e-01  2.436198247e-01  1.061496320e+00
 1.350293542e-01  2.454576207e-01  1.068151165e+00
 1.369863014e-01  2.472840714e-01  1.074722399e+00
 1.389432485e-01  2.490994602e-01  1.081203781e+00
 1.409001957e-01  2.509040769e-01  1.087594127e+00
 1.428571429e-01  2.526981933e-01  1.093901555e+00
 1.448140900e-01  2.544820575e-01  1.100132015e+00
 1.467710372e-01  2.562559084e-01  1.106282718e+00
 1.487279843e-01  2.580199904e-01  1.112347680e+00
 1.506849315e-01  2.597745490e-01  1.118327986e+00
 1.526418787e-01  2.615198130e-01  1.124230232e+00
 1.545988258e-01  2.632559957e-01  1.130056673e+00
 1.565557730e-01  2.649833080e-01  1.135807869e+00
 1.585127202e-01  2.667019516e-01  1.141482113e+00
 1.604696673e-01  2.684121327e-01  1.147075102e+00
 1.624266145e-01  2.701140561e-01  1.152589186e+00
 1.643835616e-01  2.718079120e-01  1.158031445e+00
 1.663405088e-01  2.734938754e-01  1.163406071e+00
 1.682974560e-01  2.751721162e-01  1.168707057e+00
 1.702544031e-01  2.768428190e-01  1.173928131e+00
 1.722113503e-01  2.785061639e-01  1.179074720e+00
 1.741682975e-01  2.801623127e-01  1.184152806e+00
 1.761252446e-01  2.818114213e-01  1.189162620e+00
 1.780821918e-01  2.834536444e-01  1.194103800e+00
 1.800391389e-01  2.850891325e-01  1.198973908e+00
 1.819960861e-01  2.867180408e-01  1.203770166e+00
 1.839530333e-01  2.883405214e-01  1.208494913e+00
 1.859099804e-01  2.899567171e-01  1.213154677e+00
 1.878669276e-01  2.915667570e-01  1.217754049e+00
 1.898238748e-01  2.931707666e-01  1.222285384e+00
 1.917808219e-01  2.947688903e-01  1.226741387e+00
 1.937377691e-01  2.963612677e-01  1.231128511e+00
 1.956947162e-01  2.979480213e-01  1.235454824e+00
 1.976516634e-01  2.995292654e-01  1.239720851e+00
 1.996086106e-01  3.011051168e-01  1.243921915e+00
 2.015655577e-01  3.026756978e-01  1.248053942e+00
 2.035225049e-01  3.042411315e-01  1.252118699e+00
 2.054794521e-01  3.058015314e-01  1.256120202e+00
 2.074363992e-01  3.073570067e-01  1.260061774e+00
 2.093933464e-01  3.089076594e-01  1.263945782e+00
 2.113502935e-01  3.104535894e-01  1.267766036e+00
 2.133072407e-01  3.119949103e-01  1.271517016e+00
 2.152641879e-01  3.135317322e-01  1.275204494e+00
 2.172211350e-01  3.150641517e-01  1.278834921e+00
 2.191780822e-01  3.165922601e-01  1.282409616e+00
 2.211350294e-01  3.181161479e-01  1.285924389e+00
 2.230919765e-01  3.196359139e-01  1.289374209e+00
 2.250489237e-01  3.211516577e-01  1.292761239e+00
 2.270058708e-01  3.226634703e-01  1.296088978e+00
 2.289628180e-01  3.241714403e-01  1.299360456e+00
 2.309197652e-01  3.256756494e-01  1.302579361e+00
 2.328767123e-01  3.271761756e-01  1.305739874e+00
 2.348336595e-01  3.286731114e-01  1.308834267e+00
 2.367906067e-01  3.301665504e-01  1.311867257e+00
 2.387475538e-01  3.316565722e-01  1.314847388e+00
 2.407045010e-01  3.331432488e-01  1.317778372e+00
 2.426614481e-01  3.346266497e-01  1.320653963e+00
 2.446183953e-01  3.361068589e-01  1.323465253e+00
 2.465753425e-01  3.375839642e-01  1.326216381e+00
 2.485322896e-01  3.390580384e-01  1.328914931e+00
 2.504892368e-01  3.405291506e-01  1.331562115e+00
 2.524461840e-01  3.419973695e-01  1.334158263e+00
 2.544031311e-01  3.434627618e-01  1.336698254e+00
 2.563600783e-01  3.449254060e-01  1.339177663e+00
 2.583170254e-01  3.463853769e-01  1.341600634e+00
 2.602739726e-01  3.478427425e-01  1.343972769e+00
 2.622309198e-01  3.492975641e-01  1.346297571e+00
 2.641878669e-01  3.507499007e-01  1.348571841e+00
 2.661448141e-01  3.521998194e-01  1.350787027e+00
 2.681017613e-01  3.536473963e-01  1.352944672e+00
 2.700587084e-01  3.550926939e-01  1.355052623e+00
 2.720156556e-01  3.565357704e-01  1.357112133e+00
 2.739726027e-01  3.579766846e-01  1.359123699e+00
 2.759295499e-01  3.594154925e-01  1.361083286e+00
 2.778864971e-01  3.608522605e-01  1.362987537e+00
 2.798434442e-01  3.622870507e-01  1.364838451e+00
 2.818003914e-01  3.637199243e-01  1.366638865e+00
 2.837573386e-01  3.651509365e-01  1.368394080e+00
 2.857142857e-01  3.665801365e-01  1.370105551e+00
 2.876712329e-01  3.680075758e-01  1.371763997e+00
 2.896281800e-01  3.694333219e-01  1.373365152e+00
 2.915851272e-01  3.708574347e-01  1.374916767e+00
 2.935420744e-01  3.722799646e-01  1.376425058e+00
 2.954990215e-01  3.737009579e-01  1.377890684e+00
 2.974559687e-01  3.751204631e-01  1.379307912e+00
 2.994129159e-01  3.765385377e-01  1.380671162e+00
 3.013698630e-01  3.779552411e-01  1.381983976e+00
 3.033268102e-01  3.793706227e-01  1.383251322e+00
 3.052837573e-01  3.807847312e-01  1.384475467e+00
 3.072407045e-01  3.821976109e-01  1.385658021e+00
 3.091976517e-01  3.836093067e-01  1.386792540e+00
 3.111545988e-01  3.850198755e-01  1.387874130e+00
 3.131115460e-01  3.864293718e-01  1.388907642e+00
 3.150684932e-01  3.878378421e-01  1.389899585e+00
 3.170254403e-01  3.892453273e-01  1.390852978e+00
 3.189823875e-01  3.906518672e-01  1.391762394e+00
 3.209393346e-01  3.920575135e-01  1.392620604e+00
 3.228962818e-01  3.934623204e-01  1.393430682e+00
 3.248532290e-01  3.948663328e-01  1.394199595e+00
 3.268101761e-01  3.962695906e-01  1.394928573e+00
 3.287671233e-01  3.976721358e-01  1.395616034e+00
 3.307240705e-01  3.990740115e-01  1.396259305e+00
 3.326810176e-01  4.004752647e-01  1.396856318e+00
 3.346379648e-01  4.018759422e-01  1.397408901e+00
 3.365949119e-01  4.032760874e-01  1.397920015e+00
 3.385518591e-01  4.046757409e-01  1.398392561e+00
 3.405088063e-01  4.060749399e-01  1.398826687e+00
 3.424657534e-01  4.074737247e-01  1.399216988e+00
 3.444227006e-01  4.088721433e-01  1.399561128e+00
 3.463796477e-01  4.102702402e-01  1.399863961e+00
 3.483365949e-01  4.116680538e-01  1.400129848e+00
 3.502935421e-01  4.130656198e-01  1.400358823e+00
 3.522504892e-01  4.144629763e-01  1.400547066e+00
 3.542074364e-01  4.158601666e-01  1.400692280e+00
 3.561643836e-01  4.172572334e-01  1.400796895e+00
 3.581213307e-01  4.186542151e-01  1.400863080e+00
 3.600782779e-01  4.200511498e-01  1.400891917e+00
 3.620352250e-01  4.214480739e-01  1.400884101e+00
 3.639921722e-01  4.228450243e-01  1.400838708e+00
 3.659491194e-01  4.242420389e-01  1.400753474e+00
 3.679060665e-01  4.256391593e-01  1.400627286e+00
 3.698630137e-01  4.270364257e-01  1.400464082e+00
 3.718199609e-01  4.284338717e-01  1.400268184e+00
 3.737769080e-01  4.298315291e-01  1.400037610e+00
 3.757338552e-01  4.312294354e-01  1.399768201e+00
 3.776908023e-01  4.326276309e-01  1.399459125e+00
 3.796477495e-01  4.340261548e-01  1.399113920e+00
 3.816046967e-01  4.354250403e-01  1.398736883e+00
 3.835616438e-01  4.368243183e-01  1.398326061e+00
 3.855185910e-01  4.382240259e-01  1.397879184e+00
 3.874755382e-01  4.396241987e-01  1.397396723e+00
 3.894324853e-01  4.410248731e-01  1.396879060e+00
 3.913894325e-01  4.424260838e-01  1.396327481e+00
 3.933463796e-01  4.438278650e-01  1.395743531e+00
 3.953033268e-01  4.452302485e-01  1.395127254e+00
 3.972602740e-01  4.466332684e-01  1.394478701e+00
 3.992172211e-01  4.480369566e-01  1.393796223e+00
 4.011741683e-01  4.494413509e-01  1.393078708e+00
 4.031311155e-01  4.508464855e-01  1.392330556e+00
 4.050880626e-01  4.522523895e-01  1.391553395e+00
 4.070450098e-01  4.536590941e-01  1.390745062e+00
 4.090019569e-01  4.550666328e-01  1.389904218e+00
 4.109589041e-01  4.564750399e-01  1.389030917e+00
 4.129158513e-01  4.578843492e-01  1.388127891e+00
 4.148727984e-01  4.592945894e-01  1.387197461e+00
 4.168297456e-01  4.607057897e-01  1.386236693e+00
 4.187866928e-01  4.621179855e-01  1.385244887e+00
 4.207436399e-01  4.635312074e-01  1.384224800e+00
 4.227005871e-01  4.649454853e-01  1.383176791e+00
 4.246575342e-01  4.663608496e-01  1.382100556e+00
 4.266144814e-01  4.677773310e-01  1.380995642e+00
 4.285714286e-01  4.691949611e-01  1.379862387e+00
 4.305283757e-01  4.706137702e-01  1.378703087e+00
 4.324853229e-01  4.720337854e-01  1.377517775e+00
 4.344422701e-01  4.734550372e-01  1.376304705e+00
 4.363992172e-01  4.748775567e-01  1.375065233e+00
 4.383561644e-01  4.763013719e-01  1.373800137e+00
 4.403131115e-01  4.777265126e-01  1.372509564e+00
 4.422700587e-01  4.791530068e-01  1.371194199e+00
 4.442270059e-01  4.805808830e-01  1.369853869e+00
 4.461839530e-01  4.820101701e-01  1.368489641e+00
 4.481409002e-01  4.834408947e-01  1.367101895e+00
 4.500978474e-01  4.848730850e-01  1.365688982e+00
 4.520547945e-01  4.863067715e-01  1.364251784e+00
 4.540117417e-01  4.877419810e-01  1.362793222e+00
 4.559686888e-01  4.891787381e-01  1.361313824e+00
 4.579256360e-01  4.906170687e-01  1.359812102e+00
 4.598825832e-01  4.920570010e-01  1.358286089e+00
 4.618395303e-01  4.934985654e-01  1.356737320e+00
 4.637964775e-01  4.949417871e-01  1.355169419e+00
 4.657534247e-01  4.963866892e-01  1.353583457e+00
 4.677103718e-01  4.978332948e-01  1.351977041e+00
 4.696673190e-01  4.992816326e-01  1.350347835e+00
 4.716242661e-01  5.007317312e-01  1.348697927e+00
 4.735812133e-01  5.021836148e-01  1.347030283e+00
 4.755381605e-01  5.036373061e-01  1.345345911e+00
 4.774951076e-01  5.050928275e-01  1.343643882e+00
 4.794520548e-01  5.065502040e-01  1.341922177e+00
 4.814090020e-01  5.080094628e-01  1.340181309e+00
 4.833659491e-01  5.094706280e-01  1.338423862e+00
 4.853228963e-01  5.109337216e-01  1.336650500e+00
 4.872798434e-01  5.123987665e-01  1.334861813e+00
 4.892367906e-01  5.138657838e-01  1.333057630e+00
 4.911937378e-01  5.153347971e-01  1.331236378e+00
 4.931506849e-01  5.168058311e-01  1.329399022e+00
 4.951076321e-01  5.182789079e-01  1.327547022e+00
 4.970645793e-01  5.197540492e-01  1.325681651e+00
 4.990215264e-01  5.212312745e-01  1.323804221e+00
 5.009784736e-01  5.227106030e-01  1.321913014e+00
 5.029354207e-01  5.241920581e-01  1.320006293e+00
 5.048923679e-01  5.256756634e-01  1.318085964e+00
 5.068493151e-01  5.271614384e-01  1.316154648e+00
 5.088062622e-01  5.286494010e-01  1.314213579e+00
 5.107632094e-01  5.301395682e-01  1.312261660e+00
 5.127201566e-01  5.316319607e-01  1.310296404e+00
 5.146771037e-01  5.331266013e-01  1.308318947e+00
 5.166340509e-01  5.346235086e-01  1.306332387e+00
 5.185909980e-01  5.361226986e-01  1.304338087e+00
 5.205479452e-01  5.376241868e-01  1.302335118e+00
 5.225048924e-01  5.391279919e-01  1.300321690e+00
 5.244618395e-01  5.406341336e-01  1.298298449e+00
 5.264187867e-01  5.421426293e-01  1.296267542e+00
 5.283757339e-01  5.436534942e-01  1.294230621e+00
 5.303326810e-01  5.451667419e-01  1.292187105e+00
 5.322896282e-01  5.466823893e-01  1.290135832e+00
 5.342465753e-01  5.482004530e-01  1.288077567e+00
 5.362035225e-01  5.497209480e-01  1.286013559e+00
 5.381604697e-01  5.512438885e-01  1.283944970e+00
 5.401174168e-01  5.527692869e-01  1.281871758e+00
 5.420743640e-01  5.542971576e-01  1.279793351e+00
 5.440313112e-01  5.558275147e-01  1.277710629e+00
 5.459882583e-01  5.573603704e-01  1.275624573e+00
 5.479452055e-01  5.588957368e-01  1.273535634e+00
 5.499021526e-01  5.604336253e-01  1.271443855e+00
 5.518590998e-01  5.619740478e-01  1.269349324e+00
 5.538160470e-01  5.635170158e-01  1.267252962e+00
 5.557729941e-01  5.650625391e-01  1.265155677e+00
 5.577299413e-01  5.666106269e-01  1.263057641e+00
 5.596868885e-01  5.681612890e-01  1.260958808e+00
 5.616438356e-01  5.697145346e-01  1.258859525e+00
 5.636007828e-01  5.712703728e-01  1.256760532e+00
 5.655577299e-01  5.728288111e-01  1.254662849e+00
 5.675146771e-01  5.743898561e-01  1.252566901e+00
 5.694716243e-01  5.759535143e-01  1.250472456e+00
 5.714285714e-01  5.775197929e-01  1.248379833e+00
 5.733855186e-01  5.790886978e-01  1.246289803e+00
 5.753424658e-01  5.806602341e-01  1.244203159e+00
 5.772994129e-01  5.822344058e-01  1.242120368e+00
 5.792563601e-01  5.838112168e-01  1.240041580e+00
 5.812133072e-01  5.853906708e-01  1.237967161e+00
 5.831702544e-01  5.869727706e-01  1.235897675e+00
 5.851272016e-01  5.885575185e-01  1.233833681e+00
 5.870841487e-01  5.901449160e-01  1.231775520e+00
 5.890410959e-01  5.917349642e-01  1.229723348e+00
 5.909980431e-01  5.933276642e-01  1.227677637e+00
 5.929549902e-01  5.949230159e-01  1.225639038e+00
 5.949119374e-01  5.965210185e-01  1.223607853e+00
 5.968688845e-01  5.981216711e-01  1.221584147e+00
 5.988258317e-01  5.997249727e-01  1.219567984e+00
 6.007827789e-01  6.013309220e-01  1.217559741e+00
 6.027397260e-01  6.029395169e-01  1.215559937e+00
 6.046966732e-01  6.045507547e-01  1.213568999e+00
 6.066536204e-01  6.061646319e-01  1.211587039e+00
 6.086105675e-01  6.077811454e-01  1.209613827e+00
 6.105675147e-01  6.094002923e-01  1.207649606e+00
 6.125244618e-01  6.110220685e-01  1.205694756e+00
 6.144814090e-01  6.126464700e-01  1.203749370e+00
 6.164383562e-01  6.142734924e-01  1.201813730e+00
 6.183953033e-01  6.159031305e-01  1.199887859e+00
 6.203522505e-01  6.175353800e-01  1.197971722e+00
 6.223091977e-01  6.191702355e-01  1.196065447e+00
 6.242661448e-01  6.208076919e-01  1.194168878e+00
 6.262230920e-01  6.224477445e-01  1.192281942e+00
 6.281800391e-01  6.240903880e-01  1.190404823e+00
 6.301369863e-01  6.257356169e-01  1.188537702e+00
 6.320939335e-01  6.273834254e-01  1.186680507e+00
 6.340508806e-01  6.290338080e-01  1.184832942e+00
 6.360078278e-01  6.306867595e-01  1.182994698e+00
 6.379647750e-01  6.323422751e-01  1.181165625e+00
 6.399217221e-01  6.340003498e-01  1.179345870e+00
 6.418786693e-01  6.356609783e-01  1.177535492e+00
 6.438356164e-01  6.373241553e-01  1.175734188e+00
 6.457925636e-01  6.389898761e-01  1.173941628e+00
 6.477495108e-01  6.406581361e-01  1.172157589e+00
 6.497064579e-01  6.423289312e-01  1.170381830e+00
 6.516634051e-01  6.440022574e-01  1.168614101e+00
 6.536203523e-01  6.456781110e-01  1.166854252e+00
 6.555772994e-01  6.473564885e-01  1.165102095e+00
 6.575342466e-01  6.490373864e-01  1.163357386e+00
 6.594911937e-01  6.507208017e-01  1.161619835e+00
 6.614481409e-01  6.524067320e-01  1.159889023e+00
 6.634050881e-01  6.540951751e-01  1.158164463e+00
 6.653620352e-01  6.557861300e-01  1.156445917e+00
 6.673189824e-01  6.574795951e-01  1.154733306e+00
 6.692759295e-01  6.591755694e-01  1.153026228e+00
 6.712328767e-01  6.608740527e-01  1.151324243e+00
 6.731898239e-01  6.625750449e-01  1.149627059e+00
 6.751467710e-01  6.642785468e-01  1.147934232e+00
 6.771037182e-01  6.659845596e-01  1.146245413e+00
 6.790606654e-01  6.676930848e-01  1.144560125e+00
 6.810176125e-01  6.694041253e-01  1.142877812e+00
 6.829745597e-01  6.711176841e-01  1.141198400e+00
 6.849315068e-01  6.728337643e-01  1.139521818e+00
 6.868884540e-01  6.745523692e-01  1.137847445e+00
 6.888454012e-01  6.762735036e-01  1.136174356e+00
 6.908023483e-01  6.779971737e-01  1.134501875e+00
 6.927592955e-01  6.797233864e-01  1.132830032e+00
 6.947162427e-01  6.814521479e-01  1.131159058e+00
 6.966731898e-01  6.831834645e-01  1.129488713e+00
 6.986301370e-01  6.849173429e-01  1.127817531e+00
 7.005870841e-01  6.866537941e-01  1.126144594e+00
 7.025440313e-01  6.883928279e-01  1.124470134e+00
 7.045009785e-01  6.901344545e-01  1.122794027e+00
 7.064579256e-01  6.918786843e-01  1.121116161e+00
 7.084148728e-01  6.936255278e-01  1.119435675e+00
 7.103718200e-01  6.953749984e-01  1.117751580e+00
 7.123287671e-01  6.971271098e-01  1.116063652e+00
 7.142857143e-01  6.988818762e-01  1.114372212e+00
 7.162426614e-01  7.006393105e-01  1.112676866e+00
 7.181996086e-01  7.023994283e-01  1.110975960e+00
 7.201565558e-01  7.041622480e-01  1.109268771e+00
 7.221135029e-01  7.059277878e-01  1.107556054e+00
 7.240704501e-01  7.076960638e-01  1.105837886e+00
 7.260273973e-01  7.094670941e-01  1.104113578e+00
 7.279843444e-01  7.112408976e-01  1.102382135e+00
 7.299412916e-01  7.130174956e-01  1.100642212e+00
 7.318982387e-01  7.147969117e-01  1.098893593e+00
 7.338551859e-01  7.165791683e-01  1.097137046e+00
 7.358121331e-01  7.183642868e-01  1.095372330e+00
 7.377690802e-01  7.201522907e-01  1.093598147e+00
 7.397260274e-01  7.219432061e-01  1.091813456e+00
 7.416829746e-01  7.237370602e-01  1.090018411e+00
 7.436399217e-01  7.255338790e-01  1.088213595e+00
 7.455968689e-01  7.273336885e-01  1.086398131e+00
 7.475538160e-01  7.291365176e-01  1.084570256e+00
 7.495107632e-01  7.309423988e-01  1.082728813e+00
 7.514677104e-01  7.327513656e-01  1.080874391e+00
 7.534246575e-01  7.345634487e-01  1.079008531e+00
 7.553816047e-01  7.363786772e-01  1.077130608e+00
 7.573385519e-01  7.381970845e-01  1.075238413e+00
 7.592954990e-01  7.400187076e-01  1.073330941e+00
 7.612524462e-01  7.418435838e-01  1.071409003e+00
 7.632093933e-01  7.436717482e-01  1.069474401e+00
 7.651663405e-01  7.455032327e-01  1.067527992e+00
 7.671232877e-01  7.473380698e-01  1.065569956e+00
 7.690802348e-01  7.491762914e-01  1.063600795e+00
 7.710371820e-01  7.510179289e-01  1.061621692e+00
 7.729941292e-01  7.528630107e-01  1.059635005e+00
 7.749510763e-01  7.547115604e-01  1.057642653e+00
 7.769080235e-01  7.565636001e-01  1.055645942e+00
 7.788649706e-01  7.584191494e-01  1.053646540e+00
 7.808219178e-01  7.602782248e-01  1.051645947e+00
 7.827788650e-01  7.621408406e-01  1.049645946e+00
 7.847358121e-01  7.640070073e-01  1.047648966e+00
 7.866927593e-01  7.658767307e-01  1.045657372e+00
 7.886497065e-01  7.677500129e-01  1.043673232e+00
 7.906066536e-01  7.696268521e-01  1.041699146e+00
 7.925636008e-01  7.715072410e-01  1.039737924e+00
 7.945205479e-01  7.733911673e-01  1.037793181e+00
 7.964774951e-01  7.752786101e-01  1.035870652e+00
 7.984344423e-01  7.771695357e-01  1.033974469e+00
 8.003913894e-01  7.790639074e-01  1.032105740e+00
 8.023483366e-01  7.809616866e-01  1.030264879e+00
 8.043052838e-01  7.828628338e-01  1.028453521e+00
 8.062622309e-01  7.847673037e-01  1.026682020e+00
 8.082191781e-01  7.866750171e-01  1.024961202e+00
 8.101761252e-01  7.885858869e-01  1.023292624e+00
 8.121330724e-01  7.904998266e-01  1.021674912e+00
 8.140900196e-01  7.924167523e-01  1.020108151e+00
 8.160469667e-01  7.943365755e-01  1.018603005e+00
 8.180039139e-01  7.962591702e-01  1.017170587e+00
 8.199608611e-01  7.981844040e-01  1.015807254e+00
 8.219178082e-01  8.001121627e-01  1.014505493e+00
 8.238747554e-01  8.020423401e-01  1.013266790e+00
 8.258317025e-01  8.039748148e-01  1.012099870e+00
 8.277886497e-01  8.059094454e-01  1.011017083e+00
 8.297455969e-01  8.078460613e-01  1.010019563e+00
 8.317025440e-01  8.097845150e-01  1.009094327e+00
 8.336594912e-01  8.117246837e-01  1.008232756e+00
 8.356164384e-01  8.136664516e-01  1.007435048e+00
 8.375733855e-01  8.156096939e-01  1.006708875e+00
 8.395303327e-01  8.175542640e-01  1.006047881e+00
 8.414872798e-01  8.195000605e-01  1.005437205e+00
 8.434442270e-01  8.214469934e-01  1.004866592e+00
 8.454011742e-01  8.233950004e-01  1.004329266e+00
 8.473581213e-01  8.253440170e-01  1.003826958e+00
 8.493150685e-01  8.272939739e-01  1.003350358e+00
 8.512720157e-01  8.292448426e-01  1.002887757e+00
 8.532289628e-01  8.311965988e-01  1.002429804e+00
 8.551859100e-01  8.331492504e-01  1.001960786e+00
 8.571428571e-01  8.351028343e-01  1.001467359e+00
 8.590998043e-01  8.370574106e-01  1.000935530e+00
 8.610567515e-01  8.390130711e-01  1.000358148e+00
 8.630136986e-01  8.409699043e-01  9.997325241e-01
 8.649706458e-01  8.429280134e-01  9.990616644e-01
 8.669275930e-01  8.448874756e-01  9.983220821e-01
 8.688845401e-01  8.468484872e-01  9.974936112e-01
 8.708414873e-01  8.488112058e-01  9.965723688e-01
 8.727984344e-01  8.507758449e-01  9.955524508e-01
 8.747553816e-01  8.527425874e-01  9.944471981e-01
 8.767123288e-01  8.547115963e-01  9.932658800e-01
 8.786692759e-01  8.566830200e-01  9.919888411e-01
 8.806262231e-01  8.586571022e-01  9.906064724e-01
 8.825831703e-01  8.606340323e-01  9.891216181e-01
 8.845401174e-01  8.626140465e-01  9.875332076e-01
 8.864970646e-01  8.645973418e-01  9.858532267e-01
 8.884540117e-01  8.665841104e-01  9.840984684e-01
 8.904109589e-01  8.685744852e-01  9.822595075e-01
 8.923679061e-01  8.705687006e-01  9.803128517e-01
 8.943248532e-01  8.725669887e-01  9.782669790e-01
 8.962818004e-01  8.745695545e-01  9.761254718e-01
 8.982387476e-01  8.765766209e-01  9.739045325e-01
 9.001956947e-01  8.785883311e-01  9.715963998e-01
 9.021526419e-01  8.806049458e-01  9.691952569e-01
 9.041095890e-01  8.826266368e-01  9.667182793e-01
 9.060665362e-01  8.846535996e-01  9.641372504e-01
 9.080234834e-01  8.866861304e-01  9.614582820e-01
 9.099804305e-01  8.887244053e-01  9.586955564e-01
 9.119373777e-01  8.907686686e-01  9.558389044e-01
 9.138943249e-01  8.928191459e-01  9.529351905e-01
 9.158512720e-01  8.948758865e-01  9.499527242e-01
 9.178082192e-01  8.969392610e-01  9.468415765e-01
 9.197651663e-01  8.990095413e-01  9.436725309e-01
 9.217221135e-01  9.010867978e-01  9.404221484e-01
 9.236790607e-01  9.031714156e-01  9.370420665e-01
 9.256360078e-01  9.052636867e-01  9.336116239e-01
 9.275929550e-01  9.073636521e-01  9.301310643e-01
 9.295499022e-01  9.094716126e-01  9.265087912e-01
 9.315068493e-01  9.115880326e-01  9.227575844e-01
 9.334637965e-01  9.137131679e-01  9.190749118e-01
 9.354207436e-01  9.158465798e-01  9.152822849e-01
 9.373776908e-01  9.179893699e-01  9.111853004e-01
 9.393346380e-01  9.201420129e-01  9.069523880e-01
 9.412915851e-01  9.223048534e-01  9.029067715e-01
 9.432485323e-01  9.244768227e-01  8.987141876e-01
 9.452054795e-01  9.266599035e-01  8.939968072e-01
 9.471624266e-01  9.288548606e-01  8.890695958e-01
 9.491193738e-01  9.310622094e-01  8.842855123e-01
 9.510763209e-01  9.332809722e-01  8.799890489e-01
 9.530332681e-01  9.355099186e-01  8.750656590e-01
 9.549902153e-01  9.377537578e-01  8.690567754e-01
 9.569471624e-01  9.400136447e-01  8.627429902e-01
 9.589041096e-01  9.422904545e-01  8.562411404e-01
 9.608610568e-01  9.445847980e-01  8.599121830e-01
 9.628180039e-01  9.468425475e-01  8.688738442e-01
 9.647749511e-01  9.490894106e-01  8.629273132e-01
 9.667318982e-01  9.513789518e-01  8.449232964e-01
 9.686888454e-01  9.537229379e-01  8.240054867e-01
 9.706457926e-01  9.561304926e-01  8.014830850e-01
 9.726027397e-01  9.586082713e-01  7.784303188e-01
 9.745596869e-01  9.611606354e-01  7.556836665e-01
 9.765166341e-01  9.637898250e-01  7.338642065e-01
 9.784735812e-01  9.664961320e-01  7.134119359e-01
 9.804305284e-01  9.692780725e-01  6.946229873e-01
 9.823874755e-01  9.721325583e-01  6.776844416e-01
 9.843444227e-01  9.750550677e-01  6.627042055e-01
 9.863013699e-01  9.780398142e-01  6.497352951e-01
 9.882583170e-01  9.810799137e-01  6.387948127e-01
 9.902152642e-01  9.841675493e-01  6.298782918e-01
 9.921722114e-01  9.872941330e-01  6.229703268e-01
 9.941291585e-01  9.904504647e-01  6.180522720e-01
 9.960861057e-01  9.936268872e-01  6.151076760e-01
 9.980430528e-01  9.968134387e-01  6.141260098e-01
 1.000000000e+00  1.000000000e+00  6.141241090e-01
4  4.620923976e-01  7.549580831e-01  1.016089662e+00  7.610894125e-01  9.549888821e-01  4.238990734e+01  4.156714722e-01  9.975273288e-01  4.187512470e-01  2.781169959e+00
5  5.909045742e-01  1.060401675e+00  1.009186357e+00  6.264131619e-01  9.278545057e-01  2.701705933e+01  3.687262383e-01  1.071075908e+00  5.880195038e-01  2.825825781e+00
6  6.916166528e-01  1.251557376e+00  1.005390198e+00  5.357692863e-01  9.057752928e-01  2.058577543e+01  3.432747180e-01  1.164654369e+00  7.061641249e-01  2.745841741e+00
7  7.774575822e-01  1.401339231e+00  1.002674857e+00  4.705648461e-01  8.951204871e-01  1.714864507e+01  3.268717006e-01  1.267633645e+00  7.987322336e-01  2.638550755e+00
8  8.469100974e-01  1.811486738e+00  1.000793021e+00  4.208706855e-01  9.079955661e-01  1.572993302e+01  3.168787499e-01  1.398217629e+00  8.689459951e-01  2.510257403e+00
9  8.960181015e-01  2.356260036e+00  9.997717906e-01  3.810795450e-01  9.645260956e-01  1.639370281e+01  3.123460003e-01  1.599546408e+00  9.169353776e-01  2.358315021e+00
10  9.394505844e-01  2.018617563e+00  9.995463482e-01  3.496798367e-01  1.079571130e+00  1.909582890e+01  3.121934904e-01  1.877412174e+00  9.564609363e-01  2.224864376e+00
11  9.703041416e-01  4.280029819e+00  9.998649803e-01  3.231791302e-01  1.285906818e+00  2.551702662e+01  3.154834876e-01  2.457331157e+00  9.811399202e-01  2.089696533e+00
12  9.854304145e-01  7.605259619e+00  9.999410646e-01  2.993150442e-01  1.554783680e+00  3.554344391e+01  3.194604108e-01  3.771651958e+00  9.910086893e-01  1.945565179e+00
13  9.931839265e-01  1.419877248e+01  9.999700249e-01  2.783348466e-01  1.767399530e+00  4.362274452e+01  3.238866957e-01  6.448441346e+00  9.958135767e-01  1.810089197e+00
0 0 -1.219756723e-01  7.244395897e-18
0 1  1.376933276e-02 -6.219341622e-03
0 2 -1.584979470e-02  7.924425525e-03
0 3  3.007317902e-03 -9.168963164e-03
0 4  1.536327455e-03  7.286381512e-03
0 5 -6.637660605e-03 -1.044701450e-03
0 6  8.025626848e-04 -5.119243767e-03
0 7  4.221338656e-03 -9.202128145e-04
0 8  3.267847109e-03  2.161630925e-03
0 9  1.866315912e-03  3.113659962e-03
1 0 -1.128858936e-01 -5.098837748e-02
1 1 -9.386003680e-02  4.469815843e-17
1 2  8.446907520e-03 -8.846143052e-03
1 3 -1.289451533e-02  1.079942643e-02
1 4 -3.588549936e-03 -1.003766521e-02
1 5  6.109890658e-03  2.653943046e-03
1 6 -3.456225581e-03  6.018673610e-03
1 7 -6.317781353e-03  4.801746160e-05
1 8 -4.269393225e-03 -3.495195398e-03
1 9 -2.260414132e-03 -4.348641432e-03
2 0  1.299422614e-01  6.496726253e-02
2 1 -8.999471775e-02 -9.424823762e-02
2 2 -7.451424629e-02  1.222380468e-17
2 3  3.453065803e-03 -1.063228809e-02
2 4 -7.207095811e-03  1.128133888e-02
2 5 -1.004918909e-02 -5.621124280e-03
2 6  2.912626123e-03 -5.530808521e-03
2 7  4.586723998e-03  1.807248246e-03
2 8  1.604840608e-03  4.814052678e-03
2 9 -5.841555127e-04  4.988047333e-03
3 0 -2.465506314e-02 -7.517042531e-02
3 1  1.373802500e-01  1.150588344e-01
3 2 -4.634101497e-02 -1.426879907e-01
3 3 -6.119007381e-02  4.379334101e-17
3 4 -1.153964065e-03 -1.224898847e-02
3 5 -1.340087607e-03  9.140739745e-03
3 6 -1.097963958e-02  2.714454372e-03
3 7 -7.129627840e-03 -4.901747368e-03
3 8 -2.043213489e-03 -6.050237573e-03
3 9  4.758975328e-04 -5.083898712e-03
4 0 -1.259535960e-02  5.973635050e-02
4 1  3.823299093e-02 -1.069429072e-01
4 2  9.672104556e-02  1.513984162e-01
4 3  1.885868072e-02 -2.001793381e-01
4 4 -5.122110681e-02  6.859169914e-17
4 5 -6.314261356e-03 -1.337709672e-02
4 6  2.802206929e-03  2.639702742e-03
4 7 -3.554908115e-03  7.065645646e-03
4 8 -7.417312427e-03  4.713336518e-03
4 9 -8.140803549e-03  2.194061348e-03
5 0  5.441790547e-02 -8.564834533e-03
5 1 -6.509576244e-02  2.827553810e-02
5 2  1.348626551e-01 -7.543690716e-02
5 3  2.190040841e-02  1.493827213e-01
5 4  1.232745981e-01 -2.611637575e-01
5 5 -4.273748003e-02 -4.582880229e-17
5 6 -1.056714007e-02 -1.173900061e-02
5 7  8.544391740e-04 -5.238657021e-03
5 8  2.159614846e-03  5.105717055e-04
5 9  1.111022365e-03  2.778955356e-03
6 0 -6.579694702e-03 -4.196938349e-02
6 1  3.682318587e-02  6.412392127e-02
6 2 -3.908817801e-02 -7.422484687e-02
6 3  1.794349785e-01  4.436102463e-02
6 4 -5.470805110e-02  5.153544909e-02
6 5  2.472569758e-01 -2.746769486e-01
6 6 -3.607835358e-02  1.276527524e-16
6 7 -1.426286510e-02 -8.758220511e-03
6 8 -5.886901647e-03 -8.721008263e-03
6 9 -2.252027393e-03 -6.986537634e-03
7 0 -3.460803762e-02 -7.544232363e-03
7 1  6.731066350e-02  5.115857956e-04
7 2 -6.155499419e-02  2.425372779e-02
7 3  1.165160850e-01 -8.010690398e-02
7 4  6.940318819e-02  1.379440251e-01
7 5 -1.999273643e-02 -1.225775834e-01
7 6  3.953302655e-01 -2.427555485e-01
7 7 -2.938507139e-02 -8.940926738e-17
7 8 -1.559857128e-02 -5.272255300e-03
7 9 -1.118764507e-02 -6.863653296e-03
8 0 -2.679097436e-02  1.772182014e-02
8 1  4.548680536e-02 -3.723837659e-02
8 2 -2.153736618e-02  6.460580249e-02
8 3  3.339125713e-02 -9.887612803e-02
8 4  1.448096866e-01  9.201941956e-02
8 5 -5.053210542e-02  1.194669656e-02
8 6  1.631699084e-01 -2.417241198e-01
8 7  5.308331935e-01 -1.794195165e-01
8 8 -2.230100753e-02  1.176838326e-17
8 9 -1.219195395e-02 -2.236497140e-03
9 0 -1.530072248e-02  2.552689322e-02
9 1  2.408281745e-02 -4.633112856e-02
9 2  7.839514479e-03  6.694085468e-02
9 3 -7.777364908e-03 -8.308371596e-02
9 4  1.589345498e-01  4.283510226e-02
9 5 -2.599644070e-02  6.502384685e-02
9 6  6.242045908e-02 -1.936490150e-01
9 7  3.807254686e-01 -2.335761995e-01
9 8  5.466996920e-01 -1.002868205e-01
9 9 -1.778701361e-02  4.970917606e-17
0 0 -8.648206379e+00 -5.026116636e-15
0 1 -8.487855961e-01  5.812347043e-01
0 2  1.472700123e+00 -6.042850841e-01
0 3 -1.540642360e-01  4.817560372e-01
0 4 -3.049592080e-02 -3.323044038e-01
0 5  2.625727741e-01  6.156801082e-02
0 6 -1.663806190e-02  1.832860727e-01
0 7 -1.209050829e-01  4.880329241e-02
0 8 -6.442949505e-02 -7.719347466e-02
0 9  1.194063443e-02 -1.349397766e-01
1 0 -8.487855961e-01 -5.812347043e-01
1 1 -1.149866001e+01 -5.237454315e-15
1 2 -6.479256679e-01  1.354496142e+00
1 3  2.052246944e+00 -1.399385659e+00
1 4  3.039453734e-01  8.830992478e-01
1 5 -4.050040020e-01 -2.626094596e-01
1 6  2.072626257e-01 -3.674870942e-01
1 7  3.016911498e-01 -2.863539353e-02
1 8  1.197533357e-01  1.884736213e-01
1 9 -3.135261784e-02  2.697819743e-01
2 0  1.472700123e+00  6.042850841e-01
2 1 -6.479256679e-01 -1.354496142e+00
2 2 -1.470843526e+01 -3.657205597e-14
2 3 -9.982779852e-03  2.491430519e+00
2 4  1.988769068e+00 -2.361538469e+00
2 5  1.345140560e+00  8.477575126e-01
2 6 -3.268303835e-01  5.478682777e-01
2 7 -3.950103813e-01 -1.187879354e-01
2 8 -1.279050088e-03 -3.848374414e-01
2 9  3.446708082e-01 -4.293881509e-01
3 0 -1.540642360e-01 -4.817560372e-01
3 1  2.052246944e+00  1.399385659e+00
3 2 -9.982779852e-03 -2.491430519e+00
3 3 -1.838186915e+01 -9.975824049e-15
3 4  1.350711529e+00  4.223591387e+00
3 5  1.216084535e+00 -3.269978629e+00
3 6  2.205821873e+00 -4.795658539e-01
3 7  9.021465903e-01  6.327528256e-01
3 8 -8.142934166e-02  5.551780862e-01
3 9 -5.187744954e-01  2.912989088e-01
4 0 -3.049592080e-02  3.323044038e-01
4 1  3.039453734e-01 -8.830992478e-01
4 2  1.988769068e+00  2.361538469e+00
4 3  1.350711529e+00 -4.223591387e+00
4 4 -2.277418975e+01 -1.166869682e-14
4 5  4.040881954e+00  6.437248971e+00
4 6 -5.544103275e-01 -2.320613726e+00
4 7  9.651479639e-01 -1.862233461e+00
4 8  1.600361859e+00 -6.743412364e-01
4 9  1.957413810e+00  1.638879865e-01
5 0  2.625727741e-01 -6.156801082e-02
5 1 -4.050040020e-01  2.626094596e-01
5 2  1.345140560e+00 -8.477575126e-01
5 3  1.216084535e+00  3.269978629e+00
5 4  4.040881954e+00 -6.437248971e+00
5 5 -2.783628446e+01 -8.802669155e-14
5 6  8.055315626e+00  7.698527750e+00
5 7 -7.761822521e-01  7.662356913e-01
5 8 -4.118780154e-01 -1.952189450e+00
5 9  8.552303202e-01 -3.074782590e+00
6 0 -1.663806190e-02 -1.832860727e-01
6 1  2.072626257e-01  3.674870942e-01
6 2 -3.268303835e-01 -5.478682777e-01
6 3  2.205821873e+00  4.795658539e-01
6 4 -5.544103275e-01  2.320613726e+00
6 5  8.055315626e+00 -7.698527750e+00
6 6 -3.516780407e+01  5.400918565e-15
6 7  1.340944706e+01  7.203837479e+00
6 8  7.200143709e-01  2.158442065e+00
6 9 -1.432162255e+00 -7.715750787e-01
7 0 -1.209050829e-01 -4.880329241e-02
7 1  3.016911498e-01  2.863539353e-02
7 2 -3.950103813e-01  1.187879354e-01
7 3  9.021465903e-01 -6.327528256e-01
7 4  9.651479639e-01  1.862233461e+00
7 5 -7.761822521e-01 -7.662356913e-01
7 6  1.340944706e+01 -7.203837479e+00
7 7 -4.915221084e+01 -2.968178594e-14
7 8  2.000412043e+01  6.129081219e+00
7 9  6.100660880e+00  4.624274409e+00
8 0 -6.442949505e-02  7.719347466e-02
8 1  1.197533357e-01 -1.884736213e-01
8 2 -1.279050088e-03  3.848374414e-01
8 3 -8.142934166e-02 -5.551780862e-01
8 4  1.600361859e+00  6.743412364e-01
8 5 -4.118780154e-01  1.952189450e+00
8 6  7.200143709e-01 -2.158442065e+00
8 7  2.000412043e+01 -6.129081219e+00
8 8 -6.220976251e+01  1.708481812e-13
8 9  3.073588989e+01  5.638204519e+00
9 0  1.194063443e-02  1.349397766e-01
9 1 -3.135261784e-02 -2.697819743e-01
9 2  3.446708082e-01  4.293881509e-01
9 3 -5.187744954e-01 -2.912989088e-01
9 4  1.957413810e+00 -1.638879865e-01
9 5  8.552303202e-01  3.074782590e+00
9 6 -1.432162255e+00  7.715750787e-01
9 7  6.100660880e+00 -4.624274409e+00
9 8  3.073588989e+01 -5.638204519e+00
9 9 -5.622079241e+01 -1.571196452e-13
0  7.287802250e-02  5.859677620e-03 -1.543967954e-01 -4.180186699e-02
1  1.172969701e-01  9.790840396e-03  1.687608576e-01  8.677507415e-02
2  1.597007326e-01  1.220863337e-02 -1.377527654e-01 -1.468314872e-01
3  2.110602626e-01  1.678719638e-02  4.620870647e-02  2.011392945e-01
4  2.624309700e-01  1.862958032e-02  1.073364238e-01 -1.758003745e-01
5  2.994844691e-01  2.099538543e-02 -1.998444276e-01 -1.527460485e-02
6  3.365318631e-01  2.297232136e-02 -4.318795446e-03  1.925296312e-01
7  3.539343027e-01  2.321200120e-02  1.642037690e-01  7.677029166e-02
8  3.446187892e-01  2.264971105e-02  1.601745049e-01 -5.381957004e-02
9  3.213848354e-01  1.141538129e-02  1.146018369e-01 -1.078335623e-01
