 1.695500020e+00 -1.795648420e+00  8.662490032e-01  3.324706202e+00  9.328618603e-01  9.439996950e-01  6.327393880e+00 512 3 10
 0.000000000e+00  0.000000000e+00 -3.724632143e-06
 1.956947162e-03  2.986121021e-02  1.310732391e-01
 3.913894325e-03  4.222977699e-02  1.853663105e-01
 5.870841487e-03  5.172045608e-02  2.270251393e-01
 7.827788650e-03  5.972156485e-02  2.621402536e-01
 9.784735812e-03  6.677089221e-02  2.930702443e-01
 1.174168297e-02  7.314427157e-02  3.210243010e-01
 1.369863014e-02  7.900557653e-02  3.467204236e-01
 1.565557730e-02  8.446159175e-02  3.706261924e-01
 1.761252446e-02  8.958649940e-02  3.930662055e-01
 1.956947162e-02  9.443431867e-02  4.142766527e-01
 2.152641879e-02  9.904583586e-02  4.344357177e-01
 2.348336595e-02  1.034527431e-01  4.536817312e-01
 2.544031311e-02  1.076802481e-01  4.721239958e-01
 2.739726027e-02  1.117488030e-01  4.898494244e-01
 2.935420744e-02  1.156752902e-01  5.069364494e-01
 3.131115460e-02  1.194737274e-01  5.234494744e-01
 3.326810176e-02  1.231560157e-01  5.394375792e-01
 3.522504892e-02  1.267323303e-01  5.549459890e-01
 3.718199609e-02  1.302114417e-01  5.700115506e-01
 3.913894325e-02  1.336010069e-01  5.846659743e-01
 4.109589041e-02  1.369077311e-01  5.989389384e-01
 4.305283757e-02  1.401375306e-01  6.128562112e-01
 4.500978474e-02  1.432956567e-01  6.264407705e-01
 4.696673190e-02  1.463867948e-01  6.397129985e-01
 4.892367906e-02  1.494151484e-01  6.526909465e-01
 5.088062622e-02  1.523845060e-01  6.653907841e-01
 5.283757339e-02  1.552982968e-01  6.778279070e-01
 5.479452055e-02  1.581596300e-01  6.900143303e-01
 5.675146771e-02  1.609713570e-01  7.019596577e-01
 5.870841487e-02  1.637360905e-01  7.136756772e-01
 6.066536204e-02  1.664562183e-01  7.251772004e-01
 6.262230920e-02  1.691339133e-01  7.364768456e-01
 6.457925636e-02  1.717711814e-01  7.475774384e-01
 6.653620352e-02  1.743699171e-01  7.584821207e-01
 6.849315068e-02  1.769318725e-01  7.692019436e-01
 7.045009785e-02  1.794586565e-01  7.797461360e-01
 7.240704501e-02  1.819517710e-01  7.901212216e-01
 7.436399217e-02  1.844126135e-01  8.003346375e-01
 7.632093933e-02  1.868424855e-01  8.103877376e-01
 7.827788650e-02  1.892426357e-01  8.202814009e-01
 8.023483366e-02  1.916142317e-01  8.300265929e-01
 8.219178082e-02  1.939583404e-01  8.396313235e-01
 8.414872798e-02  1.962759763e-01  8.490957749e-01
 8.610567515e-02  1.985681077e-01  8.584216415e-01
 8.806262231e-02  2.008356493e-01  8.676117623e-01
 9.001956947e-02  2.030794697e-01  8.766730400e-01
 9.197651663e-02  2.053003704e-01  8.856115668e-01
 9.393346380e-02  2.074991173e-01  8.944276221e-01
 9.589041096e-02  2.096764448e-01  9.031222259e-01
 9.784735812e-02  2.118330525e-01  9.116979435e-01
 9.980430528e-02  2.139696048e-01  9.201576618e-01
 1.017612524e-01  2.160867339e-01  9.285077895e-01
 1.037181996e-01  2.181850252e-01  9.367522659e-01
 1.056751468e-01  2.202650467e-01  9.448862869e-01
 1.076320939e-01  2.223273621e-01  9.529104685e-01
 1.095890411e-01  2.243724959e-01  9.608325291e-01
 1.115459883e-01  2.264009396e-01  9.686574652e-01
 1.135029354e-01  2.284131611e-01  9.763843622e-01
 1.154598826e-01  2.304096225e-01  9.840107197e-01
 1.174168297e-01  2.323907705e-01  9.915387567e-01
 1.193737769e-01  2.343570282e-01  9.989725685e-01
 1.213307241e-01  2.363087974e-01  1.006315052e+00
 1.232876712e-01  2.382464634e-01  1.013569553e+00
 1.252446184e-01  2.401703907e-01  1.020734059e+00
 1.272015656e-01  2.420809485e-01  1.027805085e+00
 1.291585127e-01  2.439784919e-01  1.034787016e+00
 1.311154599e-01  2.458633523e-01  1.041686616e+00
 1.330724070e-01  2.477358400e-01  1.048506029e+00
 1.350293542e-01  2.495962599e-01  1.055239469e+00
 1.369863014e-01  2.514449250e-01  1.061885436e+00
 1.389432485e-01  2.532821283e-01  1.068450113e+00
 1.409001957e-01  2.551081446e-01  1.074936769e+00
 1.428571429e-01  2.569232399e-01  1.081346019e+00
 1.448140900e-01  2.587276726e-01  1.087677413e+00
 1.467710372e-01  2.605216964e-01  1.093928475e+00
 1.487279843e-01  2.623055641e-01  1.100099008e+00
 1.506849315e-01  2.640795172e-01  1.106194355e+00
 1.526418787e-01  2.658437788e-01  1.112219802e+00
 1.545988258e-01  2.675985618e-01  1.118173270e+00
 1.565557730e-01  2.693440852e-01  1.124047950e+00
 1.585127202e-01  2.710805726e-01  1.129845623e+00
 1.604696673e-01  2.728082268e-01  1.135573890e+00
 1.624266145e-01  2.745272382e-01  1.141233975e+00
 1.643835616e-01  2.762377969e-01  1.146824903e+00
 1.663405088e-01  2.779400873e-01  1.152343736e+00
 1.682974560e-01  2.796342996e-01  1.157789341e+00
 1.702544031e-01  2.813206134e-01  1.163164666e+00
 1.722113503e-01  2.829992020e-01  1.168474166e+00
 1.741682975e-01  2.846702246e-01  1.173721474e+00
 1.761252446e-01  2.863338372e-01  1.178900838e+00
 1.780821918e-01  2.879902083e-01  1.184006504e+00
 1.800391389e-01  2.896395033e-01  1.189044047e+00
 1.819960861e-01  2.912818686e-01  1.194020576e+00
 1.839530333e-01  2.929174434e-01  1.198936091e+00
 1.859099804e-01  2.945463685e-01  1.203785828e+00
 1.878669276e-01  2.961687906e-01  1.208566971e+00
 1.898238748e-01  2.977848523e-01  1.213283090e+00
 1.917808219e-01  2.993946853e-01  1.217936383e+00
 1.937377691e-01  3.009984212e-01  1.222528797e+00
 1.956947162e-01  3.025961817e-01  1.227063013e+00
 1.976516634e-01  3.041880868e-01  1.231533737e+00
 1.996086106e-01  3.057742674e-01  1.235936511e+00
 2.015655577e-01  3.073548505e-01  1.240276101e+00
 2.035225049e-01  3.089299502e-01  1.244559339e+00
 2.054794521e-01  3.104996722e-01  1.248788004e+00
 2.074363992e-01  3.120641223e-01  1.252954867e+00
 2.093933464e-01  3.136234205e-01  1.257054977e+00
 2.113502935e-01  3.151776813e-01  1.261094343e+00
 2.133072407e-01  3.167270060e-01  1.265077515e+00
 2.152641879e-01  3.182714944e-01  1.269005640e+00
 2.172211350e-01  3.198112419e-01  1.272877706e+00
 2.191780822e-01  3.213463477e-01  1.276687775e+00
 2.211350294e-01  3.228769182e-01  1.280434956e+00
 2.230919765e-01  3.244030518e-01  1.284124749e+00
 2.250489237e-01  3.259248388e-01  1.287762035e+00
 2.270058708e-01  3.274423631e-01  1.291347664e+00
 2.289628180e-01  3.289557106e-01  1.294874019e+00
 2.309197652e-01  3.304649804e-01  1.298337254e+00
 2.328767123e-01  3.319702648e-01  1.301744281e+00
 2.348336595e-01  3.334716443e-01  1.305099410e+00
 2.367906067e-01  3.349691988e-01  1.308402327e+00
 2.387475538e-01  3.364630075e-01  1.311651007e+00
 2.407045010e-01  3.379531527e-01  1.314841599e+00
 2.426614481e-01  3.394397202e-01  1.317974504e+00
 2.446183953e-01  3.409227892e-01  1.321052346e+00
 2.465753425e-01  3.424024375e-01  1.324078798e+00
 2.485322896e-01  3.438787344e-01  1.327057790e+00
 2.504892368e-01  3.453517470e-01  1.329983171e+00
 2.524461840e-01  3.468215563e-01  1.332847732e+00
 2.544031311e-01  3.482882438e-01  1.335656139e+00
 2.563600783e-01  3.497518785e-01  1.338416062e+00
 2.583170254e-01  3.512125232e-01  1.341129666e+00
 2.602739726e-01  3.526702408e-01  1.343792671e+00
 2.622309198e-01  3.541251019e-01  1.346397748e+00
 2.641878669e-01  3.555771837e-01  1.348946984e+00
 2.661448141e-01  3.570265511e-01  1.351446610e+00
 2.681017613e-01  3.584732662e-01  1.353898355e+00
 2.700587084e-01  3.599173889e-01  1.356303788e+00
 2.720156556e-01  3.613589769e-01  1.358658224e+00
 2.739726027e-01  3.627980987e-01  1.360955996e+00
 2.759295499e-01  3.642348229e-01  1.363200524e+00
 2.778864971e-01  3.656692094e-01  1.365398236e+00
 2.798434442e-01  3.671013121e-01  1.367552247e+00
 2.818003914e-01  3.685311835e-01  1.369659302e+00
 2.837573386e-01  3.699588832e-01  1.371711615e+00
 2.857142857e-01  3.713844790e-01  1.373710282e+00
 2.876712329e-01  3.728080272e-01  1.375662729e+00
 2.896281800e-01  3.742295791e-01  1.377569729e+00
 2.915851272e-01  3.756491886e-01  1.379431170e+00
 2.935420744e-01  3.770669064e-01  1.381245140e+00
 2.954990215e-01  3.784827896e-01  1.383008052e+00
 2.974559687e-01  3.798968953e-01  1.384720890e+00
 2.994129159e-01  3.813092778e-01  1.386386143e+00
 3.013698630e-01  3.827199883e-01  1.388008039e+00
 3.033268102e-01  3.841290719e-01  1.389588918e+00
 3.052837573e-01  3.855365744e-01  1.391121777e+00
 3.072407045e-01  3.869425543e-01  1.392601609e+00
 3.091976517e-01  3.883470670e-01  1.394033574e+00
 3.111545988e-01  3.897501598e-01  1.395423804e+00
 3.131115460e-01  3.911518752e-01  1.396773743e+00
 3.150684932e-01  3.925522572e-01  1.398079421e+00
 3.170254403e-01  3.939513557e-01  1.399335473e+00
 3.189823875e-01  3.953492247e-01  1.400543329e+00
 3.209393346e-01  3.967459109e-01  1.401707562e+00
 3.228962818e-01  3.981414588e-01  1.402830172e+00
 3.248532290e-01  3.995359105e-01  1.403913025e+00
 3.268101761e-01  4.009293063e-01  1.404952673e+00
 3.287671233e-01  4.023216949e-01  1.405943674e+00
 3.307240705e-01  4.037131271e-01  1.406887606e+00
 3.326810176e-01  4.051036479e-01  1.407790259e+00
 3.346379648e-01  4.064932963e-01  1.408655971e+00
 3.365949119e-01  4.078821085e-01  1.409482075e+00
 3.385518591e-01  4.092701283e-01  1.410261478e+00
 3.405088063e-01  4.106574058e-01  1.410993827e+00
 3.424657534e-01  4.120439851e-01  1.411685084e+00
 3.444227006e-01  4.134299043e-01  1.412339004e+00
 3.463796477e-01  4.148151999e-01  1.412953987e+00
 3.483365949e-01  4.161999128e-01  1.413526854e+00
 3.502935421e-01  4.175840858e-01  1.414056394e+00
 3.522504892e-01  4.189677618e-01  1.414543976e+00
 3.542074364e-01  4.203509807e-01  1.414991379e+00
 3.561643836e-01  4.217337819e-01  1.415400328e+00
 3.581213307e-01  4.231162016e-01  1.415771952e+00
 3.600782779e-01  4.244982769e-01  1.416104711e+00
 3.620352250e-01  4.258800469e-01  1.416394925e+00
 3.639921722e-01  4.272615559e-01  1.416643096e+00
 3.659491194e-01  4.286428419e-01  1.416853906e+00
 3.679060665e-01  4.300239397e-01  1.417030041e+00
 3.698630137e-01  4.314048824e-01  1.417168767e+00
 3.718199609e-01  4.327857099e-01  1.417266877e+00
 3.737769080e-01  4.341664613e-01  1.417325314e+00
 3.757338552e-01  4.355471749e-01  1.417346257e+00
 3.776908023e-01  4.369278855e-01  1.417331713e+00
 3.796477495e-01  4.383086275e-01  1.417280960e+00
 3.816046967e-01  4.396894370e-01  1.417192965e+00
 3.835616438e-01  4.410703504e-01  1.417068743e+00
 3.855185910e-01  4.424514021e-01  1.416907662e+00
 3.874755382e-01  4.438326295e-01  1.416708541e+00
 3.894324853e-01  4.452140694e-01  1.416474635e+00
 3.913894325e-01  4.465957530e-01  1.416207280e+00
 3.933463796e-01  4.479777145e-01  1.415905679e+00
 3.953033268e-01  4.493599869e-01  1.415568218e+00
 3.972602740e-01  4.507426074e-01  1.415192993e+00
 3.992172211e-01  4.521256128e-01  1.414783439e+00
 4.011741683e-01  4.535090340e-01  1.414343156e+00
 4.031311155e-01  4.548929006e-01  1.413869411e+00
 4.050880626e-01  4.562772490e-01  1.413360530e+00
 4.070450098e-01  4.576621124e-01  1.412817657e+00
 4.090019569e-01  4.590475248e-01  1.412241443e+00
 4.109589041e-01  4.604335186e-01  1.411634039e+00
 4.129158513e-01  4.618201235e-01  1.410994153e+00
 4.148727984e-01  4.632073747e-01  1.410320686e+00
 4.168297456e-01  4.645953043e-01  1.409616379e+00
 4.187866928e-01  4.659839420e-01  1.408881285e+00
 4.207436399e-01  4.673733204e-01  1.408113449e+00
 4.227005871e-01  4.687634730e-01  1.407314311e+00
 4.246575342e-01  4.701544297e-01  1.406484812e+00
 4.266144814e-01  4.715462226e-01  1.405625316e+00
 4.285714286e-01  4.729388809e-01  1.404736553e+00
 4.305283757e-01  4.743324355e-01  1.403816494e+00
 4.324853229e-01  4.757269199e-01  1.402866229e+00
 4.344422701e-01  4.771223631e-01  1.401888073e+00
 4.363992172e-01  4.785187943e-01  1.400880957e+00
 4.383561644e-01  4.799162446e-01  1.399844000e+00
 4.403131115e-01  4.813147454e-01  1.398778693e+00
 4.422700587e-01  4.827143252e-01  1.397686012e+00
 4.442270059e-01  4.841150135e-01  1.396566854e+00
 4.461839530e-01  4.855168374e-01  1.395419340e+00
 4.481409002e-01  4.869198304e-01  1.394241942e+00
 4.500978474e-01  4.883240229e-01  1.393038088e+00
 4.520547945e-01  4.897294418e-01  1.391810168e+00
 4.540117417e-01  4.911361132e-01  1.390557321e+00
 4.559686888e-01  4.925440658e-01  1.389276784e+00
 4.579256360e-01  4.939533315e-01  1.387968152e+00
 4.598825832e-01  4.953639404e-01  1.386633971e+00
 4.618395303e-01  4.967759193e-01  1.385277043e+00
 4.637964775e-01  4.981892931e-01  1.383897027e+00
 4.657534247e-01  4.996040895e-01  1.382491767e+00
 4.677103718e-01  5.010203381e-01  1.381060590e+00
 4.696673190e-01  5.024380683e-01  1.379604802e+00
 4.716242661e-01  5.038573074e-01  1.378126407e+00
 4.735812133e-01  5.052780811e-01  1.376625650e+00
 4.755381605e-01  5.067004163e-01  1.375103060e+00
 4.774951076e-01  5.081243381e-01  1.373558080e+00
 4.794520548e-01  5.095498749e-01  1.371989428e+00
 4.814090020e-01  5.109770547e-01  1.370397840e+00
 4.833659491e-01  5.124059047e-01  1.368784329e+00
 4.853228963e-01  5.138364511e-01  1.367151226e+00
 4.872798434e-01  5.152687168e-01  1.365499758e+00
 4.892367906e-01  5.167027257e-01  1.363827096e+00
 4.911937378e-01  5.181385068e-01  1.362131091e+00
 4.931506849e-01  5.195760889e-01  1.360413874e+00
 4.951076321e-01  5.210154971e-01  1.358678495e+00
 4.970645793e-01  5.224567539e-01  1.356926913e+00
 4.990215264e-01  5.238998806e-01  1.355157802e+00
 5.009784736e-01  5.253449029e-01  1.353366813e+00
 5.029354207e-01  5.267918517e-01  1.351554974e+00
 5.048923679e-01  5.282407510e-01  1.349726333e+00
 5.068493151e-01  5.296916232e-01  1.347882503e+00
 5.088062622e-01  5.311444893e-01  1.346023387e+00
 5.107632094e-01  5.325993722e-01  1.344145895e+00
 5.127201566e-01  5.340562998e-01  1.342249094e+00
 5.146771037e-01  5.355152976e-01  1.340336019e+00
 5.166340509e-01  5.369763873e-01  1.338408910e+00
 5.185909980e-01  5.384395896e-01  1.336467450e+00
 5.205479452e-01  5.399049273e-01  1.334510732e+00
 5.225048924e-01  5.413724237e-01  1.332538018e+00
 5.244618395e-01  5.428421033e-01  1.330549791e+00
 5.264187867e-01  5.443139887e-01  1.328548192e+00
 5.283757339e-01  5.457881002e-01  1.326533390e+00
 5.303326810e-01  5.472644601e-01  1.324505360e+00
 5.322896282e-01  5.487430893e-01  1.322464351e+00
 5.342465753e-01  5.502240098e-01  1.320410161e+00
 5.362035225e-01  5.517072433e-01  1.318343299e+00
 5.381604697e-01  5.531928110e-01  1.316264080e+00
 5.401174168e-01  5.546807342e-01  1.314173677e+00
 5.420743640e-01  5.561710318e-01  1.312072394e+00
 5.440313112e-01  5.576637246e-01  1.309960198e+00
 5.459882583e-01  5.591588321e-01  1.307837277e+00
 5.479452055e-01  5.606563748e-01  1.305703063e+00
 5.499021526e-01  5.621563739e-01  1.303559035e+00
 5.518590998e-01  5.636588469e-01  1.301406323e+00
 5.538160470e-01  5.651638126e-01  1.299244285e+00
 5.557729941e-01  5.666712902e-01  1.297073392e+00
 5.577299413e-01  5.681812978e-01  1.294893674e+00
 5.596868885e-01  5.696938549e-01  1.292705356e+00
 5.616438356e-01  5.712089792e-01  1.290509826e+00
 5.636007828e-01  5.727266873e-01  1.288307038e+00
 5.655577299e-01  5.742469973e-01  1.286096904e+00
 5.675146771e-01  5.757699262e-01  1.283879869e+00
 5.694716243e-01  5.772954914e-01  1.281656406e+00
 5.714285714e-01  5.788237090e-01  1.279427276e+00
 5.733855186e-01  5.803545947e-01  1.277192459e+00
 5.753424658e-01  5.818881652e-01  1.274952049e+00
 5.772994129e-01  5.834244360e-01  1.272706449e+00
 5.792563601e-01  5.849634230e-01  1.270456412e+00
 5.812133072e-01  5.865051402e-01  1.268202772e+00
 5.831702544e-01  5.880496018e-01  1.265945273e+00
 5.851272016e-01  5.895968225e-01  1.263683817e+00
 5.870841487e-01  5.911468169e-01  1.261418721e+00
 5.890410959e-01  5.926995992e-01  1.259150907e+00
 5.909980431e-01  5.942551819e-01  1.256881553e+00
 5.929549902e-01  5.958135766e-01  1.254610663e+00
 5.949119374e-01  5.973747957e-01  1.252337759e+00
 5.968688845e-01  5.989388523e-01  1.250062777e+00
 5.988258317e-01  6.005057591e-01  1.247786657e+00
 6.007827789e-01  6.020755270e-01  1.245510632e+00
 6.027397260e-01  6.036481658e-01  1.243235252e+00
 6.046966732e-01  6.052236849e-01  1.240960319e+00
 6.066536204e-01  6.068020949e-01  1.238685443e+00
 6.086105675e-01  6.083834063e-01  1.236411057e+00
 6.105675147e-01  6.099676287e-01  1.234138217e+00
 6.125244618e-01  6.115547699e-01  1.231867720e+00
 6.144814090e-01  6.131448375e-01  1.229599787e+00
 6.164383562e-01  6.147378389e-01  1.227334489e+00
 6.183953033e-01  6.163337815e-01  1.225071725e+00
 6.203522505e-01  6.179326730e-01  1.222811927e+00
 6.223091977e-01  6.195345198e-01  1.220555925e+00
 6.242661448e-01  6.211393274e-01  1.218304040e+00
 6.262230920e-01  6.227471013e-01  1.216056501e+00
 6.281800391e-01  6.243578464e-01  1.213813277e+00
 6.301369863e-01  6.259715684e-01  1.211574536e+00
 6.320939335e-01  6.275882717e-01  1.209340813e+00
 6.340508806e-01  6.292079604e-01  1.207112353e+00
 6.360078278e-01  6.308306385e-01  1.204889362e+00
 6.379647750e-01  6.324563093e-01  1.202671967e+00
 6.399217221e-01  6.340849764e-01  1.200460025e+00
 6.418786693e-01  6.357166436e-01  1.198253827e+00
 6.438356164e-01  6.373513135e-01  1.196053964e+00
 6.457925636e-01  6.389889883e-01  1.193860548e+00
 6.477495108e-01  6.406296703e-01  1.191673425e+00
 6.497064579e-01  6.422733621e-01  1.189492608e+00
 6.516634051e-01  6.439200656e-01  1.187318091e+00
 6.536203523e-01  6.455697835e-01  1.185150058e+00
 6.555772994e-01  6.472225174e-01  1.182988966e+00
 6.575342466e-01  6.488782682e-01  1.180834889e+00
 6.594911937e-01  6.505370373e-01  1.178687674e+00
 6.614481409e-01  6.521988262e-01  1.176547220e+00
 6.634050881e-01  6.538636363e-01  1.174413416e+00
 6.653620352e-01  6.555314693e-01  1.172286357e+00
 6.673189824e-01  6.572023263e-01  1.170166314e+00
 6.692759295e-01  6.588762081e-01  1.168053377e+00
 6.712328767e-01  6.605531156e-01  1.165947419e+00
 6.731898239e-01  6.622330497e-01  1.163848373e+00
 6.751467710e-01  6.639160113e-01  1.161756081e+00
 6.771037182e-01  6.656020018e-01  1.159670361e+00
 6.790606654e-01  6.672910226e-01  1.157591259e+00
 6.810176125e-01  6.689830749e-01  1.155518875e+00
 6.829745597e-01  6.706781595e-01  1.153453212e+00
 6.849315068e-01  6.723762776e-01  1.151394138e+00
 6.868884540e-01  6.740774304e-01  1.149341281e+00
 6.888454012e-01  6.757816200e-01  1.147294417e+00
 6.908023483e-01  6.774888481e-01  1.145253609e+00
 6.927592955e-01  6.791991167e-01  1.143218785e+00
 6.947162427e-01  6.809124277e-01  1.141189788e+00
 6.966731898e-01  6.826287833e-01  1.139166408e+00
 6.986301370e-01  6.843481860e-01  1.137148230e+00
 7.005870841e-01  6.860706393e-01  1.135134933e+00
 7.025440313e-01  6.877961466e-01  1.133126468e+00
 7.045009785e-01  6.895247114e-01  1.131122511e+00
 7.064579256e-01  6.912563381e-01  1.129122693e+00
 7.084148728e-01  6.929910313e-01  1.127126765e+00
 7.103718200e-01  6.947287961e-01  1.125134333e+00
 7.123287671e-01  6.964696385e-01  1.123144686e+00
 7.142857143e-01  6.982135657e-01  1.121157285e+00
 7.162426614e-01  6.999605854e-01  1.119172029e+00
 7.181996086e-01  7.017107050e-01  1.117188735e+00
 7.201565558e-01  7.034639330e-01  1.115206929e+00
 7.221135029e-01  7.052202784e-01  1.113225847e+00
 7.240704501e-01  7.069797519e-01  1.111244419e+00
 7.260273973e-01  7.087423663e-01  1.109262050e+00
 7.279843444e-01  7.105081342e-01  1.107278863e+00
 7.299412916e-01  7.122770681e-01  1.105294904e+00
 7.318982387e-01  7.140491807e-01  1.103309305e+00
 7.338551859e-01  7.158244874e-01  1.101320394e+00
 7.358121331e-01  7.176030064e-01  1.099327578e+00
 7.377690802e-01  7.193847553e-01  1.097330795e+00
 7.397260274e-01  7.211697529e-01  1.095329724e+00
 7.416829746e-01  7.229580181e-01  1.093323626e+00
 7.436399217e-01  7.247495722e-01  1.091311254e+00
 7.455968689e-01  7.265444385e-01  1.089292357e+00
 7.475538160e-01  7.283426398e-01  1.087266686e+00
 7.495107632e-01  7.301442004e-01  1.085233412e+00
 7.514677104e-01  7.319491461e-01  1.083191316e+00
 7.534246575e-01  7.337575060e-01  1.081138152e+00
 7.553816047e-01  7.355693138e-01  1.079073752e+00
 7.573385519e-01  7.373845996e-01  1.076999416e+00
 7.592954990e-01  7.392033934e-01  1.074915220e+00
 7.612524462e-01  7.410257256e-01  1.072819585e+00
 7.632093933e-01  7.428516321e-01  1.070709180e+00
 7.651663405e-01  7.446811552e-01  1.068583153e+00
 7.671232877e-01  7.465143345e-01  1.066442037e+00
 7.690802348e-01  7.483512114e-01  1.064285240e+00
 7.710371820e-01  7.501918284e-01  1.062111753e+00
 7.729941292e-01  7.520362310e-01  1.059919483e+00
 7.749510763e-01  7.538844700e-01  1.057708199e+00
 7.769080235e-01  7.557365927e-01  1.055478928e+00
 7.788649706e-01  7.575926474e-01  1.053230091e+00
 7.808219178e-01  7.594526880e-01  1.050958360e+00
 7.827788650e-01  7.613167755e-01  1.048661019e+00
 7.847358121e-01  7.631849749e-01  1.046337394e+00
 7.866927593e-01  7.650573510e-01  1.043988901e+00
 7.886497065e-01  7.669339653e-01  1.041616441e+00
 7.906066536e-01  7.688148806e-01  1.039216450e+00
 7.925636008e-01  7.707001729e-01  1.036786170e+00
 7.945205479e-01  7.725899167e-01  1.034327118e+00
 7.964774951e-01  7.744841842e-01  1.031840530e+00
 7.984344423e-01  7.763830472e-01  1.029327697e+00
 8.003913894e-01  7.782865749e-01  1.026790037e+00
 8.023483366e-01  7.801948357e-01  1.024229324e+00
 8.043052838e-01  7.821078936e-01  1.021649016e+00
 8.062622309e-01  7.840258058e-01  1.019054646e+00
 8.082191781e-01  7.859486171e-01  1.016453406e+00
 8.101761252e-01  7.878763583e-01  1.013853371e+00
 8.121330724e-01  7.898090443e-01  1.011263119e+00
 8.140900196e-01  7.917466736e-01  1.008692015e+00
 8.160469667e-01  7.936892246e-01  1.006147284e+00
 8.180039139e-01  7.956366674e-01  1.003637853e+00
 8.199608611e-01  7.975889444e-01  1.001183979e+00
 8.219178082e-01  7.995459446e-01  9.987999577e-01
 8.238747554e-01  8.015075520e-01  9.964890694e-01
 8.258317025e-01  8.034736390e-01  9.942542031e-01
 8.277886497e-01  8.054440743e-01  9.921175865e-01
 8.297455969e-01  8.074186380e-01  9.901091515e-01
 8.317025440e-01  8.093970747e-01  9.882475652e-01
 8.336594912e-01  8.113790836e-01  9.865335773e-01
 8.356164384e-01  8.133644002e-01  9.849658858e-01
 8.375733855e-01  8.153527225e-01  9.835659927e-01
 8.395303327e-01  8.173436937e-01  9.823558732e-01
 8.414872798e-01  8.193369170e-01  9.813391884e-01
 8.434442270e-01  8.213320151e-01  9.804898253e-01
 8.454011742e-01  8.233286928e-01  9.797945940e-01
 8.473581213e-01  8.253266228e-01  9.792619395e-01
 8.493150685e-01  8.273254730e-01  9.788934489e-01
 8.512720157e-01  8.293249073e-01  9.786818751e-01
 8.532289628e-01  8.313246217e-01  9.785967112e-01
 8.551859100e-01  8.333244040e-01  9.786095770e-01
 8.571428571e-01  8.353240658e-01  9.787103036e-01
 8.590998043e-01  8.373234366e-01  9.788734965e-01
 8.610567515e-01  8.393224317e-01  9.790784105e-01
 8.630136986e-01  8.413209657e-01  9.792998962e-01
 8.649706458e-01  8.433190567e-01  9.795201341e-01
 8.669275930e-01  8.453166920e-01  9.797079199e-01
 8.688845401e-01  8.473140171e-01  9.798344935e-01
 8.708414873e-01  8.493111364e-01  9.798976964e-01
 8.727984344e-01  8.513082038e-01  9.798903246e-01
 8.747553816e-01  8.533053531e-01  9.797986669e-01
 8.767123288e-01  8.553027942e-01  9.796131707e-01
 8.786692759e-01  8.573007000e-01  9.793051838e-01
 8.806262231e-01  8.592993978e-01  9.788522270e-01
 8.825831703e-01  8.612991532e-01  9.782750657e-01
 8.845401174e-01  8.633002104e-01  9.775911859e-01
 8.864970646e-01  8.653027649e-01  9.767887968e-01
 8.884540117e-01  8.673071112e-01  9.758645648e-01
 8.904109589e-01  8.693134610e-01  9.748124200e-01
 8.923679061e-01  8.713221370e-01  9.736042222e-01
 8.943248532e-01  8.733334700e-01  9.722514679e-01
 8.962818004e-01  8.753477400e-01  9.707758422e-01
 8.982387476e-01  8.773651930e-01  9.692113249e-01
 9.001956947e-01  8.793859715e-01  9.675230700e-01
 9.021526419e-01  8.814104722e-01  9.656771351e-01
 9.041095890e-01  8.834389845e-01  9.637029328e-01
 9.060665362e-01  8.854717891e-01  9.615946581e-01
 9.080234834e-01  8.875092072e-01  9.593738629e-01
 9.099804305e-01  8.895514346e-01  9.570404125e-01
 9.119373777e-01  8.915988011e-01  9.545676466e-01
 9.138943249e-01  8.936516240e-01  9.520009128e-01
 9.158512720e-01  8.957100460e-01  9.493212402e-01
 9.178082192e-01  8.977744760e-01  9.464905878e-01
 9.197651663e-01  8.998452298e-01  9.435755774e-01
 9.217221135e-01  9.019224355e-01  9.405578072e-01
 9.236790607e-01  9.040065005e-01  9.373964183e-01
 9.256360078e-01  9.060977421e-01  9.341837473e-01
 9.275929550e-01  9.081961659e-01  9.309085980e-01
 9.295499022e-01  9.103021501e-01  9.274375928e-01
 9.315068493e-01  9.124163137e-01  9.237811914e-01
 9.334637965e-01  9.145390041e-01  9.201289789e-01
 9.354207436e-01  9.166699826e-01  9.163438354e-01
 9.373776908e-01  9.188102517e-01  9.122750702e-01
 9.393346380e-01  9.209602839e-01  9.080688114e-01
 9.412915851e-01  9.231204288e-01  9.040410567e-01
 9.432485323e-01  9.252896545e-01  8.998657226e-01
 9.452054795e-01  9.274699051e-01  8.951740603e-01
 9.471624266e-01  9.296619339e-01  8.902750790e-01
 9.491193738e-01  9.318662490e-01  8.855336898e-01
 9.510763209e-01  9.340818052e-01  8.813079190e-01
 9.530332681e-01  9.363073002e-01  8.764259762e-01
 9.549902153e-01  9.385476483e-01  8.704042566e-01
 9.569471624e-01  9.408040545e-01  8.640587505e-01
 9.589041096e-01  9.430774379e-01  8.575098279e-01
 9.608610568e-01  9.453684466e-01  8.599434944e-01
 9.628180039e-01  9.476291795e-01  8.670585301e-01
 9.647749511e-01  9.498824621e-01  8.609733816e-01
 9.667318982e-01  9.521757792e-01  8.442428087e-01
 9.686888454e-01  9.545195414e-01  8.249207685e-01
 9.706457926e-01  9.569217905e-01  8.041504411e-01
 9.726027397e-01  9.593883574e-01  7.828770271e-01
 9.745596869e-01  9.619230175e-01  7.618457300e-01
 9.765166341e-01  9.645276466e-01  7.416193822e-01
 9.784735812e-01  9.672023761e-01  7.226057924e-01
 9.804305284e-01  9.699457472e-01  7.050877974e-01
 9.823874755e-01  9.727548647e-01  6.892518456e-01
 9.843444227e-01  9.756255495e-01  6.752129684e-01
 9.863013699e-01  9.785524894e-01  6.630354426e-01
 9.882583170e-01  9.815293891e-01  6.527492202e-01
 9.902152642e-01  9.845491165e-01  6.443626226e-01
 9.921722114e-01  9.876038480e-01  6.378718912e-01
 9.941291585e-01  9.906852103e-01  6.332682442e-01
 9.960861057e-01  9.937844194e-01  6.305429543e-01
 9.980430528e-01  9.968924163e-01  6.296908686e-01
 1.000000000e+00  1.000000000e+00  6.297745950e-01
4  4.769857831e-01  7.423952780e-01  1.015658727e+00  7.619899715e-01  9.569675394e-01  3.996725019e+01  4.068159392e-01  9.968664360e-01  4.342507935e-01  2.836676269e+00
5  6.091408653e-01  1.089381252e+00  1.008183290e+00  6.276718721e-01  9.284300819e-01  2.554986827e+01  3.605154556e-01  1.073584167e+00  6.095466860e-01  2.876760814e+00
6  7.081609811e-01  1.337112815e+00  1.004576648e+00  5.368737811e-01  9.063112120e-01  1.976299166e+01  3.368970190e-01  1.174564435e+00  7.253822988e-01  2.777028580e+00
7  7.887131971e-01  1.529673005e+00  1.002294200e+00  4.711291522e-01  8.982186946e-01  1.686192519e+01  3.226580481e-01  1.292154208e+00  8.110240859e-01  2.645043461e+00
8  8.540047568e-01  1.931551968e+00  1.000712936e+00  4.209795698e-01  9.163048056e-01  1.583056268e+01  3.141414111e-01  1.442859473e+00  8.754406389e-01  2.502052074e+00
9  8.996496085e-01  2.711063277e+00  9.997664659e-01  3.808104974e-01  9.818766224e-01  1.688943918e+01  3.102368020e-01  1.670490023e+00  9.195805558e-01  2.340701207e+00
10  9.339197902e-01  2.258386594e+00  9.993492147e-01  3.481988875e-01  1.118473525e+00  2.060889609e+01  3.101289047e-01  2.039281761e+00  9.509335125e-01  2.185965893e+00
11  9.724601525e-01  4.113206707e+00  9.998208744e-01  3.230202002e-01  1.328492703e+00  2.704381374e+01  3.142012420e-01  2.538739174e+00  9.821841161e-01  2.070226468e+00
12  9.871240135e-01  8.357794991e+00  9.999327461e-01  2.992065650e-01  1.600722096e+00  3.734528776e+01  3.185177987e-01  3.962395815e+00  9.918659307e-01  1.926538931e+00
13  9.939996521e-01  1.581494927e+01  9.999687946e-01  2.785206441e-01  1.798408422e+00  4.475986770e+01  3.230373629e-01  6.850592887e+00  9.962218058e-01  1.790794926e+00
0 0 -1.216123106e-01  4.812490003e-18
0 1  1.385828754e-02 -6.388647668e-03
0 2 -1.608052646e-02  8.296566293e-03
0 3  2.766254645e-03 -9.673851716e-03
0 4  2.054160801e-03  7.497290430e-03
0 5 -7.146391782e-03 -4.331131230e-04
0 6 -4.637147027e-05 -5.610850140e-03
0 7  4.063038366e-03 -2.151666695e-03
0 8  3.987574895e-03  1.042956652e-03
0 9  3.011231707e-03  2.339292126e-03
1 0 -1.139546439e-01 -5.253290261e-02
1 1 -9.345447566e-02  2.690640867e-17
1 2  8.451699879e-03 -9.219422001e-03
1 3 -1.326578361e-02  1.152438899e-02
1 4 -4.527212288e-03 -1.050847474e-02
1 5  6.658009256e-03  2.040257908e-03
1 6 -2.839483042e-03  6.867800401e-03
1 7 -6.599401944e-03  1.568559669e-03
1 8 -5.556212755e-03 -2.343299231e-03
1 9 -3.921480544e-03 -3.680925112e-03
2 0  1.322277850e-01  6.822143460e-02
2 1 -9.043654485e-02 -9.865147641e-02
2 2 -7.405608757e-02 -2.453259476e-17
2 3  3.049400546e-03 -1.119945942e-02
2 4 -7.101347025e-03  1.185239529e-02
2 5 -1.123944626e-02 -5.183653335e-03
2 6  1.985495899e-03 -6.602046986e-03
2 7  5.005005878e-03  3.303053173e-04
2 8  2.981453503e-03  3.981020258e-03
2 9  1.119540054e-03  4.837006046e-03
3 0 -2.274650182e-02 -7.954664844e-02
3 1  1.419491524e-01  1.233155385e-01
3 2 -4.117690586e-02 -1.512294233e-01
3 3 -6.056170211e-02  6.212685782e-17
3 4 -1.926903540e-03 -1.274225030e-02
3 5 -8.846415136e-04  8.869096310e-03
3 6 -1.130966143e-02  3.820773242e-03
3 7 -8.402217533e-03 -3.748489798e-03
3 8 -3.957979258e-03 -5.880569646e-03
3 9 -1.394252130e-03 -5.548142005e-03
4 0 -1.689105973e-02  6.164910768e-02
4 1  4.844296922e-02 -1.124448526e-01
4 2  9.589146899e-02  1.600461985e-01
4 3  3.181719590e-02 -2.104011257e-01
4 4 -5.050730002e-02  1.074145179e-16
4 5 -7.167317685e-03 -1.354496155e-02
4 6  2.705033098e-03  1.641374213e-03
4 7 -2.228724807e-03  6.682885154e-03
4 8 -6.088734261e-03  5.487802856e-03
4 9 -7.164471213e-03  3.724769861e-03
5 0  5.876372012e-02 -3.561424999e-03
5 1 -7.124334291e-02  2.183156979e-02
5 2  1.517693768e-01 -6.999631638e-02
5 3  1.460727626e-02  1.464472761e-01
5 4  1.419065696e-01 -2.681782939e-01
5 5 -4.207555951e-02 -7.431857727e-17
5 6 -1.197636354e-02 -1.206955585e-02
5 7 -1.157157867e-04 -6.141648338e-03
5 8  2.008361870e-03 -1.062067560e-03
5 9  1.660805953e-03  1.392912551e-03
6 0  3.813057252e-04 -4.613718885e-02
6 1  3.038359610e-02  7.348819147e-02
6 2 -2.681070476e-02 -8.914928135e-02
6 3  1.867460958e-01  6.308893424e-02
6 4 -5.355726988e-02  3.249776195e-02
6 5  2.846394361e-01 -2.868543162e-01
6 6 -3.482310535e-02 -1.125310100e-16
6 7 -1.299825297e-02 -7.112043602e-03
6 8 -6.347686381e-03 -7.833993175e-03
6 9 -3.221278034e-03 -6.628747152e-03
7 0 -3.340976211e-02 -1.769283623e-02
7 1  7.061622140e-02  1.678421133e-02
7 2 -6.758398995e-02  4.460204801e-03
7 3  1.387381338e-01 -6.189538383e-02
7 4  4.412678576e-02  1.323152327e-01
7 5  2.750190088e-03 -1.459671222e-01
7 6  3.732651881e-01 -2.042334688e-01
7 7 -3.057745648e-02 -6.831329473e-17
7 8 -1.640088586e-02 -5.167365086e-03
7 9 -1.209845749e-02 -6.350046288e-03
8 0 -3.278923717e-02  8.576077925e-03
8 1  5.945368283e-02 -2.507423228e-02
8 2 -4.025939799e-02  5.375682661e-02
8 3  6.535449170e-02 -9.710046847e-02
8 4  1.205515690e-01  1.086536571e-01
8 5 -4.773226770e-02 -2.524191174e-02
8 6  1.822837543e-01 -2.249653813e-01
8 7  5.363718161e-01 -1.689926397e-01
8 8 -2.193820369e-02 -8.339049876e-17
8 9 -1.210352369e-02 -1.590202082e-03
9 0 -2.476091189e-02  1.923565234e-02
9 1  4.196139902e-02 -3.938736038e-02
9 2 -1.511746152e-02  6.531544138e-02
9 3  2.302201030e-02 -9.161139485e-02
9 4  1.418502120e-01  7.374715852e-02
9 5 -3.947198736e-02  3.310502740e-02
9 6  9.250404297e-02 -1.903548545e-01
9 7  3.956659213e-01 -2.076708471e-01
9 8  5.517098784e-01 -7.248551910e-02
9 9 -1.758137192e-02 -8.107696014e-17
0 0 -8.694633673e+00  2.075784640e-15
0 1 -8.407109176e-01  6.004788948e-01
0 2  1.498903858e+00 -6.356145614e-01
0 3 -1.393259951e-01  5.045280182e-01
0 4 -4.775039360e-02 -3.425068561e-01
0 5  2.858811614e-01  3.246195819e-02
0 6 -5.260152043e-03  1.853089175e-01
0 7 -1.054272487e-01  9.606346443e-02
0 8 -8.808218277e-02 -5.282376880e-02
0 9 -3.714192611e-02 -1.406193759e-01
1 0 -8.407109176e-01 -6.004788948e-01
1 1 -1.163830695e+01 -4.333755831e-15
1 2 -6.070884644e-01  1.436359459e+00
1 3  2.141319564e+00 -1.517186587e+00
1 4  3.789568664e-01  9.357902884e-01
1 5 -4.654619130e-01 -2.056853838e-01
1 6  2.076575376e-01 -3.995933889e-01
1 7  3.060804395e-01 -1.283246816e-01
1 8  1.948125701e-01  1.526987951e-01
1 9  5.210059807e-02  3.042199468e-01
2 0  1.498903858e+00  6.356145614e-01
2 1 -6.070884644e-01 -1.436359459e+00
2 2 -1.495408611e+01 -3.372493977e-14
2 3  1.310989275e-01  2.687708510e+00
2 4  2.047980542e+00 -2.568763187e+00
2 5  1.566111063e+00  8.002487827e-01
2 6 -3.014490523e-01  6.029927580e-01
2 7 -4.400963394e-01  4.701139272e-02
2 8 -1.090510781e-01 -3.753640684e-01
2 9  2.158803264e-01 -5.490391637e-01
3 0 -1.393259951e-01 -5.045280182e-01
3 1  2.141319564e+00  1.517186587e+00
3 2  1.310989275e-01 -2.687708510e+00
3 3 -1.878486411e+01 -3.760024749e-14
3 4  1.635761128e+00  4.492245637e+00
3 5  9.964158930e-01 -3.285598655e+00
3 6  2.420259142e+00 -6.400458427e-01
3 7  1.139685231e+00  4.512659063e-01
3 8  1.318426575e-01  6.014147121e-01
3 9 -4.406854159e-01  4.864718530e-01
4 0 -4.775039360e-02  3.425068561e-01
4 1  3.789568664e-01 -9.357902884e-01
4 2  2.047980542e+00  2.568763187e+00
4 3  1.635761128e+00 -4.492245637e+00
4 4 -2.329493775e+01  7.580647942e-15
4 5  4.688387948e+00  6.963307205e+00
4 6 -5.133184929e-01 -2.595435855e+00
4 7  5.533654660e-01 -1.796417543e+00
4 8  1.452329715e+00 -9.515753742e-01
4 9  2.041027531e+00 -2.868763675e-01
5 0  2.858811614e-01 -3.246195819e-02
5 1 -4.654619130e-01  2.056853838e-01
5 2  1.566111063e+00 -8.002487827e-01
5 3  9.964158930e-01  3.285598655e+00
5 4  4.688387948e+00 -6.963307205e+00
5 5 -2.896428412e+01  1.415075562e-13
5 6  9.047397690e+00  8.137048987e+00
5 7 -3.510114940e-01  1.425561068e+00
5 8 -5.817631058e-01 -1.573201808e+00
5 9  2.919388750e-01 -3.155690941e+00
6 0 -5.260152043e-03 -1.853089175e-01
6 1  2.076575376e-01  3.995933889e-01
6 2 -3.014490523e-01 -6.029927580e-01
6 3  2.420259142e+00  6.400458427e-01
6 4 -5.133184929e-01  2.595435855e+00
6 5  9.047397690e+00 -8.137048987e+00
6 6 -3.479354159e+01  1.465285936e-13
6 7  1.150552839e+01  5.436963517e+00
6 8  1.317016216e+00  2.249890811e+00
6 9 -1.031156537e+00  1.109532376e-01
7 0 -1.054272487e-01 -9.606346443e-02
7 1  3.060804395e-01  1.283246816e-01
7 2 -4.400963394e-01 -4.701139272e-02
7 3  1.139685231e+00 -4.512659063e-01
7 4  5.533654660e-01  1.796417543e+00
7 5 -3.510114940e-01 -1.425561068e+00
7 6  1.150552839e+01 -5.436963517e+00
7 7 -4.815758376e+01  3.236966920e-13
7 8  2.062329650e+01  5.793857400e+00
7 9  6.370026845e+00  4.297545676e+00
8 0 -8.808218276e-02  5.282376880e-02
8 1  1.948125701e-01 -1.526987951e-01
8 2 -1.090510781e-01  3.753640684e-01
8 3  1.318426575e-01 -6.014147121e-01
8 4  1.452329715e+00  9.515753742e-01
8 5 -5.817631058e-01  1.573201808e+00
8 6  1.317016217e+00 -2.249890811e+00
8 7  2.062329650e+01 -5.793857400e+00
8 8 -6.319428871e+01  3.406880682e-13
8 9  3.138036560e+01  4.122859094e+00
9 0 -3.714192611e-02  1.406193759e-01
9 1  5.210059807e-02 -3.042199468e-01
9 2  2.158803264e-01  5.490391637e-01
9 3 -4.406854159e-01 -4.864718530e-01
9 4  2.041027531e+00  2.868763675e-01
9 5  2.919388750e-01  3.155690941e+00
9 6 -1.031156537e+00 -1.109532376e-01
9 7  6.370026845e+00 -4.297545676e+00
9 8  3.138036560e+01 -4.122859094e+00
9 9 -5.687838269e+01  2.622961614e-13
0  8.435837329e-02  6.803663434e-03 -1.624676754e-01 -4.364392944e-02
1  1.357953520e-01  1.120041893e-02  1.775342891e-01  9.204915789e-02
2  1.805165120e-01  1.377097756e-02 -1.417516218e-01 -1.549744499e-01
3  2.281617483e-01  1.809067991e-02  4.134550822e-02  2.081656501e-01
4  2.740035904e-01  1.971811418e-02  1.199540470e-01 -1.720017546e-01
5  3.055788243e-01  2.167930503e-02 -1.997651468e-01 -3.564874043e-02
6  3.268576899e-01  2.289154365e-02 -3.398398846e-02  1.907850331e-01
7  3.564435959e-01  2.374845516e-02  1.408333317e-01  1.168876595e-01
8  3.453362386e-01  2.119627972e-02  1.704202567e-01 -1.986646700e-03
9  3.307248574e-01  2.587460769e-02  1.463186425e-01 -6.143319325e-02
