 1.695500020e+00 -1.795466070e+00  8.647626102e-01  3.336128243e+00  9.334266272e-01  9.614779160e-01  6.226139530e+00 512 3 10
 0.000000000e+00  0.000000000e+00 -3.741165357e-06
 1.956947162e-03  3.016010797e-02  1.297743086e-01
 3.913894325e-03  4.265247359e-02  1.835297615e-01
 5.870841487e-03  5.223811437e-02  2.247769299e-01
 7.827788650e-03  6.031923164e-02  2.595462368e-01
 9.784735812e-03  6.743898777e-02  2.901730917e-01
 1.174168297e-02  7.387596918e-02  3.178548624e-01
 1.369863014e-02  7.979568280e-02  3.433025735e-01
 1.565557730e-02  8.530597593e-02  3.669792965e-01
 1.761252446e-02  9.048176762e-02  3.892065256e-01
 1.956947162e-02  9.537761255e-02  4.102182132e-01
 2.152641879e-02  1.000347004e-01  4.301908720e-01
 2.348336595e-02  1.044850362e-01  4.492615497e-01
 2.544031311e-02  1.087540754e-01  4.675385198e-01
 2.739726027e-02  1.128624715e-01  4.851078150e-01
 2.935420744e-02  1.168272736e-01  5.020473871e-01
 3.131115460e-02  1.206626329e-01  5.184212089e-01
 3.326810176e-02  1.243805654e-01  5.342778186e-01
 3.522504892e-02  1.279913445e-01  5.496620884e-01
 3.718199609e-02  1.315038242e-01  5.646105150e-01
 3.913894325e-02  1.349257351e-01  5.791545010e-01
 4.109589041e-02  1.382638466e-01  5.933237052e-01
 4.305283757e-02  1.415241290e-01  6.071435585e-01
 4.500978474e-02  1.447118847e-01  6.206360531e-01
 4.696673190e-02  1.478318492e-01  6.338208729e-01
 4.892367906e-02  1.508882715e-01  6.467164280e-01
 5.088062622e-02  1.538849756e-01  6.593400354e-01
 5.283757339e-02  1.568254165e-01  6.717079169e-01
 5.479452055e-02  1.597127245e-01  6.838304707e-01
 5.675146771e-02  1.625497848e-01  6.957154060e-01
 5.870841487e-02  1.653392417e-01  7.073746771e-01
 6.066536204e-02  1.680835090e-01  7.188240514e-01
 6.262230920e-02  1.707847779e-01  7.300763907e-01
 6.457925636e-02  1.734450733e-01  7.411348034e-01
 6.653620352e-02  1.760663037e-01  7.520032419e-01
 6.849315068e-02  1.786502322e-01  7.626912559e-01
 7.045009785e-02  1.811984886e-01  7.732064145e-01
 7.240704501e-02  1.837125939e-01  7.835561688e-01
 7.436399217e-02  1.861939577e-01  7.937487864e-01
 7.632093933e-02  1.886438926e-01  8.037854484e-01
 7.827788650e-02  1.910636586e-01  8.136669291e-01
 8.023483366e-02  1.934544342e-01  8.234047614e-01
 8.219178082e-02  1.958172920e-01  8.330067425e-01
 8.414872798e-02  1.981532566e-01  8.424700650e-01
 8.610567515e-02  2.004633178e-01  8.517971752e-01
 8.806262231e-02  2.027483948e-01  8.609954639e-01
 9.001956947e-02  2.050093518e-01  8.700693229e-01
 9.197651663e-02  2.072470069e-01  8.790217494e-01
 9.393346380e-02  2.094621366e-01  8.878553400e-01
 9.589041096e-02  2.116554790e-01  8.965706941e-01
 9.784735812e-02  2.138277452e-01  9.051693842e-01
 9.980430528e-02  2.159796074e-01  9.136579517e-01
 1.017612524e-01  2.181116910e-01  9.220414049e-01
 1.037181996e-01  2.202245947e-01  9.303195478e-01
 1.056751468e-01  2.223188985e-01  9.384886641e-01
 1.076320939e-01  2.243951732e-01  9.465535158e-01
 1.095890411e-01  2.264539364e-01  9.545216089e-01
 1.115459883e-01  2.284956871e-01  9.623930452e-01
 1.135029354e-01  2.305209065e-01  9.701673852e-01
 1.154598826e-01  2.325300614e-01  9.778451938e-01
 1.174168297e-01  2.345235988e-01  9.854281737e-01
 1.193737769e-01  2.365019479e-01  9.929190886e-01
 1.213307241e-01  2.384655156e-01  1.000323201e+00
 1.232876712e-01  2.404146836e-01  1.007641053e+00
 1.252446184e-01  2.423498316e-01  1.014867536e+00
 1.272015656e-01  2.442713369e-01  1.022003781e+00
 1.291585127e-01  2.461795519e-01  1.029057101e+00
 1.311154599e-01  2.480748045e-01  1.036031408e+00
 1.330724070e-01  2.499574123e-01  1.042923794e+00
 1.350293542e-01  2.518276949e-01  1.049730146e+00
 1.369863014e-01  2.536859663e-01  1.056454060e+00
 1.389432485e-01  2.555325154e-01  1.063099741e+00
 1.409001957e-01  2.573676245e-01  1.069668980e+00
 1.428571429e-01  2.591915608e-01  1.076163097e+00
 1.448140900e-01  2.610045870e-01  1.082578475e+00
 1.467710372e-01  2.628069682e-01  1.088913336e+00
 1.487279843e-01  2.645989591e-01  1.095172312e+00
 1.506849315e-01  2.663807962e-01  1.101361228e+00
 1.526418787e-01  2.681527027e-01  1.107481039e+00
 1.545988258e-01  2.699149004e-01  1.113524182e+00
 1.565557730e-01  2.716676252e-01  1.119489514e+00
 1.585127202e-01  2.734110914e-01  1.125384745e+00
 1.604696673e-01  2.751455002e-01  1.131211708e+00
 1.624266145e-01  2.768710500e-01  1.136970997e+00
 1.643835616e-01  2.785879309e-01  1.142660295e+00
 1.663405088e-01  2.802963394e-01  1.148276912e+00
 1.682974560e-01  2.819964646e-01  1.153822169e+00
 1.702544031e-01  2.836884904e-01  1.159300087e+00
 1.722113503e-01  2.853725858e-01  1.164716018e+00
 1.741682975e-01  2.870489114e-01  1.170067784e+00
 1.761252446e-01  2.887176354e-01  1.175346720e+00
 1.780821918e-01  2.903789358e-01  1.180554583e+00
 1.800391389e-01  2.920329687e-01  1.185700326e+00
 1.819960861e-01  2.936798801e-01  1.190785972e+00
 1.839530333e-01  2.953198142e-01  1.195807800e+00
 1.859099804e-01  2.969529214e-01  1.200761215e+00
 1.878669276e-01  2.985793525e-01  1.205647978e+00
 1.898238748e-01  3.001992472e-01  1.210471536e+00
 1.917808219e-01  3.018127412e-01  1.215233606e+00
 1.937377691e-01  3.034199646e-01  1.219937263e+00
 1.956947162e-01  3.050210399e-01  1.224578906e+00
 1.976516634e-01  3.066161016e-01  1.229152537e+00
 1.996086106e-01  3.082052834e-01  1.233661478e+00
 2.015655577e-01  3.097887063e-01  1.238112085e+00
 2.035225049e-01  3.113664829e-01  1.242507232e+00
 2.054794521e-01  3.129387229e-01  1.246842729e+00
 2.074363992e-01  3.145055457e-01  1.251112294e+00
 2.093933464e-01  3.160670726e-01  1.255318565e+00
 2.113502935e-01  3.176234125e-01  1.259466678e+00
 2.133072407e-01  3.191746699e-01  1.263558262e+00
 2.152641879e-01  3.207209464e-01  1.267594962e+00
 2.172211350e-01  3.222623391e-01  1.271571169e+00
 2.191780822e-01  3.237989598e-01  1.275482517e+00
 2.211350294e-01  3.253309131e-01  1.279333762e+00
 2.230919765e-01  3.268582958e-01  1.283130578e+00
 2.250489237e-01  3.283811960e-01  1.286876208e+00
 2.270058708e-01  3.298997000e-01  1.290564254e+00
 2.289628180e-01  3.314139082e-01  1.294187708e+00
 2.309197652e-01  3.329239208e-01  1.297751557e+00
 2.328767123e-01  3.344298236e-01  1.301262807e+00
 2.348336595e-01  3.359316978e-01  1.304721170e+00
 2.367906067e-01  3.374296276e-01  1.308124604e+00
 2.387475538e-01  3.389236967e-01  1.311469767e+00
 2.407045010e-01  3.404139944e-01  1.314756042e+00
 2.426614481e-01  3.419006036e-01  1.317985983e+00
 2.446183953e-01  3.433836056e-01  1.321161981e+00
 2.465753425e-01  3.448630756e-01  1.324288497e+00
 2.485322896e-01  3.463390832e-01  1.327362665e+00
 2.504892368e-01  3.478117081e-01  1.330376644e+00
 2.524461840e-01  3.492810352e-01  1.333331666e+00
 2.544031311e-01  3.507471396e-01  1.336234944e+00
 2.563600783e-01  3.522100885e-01  1.339090130e+00
 2.583170254e-01  3.536699474e-01  1.341895074e+00
 2.602739726e-01  3.551267865e-01  1.344643505e+00
 2.622309198e-01  3.565806834e-01  1.347334201e+00
 2.641878669e-01  3.580317094e-01  1.349972060e+00
 2.661448141e-01  3.594799298e-01  1.352559939e+00
 2.681017613e-01  3.609254085e-01  1.355100162e+00
 2.700587084e-01  3.623682042e-01  1.357590695e+00
 2.720156556e-01  3.638083840e-01  1.360024857e+00
 2.739726027e-01  3.652460196e-01  1.362402638e+00
 2.759295499e-01  3.666811765e-01  1.364730379e+00
 2.778864971e-01  3.681139120e-01  1.367013223e+00
 2.798434442e-01  3.695442796e-01  1.369249421e+00
 2.818003914e-01  3.709723389e-01  1.371431771e+00
 2.837573386e-01  3.723981577e-01  1.373558569e+00
 2.857142857e-01  3.738217980e-01  1.375636017e+00
 2.876712329e-01  3.752433134e-01  1.377667638e+00
 2.896281800e-01  3.766627579e-01  1.379652312e+00
 2.915851272e-01  3.780801863e-01  1.381588325e+00
 2.935420744e-01  3.794956553e-01  1.383473839e+00
 2.954990215e-01  3.809092228e-01  1.385308802e+00
 2.974559687e-01  3.823209443e-01  1.387094506e+00
 2.994129159e-01  3.837308744e-01  1.388834141e+00
 3.013698630e-01  3.851390615e-01  1.390530666e+00
 3.033268102e-01  3.865455532e-01  1.392180972e+00
 3.052837573e-01  3.879504036e-01  1.393779722e+00
 3.072407045e-01  3.893536704e-01  1.395328060e+00
 3.091976517e-01  3.907554046e-01  1.396831773e+00
 3.111545988e-01  3.921556517e-01  1.398294015e+00
 3.131115460e-01  3.935544557e-01  1.399711719e+00
 3.150684932e-01  3.949518677e-01  1.401081404e+00
 3.170254403e-01  3.963479380e-01  1.402402900e+00
 3.189823875e-01  3.977427176e-01  1.403678298e+00
 3.209393346e-01  3.991362521e-01  1.404910328e+00
 3.228962818e-01  4.005285863e-01  1.406100497e+00
 3.248532290e-01  4.019197627e-01  1.407248182e+00
 3.268101761e-01  4.033098268e-01  1.408350109e+00
 3.287671233e-01  4.046988270e-01  1.409403963e+00
 3.307240705e-01  4.060868130e-01  1.410412849e+00
 3.326810176e-01  4.074738267e-01  1.411382722e+00
 3.346379648e-01  4.088599057e-01  1.412313562e+00
 3.365949119e-01  4.102450917e-01  1.413199980e+00
 3.385518591e-01  4.116294324e-01  1.414039321e+00
 3.405088063e-01  4.130129744e-01  1.414834838e+00
 3.424657534e-01  4.143957588e-01  1.415591281e+00
 3.444227006e-01  4.157778225e-01  1.416309202e+00
 3.463796477e-01  4.171592054e-01  1.416984344e+00
 3.483365949e-01  4.185399523e-01  1.417616501e+00
 3.502935421e-01  4.199201034e-01  1.418207471e+00
 3.522504892e-01  4.212996999e-01  1.418756963e+00
 3.542074364e-01  4.226787821e-01  1.419266733e+00
 3.561643836e-01  4.240573877e-01  1.419737653e+00
 3.581213307e-01  4.254355552e-01  1.420168844e+00
 3.600782779e-01  4.268133237e-01  1.420560089e+00
 3.620352250e-01  4.281907322e-01  1.420909814e+00
 3.639921722e-01  4.295678226e-01  1.421219413e+00
 3.659491194e-01  4.309446310e-01  1.421492888e+00
 3.679060665e-01  4.323211915e-01  1.421728864e+00
 3.698630137e-01  4.336975429e-01  1.421924542e+00
 3.718199609e-01  4.350737246e-01  1.422081123e+00
 3.737769080e-01  4.364497729e-01  1.422200084e+00
 3.757338552e-01  4.378257244e-01  1.422282488e+00
 3.776908023e-01  4.392016133e-01  1.422327926e+00
 3.796477495e-01  4.405774769e-01  1.422334363e+00
 3.816046967e-01  4.419533532e-01  1.422304186e+00
 3.835616438e-01  4.433292752e-01  1.422239613e+00
 3.855185910e-01  4.447052765e-01  1.422137762e+00
 3.874755382e-01  4.460813956e-01  1.421998265e+00
 3.894324853e-01  4.474576669e-01  1.421823449e+00
 3.913894325e-01  4.488341244e-01  1.421613643e+00
 3.933463796e-01  4.502108020e-01  1.421369777e+00
 3.953033268e-01  4.515877318e-01  1.421090313e+00
 3.972602740e-01  4.529649509e-01  1.420774235e+00
 3.992172211e-01  4.543424935e-01  1.420424937e+00
 4.011741683e-01  4.557203901e-01  1.420042453e+00
 4.031311155e-01  4.570986749e-01  1.419624481e+00
 4.050880626e-01  4.584773829e-01  1.419173050e+00
 4.070450098e-01  4.598565447e-01  1.418689135e+00
 4.090019569e-01  4.612361935e-01  1.418172537e+00
 4.109589041e-01  4.626163602e-01  1.417623176e+00
 4.129158513e-01  4.639970785e-01  1.417038969e+00
 4.148727984e-01  4.653783835e-01  1.416422141e+00
 4.168297456e-01  4.667603047e-01  1.415776144e+00
 4.187866928e-01  4.681428705e-01  1.415099269e+00
 4.207436399e-01  4.695261140e-01  1.414389517e+00
 4.227005871e-01  4.709100678e-01  1.413647221e+00
 4.246575342e-01  4.722947644e-01  1.412873603e+00
 4.266144814e-01  4.736802342e-01  1.412071027e+00
 4.285714286e-01  4.750665053e-01  1.411239221e+00
 4.305283757e-01  4.764536088e-01  1.410376600e+00
 4.324853229e-01  4.778415762e-01  1.409484103e+00
 4.344422701e-01  4.792304370e-01  1.408561836e+00
 4.363992172e-01  4.806202225e-01  1.407609599e+00
 4.383561644e-01  4.820109631e-01  1.406628296e+00
 4.403131115e-01  4.834026884e-01  1.405619760e+00
 4.422700587e-01  4.847954255e-01  1.404584681e+00
 4.442270059e-01  4.861892028e-01  1.403521283e+00
 4.461839530e-01  4.875840511e-01  1.402427451e+00
 4.481409002e-01  4.889800036e-01  1.401304532e+00
 4.500978474e-01  4.903770883e-01  1.400156325e+00
 4.520547945e-01  4.917753312e-01  1.398984652e+00
 4.540117417e-01  4.931747571e-01  1.397787249e+00
 4.559686888e-01  4.945753966e-01  1.396560099e+00
 4.579256360e-01  4.959772830e-01  1.395304568e+00
 4.598825832e-01  4.973804444e-01  1.394024491e+00
 4.618395303e-01  4.987849066e-01  1.392721776e+00
 4.637964775e-01  5.001906942e-01  1.391395930e+00
 4.657534247e-01  5.015978343e-01  1.390043989e+00
 4.677103718e-01  5.030063577e-01  1.388664826e+00
 4.696673190e-01  5.044162943e-01  1.387261166e+00
 4.716242661e-01  5.058276696e-01  1.385834886e+00
 4.735812133e-01  5.072405098e-01  1.384386132e+00
 4.755381605e-01  5.086548407e-01  1.382915884e+00
 4.774951076e-01  5.100706867e-01  1.381421995e+00
 4.794520548e-01  5.114880783e-01  1.379903320e+00
 4.814090020e-01  5.129070425e-01  1.378361631e+00
 4.833659491e-01  5.143276065e-01  1.376798008e+00
 4.853228963e-01  5.157497956e-01  1.375214989e+00
 4.872798434e-01  5.171736320e-01  1.373613014e+00
 4.892367906e-01  5.185991404e-01  1.371988356e+00
 4.911937378e-01  5.200263509e-01  1.370339691e+00
 4.931506849e-01  5.214552915e-01  1.368669996e+00
 4.951076321e-01  5.228859864e-01  1.366981994e+00
 4.970645793e-01  5.243184582e-01  1.365277347e+00
 4.990215264e-01  5.257527280e-01  1.363553720e+00
 5.009784736e-01  5.271888236e-01  1.361807393e+00
 5.029354207e-01  5.286267744e-01  1.360040301e+00
 5.048923679e-01  5.300666043e-01  1.358255969e+00
 5.068493151e-01  5.315083356e-01  1.356455884e+00
 5.088062622e-01  5.329519895e-01  1.354639057e+00
 5.107632094e-01  5.343975908e-01  1.352802978e+00
 5.127201566e-01  5.358451662e-01  1.350947640e+00
 5.146771037e-01  5.372947409e-01  1.349075445e+00
 5.166340509e-01  5.387463368e-01  1.347188301e+00
 5.185909980e-01  5.401999756e-01  1.345285682e+00
 5.205479452e-01  5.416556804e-01  1.343366393e+00
 5.225048924e-01  5.431134758e-01  1.341430775e+00
 5.244618395e-01  5.445733848e-01  1.339479584e+00
 5.264187867e-01  5.460354304e-01  1.337513788e+00
 5.283757339e-01  5.474996340e-01  1.335533684e+00
 5.303326810e-01  5.489660182e-01  1.333538927e+00
 5.322896282e-01  5.504346054e-01  1.331529894e+00
 5.342465753e-01  5.519054180e-01  1.329507532e+00
 5.362035225e-01  5.533784766e-01  1.327471898e+00
 5.381604697e-01  5.548538036e-01  1.325422551e+00
 5.401174168e-01  5.563314210e-01  1.323360640e+00
 5.420743640e-01  5.578113489e-01  1.321286201e+00
 5.440313112e-01  5.592936098e-01  1.319199712e+00
 5.459882583e-01  5.607782229e-01  1.317102057e+00
 5.479452055e-01  5.622652089e-01  1.314992216e+00
 5.499021526e-01  5.637545898e-01  1.312871061e+00
 5.518590998e-01  5.652463847e-01  1.310739454e+00
 5.538160470e-01  5.667406139e-01  1.308596911e+00
 5.557729941e-01  5.682372978e-01  1.306444316e+00
 5.577299413e-01  5.697364551e-01  1.304282128e+00
 5.596868885e-01  5.712381054e-01  1.302110272e+00
 5.616438356e-01  5.727422679e-01  1.299929299e+00
 5.636007828e-01  5.742489613e-01  1.297739192e+00
 5.655577299e-01  5.757582051e-01  1.295540142e+00
 5.675146771e-01  5.772700178e-01  1.293332698e+00
 5.694716243e-01  5.787844180e-01  1.291117725e+00
 5.714285714e-01  5.803014223e-01  1.288895782e+00
 5.733855186e-01  5.818210484e-01  1.286666070e+00
 5.753424658e-01  5.833433151e-01  1.284428774e+00
 5.772994129e-01  5.848682398e-01  1.282184477e+00
 5.792563601e-01  5.863958402e-01  1.279933950e+00
 5.812133072e-01  5.879261323e-01  1.277678520e+00
 5.831702544e-01  5.894591307e-01  1.275417642e+00
 5.851272016e-01  5.909948529e-01  1.273150544e+00
 5.870841487e-01  5.925333159e-01  1.270877606e+00
 5.890410959e-01  5.940745363e-01  1.268599907e+00
 5.909980431e-01  5.956185287e-01  1.266318754e+00
 5.929549902e-01  5.971653068e-01  1.264034379e+00
 5.949119374e-01  5.987148849e-01  1.261746102e+00
 5.968688845e-01  6.002672786e-01  1.259453354e+00
 5.988258317e-01  6.018225036e-01  1.257156983e+00
 6.007827789e-01  6.033805738e-01  1.254858472e+00
 6.027397260e-01  6.049415015e-01  1.252558562e+00
 6.046966732e-01  6.065052987e-01  1.250257016e+00
 6.066536204e-01  6.080719786e-01  1.247953245e+00
 6.086105675e-01  6.096415548e-01  1.245647315e+00
 6.105675147e-01  6.112140406e-01  1.243340312e+00
 6.125244618e-01  6.127894469e-01  1.241033319e+00
 6.144814090e-01  6.143677843e-01  1.238726487e+00
 6.164383562e-01  6.159490637e-01  1.236419860e+00
 6.183953033e-01  6.175332957e-01  1.234113198e+00
 6.203522505e-01  6.191204918e-01  1.231806738e+00
 6.223091977e-01  6.207106620e-01  1.229501517e+00
 6.242661448e-01  6.223038154e-01  1.227197928e+00
 6.262230920e-01  6.238999610e-01  1.224896024e+00
 6.281800391e-01  6.254991080e-01  1.222596176e+00
 6.301369863e-01  6.271012644e-01  1.220298519e+00
 6.320939335e-01  6.287064390e-01  1.218003246e+00
 6.340508806e-01  6.303146395e-01  1.215710852e+00
 6.360078278e-01  6.319258733e-01  1.213421572e+00
 6.379647750e-01  6.335401477e-01  1.211135723e+00
 6.399217221e-01  6.351574693e-01  1.208853479e+00
 6.418786693e-01  6.367778447e-01  1.206574949e+00
 6.438356164e-01  6.384012804e-01  1.204300582e+00
 6.457925636e-01  6.400277819e-01  1.202030756e+00
 6.477495108e-01  6.416573546e-01  1.199765593e+00
 6.497064579e-01  6.432900036e-01  1.197505325e+00
 6.516634051e-01  6.449257336e-01  1.195249930e+00
 6.536203523e-01  6.465645499e-01  1.192999564e+00
 6.555772994e-01  6.482064567e-01  1.190754772e+00
 6.575342466e-01  6.498514578e-01  1.188515921e+00
 6.594911937e-01  6.514995563e-01  1.186283215e+00
 6.614481409e-01  6.531507553e-01  1.184056664e+00
 6.634050881e-01  6.548050579e-01  1.181836125e+00
 6.653620352e-01  6.564624676e-01  1.179621891e+00
 6.673189824e-01  6.581229865e-01  1.177414358e+00
 6.692759295e-01  6.597866169e-01  1.175213742e+00
 6.712328767e-01  6.614533604e-01  1.173020347e+00
 6.731898239e-01  6.631232182e-01  1.170834258e+00
 6.751467710e-01  6.647961915e-01  1.168655493e+00
 6.771037182e-01  6.664722814e-01  1.166484091e+00
 6.790606654e-01  6.681514889e-01  1.164320075e+00
 6.810176125e-01  6.698338150e-01  1.162163511e+00
 6.829745597e-01  6.715192603e-01  1.160014795e+00
 6.849315068e-01  6.732078246e-01  1.157874432e+00
 6.868884540e-01  6.748995068e-01  1.155742180e+00
 6.888454012e-01  6.765943073e-01  1.153617686e+00
 6.908023483e-01  6.782922261e-01  1.151500967e+00
 6.927592955e-01  6.799932631e-01  1.149392032e+00
 6.947162427e-01  6.816974184e-01  1.147291227e+00
 6.966731898e-01  6.834046906e-01  1.145198771e+00
 6.986301370e-01  6.851150791e-01  1.143114446e+00
 7.005870841e-01  6.868285830e-01  1.141037725e+00
 7.025440313e-01  6.885452030e-01  1.138968250e+00
 7.045009785e-01  6.902649393e-01  1.136906162e+00
 7.064579256e-01  6.919877920e-01  1.134851299e+00
 7.084148728e-01  6.937137619e-01  1.132803138e+00
 7.103718200e-01  6.954428502e-01  1.130761289e+00
 7.123287671e-01  6.971750589e-01  1.128725351e+00
 7.142857143e-01  6.989103905e-01  1.126694731e+00
 7.162426614e-01  7.006488487e-01  1.124668941e+00
 7.181996086e-01  7.023904374e-01  1.122647607e+00
 7.201565558e-01  7.041351614e-01  1.120630272e+00
 7.221135029e-01  7.058830261e-01  1.118616231e+00
 7.240704501e-01  7.076340385e-01  1.116604573e+00
 7.260273973e-01  7.093882067e-01  1.114594359e+00
 7.279843444e-01  7.111455408e-01  1.112584888e+00
 7.299412916e-01  7.129060513e-01  1.110575926e+00
 7.318982387e-01  7.146697490e-01  1.108567064e+00
 7.338551859e-01  7.164366458e-01  1.106557112e+00
 7.358121331e-01  7.182067564e-01  1.104544630e+00
 7.377690802e-01  7.199800977e-01  1.102528935e+00
 7.397260274e-01  7.217566867e-01  1.100509475e+00
 7.416829746e-01  7.235365423e-01  1.098485359e+00
 7.436399217e-01  7.253196846e-01  1.096455293e+00
 7.455968689e-01  7.271061370e-01  1.094417994e+00
 7.475538160e-01  7.288959244e-01  1.092373286e+00
 7.495107632e-01  7.306890709e-01  1.090321169e+00
 7.514677104e-01  7.324856018e-01  1.088260263e+00
 7.534246575e-01  7.342855464e-01  1.086187663e+00
 7.553816047e-01  7.360889400e-01  1.084100960e+00
 7.573385519e-01  7.378958205e-01  1.082000635e+00
 7.592954990e-01  7.397062223e-01  1.079887825e+00
 7.612524462e-01  7.415201801e-01  1.077762119e+00
 7.632093933e-01  7.433377305e-01  1.075620457e+00
 7.651663405e-01  7.451589192e-01  1.073460019e+00
 7.671232877e-01  7.469837930e-01  1.071280491e+00
 7.690802348e-01  7.488123998e-01  1.069081256e+00
 7.710371820e-01  7.506447894e-01  1.066860715e+00
 7.729941292e-01  7.524810163e-01  1.064616394e+00
 7.749510763e-01  7.543211400e-01  1.062346697e+00
 7.769080235e-01  7.561652217e-01  1.060052299e+00
 7.788649706e-01  7.580133197e-01  1.057734361e+00
 7.808219178e-01  7.598654927e-01  1.055391012e+00
 7.827788650e-01  7.617218070e-01  1.053017350e+00
 7.847358121e-01  7.635823397e-01  1.050609150e+00
 7.866927593e-01  7.654471741e-01  1.048165775e+00
 7.886497065e-01  7.673163913e-01  1.045689254e+00
 7.906066536e-01  7.691900694e-01  1.043178621e+00
 7.925636008e-01  7.710682951e-01  1.040629310e+00
 7.945205479e-01  7.729511650e-01  1.038038914e+00
 7.964774951e-01  7.748387768e-01  1.035409922e+00
 7.984344423e-01  7.767312206e-01  1.032743783e+00
 8.003913894e-01  7.786285915e-01  1.030036956e+00
 8.023483366e-01  7.805309950e-01  1.027285437e+00
 8.043052838e-01  7.824385439e-01  1.024487944e+00
 8.062622309e-01  7.843513515e-01  1.021650055e+00
 8.082191781e-01  7.862695128e-01  1.018779400e+00
 8.101761252e-01  7.881931155e-01  1.015880908e+00
 8.121330724e-01  7.901222384e-01  1.012959924e+00
 8.140900196e-01  7.920569512e-01  1.010023654e+00
 8.160469667e-01  7.939973070e-01  1.007081436e+00
 8.180039139e-01  7.959433410e-01  1.004145111e+00
 8.199608611e-01  7.978950614e-01  1.001231878e+00
 8.219178082e-01  7.998524362e-01  9.983620452e-01
 8.238747554e-01  8.018153929e-01  9.955491857e-01
 8.258317025e-01  8.037838438e-01  9.927974795e-01
 8.277886497e-01  8.057576964e-01  9.901262333e-01
 8.297455969e-01  8.077367822e-01  9.875668895e-01
 8.317025440e-01  8.097208779e-01  9.851480021e-01
 8.336594912e-01  8.117096932e-01  9.828736186e-01
 8.356164384e-01  8.137029811e-01  9.807460495e-01
 8.375733855e-01  8.157004336e-01  9.787976511e-01
 8.395303327e-01  8.177016639e-01  9.770741446e-01
 8.414872798e-01  8.197061680e-01  9.755980160e-01
 8.434442270e-01  8.217134578e-01  9.743402295e-01
 8.454011742e-01  8.237231397e-01  9.732835994e-01
 8.473581213e-01  8.257347895e-01  9.724327893e-01
 8.493150685e-01  8.277479891e-01  9.718002615e-01
 8.512720157e-01  8.297622579e-01  9.713880958e-01
 8.532289628e-01  8.317771660e-01  9.711459420e-01
 8.551859100e-01  8.337924394e-01  9.710446107e-01
 8.571428571e-01  8.358077680e-01  9.710989520e-01
 8.590998043e-01  8.378228158e-01  9.712900922e-01
 8.610567515e-01  8.398373514e-01  9.715939805e-01
 8.630136986e-01  8.418511391e-01  9.719716749e-01
 8.649706458e-01  8.438641093e-01  9.723899420e-01
 8.669275930e-01  8.458761650e-01  9.728232573e-01
 8.688845401e-01  8.478873424e-01  9.732465672e-01
 8.708414873e-01  8.498976482e-01  9.736447308e-01
 8.727984344e-01  8.519071809e-01  9.740009597e-01
 8.747553816e-01  8.539160164e-01  9.742916989e-01
 8.767123288e-01  8.559243500e-01  9.744985713e-01
 8.786692759e-01  8.579323326e-01  9.745960588e-01
 8.806262231e-01  8.599402644e-01  9.745630951e-01
 8.825831703e-01  8.619483829e-01  9.744111229e-01
 8.845401174e-01  8.639569410e-01  9.741574755e-01
 8.864970646e-01  8.659661055e-01  9.737694527e-01
 8.884540117e-01  8.679762649e-01  9.732099903e-01
 8.904109589e-01  8.699877403e-01  9.724996499e-01
 8.923679061e-01  8.720008376e-01  9.716516219e-01
 8.943248532e-01  8.740158260e-01  9.706751767e-01
 8.962818004e-01  8.760329760e-01  9.695580596e-01
 8.982387476e-01  8.780526109e-01  9.683190112e-01
 9.001956947e-01  8.800749267e-01  9.669357123e-01
 9.021526419e-01  8.821003452e-01  9.653762179e-01
 9.041095890e-01  8.841292010e-01  9.636713188e-01
 9.060665362e-01  8.861617932e-01  9.618361590e-01
 9.080234834e-01  8.881983992e-01  9.599107800e-01
 9.099804305e-01  8.902391539e-01  9.578707637e-01
 9.119373777e-01  8.922844451e-01  9.556576958e-01
 9.138943249e-01  8.943346639e-01  9.533109808e-01
 9.158512720e-01  8.963900379e-01  9.508323401e-01
 9.178082192e-01  8.984509611e-01  9.482032674e-01
 9.197651663e-01  9.005177500e-01  9.454959707e-01
 9.217221135e-01  9.025904928e-01  9.426728571e-01
 9.236790607e-01  9.046696816e-01  9.396689215e-01
 9.256360078e-01  9.067556996e-01  9.365636960e-01
 9.275929550e-01  9.088486992e-01  9.333680694e-01
 9.295499022e-01  9.109490273e-01  9.300149235e-01
 9.315068493e-01  9.130571491e-01  9.265211138e-01
 9.334637965e-01  9.151733487e-01  9.231031441e-01
 9.354207436e-01  9.172971078e-01  9.195457805e-01
 9.373776908e-01  9.194297199e-01  9.156154705e-01
 9.393346380e-01  9.215717541e-01  9.115073176e-01
 9.412915851e-01  9.237236355e-01  9.075246445e-01
 9.432485323e-01  9.258845057e-01  9.033718952e-01
 9.452054795e-01  9.280562293e-01  8.987135903e-01
 9.471624266e-01  9.302395639e-01  8.938417200e-01
 9.491193738e-01  9.324350296e-01  8.891133444e-01
 9.510763209e-01  9.346416399e-01  8.848797031e-01
 9.530332681e-01  9.368581547e-01  8.800005444e-01
 9.549902153e-01  9.390893411e-01  8.740062161e-01
 9.569471624e-01  9.413363749e-01  8.676937358e-01
 9.589041096e-01  9.436001518e-01  8.611819470e-01
 9.608610568e-01  9.458813015e-01  8.633045635e-01
 9.628180039e-01  9.481341251e-01  8.699327293e-01
 9.647749511e-01  9.503803976e-01  8.638742348e-01
 9.667318982e-01  9.526654175e-01  8.475885836e-01
 9.686888454e-01  9.549991048e-01  8.288014328e-01
 9.706457926e-01  9.573891151e-01  8.086050388e-01
 9.726027397e-01  9.598409896e-01  7.879055786e-01
 9.745596869e-01  9.623583046e-01  7.674210990e-01
 9.765166341e-01  9.649428205e-01  7.476975455e-01
 9.784735812e-01  9.675946296e-01  7.291338697e-01
 9.804305284e-01  9.703123041e-01  7.120098550e-01
 9.823874755e-01  9.730930425e-01  6.965127454e-01
 9.843444227e-01  9.759328157e-01  6.827606813e-01
 9.863013699e-01  9.788265109e-01  6.708222385e-01
 9.882583170e-01  9.817680741e-01  6.607320666e-01
 9.902152642e-01  9.847506513e-01  6.525030505e-01
 9.921722114e-01  9.877667257e-01  6.461355482e-01
 9.941291585e-01  9.908082541e-01  6.416242371e-01
 9.960861057e-01  9.938667995e-01  6.389630762e-01
 9.980430528e-01  9.969336609e-01  6.381487777e-01
 1.000000000e+00  1.000000000e+00  6.382574437e-01
4  4.805861500e-01  7.372248799e-01  1.015731234e+00  7.621199958e-01  9.574253903e-01  3.961427707e+01  4.055150860e-01  9.978461383e-01  4.363512560e-01  2.855260900e+00
5  6.140107065e-01  1.092134748e+00  1.008113173e+00  6.279492770e-01  9.286756814e-01  2.529064310e+01  3.591016889e-01  1.074580946e+00  6.140389942e-01  2.896482846e+00
6  7.130913082e-01  1.355305547e+00  1.004501715e+00  5.371458100e-01  9.070096123e-01  1.962158015e+01  3.357178420e-01  1.177117711e+00  7.301470139e-01  2.793188895e+00
7  7.926160443e-01  1.557492277e+00  1.002318436e+00  4.713079566e-01  9.004154737e-01  1.685776666e+01  3.219446654e-01  1.298951327e+00  8.146544796e-01  2.655377490e+00
8  8.575137304e-01  1.953566828e+00  1.000801555e+00  4.211042937e-01  9.214900274e-01  1.595934447e+01  3.137554858e-01  1.457080894e+00  8.782613090e-01  2.509890637e+00
9  9.021134020e-01  2.845709801e+00  9.998493480e-01  3.807923268e-01  9.933873199e-01  1.725823661e+01  3.100180187e-01  1.699587225e+00  9.212722125e-01  2.344816841e+00
10  9.331344211e-01  2.688038637e+00  9.993774298e-01  3.477434456e-01  1.141590026e+00  2.150928397e+01  3.099327526e-01  2.117557364e+00  9.497407119e-01  2.181873051e+00
11  9.733341757e-01  3.973087451e+00  9.998089329e-01  3.228616054e-01  1.356644726e+00  2.815312842e+01  3.141613795e-01  2.588360469e+00  9.825552765e-01  2.069865050e+00
12  9.879372196e-01  8.611255474e+00  9.999297221e-01  2.991532970e-01  1.629924092e+00  3.860637141e+01  3.186794450e-01  4.080284594e+00  9.922823475e-01  1.926075515e+00
13  9.944194216e-01  1.682932288e+01  9.999676885e-01  2.785893597e-01  1.817757946e+00  4.557034541e+01  3.232938106e-01  7.125091233e+00  9.964391243e-01  1.789649337e+00
0 0 -1.215559440e-01  1.348248147e-17
0 1  1.383983177e-02 -6.529830300e-03
0 2 -1.596901053e-02  8.491717792e-03
0 3  2.479547818e-03 -9.852331976e-03
0 4  2.467512666e-03  7.381805564e-03
0 5 -7.234929189e-03  1.419668499e-04
0 6 -7.394161982e-04 -5.692690313e-03
0 7  3.672704116e-03 -2.896239483e-03
0 8  4.164540522e-03  1.031714723e-04
0 9  3.542000251e-03  1.490874029e-03
1 0 -1.138556562e-01 -5.371872477e-02
1 1 -9.336571949e-02 -1.436903698e-17
1 2  8.380926304e-03 -9.462640342e-03
1 3 -1.309319052e-02  1.182673057e-02
1 4 -5.113268828e-03 -1.050907142e-02
1 5  6.867428767e-03  1.376493765e-03
1 6 -2.112484005e-03  7.160922001e-03
1 7 -6.379324406e-03  2.564439598e-03
1 8 -6.051402172e-03 -1.255276444e-03
1 9 -4.796976573e-03 -2.775931232e-03
2 0  1.313716960e-01  6.985851544e-02
2 1 -8.976449119e-02 -1.013502642e-01
2 2 -7.395775462e-02 -6.178543806e-17
2 3  2.828769888e-03 -1.153155087e-02
2 4 -6.704120225e-03  1.200776090e-02
2 5 -1.178495597e-02 -4.635819193e-03
2 6  1.206469231e-03 -7.151959239e-03
2 7  5.015494070e-03 -7.185870077e-04
2 8  3.738918769e-03  3.082389300e-03
2 9  2.224105090e-03  4.274094813e-03
3 0 -2.039840864e-02 -8.105183220e-02
3 1  1.402355232e-01  1.266710163e-01
3 2 -3.824845553e-02 -1.559207812e-01
3 3 -6.039077665e-02 -3.405388445e-17
3 4 -2.318512077e-03 -1.302843856e-02
3 5 -4.093018634e-04  8.554957668e-03
3 6 -1.117094588e-02  4.542963112e-03
3 7 -9.024858855e-03 -2.902025323e-03
3 8 -5.142557300e-03 -5.467588844e-03
3 9 -2.697571654e-03 -5.520912876e-03
4 0 -2.029939948e-02  6.072763965e-02
4 1  5.476601965e-02 -1.125581368e-01
4 2  9.064796869e-02  1.623597276e-01
4 3  3.839182415e-02 -2.157355689e-01
4 4 -5.028140742e-02  3.400899755e-17
4 5 -7.735219586e-03 -1.371123558e-02
4 6  2.699316066e-03  9.382702409e-04
4 7 -1.472245097e-03  6.393137915e-03
4 8 -5.167088072e-03  5.884452282e-03
4 9 -6.370985785e-03  4.577779808e-03
5 0  5.951933694e-02  1.167913680e-03
5 1 -7.355407108e-02  1.474303174e-02
5 2  1.593471304e-01 -6.268198943e-02
5 3  6.777555880e-03  1.416600041e-01
5 4  1.538385654e-01 -2.726899719e-01
5 5 -4.177371319e-02  1.189276107e-17
5 6 -1.269072720e-02 -1.216747099e-02
5 7 -7.077123795e-04 -6.686804910e-03
5 8  1.811284734e-03 -2.003221494e-03
5 9  1.841216719e-03  4.539331523e-04
6 0  6.082929175e-03 -4.683185475e-02
6 1  2.262590613e-02  7.669755066e-02
6 2 -1.631295106e-02 -9.670330415e-02
6 3  1.849776820e-01  7.522610842e-02
6 4 -5.368417879e-02  1.866038142e-02
6 5  3.037969631e-01 -2.912709946e-01
6 6 -3.424266560e-02 -5.149762122e-17
6 7 -1.268944129e-02 -6.509746496e-03
6 8 -6.772317875e-03 -7.418727088e-03
6 9 -3.908376248e-03 -6.470049233e-03
7 0 -3.021410550e-02 -2.382639127e-02
7 1  6.832619553e-02  2.746660779e-02
7 2 -6.781566174e-02 -9.716182047e-03
7 3  1.494410133e-01 -4.805411494e-02
7 4  2.928010913e-02  1.271471552e-01
7 5  1.694157223e-02 -1.600720740e-01
7 6  3.705739921e-01 -1.901063011e-01
7 7 -3.078086561e-02 -3.880239489e-19
7 8 -1.667780705e-02 -4.820316357e-03
7 9 -1.259469976e-02 -5.842014315e-03
8 0 -3.426027872e-02  8.487571144e-04
8 1  6.481396175e-02 -1.344472522e-02
8 2 -5.055479021e-02  4.167770257e-02
8 3  8.515468066e-02 -9.053681949e-02
8 4  1.027633938e-01  1.170303813e-01
8 5 -4.335943816e-02 -4.795411615e-02
8 6  1.977742608e-01 -2.166515649e-01
8 7  5.418238481e-01 -1.566010657e-01
8 8 -2.174220598e-02 -8.904935965e-17
8 9 -1.200971143e-02 -1.250544684e-03
9 0 -2.913884862e-02  1.226492082e-02
9 1  5.137834956e-02 -2.973180357e-02
9 2 -3.007264217e-02  5.779102996e-02
9 3  4.466860345e-02 -9.141980253e-02
9 4  1.267065922e-01  9.104319155e-02
9 5 -4.407596496e-02  1.086647841e-02
9 6  1.141376169e-01 -1.889470087e-01
9 7  4.091730208e-01 -1.897936981e-01
9 8  5.523685791e-01 -5.751691823e-02
9 9 -1.740601522e-02 -5.496886059e-17
0 0 -8.700563483e+00  2.058192187e-15
0 1 -8.370589901e-01  6.140128675e-01
0 2  1.490987636e+00 -6.509580812e-01
0 3 -1.242385547e-01  5.124102936e-01
0 4 -6.511074318e-02 -3.388712382e-01
0 5  2.903747304e-01  6.199294826e-03
0 6  9.841254914e-03  1.855504843e-01
0 7 -8.603171234e-02  1.134906819e-01
0 8 -9.647424470e-02 -2.987863442e-02
0 9 -7.139014576e-02 -1.268827331e-01
1 0 -8.370589901e-01 -6.140128675e-01
1 1 -1.166869939e+01  1.405434601e-14
1 2 -5.866146790e-01  1.480198779e+00
1 3  2.129877887e+00 -1.562496814e+00
1 4  4.286762368e-01  9.408845675e-01
1 5 -4.903901246e-01 -1.479587599e-01
1 6  1.804226115e-01 -4.163056909e-01
1 7  2.828877436e-01 -1.754905238e-01
1 8  2.278605846e-01  1.103826796e-01
1 9  1.186077368e-01  2.928553276e-01
2 0  1.490987636e+00  6.509580812e-01
2 1 -5.866146790e-01 -1.480198779e+00
2 2 -1.501554963e+01  4.352396694e-15
2 3  1.963051519e-01  2.776973190e+00
2 4  1.990608383e+00 -2.631594387e+00
2 5  1.663857517e+00  7.230339473e-01
2 6 -2.548737506e-01  6.490243789e-01
2 7 -4.243743332e-01  1.346843014e-01
2 8 -1.770108064e-01 -3.334880452e-01
2 9  9.107673659e-02 -5.806904683e-01
3 0 -1.242385547e-01 -5.124102936e-01
3 1  2.129877887e+00  1.562496814e+00
3 2  1.963051519e-01 -2.776973190e+00
3 3 -1.891499649e+01 -1.020687355e-14
3 4  1.778227586e+00  4.614841612e+00
3 5  8.097164500e-01 -3.223084767e+00
3 6  2.463945149e+00 -7.767638099e-01
3 7  1.225615438e+00  3.240976543e-01
3 8  2.726295785e-01  5.944824472e-01
3 9 -3.246938720e-01  5.991882764e-01
4 0 -6.511074318e-02  3.388712382e-01
4 1  4.286762368e-01 -9.408845675e-01
4 2  1.990608383e+00  2.631594387e+00
4 3  1.778227586e+00 -4.614841612e+00
4 4 -2.352394984e+01 -4.463167572e-14
4 5  5.075860553e+00  7.210417534e+00
4 6 -5.587301127e-01 -2.595152496e+00
4 7  3.753337791e-01 -1.753972542e+00
4 8  1.324368178e+00 -1.106803862e+00
4 9  2.022853507e+00 -5.980910412e-01
5 0  2.903747304e-01 -6.199294826e-03
5 1 -4.903901246e-01  1.479587599e-01
5 2  1.663857517e+00 -7.230339473e-01
5 3  8.097164500e-01  3.223084767e+00
5 4  5.075860553e+00 -7.210417534e+00
5 5 -2.955063863e+01  7.741433090e-14
5 6  9.609865437e+00  8.315855602e+00
5 7 -1.153858403e-01  1.688059179e+00
5 8 -6.699237828e-01 -1.334141808e+00
5 9 -8.003073897e-02 -3.098545201e+00
6 0  9.841254914e-03 -1.855504843e-01
6 1  1.804226115e-01  4.163056909e-01
6 2 -2.548737506e-01 -6.490243789e-01
6 3  2.463945149e+00  7.767638099e-01
6 4 -5.587301127e-01  2.595152496e+00
6 5  9.609865437e+00 -8.315855602e+00
6 6 -3.502794187e+01  1.209285491e-14
6 7  1.102491400e+01  4.870536774e+00
6 8  1.614745046e+00  2.243075568e+00
6 9 -7.464350676e-01  4.922927430e-01
7 0 -8.603171234e-02 -1.134906819e-01
7 1  2.828877436e-01  1.754905238e-01
7 2 -4.243743332e-01 -1.346843014e-01
7 3  1.225615438e+00 -3.240976543e-01
7 4  3.753337791e-01  1.753972542e+00
7 5 -1.153858403e-01 -1.688059179e+00
7 6  1.102491400e+01 -4.870536774e+00
7 7 -4.822911297e+01  2.301146843e-13
7 8  2.090901286e+01  5.306565845e+00
7 9  6.830613495e+00  4.143863550e+00
8 0 -9.647424470e-02  2.987863442e-02
8 1  2.278605846e-01 -1.103826796e-01
8 2 -1.770108064e-01  3.334880452e-01
8 3  2.726295785e-01 -5.944824472e-01
8 4  1.324368178e+00  1.106803862e+00
8 5 -6.699237828e-01  1.334141808e+00
8 6  1.614745046e+00 -2.243075568e+00
8 7  2.090901286e+01 -5.306565845e+00
8 8 -6.371261137e+01  3.180491897e-13
8 9  3.173435000e+01  3.304427665e+00
9 0 -7.139014576e-02  1.268827331e-01
9 1  1.186077368e-01 -2.928553276e-01
9 2  9.107673659e-02  5.806904683e-01
9 3 -3.246938720e-01 -5.991882764e-01
9 4  2.022853507e+00  5.980910412e-01
9 5 -8.003073897e-02  3.098545201e+00
9 6 -7.464350676e-01 -4.922927430e-01
9 7  6.830613495e+00 -4.143863550e+00
9 8  3.173435000e+01 -3.304427665e+00
9 9 -5.745140329e+01  1.814337250e-13
0  8.610831139e-02  7.602652139e-03 -1.633253011e-01 -4.560514112e-02
1  1.393246724e-01  1.251274455e-02  1.779268410e-01  9.569019359e-02
2  1.848339245e-01  1.548324889e-02 -1.391827435e-01 -1.597851091e-01
3  2.316004812e-01  2.015447444e-02  3.327707857e-02  2.108874061e-01
4  2.765254807e-01  2.213178739e-02  1.310945909e-01 -1.647082520e-01
5  3.061517907e-01  2.418342269e-02 -1.958108385e-01 -5.481345629e-02
6  3.218015150e-01  2.541867614e-02 -5.828136377e-02  1.847267102e-01
7  3.535668031e-01  2.668954080e-02  1.176035441e-01  1.405697434e-01
8  3.433656518e-01  2.563404770e-02  1.665801664e-01  3.671659836e-02
9  3.313396881e-01  3.638079699e-02  1.570745631e-01 -2.165517068e-02
