 1.695500020e+00 -1.794875800e+00  8.691559547e-01  3.258761347e+00  9.311593588e-01  4.299307652e+00  9.949890757e-01  9.305371030e-01  6.570570720e+00 512 3 10
 0.000000000e+00  0.000000000e+00  7.777648189e-07
 1.956947162e-03  2.984863061e-02  1.311255085e-01
 3.913894325e-03  4.221241156e-02  1.854362092e-01
 5.870841487e-03  5.169967038e-02  2.271055482e-01
 7.827788650e-03  5.969807735e-02  2.622278412e-01
 9.784735812e-03  6.674515843e-02  2.931632534e-01
 1.174168297e-02  7.311660516e-02  3.211218998e-01
 1.369863014e-02  7.897620218e-02  3.468224122e-01
 1.565557730e-02  8.443067278e-02  3.707328428e-01
 1.761252446e-02  8.955415402e-02  3.931781637e-01
 1.956947162e-02  9.440063018e-02  4.143948780e-01
 2.152641879e-02  9.901085960e-02  4.345614232e-01
 2.348336595e-02  1.034165117e-01  4.538162561e-01
 2.544031311e-02  1.076427753e-01  4.722695956e-01
 2.739726027e-02  1.117100754e-01  4.900107519e-01
 2.935420744e-02  1.156352471e-01  5.071132425e-01
 3.131115460e-02  1.194323621e-01  5.236385046e-01
 3.326810176e-02  1.231133247e-01  5.396385224e-01
 3.522504892e-02  1.266883128e-01  5.551575368e-01
 3.718199609e-02  1.301661103e-01  5.702337005e-01
 3.913894325e-02  1.335543606e-01  5.849002113e-01
 4.109589041e-02  1.368597638e-01  5.991861348e-01
 4.305283757e-02  1.400882323e-01  6.131170772e-01
 4.500978474e-02  1.432450150e-01  6.267157652e-01
 4.696673190e-02  1.463347967e-01  6.400024584e-01
 4.892367906e-02  1.493617802e-01  6.529952483e-01
 5.088062622e-02  1.523297532e-01  6.657103952e-01
 5.283757339e-02  1.552421435e-01  6.781626194e-01
 5.479452055e-02  1.581020652e-01  6.903653098e-01
 5.675146771e-02  1.609123575e-01  7.023306872e-01
 5.870841487e-02  1.636756174e-01  7.140698284e-01
 6.066536204e-02  1.663942284e-01  7.255927882e-01
 6.262230920e-02  1.690703844e-01  7.369088987e-01
 6.457925636e-02  1.717061096e-01  7.480269499e-01
 6.653620352e-02  1.743032760e-01  7.589549827e-01
 6.849315068e-02  1.768636200e-01  7.697000675e-01
 7.045009785e-02  1.793887561e-01  7.802687931e-01
 7.240704501e-02  1.818801889e-01  7.906677683e-01
 7.436399217e-02  1.843393209e-01  8.009031235e-01
 7.632093933e-02  1.867674635e-01  8.109802167e-01
 7.827788650e-02  1.891658460e-01  8.209040827e-01
 8.023483366e-02  1.915356216e-01  8.306796382e-01
 8.219178082e-02  1.938778741e-01  8.403113439e-01
 8.414872798e-02  1.961936241e-01  8.498031364e-01
 8.610567515e-02  1.984838341e-01  8.591591944e-01
 8.806262231e-02  2.007494122e-01  8.683835930e-01
 9.001956947e-02  2.029912160e-01  8.774796113e-01
 9.197651663e-02  2.052100584e-01  8.864503649e-01
 9.393346380e-02  2.074067100e-01  8.952989009e-01
 9.589041096e-02  2.095819020e-01  9.040286933e-01
 9.784735812e-02  2.117363275e-01  9.126426572e-01
 9.980430528e-02  2.138706462e-01  9.211426958e-01
 1.017612524e-01  2.159854875e-01  9.295317523e-01
 1.037181996e-01  2.180814497e-01  9.378125603e-01
 1.056751468e-01  2.201591031e-01  9.459870810e-01
 1.076320939e-01  2.222189933e-01  9.540571540e-01
 1.095890411e-01  2.242616418e-01  9.620251882e-01
 1.115459883e-01  2.262875465e-01  9.698934660e-01
 1.135029354e-01  2.282971837e-01  9.776632773e-01
 1.154598826e-01  2.302910111e-01  9.853366441e-01
 1.174168297e-01  2.322694662e-01  9.929153505e-01
 1.193737769e-01  2.342329693e-01  1.000400932e+00
 1.213307241e-01  2.361819239e-01  1.007795123e+00
 1.232876712e-01  2.381167174e-01  1.015099004e+00
 1.252446184e-01  2.400377232e-01  1.022314456e+00
 1.272015656e-01  2.419452992e-01  1.029442803e+00
 1.291585127e-01  2.438397906e-01  1.036485009e+00
 1.311154599e-01  2.457215306e-01  1.043442521e+00
 1.330724070e-01  2.475908397e-01  1.050316571e+00
 1.350293542e-01  2.494480270e-01  1.057108336e+00
 1.369863014e-01  2.512933909e-01  1.063819120e+00
 1.389432485e-01  2.531272194e-01  1.070449458e+00
 1.409001957e-01  2.549497915e-01  1.077000820e+00
 1.428571429e-01  2.567613758e-01  1.083474306e+00
 1.448140900e-01  2.585622326e-01  1.089870394e+00
 1.467710372e-01  2.603526143e-01  1.096190250e+00
 1.487279843e-01  2.621327646e-01  1.102434622e+00
 1.506849315e-01  2.639029199e-01  1.108604533e+00
 1.526418787e-01  2.656633091e-01  1.114701160e+00
 1.545988258e-01  2.674141534e-01  1.120724503e+00
 1.565557730e-01  2.691556692e-01  1.126675678e+00
 1.585127202e-01  2.708880651e-01  1.132555663e+00
 1.604696673e-01  2.726115436e-01  1.138364717e+00
 1.624266145e-01  2.743263023e-01  1.144104066e+00
 1.643835616e-01  2.760325320e-01  1.149773845e+00
 1.663405088e-01  2.777304193e-01  1.155374945e+00
 1.682974560e-01  2.794201449e-01  1.160908298e+00
 1.702544031e-01  2.811018845e-01  1.166373865e+00
 1.722113503e-01  2.827758099e-01  1.171772657e+00
 1.741682975e-01  2.844420877e-01  1.177105123e+00
 1.761252446e-01  2.861008803e-01  1.182371731e+00
 1.780821918e-01  2.877523461e-01  1.187573273e+00
 1.800391389e-01  2.893966390e-01  1.192709808e+00
 1.819960861e-01  2.910339099e-01  1.197782276e+00
 1.839530333e-01  2.926643048e-01  1.202791385e+00
 1.859099804e-01  2.942879666e-01  1.207736748e+00
 1.878669276e-01  2.959050357e-01  1.212619372e+00
 1.898238748e-01  2.975156480e-01  1.217439626e+00
 1.917808219e-01  2.991199367e-01  1.222197896e+00
 1.937377691e-01  3.007180317e-01  1.226895072e+00
 1.956947162e-01  3.023100596e-01  1.231530800e+00
 1.976516634e-01  3.038961453e-01  1.236105577e+00
 1.996086106e-01  3.054764102e-01  1.240620393e+00
 2.015655577e-01  3.070509726e-01  1.245075147e+00
 2.035225049e-01  3.086199490e-01  1.249470534e+00
 2.054794521e-01  3.101834527e-01  1.253806522e+00
 2.074363992e-01  3.117415953e-01  1.258083307e+00
 2.093933464e-01  3.132944862e-01  1.262301888e+00
 2.113502935e-01  3.148422316e-01  1.266462251e+00
 2.133072407e-01  3.163849361e-01  1.270564699e+00
 2.152641879e-01  3.179227024e-01  1.274609564e+00
 2.172211350e-01  3.194556308e-01  1.278597037e+00
 2.191780822e-01  3.209838200e-01  1.282527522e+00
 2.211350294e-01  3.225073667e-01  1.286401463e+00
 2.230919765e-01  3.240263654e-01  1.290218733e+00
 2.250489237e-01  3.255409095e-01  1.293980273e+00
 2.270058708e-01  3.270510896e-01  1.297686012e+00
 2.289628180e-01  3.285569958e-01  1.301335714e+00
 2.309197652e-01  3.300587164e-01  1.304930233e+00
 2.328767123e-01  3.315563375e-01  1.308469722e+00
 2.348336595e-01  3.330499442e-01  1.311954564e+00
 2.367906067e-01  3.345396196e-01  1.315384974e+00
 2.387475538e-01  3.360254460e-01  1.318760676e+00
 2.407045010e-01  3.375075043e-01  1.322082097e+00
 2.426614481e-01  3.389858740e-01  1.325349939e+00
 2.446183953e-01  3.404606328e-01  1.328564045e+00
 2.465753425e-01  3.419318577e-01  1.331725032e+00
 2.485322896e-01  3.433996238e-01  1.334832596e+00
 2.504892368e-01  3.448640061e-01  1.337886755e+00
 2.524461840e-01  3.463250782e-01  1.340888318e+00
 2.544031311e-01  3.477829117e-01  1.343837413e+00
 2.563600783e-01  3.492375778e-01  1.346734235e+00
 2.583170254e-01  3.506891463e-01  1.349578770e+00
 2.602739726e-01  3.521376866e-01  1.352370968e+00
 2.622309198e-01  3.535832670e-01  1.355111235e+00
 2.641878669e-01  3.550259546e-01  1.357800147e+00
 2.661448141e-01  3.564658151e-01  1.360437558e+00
 2.681017613e-01  3.579029141e-01  1.363023713e+00
 2.700587084e-01  3.593373158e-01  1.365558670e+00
 2.720156556e-01  3.607690840e-01  1.368042540e+00
 2.739726027e-01  3.621982816e-01  1.370475432e+00
 2.759295499e-01  3.636249706e-01  1.372857823e+00
 2.778864971e-01  3.650492120e-01  1.375189898e+00
 2.798434442e-01  3.664710662e-01  1.377471719e+00
 2.818003914e-01  3.678905928e-01  1.379703141e+00
 2.837573386e-01  3.693078514e-01  1.381884255e+00
 2.857142857e-01  3.707229002e-01  1.384015629e+00
 2.876712329e-01  3.721357969e-01  1.386097287e+00
 2.896281800e-01  3.735465984e-01  1.388129617e+00
 2.915851272e-01  3.749553610e-01  1.390112358e+00
 2.935420744e-01  3.763621408e-01  1.392045545e+00
 2.954990215e-01  3.777669931e-01  1.393929329e+00
 2.974559687e-01  3.791699729e-01  1.395764122e+00
 2.994129159e-01  3.805711341e-01  1.397550179e+00
 3.013698630e-01  3.819705301e-01  1.399287621e+00
 3.033268102e-01  3.833682139e-01  1.400976149e+00
 3.052837573e-01  3.847642385e-01  1.402615888e+00
 3.072407045e-01  3.861586561e-01  1.404207077e+00
 3.091976517e-01  3.875515184e-01  1.405750353e+00
 3.111545988e-01  3.889428761e-01  1.407245679e+00
 3.131115460e-01  3.903327798e-01  1.408692916e+00
 3.150684932e-01  3.917212800e-01  1.410092093e+00
 3.170254403e-01  3.931084266e-01  1.411443554e+00
 3.189823875e-01  3.944942689e-01  1.412747564e+00
 3.209393346e-01  3.958788559e-01  1.414004257e+00
 3.228962818e-01  3.972622359e-01  1.415213859e+00
 3.248532290e-01  3.986444570e-01  1.416376354e+00
 3.268101761e-01  4.000255670e-01  1.417491820e+00
 3.287671233e-01  4.014056134e-01  1.418560459e+00
 3.307240705e-01  4.027846432e-01  1.419582504e+00
 3.326810176e-01  4.041627030e-01  1.420558430e+00
 3.346379648e-01  4.055398387e-01  1.421488129e+00
 3.365949119e-01  4.069160964e-01  1.422371614e+00
 3.385518591e-01  4.082915217e-01  1.423209158e+00
 3.405088063e-01  4.096661600e-01  1.424001009e+00
 3.424657534e-01  4.110400559e-01  1.424747409e+00
 3.444227006e-01  4.124132542e-01  1.425448574e+00
 3.463796477e-01  4.137857988e-01  1.426104525e+00
 3.483365949e-01  4.151577340e-01  1.426715529e+00
 3.502935421e-01  4.165291033e-01  1.427281758e+00
 3.522504892e-01  4.178999500e-01  1.427803357e+00
 3.542074364e-01  4.192703173e-01  1.428280641e+00
 3.561643836e-01  4.206402480e-01  1.428713855e+00
 3.581213307e-01  4.220097844e-01  1.429103137e+00
 3.600782779e-01  4.233789687e-01  1.429448627e+00
 3.620352250e-01  4.247478430e-01  1.429750544e+00
 3.639921722e-01  4.261164491e-01  1.430009166e+00
 3.659491194e-01  4.274848283e-01  1.430224770e+00
 3.679060665e-01  4.288530216e-01  1.430397525e+00
 3.698630137e-01  4.302210702e-01  1.430527626e+00
 3.718199609e-01  4.315890147e-01  1.430615319e+00
 3.737769080e-01  4.329568954e-01  1.430660895e+00
 3.757338552e-01  4.343247527e-01  1.430664531e+00
 3.776908023e-01  4.356926264e-01  1.430626419e+00
 3.796477495e-01  4.370605565e-01  1.430546862e+00
 3.816046967e-01  4.384285823e-01  1.430426179e+00
 3.835616438e-01  4.397967431e-01  1.430264585e+00
 3.855185910e-01  4.411650779e-01  1.430062327e+00
 3.874755382e-01  4.425336257e-01  1.429819611e+00
 3.894324853e-01  4.439024251e-01  1.429536604e+00
 3.913894325e-01  4.452715146e-01  1.429213776e+00
 3.933463796e-01  4.466409324e-01  1.428851380e+00
 3.953033268e-01  4.480107165e-01  1.428449677e+00
 3.972602740e-01  4.493809045e-01  1.428008957e+00
 3.992172211e-01  4.507515341e-01  1.427529316e+00
 4.011741683e-01  4.521226429e-01  1.427011055e+00
 4.031311155e-01  4.534942682e-01  1.426454668e+00
 4.050880626e-01  4.548664468e-01  1.425860453e+00
 4.070450098e-01  4.562392154e-01  1.425228680e+00
 4.090019569e-01  4.576126107e-01  1.424559617e+00
 4.109589041e-01  4.589866691e-01  1.423853286e+00
 4.129158513e-01  4.603614272e-01  1.423110179e+00
 4.148727984e-01  4.617369209e-01  1.422330802e+00
 4.168297456e-01  4.631131859e-01  1.421515454e+00
 4.187866928e-01  4.644902578e-01  1.420664418e+00
 4.207436399e-01  4.658681722e-01  1.419777913e+00
 4.227005871e-01  4.672469644e-01  1.418855984e+00
 4.246575342e-01  4.686266697e-01  1.417899269e+00
 4.266144814e-01  4.700073231e-01  1.416908283e+00
 4.285714286e-01  4.713889590e-01  1.415883314e+00
 4.305283757e-01  4.727716120e-01  1.414824618e+00
 4.324853229e-01  4.741553164e-01  1.413732322e+00
 4.344422701e-01  4.755401066e-01  1.412606763e+00
 4.363992172e-01  4.769260167e-01  1.411448542e+00
 4.383561644e-01  4.783130805e-01  1.410258143e+00
 4.403131115e-01  4.797013313e-01  1.409035829e+00
 4.422700587e-01  4.810908026e-01  1.407781856e+00
 4.442270059e-01  4.824815276e-01  1.406496447e+00
 4.461839530e-01  4.838735395e-01  1.405180015e+00
 4.481409002e-01  4.852668714e-01  1.403833127e+00
 4.500978474e-01  4.866615557e-01  1.402456243e+00
 4.520547945e-01  4.880576246e-01  1.401049733e+00
 4.540117417e-01  4.894551105e-01  1.399613701e+00
 4.559686888e-01  4.908540456e-01  1.398148674e+00
 4.579256360e-01  4.922544617e-01  1.396654888e+00
 4.598825832e-01  4.936563906e-01  1.395132987e+00
 4.618395303e-01  4.950598636e-01  1.393583521e+00
 4.637964775e-01  4.964649116e-01  1.392006763e+00
 4.657534247e-01  4.978715659e-01  1.390402756e+00
 4.677103718e-01  4.992798574e-01  1.388772253e+00
 4.696673190e-01  5.006898166e-01  1.387115528e+00
 4.716242661e-01  5.021014739e-01  1.385433212e+00
 4.735812133e-01  5.035148593e-01  1.383725831e+00
 4.755381605e-01  5.049300025e-01  1.381993323e+00
 4.774951076e-01  5.063469336e-01  1.380236380e+00
 4.794520548e-01  5.077656817e-01  1.378455647e+00
 4.814090020e-01  5.091862760e-01  1.376651237e+00
 4.833659491e-01  5.106087455e-01  1.374823820e+00
 4.853228963e-01  5.120331188e-01  1.372973867e+00
 4.872798434e-01  5.134594242e-01  1.371101384e+00
 4.892367906e-01  5.148876902e-01  1.369207394e+00
 4.911937378e-01  5.163179443e-01  1.367292347e+00
 4.931506849e-01  5.177502140e-01  1.365356218e+00
 4.951076321e-01  5.191845269e-01  1.363399884e+00
 4.970645793e-01  5.206209099e-01  1.361423528e+00
 4.990215264e-01  5.220593899e-01  1.359427795e+00
 5.009784736e-01  5.234999933e-01  1.357413472e+00
 5.029354207e-01  5.249427458e-01  1.355380701e+00
 5.048923679e-01  5.263876734e-01  1.353329813e+00
 5.068493151e-01  5.278348017e-01  1.351261517e+00
 5.088062622e-01  5.292841560e-01  1.349176102e+00
 5.107632094e-01  5.307357612e-01  1.347074418e+00
 5.127201566e-01  5.321896414e-01  1.344956996e+00
 5.146771037e-01  5.336458207e-01  1.342824204e+00
 5.166340509e-01  5.351043229e-01  1.340676313e+00
 5.185909980e-01  5.365651716e-01  1.338513736e+00
 5.205479452e-01  5.380283902e-01  1.336337252e+00
 5.225048924e-01  5.394940012e-01  1.334147621e+00
 5.244618395e-01  5.409620265e-01  1.331945434e+00
 5.264187867e-01  5.424324878e-01  1.329731075e+00
 5.283757339e-01  5.439054066e-01  1.327504313e+00
 5.303326810e-01  5.453808047e-01  1.325266001e+00
 5.322896282e-01  5.468587028e-01  1.323017262e+00
 5.342465753e-01  5.483391205e-01  1.320758720e+00
 5.362035225e-01  5.498220772e-01  1.318490870e+00
 5.381604697e-01  5.513075920e-01  1.316213934e+00
 5.401174168e-01  5.527956840e-01  1.313927544e+00
 5.420743640e-01  5.542863725e-01  1.311633470e+00
 5.440313112e-01  5.557796744e-01  1.309332509e+00
 5.459882583e-01  5.572756067e-01  1.307025090e+00
 5.479452055e-01  5.587741857e-01  1.304711732e+00
 5.499021526e-01  5.602754276e-01  1.302392109e+00
 5.518590998e-01  5.617793489e-01  1.300067103e+00
 5.538160470e-01  5.632859647e-01  1.297738078e+00
 5.557729941e-01  5.647952889e-01  1.295405550e+00
 5.577299413e-01  5.663073351e-01  1.293069962e+00
 5.596868885e-01  5.678221166e-01  1.290731370e+00
 5.616438356e-01  5.693396466e-01  1.288390406e+00
 5.636007828e-01  5.708599375e-01  1.286047766e+00
 5.655577299e-01  5.723830008e-01  1.283704546e+00
 5.675146771e-01  5.739088468e-01  1.281361213e+00
 5.694716243e-01  5.754374858e-01  1.279017870e+00
 5.714285714e-01  5.769689278e-01  1.276675043e+00
 5.733855186e-01  5.785031821e-01  1.274333387e+00
 5.753424658e-01  5.800402573e-01  1.271993362e+00
 5.772994129e-01  5.815801615e-01  1.269655610e+00
 5.792563601e-01  5.831229022e-01  1.267320507e+00
 5.812133072e-01  5.846684863e-01  1.264988065e+00
 5.831702544e-01  5.862169209e-01  1.262659058e+00
 5.851272016e-01  5.877682120e-01  1.260333832e+00
 5.870841487e-01  5.893223653e-01  1.258012584e+00
 5.890410959e-01  5.908793863e-01  1.255695771e+00
 5.909980431e-01  5.924392798e-01  1.253383535e+00
 5.929549902e-01  5.940020506e-01  1.251076321e+00
 5.949119374e-01  5.955677028e-01  1.248774499e+00
 5.968688845e-01  5.971362400e-01  1.246478219e+00
 5.988258317e-01  5.987076660e-01  1.244187551e+00
 6.007827789e-01  6.002819841e-01  1.241902775e+00
 6.027397260e-01  6.018591973e-01  1.239624187e+00
 6.046966732e-01  6.034393082e-01  1.237352060e+00
 6.066536204e-01  6.050223190e-01  1.235086528e+00
 6.086105675e-01  6.066082320e-01  1.232827659e+00
 6.105675147e-01  6.081970492e-01  1.230575473e+00
 6.125244618e-01  6.097887724e-01  1.228330182e+00
 6.144814090e-01  6.113834033e-01  1.226092003e+00
 6.164383562e-01  6.129809430e-01  1.223861004e+00
 6.183953033e-01  6.145813929e-01  1.221637215e+00
 6.203522505e-01  6.161847540e-01  1.219420658e+00
 6.223091977e-01  6.177910275e-01  1.217211400e+00
 6.242661448e-01  6.194002141e-01  1.215009497e+00
 6.262230920e-01  6.210123148e-01  1.212814962e+00
 6.281800391e-01  6.226273302e-01  1.210627789e+00
 6.301369863e-01  6.242452611e-01  1.208447985e+00
 6.320939335e-01  6.258661081e-01  1.206275517e+00
 6.340508806e-01  6.274898719e-01  1.204110423e+00
 6.360078278e-01  6.291165530e-01  1.201952607e+00
 6.379647750e-01  6.307461522e-01  1.199801959e+00
 6.399217221e-01  6.323786702e-01  1.197658458e+00
 6.418786693e-01  6.340141078e-01  1.195522065e+00
 6.438356164e-01  6.356524657e-01  1.193392626e+00
 6.457925636e-01  6.372937449e-01  1.191270105e+00
 6.477495108e-01  6.389379463e-01  1.189154389e+00
 6.497064579e-01  6.405850710e-01  1.187045277e+00
 6.516634051e-01  6.422351203e-01  1.184942798e+00
 6.536203523e-01  6.438880954e-01  1.182846691e+00
 6.555772994e-01  6.455439980e-01  1.180756729e+00
 6.575342466e-01  6.472028299e-01  1.178672880e+00
 6.594911937e-01  6.488645929e-01  1.176595036e+00
 6.614481409e-01  6.505292890e-01  1.174523045e+00
 6.634050881e-01  6.521969203e-01  1.172456601e+00
 6.653620352e-01  6.538674897e-01  1.170395490e+00
 6.673189824e-01  6.555409998e-01  1.168339493e+00
 6.692759295e-01  6.572174540e-01  1.166288407e+00
 6.712328767e-01  6.588968555e-01  1.164242459e+00
 6.731898239e-01  6.605792073e-01  1.162201082e+00
 6.751467710e-01  6.622645137e-01  1.160163944e+00
 6.771037182e-01  6.639527789e-01  1.158130852e+00
 6.790606654e-01  6.656440077e-01  1.156101589e+00
 6.810176125e-01  6.673382048e-01  1.154076103e+00
 6.829745597e-01  6.690353754e-01  1.152054095e+00
 6.849315068e-01  6.707355250e-01  1.150035339e+00
 6.868884540e-01  6.724386594e-01  1.148019429e+00
 6.888454012e-01  6.741447851e-01  1.146006151e+00
 6.908023483e-01  6.758539090e-01  1.143995336e+00
 6.927592955e-01  6.775660379e-01  1.141986603e+00
 6.947162427e-01  6.792811798e-01  1.139979592e+00
 6.966731898e-01  6.809993427e-01  1.137974355e+00
 6.986301370e-01  6.827205347e-01  1.135970543e+00
 7.005870841e-01  6.844447646e-01  1.133967960e+00
 7.025440313e-01  6.861720415e-01  1.131966083e+00
 7.045009785e-01  6.879023755e-01  1.129964566e+00
 7.064579256e-01  6.896357770e-01  1.127963175e+00
 7.084148728e-01  6.913722569e-01  1.125961782e+00
 7.103718200e-01  6.931118262e-01  1.123960395e+00
 7.123287671e-01  6.948544961e-01  1.121958574e+00
 7.142857143e-01  6.966002786e-01  1.119955813e+00
 7.162426614e-01  6.983491869e-01  1.117951781e+00
 7.181996086e-01  7.001012341e-01  1.115946305e+00
 7.201565558e-01  7.018564341e-01  1.113939228e+00
 7.221135029e-01  7.036148009e-01  1.111930128e+00
 7.240704501e-01  7.053763493e-01  1.109918979e+00
 7.260273973e-01  7.071410944e-01  1.107905441e+00
 7.279843444e-01  7.089090519e-01  1.105889018e+00
 7.299412916e-01  7.106802385e-01  1.103869530e+00
 7.318982387e-01  7.124546710e-01  1.101846658e+00
 7.338551859e-01  7.142323671e-01  1.099820034e+00
 7.358121331e-01  7.160133452e-01  1.097789336e+00
 7.377690802e-01  7.177976242e-01  1.095754653e+00
 7.397260274e-01  7.195852228e-01  1.093715725e+00
 7.416829746e-01  7.213761609e-01  1.091671912e+00
 7.436399217e-01  7.231704594e-01  1.089622822e+00
 7.455968689e-01  7.249681399e-01  1.087568197e+00
 7.475538160e-01  7.267692245e-01  1.085507853e+00
 7.495107632e-01  7.285737359e-01  1.083441524e+00
 7.514677104e-01  7.303816972e-01  1.081368961e+00
 7.534246575e-01  7.321931325e-01  1.079289973e+00
 7.553816047e-01  7.340080661e-01  1.077203975e+00
 7.573385519e-01  7.358265240e-01  1.075110573e+00
 7.592954990e-01  7.376485325e-01  1.073009626e+00
 7.612524462e-01  7.394741187e-01  1.070900698e+00
 7.632093933e-01  7.413033108e-01  1.068783413e+00
 7.651663405e-01  7.431361374e-01  1.066657376e+00
 7.671232877e-01  7.449726285e-01  1.064522632e+00
 7.690802348e-01  7.468128139e-01  1.062378872e+00
 7.710371820e-01  7.486567247e-01  1.060225269e+00
 7.729941292e-01  7.505043938e-01  1.058061230e+00
 7.749510763e-01  7.523558552e-01  1.055886304e+00
 7.769080235e-01  7.542111442e-01  1.053700063e+00
 7.788649706e-01  7.560702970e-01  1.051501985e+00
 7.808219178e-01  7.579333512e-01  1.049291359e+00
 7.827788650e-01  7.598003465e-01  1.047067312e+00
 7.847358121e-01  7.616713241e-01  1.044829074e+00
 7.866927593e-01  7.635463273e-01  1.042576135e+00
 7.886497065e-01  7.654254004e-01  1.040307828e+00
 7.906066536e-01  7.673085896e-01  1.038023231e+00
 7.925636008e-01  7.691959431e-01  1.035722219e+00
 7.945205479e-01  7.710875093e-01  1.033404955e+00
 7.964774951e-01  7.729833372e-01  1.031070796e+00
 7.984344423e-01  7.748834782e-01  1.028717593e+00
 8.003913894e-01  7.767879859e-01  1.026348570e+00
 8.023483366e-01  7.786969040e-01  1.023971674e+00
 8.043052838e-01  7.806102610e-01  1.021593613e+00
 8.062622309e-01  7.825280777e-01  1.019211973e+00
 8.082191781e-01  7.844503784e-01  1.016835956e+00
 8.101761252e-01  7.863771612e-01  1.014478198e+00
 8.121330724e-01  7.883084023e-01  1.012148062e+00
 8.140900196e-01  7.902440620e-01  1.009857404e+00
 8.160469667e-01  7.921840859e-01  1.007590293e+00
 8.180039139e-01  7.941284544e-01  1.005347583e+00
 8.199608611e-01  7.960771120e-01  1.003175178e+00
 8.219178082e-01  7.980299078e-01  1.001092664e+00
 8.238747554e-01  7.999866812e-01  9.991002167e-01
 8.258317025e-01  8.019472706e-01  9.971959270e-01
 8.277886497e-01  8.039115057e-01  9.954022854e-01
 8.297455969e-01  8.058791576e-01  9.937390814e-01
 8.317025440e-01  8.078499678e-01  9.922167825e-01
 8.336594912e-01  8.098236606e-01  9.908376867e-01
 8.356164384e-01  8.117999553e-01  9.896071681e-01
 8.375733855e-01  8.137785535e-01  9.885346627e-01
 8.395303327e-01  8.157591381e-01  9.876234700e-01
 8.414872798e-01  8.177413894e-01  9.868729438e-01
 8.434442270e-01  8.197249886e-01  9.862843209e-01
 8.454011742e-01  8.217096195e-01  9.858442011e-01
 8.473581213e-01  8.236950037e-01  9.855332722e-01
 8.493150685e-01  8.256809034e-01  9.853263314e-01
 8.512720157e-01  8.276671300e-01  9.852055085e-01
 8.532289628e-01  8.296535203e-01  9.851644095e-01
 8.551859100e-01  8.316399209e-01  9.851935558e-01
 8.571428571e-01  8.336262036e-01  9.852868627e-01
 8.590998043e-01  8.356122697e-01  9.853935089e-01
 8.610567515e-01  8.375981463e-01  9.854611191e-01
 8.630136986e-01  8.395839313e-01  9.854906029e-01
 8.649706458e-01  8.415696967e-01  9.854808995e-01
 8.669275930e-01  8.435555381e-01  9.854090510e-01
 8.688845401e-01  8.455416029e-01  9.852566555e-01
 8.708414873e-01  8.475280675e-01  9.850083791e-01
 8.727984344e-01  8.495151352e-01  9.846570646e-01
 8.747553816e-01  8.515030146e-01  9.842068146e-01
 8.767123288e-01  8.534919054e-01  9.836549253e-01
 8.786692759e-01  8.554820215e-01  9.829935216e-01
 8.806262231e-01  8.574735936e-01  9.822160221e-01
 8.825831703e-01  8.594668647e-01  9.813174634e-01
 8.845401174e-01  8.614620880e-01  9.802942060e-01
 8.864970646e-01  8.634595243e-01  9.791434862e-01
 8.884540117e-01  8.654594407e-01  9.778638830e-01
 8.904109589e-01  8.674621071e-01  9.764562628e-01
 8.923679061e-01  8.694677918e-01  9.749241637e-01
 8.943248532e-01  8.714767584e-01  9.732676227e-01
 8.962818004e-01  8.734892747e-01  9.714889993e-01
 8.982387476e-01  8.755056045e-01  9.695895185e-01
 9.001956947e-01  8.775260136e-01  9.675696297e-01
 9.021526419e-01  8.795507689e-01  9.654324383e-01
 9.041095890e-01  8.815801331e-01  9.631781502e-01
 9.060665362e-01  8.836143707e-01  9.608159723e-01
 9.080234834e-01  8.856537280e-01  9.583487687e-01
 9.099804305e-01  8.876984601e-01  9.557686780e-01
 9.119373777e-01  8.897488446e-01  9.530708268e-01
 9.138943249e-01  8.918051674e-01  9.502564419e-01
 9.158512720e-01  8.938677110e-01  9.473291554e-01
 9.178082192e-01  8.959367475e-01  9.443112219e-01
 9.197651663e-01  8.980125082e-01  9.411973567e-01
 9.217221135e-01  9.000952644e-01  9.379739588e-01
 9.236790607e-01  9.021853095e-01  9.346488948e-01
 9.256360078e-01  9.042829185e-01  9.312196117e-01
 9.275929550e-01  9.063883915e-01  9.276744781e-01
 9.295499022e-01  9.085020496e-01  9.240250865e-01
 9.315068493e-01  9.106241751e-01  9.202994069e-01
 9.334637965e-01  9.127550187e-01  9.164645295e-01
 9.354207436e-01  9.148949475e-01  9.124906595e-01
 9.373776908e-01  9.170443520e-01  9.084215719e-01
 9.393346380e-01  9.192035070e-01  9.042744871e-01
 9.412915851e-01  9.213727291e-01  8.999866314e-01
 9.432485323e-01  9.235525147e-01  8.955134909e-01
 9.452054795e-01  9.257433896e-01  8.909070670e-01
 9.471624266e-01  9.279456646e-01  8.863611928e-01
 9.491193738e-01  9.301593168e-01  8.816806959e-01
 9.510763209e-01  9.323850809e-01  8.767250537e-01
 9.530332681e-01  9.346238406e-01  8.711872576e-01
 9.549902153e-01  9.368765290e-01  8.657728718e-01
 9.569471624e-01  9.391395945e-01  8.658922317e-01
 9.589041096e-01  9.413980705e-01  8.670830122e-01
 9.608610568e-01  9.436563410e-01  8.655781875e-01
 9.628180039e-01  9.459231180e-01  8.604131353e-01
 9.647749511e-01  9.482086928e-01  8.513015081e-01
 9.667318982e-01  9.505240913e-01  8.388100893e-01
 9.686888454e-01  9.528803551e-01  8.210082425e-01
 9.706457926e-01  9.552961694e-01  7.977578364e-01
 9.726027397e-01  9.577880637e-01  7.729020257e-01
 9.745596869e-01  9.603610052e-01  7.484669054e-01
 9.765166341e-01  9.630176132e-01  7.251198685e-01
 9.784735812e-01  9.657583511e-01  7.033208191e-01
 9.804305284e-01  9.685817173e-01  6.833681289e-01
 9.823874755e-01  9.714844353e-01  6.654403135e-01
 9.843444227e-01  9.744616421e-01  6.496309642e-01
 9.863013699e-01  9.775070763e-01  6.359764775e-01
 9.882583170e-01  9.806132628e-01  6.244772391e-01
 9.902152642e-01  9.837716956e-01  6.151133336e-01
 9.921722114e-01  9.869730175e-01  6.078559303e-01
 9.941291585e-01  9.902071959e-01  6.026753554e-01
 9.960861057e-01  9.934636950e-01  5.995467058e-01
 9.980430528e-01  9.967316439e-01  5.987931048e-01
 1.000000000e+00  1.000000000e+00  5.987184856e-01
4  4.897314296e-01  8.011963157e-01  1.015844208e+00  7.636014100e-01  9.535727882e-01  3.773854966e+01  4.008681616e-01  1.003597969e+00  4.543984419e-01  2.866572964e+00
5  6.158017270e-01  1.145614060e+00  1.008788984e+00  6.287744794e-01  9.260274109e-01  2.491969692e+01  3.580104215e-01  1.085583765e+00  6.198850782e-01  2.863578781e+00
6  7.129064713e-01  1.340343737e+00  1.005174792e+00  5.377958669e-01  9.043440831e-01  1.941809055e+01  3.352096048e-01  1.187285953e+00  7.323959370e-01  2.752712163e+00
7  7.941530050e-01  1.541615106e+00  1.002653348e+00  4.720467928e-01  8.966663949e-01  1.656425290e+01  3.208617282e-01  1.304642262e+00  8.180285955e-01  2.621771621e+00
8  8.577625982e-01  2.014339100e+00  1.000955153e+00  4.217207158e-01  9.168133003e-01  1.565010182e+01  3.125036591e-01  1.458285437e+00  8.809100704e-01  2.473600982e+00
9  9.024508254e-01  2.700368116e+00  9.999504748e-01  3.814418262e-01  9.864995350e-01  1.684976205e+01  3.087795900e-01  1.694791229e+00  9.239271679e-01  2.310986638e+00
10  9.426221834e-01  1.703811981e+00  9.995910215e-01  3.496684451e-01  1.118642126e+00  2.021060114e+01  3.089619861e-01  2.007980796e+00  9.599653442e-01  2.171690387e+00
11  9.742392302e-01  4.705540434e+00  9.998971876e-01  3.233103780e-01  1.344673772e+00  2.744744480e+01  3.128707375e-01  2.682737668e+00  9.841998223e-01  2.041108925e+00
12  9.876747010e-01  8.870684024e+00  9.999560181e-01  2.992720620e-01  1.616672416e+00  3.776557480e+01  3.169775087e-01  4.262063894e+00  9.925982698e-01  1.896930801e+00
13  9.954270221e-01  1.663814201e+01  9.999823975e-01  2.731045363e-01  1.835713777e+00  4.548612851e+01  3.226480760e-01  9.371172001e+00  9.972622072e-01  1.764803415e+00
0 0 -1.211049942e-01 -2.209754661e-18
0 1  1.420198862e-02 -6.651366814e-03
0 2 -1.695302451e-02  8.803982563e-03
0 3  2.710763204e-03 -1.023167903e-02
0 4  2.345696532e-03  7.825893715e-03
0 5 -7.600708708e-03 -7.228661191e-05
0 6 -5.149207306e-04 -5.907536950e-03
0 7  4.072284544e-03 -2.685469195e-03
0 8  4.328194874e-03  5.709036271e-04
0 9  3.260265472e-03  1.976815371e-03
1 0 -1.172700492e-01 -5.492231646e-02
1 1 -9.307658198e-02  3.002578726e-17
1 2  8.177030336e-03 -9.394163722e-03
1 3 -1.321711761e-02  1.165302366e-02
1 4 -4.949982893e-03 -1.049944168e-02
1 5  6.735453146e-03  1.578453036e-03
1 6 -2.309430004e-03  6.973315302e-03
1 7 -6.552582058e-03  2.119230030e-03
1 8 -5.932169648e-03 -1.754953172e-03
1 9 -4.402581585e-03 -4.064578375e-03
2 0  1.399861717e-01  7.269710571e-02
2 1 -8.785271399e-02 -1.009294016e-01
2 2 -7.355225186e-02 -2.908308151e-17
2 3  2.771778327e-03 -1.122111942e-02
2 4 -6.856560033e-03  1.174574909e-02
2 5 -1.150244354e-02 -4.733705193e-03
2 6  1.441619718e-03 -6.754730177e-03
2 7  4.904884443e-03 -2.324190877e-04
2 8  3.335055395e-03  3.464958284e-03
2 9  1.433758973e-03  3.597880598e-03
3 0 -2.238357900e-02 -8.448602060e-02
3 1  1.420026104e-01  1.251982337e-01
3 2 -3.768447949e-02 -1.525598352e-01
3 3 -6.026695943e-02  2.771208524e-17
3 4 -2.219024504e-03 -1.288232959e-02
3 5 -6.064897750e-04  8.623245149e-03
3 6 -1.084566275e-02  4.214345789e-03
3 7 -8.827738347e-03 -3.312728773e-03
3 8 -4.730860290e-03 -5.719781231e-03
3 9 -1.434545934e-03 -7.316924185e-03
4 0 -1.936911477e-02  6.462073483e-02
4 1  5.318182928e-02 -1.128043323e-01
4 2  9.322025988e-02  1.596925831e-01
4 3  3.681991799e-02 -2.137544305e-01
4 4 -5.024361749e-02 -3.490146879e-17
4 5 -7.598877059e-03 -1.366950007e-02
4 6  2.838227769e-03  1.103276449e-03
4 7 -1.870992262e-03  6.533813485e-03
4 8 -5.686052105e-03  5.759517735e-03
4 9 -6.019035458e-03  1.620410817e-03
5 0  6.276131517e-02 -5.968920804e-04
5 1 -7.236463783e-02  1.695864849e-02
5 2  1.563846551e-01 -6.435839928e-02
5 3  1.006338765e-02  1.430841249e-01
5 4  1.512406439e-01 -2.720644084e-01
5 5 -4.173436149e-02 -5.487728495e-17
5 6 -1.148921309e-02 -1.145686021e-02
5 7 -4.094826227e-04 -6.425047087e-03
5 8  1.893751602e-03 -1.591007211e-03
5 9  3.637937842e-03 -1.512541591e-03
6 0  4.251853808e-03 -4.878029176e-02
6 1  2.481214883e-02  7.492019103e-02
6 2 -1.959993993e-02 -9.183580389e-02
6 3  1.799603440e-01  6.992796431e-02
6 4 -5.648931965e-02  2.195853928e-02
6 5  2.752938508e-01 -2.745186414e-01
6 6 -3.526466991e-02 -2.345612976e-16
6 7 -1.456480341e-02 -7.800429628e-03
6 8 -7.398558891e-03 -8.580724936e-03
6 9 -3.913281482e-04 -1.045816233e-02
7 0 -3.362606614e-02 -2.217471883e-02
7 1  7.039989994e-02  2.276867054e-02
7 2 -6.668571416e-02 -3.159918043e-03
7 3  1.464772477e-01 -5.496757767e-02
7 4  3.723840669e-02  1.300426564e-01
7 5  9.811642209e-03 -1.539510096e-01
7 6  4.130140294e-01 -2.211967289e-01
7 7 -2.894161528e-02  1.149536103e-16
7 8 -1.574440068e-02 -4.672007585e-03
7 9 -6.882058072e-03 -9.789868761e-03
8 0 -3.573919394e-02  4.714121255e-03
8 1  6.373428764e-02 -1.885493789e-02
8 2 -4.534266879e-02  4.710879947e-02
8 3  7.849840666e-02 -9.490741335e-02
8 4  1.131696400e-01  1.146318283e-01
8 5 -4.537631666e-02 -3.812223678e-02
8 6  2.098008832e-01 -2.433235575e-01
8 7  5.440055963e-01 -1.614287088e-01
8 8 -2.143348484e-02  4.647466242e-18
8 9 -6.416198478e-03 -4.597301907e-03
9 0 -2.692098286e-02  1.632315318e-02
9 1  4.730063665e-02 -4.366918390e-02
9 2 -1.949306699e-02  4.891598159e-02
9 3  2.380319079e-02 -1.214085504e-01
9 4  1.197970162e-01  3.225107780e-02
9 5 -8.716888703e-02 -3.624211650e-02
9 6  1.109688959e-02 -2.965620366e-01
9 7  2.377910840e-01 -3.382626942e-01
9 8  2.993539560e-01 -2.144915743e-01
9 9 -2.107465927e-02 -1.125783431e-16
0 0 -8.783589789e+00  5.018637127e-15
0 1 -8.559212516e-01  6.356919114e-01
0 2  1.606878211e+00 -6.879823147e-01
0 3 -1.387703734e-01  5.440035033e-01
0 4 -6.125667711e-02 -3.702943318e-01
0 5  3.150995380e-01  2.187013236e-02
0 6  3.097721194e-02  2.029795458e-01
0 7 -1.145002817e-01  8.437698228e-02
0 8 -1.224880183e-01 -1.197989838e-01
0 9 -3.212803633e-02 -3.164578780e-02
1 0 -8.559212516e-01 -6.356919114e-01
1 1 -1.170613717e+01 -4.929851314e-15
1 2 -5.804010186e-01  1.479800724e+00
1 3  2.155971243e+00 -1.555019477e+00
1 4  4.179850425e-01  9.543357327e-01
1 5 -4.827611075e-01 -1.865422798e-01
1 6  1.210489585e-01 -3.964809753e-01
1 7  2.488033956e-01 -7.075573118e-02
1 8  1.277844938e-01  2.934164846e-01
1 9  3.447707664e-01  2.590340303e-01
2 0  1.606878211e+00  6.879823147e-01
2 1 -5.804010186e-01 -1.479800724e+00
2 2 -1.505176863e+01 -3.529011227e-15
2 3  1.770645291e-01  2.737072219e+00
2 4  2.015407963e+00 -2.603565712e+00
2 5  1.645148452e+00  7.680739491e-01
2 6 -1.785078940e-01  6.948695541e-01
2 7 -4.131110556e-01  1.041555786e-02
2 8 -7.568360659e-02 -5.968714082e-01
2 9  1.162841308e-01 -2.159851784e-01
3 0 -1.387703734e-01 -5.440035033e-01
3 1  2.155971243e+00  1.555019477e+00
3 2  1.770645291e-01 -2.737072219e+00
3 3 -1.892199353e+01  1.814563287e-14
3 4  1.735767323e+00  4.621944450e+00
3 5  9.829648182e-01 -3.370449618e+00
3 6  2.198829642e+00 -7.661231691e-01
3 7  9.187117410e-01  4.698274408e-01
3 8 -2.667793750e-01  7.422224891e-01
3 9  3.836272362e-01  9.622769012e-01
4 0 -6.125667711e-02  3.702943318e-01
4 1  4.179850425e-01 -9.543357327e-01
4 2  2.015407963e+00  2.603565712e+00
4 3  1.735767323e+00 -4.621944450e+00
4 4 -2.344277068e+01  5.760648471e-14
4 5  4.867187672e+00  7.024067370e+00
4 6 -6.996731730e-01 -1.846738600e+00
4 7  6.503638114e-01 -1.715922803e+00
4 8  2.172827024e+00 -1.059717072e+00
4 9  1.588045789e+00 -2.348428510e-01
5 0  3.150995380e-01 -2.187013236e-02
5 1 -4.827611075e-01  1.865422798e-01
5 2  1.645148452e+00 -7.680739491e-01
5 3  9.829648182e-01  3.370449618e+00
5 4  4.867187672e+00 -7.024067370e+00
5 5 -2.856872705e+01  2.638427081e-13
5 6  8.788592087e+00  7.707095375e+00
5 7 -4.455251619e-01  8.139797301e-01
5 8 -4.843123828e-01 -3.276294374e+00
5 9 -7.245905265e-01 -2.403487382e-01
6 0  3.097721194e-02 -2.029795458e-01
6 1  1.210489585e-01  3.964809753e-01
6 2 -1.785078940e-01 -6.948695541e-01
6 3  2.198829642e+00  7.661231691e-01
6 4 -6.996731730e-01  1.846738600e+00
6 5  8.788592087e+00 -7.707095375e+00
6 6 -3.643804972e+01  1.371875970e-13
6 7  1.266957381e+01  5.886138902e+00
6 8  2.192065530e-01  1.384038038e+00
6 9 -3.058694478e-01  3.935047401e+00
7 0 -1.145002817e-01 -8.437698228e-02
7 1  2.488033956e-01  7.075573118e-02
7 2 -4.131110556e-01 -1.041555786e-02
7 3  9.187117410e-01 -4.698274408e-01
7 4  6.503638114e-01  1.715922803e+00
7 5 -4.455251619e-01 -8.139797301e-01
7 6  1.266957381e+01 -5.886138902e+00
7 7 -5.156954293e+01 -3.320829949e-13
7 8  2.206145908e+01  6.185767895e+00
7 9  5.198943109e+00  8.220951646e+00
8 0 -1.224880183e-01  1.197989838e-01
8 1  1.277844938e-01 -2.934164846e-01
8 2 -7.568360659e-02  5.968714082e-01
8 3 -2.667793750e-01 -7.422224891e-01
8 4  2.172827024e+00  1.059717072e+00
8 5 -4.843123828e-01  3.276294374e+00
8 6  2.192065530e-01 -1.384038038e+00
8 7  2.206145908e+01 -6.185767895e+00
8 8 -5.309115832e+01  2.985254920e-13
8 9  1.420445058e+01  1.017770070e+01
9 0 -3.212803633e-02  3.164578780e-02
9 1  3.447707664e-01 -2.590340303e-01
9 2  1.162841308e-01  2.159851784e-01
9 3  3.836272362e-01 -9.622769012e-01
9 4  1.588045789e+00  2.348428510e-01
9 5 -7.245905265e-01  2.403487382e-01
9 6 -3.058694478e-01 -3.935047401e+00
9 7  5.198943109e+00 -8.220951646e+00
9 8  1.420445058e+01 -1.017770070e+01
9 9 -4.745035197e+01  2.534741813e-13
0  9.461435360e-02  5.438693790e-03 -1.733361919e-01 -4.316640875e-02
1  1.445878621e-01  8.560729778e-03  1.834661849e-01  9.120370320e-02
2  1.899882384e-01  9.997282846e-03 -1.458442098e-01 -1.555963134e-01
3  2.410108798e-01  1.312939271e-02  4.265982818e-02  2.110771263e-01
4  2.875251060e-01  1.339073033e-02  1.232995314e-01 -1.728414213e-01
5  3.188892551e-01  1.431099788e-02 -2.004568247e-01 -4.375661944e-02
6  3.504259098e-01  1.521787564e-02 -4.612026821e-02  1.909624702e-01
7  3.664053955e-01  1.440582884e-02  1.330812569e-01  1.279677200e-01
8  3.524122021e-01  1.221281992e-02  1.713625235e-01  1.566428429e-02
9  1.874210008e-01 -1.271432732e-01  1.512457086e-01 -5.335025465e-02
