13  2.381592778e-07
4 3  3.649360780e-01  1.333333333e+00  7.117974725e-01  5.073176492e-01  2.834399879e+08 -4.606401412e-02  1.556792703e+06  2.543643135e+02  1.386184082e+00  1.593772628e-03 -2.719516008e-02 -4.322837774e-02 -6.532474120e+00 -5.725010129e+00  4.438047943e-03  1.981699708e-03  9.957309598e-01  1.008931596e+00  2.644110427e+00  3.089146294e-01
5 3  4.771511712e-01  1.666666667e+00  6.288699471e-01  5.073176492e-01  2.187938231e+08 -3.734060706e-02  3.273474342e+05  1.784549020e+02  1.309166306e+00  1.668163558e-03 -2.231433241e-02 -3.395353699e-02 -4.199797616e+00 -5.024800880e+00  6.199422397e-03  2.427718389e-03  1.040077049e+00  1.006502725e+00  2.759065446e+00  4.628556345e-01
6 3  5.687561144e-01  2.000000000e+00  5.850589240e-01  5.073176492e-01  1.850203823e+08 -2.742464394e-02  1.886115629e+06  1.420155000e+02  1.342938108e+00  1.931173680e-03 -1.653788549e-02 -2.548368625e-02 -2.814080194e+00 -4.211114083e+00  9.456724337e-03  3.184410794e-03  1.108842897e+00  1.004545348e+00  2.735302945e+00  5.765205616e-01
7 3  6.507235967e-01  2.333333333e+00  5.580929320e-01  5.073176492e-01  1.682171195e+08 -2.184992183e-02  1.530723099e+06  1.198706839e+02  1.402377619e+00  2.261101417e-03 -1.413921702e-02 -2.147630650e-02 -1.987467405e+00 -3.631503935e+00  9.295591483e-03  3.130127515e-03  1.182695653e+00  1.002894910e+00  2.678027308e+00  6.699745877e-01
8 3  7.264524945e-01  2.666666667e+00  5.404257566e-01  5.073176492e-01  1.607931639e+08 -1.723602087e-02  9.515899116e+05  1.062669347e+02  1.461831551e+00  2.564635454e-03 -1.207174623e-02 -1.822971485e-02 -1.401726727e+00 -3.149238646e+00  9.564027341e-03  3.243470332e-03  1.256648701e+00  1.001460798e+00  2.612235007e+00  7.514371913e-01
9 3  7.953059641e-01  3.000000000e+00  5.291743253e-01  5.073176492e-01  1.475373087e+08 -1.554792337e-02  2.055007924e+06  9.396595236e+01  1.467794793e+00  2.663379804e-03 -1.017904886e-02 -1.534950623e-02 -9.910781534e-01 -2.677236290e+00  9.756804622e-03  3.487037517e-03  1.341879876e+00  1.000290630e+00  2.539095236e+00  8.209793723e-01
10 3  8.501310320e-01  3.333333333e+00  5.220168976e-01  5.073176492e-01  1.241697377e+08 -1.225098920e-02  4.766786974e+06  8.129208163e+01  1.345923490e+00  2.308280708e-03 -6.870509417e-03 -1.154638636e-02 -9.519200983e-01 -2.323509572e+00  7.666862565e-03  3.126614775e-03  1.453887525e+00  9.995123013e-01  2.440816180e+00  8.745603677e-01
11 3  8.891715965e-01  3.666666667e+00  5.176142731e-01  5.073176492e-01  1.057495298e+08 -4.720491869e-03  5.639430039e+06  7.029051377e+01  1.216945724e+00  2.168957779e-03  1.432029799e-03 -4.330444103e-03 -3.337235192e-01 -2.996613063e+00  5.001998729e-03  2.304826866e-03  1.622746886e+00  9.990936815e-01  2.319851414e+00  9.121499653e-01
12 3  9.221026158e-01  4.000000000e+00  5.075003812e-01  5.073176492e-01  1.069120752e+08  4.405229461e-04  3.495111235e+06  6.171104966e+01  1.466842392e+00  8.186773559e-03  3.832296681e-02  8.673828338e-03 -1.424104149e+01 -1.128982380e+01  4.484827596e-03  2.189977833e-03  1.848318010e+00  9.989633171e-01  2.205000085e+00  9.422464611e-01
13 3  9.617413838e-01  4.333333333e+00  2.621394354e-01  5.073176492e-01  2.359750221e+07  2.009125771e-02  9.313525317e+05  6.752889747e+01  1.131478454e+00  1.263011450e-02  5.968628851e-02  2.035618816e-02 -3.272677456e+01 -1.343293222e+01  3.949762214e-03  2.651373989e-03  2.099974669e+00  9.997501408e-01  2.124552592e+00  9.754047607e-01
14 3  9.780907339e-01  4.666666667e+00  2.119112810e-01  5.073176492e-01  1.082039917e+07  2.601554525e-02  2.911925559e+05  7.094463233e+01  9.053457233e-01  8.546142266e-03  3.537631867e-02  1.693991355e-02 -1.541643856e+01 -6.721705513e+00  4.227113494e-03  2.610936185e-03  2.815246382e+00  9.998871143e-01  2.006610778e+00  9.865309143e-01
15 3  9.876570351e-01  5.000000000e+00  1.947698817e-01  5.073176492e-01  6.652782647e+06  2.199568830e-02  1.781299441e+05  7.073049250e+01  7.441631906e-01  5.864280860e-03  2.462927088e-02  1.217431445e-02 -1.131028140e+01 -4.392876212e+00  4.180695183e-03  2.372213603e-03  4.107378955e+00  9.999274540e-01  1.891230467e+00  9.925029836e-01
16 3  9.932823746e-01  5.333333333e+00  1.866674840e-01  5.073176492e-01  4.539401207e+06  1.904648769e-02  1.404637838e+05  6.783602881e+01  5.997861209e-01  3.781779408e-03  1.919143242e-02  9.014715234e-03 -9.765378515e+00 -3.399756089e+00  3.826691900e-03  2.062324075e-03  6.380127613e+00  9.999535593e-01  1.783173650e+00  9.959304806e-01
