13  2.341952421e-07
4 3  3.684422654e-01  1.333333333e+00  7.293424051e-01  5.066611224e-01  2.970863973e+08 -4.600133285e-02  1.556616708e+06  2.744493492e+02  1.395574774e+00  1.574907539e-03 -2.817699737e-02 -4.338317380e-02 -6.124130785e+00 -5.631664178e+00  4.445711953e-03  1.993866602e-03  9.962412624e-01  1.008806110e+00  2.663496505e+00  3.099920956e-01
5 3  4.807564652e-01  1.666666667e+00  6.476650740e-01  5.066611224e-01  2.276708716e+08 -3.717227527e-02  3.460681789e+05  1.891558030e+02  1.297047193e+00  1.595661976e-03 -2.287459470e-02 -3.406877716e-02 -4.062350722e+00 -4.934918138e+00  6.200407546e-03  2.423473294e-03  1.041592079e+00  1.006398442e+00  2.773703658e+00  4.646884793e-01
6 3  5.715678038e-01  2.000000000e+00  6.035127114e-01  5.066611224e-01  1.962332304e+08 -2.710853762e-02  1.920830351e+06  1.494120024e+02  1.339122367e+00  1.863354032e-03 -1.642529899e-02 -2.517882745e-02 -2.828166534e+00 -4.154153195e+00  9.439095479e-03  3.173987194e-03  1.110988844e+00  1.004482120e+00  2.742797166e+00  5.775430782e-01
7 3  6.544207554e-01  2.333333333e+00  5.746831979e-01  5.066611224e-01  1.805933787e+08 -2.161574840e-02  1.522974886e+06  1.259143459e+02  1.413369282e+00  2.234125463e-03 -1.379035381e-02 -2.103680701e-02 -2.076446378e+00 -3.595190951e+00  9.321243568e-03  3.129617517e-03  1.183301085e+00  1.002779362e+00  2.687196263e+00  6.724465508e-01
8 3  7.318679710e-01  2.666666667e+00  5.548463807e-01  5.066611224e-01  1.715587118e+08 -1.723208152e-02  9.706472154e+05  1.112484368e+02  1.468804559e+00  2.517206237e-03 -1.180125701e-02 -1.785525936e-02 -1.510079423e+00 -3.098700673e+00  9.617509649e-03  3.264512026e-03  1.256859424e+00  1.001281615e+00  2.625632691e+00  7.559109345e-01
9 3  8.005932364e-01  3.000000000e+00  5.427586137e-01  5.066611224e-01  1.541404359e+08 -1.476684764e-02  2.225301376e+06  9.790681586e+01  1.441661783e+00  2.470512846e-03 -9.647318172e-03 -1.467119294e-02 -8.696000556e-01 -2.684113762e+00  9.629524545e-03  3.440558786e-03  1.347140013e+00  1.000127236e+00  2.550114241e+00  8.249980371e-01
10 3  8.529419368e-01  3.333333333e+00  5.414347951e-01  5.066611224e-01  1.292559848e+08 -9.774060290e-03  4.934042470e+06  8.426152639e+01  1.306881521e+00  1.940475000e-03 -6.825737911e-03 -1.077178590e-02  9.615466683e-01 -2.613461995e+00  7.407873412e-03  3.033868800e-03  1.468505654e+00  9.994002840e-01  2.443396296e+00  8.762356918e-01
11 3  8.902151646e-01  3.666666667e+00  5.522145094e-01  5.066611224e-01  1.132857856e+08 -1.956000224e-03  5.722686502e+06  7.220661966e+01  1.216590261e+00  2.137317321e-03  1.994125474e-03 -3.756352946e-03  2.173967110e+00 -3.833298747e+00  5.000626245e-03  2.297990260e-03  1.649234304e+00  9.989992708e-01  2.317407717e+00  9.120725804e-01
12 3  9.258937398e-01  4.000000000e+00  5.199023540e-01  5.066611224e-01  1.152013078e+08 -2.745929699e-03  3.376460023e+06  6.346552476e+01  1.575887409e+00  1.080110904e-02  4.783129348e-02  1.126508313e-02 -2.538732451e+01 -1.225157505e+01  4.680034700e-03  2.297971884e-03  1.857031285e+00  9.989840563e-01  2.209395339e+00  9.446517915e-01
13 3  9.629245940e-01  4.333333333e+00  2.958666242e-01  5.066611224e-01  2.761815285e+07  2.061223139e-02  9.240920770e+05  6.885086571e+01  1.124381035e+00  1.193266833e-02  5.952378869e-02  1.963268119e-02 -3.380934998e+01 -1.397518072e+01  3.974620095e-03  2.619389436e-03  2.146483903e+00  9.996999585e-01  2.122528721e+00  9.756319455e-01
14 3  9.791653259e-01  4.666666667e+00  2.347643981e-01  5.066611224e-01  1.233275774e+07  2.471243642e-02  2.865679689e+05  7.242801774e+01  8.991252866e-01  8.643960836e-03  3.620580829e-02  1.513980604e-02 -2.047704977e+01 -7.533012197e+00  4.272781172e-03  2.579846713e-03  2.889676551e+00  9.998631120e-01  2.004488233e+00  9.868595819e-01
15 3  9.885367535e-01  5.000000000e+00  2.105636830e-01  5.066611224e-01  7.188537259e+06  2.108879638e-02  1.761992773e+05  7.235707821e+01  7.310180213e-01  6.003024256e-03  2.487376421e-02  1.026388073e-02 -1.611976730e+01 -5.008046755e+00  4.192077559e-03  2.334434587e-03  4.242772276e+00  9.999233179e-01  1.888875061e+00  9.928468409e-01
16 3  9.944046191e-01  5.333333333e+00  1.979562707e-01  5.066611224e-01  4.675498935e+06  1.816596272e-02  1.371622280e+05  6.998214700e+01  5.871160985e-01  3.919174093e-03  1.873397102e-02  7.006174366e-03 -1.407254437e+01 -3.793240576e+00  3.844568591e-03  2.033074498e-03  7.256145724e+00  9.999598888e-01  1.781396951e+00  9.965157393e-01
