13  2.329513802e-07
4 3  3.695729995e-01  1.333333333e+00  7.367515753e-01  5.067180796e-01  2.998135232e+08 -4.576119469e-02  1.540416254e+06  2.777096375e+02  1.395855024e+00  1.571010696e-03 -2.828789470e-02 -4.327888827e-02 -5.947544700e+00 -5.677702805e+00  4.445948119e-03  1.995360880e-03  9.961675432e-01  1.008776495e+00  2.668643336e+00  3.111774904e-01
5 3  4.820074771e-01  1.666666667e+00  6.559732895e-01  5.067180796e-01  2.293485006e+08 -3.688864215e-02  3.595355210e+05  1.909173995e+02  1.295165634e+00  1.587632542e-03 -2.285520049e-02 -3.388653515e-02 -3.995066788e+00 -4.925581367e+00  6.233866391e-03  2.431047235e-03  1.041882919e+00  1.006329717e+00  2.777662046e+00  4.661602184e-01
6 3  5.728045323e-01  2.000000000e+00  6.118047283e-01  5.067180796e-01  1.982912326e+08 -2.689778499e-02  1.942072541e+06  1.506674534e+02  1.338027928e+00  1.854480990e-03 -1.636708990e-02 -2.500906948e-02 -2.817613545e+00 -4.129552165e+00  9.444387106e-03  3.174922868e-03  1.111533361e+00  1.004407676e+00  2.745494352e+00  5.790215839e-01
7 3  6.557285041e-01  2.333333333e+00  5.825449647e-01  5.067180796e-01  1.829220179e+08 -2.145115340e-02  1.512638130e+06  1.269911938e+02  1.412541704e+00  2.221378570e-03 -1.369501288e-02 -2.085799038e-02 -2.097334102e+00 -3.564006896e+00  9.310841582e-03  3.122254422e-03  1.183999817e+00  1.002703617e+00  2.689390959e+00  6.740205564e-01
8 3  7.331098448e-01  2.666666667e+00  5.621514111e-01  5.067180796e-01  1.738313503e+08 -1.715727076e-02  9.790616527e+05  1.121881572e+02  1.465198089e+00  2.487250213e-03 -1.170426172e-02 -1.769301266e-02 -1.549310239e+00 -3.064616742e+00  9.612094720e-03  3.263278626e-03  1.258261102e+00  1.001215722e+00  2.627012030e+00  7.573210584e-01
9 3  8.014163867e-01  3.000000000e+00  5.496555630e-01  5.067180796e-01  1.561162820e+08 -1.455534210e-02  2.268656075e+06  9.865087784e+01  1.434408622e+00  2.419596113e-03 -9.475409369e-03 -1.444564203e-02 -8.817912539e-01 -2.663445444e+00  9.594402154e-03  3.426346192e-03  1.349988289e+00  1.000082590e+00  2.549804669e+00  8.258388678e-01
10 3  8.532677873e-01  3.333333333e+00  5.488923489e-01  5.067180796e-01  1.312889203e+08 -9.358107932e-03  4.978488946e+06  8.485203889e+01  1.300749061e+00  1.878931510e-03 -6.713470442e-03 -1.054440563e-02  1.186229893e+00 -2.642119567e+00  7.365755745e-03  3.016495370e-03  1.473050766e+00  9.993716435e-01  2.441561731e+00  8.765251377e-01
11 3  8.902592564e-01  3.666666667e+00  5.616127562e-01  5.067180796e-01  1.154596215e+08 -1.585195584e-03  5.755193359e+06  7.264385919e+01  1.214631391e+00  2.114361510e-03  2.076886223e-03 -3.663618556e-03  2.535578631e+00 -3.962411314e+00  4.995299666e-03  2.292353721e-03  1.655795036e+00  9.989774859e-01  2.314913937e+00  9.120532969e-01
12 3  9.258715566e-01  4.000000000e+00  5.281533179e-01  5.067180796e-01  1.172339316e+08 -2.581443734e-03  3.402191421e+06  6.384043944e+01  1.574100859e+00  1.071980626e-02  4.795996337e-02  1.136534893e-02 -2.562713382e+01 -1.227706960e+01  4.679339572e-03  2.293533730e-03  1.864198209e+00  9.989734116e-01  2.206880220e+00  9.445636639e-01
13 3  9.629720027e-01  4.333333333e+00  3.031490724e-01  5.067180796e-01  2.863139427e+07  2.042536688e-02  9.309492388e+05  6.922762448e+01  1.128042295e+00  1.194533577e-02  5.991621780e-02  1.952846049e-02 -3.472863311e+01 -1.415839278e+01  3.987313577e-03  2.618388165e-03  2.152939778e+00  9.996889527e-01  2.120266920e+00  9.756129792e-01
14 3  9.792778426e-01  4.666666667e+00  2.384413193e-01  5.067180796e-01  1.263061141e+07  2.457222932e-02  2.870521064e+05  7.295841860e+01  8.996951272e-01  8.683061816e-03  3.647788216e-02  1.492353863e-02 -2.154940566e+01 -7.680116196e+00  4.285304922e-03  2.577445674e-03  2.898415710e+00  9.998595706e-01  2.002498672e+00  9.869019412e-01
15 3  9.886417973e-01  5.000000000e+00  2.126227253e-01  5.067180796e-01  7.287355872e+06  2.105584039e-02  1.765519234e+05  7.294526457e+01  7.296893371e-01  6.024993831e-03  2.504031380e-02  1.006905644e-02 -1.702714964e+01 -5.111399589e+00  4.197665048e-03  2.330015415e-03  4.258597911e+00  9.999230413e-01  1.886990096e+00  9.928958334e-01
16 3  9.945894226e-01  5.333333333e+00  1.989772358e-01  5.067180796e-01  4.687841220e+06  1.812656165e-02  1.369816663e+05  7.070360501e+01  5.848869577e-01  3.929683599e-03  1.874727183e-02  6.792179182e-03 -1.483464769e+01 -3.850266096e+00  3.848865783e-03  2.028362370e-03  7.448917694e+00  9.999612945e-01  1.779763845e+00  9.966227182e-01
