12  2.190188521e-07
4 3  3.809265617e-01  1.333333333e+00  8.075242049e-01  5.047462081e-01  3.357761628e+08 -4.045501095e-02  1.453448428e+06  3.003720420e+02  1.396446777e+00  1.477893715e-03 -2.584366757e-02 -3.880041925e-02 -4.272014390e+00 -5.989818092e+00  4.485535669e-03  2.001652662e-03  9.926168873e-01  1.010095893e+00  2.668938956e+00  3.189382531e-01
5 3  4.987504032e-01  1.666666667e+00  7.344757283e-01  5.047462081e-01  2.506813685e+08 -3.118090116e-02  4.987568035e+05  2.006046667e+02  1.309841755e+00  1.643368533e-03 -1.867863018e-02 -2.884083010e-02 -3.290659305e+00 -5.319559246e+00  6.728528279e-03  2.550088777e-03  1.041871754e+00  1.007078270e+00  2.787220006e+00  4.797633157e-01
6 3  5.948568706e-01  2.000000000e+00  6.884875366e-01  5.047462081e-01  2.096647021e+08 -2.220454347e-02  2.134386683e+06  1.595038710e+02  1.347078109e+00  2.001110604e-03 -1.241047658e-02 -2.065659719e-02 -2.613320183e+00 -4.487189899e+00  9.590417250e-03  3.223389780e-03  1.114198014e+00  1.004790972e+00  2.763959825e+00  5.986158470e-01
7 3  6.813019403e-01  2.333333333e+00  6.547867914e-01  5.047462081e-01  1.855879554e+08 -1.715755096e-02  1.333340415e+06  1.335446922e+02  1.404106595e+00  2.415456134e-03 -9.692484454e-03 -1.664365228e-02 -2.177174071e+00 -3.831095998e+00  9.284325370e-03  3.082328514e-03  1.191804204e+00  1.002837977e+00  2.708115156e+00  6.971663180e-01
8 3  7.584996538e-01  2.666666667e+00  6.293953802e-01  5.047462081e-01  1.682538643e+08 -1.287847577e-02  1.206325514e+06  1.162187680e+02  1.415774370e+00  2.610151394e-03 -6.893679343e-03 -1.285993026e-02 -1.854686980e+00 -3.277486263e+00  9.632719449e-03  3.309995649e-03  1.278706072e+00  1.001334027e+00  2.634141767e+00  7.794602571e-01
9 3  8.235654721e-01  3.000000000e+00  6.110075279e-01  5.047462081e-01  1.481231880e+08 -9.826348950e-03  3.247019252e+06  1.012202454e+02  1.383166512e+00  2.605195703e-03 -3.928133587e-03 -9.195178936e-03 -1.616871470e+00 -2.838840918e+00  9.290561459e-03  3.389568082e-03  1.390332675e+00  1.000325455e+00  2.539754343e+00  8.443350188e-01
10 3  8.737673457e-01  3.333333333e+00  5.981001763e-01  5.047462081e-01  1.248233772e+08 -7.190754116e-03  6.060918878e+06  8.829606733e+01  1.271950035e+00  2.337645618e-03 -1.135362139e-03 -6.323034122e-03 -1.527002252e+00 -2.710555735e+00  6.343477612e-03  2.773434312e-03  1.541707183e+00  9.996724020e-01  2.423529347e+00  8.930585074e-01
11 3  9.100414179e-01  3.666666667e+00  5.898346554e-01  5.047462081e-01  1.075151395e+08  6.602309618e-04  5.156704158e+06  7.748290762e+01  1.166542565e+00  2.237903226e-03  7.170314064e-03  8.559232785e-04 -1.259484099e+00 -3.327658835e+00  4.261835516e-03  2.000643658e-03  1.770091450e+00  9.992470682e-01  2.293697419e+00  9.278964989e-01
12 3  9.397677236e-01  4.000000000e+00  5.658779383e-01  5.047462081e-01  1.113485185e+08  1.136752248e-02  2.481712562e+06  7.052094820e+01  1.369727393e+00  7.398328945e-03  4.422186715e-02  1.370939617e-02 -1.669964514e+01 -1.227897739e+01  4.185380853e-03  2.114761070e-03  2.086641825e+00  9.990373196e-01  2.170779746e+00  9.549522234e-01
13 3  9.763301931e-01  4.333333333e+00  2.488220205e-01  5.047462081e-01  1.795797056e+07  2.653995895e-02  3.870118834e+05  8.611137732e+01  9.794630775e-01  1.086015123e-02  5.091517518e-02  1.544675232e-02 -2.869319690e+01 -1.412101574e+01  4.315237021e-03  2.647068778e-03  2.519242633e+00  9.998456457e-01  2.083440477e+00  9.843596661e-01
14 3  9.878952725e-01  4.666666667e+00  2.165152322e-01  5.047462081e-01  7.861376959e+06  1.959189382e-02  1.971242689e+05  8.678037561e+01  7.285100570e-01  6.233054126e-03  2.540531770e-02  9.166598893e-03 -1.174494435e+01 -6.898724516e+00  4.180402531e-03  2.352302329e-03  3.727871462e+00  9.999034609e-01  1.957652995e+00  9.921281105e-01
15 3  9.938502431e-01  5.000000000e+00  2.071141738e-01  5.047462081e-01  4.790807973e+06  1.563709675e-02  1.503969526e+05  8.280833486e+01  5.639384194e-01  3.657166719e-03  1.697625958e-02  5.718005260e-03 -8.733713786e+00 -4.550241222e+00  3.762222212e-03  2.011499184e-03  6.032137424e+00  9.999288362e-01  1.838203345e+00  9.960113503e-01
