11  2.208585669e-07
4 3  4.055954802e-01  1.333333333e+00  7.403863513e-01  5.076352007e-01  3.148386582e+08 -3.254171920e-02  8.651999778e+05  3.065462891e+02  1.406304297e+00  1.622342963e-03 -1.835191007e-02 -3.038950177e-02 -4.353630519e+00 -5.670973731e+00  4.782287762e-03  2.100128520e-03  9.939136539e-01  1.013707008e+00  2.691056816e+00  3.480308804e-01
5 3  5.338164067e-01  1.666666667e+00  6.653691319e-01  5.076352007e-01  2.239625418e+08 -2.350402866e-02  1.077748308e+06  2.122387373e+02  1.310585515e+00  1.766084641e-03 -1.277883240e-02 -2.148788790e-02 -2.741175491e+00 -4.947290163e+00  8.410451569e-03  2.982062286e-03  1.049136055e+00  1.008359518e+00  2.818477799e+00  5.215495442e-01
6 3  6.339493572e-01  2.000000000e+00  6.280354264e-01  5.076352007e-01  1.794746237e+08 -1.846435446e-02  1.966431177e+06  1.678386543e+02  1.307563343e+00  1.989854413e-03 -1.090532289e-02 -1.763063425e-02 -1.816184854e+00 -4.088023116e+00  9.470669595e-03  3.189035407e-03  1.132023712e+00  1.005255353e+00  2.780718413e+00  6.434079369e-01
7 3  7.172700516e-01  2.333333333e+00  6.066386894e-01  5.076352007e-01  1.582837034e+08 -1.080071456e-02  1.052166413e+06  1.371772931e+02  1.320083938e+00  2.187867470e-03 -5.847578475e-03 -1.149486492e-02 -1.322524007e+00 -3.493884697e+00  9.281615657e-03  3.077807893e-03  1.227427874e+00  1.003228579e+00  2.691298419e+00  7.360712107e-01
8 3  7.892776951e-01  2.666666667e+00  5.918414847e-01  5.076352007e-01  1.470532399e+08 -8.222741743e-03  1.891506015e+06  1.186443942e+02  1.350729860e+00  2.435457482e-03 -3.221250368e-03 -8.268983476e-03 -1.240116061e+00 -3.020297770e+00  9.674638295e-03  3.383341250e-03  1.334683784e+00  1.001676989e+00  2.587288407e+00  8.112604471e-01
9 3  8.503058491e-01  3.000000000e+00  5.776446513e-01  5.076352007e-01  1.275108884e+08 -8.267941583e-03  5.013040309e+06  1.044436697e+02  1.301790562e+00  2.438794492e-03 -2.801509492e-03 -7.645014169e-03 -1.433926612e+00 -2.705606516e+00  7.934989973e-03  3.181025362e-03  1.464613829e+00  1.000469067e+00  2.474649099e+00  8.724834631e-01
10 3  8.957409176e-01  3.333333333e+00  5.770939431e-01  5.076352007e-01  1.089120555e+08  8.872534469e-04  5.841394819e+06  8.994238378e+01  1.189162901e+00  1.694641118e-03  2.049320046e-03 -9.845082954e-04  2.209159051e+00 -2.689504479e+00  4.868717925e-03  2.249094993e-03  1.661923435e+00  9.996599862e-01  2.344293725e+00  9.173292790e-01
11 3  9.398684180e-01  3.666666667e+00  5.188682300e-01  5.076352007e-01  1.179385215e+08 -8.109583973e-04  2.163579056e+06  7.909172811e+01  1.701213853e+00  1.850988994e-02  7.198309457e-02  1.713135499e-02 -5.806257803e+01 -1.718873262e+01  5.154610217e-03  2.614531355e-03  1.877356599e+00  9.994276577e-01  2.235646006e+00  9.577281983e-01
12 3  9.706245131e-01  4.000000000e+00  2.935605053e-01  5.076352007e-01  2.265351975e+07  1.535141563e-02  5.030774201e+05  9.065405479e+01  9.524444998e-01  8.718188152e-03  3.806667185e-02  1.014921351e-02 -1.784227055e+01 -1.301686358e+01  4.310564647e-03  2.598081484e-03  2.437957480e+00  9.998716001e-01  2.117344600e+00  9.819695110e-01
13 3  9.843503952e-01  4.333333333e+00  2.549735800e-01  5.076352007e-01  1.028461735e+07  1.020069337e-02  2.212609309e+05  9.073368343e+01  7.586205846e-01  6.547434554e-03  1.917548212e-02  3.274812913e-03 -1.571865172e+01 -6.865350742e+00  4.487881066e-03  2.437844128e-03  3.710305154e+00  9.999208848e-01  1.982208391e+00  9.906562597e-01
14 3  9.919311482e-01  4.666666667e+00  2.360389831e-01  5.076352007e-01  5.922256744e+06  8.218982493e-03  1.590637886e+05  8.742715588e+01  5.979931433e-01  4.252486719e-03  1.251108103e-02  9.636174832e-04 -1.423266913e+01 -4.586060592e+00  4.148171695e-03  2.126089695e-03  6.152112030e+00  9.999486005e-01  1.854848624e+00  9.952107201e-01
