11  2.180937806e-07
4 3  4.223252165e-01  1.333333333e+00  7.568692742e-01  5.076629988e-01  3.077681713e+08 -3.056682302e-02  5.739532011e+05  3.261031266e+02  1.378008805e+00  1.676759946e-03 -1.696697465e-02 -2.864420612e-02 -4.035259819e+00 -6.147122577e+00  4.942783116e-03  2.135073331e-03  9.943537888e-01  1.014842887e+00  2.712889744e+00  3.662274168e-01
5 3  5.506183374e-01  1.666666667e+00  6.815463175e-01  5.076629988e-01  2.165993218e+08 -2.268148471e-02  1.440498907e+06  2.316030691e+02  1.291844492e+00  1.776155038e-03 -1.284288521e-02 -2.067362874e-02 -2.827524926e+00 -4.530765261e+00  8.953123247e-03  3.110236384e-03  1.053459385e+00  1.008967689e+00  2.813223486e+00  5.380609287e-01
6 3  6.515381491e-01  2.000000000e+00  6.391574176e-01  5.076629988e-01  1.790489184e+08 -1.720695011e-02  1.810296070e+06  1.806974674e+02  1.300265683e+00  1.964244245e-03 -1.017809888e-02 -1.611935004e-02 -2.115725396e+00 -3.518004780e+00  9.374146440e-03  3.158871287e-03  1.136154901e+00  1.005466039e+00  2.764409103e+00  6.594466925e-01
7 3  7.380151748e-01  2.333333333e+00  6.116115265e-01  5.076629988e-01  1.647762996e+08 -1.121418862e-02  1.045052503e+06  1.483993306e+02  1.339609089e+00  2.151057971e-03 -6.629514378e-03 -1.141047285e-02 -1.556690867e+00 -2.874116813e+00  9.539318417e-03  3.209556866e-03  1.226076053e+00  1.003031405e+00  2.677491447e+00  7.551933114e-01
8 3  8.126234401e-01  2.666666667e+00  5.987892492e-01  5.076629988e-01  1.499942288e+08 -7.191769095e-03  2.700621532e+06  1.284920732e+02  1.313226269e+00  1.923693536e-03 -4.491790156e-03 -7.900923158e-03 -5.425011961e-02 -2.456912436e+00  9.475596189e-03  3.374325089e-03  1.331509936e+00  1.001198679e+00  2.574933015e+00  8.322171220e-01
9 3  8.680180882e-01  3.000000000e+00  6.131895782e-01  5.076629988e-01  1.299872360e+08 -3.402426071e-04  5.974200072e+06  1.093230464e+02  1.197782534e+00  1.205083691e-03 -1.054300866e-03 -2.759089757e-03  2.957977238e+00 -2.312499024e+00  6.582981442e-03  2.809233473e-03  1.475869884e+00  9.999625920e-01  2.441835079e+00  8.881275352e-01
10 3  9.117072499e-01  3.333333333e+00  5.977420149e-01  5.076629988e-01  1.292832669e+08 -5.616213913e-03  5.013420042e+06  9.243692967e+01  1.316395617e+00  4.878917040e-03  2.120445153e-02  4.147719630e-03 -1.507865722e+01 -5.774141208e+00  4.678939491e-03  2.192288330e-03  1.686758019e+00  9.992863936e-01  2.306703058e+00  9.304054349e-01
11 3  9.571065991e-01  3.666666667e+00  3.447276170e-01  5.076629988e-01  3.804747595e+07  1.489618681e-02  1.522831152e+06  9.175278245e+01  1.092536323e+00  1.070176335e-02  6.611638589e-02  1.767591245e-02 -3.425400550e+01 -2.096980060e+01  3.848856125e-03  2.433384145e-03  1.998738720e+00  9.997033639e-01  2.202343657e+00  9.707852660e-01
12 3  9.777954014e-01  4.000000000e+00  2.506835482e-01  5.076629988e-01  1.311953353e+07  2.522271394e-02  3.392821022e+05  1.010620417e+02  8.571926677e-01  8.393988538e-03  3.848563788e-02  1.681618331e-02 -1.978733879e+01 -9.652588790e+00  4.185798044e-03  2.574087288e-03  2.810439963e+00  9.998909035e-01  2.062840602e+00  9.858550867e-01
13 3  9.889540258e-01  4.333333333e+00  2.177371272e-01  5.076629988e-01  6.780426921e+06  2.154769515e-02  1.869767756e+05  1.028302902e+02  6.732209806e-01  5.498438433e-03  2.479108978e-02  1.160082929e-02 -1.502246694e+01 -5.543348714e+00  4.111847491e-03  2.315198428e-03  4.427527240e+00  9.999486490e-01  1.926002105e+00  9.930656545e-01
14 3  9.956719573e-01  4.666666667e+00  2.017260408e-01  5.076629988e-01  4.056090911e+06  1.803050059e-02  1.407826030e+05  9.998161281e+01  5.173179923e-01  3.247170019e-03  1.741308886e-02  7.636269365e-03 -1.285838093e+01 -3.802190644e+00  3.688471763e-03  1.964046438e-03  9.225864457e+00  9.999793624e-01  1.800634579e+00  9.972889087e-01
