10  2.273519095e-07
4 3  4.316472121e-01  1.333333333e+00  7.065698037e-01  5.076515802e-01  2.915760214e+08 -3.543181196e-02  4.639002801e+05  3.198587272e+02  1.381244331e+00  1.757109181e-03 -2.037874979e-02 -3.241860788e-02 -4.677315067e+00 -5.807898350e+00  5.030693140e-03  2.167695416e-03  9.955945252e-01  1.015136418e+00  2.744471012e+00  3.729356034e-01
5 3  5.609841364e-01  1.666666667e+00  6.288173247e-01  5.076515802e-01  2.029496166e+08 -2.512752844e-02  1.562985995e+06  2.283175718e+02  1.284576037e+00  1.824769233e-03 -1.486714201e-02 -2.304926559e-02 -2.945809027e+00 -4.564832319e+00  9.178314391e-03  3.162760875e-03  1.056264830e+00  1.008994122e+00  2.836184650e+00  5.470581449e-01
6 3  6.641773181e-01  2.000000000e+00  5.886476107e-01  5.076515802e-01  1.688508014e+08 -1.912507697e-02  1.578604803e+06  1.781084317e+02  1.310796381e+00  2.093140849e-03 -1.188898696e-02 -1.809723643e-02 -2.005069192e+00 -3.666932683e+00  9.346667062e-03  3.150561879e-03  1.137876872e+00  1.005232003e+00  2.787817796e+00  6.721510121e-01
7 3  7.528933654e-01  2.333333333e+00  5.647101899e-01  5.076515802e-01  1.499243308e+08 -1.182103387e-02  1.084622430e+06  1.431831773e+02  1.329062933e+00  2.256141101e-03 -6.934193664e-03 -1.189359407e-02 -1.393740634e+00 -3.007442967e+00  9.616623872e-03  3.282271096e-03  1.229916958e+00  1.002662186e+00  2.701813430e+00  7.707990069e-01
8 3  8.258972166e-01  2.666666667e+00  5.522329736e-01  5.076515802e-01  1.313885381e+08 -7.422567473e-03  3.226153095e+06  1.228620816e+02  1.275664318e+00  2.063564533e-03 -3.851213146e-03 -7.826798039e-03 -5.816805394e-01 -2.564655351e+00  9.134092109e-03  3.338238305e-03  1.348387724e+00  1.000923747e+00  2.588822640e+00  8.455101286e-01
9 3  8.781922771e-01  3.000000000e+00  5.554007043e-01  5.076515802e-01  1.118858039e+08 -1.915192457e-03  6.001372580e+06  1.069058364e+02  1.145629217e+00  1.417133376e-03 -1.282681489e-03 -3.893435956e-03  1.619988295e+00 -2.350867926e+00  5.845108368e-03  2.601619596e-03  1.518619523e+00  9.998620486e-01  2.444288577e+00  8.973598093e-01
10 3  9.160358874e-01  3.333333333e+00  5.528875956e-01  5.076515802e-01  1.088989999e+08 -4.599564306e-04  4.465407092e+06  9.263176904e+01  1.139639555e+00  2.464662738e-03  1.206999009e-02  3.985562889e-03 -8.210470674e+00 -2.144783029e+00  4.122155624e-03  1.957337690e-03  1.782618605e+00  9.993097033e-01  2.293389830e+00  9.339171657e-01
11 3  9.565151964e-01  3.666666667e+00  3.612542830e-01  5.076515802e-01  8.338083455e+07  1.121106007e-02  1.517360803e+06  8.752783397e+01  1.368613152e+00  1.296677860e-02  9.645322426e-02  1.687355710e-02 -4.187290830e+01 -3.104050636e+01  4.400000693e-03  2.590920729e-03  2.112394869e+00  9.995242974e-01  2.177498352e+00  9.702503977e-01
12 3  9.810811071e-01  4.000000000e+00  2.344060073e-01  5.076515802e-01  1.020171456e+07  2.777595949e-02  2.666431076e+05  9.732992516e+01  8.290121329e-01  9.955319505e-03  4.195886898e-02  1.672286132e-02 -2.289621105e+01 -1.121023662e+01  4.289739059e-03  2.598253790e-03  2.975221920e+00  9.998822912e-01  2.048037163e+00  9.880458867e-01
13 3  9.910113113e-01  4.333333333e+00  2.028180715e-01  5.076515802e-01  5.133819570e+06  2.441755604e-02  1.634991698e+05  9.882232017e+01  6.224638125e-01  5.078419883e-03  2.424582850e-02  1.241616328e-02 -1.742183031e+01 -4.514160088e+00  4.005232734e-03  2.245236693e-03  4.870821599e+00  9.999440839e-01  1.909748881e+00  9.943802547e-01
