10  2.062834200e-07
4 3  4.671013814e-01  1.333333333e+00  7.463859895e-01  5.053383120e-01  3.756032890e+08 -2.576704584e-02  1.779334748e+05  4.370291310e+02  1.387951323e+00  1.497128311e-03 -1.497947639e-02 -2.374795113e-02 -3.506465920e+00 -4.866497624e+00  5.649001095e-03  2.338785672e-03  9.925823701e-01  1.015793424e+00  2.828340283e+00  4.129697507e-01
5 3  6.080855540e-01  1.666666667e+00  6.648156409e-01  5.053383120e-01  2.489151321e+08 -1.578700258e-02  2.275660777e+06  2.950115727e+02  1.266704504e+00  1.716889621e-03 -6.493121322e-03 -1.404658368e-02 -2.534770308e+00 -5.092911920e+00  9.735144128e-03  3.254507955e-03  1.062925204e+00  1.007845976e+00  2.922563460e+00  6.023526620e-01
6 3  7.103792163e-01  2.000000000e+00  6.209684735e-01  5.053383120e-01  1.899170731e+08 -8.934017512e-03  1.184491404e+06  2.274602022e+02  1.221552489e+00  1.865011804e-03 -1.768787687e-03 -8.160568591e-03 -1.974040353e+00 -4.454571435e+00  8.982171864e-03  2.961732306e-03  1.163844822e+00  1.004150328e+00  2.834737393e+00  7.237685290e-01
7 3  7.898947132e-01  2.333333333e+00  5.932587250e-01  5.053383120e-01  1.641107016e+08 -4.307167090e-03  1.950908445e+06  1.843670814e+02  1.226961693e+00  2.041911832e-03  1.739255633e-03 -3.888901012e-03 -1.674455101e+00 -3.848989377e+00  9.316904477e-03  3.246015950e-03  1.285844139e+00  1.002204757e+00  2.696514307e+00  8.094906563e-01
8 3  8.585557738e-01  2.666666667e+00  5.738665052e-01  5.053383120e-01  1.398911974e+08 -4.225285216e-03  5.532326489e+06  1.553917873e+02  1.215837585e+00  2.085495838e-03  9.163546568e-04 -3.811351995e-03 -8.502828428e-01 -3.388463153e+00  7.608971038e-03  3.088400974e-03  1.446877807e+00  1.000868673e+00  2.561124697e+00  8.756309225e-01
9 3  9.047079683e-01  3.000000000e+00  6.116687776e-01  5.053383120e-01  1.067575429e+08  1.248918730e-02  6.027580506e+06  1.280148578e+02  9.999174410e-01  1.503076672e-03 -3.341151229e-03  1.181741072e-03  1.633738962e+01 -3.195401600e+00  4.330723903e-03  2.013164551e-03  1.700973226e+00  9.999748280e-01  2.396790506e+00  9.198789312e-01
10 3  9.294300725e-01  3.333333333e+00  7.332505679e-01  5.053383120e-01  9.468497878e+07  2.166753728e-02  3.944920555e+06  1.056511375e+02  8.345886414e-01  1.364497346e-03  1.088943901e-03  8.429279905e-03  2.269261017e+01 -2.129244081e+00  3.197956384e-03  1.546461728e-03  2.220245195e+00  9.994600114e-01  2.214915921e+00  9.430613929e-01
11 3  9.695380984e-01  3.666666667e+00  4.143036984e-01  5.053383120e-01  1.206635111e+08  2.524345287e-02  8.378267185e+05  1.104405113e+02  1.446847492e+00  1.351899406e-02  1.048070422e-01  1.866676123e-02 -5.330399109e+01 -3.335725437e+01  4.970512447e-03  2.849610568e-03  2.401139307e+00  9.995838036e-01  2.100711954e+00  9.778605506e-01
12 3  9.891927294e-01  4.000000000e+00  2.779057083e-01  5.053383120e-01  1.095408031e+07  2.344476276e-02  2.061439040e+05  1.163198789e+02  6.718633881e-01  7.318982581e-03  4.937334744e-02  9.469483407e-03 -2.387422778e+01 -2.108123996e+01  4.059208198e-03  2.208092826e-03  3.793993156e+00  9.998994979e-01  1.965310262e+00  9.923644931e-01
13 3  9.957811810e-01  4.333333333e+00  2.513602707e-01  5.053383120e-01  4.235510907e+06  2.075689343e-02  1.499723617e+05  1.106993800e+02  4.776025266e-01  4.159564484e-03  2.634232670e-02  6.821415595e-03 -1.869887183e+01 -9.479801514e+00  3.488448202e-03  1.874476339e-03  7.657406746e+00  9.999737356e-01  1.826351045e+00  9.970233949e-01
