11  2.069966882e-07
4 3  4.190985331e-01  1.333333333e+00  8.083087479e-01  5.051003666e-01  3.282963638e+08 -2.998952120e-02  3.543133928e+06  3.544795840e+02  1.406842270e+00  1.621155783e-03 -1.878127872e-02 -2.895061609e-02 -3.292043669e+00 -5.742225306e+00  8.287001627e-03  2.154476589e-03  9.948868429e-01  1.014783266e+00  2.729788641e+00
5 3  5.487480374e-01  1.666666667e+00  7.378246808e-01  5.051003666e-01  2.278569412e+08 -2.061444065e-02  3.543133928e+06  2.391807921e+02  1.293407471e+00  1.756527714e-03 -1.156108583e-02 -1.912854892e-02 -2.488289811e+00 -4.760242126e+00  8.304383327e-03  2.153217188e-03  1.052554136e+00  1.008878512e+00  2.842768036e+00
6 3  6.497107828e-01  2.000000000e+00  6.959184170e-01  5.051003666e-01  1.862186667e+08 -1.548919414e-02  3.543133928e+06  1.883477895e+02  1.304407079e+00  2.034431359e-03 -8.766747530e-03 -1.480292391e-02 -1.969262816e+00 -3.880840739e+00  8.493502425e-03  2.225890187e-03  1.136607599e+00  1.005434129e+00  2.795258798e+00
7 3  7.355938294e-01  2.333333333e+00  6.668763635e-01  5.051003666e-01  1.656482563e+08 -1.031983624e-02  3.543133928e+06  1.566225974e+02  1.325723037e+00  2.267856346e-03 -5.373295850e-03 -1.048456491e-02 -1.649265674e+00 -3.267166355e+00  8.702159536e-03  2.289390792e-03  1.232146982e+00  1.003149279e+00  2.706482221e+00
8 3  8.085966023e-01  2.666666667e+00  6.458240510e-01  5.051003666e-01  1.478314753e+08 -7.199316643e-03  3.543133928e+06  1.331128243e+02  1.322211611e+00  2.381597816e-03 -2.568199768e-03 -7.071249707e-03 -1.432608812e+00 -2.816901654e+00  8.753122788e-03  2.308887370e-03  1.345030256e+00  1.001537535e+00  2.599014672e+00
9 3  8.669800763e-01  3.000000000e+00  6.307022631e-01  5.051003666e-01  1.276488003e+08 -4.261611243e-03  3.543133928e+06  1.131693926e+02  1.257340207e+00  2.272456852e-03 -4.397854974e-05 -4.319774397e-03 -1.325748172e+00 -2.582028774e+00  8.496709197e-03  2.238954274e-03  1.491578055e+00  1.000386509e+00  2.474195485e+00
10 3  9.115232478e-01  3.333333333e+00  6.204572688e-01  5.051003666e-01  1.119132898e+08  4.964209874e-03  3.543133928e+06  9.678906849e+01  1.198422798e+00  2.927350770e-03  1.088756422e-02  3.232052254e-03 -1.049985064e+00 -4.865148127e+00  8.299091790e-03  2.167981849e-03  1.712815163e+00  9.995833973e-01  2.339302362e+00
11 3  9.567284758e-01  3.666666667e+00  3.939582772e-01  5.051003666e-01  4.294960796e+07  9.828791222e-03  3.543133928e+06  9.705608568e+01  1.170405419e+00  1.299134022e-02  6.072040446e-02  1.222736610e-02 -4.388046064e+01 -2.072786783e+01  8.576566542e-03  2.398445433e-03  2.009204986e+00  9.997001562e-01  2.232365751e+00
12 3  9.781504308e-01  4.000000000e+00  2.904984145e-01  5.051003666e-01  1.237421142e+07  1.643802589e-02  3.543133928e+06  1.014890535e+02  8.459033881e-01  8.515861816e-03  2.723748704e-02  9.326743880e-03 -1.667172006e+01 -8.760547722e+00  7.064622919e-03  2.211869960e-03  2.818400987e+00  9.998935332e-01  2.092559135e+00
13 3  9.889756169e-01  4.333333333e+00  2.606942521e-01  5.051003666e-01  6.462916978e+06  1.471325314e-02  3.543133928e+06  9.971335390e+01  6.644460819e-01  5.508939717e-03  1.710845072e-02  6.304091656e-03 -1.325910903e+01 -4.899436191e+00  6.011956237e-03  1.976025608e-03  4.439326895e+00  9.999283036e-01  1.953037892e+00
14 3  9.954949218e-01  4.666666667e+00  2.453322198e-01  5.051003666e-01  3.982227103e+06  1.339282144e-02  3.543133928e+06  9.509917176e+01  5.150509326e-01  3.262097839e-03  1.260775805e-02  4.532067988e-03 -1.196475620e+01 -3.334836197e+00  5.028272815e-03  1.691650026e-03  9.023810251e+00  9.999617133e-01  1.825550961e+00
