10  2.106513797e-07
4 3  4.512235464e-01  1.333333333e+00  7.238055338e-01  5.054066863e-01  3.850149618e+08 -2.913469925e-02  3.485886615e+06  4.166667132e+02  1.384328506e+00  1.427336127e-03 -1.710000622e-02 -2.684307464e-02 -3.772758415e+00 -5.014376843e+00  8.413374406e-03  2.157265677e-03  9.910286048e-01  1.015910607e+00  2.773851202e+00
5 3  5.893172823e-01  1.666666667e+00  6.448948236e-01  5.054066863e-01  2.593571314e+08 -2.178914625e-02  3.485886615e+06  2.769076826e+02  1.284245852e+00  1.680266166e-03 -1.166778689e-02 -1.990580247e-02 -2.518781891e+00 -5.333063366e+00  8.437936760e-03  2.165364236e-03  1.057629409e+00  1.008504062e+00  2.877085231e+00
6 3  6.929227859e-01  2.000000000e+00  6.041244553e-01  5.054066863e-01  2.003028733e+08 -1.364786897e-02  3.485886615e+06  2.189619066e+02  1.258850291e+00  1.907332226e-03 -6.230225138e-03 -1.313310719e-02 -1.835380941e+00 -4.727044000e+00  8.455333394e-03  2.200023841e-03  1.150763498e+00  1.004701223e+00  2.808448250e+00
7 3  7.767283628e-01  2.333333333e+00  5.789821101e-01  5.054066863e-01  1.719174151e+08 -7.591046072e-03  3.485886615e+06  1.818041298e+02  1.272335333e+00  2.162549605e-03 -1.369308191e-03 -7.381021312e-03 -1.482697275e+00 -4.111121378e+00  8.611218190e-03  2.257319441e-03  1.258076555e+00  1.002416830e+00  2.692249942e+00
8 3  8.491101313e-01  2.666666667e+00  5.599519107e-01  5.054066863e-01  1.445864568e+08 -7.435261285e-03  3.485886615e+06  1.508443194e+02  1.269359134e+00  2.350439126e-03 -1.350015187e-03 -6.625913330e-03 -1.333228649e+00 -3.490341397e+00  8.648363075e-03  2.284082054e-03  1.398542940e+00  1.000894778e+00  2.571333226e+00
9 3  8.996624630e-01  3.000000000e+00  5.758869532e-01  5.054066863e-01  1.079294764e+08  7.865355389e-03  3.485886615e+06  1.219143915e+02  1.054323741e+00  8.552436607e-04 -6.942711946e-04  5.090391890e-04  1.037844679e+01 -3.303730110e+00  7.669176011e-03  2.020219656e-03  1.617531926e+00  1.000015952e+00  2.419579640e+00
10 3  9.270671728e-01  3.333333333e+00  6.711641405e-01  5.054066863e-01  9.334314371e+07  1.820284846e-02  3.485886615e+06  1.000517351e+02  8.788574594e-01  1.265819364e-03  1.642024436e-03  6.774692820e-03  1.830019027e+01 -2.429076817e+00  6.782563621e-03  1.764320271e-03  2.051406555e+00  9.995237292e-01  2.242849924e+00
11 3  9.569087288e-01  3.666666667e+00  5.213421023e-01  5.054066863e-01  1.849407924e+08  7.510053660e-03  3.485886615e+06  9.773585483e+01  1.674902184e+00  1.067910823e-02  5.616844700e-02  1.602838956e-02 -6.308275844e+01  2.237785608e-01  1.064481119e-02  2.662136769e-03  2.439331591e+00  9.994199616e-01  2.104368310e+00
12 3  9.868482621e-01  4.000000000e+00  2.929277891e-01  5.054066863e-01  1.533169957e+07  2.085703142e-02  3.485886615e+06  1.093971263e+02  7.530151870e-01  8.754625711e-03  6.193367193e-02  9.035706857e-03 -2.201119813e+01 -2.834717363e+01  6.477355617e-03  1.966113913e-03  3.361832025e+00  9.998669368e-01  1.990248222e+00
13 3  9.942273656e-01  4.333333333e+00  2.669688239e-01  5.054066863e-01  5.109152067e+06  1.768891531e-02  3.485886615e+06  1.046150060e+02  5.066854091e-01  4.714404543e-03  2.884182367e-02  5.437293357e-03 -1.724229116e+01 -1.159406541e+01  4.925401077e-03  1.653267125e-03  5.956341749e+00  9.999735758e-01  1.851086813e+00
