10  2.060669249e-07
4 3  4.690352054e-01  1.333333333e+00  7.475804770e-01  5.055148369e-01  3.703344702e+08 -2.529033032e-02  3.564963779e+06  4.367251025e+02  1.385729122e+00  1.513858669e-03 -1.457478009e-02 -2.328746172e-02 -3.487457400e+00 -4.892515082e+00  8.535979355e-03  2.203057168e-03  9.930148757e-01  1.015776923e+00  2.834632686e+00
5 3  6.098622519e-01  1.666666667e+00  6.659845265e-01  5.055148369e-01  2.452189985e+08 -1.514271453e-02  3.564963779e+06  2.958432000e+02  1.263485065e+00  1.722254333e-03 -5.974971559e-03 -1.341121223e-02 -2.536769562e+00 -5.024699996e+00  8.437651745e-03  2.184584114e-03  1.063925102e+00  1.007804665e+00  2.925439433e+00
6 3  7.118622890e-01  2.000000000e+00  6.219453429e-01  5.055148369e-01  1.874634811e+08 -8.366795881e-03  3.564963779e+06  2.269265553e+02  1.217869742e+00  1.860739151e-03 -1.289817163e-03 -7.571952456e-03 -1.985928357e+00 -4.373466482e+00  8.376555491e-03  2.186514959e-03  1.165568317e+00  1.004126859e+00  2.835217093e+00
7 3  7.910335887e-01  2.333333333e+00  5.940556565e-01  5.055148369e-01  1.626732143e+08 -3.922096261e-03  3.564963779e+06  1.838882312e+02  1.223634884e+00  2.027836598e-03  2.022488174e-03 -3.501915029e-03 -1.683453857e+00 -3.769583727e+00  8.495808048e-03  2.221183017e-03  1.288805569e+00  1.002198893e+00  2.695279459e+00
8 3  8.592431114e-01  2.666666667e+00  5.749544604e-01  5.055148369e-01  1.389629886e+08 -3.803393593e-03  3.564963779e+06  1.554911403e+02  1.209091338e+00  2.039723553e-03  1.122738074e-03 -3.474654487e-03 -7.598995588e-01 -3.333629285e+00  8.422265138e-03  2.221096822e-03  1.451481609e+00  1.000866342e+00  2.558321702e+00
9 3  9.049552877e-01  3.000000000e+00  6.143067690e-01  5.055148369e-01  1.068072241e+08  1.275681889e-02  3.564963779e+06  1.284544682e+02  9.964778179e-01  1.523163470e-03 -3.413196730e-03  1.302212435e-03  1.654526391e+01 -3.139424973e+00  7.354763481e-03  1.944746208e-03  1.708190244e+00  9.999664693e-01  2.392891727e+00
10 3  9.296244843e-01  3.333333333e+00  7.354567386e-01  5.055148369e-01  9.525797092e+07  2.145943527e-02  3.564963779e+06  1.060800678e+02  8.359648953e-01  1.327113805e-03  1.731110168e-03  8.658908456e-03  2.179403593e+01 -2.149471661e+00  6.493939758e-03  1.700299839e-03  2.230203914e+00  9.994510522e-01  2.211169734e+00
11 3  9.708373646e-01  3.666666667e+00  3.986054122e-01  5.055148369e-01  1.014286054e+08  2.635165994e-02  3.564963779e+06  1.119705603e+02  1.356530712e+00  1.291384592e-02  1.054646584e-01  1.846569702e-02 -5.055997842e+01 -3.613185771e+01  9.467758188e-03  2.440358387e-03  2.415924957e+00  9.996153054e-01  2.099615126e+00
12 3  9.893287223e-01  4.000000000e+00  2.740498889e-01  5.055148369e-01  1.054323879e+07  2.368976581e-02  3.564963779e+06  1.171572497e+02  6.663508000e-01  7.177538485e-03  4.769575804e-02  9.630726744e-03 -2.377519639e+01 -2.001510105e+01  6.006849040e-03  1.886259848e-03  3.849478462e+00  9.999028169e-01  1.961869708e+00
13 3  9.958700201e-01  4.333333333e+00  2.476764861e-01  5.055148369e-01  4.158280439e+06  2.100734723e-02  3.564963779e+06  1.114698598e+02  4.751475149e-01  4.075336880e-03  2.601472116e-02  7.017017970e-03 -1.862862857e+01 -9.181491177e+00  4.747462477e-03  1.614177162e-03  7.827787053e+00  9.999733573e-01  1.823059039e+00
