13  2.357881468e-07
4 3  3.701631478e-01  1.333333333e+00  7.715324934e-01  5.087362013e-01  2.719129779e+08 -4.395145399e-02  3.155432650e+06  2.354801973e+02  1.350287361e+00  1.495612041e-03 -2.813631745e-02 -4.192465587e-02 -5.527862903e+00 -5.368247132e+00  7.640641886e-03  1.990445329e-03  9.913011444e-01  1.008088736e+00  2.662915842e+00
5 3  4.795086492e-01  1.666666667e+00  6.974429240e-01  5.087362013e-01  2.210673792e+08 -3.558091902e-02  3.155432650e+06  1.671962642e+02  1.296506050e+00  1.633780645e-03 -2.169329177e-02 -3.252792852e-02 -4.023763018e+00 -4.848347747e+00  7.842780844e-03  2.021728773e-03  1.039296987e+00  1.005636446e+00  2.752915851e+00
6 3  5.701197079e-01  2.000000000e+00  6.524298316e-01  5.087362013e-01  1.928715714e+08 -2.492228744e-02  3.155432650e+06  1.328377211e+02  1.335939938e+00  1.922240184e-03 -1.423484071e-02 -2.303311171e-02 -3.041747641e+00 -4.152753611e+00  8.139576465e-03  2.111477386e-03  1.110436772e+00  1.003901588e+00  2.722898394e+00
7 3  6.512200200e-01  2.333333333e+00  6.210667274e-01  5.087362013e-01  1.780574647e+08 -1.979513234e-02  3.155432650e+06  1.129780065e+02  1.392320767e+00  2.249111764e-03 -1.167917092e-02 -1.919227326e-02 -2.442406919e+00 -3.629421037e+00  8.448126430e-03  2.207561497e-03  1.186582650e+00  1.002441763e+00  2.662038584e+00
8 3  7.254818005e-01  2.666666667e+00  5.976684700e-01  5.087362013e-01  1.713422851e+08 -1.516605883e-02  3.155432650e+06  1.003985816e+02  1.445562198e+00  2.532736622e-03 -9.267964127e-03 -1.579601957e-02 -1.996984364e+00 -3.186059853e+00  8.744113519e-03  2.294788815e-03  1.263754250e+00  1.001171134e+00  2.591614169e+00
9 3  7.926358198e-01  3.000000000e+00  5.809302972e-01  5.087362013e-01  1.589376012e+08 -1.353475946e-02  3.155432650e+06  8.976735434e+01  1.452219130e+00  2.621067710e-03 -7.508763054e-03 -1.311859816e-02 -1.449373551e+00 -2.798797517e+00  8.816388760e-03  2.325700199e-03  1.351307863e+00  1.000120876e+00  2.514254110e+00
10 3  8.467520012e-01  3.333333333e+00  5.737231897e-01  5.087362013e-01  1.355922918e+08 -9.290156827e-03  3.155432650e+06  7.868373596e+01  1.344738493e+00  2.266863275e-03 -4.464240152e-03 -9.345532443e-03 -2.038460228e-01 -2.724606899e+00  8.381498634e-03  2.217152662e-03  1.463770098e+00  9.993946584e-01  2.415565101e+00
11 3  8.863688064e-01  3.666666667e+00  5.742204883e-01  5.087362013e-01  1.191391820e+08 -4.707551354e-03  3.155432650e+06  6.891826680e+01  1.269527975e+00  2.600858396e-03  3.155452329e-03 -4.103009328e-03 -7.618894197e-01 -3.713900221e+00  8.055787655e-03  2.130122301e-03  1.626147592e+00  9.989921474e-01  2.297784756e+00
12 3  9.214784360e-01  4.000000000e+00  5.388376382e-01  5.087362013e-01  1.093762257e+08 -9.862461293e-04  3.155432650e+06  6.146945909e+01  1.408458978e+00  7.124314725e-03  3.720558405e-02  9.121114479e-03 -1.782427574e+01 -9.588930317e+00  8.743022120e-03  2.314350520e-03  1.828835639e+00  9.989470638e-01  2.189635856e+00
13 3  9.614208058e-01  4.333333333e+00  3.077165540e-01  5.087362013e-01  3.450320666e+07  2.148516479e-02  3.155432650e+06  6.750095401e+01  1.198472684e+00  1.377762035e-02  7.787476348e-02  2.414448390e-02 -5.042611997e+01 -1.698576684e+01  8.399951443e-03  2.391126656e-03  2.072652881e+00  9.996714217e-01  2.110342434e+00
14 3  9.786393449e-01  4.666666667e+00  2.296529266e-01  5.087362013e-01  1.327430821e+07  2.779919362e-02  3.155432650e+06  7.184262197e+01  9.156005115e-01  8.926194018e-03  4.068077518e-02  1.699794739e-02 -2.017088449e+01 -8.642664093e+00  7.202802549e-03  2.214649077e-03  2.747446801e+00  9.998846785e-01  1.995124680e+00
15 3  9.883686209e-01  5.000000000e+00  2.061733089e-01  5.087362013e-01  7.486422033e+06  2.232199676e-02  3.155432650e+06  7.144789751e+01  7.467055294e-01  6.264637936e-03  2.601095546e-02  1.068420123e-02 -1.501484917e+01 -5.396750378e+00  6.316068930e-03  2.022735457e-03  4.005616292e+00  9.999209429e-01  1.880697058e+00
16 3  9.948772305e-01  5.333333333e+00  1.933701725e-01  5.087362013e-01  4.701494120e+06  1.804398935e-02  3.155432650e+06  6.940162036e+01  6.005740213e-01  4.110568267e-03  1.790927212e-02  6.373274501e-03 -1.290583421e+01 -3.816594639e+00  5.442174898e-03  1.785513047e-03  7.264007087e+00  9.999521771e-01  1.774819657e+00
