10  2.168357664e-07
4 3  4.305541165e-01  1.333333333e+00  7.285515228e-01  5.048957389e-01  2.960537413e+08 -2.702414447e-02  3.379621701e+06  3.326823696e+02  1.373709261e+00  1.749309616e-03 -1.318676738e-02 -2.508202193e-02 -4.212905976e+00 -6.301908050e+00  8.329092509e-03  2.155083632e-03  9.955045732e-01  1.015525007e+00  2.739833267e+00
5 3  5.612078011e-01  1.666666667e+00  6.491472489e-01  5.048957389e-01  2.044542377e+08 -2.129371953e-02  3.379621701e+06  2.387352270e+02  1.289500107e+00  1.859953089e-03 -1.159790171e-02 -1.937506730e-02 -2.873670330e+00 -4.550740213e+00  8.393739986e-03  2.188036926e-03  1.059042094e+00  1.009384723e+00  2.839724315e+00
6 3  6.628762944e-01  2.000000000e+00  6.058858985e-01  5.048957389e-01  1.651647839e+08 -1.561549039e-02  3.379621701e+06  1.848911047e+02  1.287766422e+00  2.030209099e-03 -8.785223266e-03 -1.461612829e-02 -2.119871402e+00 -3.496580142e+00  8.551271942e-03  2.244777693e-03  1.148996192e+00  1.005950023e+00  2.785629804e+00
7 3  7.489587348e-01  2.333333333e+00  5.779559738e-01  5.048957389e-01  1.504009396e+08 -8.288279314e-03  3.379621701e+06  1.532670940e+02  1.325377095e+00  2.239359773e-03 -3.591862900e-03 -8.338681443e-03 -1.658599682e+00 -2.846498862e+00  8.832358730e-03  2.322595061e-03  1.248981462e+00  1.003416436e+00  2.690957373e+00
8 3  8.235002572e-01  2.666666667e+00  5.591365168e-01  5.048957389e-01  1.365444014e+08 -5.723210465e-03  3.379621701e+06  1.330811632e+02  1.311429295e+00  2.215636845e-03 -1.639843746e-03 -5.621192778e-03 -1.261244870e+00 -2.382743878e+00  8.814737657e-03  2.325190963e-03  1.371191155e+00  1.001392234e+00  2.583709778e+00
9 3  8.797497456e-01  3.000000000e+00  5.488257336e-01  5.048957389e-01  1.152435447e+08 -1.958246427e-03  3.379621701e+06  1.145768160e+02  1.182011912e+00  1.837279710e-03  1.962751701e-03 -1.776397437e-03 -9.009841704e-01 -2.246878879e+00  8.224851090e-03  2.166220809e-03  1.552947210e+00  1.000221966e+00  2.450635871e+00
10 3  9.182859653e-01  3.333333333e+00  5.397112570e-01  5.048957389e-01  1.086930426e+08  1.782260120e-03  3.379621701e+06  9.701395213e+01  1.169629966e+00  2.361809678e-03  9.261949107e-03  2.976830597e-03 -3.017934169e+00 -2.983181983e+00  8.221832511e-03  2.133558715e-03  1.848172194e+00  9.997506784e-01  2.301099574e+00
11 3  9.501846467e-01  3.666666667e+00  4.891535608e-01  5.048957389e-01  8.360549465e+07  4.172705619e-03  3.379621701e+06  8.608577514e+01  1.144745110e+00  7.151931116e-03  5.516810725e-02  8.432249292e-03 -2.606813946e+01 -2.030872606e+01  8.336100757e-03  2.145282264e-03  2.306034746e+00  9.995540181e-01  2.164149958e+00
12 3  9.813594041e-01  4.000000000e+00  2.380304586e-01  5.048957389e-01  1.201400360e+07  2.169313799e-02  3.379621701e+06  1.011740262e+02  8.599019787e-01  9.856708015e-03  3.949873290e-02  1.233344934e-02 -2.514624082e+01 -1.198382667e+01  7.170970839e-03  2.224731104e-03  3.016495849e+00  9.998818619e-01  2.049563085e+00
13 3  9.914048535e-01  4.333333333e+00  2.079239657e-01  5.048957389e-01  5.342982642e+06  1.896134012e-02  3.379621701e+06  1.016155957e+02  6.134599131e-01  5.002884158e-03  2.350958493e-02  1.019847880e-02 -1.341847501e+01 -5.808429993e+00  5.692765857e-03  1.886185321e-03  5.008040603e+00  9.999956521e-01  1.911487920e+00
